1527228988.04	750	3.992552	3.307	668286	3208	-14.220099999999999
1527228989.93	750	6.112287	0.0	398865	1578	0.75
1527228991.49	750	8.537605	0.0	350812	1340	0.75
1527228993.1	750	10.936559	0.0	382355	1385	0.75
1527228994.93	750	13.100952	0.0	411561	1614	0.75
1527228997.02	750	15.004005	0.0	318564	1871	0.75
1527228999.98	750	16.041155	0.0	352642	2744	0.75
1527229004.69	750	16.251134	0.0	437162	3566	0.75
1527229008.63	750	15.337244	0.0	374758	3766	0.75
1527229012.11	750	15.949292	0.0	362795	3196	0.75
1527229014.36	750	17.704683	0.0	353220	1994	0.75
1527229017.23	750	18.810347	0.0	405134	2600	0.75
1527229019.35	750	20.684122	0.0	386351	1906	0.75
1527229021.05	750	22.973987	0.0	434409	1502	0.75
1527229025.53	1850	22.504352	0.0	821631	4162	0.75
1527229029.06	1850	23.001156	0.0	923170	3269	1.85
1527229034.47	1850	21.568458	0.0	966699	5155	1.85
1527229036.69	1850	23.3465	0.0	885714	1919	1.85
1527229038.28	1850	25.735549	0.0	987708	1382	1.85
1527229040.89	1850	27.154611	0.0	923755	2369	1.85
1527229050.66	1850	21.399688	0.0	891604	9527	1.85
1527229069.64	1850	7.691642	0.0	955231	17351	1.85
1527229070.47	300	9.50428	0.0	163927	442	-1.25
1527229071.66	750	12.389284	0.0	343800	940	0.3
1527229073.96	1850	14.069133	0.0	897976	2029	0.75
1527229076.56	1850	15.456771	0.0	905935	2396	1.85
1527229079.5	1850	16.517513	0.0	1076599	2730	1.85
1527229082.22	1850	17.78839	0.0	758197	2516	1.85
1527229089.24	1850	14.799975	0.0	972798	6745	1.85
1527229094.0	1850	14.030012	0.0	975811	4443	1.85
1527229104.59	1850	7.479442	0.0	873429	10338	1.85
1527229105.76	300	10.272244	0.0	157488	860	-1.25
1527229108.02	750	12.007908	0.0	369834	2017	0.3
1527229110.97	750	13.09878	0.0	412837	2636	0.75
1527229113.06	750	14.980482	0.0	401088	1853	0.75
1527229114.78	750	17.275405	0.0	365161	1450	0.75
1527229116.15	750	19.930778	0.0	321064	1103	0.75
1527229121.07	1850	18.960948	0.0	938587	4676	0.75
1527229124.92	1850	19.108454	0.0	908665	3600	1.85
1527229132.8	1850	15.223411	0.0	930577	7656	1.85
1527229147.56	1850	4.959658	0.0	858450	13936	1.85
1527229148.12	300	7.839856	0.0	161857	303	-1.25
1527229149.03	750	11.009679	0.0	372093	632	0.3
1527229151.76	1850	12.251934	0.0	973972	2493	0.75
1527229154.76	1850	13.259606	0.0	958994	2778	1.85
1527229156.7	1850	15.326153	0.0	982064	1705	1.85
1527229158.08	1850	17.93468	0.0	830730	1179	1.85
1527229160.31	1850	19.715555	0.0	846370	1991	1.85
1527229161.5	1850	20.210321	0.0	598850	971	1.85
