1527224871.12	750	4	5.418	668286	5284	-23.297399999999996
1527224871.86	300	7.337536	0.0	155580	314	-0.15000000000000002
1527224872.38	300	10.824972	0.0	139857	200	0.3
1527224872.93	300	14.256706	0.0	155432	261	0.3
1527224873.5	300	17.658642	0.0	163442	259	0.3
1527224878.85	2850	17.340578	0.0	1224260	3894	0.30000000000000027
1527224882.26	2850	16.877248	0.0	1388403	3094	2.85
1527224892.14	2850	11.034603	0.0	1638769	9484	2.85
1527224894.51	1850	12.659736	0.0	852833	1966	0.8500000000000001
1527224896.62	1850	14.558576	0.0	913888	1813	1.85
1527224902.93	1850	12.244729	0.0	939819	6036	1.85
1527224910.35	1850	8.896718	0.0	917428	6989	1.85
1527224934.28	300	4.312631	9.348	160746	17559	-41.446400000000004
1527224942.05	300	3.998099	7.519	179801	5307	-32.0317
1527224945.61	300	4.471431	0.0	140051	3193	0.3
1527224947.32	300	6.748264	0.0	138313	1403	0.3
1527224949.35	300	9.558944	0.0	143509	831	0.3
1527224949.96	300	12.166747	0.0	150616	272	0.3
1527224950.64	300	15.452311	0.0	165384	376	0.3
1527224951.81	750	18.247177	0.0	350713	443	0.3
1527224952.68	750	21.387703	0.0	386472	577	0.75
1527224955.29	2850	22.764367	0.0	1468126	2058	0.75
1527224958.37	4300	23.705639	0.0	2221506	2686	2.8499999999999996
1527224987.87	4300	4.261117	6.004	2044075	29135	-21.5172
1527224992.65	300	4.293263	0.793	146754	3326	-7.1099
1527224993.56	300	7.339982	0.0	153938	559	0.3
1527224994.94	300	9.976941	0.0	181901	1009	0.3
1527224995.76	300	13.14313	0.0	111155	447	0.3
1527224997.09	300	15.813154	0.0	153605	1011	0.3
1527224998.12	300	18.795695	0.0	149029	681	0.3
1527225000.2	1200	20.680002	0.0	570392	1787	0.29999999999999993
1527225005.24	1850	19.642304	0.0	954453	3934	1.2000000000000002
1527225010.57	1850	18.32821	0.0	885062	4993	1.85
1527225015.48	1850	17.403194	0.0	1035329	4528	1.85
1527225027.86	1850	9.083701	0.0	1026056	11987	1.85
1527225032.24	300	10.882103	0.0	159914	668	-1.25
1527225033.07	300	11.848526	0.0	131610	460	0.3
1527225033.78	300	15.163073	0.0	124011	343	0.3
1527225034.55	300	18.339913	0.0	144254	468	0.3
1527225035.51	300	21.381576	0.0	149991	632	0.3
1527225039.95	1850	20.930567	0.0	858450	4109	0.30000000000000004
1527225045.83	1850	19.094486	0.0	1025005	5508	1.85
1527225049.88	1850	19.036768	0.0	886255	3737	1.85
1527225053.77	1850	19.109658	0.0	973972	3586	1.85
1527225061.53	1850	15.36552	0.0	958994	7423	1.85
1527225069.91	1850	11.010999	0.0	982064	7910	1.85
1527225075.73	1850	9.156022	0.0	830730	5530	1.85
1527225080.02	1850	8.868578	0.0	846370	3870	1.85
1527225083.99	1850	6.831421	0.0	598850	3468	1.85
