1527223090.98	750	3.996875	12.353	668286	12260	-53.11789999999999
1527223092.08	300	6.875484	0.0	155580	685	-0.15000000000000002
1527223092.79	300	10.177599	0.0	139857	375	0.3
1527223093.33	300	13.627463	0.0	155432	239	0.3
1527223093.84	300	17.12631	0.0	163442	201	0.3
1527223094.37	300	20.570318	0.0	126289	248	0.3
1527223095.98	1850	22.965866	0.0	905515	1247	0.30000000000000004
1527223099.46	4300	23.518808	0.0	2290172	3057	1.8499999999999996
1527223102.77	4300	24.177654	0.0	2055469	2983	4.3
1527223136.18	4300	4.498255	9.725	2169201	33084	-37.517500000000005
1527223137.3	300	7.462645	0.0	141840	640	-3.7
1527223139.32	300	9.440039	0.0	156148	1580	0.3
1527223140.63	300	12.052874	0.0	160746	979	0.3
1527223141.69	300	15.001677	0.0	179801	764	0.3
1527223142.47	300	18.239569	0.0	140051	436	0.3
1527223143.25	300	21.4376	0.0	138313	465	0.3
1527223143.98	300	24.708443	0.0	143509	436	0.3
1527223147.76	1850	24.948971	0.0	885714	3453	0.30000000000000004
1527223153.8	1850	22.883588	0.0	987708	5740	1.85
1527223158.18	1850	22.526846	0.0	923755	4044	1.85
1527223169.88	1850	15.151332	0.0	891604	11021	1.85
1527223172.05	750	16.574926	0.0	399894	1749	-0.3500000000000001
1527223173.8	750	18.882882	0.0	401853	1441	0.75
1527223175.56	750	21.200013	0.0	343800	1377	0.75
1527223177.06	750	23.648702	0.0	359903	1140	0.75
1527223177.84	300	26.876065	0.0	153938	424	-0.15000000000000002
1527223183.37	1850	25.383408	0.0	1076599	5121	0.30000000000000004
1527223190.01	2850	22.697725	0.0	1141971	6190	1.85
1527223196.14	2850	20.536992	0.0	1498470	5756	2.85
1527223206.59	2850	14.092739	0.0	1561263	10132	2.85
1527223214.82	1850	9.864918	0.0	873429	7842	0.8500000000000001
1527223218.87	1200	9.809417	0.0	620283	3718	0.5499999999999999
1527223220.14	300	12.578177	0.0	143881	941	-0.6000000000000001
1527223221.53	300	15.409048	0.0	163444	857	0.3
1527223222.58	300	18.052295	0.0	179328	790	0.3
1527223223.28	300	21.3937	0.0	159914	418	0.3
1527223227.72	1850	21.018329	0.0	728962	4075	0.30000000000000004
1527223231.61	1850	21.100951	0.0	938587	3562	1.85
1527223235.37	1850	21.324149	0.0	908665	3434	1.85
1527223237.73	1850	22.954735	0.0	930577	2020	1.85
1527223239.87	1850	24.858577	0.0	858450	1801	1.85
1527223243.01	2850	25.683704	0.0	1527299	2794	1.85
1527223255.61	2850	18.400343	0.0	1343002	10954	2.85
1527223272.59	1850	4.440699	0.339	973972	16211	-0.6076999999999999
1527223275.53	300	5.581481	0.0	167025	2459	-1.25
1527223276.23	300	8.822743	0.0	160064	341	0.3
1527223276.81	300	12.227791	0.0	137507	303	0.3
1527223277.38	300	15.666943	0.0	118421	277	0.3
1527223277.95	300	16.77531	0.0	112270	281	0.3
