1527453263.79	750	3.991392	3.414	1728879	3322	-14.6802
1527453266.13	2850	5.668238	0.0	1431809	2081	0.75
1527453268.51	4300	7.247874	0.0	2177073	2093	2.8499999999999996
1527453270.86	4300	8.896972	0.0	2160877	2156	4.3
1527453274.86	4300	8.921083	0.0	2233056	3785	4.3
1527453279.22	4300	8.576039	0.0	1941625	4123	4.3
1527453283.04	4300	8.737925	0.0	2157535	3554	4.3
1527453287.9	4300	7.869152	0.0	2290172	4668	4.3
1527453288.01	2850	7.747902	0.0	2290172	4668	1.4000000000000001
1527453290.91	2850	8.858201	0.0	1348011	2634	2.85
1527453294.6	2850	9.171002	0.0	1429765	3487	2.85
1527453309.33	2850	6.5852	0.122	624282	2808	2.3254
1527453315.0	1850	4.907007	0.0	1036454	5369	0.8500000000000001
1527453315.11	1200	4.776357	0.0	1036454	5369	0.5499999999999999
1527453318.47	1200	5.489837	0.0	526950	3033	1.2
1527453321.41	1200	6.536166	0.0	587876	2673	1.2
1527453323.29	1200	8.618632	0.0	617242	1602	1.2
1527453326.58	1200	9.342849	0.0	581493	2986	1.2
1527453330.02	1200	9.888453	0.0	639204	3222	1.2
1527453332.55	1200	11.3727	0.0	586839	2266	1.2
1527453334.81	1200	13.095804	0.0	601738	1974	1.2
1527453334.94	1850	12.948689	0.0	601738	1974	1.2000000000000002
1527453335.05	1200	12.834469	0.0	601738	1974	0.5499999999999999
1527453335.18	1850	12.73147	0.0	601738	1974	1.2000000000000002
1527453338.76	1850	13.136391	0.0	955231	3358	1.85
1527453340.51	1850	15.397001	0.0	968026	1551	1.85
1527453342.12	1850	17.791397	0.0	874175	1373	1.85
1527453342.24	2850	17.660238	0.0	874175	1373	1.85
1527453344.57	2850	19.32926	0.0	1383735	2120	2.85
1527453344.71	4300	19.195675	0.0	1383735	2120	2.8499999999999996
1527453348.92	4300	18.973419	0.0	2105231	3991	4.3
1527453354.1	4300	17.85559	0.0	2395588	4896	4.3
1527453354.23	2850	17.672004	0.0	2395588	4896	1.4000000000000001
1527453355.94	2850	19.947789	0.0	1141971	1440	2.85
1527453358.58	2850	21.343421	0.0	1498470	2390	2.85
1527453362.07	2850	21.821623	0.0	1561263	3275	2.85
1527453363.55	2850	24.347933	0.0	1341201	1271	2.85
1527453363.66	4300	24.227666	0.0	1341201	1271	2.8499999999999996
1527453365.8	4300	26.170746	0.0	2147852	1845	4.3
1527453367.94	4300	27.96108	0.0	2191074	1911	4.3
1527453369.96	4300	29.930325	0.0	2286761	1802	4.3
1527453371.79	4300	32.093382	0.0	2307787	1628	4.3
1527453373.2	4300	34.696573	0.0	2143948	1210	4.3
1527453375.0	4300	36.895315	0.0	1919781	1609	4.3
1527453376.02	4300	39.878286	0.0	2147467	802	4.3
1527453377.21	4300	42.68915	0.0	2133870	980	4.3
1527453378.26	4300	45.632553	0.0	2146120	846	4.3
1527453379.13	4300	48.754132	0.0	2108491	676	4.3
1527453380.14	4300	51.767508	0.0	2184571	771	4.3
