1527449215.63	750	3.99621	0.371	668286	299	-1.5953
1527449216.85	4300	6.761143	0.0	2123065	925	0.75
1527449217.78	4300	9.827611	0.0	2177073	675	4.3
1527449218.95	4300	12.667018	0.0	2160877	926	4.3
1527449220.3	4300	15.312599	0.0	2233056	1098	4.3
1527449221.64	4300	17.982648	0.0	1941625	1013	4.3
1527449223.67	4300	19.992805	0.0	2157535	1670	4.3
1527449225.5	4300	22.168682	0.0	2290172	1523	4.3
1527449227.07	4300	24.592518	0.0	2055469	1286	4.3
1527449228.22	4300	27.428593	0.0	2169201	903	4.3
1527449229.18	4300	30.483315	0.0	2173522	685	4.3
1527449229.94	4300	33.716811	0.0	2102452	506	4.3
1527449230.79	4300	36.861046	0.0	2209463	613	4.3
1527449231.59	4300	40.06111	0.0	2275376	565	4.3
1527449232.43	4300	43.228826	0.0	2005399	566	4.3
1527449233.23	4300	46.414922	0.0	2152483	559	4.3
1527449234.18	4300	49.478355	0.0	2289689	691	4.3
1527449235.31	4300	52.338391	0.0	2059512	866	4.3
1527449237.39	4300	54.257926	0.0	2220726	1836	4.3
1527449239.59	4300	56.065956	0.0	2156729	1944	4.3
1527449241.46	4300	58.267846	0.0	2039773	1502	4.3
1527449245.09	4300	58.577243	0.0	2176469	3360	4.3
1527449248.05	4300	59.711031	0.0	2221506	2197	4.3
1527449252.12	4300	59.711095	0.0	2044075	2805	4.3
1527449255.84	4300	59.960934	0.0	2186790	2943	4.3
1527449259.82	4300	59.862581	0.0	2105231	3716	4.3
1527449266.59	4300	57.063056	0.0	2395588	6508	4.3
1527449270.64	4300	57.030044	0.0	1972048	3713	4.3
1527449274.81	4300	56.876874	0.0	2134614	3874	4.3
1527449279.75	4300	56.043963	0.0	2164140	4525	4.3
1527449285.78	4300	56.590054	0.0	2113193	3047	4.3
1527449295.15	4300	48.699084	0.0	2147852	8653	4.3
1527449301.99	4300	46.997634	0.0	2191074	5275	4.3
1527449307.95	4300	43.75239	0.0	2286761	5447	4.3
1527449309.4	4300	46.298832	0.0	2307787	1186	4.3
1527449311.36	4300	48.336432	0.0	2143948	1714	4.3
1527449312.73	4300	50.963966	0.0	1919781	1118	4.3
1527449314.55	4300	53.153421	0.0	2147467	1581	4.3
1527449316.87	4300	54.821805	0.0	2133870	2070	4.3
1527449319.7	4300	56.001285	0.0	2146120	2557	4.3
1527449322.33	4300	57.374484	0.0	2108491	2354	4.3
1527449325.88	4300	57.830716	0.0	2184571	3252	4.3
1527449328.45	4300	59.251854	0.0	2121928	2326	4.3
1527449332.62	4300	59.099722	0.0	2219102	3887	4.3
1527449337.15	4300	58.551062	0.0	2124950	4273	4.3
1527449342.9	4300	56.800148	0.0	2246506	5514	4.3
1527449346.79	4300	56.91288	0.0	1961140	3563	4.3
1527449350.19	4300	57.511695	0.0	2155012	3168	4.3
1527449353.61	4300	55.765874	0.0	1433658	3207	4.3
