1527463827.7	2850	39.043466	0.561	598850	1644	-2.4122999999999997
1527463832.82	750	3.968852	3.268	1728879	3670	-15.4024
1527463837.98	2850	4.472233	1.728	1431809	4893	-6.680399999999999
1527463855.78	1850	10.905888	0.243	437162	5879	-0.19489999999999985
1527463859.06	1200	11.648134	0.0	584846	2908	0.5499999999999999
1527463863.7	1200	11.16318	0.0	560821	4274	1.2
1527463874.82	1200	55.926111	0.0	137654	700	1.2
1527463874.96	1200	55.763735	0.0	137654	700	1.2
1527463879.38	1200	55.377485	0.0	587236	4153	1.2
1527463881.25	1200	57.459312	0.0	590335	1661	1.2
1527463883.17	1200	59.709089	0.0	696376	1203	1.2
1527463883.31	1850	59.417893	0.0	696376	1203	1.2000000000000002
1527463886.86	1850	59.959388	0.0	758197	1820	1.85
1527463891.17	1850	59.708361	0.0	972798	2993	1.85
1527463891.35	2850	59.398229	0.0	972798	2993	1.85
1527463895.88	2850	58.840978	0.0	1561263	4314	2.85
1527463896.0	1850	58.71659	0.0	1561263	4314	0.8500000000000001
1527463900.48	1850	58.24709	0.0	873429	4243	1.85
1527463903.87	1850	58.842266	0.0	954453	3155	1.85
1527463906.92	1850	59.958979	0.0	885062	2292	1.85
1527463913.54	1850	57.189395	0.0	1035329	6352	1.85
1527463917.38	1850	57.335294	0.0	1026056	3575	1.85
1527463920.95	1850	57.781151	0.0	943942	3315	1.85
1527463924.13	1850	58.574011	0.0	728962	2993	1.85
1527463931.93	1850	54.80847	0.0	938587	7496	1.85
1527463932.05	1200	54.650541	0.0	938587	7496	0.5499999999999999
1527463934.14	1200	56.753791	0.0	605884	1626	1.2
1527463936.26	1200	58.474473	0.0	587506	1744	1.2
1527463948.04	1200	50.72263	0.0	566904	11501	1.2
1527463985.96	1200	16.792861	0.0	161857	11817	1.2
1527463986.26	1200	16.60937	0.0	161857	11817	1.2
1527463986.74	750	16.042328	0.0	161857	11817	0.3
1527463986.95	300	15.806742	0.0	161857	11817	-0.15000000000000002
1527463990.83	300	16.096773	0.0	145210	3105	0.3
1527463991.84	300	19.02336	0.0	172312	651	0.3
1527463993.51	300	22.206407	0.0	167025	458	0.3
1527463994.33	750	21.035171	0.0	167025	458	0.3
1527463994.6	1200	20.237172	0.0	167025	458	0.75
1527463994.84	1850	19.960863	0.0	167025	458	1.2000000000000002
1527463997.82	1850	20.978417	0.0	982064	2602	1.85
1527464000.37	1850	22.419351	0.0	830730	2226	1.85
1527464002.48	1850	24.230877	0.0	846370	1877	1.85
1527464004.39	1850	24.049487	0.0	598850	1672	1.85
1527464114.68	750	3.994485	1.147	1034108	6802	-5.2821
1527464117.96	750	4.729549	0.0	398865	2893	0.75
1527464119.9	750	6.770179	0.0	350812	1673	0.75
1527464121.27	750	9.397239	0.0	382355	1153	0.75
1527464123.83	1200	10.822338	0.0	652874	2244	0.75
1527464126.22	1200	12.444458	0.0	520315	2152	1.2
1527464130.32	1200	12.339482	0.0	561791	3823	1.2
1527464133.81	1200	12.857022	0.0	709534	3262	1.2
1527464136.34	1200	14.328453	0.0	584846	2291	1.2
1527464144.95	1200	10.287863	0.0	560821	7787	1.2
1527464159.46	1200	51.241585	0.0	137654	523	1.2
1527464159.65	1200	51.091471	0.0	137654	523	1.2
1527464163.29	1200	51.441842	0.0	587236	3345	1.2
1527464166.34	1200	52.358949	0.0	590335	2809	1.2
1527464169.88	1200	52.833695	0.0	696376	3299	1.2
1527464171.87	1200	54.836681	0.0	487160	1748	1.2
1527464174.43	1200	56.268476	0.0	622896	2289	1.2
1527464177.35	1200	57.38364	0.0	641447	2593	1.2
1527464182.61	1200	56.092763	0.0	570392	4843	1.2
1527464187.22	1200	55.497105	0.0	620283	4304	1.2
1527464193.25	1200	53.466546	0.0	584349	5689	1.2
1527464197.71	1200	53.039338	0.0	670129	4152	1.2
1527464201.07	1200	53.62328	0.0	690253	2966	1.2
1527464204.7	1200	54.019774	0.0	598727	3384	1.2
1527464206.98	1200	55.731274	0.0	487812	1976	1.2
1527464209.45	1200	57.26647	0.0	575591	2169	1.2
1527464211.46	1200	59.30564	0.0	605884	1705	1.2
1527464215.0	1200	59.72838	0.0	587506	2228	1.2
1527464218.96	1200	59.976775	0.0	566904	1135	1.2
1527464219.13	1850	59.578867	0.0	566904	1135	1.2000000000000002
1527464223.15	1850	59.728206	0.0	1025005	2693	1.85
1527464246.09	1850	43.771353	0.0	372093	9063	1.85
1527464246.21	1850	40.440041	0.0	372093	9063	1.85
1527464332.98	750	3.991004	-4.561	450283	1456	19.262299999999996
1527464335.93	1850	4.984872	0.0	957685	2644	0.75
1527464337.65	1850	7.266041	0.0	877771	1461	1.85
1527464340.97	2850	7.950417	0.0	1520281	2991	1.85
1527464343.76	2850	9.14481	0.0	1472558	2550	2.85
1527464346.02	2850	10.932523	0.0	1224260	2005	2.85
1527464348.06	2850	12.880079	0.0	1388403	1807	2.85
1527464351.58	4300	13.385715	0.0	2290172	3159	2.8499999999999996
1527464354.91	4300	14.071808	0.0	2055469	3073	4.3
1527464359.23	4300	13.719636	0.0	2169201	4052	4.3
1527464363.27	4300	13.682064	0.0	2173522	3794	4.3
1527464367.27	4300	13.974054	0.0	2102452	3479	4.3
1527464367.34	2850	13.586503	0.0	2102452	3479	1.4000000000000001
1527464374.41	2850	10.586639	0.0	1422919	6816	2.85
1527464376.68	2850	12.301584	0.0	1578343	1935	2.85
1527464378.37	2850	14.597318	0.0	1231445	1491	2.85
1527464378.49	4300	14.481933	0.0	1231445	1491	2.8499999999999996
1527464381.28	4300	15.712924	0.0	2152483	2549	4.3
1527464384.26	4300	16.715306	0.0	2289689	2759	4.3
1527464392.12	4300	12.871961	0.0	2059512	7601	4.3
1527464412.33	4300	12.653062	0.0	163927	2424	4.3
1527464413.74	300	15.282478	0.0	137654	1151	-3.7
1527464415.23	300	17.808011	0.0	146754	1230	0.3
1527464415.42	750	17.576354	0.0	146754	1230	0.3
1527464415.62	300	17.399658	0.0	146754	1230	-0.15000000000000002
1527464415.77	750	17.231853	0.0	146754	1230	0.3
1527464418.3	750	18.681289	0.0	379700	2280	0.75
1527464421.09	750	19.917695	0.0	425781	2533	0.75
1527464423.05	750	21.937828	0.0	277716	1723	0.75
1527464428.04	750	20.984738	0.0	400396	4715	0.75
1527464432.01	750	20.998086	0.0	400508	3613	0.75
1527464433.93	750	23.084081	0.0	358218	1652	0.75
1527464436.24	750	24.754873	0.0	400322	2080	0.75
1527464437.9	750	27.075159	0.0	369834	1413	0.75
1527464440.63	1200	28.347649	0.0	670129	2454	0.75
1527464443.3	1200	29.687721	0.0	690253	2421	1.2
1527464445.53	1200	31.457058	0.0	598727	1982	1.2
1527464445.66	1850	31.320949	0.0	598727	1982	1.2000000000000002
1527464448.59	1850	32.4001	0.0	728962	2704	1.85
1527464452.27	1850	32.70572	0.0	938587	3468	1.85
1527464459.56	1850	29.529809	0.0	908665	6964	1.85
1527464459.71	1200	29.292121	0.0	908665	6964	0.5499999999999999
1527464464.9	1200	28.11912	0.0	587506	4836	1.2
