1527452631.23	750	4	1.162	2354772	1063	-4.996599999999999
1527452632.26	4300	6.966326	0.0	2123065	811	0.75
1527452633.24	4300	9.986984	0.0	2177073	735	4.3
1527452634.37	4300	12.842173	0.0	2160877	953	4.3
1527452635.56	4300	15.645686	0.0	2233056	989	4.3
1527452636.4	4300	18.819158	0.0	1941625	661	4.3
1527452637.45	4300	21.783761	0.0	2157535	850	4.3
1527452638.58	4300	24.645428	0.0	2290172	944	4.3
1527452639.65	4300	27.589654	0.0	2055469	857	4.3
1527452640.63	4300	30.593521	0.0	2169201	772	4.3
1527452642.12	4300	33.095062	0.0	2173522	1291	4.3
1527452643.67	4300	35.551619	0.0	2102452	1336	4.3
1527452644.79	4300	38.428825	0.0	2209463	931	4.3
1527452646.26	4300	40.949451	0.0	2275376	1282	4.3
1527452647.22	4300	43.997641	0.0	2005399	776	4.3
1527452648.35	4300	46.869812	0.0	2152483	937	4.3
1527452649.6	4300	49.616718	0.0	2289689	1077	4.3
1527452651.06	4300	52.156651	0.0	2059512	1267	4.3
1527452652.1	4300	55.132654	0.0	2220726	845	4.3
1527452653.19	4300	58.031029	0.0	2156729	901	4.3
1527452655.5	4300	59.750708	0.0	2039773	620	4.3
1527452659.77	4300	59.500461	0.0	2176469	584	4.3
1527452663.75	4300	59.678476	0.0	2221506	1156	4.3
1527452667.45	4300	59.928808	0.0	2044075	2001	4.3
1527452671.55	4300	59.928797	0.0	2186790	1919	4.3
1527452675.73	4300	59.679359	0.0	2105231	1951	4.3
1527452679.36	4300	59.92939	0.0	2395588	2905	4.3
1527452683.59	4300	59.927718	0.0	1972048	2489	4.3
1527452687.39	4300	59.927471	0.0	2134614	2082	4.3
1527452699.51	4300	59.929296	0.0	620283	634	4.3
1527452699.63	4300	59.640164	0.0	620283	634	4.3
1527452703.62	4300	59.679442	0.0	2191074	1780	4.3
1527452707.59	4300	59.929178	0.0	2286761	1239	4.3
1527452711.74	4300	59.679262	0.0	2307787	2950	4.3
1527452715.75	4300	59.679197	0.0	2143948	3317	4.3
1527452719.6	4300	59.679283	0.0	1919781	2158	4.3
1527452723.9	4300	59.501088	0.0	2147467	2083	4.3
1527452727.9	4300	59.502916	0.0	2133870	1792	4.3
1527452731.76	4300	59.753156	0.0	2146120	1144	4.3
1527452735.59	4300	59.753012	0.0	2108491	1119	4.3
1527452739.99	4300	59.502775	0.0	2184571	728	4.3
1527452743.82	4300	59.502529	0.0	2121928	630	4.3
1527452747.98	4300	59.50149	0.0	2219102	971	4.3
1527452751.81	4300	59.503479	0.0	2124950	593	4.3
1527452755.7	4300	59.753471	0.0	2246506	695	4.3
1527452760.03	4300	59.502877	0.0	1961140	626	4.3
1527452764.02	4300	59.50306	0.0	2155012	780	4.3
1527452765.05	4300	59.919457	0.0	1433658	854	4.3
1527452832.33	750	3.997908	-0.615	450283	471	-0.15549999999999997
1527452834.83	4300	5.491398	0.0	2123065	2226	0.75
1527452837.64	4300	6.696634	0.0	2177073	2602	4.3
1527452839.29	4300	9.032611	0.0	2160877	1453	4.3
1527452840.82	4300	11.511229	0.0	2233056	1303	4.3
1527452842.38	4300	14.098046	0.0	1941625	1325	4.3
1527452843.8	4300	16.652633	0.0	2157535	1185	4.3
1527452845.36	4300	19.093693	0.0	2290172	1340	4.3
1527452846.75	4300	21.72109	0.0	2055469	1175	4.3
1527452848.03	4300	24.417686	0.0	2169201	1054	4.3
1527452849.17	4300	27.279216	0.0	2173522	878	4.3
1527452850.17	4300	30.262385	0.0	2102452	811	4.3
1527452851.13	4300	33.305161	0.0	2209463	745	4.3
1527452852.09	4300	36.347148	0.0	2275376	767	4.3
1527452853.17	4300	39.303641	0.0	2005399	842	4.3
1527452853.98	4300	42.46372	0.0	2152483	619	4.3
1527452854.75	4300	45.682305	0.0	2289689	577	4.3
1527452855.98	4300	48.527944	0.0	2059512	963	4.3
1527452858.67	4300	49.766107	0.0	2220726	2507	4.3
1527452861.29	4300	51.158158	0.0	2156729	2409	4.3
1527452863.15	4300	53.28719	0.0	2039773	1670	4.3
1527452865.22	4300	55.214203	0.0	2176469	1891	4.3
1527452867.31	4300	57.14478	0.0	2221506	1872	4.3
1527452869.61	4300	58.833002	0.0	2044075	2115	4.3
1527452872.69	4300	59.939078	0.0	2186790	2357	4.3
1527452884.44	4300	51.996584	0.0	2105231	11529	4.3
1527452888.01	4300	52.447577	0.0	2395588	3310	4.3
1527452890.81	4300	53.630551	0.0	1972048	2608	4.3
1527452894.67	4300	53.786711	0.0	2134614	3630	4.3
1527452900.36	4300	52.105552	0.0	2164140	5401	4.3
1527452912.59	2850	59.939092	0.0	690253	1434	1.4000000000000001
1527452912.73	2850	59.734633	0.0	690253	1434	2.85
1527452916.73	2850	59.937686	0.0	1439896	2286	2.85
1527452920.99	2850	59.689306	0.0	1139291	2512	2.85
1527452924.52	2850	59.938501	0.0	1499009	2814	2.85
1527452928.63	2850	59.938839	0.0	1427478	2396	2.85
1527452932.98	2850	59.688922	0.0	1402287	2626	2.85
1527452937.68	2850	58.788766	0.0	1339500	4480	2.85
1527452941.37	2850	59.08074	0.0	1527299	3463	2.85
1527452979.34	2850	30.158601	0.0	634861	22544	2.85
1527452982.9	1850	29.503428	0.0	958994	3277	0.8500000000000001
1527452984.32	1850	32.116643	0.0	982064	1239	1.85
1527452984.99	1850	35.441572	0.0	830730	484	1.85
1527452985.12	2850	35.330195	0.0	830730	484	1.85
1527452985.23	4300	35.205786	0.0	830730	484	2.8499999999999996
1527452987.35	4300	37.078577	0.0	2155012	1940	4.3
1527452988.45	4300	37.674873	0.0	1433658	917	4.3
1527453112.8	750	3.995309	5.485	2354772	5948	-26.3855
1527453114.88	2850	5.919205	0.0	1431809	1779	0.75
1527453115.04	4300	5.7937	0.0	1431809	1779	2.8499999999999996
1527453119.36	4300	5.517262	0.0	2177073	4049	4.3
1527453124.27	4300	4.650588	0.0	2160877	4538	4.3
1527453136.13	4300	4.498008	3.74	2233056	7559	-11.782
1527453141.15	2850	4.279967	4.51	1224260	4056	-17.993
1527453145.3	1850	4.332093	0.151	905515	3393	0.2007000000000001
1527453147.81	1850	5.712389	0.0	1060487	1911	1.85
1527453151.01	1850	8.061871	0.0	852833	1046	1.85
1527453151.08	2850	6.090221	0.0	852833	1046	1.85
1527453152.13	2850	9.313226	0.0	1429765	580	2.85
1527453152.21	4300	8.967256	0.0	1429765	580	2.8499999999999996
1527453153.97	4300	11.263707	0.0	2173522	1551	4.3
1527453155.51	4300	13.708384	0.0	2102452	1311	4.3
1527453157.33	4300	15.884802	0.0	2209463	1630	4.3
1527453159.62	4300	17.618283	0.0	2275376	2081	4.3
1527453161.82	4300	19.412857	0.0	2005399	1974	4.3
1527453164.61	4300	20.60908	0.0	2152483	2584	4.3
1527453168.06	4300	21.162433	0.0	2289689	3252	4.3
1527453170.93	4300	22.317505	0.0	2059512	2654	4.3
1527453174.27	4300	22.964122	0.0	2220726	3096	4.3
1527453178.62	4300	22.600636	0.0	2156729	4148	4.3
1527453182.97	4300	22.327245	0.0	2039773	4068	4.3
1527453188.54	4300	20.686489	0.0	2176469	5293	4.3
1527453188.67	2850	20.560575	0.0	2176469	5293	1.4000000000000001
1527453191.38	2850	21.846734	0.0	1505760	2459	2.85
1527453193.33	2850	23.884635	0.0	1323990	1765	2.85
1527453196.21	2850	25.013081	0.0	1383735	2682	2.85
1527453199.96	2850	25.269808	0.0	1480464	3533	2.85
1527453203.32	2850	25.936442	0.0	1547572	3160	2.85
1527453205.73	2850	27.513837	0.0	1141971	2164	2.85
1527453208.08	2850	29.164735	0.0	1498470	2173	2.85
1527453211.17	2850	30.096978	0.0	1561263	2871	2.85
1527453215.05	2850	30.205487	0.0	1341201	3662	2.85
1527453219.95	2850	29.29662	0.0	1497683	4700	2.85
1527453222.7	2850	30.547086	0.0	1358081	2529	2.85
1527453227.77	2850	29.471468	0.0	1587293	4867	2.85
1527453231.98	2850	29.278572	0.0	1492672	3936	2.85
1527453236.0	2850	29.238092	0.0	1439896	3843	2.85
1527453236.12	1850	29.130002	0.0	1439896	3843	0.8500000000000001
1527453237.81	1850	31.490376	0.0	728962	1450	1.85
1527453240.63	1850	32.638692	0.0	938587	2567	1.85
1527453243.54	1850	33.736289	0.0	908665	2672	1.85
1527453247.0	1850	34.264862	0.0	930577	3211	1.85
1527453248.61	1850	36.657893	0.0	858450	1358	1.85
1527453248.72	2850	36.52789	0.0	858450	1358	1.85
1527453252.6	2850	36.64539	0.0	1527299	3643	2.85
1527453255.73	2850	37.530656	0.0	1343002	2939	2.85
