1527449076.78	750	4	1.436	668286	1353	-6.1748
1527449079.13	1850	5.6538	0.0	957685	2050	0.75
1527449080.94	1850	7.89105	0.0	877771	1514	1.85
1527449083.84	2850	8.961862	0.0	1520281	2530	1.85
1527449088.42	4300	8.36924	0.0	2233056	4216	2.8499999999999996
1527449094.44	4300	6.331114	0.0	1941625	5788	4.3
1527449096.94	1850	7.845621	0.0	905515	2167	-0.6000000000000001
1527449108.14	1850	4.407475	3.75	1060487	10909	-14.275
1527449109.14	300	7.401462	0.0	150710	655	-1.25
1527449110.19	300	10.353575	0.0	139105	781	0.3
1527449111.73	300	12.799863	0.0	141840	1276	0.3
1527449113.14	300	15.41157	0.0	156148	1146	0.3
1527449115.47	300	17.080474	0.0	160746	2019	0.3
1527449117.79	300	18.767046	0.0	179801	2052	0.3
1527449135.75	300	5.803582	0.0	140051	14836	0.3
1527449136.81	300	7.675802	0.0	138313	821	0.3
1527449138.02	300	10.509899	0.0	143509	867	0.3
1527449138.57	300	13.964479	0.0	150616	318	0.3
1527449139.09	300	17.447589	0.0	165384	288	0.3
1527449139.59	300	20.941968	0.0	140881	260	0.3
1527449140.83	1850	23.706185	0.0	891604	1000	0.30000000000000004
1527449142.15	2850	26.379219	0.0	1468126	1075	1.85
1527449144.59	4300	27.936642	0.0	2221506	2196	2.8499999999999996
1527449145.78	4300	30.751921	0.0	2044075	948	4.3
1527449147.05	4300	33.484	0.0	2186790	1011	4.3
1527449148.24	4300	36.296901	0.0	2105231	930	4.3
1527449150.07	4300	38.457795	0.0	2395588	1577	4.3
1527449151.51	4300	41.025742	0.0	1972048	1194	4.3
1527449153.13	4300	43.410647	0.0	2134614	1373	4.3
1527449155.13	4300	45.405997	0.0	2164140	1757	4.3
1527449156.63	4300	47.921376	0.0	2113193	1235	4.3
1527449157.91	4300	50.634837	0.0	2147852	1018	4.3
1527449159.08	4300	53.455274	0.0	2191074	911	4.3
1527449160.06	4300	56.477748	0.0	2286761	725	4.3
1527449161.11	4300	59.419835	0.0	2307787	770	4.3
1527449164.94	4300	59.835495	0.0	2143948	505	4.3
1527449169.15	4300	59.586115	0.0	1919781	958	4.3
1527449173.17	4300	59.585942	0.0	2147467	1762	4.3
1527449176.8	4300	59.835155	0.0	2133870	1371	4.3
1527449181.15	4300	59.585011	0.0	2146120	1614	4.3
1527449185.01	4300	59.585991	0.0	2108491	1121	4.3
1527449189.02	4300	59.583496	0.0	2184571	1237	4.3
1527449193.01	4300	59.584925	0.0	2121928	1261	4.3
1527449196.79	4300	59.835997	0.0	2219102	1036	4.3
1527449201.18	4300	59.585253	0.0	2124950	1128	4.3
1527449205.21	4300	59.585361	0.0	2246506	1294	4.3
1527449209.19	4300	59.585145	0.0	1961140	1252	4.3
1527449212.91	4300	59.836063	0.0	2155012	1498	4.3
1527449214.6	4300	59.764822	0.0	1433658	968	4.3
