1527222844.04	750	3.999277	1.699	668286	1527	-7.3057
1527222846.24	1850	5.7939	0.0	957685	1731	0.75
1527222848.68	1850	7.355563	0.0	877771	2062	1.85
1527222851.46	1850	8.588384	0.0	933276	2429	1.85
1527222855.29	2850	8.758253	0.0	1472558	3315	1.85
1527222859.96	2850	8.060861	0.0	1224260	4287	2.85
1527222864.66	1850	7.381483	0.0	905515	4324	0.8500000000000001
1527222865.92	300	10.134959	0.0	173849	805	-1.25
1527222866.81	300	13.245538	0.0	150710	540	0.3
1527222867.83	300	16.228824	0.0	139105	597	0.3
1527222870.21	750	17.829174	0.0	353220	1925	0.3
1527222872.13	300	19.946919	0.0	156148	1519	-0.15000000000000002
1527222876.53	300	20.404568	0.0	160746	884	0.3
1527222877.73	300	22.2416	0.0	179801	892	0.3
1527222879.44	750	24.590914	0.0	337059	1328	0.3
1527222880.84	300	27.206802	0.0	138313	993	-0.15000000000000002
1527222881.98	300	30.052382	0.0	143509	784	0.3
1527222888.24	1850	27.772563	0.0	885714	5940	0.30000000000000004
1527222890.38	1850	29.673094	0.0	987708	1731	1.85
1527222896.35	1850	27.681093	0.0	923755	5628	1.85
1527222902.06	1850	25.98392	0.0	891604	5352	1.85
1527222904.38	1850	27.64842	0.0	955231	1922	1.85
1527222907.23	1850	28.787192	0.0	968026	2544	1.85
1527222911.09	2850	28.949789	0.0	1323990	3507	1.85
1527222915.24	2850	28.770955	0.0	1383735	3829	2.85
1527222919.77	2850	28.245918	0.0	1480464	4205	2.85
1527222927.5	4300	24.512412	0.0	2395588	7308	2.8499999999999996
1527222933.23	4300	22.816861	0.0	1972048	5296	4.3
1527222941.96	4300	18.114773	0.0	2134614	8358	4.3
1527222954.07	4300	9.959694	0.0	2164140	11706	4.3
1527222957.05	1850	10.993331	0.0	873429	2566	-0.6000000000000001
1527222971.1	1850	4.37044	2.98	954453	13220	-10.964
1527223007.07	300	4.360469	32.432	143881	29970	-140.7076
1527223012.11	300	4.290626	0.953	163444	4653	-3.7978999999999994
1527223013.45	300	6.963737	0.0	179328	980	0.3
1527223014.98	300	10.056329	0.0	159914	471	0.3
1527223016.62	300	11.844759	0.0	131610	891	0.3
1527223017.14	300	15.235937	0.0	124011	198	0.3
1527223017.9	300	18.499059	0.0	144254	401	0.3
1527223019.9	1200	20.525112	0.0	587506	1613	0.29999999999999993
1527223022.42	1850	21.988141	0.0	858450	2157	1.2000000000000002
1527223025.13	1850	23.257711	0.0	1025005	2367	1.85
1527223030.2	1850	22.174175	0.0	886255	4766	1.85
1527223035.71	1850	20.65094	0.0	973972	5093	1.85
1527223038.05	1850	22.325816	0.0	958994	2018	1.85
1527223040.36	1850	24.020402	0.0	982064	1993	1.85
1527223048.78	2850	19.629063	0.0	1231456	8092	1.85
1527223075.56	2850	4.487367	5.555	1364537	24304	-21.0365
1527223076.39	300	3.158543	0.0	112270	495	-2.25
