1527453382.73	750	3.967685	1.018	2354772	851	-4.3774
1527453383.65	4300	7.031822	0.0	2123065	690	0.75
1527453384.96	4300	9.732123	0.0	2177073	1088	4.3
1527453385.96	4300	12.741193	0.0	2160877	773	4.3
1527453386.85	4300	15.842178	0.0	2233056	671	4.3
1527453387.62	4300	19.080657	0.0	1941625	517	4.3
1527453388.81	4300	21.877721	0.0	2157535	976	4.3
1527453389.81	4300	24.8799	0.0	2290172	803	4.3
1527453390.75	4300	27.93998	0.0	2055469	711	4.3
1527453392.32	4300	30.375847	0.0	2169201	1373	4.3
1527453393.12	4300	33.577252	0.0	2173522	578	4.3
1527453393.96	4300	36.752643	0.0	2102452	607	4.3
1527453394.78	4300	39.926912	0.0	2209463	604	4.3
1527453395.55	4300	43.170451	0.0	2275376	526	4.3
1527453396.46	4300	46.225699	0.0	2005399	702	4.3
1527453397.39	4300	49.299162	0.0	2152483	730	4.3
1527453398.27	4300	52.418502	0.0	2289689	691	4.3
1527453399.16	4300	55.535251	0.0	2059512	674	4.3
1527453400.08	4300	58.607789	0.0	2220726	691	4.3
1527453402.96	4300	59.750523	0.0	2156729	672	4.3
1527453406.99	4300	59.750149	0.0	2039773	797	4.3
1527453411.12	4300	59.750598	0.0	2176469	934	4.3
1527453415.11	4300	59.749665	0.0	2221506	738	4.3
1527453419.0	4300	59.749681	0.0	2044075	642	4.3
1527453423.09	4300	59.750373	0.0	2186790	844	4.3
1527453427.02	4300	59.750495	0.0	2105231	724	4.3
1527453431.21	4300	59.500283	0.0	2395588	986	4.3
1527453435.18	4300	59.749714	0.0	1972048	777	4.3
1527453439.32	4300	59.500514	0.0	2134614	926	4.3
1527453443.41	4300	59.500481	0.0	2164140	906	4.3
1527453447.37	4300	59.500418	0.0	2113193	702	4.3
1527453451.41	4300	59.499613	0.0	2147852	825	4.3
1527453455.39	4300	59.499811	0.0	2191074	757	4.3
1527453459.12	4300	59.750073	0.0	2286761	1000	4.3
1527453462.99	4300	59.749572	0.0	2307787	1157	4.3
1527453466.82	4300	59.999019	0.0	2143948	600	4.3
1527453471.41	4300	59.500451	0.0	1919781	862	4.3
1527453475.13	4300	59.750305	0.0	2147467	1012	4.3
1527453479.05	4300	59.750402	0.0	2133870	1721	4.3
1527453483.17	4300	59.750517	0.0	2146120	1414	4.3
1527453487.43	4300	59.500234	0.0	2108491	3058	4.3
1527453495.94	4300	54.759807	0.0	2184571	8272	4.3
1527453499.51	4300	55.195527	0.0	2121928	2857	4.3
1527453502.81	4300	55.893848	0.0	2219102	3036	4.3
1527453505.98	4300	56.714419	0.0	2124950	2946	4.3
1527453508.93	4300	57.773133	0.0	2246506	2742	4.3
1527453511.44	4300	59.270223	0.0	1961140	2297	4.3
1527453514.82	4300	59.880693	0.0	2155012	3174	4.3
1527453518.28	4300	58.091887	0.0	1433658	3248	4.3
