1527223849.83	1200	19.960823	18.501	391450	1043	-79.5543
1527223857.57	750	3.987512	-11.811	2354772	6568	51.08729999999999
1527223861.0	1850	4.559921	0.0	957685	3048	0.75
1527223865.72	1850	4.453889	0.0	877771	3812	1.85
1527223869.74	1850	4.467037	0.674	933276	3530	-1.0481999999999996
1527223870.54	300	7.717039	0.0	163442	445	-1.25
1527223873.0	1850	9.275541	0.0	801058	2126	0.30000000000000004
1527223881.28	1850	4.998176	0.0	905515	7935	1.85
1527223882.18	300	8.087375	0.0	173849	526	-1.25
1527223882.82	300	11.433553	0.0	150710	310	0.3
1527223883.68	300	14.924301	0.0	139105	208	0.3
1527223884.9	300	17.302769	0.0	141840	476	0.3
1527223885.64	300	20.632505	0.0	156148	411	0.3
1527223914.06	1850	4.392528	1.328	946851	21220	-5.4104
1527223940.41	300	4.029932	22.88	179801	13953	-99.634
1527223941.89	300	4.598264	0.0	140051	955	0.3
1527223942.6	300	7.926307	0.0	138313	378	0.3
1527223943.43	300	11.140897	0.0	143509	457	0.3
1527223944.51	300	14.066025	0.0	150616	338	0.3
1527223945.27	300	17.292815	0.0	165384	414	0.3
1527223950.09	1850	16.471064	0.0	923755	4427	0.30000000000000004
1527223952.44	1850	18.092843	0.0	891604	1892	1.85
1527223955.6	1850	18.925726	0.0	955231	2814	1.85
1527223963.01	1850	15.527448	0.0	968026	7098	1.85
1527223965.5	1850	17.024073	0.0	874175	2137	1.85
1527223967.54	1850	18.99043	0.0	897976	1723	1.85
1527223973.52	1850	17.001648	0.0	905935	5635	1.85
1527223980.6	1850	13.932461	0.0	1076599	6703	1.85
1527224006.67	1850	4.383132	9.281	758197	22493	-38.058299999999996
1527224011.29	300	4.439488	3.953	153605	4186	-18.247899999999998
1527224015.09	300	4.707327	0.0	149029	3379	0.3
1527224018.13	300	5.739234	0.0	157421	2300	0.3
1527224020.01	300	8.012788	0.0	157488	1218	0.3
1527224020.93	300	10.81032	0.0	143881	533	0.3
1527224021.85	300	14.226011	0.0	163444	301	0.3
1527224022.52	300	17.230282	0.0	179328	217	0.3
1527224023.11	300	20.655025	0.0	159914	259	0.3
1527224024.42	1850	23.340272	0.0	728962	1003	0.30000000000000004
1527224027.64	4300	24.108181	0.0	2147467	2852	1.8499999999999996
1527224030.82	4300	24.917352	0.0	2133870	2869	4.3
1527224064.07	4300	4.367024	8.661	2146120	32836	-32.942299999999996
1527224065.12	300	7.317525	0.0	147968	621	-3.7
1527224066.41	300	10.006113	0.0	161857	973	0.3
1527224067.3	300	13.110934	0.0	145210	557	0.3
1527224068.76	300	15.662631	0.0	172312	1137	0.3
1527224070.62	300	17.837328	0.0	167025	1435	0.3
1527224074.26	1850	18.115095	0.0	982064	3310	0.30000000000000004
1527224079.21	1850	17.186917	0.0	830730	4707	1.85
1527224085.78	2850	14.608131	0.0	1364537	6180	1.85
1527224095.82	2850	6.307202	0.0	889412	9684	2.85
