1527447935.36	750	3.997075	0.584	668286	453	-2.5111999999999997
1527447936.35	1850	7.030588	0.0	957685	722	0.75
1527447938.58	4300	8.802702	0.0	2177073	1948	1.8499999999999996
1527447940.78	4300	10.593084	0.0	2160877	1999	4.3
1527447943.72	4300	11.643728	0.0	2233056	2724	4.3
1527447946.44	4300	12.937764	0.0	1941625	2502	4.3
1527447948.88	4300	14.469005	0.0	2157535	2238	4.3
1527447952.2	4300	15.150981	0.0	2290172	3094	4.3
1527447955.16	4300	16.211574	0.0	2055469	2739	4.3
1527447958.85	4300	16.511559	0.0	2169201	3451	4.3
1527447964.78	4300	15.258162	0.0	2173522	4911	4.3
1527447970.12	4300	13.294711	0.0	2102452	5035	4.3
1527447973.46	4300	13.907689	0.0	2209463	3128	4.3
1527447978.67	4300	12.698856	0.0	2275376	4971	4.3
1527447984.49	4300	13.039388	0.0	2005399	3411	4.3
1527447994.43	4300	5.568765	0.0	2152483	8784	4.3
1527447997.58	1850	6.849459	0.0	966699	1777	-0.6000000000000001
1527448001.43	1850	7.008003	0.0	885714	2580	1.85
1527448004.2	1850	8.193407	0.0	987708	1526	1.85
1527448007.38	1850	8.666452	0.0	923755	2217	1.85
1527448008.11	1850	11.267208	0.0	891604	470	1.85
1527448008.78	1850	14.584758	0.0	955231	476	1.85
1527448010.82	4300	16.543378	0.0	2221506	1817	1.8499999999999996
1527448012.04	4300	19.331618	0.0	2044075	1012	4.3
1527448013.88	4300	21.472465	0.0	2186790	1608	4.3
1527448016.05	4300	23.309661	0.0	2105231	1951	4.3
1527448018.64	4300	24.731594	0.0	2395588	2370	4.3
1527448021.35	4300	26.035355	0.0	1972048	2388	4.3
1527448024.59	4300	26.868482	0.0	2134614	2999	4.3
1527448027.31	4300	28.14194	0.0	2164140	2503	4.3
1527448030.47	4300	28.980979	0.0	2113193	2955	4.3
1527448034.78	4300	28.672545	0.0	2147852	4119	4.3
1527448039.55	4300	27.895965	0.0	2191074	4585	4.3
1527448045.19	4300	26.267056	0.0	2286761	5425	4.3
1527448049.17	4300	26.281339	0.0	2307787	3717	4.3
1527448053.56	4300	25.886878	0.0	2143948	4193	4.3
1527448057.93	4300	25.515517	0.0	1919781	4158	4.3
1527448062.35	4300	25.100302	0.0	2147467	4218	4.3
1527448065.34	4300	26.099356	0.0	2133870	2769	4.3
1527448071.19	4300	24.265941	0.0	2146120	5631	4.3
1527448078.41	4300	21.04464	0.0	2108491	6961	4.3
1527448085.15	4300	18.336973	0.0	2184571	6541	4.3
1527448087.47	1850	20.009305	0.0	886255	2105	-0.6000000000000001
1527448090.21	1850	21.273092	0.0	973972	2547	1.85
1527448093.02	1850	22.462266	0.0	958994	2612	1.85
1527448095.25	1850	24.218737	0.0	982064	2055	1.85
1527448098.36	1850	25.112753	0.0	830730	2927	1.85
1527448101.24	1850	26.232962	0.0	846370	2706	1.85
1527448103.57	1850	25.592915	0.0	598850	2133	1.85
