1527453525.16	750	3.980227	5.944	2354772	5764	-25.5592
1527453527.69	2850	5.455976	0.0	1431809	2230	0.75
1527453530.44	2850	6.758552	0.0	1300868	2471	2.85
1527453533.44	2850	7.711805	0.0	1520281	2764	2.85
1527453539.61	2850	5.542424	0.0	1472558	5918	2.85
1527453542.36	2850	6.782008	0.0	1224260	2502	2.85
1527453550.79	2850	4.306753	1.591	1388403	7863	-3.9912999999999994
1527453561.97	2850	12.916571	0.136	594078	1997	2.2652
1527453564.2	1850	14.663879	0.0	946851	1975	0.8500000000000001
1527453566.69	1850	16.181272	0.0	1036454	2289	1.85
1527453568.24	1850	18.649327	0.0	821631	1335	1.85
1527453568.37	2850	18.512481	0.0	821631	1335	1.85
1527453570.84	2850	20.036014	0.0	1471065	2276	2.85
1527453572.52	2850	22.34606	0.0	1491626	1490	2.85
1527453572.64	4300	22.234735	0.0	1491626	1490	2.8499999999999996
1527453574.34	4300	24.530135	0.0	2059512	1511	4.3
1527453576.16	4300	26.71364	0.0	2220726	1615	4.3
1527453578.97	4300	27.904427	0.0	2156729	2606	4.3
1527453591.24	4300	59.781821	0.0	873429	639	4.3
1527453591.35	4300	59.526382	0.0	873429	639	4.3
1527453595.35	4300	59.531803	0.0	2147852	2299	4.3
1527453599.45	4300	59.53189	0.0	2191074	1891	4.3
1527453610.89	4300	59.989558	0.0	365161	2647	4.3
1527453611.04	4300	59.861594	0.0	365161	2647	4.3
1527453611.2	2850	59.690733	0.0	365161	2647	1.4000000000000001
1527453611.34	1200	59.558735	0.0	365161	2647	-0.44999999999999996
1527453611.47	750	59.431174	0.0	365161	2647	0.3
