1527223464.6	750	3.994267	2.711	668286	2591	-11.6573
1527223466.25	750	6.334525	0.0	398865	1273	0.75
1527223467.1	300	9.487743	0.0	139857	441	-0.15000000000000002
1527223467.99	300	12.60102	0.0	155432	597	0.3
1527223469.89	750	14.705323	0.0	411561	1576	0.3
1527223473.24	1850	15.345503	0.0	801058	2943	0.75
1527223480.18	1850	12.473739	0.0	905515	6558	1.85
1527223481.34	300	15.287983	0.0	173849	632	-1.25
1527223482.91	300	17.777166	0.0	150710	1104	0.3
1527223485.24	300	19.800445	0.0	139105	1463	0.3
1527223486.58	300	21.949725	0.0	141840	1010	0.3
1527223487.66	300	24.939196	0.0	156148	732	0.3
1527223489.21	300	27.410501	0.0	160746	1231	0.3
1527223491.15	300	29.441137	0.0	179801	1601	0.3
1527223492.96	300	31.622264	0.0	140051	1467	0.3
1527223502.38	1200	26.211853	0.0	587876	9077	0.29999999999999993
1527223504.53	300	28.060262	0.0	143509	1784	-0.6000000000000001
1527223510.1	750	26.528079	0.0	372963	5225	0.3
1527223513.17	750	27.419979	0.0	405596	335	0.75
1527223515.11	750	29.494525	0.0	350713	1588	0.75
1527223516.14	300	32.462187	0.0	157671	697	-0.15000000000000002
1527223517.4	300	35.179695	0.0	157812	940	0.3
1527223520.22	1200	36.368935	0.0	656471	2477	0.29999999999999993
1527223525.74	2850	34.844578	0.0	1323990	5109	1.2000000000000002
1527223530.33	2850	34.269383	0.0	1383735	4209	2.85
1527223535.6	2850	32.996664	0.0	1480464	4901	2.85
1527223545.39	2850	27.196712	0.0	1547572	9476	2.85
1527223549.52	2850	27.064339	0.0	1141971	3753	2.85
1527223555.33	2850	25.254267	0.0	1498470	5478	2.85
1527223561.19	2850	23.414583	0.0	1561263	5512	2.85
1527223566.49	2850	22.14676	0.0	1341201	4865	2.85
1527223574.04	2850	18.551259	0.0	1497683	7174	2.85
1527223580.12	2850	16.49232	0.0	1358081	5658	2.85
1527223589.0	2850	11.5891	0.0	1587293	8555	2.85
1527223593.94	1850	10.658363	0.0	1026056	4546	0.8500000000000001
1527223595.83	1850	12.751429	0.0	943942	1547	1.85
1527223598.1	1850	14.488633	0.0	728962	1933	1.85
1527223601.55	1850	15.039031	0.0	938587	3133	1.85
1527223604.4	1850	16.200845	0.0	908665	2503	1.85
1527223607.5	1850	17.084149	0.0	930577	2773	1.85
1527223611.35	2850	17.224343	0.0	1339500	3530	1.85
1527223615.87	2850	16.716175	0.0	1527299	4190	2.85
1527223620.06	2850	16.527898	0.0	1343002	3839	2.85
1527223624.55	2850	16.030439	0.0	1587250	4143	2.85
1527223630.8	4300	13.793371	0.0	2124950	5842	2.8499999999999996
1527223638.23	4300	10.344511	0.0	2246506	7044	4.3
1527223644.62	4300	7.966013	0.0	1961140	6101	4.3
1527223651.26	4300	5.323207	0.0	2155012	6332	4.3
1527223656.47	4300	1.89079	0.084	1433658	4798	3.9387999999999996
