1527222084.25	750	4	41.312	450283	41163	-177.6416
1527222085.92	300	5.802178	0.0	155580	496	-0.15000000000000002
1527222086.61	300	9.155408	0.0	139857	297	0.3
1527222087.24	300	12.47911	0.0	155432	284	0.3
1527222087.81	300	15.896877	0.0	163442	236	0.3
1527222088.38	300	19.322923	0.0	126289	223	0.3
1527222091.3	1850	20.43803	0.0	905515	2442	0.30000000000000004
1527222095.6	2850	20.119923	0.0	1638769	3875	1.85
1527222101.86	2850	17.843378	0.0	1348011	5911	2.85
1527222108.36	2850	15.321269	0.0	1429765	6076	2.85
1527222110.59	1850	17.089675	0.0	939819	1916	0.8500000000000001
1527222116.5	1850	15.21791	0.0	917428	5590	1.85
1527222122.58	1850	13.098538	0.0	946851	5751	1.85
1527222144.8	1850	4.24383	9.341	1036454	21886	-38.31629999999999
1527222145.86	300	7.406296	0.0	140051	464	-1.25
1527222146.6	300	10.387911	0.0	138313	470	0.3
1527222147.47	300	13.5625	0.0	143509	573	0.3
1527222148.86	300	16.168588	0.0	150616	1091	0.3
1527222152.28	300	16.737537	0.0	165384	3103	0.3
1527222156.84	300	16.360373	0.0	140881	4035	0.3
1527222160.6	300	16.43633	0.0	157671	3414	0.3
1527222162.39	300	18.6442	0.0	157812	1505	0.3
1527222163.46	300	21.581262	0.0	163927	779	0.3
1527222164.2	300	24.830806	0.0	137654	437	0.3
1527222164.71	300	28.316273	0.0	146754	225	0.3
1527222165.28	300	31.738511	0.0	153938	277	0.3
1527222167.14	1850	33.889123	0.0	1076599	1540	0.30000000000000004
1527222170.23	4300	34.801219	0.0	1972048	2686	1.8499999999999996
1527222173.12	4300	35.915349	0.0	2134614	2569	4.3
1527222203.01	4300	10.056811	0.0	2164140	29508	4.3
1527222207.52	300	9.980183	0.0	157421	3588	-3.7
1527222208.3	300	12.69046	0.0	157488	510	0.3
1527222209.5	300	15.537517	0.0	143881	852	0.3
1527222210.49	300	18.547683	0.0	163444	659	0.3
1527222211.96	300	21.086693	0.0	179328	1170	0.3
1527222212.98	300	24.065738	0.0	159914	730	0.3
1527222215.55	1850	25.491182	0.0	728962	2257	0.30000000000000004
1527222219.5	1850	25.545965	0.0	938587	3647	1.85
1527222225.25	1850	23.794602	0.0	908665	5448	1.85
1527222229.71	1850	23.326124	0.0	930577	4055	1.85
1527222241.22	1850	15.844219	0.0	858450	11181	1.85
1527222243.3	750	17.725082	0.0	384505	1720	-0.3500000000000001
1527222244.15	300	20.904016	0.0	145210	528	-0.15000000000000002
1527222246.14	750	22.889228	0.0	438281	1685	0.3
1527222247.17	300	25.910586	0.0	167025	662	-0.15000000000000002
1527222248.0	300	29.048285	0.0	160064	526	0.3
1527222257.46	4300	23.591548	0.0	1961140	9114	0.2999999999999998
1527222267.16	4300	17.878804	0.0	2155012	9314	4.3
1527222275.66	4300	11.060661	0.0	1433658	8250	4.3
