1527448926.81	750	3.996111	0.865	668286	781	-3.7195
1527448931.61	4300	4.249734	0.968	2123065	4374	-3.4124
1527448933.02	1850	6.7419	0.0	877771	1123	-0.6000000000000001
1527448934.88	1850	8.866293	0.0	933276	1633	1.85
1527448936.34	1850	11.436211	0.0	996749	1199	1.85
1527448938.12	1850	13.632823	0.0	801058	1532	1.85
1527448939.76	1850	15.99433	0.0	905515	1390	1.85
1527448943.16	4300	16.597962	0.0	2290172	3147	1.8499999999999996
1527448946.75	4300	17.00309	0.0	2055469	3347	4.3
1527448949.64	4300	18.113253	0.0	2169201	2648	4.3
1527448951.63	4300	20.131005	0.0	2173522	1754	4.3
1527448959.36	4300	19.683068	0.0	2102452	4189	4.3
1527448962.88	4300	16.831728	0.0	2209463	3271	4.3
1527448967.1	4300	16.66652	0.0	2275376	3961	4.3
1527448969.32	4300	18.440596	0.0	2005399	1982	4.3
1527448971.6	4300	20.163909	0.0	2152483	2028	4.3
1527448975.39	4300	20.382879	0.0	2289689	3518	4.3
1527448977.1	4300	22.662892	0.0	2059512	1437	4.3
1527448978.79	4300	24.957608	0.0	2220726	1474	4.3
1527448980.41	4300	27.345086	0.0	2156729	1370	4.3
1527448981.89	4300	30.037452	0.0	2039773	1136	4.3
1527448983.74	4300	32.179233	0.0	2176469	1575	4.3
1527448985.12	4300	34.795421	0.0	2221506	1121	4.3
1527448986.26	4300	37.661442	0.0	2044075	878	4.3
1527448988.49	4300	39.44928	0.0	2186790	1963	4.3
1527448990.86	4300	41.059975	0.0	2105231	2118	4.3
1527448994.07	4300	41.857641	0.0	2395588	2924	4.3
1527448995.67	4300	44.266388	0.0	1972048	1307	4.3
1527448997.2	4300	46.729055	0.0	2134614	1248	4.3
1527448998.92	4300	49.02938	0.0	2164140	1439	4.3
1527449000.35	4300	51.578471	0.0	2113193	1169	4.3
1527449001.85	4300	54.075029	0.0	2147852	1245	4.3
1527449003.3	4300	56.621398	0.0	2191074	1194	4.3
1527449004.7	4300	59.230229	0.0	2286761	1110	4.3
1527449007.99	4300	59.972872	0.0	2307787	966	4.3
1527449012.24	4300	59.723436	0.0	2143948	1011	4.3
1527449016.27	4300	59.723475	0.0	1919781	2281	4.3
1527449020.41	4300	59.72183	0.0	2147467	2364	4.3
1527449024.41	4300	59.723469	0.0	2133870	1715	4.3
1527449028.3	4300	59.72342	0.0	2146120	2642	4.3
1527449040.18	4300	51.774782	0.0	2108491	11602	4.3
1527449043.46	4300	52.463096	0.0	2184571	2951	4.3
1527449046.6	4300	53.333727	0.0	2121928	2866	4.3
1527449050.42	4300	53.605738	0.0	2219102	3447	4.3
1527449056.31	4300	51.752506	0.0	2124950	5425	4.3
1527449063.88	4300	48.040509	0.0	2246506	7259	4.3
1527449067.79	4300	48.191791	0.0	1961140	3607	4.3
1527449071.77	4300	48.163518	0.0	2155012	3742	4.3
1527449074.46	4300	47.15224	0.0	1433658	2436	4.3
