1527476085.71	750	4	0.03	2354772	7	-0.129
1527476086.08	4300	7.961361	0.0	2123065	26	0.75
1527476086.42	4300	11.626299	0.0	2177073	18	4.3
1527476086.75	4300	15.295229	0.0	2160877	20	4.3
1527476087.11	4300	18.962204	0.0	2233056	21	4.3
1527476087.44	4300	22.606218	0.0	1941625	19	4.3
1527476087.78	4300	26.267365	0.0	2157535	20	4.3
1527476088.12	4300	29.924005	0.0	2290172	25	4.3
1527476088.45	4300	33.589326	0.0	2055469	23	4.3
1527476088.79	4300	37.254611	0.0	2169201	20	4.3
1527476089.14	4300	40.903567	0.0	2173522	23	4.3
1527476089.48	4300	44.564339	0.0	2102452	27	4.3
1527476089.81	4300	48.23091	0.0	2209463	21	4.3
1527476090.16	4300	51.884196	0.0	2275376	26	4.3
1527476090.49	4300	55.550737	0.0	2005399	23	4.3
1527476090.85	4300	59.190835	0.0	2152483	23	4.3
1527476094.7	4300	59.748567	0.0	2289689	22	4.3
1527476098.53	4300	59.749772	0.0	2059512	17	4.3
1527476102.37	4300	59.999051	0.0	2220726	22	4.3
1527476106.22	4300	59.999056	0.0	2156729	25	4.3
1527476110.56	4300	59.498867	0.0	2039773	21	4.3
1527476114.41	4300	59.748442	0.0	2176469	24	4.3
1527476118.25	4300	59.998354	0.0	2221506	22	4.3
1527476122.09	4300	59.99896	0.0	2044075	19	4.3
1527476126.43	4300	59.74907	0.0	2186790	18	4.3
1527476130.78	4300	59.499212	0.0	2105231	23	4.3
1527476134.63	4300	59.498746	0.0	2395588	24	4.3
1527476138.48	4300	59.749356	0.0	1972048	19	4.3
1527476142.33	4300	59.9983	0.0	2134614	26	4.3
1527476146.18	4300	59.999094	0.0	2164140	22	4.3
1527476150.54	4300	59.997723	0.0	2113193	23	4.3
1527476154.39	4300	59.748924	0.0	2147852	22	4.3
1527476158.24	4300	59.99836	0.0	2191074	22	4.3
1527476162.58	4300	59.498837	0.0	2286761	22	4.3
1527476166.43	4300	59.749483	0.0	2307787	21	4.3
1527476170.28	4300	59.99896	0.0	2143948	19	4.3
1527476174.63	4300	59.748801	0.0	1919781	23	4.3
1527476178.48	4300	59.748737	0.0	2147467	24	4.3
1527476182.34	4300	59.747992	0.0	2133870	32	4.3
1527476186.69	4300	59.497988	0.0	2146120	25	4.3
1527476190.54	4300	59.749044	0.0	2108491	24	4.3
1527476194.4	4300	59.748122	0.0	2184571	18	4.3
1527476198.23	4300	59.997683	0.0	2121928	17	4.3
1527476202.09	4300	59.997903	0.0	2219102	25	4.3
1527476206.44	4300	59.997819	0.0	2124950	24	4.3
1527476210.29	4300	59.998916	0.0	2246506	25	4.3
1527476214.13	4300	59.998688	0.0	1961140	20	4.3
1527476218.49	4300	59.748239	0.0	2155012	25	4.3
1527476220.33	4300	59.6776	0.0	1433658	17	4.3

1527476221.11	750	4	0.017	668286	3	-0.07309999999999994
1527476221.47	4300	7.940183	0.0	2123065	13	0.75
1527476221.82	4300	11.587828	0.0	2177073	26	4.3
1527476222.14	4300	15.264552	0.0	2160877	13	4.3
1527476222.48	4300	18.927928	0.0	2233056	21	4.3
1527476222.82	4300	22.586095	0.0	1941625	21	4.3
1527476223.16	4300	26.247988	0.0	2157535	23	4.3
1527476223.49	4300	29.911951	0.0	2290172	21	4.3
1527476223.82	4300	33.588467	0.0	2055469	14	4.3
1527476224.14	4300	37.263448	0.0	2169201	15	4.3
1527476224.48	4300	40.923524	0.0	2173522	24	4.3
1527476224.82	4300	44.590717	0.0	2102452	18	4.3
1527476225.16	4300	48.245625	0.0	2209463	25	4.3
1527476225.5	4300	51.90994	0.0	2275376	25	4.3
1527476225.83	4300	55.574158	0.0	2005399	18	4.3
1527476226.15	4300	59.255569	0.0	2152483	12	4.3
1527476230.0	4300	59.747949	0.0	2289689	24	4.3
1527476233.84	4300	59.749222	0.0	2059512	19	4.3
1527476237.7	4300	59.748028	0.0	2220726	25	4.3
1527476242.05	4300	59.498887	0.0	2156729	24	4.3
1527476245.9	4300	59.748539	0.0	2039773	22	4.3
1527476249.74	4300	59.748896	0.0	2176469	21	4.3
1527476254.08	4300	59.749028	0.0	2221506	19	4.3
1527476257.93	4300	59.748655	0.0	2044075	21	4.3
1527476261.77	4300	59.748245	0.0	2186790	19	4.3
1527476266.12	4300	59.498971	0.0	2105231	23	4.3
1527476269.47	4300	59.999497	0.0	2395588	19	4.3
1527476273.82	4300	59.998614	0.0	1972048	22	4.3
1527476277.67	4300	59.749489	0.0	2134614	23	4.3
1527476282.03	4300	59.748661	0.0	2164140	24	4.3
1527476285.88	4300	59.748764	0.0	2113193	24	4.3
1527476289.73	4300	59.999291	0.0	2147852	24	4.3
1527476294.08	4300	59.748551	0.0	2191074	20	4.3
1527476297.92	4300	59.498368	0.0	2286761	22	4.3
1527476301.77	4300	59.748503	0.0	2307787	20	4.3
1527476305.62	4300	59.999016	0.0	2143948	23	4.3
1527476309.46	4300	59.998131	0.0	1919781	22	4.3
1527476313.81	4300	59.747293	0.0	2147467	23	4.3
1527476317.68	4300	59.749262	0.0	2133870	43	4.3
1527476321.53	4300	59.997672	0.0	2146120	24	4.3
1527476325.88	4300	59.998657	0.0	2108491	21	4.3
1527476329.73	4300	59.998477	0.0	2184571	20	4.3
1527476333.57	4300	59.998898	0.0	2121928	16	4.3
1527476337.43	4300	59.998773	0.0	2219102	24	4.3
1527476341.78	4300	59.747998	0.0	2124950	22	4.3
1527476345.63	4300	59.997702	0.0	2246506	21	4.3
1527476349.47	4300	59.997894	0.0	1961140	16	4.3
1527476353.82	4300	59.997693	0.0	2155012	25	4.3
1527476355.66	4300	59.677451	0.0	1433658	15	4.3

1527476356.42	750	4	0.017	668286	4	-0.07309999999999994
1527476356.77	4300	7.948	0.0	2123065	17	0.75
1527476357.12	4300	11.60153	0.0	2177073	34	4.3
1527476357.45	4300	15.267994	0.0	2160877	18	4.3
1527476357.79	4300	18.925649	0.0	2233056	24	4.3
1527476358.13	4300	22.592137	0.0	1941625	21	4.3
1527476358.46	4300	26.257559	0.0	2157535	20	4.3
1527476358.8	4300	29.920818	0.0	2290172	21	4.3
1527476359.12	4300	33.598611	0.0	2055469	15	4.3
1527476359.46	4300	37.26411	0.0	2169201	21	4.3
1527476359.78	4300	40.93473	0.0	2173522	17	4.3
1527476360.12	4300	44.603554	0.0	2102452	19	4.3
1527476360.45	4300	48.270859	0.0	2209463	20	4.3
1527476360.79	4300	51.928649	0.0	2275376	33	4.3
1527476361.13	4300	55.593492	0.0	2005399	23	4.3
1527476361.46	4300	59.25977	0.0	2152483	21	4.3
1527476365.3	4300	59.498062	0.0	2289689	22	4.3
1527476369.15	4300	59.74914	0.0	2059512	23	4.3
1527476373.0	4300	59.999082	0.0	2220726	25	4.3
1527476377.35	4300	59.748771	0.0	2156729	23	4.3
1527476381.2	4300	59.747727	0.0	2039773	23	4.3
1527476385.04	4300	59.748864	0.0	2176469	22	4.3
1527476389.38	4300	59.748913	0.0	2221506	21	4.3
1527476392.73	4300	59.998321	0.0	2044075	23	4.3
1527476397.08	4300	59.747767	0.0	2186790	23	4.3
1527476401.44	4300	59.498448	0.0	2105231	24	4.3
1527476404.79	4300	59.998803	0.0	2395588	27	4.3
1527476409.13	4300	59.748122	0.0	1972048	17	4.3
1527476412.98	4300	59.748355	0.0	2134614	20	4.3
1527476416.82	4300	59.999373	0.0	2164140	18	4.3
1527476421.17	4300	59.998675	0.0	2113193	22	4.3
1527476425.02	4300	59.747825	0.0	2147852	23	4.3
1527476428.87	4300	59.997934	0.0	2191074	24	4.3
1527476433.22	4300	59.748981	0.0	2286761	20	4.3
1527476437.06	4300	59.748231	0.0	2307787	22	4.3
1527476441.41	4300	59.49851	0.0	2143948	19	4.3
1527476444.75	4300	59.997829	0.0	1919781	22	4.3
1527476449.09	4300	59.749295	0.0	2147467	18	4.3
1527476452.93	4300	59.998751	0.0	2133870	22	4.3
1527476456.78	4300	59.998469	0.0	2146120	18	4.3
