1527439454.59	750	4	0.025	2354772	9	-0.10750000000000004
1527439454.92	4300	7.965628	0.0	2123065	21	0.75
1527439455.25	4300	11.633005	0.0	2177073	17	4.3
1527439455.58	4300	15.31126	0.0	2160877	15	4.3
1527439455.9	4300	18.987016	0.0	2233056	16	4.3
1527439456.25	4300	22.632289	0.0	1941625	22	4.3
1527439456.6	4300	26.292653	0.0	2157535	25	4.3
1527439456.93	4300	29.956606	0.0	2290172	24	4.3
1527439457.25	4300	33.636465	0.0	2055469	14	4.3
1527439457.58	4300	37.305147	0.0	2169201	19	4.3
1527439457.92	4300	40.962773	0.0	2173522	26	4.3
1527439458.27	4300	44.621289	0.0	2102452	28	4.3
1527439458.6	4300	48.289731	0.0	2209463	19	4.3
1527439458.94	4300	51.950204	0.0	2275376	29	4.3
1527439459.26	4300	55.631735	0.0	2005399	13	4.3
1527439459.62	4300	59.264843	0.0	2152483	26	4.3
1527439462.97	4300	59.999432	0.0	2289689	25	4.3
1527439467.33	4300	59.749797	0.0	2059512	24	4.3
1527439471.18	4300	59.748168	0.0	2220726	26	4.3
1527439475.51	4300	59.748082	0.0	2156729	12	4.3
1527439479.37	4300	59.749439	0.0	2039773	24	4.3
1527439483.21	4300	59.748598	0.0	2176469	23	4.3
1527439487.05	4300	59.99894	0.0	2221506	22	4.3
1527439491.4	4300	59.498774	0.0	2044075	20	4.3
1527439495.24	4300	59.748857	0.0	2186790	22	4.3
1527439499.08	4300	59.998811	0.0	2105231	21	4.3
1527439502.93	4300	59.998899	0.0	2395588	22	4.3
1527439507.28	4300	59.748821	0.0	1972048	23	4.3
1527439511.13	4300	59.999125	0.0	2134614	25	4.3
1527439515.48	4300	59.498262	0.0	2164140	25	4.3
1527439519.33	4300	59.748657	0.0	2113193	23	4.3
1527439523.18	4300	59.749382	0.0	2147852	20	4.3
1527439527.54	4300	59.499527	0.0	2191074	25	4.3
1527439531.39	4300	59.749581	0.0	2286761	24	4.3
1527439535.24	4300	59.749056	0.0	2307787	26	4.3
1527439539.6	4300	59.749426	0.0	2143948	24	4.3
1527439543.45	4300	59.498618	0.0	1919781	22	4.3
1527439547.29	4300	59.749659	0.0	2147467	22	4.3
1527439551.15	4300	59.997995	0.0	2133870	37	4.3
1527439555.0	4300	59.998701	0.0	2146120	25	4.3
1527439559.34	4300	59.749457	0.0	2108491	22	4.3
1527439563.19	4300	59.749035	0.0	2184571	25	4.3
1527439567.54	4300	59.498775	0.0	2121928	21	4.3
1527439571.39	4300	59.749476	0.0	2219102	23	4.3
1527439575.25	4300	59.998932	0.0	2124950	24	4.3
1527439579.09	4300	59.99912	0.0	2246506	23	4.3
1527439582.93	4300	59.998482	0.0	1961140	20	4.3
1527439587.28	4300	59.749544	0.0	2155012	21	4.3
1527439589.11	4300	59.678677	0.0	1433658	17	4.3

1527439589.86	750	4	0.014	450283	2	-0.06020000000000003
1527439590.2	4300	7.956053	0.0	2123065	16	0.75
1527439590.55	4300	11.612139	0.0	2177073	23	4.3
1527439590.88	4300	15.276897	0.0	2160877	25	4.3
1527439591.23	4300	18.927091	0.0	2233056	39	4.3
1527439591.55	4300	22.609052	0.0	1941625	13	4.3
1527439591.89	4300	26.266406	0.0	2157535	24	4.3
1527439592.23	4300	29.927684	0.0	2290172	25	4.3
1527439592.57	4300	33.58904	0.0	2055469	22	4.3
1527439592.91	4300	37.246638	0.0	2169201	24	4.3
1527439593.25	4300	40.902863	0.0	2173522	26	4.3
1527439593.59	4300	44.569525	0.0	2102452	22	4.3
1527439593.93	4300	48.228647	0.0	2209463	24	4.3
1527439594.28	4300	51.874737	0.0	2275376	44	4.3
1527439594.63	4300	55.534053	0.0	2005399	23	4.3
1527439594.96	4300	59.196254	0.0	2152483	24	4.3
1527439598.31	4300	59.999067	0.0	2289689	23	4.3
1527439602.66	4300	59.749517	0.0	2059512	22	4.3
1527439606.51	4300	59.998817	0.0	2220726	24	4.3
1527439610.85	4300	59.498808	0.0	2156729	24	4.3
1527439614.19	4300	59.997765	0.0	2039773	24	4.3
1527439618.54	4300	59.749575	0.0	2176469	21	4.3
1527439622.88	4300	59.747825	0.0	2221506	21	4.3
1527439626.23	4300	59.99743	0.0	2044075	25	4.3
1527439630.59	4300	59.99899	0.0	2186790	26	4.3
1527439634.44	4300	59.998473	0.0	2105231	23	4.3
1527439638.28	4300	59.998367	0.0	2395588	24	4.3
1527439642.62	4300	59.749316	0.0	1972048	21	4.3
1527439646.48	4300	59.748683	0.0	2134614	35	4.3
1527439650.84	4300	59.497654	0.0	2164140	27	4.3
1527439654.18	4300	59.999247	0.0	2113193	25	4.3
1527439658.53	4300	59.748425	0.0	2147852	22	4.3
1527439662.88	4300	59.499083	0.0	2191074	24	4.3
1527439666.73	4300	59.497514	0.0	2286761	24	4.3
1527439670.57	4300	59.749345	0.0	2307787	21	4.3
1527439674.41	4300	59.74854	0.0	2143948	21	4.3
1527439678.73	4300	59.748557	0.0	1919781	9	4.3
1527439682.58	4300	59.748176	0.0	2147467	24	4.3
1527439686.43	4300	59.998682	0.0	2133870	24	4.3
1527439690.78	4300	59.498357	0.0	2146120	24	4.3
1527439694.63	4300	59.747819	0.0	2108491	22	4.3
1527439698.48	4300	59.997987	0.0	2184571	24	4.3
1527439702.31	4300	59.998324	0.0	2121928	16	4.3
1527439706.17	4300	59.997754	0.0	2219102	24	4.3
1527439710.53	4300	59.748095	0.0	2124950	25	4.3
1527439714.86	4300	59.497654	0.0	2246506	21	4.3
1527439718.72	4300	59.74909	0.0	1961140	23	4.3
1527439722.56	4300	59.747532	0.0	2155012	20	4.3
1527439724.39	4300	59.677437	0.0	1433658	16	4.3

1527439725.16	750	4	0.026	2354772	8	-0.11180000000000001
1527439725.5	4300	7.965714	0.0	2123065	21	0.75
1527439725.84	4300	11.624716	0.0	2177073	18	4.3
1527439726.16	4300	15.306125	0.0	2160877	12	4.3
1527439726.5	4300	18.957883	0.0	2233056	33	4.3
1527439726.84	4300	22.621097	0.0	1941625	23	4.3
1527439727.18	4300	26.28202	0.0	2157535	24	4.3
1527439727.51	4300	29.947848	0.0	2290172	20	4.3
1527439727.85	4300	33.618108	0.0	2055469	18	4.3
1527439728.19	4300	37.273913	0.0	2169201	25	4.3
1527439728.53	4300	40.937606	0.0	2173522	25	4.3
1527439728.86	4300	44.604549	0.0	2102452	21	4.3
1527439729.19	4300	48.270771	0.0	2209463	21	4.3
1527439729.53	4300	51.93158	0.0	2275376	18	4.3
1527439729.88	4300	55.58834	0.0	2005399	17	4.3
1527439730.21	4300	59.249574	0.0	2152483	21	4.3
1527439733.55	4300	59.997922	0.0	2289689	15	4.3
1527439737.9	4300	59.748191	0.0	2059512	22	4.3
1527439741.76	4300	59.747736	0.0	2220726	36	4.3
