1527387761.17	750	4	0.029	2354772	8	-0.12470000000000003
1527387761.54	4300	7.957279	0.0	2123065	26	0.75
1527387761.87	4300	11.620943	0.0	2177073	19	4.3
1527387762.21	4300	15.289791	0.0	2160877	20	4.3
1527387762.55	4300	18.943214	0.0	2233056	25	4.3
1527387762.89	4300	22.607145	0.0	1941625	21	4.3
1527387763.23	4300	26.269076	0.0	2157535	21	4.3
1527387763.57	4300	29.929519	0.0	2290172	20	4.3
1527387763.91	4300	33.583596	0.0	2055469	21	4.3
1527387764.25	4300	37.250202	0.0	2169201	20	4.3
1527387764.6	4300	40.898323	0.0	2173522	23	4.3
1527387764.94	4300	44.556713	0.0	2102452	12	4.3
1527387765.29	4300	48.208041	0.0	2209463	24	4.3
1527387765.63	4300	51.868328	0.0	2275376	22	4.3
1527387765.97	4300	55.524698	0.0	2005399	23	4.3
1527387766.31	4300	59.186058	0.0	2152483	25	4.3
1527387769.65	4300	59.999277	0.0	2289689	21	4.3
1527387773.5	4300	59.998108	0.0	2059512	23	4.3
1527387777.87	4300	59.749425	0.0	2220726	29	4.3
1527387782.22	4300	59.497848	0.0	2156729	20	4.3
1527387785.57	4300	59.999189	0.0	2039773	24	4.3
1527387789.93	4300	59.998309	0.0	2176469	24	4.3
1527387793.79	4300	59.997896	0.0	2221506	27	4.3
1527387798.13	4300	59.748779	0.0	2044075	21	4.3
1527387801.98	4300	59.749357	0.0	2186790	25	4.3
1527387805.83	4300	59.749285	0.0	2105231	21	4.3
1527387810.18	4300	59.498908	0.0	2395588	26	4.3
1527387813.53	4300	59.999115	0.0	1972048	24	4.3
1527387817.88	4300	59.749375	0.0	2134614	20	4.3
1527387821.73	4300	59.999084	0.0	2164140	22	4.3
1527387825.58	4300	59.99908	0.0	2113193	23	4.3
1527387829.93	4300	59.998286	0.0	2147852	25	4.3
1527387833.78	4300	59.998101	0.0	2191074	25	4.3
1527387838.13	4300	59.748201	0.0	2286761	22	4.3
1527387841.98	4300	59.748602	0.0	2307787	23	4.3
1527387845.83	4300	59.74882	0.0	2143948	24	4.3
1527387849.68	4300	59.999202	0.0	1919781	21	4.3
1527387854.04	4300	59.747941	0.0	2147467	21	4.3
1527387857.88	4300	59.748096	0.0	2133870	19	4.3
1527387861.76	4300	59.749235	0.0	2146120	33	4.3
1527387865.61	4300	59.998859	0.0	2108491	24	4.3
1527387869.96	4300	59.748787	0.0	2184571	23	4.3
1527387873.81	4300	59.997613	0.0	2121928	20	4.3
1527387877.65	4300	59.998902	0.0	2219102	19	4.3
1527387882.02	4300	59.748801	0.0	2124950	23	4.3
1527387885.87	4300	59.998995	0.0	2246506	25	4.3
1527387889.71	4300	59.998834	0.0	1961140	21	4.3
1527387893.57	4300	59.999047	0.0	2155012	24	4.3
1527387895.41	4300	59.928731	0.0	1433658	16	4.3

1527387896.16	750	4	0.021	668286	2	-0.09030000000000005
1527387896.51	4300	7.945267	0.0	2123065	25	0.75
1527387896.85	4300	11.609338	0.0	2177073	23	4.3
1527387897.2	4300	15.262672	0.0	2160877	32	4.3
1527387897.53	4300	18.924028	0.0	2233056	24	4.3
1527387897.87	4300	22.592327	0.0	1941625	20	4.3
1527387898.2	4300	26.256117	0.0	2157535	20	4.3
1527387898.55	4300	29.911557	0.0	2290172	25	4.3
1527387898.88	4300	33.577275	0.0	2055469	23	4.3
1527387899.21	4300	37.243822	0.0	2169201	23	4.3
1527387899.55	4300	40.909318	0.0	2173522	21	4.3
1527387899.89	4300	44.566334	0.0	2102452	23	4.3
1527387900.23	4300	48.22774	0.0	2209463	25	4.3
1527387900.58	4300	51.880521	0.0	2275376	29	4.3
1527387900.92	4300	55.541553	0.0	2005399	24	4.3
1527387901.26	4300	59.201435	0.0	2152483	22	4.3
1527387904.6	4300	59.997814	0.0	2289689	21	4.3
1527387908.95	4300	59.748186	0.0	2059512	21	4.3
1527387912.8	4300	59.999106	0.0	2220726	25	4.3
1527387916.64	4300	59.997723	0.0	2156729	24	4.3
1527387920.49	4300	59.998673	0.0	2039773	20	4.3
1527387924.84	4300	59.999117	0.0	2176469	25	4.3
1527387928.7	4300	59.998536	0.0	2221506	26	4.3
1527387933.04	4300	59.748642	0.0	2044075	23	4.3
1527387936.89	4300	59.749524	0.0	2186790	24	4.3
1527387940.73	4300	59.997576	0.0	2105231	21	4.3
1527387945.08	4300	59.747201	0.0	2395588	24	4.3
1527387948.93	4300	59.9981	0.0	1972048	22	4.3
1527387952.78	4300	59.749152	0.0	2134614	31	4.3
1527387957.13	4300	59.498526	0.0	2164140	25	4.3
1527387960.98	4300	59.498608	0.0	2113193	23	4.3
1527387964.83	4300	59.748929	0.0	2147852	23	4.3
1527387969.18	4300	59.498547	0.0	2191074	25	4.3
1527387972.52	4300	59.998839	0.0	2286761	20	4.3
1527387976.88	4300	59.748201	0.0	2307787	24	4.3
1527387980.73	4300	59.748286	0.0	2143948	23	4.3
1527387984.57	4300	59.998452	0.0	1919781	19	4.3
1527387988.91	4300	59.748362	0.0	2147467	20	4.3
1527387992.76	4300	59.748888	0.0	2133870	19	4.3
1527387996.62	4300	59.997655	0.0	2146120	31	4.3
1527388000.47	4300	59.997338	0.0	2108491	24	4.3
1527388004.81	4300	59.748071	0.0	2184571	20	4.3
1527388008.66	4300	59.997701	0.0	2121928	20	4.3
1527388013.01	4300	59.747429	0.0	2219102	21	4.3
1527388016.86	4300	59.746854	0.0	2124950	20	4.3
1527388020.71	4300	59.998968	0.0	2246506	25	4.3
1527388024.56	4300	59.998747	0.0	1961140	20	4.3
1527388028.9	4300	59.747805	0.0	2155012	22	4.3
1527388030.74	4300	59.428572	0.0	1433658	17	4.3

1527388031.47	750	4	0.015	668286	2	-0.0645
1527388031.82	4300	7.952185	0.0	2123065	21	0.75
1527388032.16	4300	11.613935	0.0	2177073	22	4.3
1527388032.52	4300	15.255561	0.0	2160877	42	4.3
1527388032.86	4300	18.914005	0.0	2233056	24	4.3
1527388033.19	4300	22.580219	0.0	1941625	22	4.3
1527388033.53	4300	26.246419	0.0	2157535	20	4.3
1527388033.87	4300	29.902445	0.0	2290172	25	4.3
1527388034.21	4300	33.562835	0.0	2055469	24	4.3
1527388034.55	4300	37.228542	0.0	2169201	23	4.3
1527388034.88	4300	40.893438	0.0	2173522	20	4.3
1527388035.22	4300	44.55174	0.0	2102452	23	4.3
1527388035.56	4300	48.211129	0.0	2209463	24	4.3
1527388035.92	4300	51.857875	0.0	2275376	30	4.3
1527388036.25	4300	55.521092	0.0	2005399	21	4.3
1527388036.59	4300	59.186937	0.0	2152483	23	4.3
1527388040.43	4300	59.499323	0.0	2289689	21	4.3
1527388043.78	4300	59.998204	0.0	2059512	21	4.3
1527388048.15	4300	59.749013	0.0	2220726	34	4.3
1527388052.5	4300	59.499165	0.0	2156729	26	4.3
