1527394491.68	750	4	0.027	2354772	8	-0.11609999999999998
1527394492.02	4300	7.96506	0.0	2123065	22	0.75
1527394492.35	4300	11.632197	0.0	2177073	18	4.3
1527394492.69	4300	15.297974	0.0	2160877	20	4.3
1527394493.03	4300	18.952871	0.0	2233056	28	4.3
1527394493.37	4300	22.613893	0.0	1941625	23	4.3
1527394493.7	4300	26.279308	0.0	2157535	17	4.3
1527394494.05	4300	29.936126	0.0	2290172	27	4.3
1527394494.38	4300	33.599875	0.0	2055469	23	4.3
1527394494.72	4300	37.266841	0.0	2169201	22	4.3
1527394495.05	4300	40.930042	0.0	2173522	21	4.3
1527394495.39	4300	44.591586	0.0	2102452	25	4.3
1527394495.73	4300	48.250823	0.0	2209463	27	4.3
1527394496.07	4300	51.914126	0.0	2275376	24	4.3
1527394496.4	4300	55.585892	0.0	2005399	19	4.3
1527394496.73	4300	59.25286	0.0	2152483	21	4.3
1527394500.59	4300	59.498794	0.0	2289689	25	4.3
1527394504.43	4300	59.747793	0.0	2059512	25	4.3
1527394508.28	4300	59.997949	0.0	2220726	23	4.3
1527394512.64	4300	59.748082	0.0	2156729	26	4.3
1527394516.49	4300	59.748014	0.0	2039773	22	4.3
1527394520.34	4300	59.749374	0.0	2176469	24	4.3
1527394524.68	4300	59.748605	0.0	2221506	22	4.3
1527394528.52	4300	59.749052	0.0	2044075	23	4.3
1527394532.37	4300	59.748735	0.0	2186790	23	4.3
1527394536.21	4300	59.999337	0.0	2105231	22	4.3
1527394540.07	4300	59.998139	0.0	2395588	28	4.3
1527394544.42	4300	59.749099	0.0	1972048	17	4.3
1527394548.27	4300	59.998301	0.0	2134614	24	4.3
1527394552.11	4300	59.999198	0.0	2164140	23	4.3
1527394556.46	4300	59.99894	0.0	2113193	19	4.3
1527394560.31	4300	59.748555	0.0	2147852	23	4.3
1527394564.16	4300	59.998266	0.0	2191074	27	4.3
1527394568.51	4300	59.498006	0.0	2286761	25	4.3
1527394572.36	4300	59.748652	0.0	2307787	27	4.3
1527394576.7	4300	59.497803	0.0	2143948	22	4.3
1527394580.55	4300	59.747399	0.0	1919781	22	4.3
1527394584.39	4300	59.749348	0.0	2147467	23	4.3
1527394588.25	4300	59.748476	0.0	2133870	37	4.3
1527394592.61	4300	59.497543	0.0	2146120	25	4.3
1527394596.46	4300	59.7481	0.0	2108491	27	4.3
1527394600.31	4300	59.747758	0.0	2184571	23	4.3
1527394604.16	4300	59.997459	0.0	2121928	24	4.3
1527394608.51	4300	59.748774	0.0	2219102	22	4.3
1527394612.35	4300	59.747394	0.0	2124950	20	4.3
1527394616.71	4300	59.749088	0.0	2246506	26	4.3
1527394620.05	4300	59.998358	0.0	1961140	23	4.3
1527394624.4	4300	59.74904	0.0	2155012	23	4.3
1527394626.24	4300	59.677786	0.0	1433658	18	4.3

1527394627.03	750	4	0.025	2354772	9	-0.10750000000000004
1527394627.37	4300	7.655451	0.0	2123065	18	0.75
1527394627.71	4300	11.311923	0.0	2177073	29	4.3
1527394628.05	4300	14.975382	0.0	2160877	19	4.3
1527394628.39	4300	18.633555	0.0	2233056	26	4.3
1527394628.73	4300	22.295191	0.0	1941625	23	4.3
1527394629.06	4300	25.962254	0.0	2157535	18	4.3
1527394629.41	4300	29.614319	0.0	2290172	26	4.3
1527394629.75	4300	33.273363	0.0	2055469	17	4.3
1527394630.09	4300	36.94087	0.0	2169201	21	4.3
1527394630.43	4300	40.595992	0.0	2173522	26	4.3
1527394630.77	4300	44.258193	0.0	2102452	24	4.3
1527394631.12	4300	47.907702	0.0	2209463	38	4.3
1527394631.46	4300	51.568526	0.0	2275376	26	4.3
1527394631.79	4300	55.237791	0.0	2005399	21	4.3
1527394632.12	4300	58.905002	0.0	2152483	22	4.3
1527394635.96	4300	59.498766	0.0	2289689	22	4.3
1527394639.31	4300	59.74922	0.0	2059512	21	4.3
1527394643.16	4300	59.998858	0.0	2220726	22	4.3
1527394647.52	4300	59.998755	0.0	2156729	23	4.3
1527394651.36	4300	59.998986	0.0	2039773	17	4.3
1527394655.73	4300	59.74897	0.0	2176469	24	4.3
1527394659.57	4300	59.749381	0.0	2221506	22	4.3
1527394663.42	4300	59.748232	0.0	2044075	15	4.3
1527394667.28	4300	59.998743	0.0	2186790	25	4.3
1527394671.62	4300	59.498277	0.0	2105231	22	4.3
1527394675.47	4300	59.998063	0.0	2395588	28	4.3
1527394679.31	4300	59.998842	0.0	1972048	20	4.3
1527394683.15	4300	59.99893	0.0	2134614	18	4.3
1527394687.5	4300	59.998138	0.0	2164140	20	4.3
1527394691.34	4300	59.998202	0.0	2113193	21	4.3
1527394695.69	4300	59.497659	0.0	2147852	22	4.3
1527394699.52	4300	59.997818	0.0	2191074	14	4.3
1527394703.37	4300	59.998857	0.0	2286761	25	4.3
1527394707.22	4300	59.99755	0.0	2307787	22	4.3
1527394711.56	4300	59.498176	0.0	2143948	20	4.3
1527394715.41	4300	59.747583	0.0	1919781	18	4.3
1527394719.25	4300	59.998596	0.0	2147467	18	4.3
1527394723.1	4300	59.997452	0.0	2133870	26	4.3
1527394727.47	4300	59.748355	0.0	2146120	49	4.3
1527394731.32	4300	59.747999	0.0	2108491	25	4.3
1527394735.68	4300	59.498059	0.0	2184571	31	4.3
1527394739.53	4300	59.997715	0.0	2121928	23	4.3
1527394743.37	4300	59.998659	0.0	2219102	20	4.3
1527394747.23	4300	59.997698	0.0	2124950	23	4.3
1527394751.08	4300	59.998529	0.0	2246506	22	4.3
1527394755.42	4300	59.748393	0.0	1961140	19	4.3
1527394759.26	4300	59.997444	0.0	2155012	21	4.3
1527394761.09	4300	59.677578	0.0	1433658	17	4.3

1527394761.86	750	4	0.026	2354772	6	-0.11180000000000001
1527394762.18	4300	7.978068	0.0	2123065	10	0.75
1527394762.51	4300	11.646075	0.0	2177073	15	4.3
1527394762.85	4300	15.303713	0.0	2160877	32	4.3
1527394763.19	4300	18.965834	0.0	2233056	27	4.3
1527394763.52	4300	22.635491	0.0	1941625	21	4.3
1527394763.85	4300	26.29896	0.0	2157535	20	4.3
1527394764.19	4300	29.962678	0.0	2290172	20	4.3
1527394764.53	4300	33.621109	0.0	2055469	25	4.3
1527394764.87	4300	37.283523	0.0	2169201	25	4.3
1527394765.2	4300	40.949247	0.0	2173522	21	4.3
1527394765.53	4300	44.620154	0.0	2102452	17	4.3
1527394765.87	4300	48.288124	0.0	2209463	19	4.3
1527394766.21	4300	51.940423	0.0	2275376	35	4.3
1527394766.55	4300	55.60587	0.0	2005399	23	4.3
1527394766.88	4300	59.272115	0.0	2152483	23	4.3
1527394770.22	4300	59.997824	0.0	2289689	20	4.3
1527394774.57	4300	59.748902	0.0	2059512	22	4.3
1527394778.43	4300	59.749342	0.0	2220726	26	4.3
1527394782.27	4300	59.998712	0.0	2156729	25	4.3
1527394786.62	4300	59.748831	0.0	2039773	20	4.3
1527394790.46	4300	59.998982	0.0	2176469	23	4.3
1527394794.81	4300	59.748158	0.0	2221506	23	4.3
1527394798.65	4300	59.748509	0.0	2044075	21	4.3
1527394802.5	4300	59.748068	0.0	2186790	14	4.3
1527394806.35	4300	59.998351	0.0	2105231	23	4.3
1527394810.2	4300	59.999147	0.0	2395588	28	4.3
1527394814.54	4300	59.747721	0.0	1972048	20	4.3
