1527432228.5	750	4	0.026	2354772	7	-0.11180000000000001
1527432228.84	4300	7.958324	0.0	2123065	26	0.75
1527432229.17	4300	11.621783	0.0	2177073	21	4.3
1527432229.51	4300	15.286463	0.0	2160877	21	4.3
1527432229.83	4300	18.96195	0.0	2233056	14	4.3
1527432230.15	4300	22.644491	0.0	1941625	12	4.3
1527432230.49	4300	26.304698	0.0	2157535	27	4.3
1527432230.81	4300	29.984802	0.0	2290172	13	4.3
1527432231.15	4300	33.645868	0.0	2055469	22	4.3
1527432231.48	4300	37.310037	0.0	2169201	23	4.3
1527432231.81	4300	40.985554	0.0	2173522	15	4.3
1527432232.15	4300	44.646289	0.0	2102452	11	4.3
1527432232.48	4300	48.315269	0.0	2209463	18	4.3
1527432232.82	4300	51.970975	0.0	2275376	28	4.3
1527432233.16	4300	55.63743	0.0	2005399	21	4.3
1527432233.5	4300	59.297307	0.0	2152483	16	4.3
1527432236.85	4300	59.997637	0.0	2289689	27	4.3
1527432241.19	4300	59.998964	0.0	2059512	21	4.3
1527432245.04	4300	59.999246	0.0	2220726	20	4.3
1527432249.36	4300	59.499222	0.0	2156729	7	4.3
1527432253.2	4300	59.998937	0.0	2039773	20	4.3
1527432257.54	4300	59.748764	0.0	2176469	23	4.3
1527432260.89	4300	59.999009	0.0	2221506	23	4.3
1527432265.23	4300	59.749309	0.0	2044075	19	4.3
1527432269.08	4300	59.747808	0.0	2186790	22	4.3
1527432273.42	4300	59.747938	0.0	2105231	19	4.3
1527432277.27	4300	59.749472	0.0	2395588	25	4.3
1527432281.12	4300	59.997791	0.0	1972048	29	4.3
1527432284.97	4300	59.998827	0.0	2134614	24	4.3
1527432288.81	4300	59.999318	0.0	2164140	24	4.3
1527432293.15	4300	59.998435	0.0	2113193	21	4.3
1527432297.0	4300	59.999438	0.0	2147852	23	4.3
1527432301.34	4300	59.499097	0.0	2191074	22	4.3
1527432305.19	4300	59.748078	0.0	2286761	24	4.3
1527432309.54	4300	59.498127	0.0	2307787	25	4.3
1527432313.38	4300	59.748199	0.0	2143948	23	4.3
1527432317.23	4300	59.748608	0.0	1919781	19	4.3
1527432321.07	4300	59.748689	0.0	2147467	21	4.3
1527432325.44	4300	59.497602	0.0	2133870	44	4.3
1527432329.28	4300	59.997766	0.0	2146120	24	4.3
1527432333.13	4300	59.748598	0.0	2108491	27	4.3
1527432337.49	4300	59.497702	0.0	2184571	27	4.3
1527432341.34	4300	59.747969	0.0	2121928	24	4.3
1527432345.19	4300	59.748071	0.0	2219102	24	4.3
1527432349.04	4300	59.999205	0.0	2124950	25	4.3
1527432352.89	4300	59.998863	0.0	2246506	25	4.3
1527432357.24	4300	59.74884	0.0	1961140	22	4.3
1527432361.08	4300	59.998715	0.0	2155012	23	4.3
1527432362.91	4300	59.928575	0.0	1433658	17	4.3

1527432363.66	750	4	0.014	450283	1	-0.06020000000000003
1527432364.01	4300	7.953214	0.0	2123065	18	0.75
1527432364.35	4300	11.609336	0.0	2177073	28	4.3
1527432364.68	4300	15.274628	0.0	2160877	22	4.3
1527432365.03	4300	18.932314	0.0	2233056	22	4.3
1527432365.37	4300	22.590693	0.0	1941625	33	4.3
1527432365.7	4300	26.257444	0.0	2157535	21	4.3
1527432366.02	4300	29.942153	0.0	2290172	12	4.3
1527432366.36	4300	33.601827	0.0	2055469	23	4.3
1527432366.68	4300	37.274733	0.0	2169201	16	4.3
1527432367.02	4300	40.940254	0.0	2173522	25	4.3
1527432367.35	4300	44.606386	0.0	2102452	22	4.3
1527432367.69	4300	48.272737	0.0	2209463	23	4.3
1527432368.01	4300	51.946689	0.0	2275376	16	4.3
1527432368.34	4300	55.619988	0.0	2005399	15	4.3
1527432368.67	4300	59.286294	0.0	2152483	22	4.3
1527432372.01	4300	59.998904	0.0	2289689	22	4.3
1527432376.35	4300	59.749125	0.0	2059512	18	4.3
1527432380.24	4300	59.997945	0.0	2220726	31	4.3
1527432384.09	4300	59.99904	0.0	2156729	24	4.3
1527432388.43	4300	59.749522	0.0	2039773	22	4.3
1527432392.28	4300	59.997996	0.0	2176469	25	4.3
1527432396.62	4300	59.499129	0.0	2221506	25	4.3
1527432400.47	4300	59.498871	0.0	2044075	23	4.3
1527432404.31	4300	59.748791	0.0	2186790	26	4.3
1527432408.65	4300	59.74822	0.0	2105231	21	4.3
1527432412.0	4300	59.998007	0.0	2395588	27	4.3
1527432416.35	4300	59.997953	0.0	1972048	24	4.3
1527432420.19	4300	59.998993	0.0	2134614	21	4.3
1527432424.53	4300	59.498203	0.0	2164140	19	4.3
1527432428.37	4300	59.749418	0.0	2113193	23	4.3
1527432432.71	4300	59.248597	0.0	2147852	20	4.3
1527432436.57	4300	59.498398	0.0	2191074	25	4.3
1527432440.41	4300	59.998501	0.0	2286761	22	4.3
1527432444.25	4300	59.748698	0.0	2307787	21	4.3
1527432448.08	4300	59.997742	0.0	2143948	16	4.3
1527432452.43	4300	59.998292	0.0	1919781	21	4.3
1527432456.27	4300	59.748342	0.0	2147467	23	4.3
1527432460.18	4300	59.997726	0.0	2133870	28	4.3
1527432464.52	4300	59.748081	0.0	2146120	20	4.3
1527432468.36	4300	59.998117	0.0	2108491	23	4.3
1527432472.71	4300	59.749165	0.0	2184571	23	4.3
1527432476.05	4300	59.999075	0.0	2121928	23	4.3
1527432480.41	4300	59.748889	0.0	2219102	26	4.3
1527432484.27	4300	59.748878	0.0	2124950	23	4.3
1527432488.61	4300	59.748468	0.0	2246506	21	4.3
1527432492.46	4300	59.748416	0.0	1961140	19	4.3
1527432496.3	4300	59.748268	0.0	2155012	21	4.3
1527432498.13	4300	59.678793	0.0	1433658	17	4.3

1527432498.92	750	4	0.025	2354772	7	-0.10750000000000004
