1527489202.25	750	4	0.029	2354772	8	-0.12470000000000003
1527489202.61	4300	7.9709	0.0	2123065	13	0.75
1527489202.95	4300	11.635554	0.0	2177073	14	4.3
1527489203.26	4300	15.324286	0.0	2160877	7	4.3
1527489203.6	4300	18.98314	0.0	2233056	24	4.3
1527489203.93	4300	22.648707	0.0	1941625	16	4.3
1527489204.26	4300	26.323004	0.0	2157535	15	4.3
1527489204.58	4300	29.99874	0.0	2290172	15	4.3
1527489204.9	4300	33.683172	0.0	2055469	10	4.3
1527489205.24	4300	37.343522	0.0	2169201	26	4.3
1527489205.59	4300	40.99559	0.0	2173522	35	4.3
1527489205.93	4300	44.652255	0.0	2102452	24	4.3
1527489206.26	4300	48.316522	0.0	2209463	22	4.3
1527489206.58	4300	51.996822	0.0	2275376	14	4.3
1527489206.9	4300	55.677428	0.0	2005399	12	4.3
1527489207.23	4300	59.349357	0.0	2152483	13	4.3
1527489211.06	4300	59.998253	0.0	2289689	13	4.3
1527489214.9	4300	59.997919	0.0	2059512	20	4.3
1527489218.75	4300	59.998372	0.0	2220726	20	4.3
1527489222.61	4300	59.999333	0.0	2156729	26	4.3
1527489226.96	4300	59.99893	0.0	2039773	22	4.3
1527489230.81	4300	59.998771	0.0	2176469	22	4.3
1527489234.65	4300	59.998986	0.0	2221506	19	4.3
1527489238.99	4300	59.748236	0.0	2044075	18	4.3
1527489242.84	4300	59.749327	0.0	2186790	20	4.3
1527489247.18	4300	59.499095	0.0	2105231	20	4.3
1527489251.03	4300	59.748376	0.0	2395588	22	4.3
1527489254.9	4300	59.748496	0.0	1972048	39	4.3
1527489258.75	4300	59.998653	0.0	2134614	26	4.3
1527489262.61	4300	59.998942	0.0	2164140	25	4.3
1527489266.95	4300	59.74937	0.0	2113193	18	4.3
1527489270.8	4300	59.998598	0.0	2147852	22	4.3
1527489275.14	4300	59.498863	0.0	2191074	19	4.3
1527489278.99	4300	59.998412	0.0	2286761	23	4.3
1527489282.85	4300	59.74809	0.0	2307787	26	4.3
1527489287.2	4300	59.748788	0.0	2143948	23	4.3
1527489291.05	4300	59.749013	0.0	1919781	21	4.3
1527489294.9	4300	59.748405	0.0	2147467	23	4.3
1527489299.27	4300	59.498469	0.0	2133870	42	4.3
1527489302.63	4300	59.99913	0.0	2146120	24	4.3
1527489306.98	4300	59.998134	0.0	2108491	23	4.3
1527489310.84	4300	59.748834	0.0	2184571	24	4.3
1527489314.69	4300	59.998945	0.0	2121928	22	4.3
1527489319.05	4300	59.749215	0.0	2219102	26	4.3
1527489322.9	4300	59.749235	0.0	2124950	22	4.3
1527489327.26	4300	59.498484	0.0	2246506	22	4.3
1527489331.1	4300	59.498627	0.0	1961140	18	4.3
1527489334.96	4300	59.998581	0.0	2155012	24	4.3
1527489336.79	4300	59.678989	0.0	1433658	17	4.3

1527489337.56	750	4	0.021	668286	3	-0.09030000000000005
1527489337.91	4300	7.947996	0.0	2123065	21	0.75
1527489338.25	4300	11.610229	0.0	2177073	21	4.3
1527489338.6	4300	15.259164	0.0	2160877	27	4.3
1527489338.94	4300	18.918465	0.0	2233056	10	4.3
1527489339.28	4300	22.578739	0.0	1941625	21	4.3
1527489339.62	4300	26.241787	0.0	2157535	24	4.3
1527489339.95	4300	29.904753	0.0	2290172	21	4.3
1527489340.3	4300	33.56022	0.0	2055469	22	4.3
1527489340.64	4300	37.217104	0.0	2169201	25	4.3
1527489340.98	4300	40.881614	0.0	2173522	18	4.3
1527489341.32	4300	44.539083	0.0	2102452	23	4.3
1527489341.66	4300	48.199716	0.0	2209463	24	4.3
1527489342.01	4300	51.850185	0.0	2275376	28	4.3
1527489342.34	4300	55.513111	0.0	2005399	23	4.3
1527489342.66	4300	59.190818	0.0	2152483	14	4.3
1527489346.5	4300	59.498729	0.0	2289689	15	4.3
1527489350.35	4300	59.749534	0.0	2059512	23	4.3
1527489354.19	4300	59.998535	0.0	2220726	23	4.3
1527489358.54	4300	59.748787	0.0	2156729	22	4.3
1527489361.88	4300	59.998152	0.0	2039773	21	4.3
1527489366.23	4300	59.999147	0.0	2176469	17	4.3
1527489370.07	4300	59.999424	0.0	2221506	20	4.3
1527489373.93	4300	59.999205	0.0	2044075	23	4.3
1527489378.28	4300	59.74811	0.0	2186790	23	4.3
1527489382.13	4300	59.748758	0.0	2105231	23	4.3
1527489385.98	4300	59.998632	0.0	2395588	21	4.3
1527489390.34	4300	59.99879	0.0	1972048	22	4.3
1527489394.2	4300	59.998031	0.0	2134614	36	4.3
1527489398.05	4300	59.999497	0.0	2164140	25	4.3
1527489402.4	4300	59.499446	0.0	2113193	24	4.3
1527489406.25	4300	59.997848	0.0	2147852	25	4.3
1527489410.09	4300	59.997912	0.0	2191074	21	4.3
1527489413.94	4300	59.99866	0.0	2286761	18	4.3
1527489418.29	4300	59.999161	0.0	2307787	23	4.3
1527489422.15	4300	59.749309	0.0	2143948	23	4.3
1527489426.49	4300	59.747852	0.0	1919781	19	4.3
1527489430.34	4300	59.747892	0.0	2147467	22	4.3
1527489434.18	4300	59.748331	0.0	2133870	19	4.3
1527489438.55	4300	59.497754	0.0	2146120	25	4.3
1527489441.9	4300	59.997605	0.0	2108491	24	4.3
1527489446.25	4300	59.748867	0.0	2184571	24	4.3
1527489450.6	4300	59.748232	0.0	2121928	25	4.3
1527489453.95	4300	59.99782	0.0	2219102	27	4.3
1527489458.3	4300	59.997608	0.0	2124950	19	4.3
1527489462.15	4300	59.74846	0.0	2246506	20	4.3
1527489466.5	4300	59.498254	0.0	1961140	21	4.3
1527489470.35	4300	59.997732	0.0	2155012	22	4.3
1527489471.69	4300	59.927567	0.0	1433658	17	4.3

1527489472.45	750	4	0.015	668286	2	-0.0645
1527489472.81	4300	7.946913	0.0	2123065	18	0.75
1527489473.14	4300	11.610495	0.0	2177073	21	4.3
1527489473.46	4300	15.297557	0.0	2160877	10	4.3
1527489473.8	4300	18.954092	0.0	2233056	26	4.3
1527489474.14	4300	22.620929	0.0	1941625	21	4.3
1527489474.48	4300	26.272511	0.0	2157535	34	4.3
1527489474.82	4300	29.932488	0.0	2290172	25	4.3
1527489475.16	4300	33.599372	0.0	2055469	22	4.3
1527489475.49	4300	37.265245	0.0	2169201	22	4.3
1527489475.82	4300	40.934898	0.0	2173522	18	4.3
1527489476.16	4300	44.601439	0.0	2102452	20	4.3
1527489476.5	4300	48.25717	0.0	2209463	25	4.3
1527489476.84	4300	51.919712	0.0	2275376	24	4.3
1527489477.17	4300	55.587198	0.0	2005399	20	4.3
1527489477.52	4300	59.23767	0.0	2152483	34	4.3
1527489481.37	4300	59.4987	0.0	2289689	26	4.3
1527489485.22	4300	59.998555	0.0	2059512	20	4.3
1527489489.07	4300	59.748577	0.0	2220726	25	4.3
1527489492.92	4300	59.99883	0.0	2156729	24	4.3
1527489496.76	4300	59.99876	0.0	2039773	20	4.3
1527489501.12	4300	59.747861	0.0	2176469	24	4.3
