1527486256.91	750	4	0.028	2354772	9	-0.12039999999999995
1527486257.28	4300	7.962144	0.0	2123065	23	0.75
1527486257.61	4300	11.626731	0.0	2177073	20	4.3
1527486257.95	4300	15.29037	0.0	2160877	20	4.3
1527486258.29	4300	18.947722	0.0	2233056	26	4.3
1527486258.63	4300	22.612439	0.0	1941625	21	4.3
1527486258.96	4300	26.277889	0.0	2157535	20	4.3
1527486259.31	4300	29.93049	0.0	2290172	25	4.3
1527486259.65	4300	33.593946	0.0	2055469	22	4.3
1527486259.98	4300	37.258298	0.0	2169201	20	4.3
1527486260.33	4300	40.911027	0.0	2173522	14	4.3
1527486260.67	4300	44.570503	0.0	2102452	24	4.3
1527486261.0	4300	48.235546	0.0	2209463	20	4.3
1527486261.35	4300	51.889969	0.0	2275376	25	4.3
1527486261.68	4300	55.55504	0.0	2005399	23	4.3
1527486262.02	4300	59.221471	0.0	2152483	20	4.3
1527486265.34	4300	59.998963	0.0	2289689	7	4.3
1527486269.69	4300	59.748776	0.0	2059512	22	4.3
1527486273.54	4300	59.748615	0.0	2220726	24	4.3
1527486277.9	4300	59.749138	0.0	2156729	25	4.3
1527486281.25	4300	59.999162	0.0	2039773	22	4.3
1527486285.6	4300	59.749566	0.0	2176469	21	4.3
1527486289.95	4300	59.748034	0.0	2221506	22	4.3
1527486293.29	4300	59.998953	0.0	2044075	22	4.3
1527486297.65	4300	59.998329	0.0	2186790	23	4.3
1527486301.5	4300	59.748194	0.0	2105231	24	4.3
1527486305.34	4300	59.998252	0.0	2395588	21	4.3
1527486309.66	4300	59.749047	0.0	1972048	6	4.3
1527486313.52	4300	59.747938	0.0	2134614	25	4.3
1527486317.37	4300	59.999261	0.0	2164140	26	4.3
1527486321.71	4300	59.749021	0.0	2113193	19	4.3
1527486325.56	4300	59.749192	0.0	2147852	23	4.3
1527486329.91	4300	59.748529	0.0	2191074	23	4.3
1527486333.26	4300	59.998889	0.0	2286761	20	4.3
1527486337.61	4300	59.998342	0.0	2307787	25	4.3
1527486341.96	4300	59.498707	0.0	2143948	24	4.3
1527486345.3	4300	59.998395	0.0	1919781	21	4.3
1527486349.65	4300	59.748596	0.0	2147467	18	4.3
1527486353.5	4300	59.998964	0.0	2133870	20	4.3
1527486357.85	4300	59.497724	0.0	2146120	22	4.3
1527486361.7	4300	59.747724	0.0	2108491	23	4.3
1527486365.55	4300	59.748668	0.0	2184571	24	4.3
1527486369.9	4300	59.748459	0.0	2121928	19	4.3
1527486373.75	4300	59.498611	0.0	2219102	21	4.3
1527486377.59	4300	59.748728	0.0	2124950	18	4.3
1527486381.95	4300	59.747349	0.0	2246506	25	4.3
1527486385.29	4300	59.998757	0.0	1961140	22	4.3
1527486389.64	4300	59.749247	0.0	2155012	18	4.3
1527486391.47	4300	59.679098	0.0	1433658	17	4.3

1527486392.21	750	4	0.016	668286	2	-0.06879999999999997
1527486392.56	4300	7.956562	0.0	2123065	16	0.75
1527486392.89	4300	11.620866	0.0	2177073	21	4.3
1527486393.22	4300	15.295103	0.0	2160877	15	4.3
1527486393.57	4300	18.940908	0.0	2233056	35	4.3
1527486393.92	4300	22.597286	0.0	1941625	23	4.3
1527486394.26	4300	26.256352	0.0	2157535	23	4.3
1527486394.59	4300	29.922523	0.0	2290172	21	4.3
1527486394.92	4300	33.59025	0.0	2055469	21	4.3
1527486395.26	4300	37.256184	0.0	2169201	19	4.3
1527486395.6	4300	40.91351	0.0	2173522	25	4.3
1527486395.94	4300	44.57592	0.0	2102452	22	4.3
1527486396.27	4300	48.240418	0.0	2209463	21	4.3
1527486396.63	4300	51.889394	0.0	2275376	25	4.3
1527486396.96	4300	55.554792	0.0	2005399	20	4.3
1527486397.29	4300	59.223836	0.0	2152483	20	4.3
1527486401.14	4300	59.499702	0.0	2289689	22	4.3
1527486404.99	4300	59.749181	0.0	2059512	22	4.3
1527486408.81	4300	59.998754	0.0	2220726	10	4.3
1527486412.66	4300	59.999335	0.0	2156729	17	4.3
1527486417.0	4300	59.747633	0.0	2039773	18	4.3
1527486420.84	4300	59.747856	0.0	2176469	22	4.3
1527486424.69	4300	59.998435	0.0	2221506	20	4.3
1527486429.05	4300	59.497846	0.0	2044075	23	4.3
1527486432.89	4300	59.99785	0.0	2186790	23	4.3
1527486437.24	4300	59.748067	0.0	2105231	24	4.3
1527486440.59	4300	59.997963	0.0	2395588	25	4.3
1527486444.94	4300	59.998027	0.0	1972048	22	4.3
1527486448.79	4300	59.748638	0.0	2134614	25	4.3
1527486453.14	4300	59.749045	0.0	2164140	26	4.3
1527486456.99	4300	59.749011	0.0	2113193	24	4.3
1527486460.84	4300	59.747541	0.0	2147852	21	4.3
1527486465.19	4300	59.498745	0.0	2191074	23	4.3
1527486468.54	4300	59.998017	0.0	2286761	25	4.3
1527486472.89	4300	59.998657	0.0	2307787	21	4.3
1527486476.73	4300	59.998987	0.0	2143948	21	4.3
1527486481.08	4300	59.498904	0.0	1919781	19	4.3
1527486484.92	4300	59.749027	0.0	2147467	20	4.3
1527486488.78	4300	59.998841	0.0	2133870	33	4.3
1527486492.63	4300	59.998481	0.0	2146120	24	4.3
1527486496.98	4300	59.748529	0.0	2108491	20	4.3
1527486500.83	4300	59.749257	0.0	2184571	21	4.3
1527486504.68	4300	59.997545	0.0	2121928	25	4.3
1527486509.03	4300	59.497977	0.0	2219102	25	4.3
1527486512.88	4300	59.749122	0.0	2124950	24	4.3
1527486516.72	4300	59.998578	0.0	2246506	22	4.3
1527486521.06	4300	59.498415	0.0	1961140	20	4.3
1527486524.91	4300	59.749246	0.0	2155012	24	4.3
1527486526.75	4300	59.678651	0.0	1433658	21	4.3

1527486527.49	750	4	0.016	668286	3	-0.06879999999999997
1527486527.84	4300	7.95422	0.0	2123065	18	0.75
1527486528.18	4300	11.609886	0.0	2177073	29	4.3
1527486528.52	4300	15.273324	0.0	2160877	23	4.3
1527486528.85	4300	18.939274	0.0	2233056	20	4.3
1527486529.19	4300	22.601587	0.0	1941625	20	4.3
1527486529.53	4300	26.262221	0.0	2157535	23	4.3
1527486529.87	4300	29.923832	0.0	2290172	23	4.3
1527486530.2	4300	33.592007	0.0	2055469	19	4.3
1527486530.54	4300	37.249072	0.0	2169201	23	4.3
1527486530.88	4300	40.907983	0.0	2173522	23	4.3
1527486531.21	4300	44.574178	0.0	2102452	20	4.3
1527486531.56	4300	48.231594	0.0	2209463	22	4.3
1527486531.89	4300	51.896097	0.0	2275376	14	4.3
1527486532.23	4300	55.56008	0.0	2005399	23	4.3
1527486532.55	4300	59.240341	0.0	2152483	12	4.3
1527486536.4	4300	59.749405	0.0	2289689	27	4.3
1527486540.24	4300	59.999101	0.0	2059512	19	4.3
1527486544.09	4300	59.7479	0.0	2220726	19	4.3
1527486548.44	4300	59.498573	0.0	2156729	24	4.3
1527486551.79	4300	59.998059	0.0	2039773	22	4.3
1527486556.14	4300	59.999101	0.0	2176469	20	4.3
1527486559.98	4300	59.999231	0.0	2221506	21	4.3
1527486563.83	4300	59.998933	0.0	2044075	20	4.3
1527486568.19	4300	59.749341	0.0	2186790	23	4.3
1527486572.04	4300	59.998994	0.0	2105231	24	4.3
1527486575.89	4300	59.999409	0.0	2395588	23	4.3
1527486580.24	4300	59.749055	0.0	1972048	22	4.3
1527486584.09	4300	59.748427	0.0	2134614	28	4.3
1527486587.94	4300	59.999163	0.0	2164140	24	4.3
1527486592.29	4300	59.749694	0.0	2113193	22	4.3
1527486596.13	4300	59.998795	0.0	2147852	22	4.3
1527486600.48	4300	59.498819	0.0	2191074	21	4.3
1527486603.82	4300	59.999057	0.0	2286761	24	4.3
