1527536035.24	750	4	0.025	2354772	7	-0.10750000000000004
1527536035.63	4300	7.612041	0.0	2123065	25	0.75
1527536036.02	4300	11.226546	0.0	2177073	26	4.3
1527536036.41	4300	14.838542	0.0	2160877	24	4.3
1527536036.8	4300	18.447883	0.0	2233056	24	4.3
1527536037.18	4300	22.064006	0.0	1941625	23	4.3
1527536037.56	4300	25.685938	0.0	2157535	18	4.3
1527536037.94	4300	29.302195	0.0	2290172	25	4.3
1527536038.33	4300	32.918847	0.0	2055469	22	4.3
1527536038.71	4300	36.530481	0.0	2169201	24	4.3
1527536039.09	4300	40.153236	0.0	2173522	18	4.3
1527536039.49	4300	43.757106	0.0	2102452	39	4.3
1527536039.87	4300	47.377668	0.0	2209463	21	4.3
1527536040.25	4300	50.992115	0.0	2275376	25	4.3
1527536040.64	4300	54.610213	0.0	2005399	22	4.3
1527536041.03	4300	58.222159	0.0	2152483	25	4.3
1527536043.43	4300	59.999168	0.0	2289689	27	4.3
1527536047.33	4300	59.99919	0.0	2059512	23	4.3
1527536051.73	4300	59.749106	0.0	2220726	34	4.3
1527536055.62	4300	59.998882	0.0	2156729	20	4.3
1527536059.54	4300	59.748053	0.0	2039773	21	4.3
1527536063.94	4300	59.747824	0.0	2176469	23	4.3
1527536067.34	4300	59.998944	0.0	2221506	23	4.3
1527536071.74	4300	59.999036	0.0	2044075	22	4.3
1527536075.63	4300	59.749071	0.0	2186790	21	4.3
1527536079.52	4300	59.748837	0.0	2105231	23	4.3
1527536083.42	4300	59.998337	0.0	2395588	28	4.3
1527536087.82	4300	59.497881	0.0	1972048	22	4.3
1527536091.74	4300	59.748487	0.0	2134614	21	4.3
1527536095.64	4300	59.749194	0.0	2164140	33	4.3
1527536099.54	4300	59.747756	0.0	2113193	21	4.3
1527536103.96	4300	59.497819	0.0	2147852	24	4.3
1527536107.87	4300	59.499416	0.0	2191074	25	4.3
1527536111.77	4300	59.749048	0.0	2286761	24	4.3
1527536115.67	4300	59.749102	0.0	2307787	26	4.3
1527536119.57	4300	59.997965	0.0	2143948	24	4.3
1527536123.97	4300	59.497959	0.0	1919781	22	4.3
1527536127.36	4300	59.99884	0.0	2147467	22	4.3
1527536131.25	4300	59.998295	0.0	2133870	20	4.3
1527536135.65	4300	59.749294	0.0	2146120	23	4.3
1527536139.54	4300	59.998616	0.0	2108491	17	4.3
1527536143.43	4300	59.998281	0.0	2184571	21	4.3
1527536147.33	4300	59.998415	0.0	2121928	21	4.3
1527536151.73	4300	59.748807	0.0	2219102	23	4.3
1527536155.64	4300	59.748589	0.0	2124950	23	4.3
1527536159.51	4300	59.998486	0.0	2246506	17	4.3
1527536163.9	4300	59.498006	0.0	1961140	21	4.3
1527536167.26	4300	59.998362	0.0	2155012	20	4.3
1527536169.11	4300	59.928042	0.0	1433658	15	4.3

1527536169.89	750	4	0.015	668286	2	-0.0645
1527536170.29	4300	7.949371	0.0	2123065	15	0.75
1527536170.67	4300	11.567904	0.0	2177073	21	4.3
1527536171.06	4300	15.185239	0.0	2160877	24	4.3
1527536171.44	4300	18.79765	0.0	2233056	25	4.3
1527536171.83	4300	22.413504	0.0	1941625	21	4.3
1527536172.21	4300	26.034406	0.0	2157535	19	4.3
1527536172.6	4300	29.637903	0.0	2290172	29	4.3
1527536172.98	4300	33.259255	0.0	2055469	18	4.3
1527536173.37	4300	36.875424	0.0	2169201	24	4.3
1527536173.74	4300	40.507494	0.0	2173522	14	4.3
1527536174.12	4300	44.124083	0.0	2102452	22	4.3
1527536174.5	4300	47.737304	0.0	2209463	25	4.3
1527536174.89	4300	51.349454	0.0	2275376	26	4.3
1527536175.28	4300	54.961574	0.0	2005399	22	4.3
1527536175.67	4300	58.568289	0.0	2152483	23	4.3
1527536178.58	4300	59.749704	0.0	2289689	21	4.3
1527536182.49	4300	59.998906	0.0	2059512	23	4.3
1527536186.89	4300	59.499471	0.0	2220726	24	4.3
1527536190.8	4300	59.499099	0.0	2156729	24	4.3
1527536194.69	4300	59.749734	0.0	2039773	23	4.3
1527536198.6	4300	59.997826	0.0	2176469	25	4.3
1527536202.5	4300	59.748662	0.0	2221506	23	4.3
1527536206.9	4300	59.499256	0.0	2044075	22	4.3
1527536210.34	4300	59.998187	0.0	2186790	24	4.3
1527536214.73	4300	59.74897	0.0	2105231	18	4.3
1527536218.63	4300	59.748437	0.0	2395588	26	4.3
1527536222.53	4300	59.749209	0.0	1972048	24	4.3
1527536226.93	4300	59.499148	0.0	2134614	24	4.3
1527536230.32	4300	59.998812	0.0	2164140	21	4.3
1527536234.73	4300	59.998692	0.0	2113193	23	4.3
1527536238.62	4300	59.998743	0.0	2147852	20	4.3
1527536242.51	4300	59.747907	0.0	2191074	24	4.3
1527536246.41	4300	59.9983	0.0	2286761	27	4.3
1527536250.82	4300	59.749105	0.0	2307787	26	4.3
1527536254.69	4300	59.748247	0.0	2143948	11	4.3
1527536258.59	4300	59.749417	0.0	1919781	21	4.3
1527536262.98	4300	59.749564	0.0	2147467	18	4.3
1527536266.86	4300	59.497773	0.0	2133870	14	4.3
1527536270.27	4300	59.998215	0.0	2146120	27	4.3
1527536274.66	4300	59.748737	0.0	2108491	23	4.3
1527536278.55	4300	59.748698	0.0	2184571	21	4.3
1527536282.45	4300	59.998035	0.0	2121928	24	4.3
1527536286.35	4300	59.998154	0.0	2219102	24	4.3
1527536290.78	4300	59.497783	0.0	2124950	24	4.3
1527536294.66	4300	59.749421	0.0	2246506	24	4.3
1527536298.55	4300	59.749407	0.0	1961140	22	4.3
1527536302.93	4300	59.499036	0.0	2155012	24	4.3
1527536304.27	4300	59.663546	0.0	1433658	17	4.3

1527536305.06	750	4	0.016	668286	3	-0.06879999999999997
1527536305.45	4300	7.9561	0.0	2123065	12	0.75
1527536305.83	4300	11.569473	0.0	2177073	16	4.3
1527536306.22	4300	15.181747	0.0	2160877	11	4.3
1527536306.59	4300	18.809313	0.0	2233056	17	4.3
1527536306.98	4300	22.420545	0.0	1941625	22	4.3
1527536307.37	4300	26.029053	0.0	2157535	24	4.3
1527536307.76	4300	29.637639	0.0	2290172	26	4.3
1527536308.16	4300	33.246232	0.0	2055469	22	4.3
1527536308.54	4300	36.857753	0.0	2169201	26	4.3
1527536308.93	4300	40.468763	0.0	2173522	25	4.3
1527536309.33	4300	44.077976	0.0	2102452	26	4.3
1527536309.72	4300	47.685251	0.0	2209463	25	4.3
1527536310.1	4300	51.298877	0.0	2275376	26	4.3
1527536310.46	4300	54.943436	0.0	2005399	9	4.3
1527536310.84	4300	58.563811	0.0	2152483	20	4.3
1527536313.73	4300	59.998549	0.0	2289689	25	4.3
1527536317.63	4300	59.999415	0.0	2059512	22	4.3
1527536321.52	4300	59.998902	0.0	2220726	21	4.3
1527536325.44	4300	59.99947	0.0	2156729	25	4.3
1527536329.83	4300	59.749054	0.0	2039773	22	4.3
1527536333.72	4300	59.749003	0.0	2176469	22	4.3
1527536338.12	4300	59.498881	0.0	2221506	25	4.3
1527536342.05	4300	59.49792	0.0	2044075	23	4.3
1527536345.44	4300	59.999411	0.0	2186790	17	4.3
1527536349.84	4300	59.749064	0.0	2105231	20	4.3
1527536353.73	4300	59.748214	0.0	2395588	26	4.3
1527536357.65	4300	59.99891	0.0	1972048	22	4.3
1527536361.55	4300	59.998732	0.0	2134614	26	4.3
