1527401717.44	750	4	0.025	2354772	9	-0.10750000000000004
1527401717.78	4300	7.958471	0.0	2123065	25	0.75
1527401718.12	4300	11.618948	0.0	2177073	23	4.3
1527401718.45	4300	15.285517	0.0	2160877	19	4.3
1527401718.79	4300	18.952833	0.0	2233056	20	4.3
1527401719.13	4300	22.611033	0.0	1941625	24	4.3
1527401719.47	4300	26.272842	0.0	2157535	26	4.3
1527401719.8	4300	29.936296	0.0	2290172	22	4.3
1527401720.14	4300	33.596715	0.0	2055469	22	4.3
1527401720.48	4300	37.25582	0.0	2169201	25	4.3
1527401720.83	4300	40.913203	0.0	2173522	22	4.3
1527401721.18	4300	44.564846	0.0	2102452	37	4.3
1527401721.52	4300	48.224308	0.0	2209463	22	4.3
1527401721.86	4300	51.880387	0.0	2275376	25	4.3
1527401722.2	4300	55.538917	0.0	2005399	21	4.3
1527401722.55	4300	59.186825	0.0	2152483	25	4.3
1527401725.9	4300	59.998213	0.0	2289689	24	4.3
1527401730.25	4300	59.748045	0.0	2059512	24	4.3
1527401734.11	4300	59.998681	0.0	2220726	26	4.3
1527401738.46	4300	59.749531	0.0	2156729	23	4.3
1527401741.8	4300	59.997842	0.0	2039773	22	4.3
1527401746.15	4300	59.748046	0.0	2176469	23	4.3
1527401750.0	4300	59.748857	0.0	2221506	25	4.3
1527401754.35	4300	59.499188	0.0	2044075	21	4.3
1527401758.2	4300	59.749499	0.0	2186790	25	4.3
1527401762.04	4300	59.997852	0.0	2105231	21	4.3
1527401766.4	4300	59.499459	0.0	2395588	27	4.3
1527401769.76	4300	59.999053	0.0	1972048	26	4.3
1527401774.11	4300	59.997723	0.0	2134614	26	4.3
1527401778.47	4300	59.499242	0.0	2164140	25	4.3
1527401781.81	4300	59.998829	0.0	2113193	23	4.3
1527401786.16	4300	59.749598	0.0	2147852	21	4.3
1527401790.0	4300	59.998759	0.0	2191074	23	4.3
1527401793.86	4300	59.99904	0.0	2286761	25	4.3
1527401798.21	4300	59.748421	0.0	2307787	28	4.3
1527401802.06	4300	59.748679	0.0	2143948	23	4.3
1527401806.41	4300	59.74911	0.0	1919781	20	4.3
1527401809.75	4300	59.997658	0.0	2147467	20	4.3
1527401814.11	4300	59.748878	0.0	2133870	24	4.3
1527401817.96	4300	59.998015	0.0	2146120	23	4.3
1527401822.31	4300	59.498696	0.0	2108491	25	4.3
1527401826.15	4300	59.749244	0.0	2184571	21	4.3
1527401830.0	4300	59.748565	0.0	2121928	21	4.3
1527401833.86	4300	59.997839	0.0	2219102	25	4.3
1527401838.2	4300	59.748169	0.0	2124950	23	4.3
1527401842.05	4300	59.749491	0.0	2246506	24	4.3
1527401845.9	4300	59.998885	0.0	1961140	19	4.3
1527401850.25	4300	59.748545	0.0	2155012	24	4.3
1527401851.59	4300	59.927611	0.0	1433658	17	4.3

1527401852.35	750	4	0.025	2354772	8	-0.10750000000000004
1527401852.69	4300	7.959491	0.0	2123065	22	0.75
1527401853.04	4300	11.616652	0.0	2177073	24	4.3
1527401853.37	4300	15.278756	0.0	2160877	12	4.3
1527401853.71	4300	18.938899	0.0	2233056	25	4.3
1527401854.05	4300	22.605132	0.0	1941625	23	4.3
1527401854.38	4300	26.272975	0.0	2157535	21	4.3
1527401854.72	4300	29.93608	0.0	2290172	20	4.3
1527401855.06	4300	33.597474	0.0	2055469	22	4.3
1527401855.4	4300	37.257618	0.0	2169201	25	4.3
1527401855.73	4300	40.922651	0.0	2173522	23	4.3
1527401856.06	4300	44.589621	0.0	2102452	21	4.3
1527401856.4	4300	48.255686	0.0	2209463	19	4.3
1527401856.74	4300	51.911438	0.0	2275376	26	4.3
1527401857.08	4300	55.574764	0.0	2005399	22	4.3
1527401857.41	4300	59.242587	0.0	2152483	22	4.3
1527401861.25	4300	59.74939	0.0	2289689	24	4.3
1527401865.1	4300	59.749506	0.0	2059512	20	4.3
1527401868.94	4300	59.999328	0.0	2220726	19	4.3
1527401872.79	4300	59.998785	0.0	2156729	24	4.3
1527401877.64	4300	59.249139	0.0	2039773	21	4.3
1527401881.0	4300	59.748471	0.0	2176469	27	4.3
1527401885.35	4300	59.748675	0.0	2221506	24	4.3
1527401888.7	4300	59.999317	0.0	2044075	22	4.3
1527401893.04	4300	59.99832	0.0	2186790	21	4.3
1527401896.89	4300	59.997848	0.0	2105231	24	4.3
1527401901.23	4300	59.498004	0.0	2395588	26	4.3
1527401905.08	4300	59.998903	0.0	1972048	22	4.3
1527401908.93	4300	59.749749	0.0	2134614	29	4.3
1527401913.28	4300	59.748851	0.0	2164140	25	4.3
1527401917.13	4300	59.749373	0.0	2113193	23	4.3
1527401920.98	4300	59.74928	0.0	2147852	25	4.3
1527401925.32	4300	59.748661	0.0	2191074	22	4.3
1527401929.17	4300	59.499174	0.0	2286761	26	4.3
1527401933.03	4300	59.74906	0.0	2307787	18	4.3
1527401936.88	4300	59.999347	0.0	2143948	26	4.3
1527401940.73	4300	59.999452	0.0	1919781	19	4.3
1527401945.09	4300	59.748244	0.0	2147467	26	4.3
1527401948.94	4300	59.998616	0.0	2133870	26	4.3
1527401953.3	4300	59.747987	0.0	2146120	35	4.3
1527401957.14	4300	59.998741	0.0	2108491	20	4.3
1527401960.99	4300	59.749417	0.0	2184571	25	4.3
1527401965.34	4300	59.498853	0.0	2121928	23	4.3
1527401968.7	4300	59.998858	0.0	2219102	25	4.3
1527401973.05	4300	59.998621	0.0	2124950	23	4.3
1527401977.39	4300	59.747905	0.0	2246506	19	4.3
1527401980.74	4300	59.998552	0.0	1961140	21	4.3
1527401985.09	4300	59.749328	0.0	2155012	21	4.3
1527401986.42	4300	59.929133	0.0	1433658	17	4.3

1527401987.21	750	4	0.027	2354772	7	-0.11609999999999998
1527401987.57	4300	7.64305	0.0	2123065	38	0.75
1527401987.91	4300	11.301828	0.0	2177073	25	4.3
1527401988.22	4300	14.989505	0.0	2160877	7	4.3
1527401988.57	4300	18.644612	0.0	2233056	26	4.3
1527401988.9	4300	22.311544	0.0	1941625	21	4.3
1527401989.23	4300	25.978088	0.0	2157535	21	4.3
1527401989.57	4300	29.642339	0.0	2290172	21	4.3
1527401989.91	4300	33.298493	0.0	2055469	23	4.3
1527401990.25	4300	36.960747	0.0	2169201	28	4.3
1527401990.59	4300	40.625916	0.0	2173522	19	4.3
1527401990.92	4300	44.293194	0.0	2102452	19	4.3
1527401991.27	4300	47.945545	0.0	2209463	29	4.3
1527401991.6	4300	51.60822	0.0	2275376	23	4.3
1527401991.94	4300	55.275341	0.0	2005399	19	4.3
1527401992.27	4300	58.941247	0.0	2152483	21	4.3
1527401995.62	4300	59.748432	0.0	2289689	27	4.3
1527401999.47	4300	59.74923	0.0	2059512	19	4.3
1527402003.83	4300	59.747578	0.0	2220726	24	4.3
1527402007.68	4300	59.749601	0.0	2156729	24	4.3
1527402011.53	4300	59.748727	0.0	2039773	22	4.3
1527402015.36	4300	59.998348	0.0	2176469	19	4.3
1527402019.71	4300	59.997674	0.0	2221506	23	4.3
1527402023.56	4300	59.998011	0.0	2044075	21	4.3
1527402027.41	4300	59.999096	0.0	2186790	24	4.3
1527402031.77	4300	59.748151	0.0	2105231	27	4.3
1527402035.62	4300	59.747913	0.0	2395588	27	4.3
1527402039.47	4300	59.998348	0.0	1972048	14	4.3
1527402043.82	4300	59.74811	0.0	2134614	24	4.3
1527402047.67	4300	59.748575	0.0	2164140	25	4.3
1527402051.51	4300	59.998073	0.0	2113193	22	4.3
1527402055.36	4300	59.99827	0.0	2147852	21	4.3
1527402059.21	4300	59.999032	0.0	2191074	26	4.3
1527402063.56	4300	59.749146	0.0	2286761	26	4.3
