1527493483.4	750	4	0.026	2354772	8	-0.11180000000000001
1527493483.78	4300	7.959822	0.0	2123065	23	0.75
1527493484.11	4300	11.621782	0.0	2177073	22	4.3
1527493484.45	4300	15.288471	0.0	2160877	17	4.3
1527493484.79	4300	18.945341	0.0	2233056	26	4.3
1527493485.12	4300	22.610185	0.0	1941625	20	4.3
1527493485.46	4300	26.275032	0.0	2157535	20	4.3
1527493485.8	4300	29.938555	0.0	2290172	21	4.3
1527493486.14	4300	33.597042	0.0	2055469	22	4.3
1527493486.48	4300	37.257721	0.0	2169201	24	4.3
1527493486.82	4300	40.913796	0.0	2173522	20	4.3
1527493487.17	4300	44.56638	0.0	2102452	35	4.3
1527493487.5	4300	48.231938	0.0	2209463	21	4.3
1527493487.85	4300	51.885003	0.0	2275376	25	4.3
1527493488.19	4300	55.549888	0.0	2005399	22	4.3
1527493488.52	4300	59.215862	0.0	2152483	20	4.3
1527493492.38	4300	59.74791	0.0	2289689	26	4.3
1527493496.23	4300	59.749888	0.0	2059512	21	4.3
1527493500.57	4300	59.499067	0.0	2220726	19	4.3
1527493503.92	4300	59.999234	0.0	2156729	20	4.3
1527493507.77	4300	59.998956	0.0	2039773	23	4.3
1527493512.12	4300	59.747852	0.0	2176469	25	4.3
1527493516.47	4300	59.748896	0.0	2221506	26	4.3
1527493519.82	4300	59.998204	0.0	2044075	21	4.3
1527493524.18	4300	59.999124	0.0	2186790	25	4.3
1527493528.02	4300	59.749405	0.0	2105231	22	4.3
1527493532.37	4300	59.749253	0.0	2395588	22	4.3
1527493536.23	4300	59.998784	0.0	1972048	31	4.3
1527493540.08	4300	59.998439	0.0	2134614	24	4.3
1527493544.43	4300	59.748833	0.0	2164140	23	4.3
1527493548.28	4300	59.74929	0.0	2113193	21	4.3
1527493552.14	4300	59.749255	0.0	2147852	24	4.3
1527493555.99	4300	59.749018	0.0	2191074	22	4.3
1527493560.34	4300	59.498598	0.0	2286761	22	4.3
1527493564.2	4300	59.749392	0.0	2307787	25	4.3
1527493568.05	4300	59.749426	0.0	2143948	23	4.3
1527493572.41	4300	59.498649	0.0	1919781	22	4.3
1527493575.77	4300	59.998043	0.0	2147467	24	4.3
1527493580.13	4300	59.748985	0.0	2133870	24	4.3
1527493583.98	4300	59.999032	0.0	2146120	24	4.3
1527493587.83	4300	59.998571	0.0	2108491	28	4.3
1527493592.18	4300	59.998895	0.0	2184571	24	4.3
1527493596.03	4300	59.998598	0.0	2121928	24	4.3
1527493599.88	4300	59.998652	0.0	2219102	22	4.3
1527493604.24	4300	59.747818	0.0	2124950	21	4.3
1527493608.09	4300	59.7479	0.0	2246506	25	4.3
1527493611.94	4300	59.99917	0.0	1961140	20	4.3
1527493615.78	4300	59.99913	0.0	2155012	22	4.3
1527493617.62	4300	59.928601	0.0	1433658	16	4.3

1527493618.4	750	4	0.018	668286	3	-0.07740000000000002
1527493618.75	4300	7.948633	0.0	2123065	22	0.75
1527493619.09	4300	11.612867	0.0	2177073	17	4.3
1527493619.42	4300	15.285485	0.0	2160877	15	4.3
1527493619.78	4300	18.923211	0.0	2233056	38	4.3
1527493620.12	4300	22.58088	0.0	1941625	22	4.3
1527493620.46	4300	26.241269	0.0	2157535	24	4.3
1527493620.81	4300	29.89424	0.0	2290172	18	4.3
1527493621.14	4300	33.554367	0.0	2055469	24	4.3
1527493621.48	4300	37.218209	0.0	2169201	24	4.3
1527493621.81	4300	40.88669	0.0	2173522	17	4.3
1527493622.15	4300	44.55386	0.0	2102452	18	4.3
1527493622.48	4300	48.221221	0.0	2209463	16	4.3
1527493622.84	4300	51.861853	0.0	2275376	40	4.3
1527493623.18	4300	55.518989	0.0	2005399	21	4.3
1527493623.52	4300	59.180192	0.0	2152483	23	4.3
1527493626.85	4300	59.998411	0.0	2289689	14	4.3
1527493631.2	4300	59.740803	0.0	2059512	20	4.3
1527493635.04	4300	59.750104	0.0	2220726	22	4.3
1527493638.88	4300	59.999112	0.0	2156729	18	4.3
1527493642.74	4300	59.998517	0.0	2039773	23	4.3
1527493647.09	4300	59.749886	0.0	2176469	24	4.3
1527493651.44	4300	59.748493	0.0	2221506	25	4.3
1527493655.29	4300	59.499669	0.0	2044075	21	4.3
1527493659.14	4300	59.749391	0.0	2186790	20	4.3
1527493662.99	4300	59.749281	0.0	2105231	23	4.3
1527493666.84	4300	59.999253	0.0	2395588	24	4.3
1527493671.18	4300	59.749404	0.0	1972048	19	4.3
1527493675.04	4300	59.749777	0.0	2134614	28	4.3
1527493678.89	4300	59.999361	0.0	2164140	24	4.3
1527493682.74	4300	59.998018	0.0	2113193	24	4.3
1527493687.09	4300	59.999458	0.0	2147852	20	4.3
1527493691.44	4300	59.748952	0.0	2191074	18	4.3
1527493694.78	4300	59.998736	0.0	2286761	22	4.3
1527493699.14	4300	59.998684	0.0	2307787	27	4.3
1527493702.99	4300	59.749794	0.0	2143948	25	4.3
1527493706.83	4300	59.999334	0.0	1919781	21	4.3
1527493711.18	4300	59.749947	0.0	2147467	19	4.3
1527493715.03	4300	59.749057	0.0	2133870	21	4.3
1527493719.39	4300	59.498317	0.0	2146120	21	4.3
1527493723.24	4300	59.499042	0.0	2108491	25	4.3
1527493727.08	4300	59.749489	0.0	2184571	21	4.3
1527493731.43	4300	59.749584	0.0	2121928	19	4.3
1527493735.28	4300	59.49908	0.0	2219102	21	4.3
1527493739.14	4300	59.748146	0.0	2124950	22	4.3
1527493742.98	4300	59.749285	0.0	2246506	23	4.3
1527493747.33	4300	59.749233	0.0	1961140	19	4.3
1527493751.18	4300	59.749611	0.0	2155012	21	4.3
1527493753.02	4300	59.679091	0.0	1433658	17	4.3

1527493753.79	750	4	0.016	668286	3	-0.06879999999999997
1527493754.13	4300	7.956586	0.0	2123065	15	0.75
1527493754.47	4300	11.615052	0.0	2177073	28	4.3
1527493754.8	4300	15.285189	0.0	2160877	26	4.3
1527493755.13	4300	18.952157	0.0	2233056	21	4.3
1527493755.45	4300	22.635989	0.0	1941625	11	4.3
1527493755.79	4300	26.298775	0.0	2157535	25	4.3
1527493756.13	4300	29.956599	0.0	2290172	23	4.3
1527493756.47	4300	33.616958	0.0	2055469	21	4.3
1527493756.81	4300	37.278502	0.0	2169201	25	4.3
1527493757.14	4300	40.944469	0.0	2173522	22	4.3
1527493757.46	4300	44.622559	0.0	2102452	13	4.3
1527493757.8	4300	48.284307	0.0	2209463	24	4.3
1527493758.15	4300	51.940528	0.0	2275376	22	4.3
1527493758.49	4300	55.59869	0.0	2005399	23	4.3
1527493758.82	4300	59.264204	0.0	2152483	24	4.3
1527493762.66	4300	59.498426	0.0	2289689	13	4.3
1527493766.5	4300	59.748419	0.0	2059512	24	4.3
1527493770.35	4300	59.748945	0.0	2220726	21	4.3
1527493774.71	4300	59.498242	0.0	2156729	23	4.3
1527493778.56	4300	59.749274	0.0	2039773	25	4.3
1527493782.41	4300	59.748247	0.0	2176469	24	4.3
1527493786.25	4300	59.998808	0.0	2221506	21	4.3
1527493790.11	4300	59.998988	0.0	2044075	23	4.3
1527493794.46	4300	59.749162	0.0	2186790	23	4.3
1527493798.8	4300	59.748854	0.0	2105231	23	4.3
1527493802.65	4300	59.499241	0.0	2395588	27	4.3
1527493806.49	4300	59.998417	0.0	1972048	19	4.3
1527493810.34	4300	59.998827	0.0	2134614	21	4.3
1527493814.19	4300	59.99902	0.0	2164140	25	4.3
1527493818.54	4300	59.74888	0.0	2113193	25	4.3
1527493822.39	4300	59.749195	0.0	2147852	23	4.3
1527493826.74	4300	59.498769	0.0	2191074	21	4.3
1527493830.58	4300	59.748587	0.0	2286761	23	4.3
1527493834.42	4300	59.998966	0.0	2307787	21	4.3
1527493838.27	4300	59.998939	0.0	2143948	20	4.3
1527493842.62	4300	59.748837	0.0	1919781	20	4.3
1527493846.47	4300	59.748892	0.0	2147467	23	4.3
1527493850.34	4300	59.748832	0.0	2133870	45	4.3
