1527445706.99	750	4	0.028	2354772	9	-0.12039999999999995
1527445707.35	4300	7.967844	0.0	2123065	17	0.75
1527445707.69	4300	11.628364	0.0	2177073	15	4.3
1527445708.17	4300	15.140686	0.0	2160877	24	4.3
1527445708.51	4300	18.802924	0.0	2233056	23	4.3
1527445708.99	4300	22.323967	0.0	1941625	21	4.3
1527445709.47	4300	25.841836	0.0	2157535	24	4.3
1527445709.97	4300	29.349391	0.0	2290172	26	4.3
1527445710.45	4300	32.861356	0.0	2055469	23	4.3
1527445710.79	4300	36.52283	0.0	2169201	24	4.3
1527445711.14	4300	40.177096	0.0	2173522	25	4.3
1527445711.49	4300	43.82822	0.0	2102452	30	4.3
1527445711.82	4300	47.495658	0.0	2209463	19	4.3
1527445712.15	4300	51.162782	0.0	2275376	18	4.3
1527445712.49	4300	54.822422	0.0	2005399	23	4.3
1527445712.83	4300	58.483995	0.0	2152483	22	4.3
1527445715.67	4300	59.997748	0.0	2289689	22	4.3
1527445719.52	4300	59.998412	0.0	2059512	24	4.3
1527445723.38	4300	59.998478	0.0	2220726	35	4.3
1527445727.73	4300	59.997899	0.0	2156729	22	4.3
1527445731.58	4300	59.748847	0.0	2039773	23	4.3
1527445735.43	4300	59.997929	0.0	2176469	21	4.3
1527445739.78	4300	59.998922	0.0	2221506	26	4.3
1527445743.64	4300	59.74897	0.0	2044075	21	4.3
1527445747.48	4300	59.999019	0.0	2186790	24	4.3
1527445751.33	4300	59.998451	0.0	2105231	13	4.3
1527445755.69	4300	59.998549	0.0	2395588	26	4.3
1527445759.54	4300	59.998602	0.0	1972048	25	4.3
1527445763.4	4300	59.997688	0.0	2134614	33	4.3
1527445767.75	4300	59.998898	0.0	2164140	25	4.3
1527445771.61	4300	59.749279	0.0	2113193	24	4.3
1527445775.75	4300	59.998684	0.0	2147852	23	4.3
1527445779.74	4300	59.999029	0.0	2191074	24	4.3
1527445783.74	4300	59.749265	0.0	2286761	25	4.3
1527445787.74	4300	59.998455	0.0	2307787	26	4.3
1527445791.73	4300	59.998596	0.0	2143948	24	4.3
1527445795.72	4300	59.74835	0.0	1919781	21	4.3
1527445799.71	4300	59.749178	0.0	2147467	22	4.3
1527445803.71	4300	59.748603	0.0	2133870	20	4.3
1527445807.72	4300	59.998707	0.0	2146120	25	4.3
1527445811.71	4300	59.997551	0.0	2108491	23	4.3
1527445815.7	4300	59.997942	0.0	2184571	23	4.3
1527445819.7	4300	59.748764	0.0	2121928	21	4.3
1527445823.7	4300	59.997613	0.0	2219102	25	4.3
1527445827.69	4300	59.998941	0.0	2124950	24	4.3
1527445831.68	4300	59.747609	0.0	2246506	18	4.3
1527445835.67	4300	59.74791	0.0	1961140	21	4.3
1527445839.67	4300	59.748299	0.0	2155012	23	4.3
1527445841.15	4300	59.928262	0.0	1433658	17	4.3

1527445842.06	750	4	0.175	668286	8	-0.7525
1527445842.41	4300	7.952749	0.0	2123065	14	0.75
1527445842.76	4300	11.605462	0.0	2177073	28	4.3
1527445843.09	4300	15.269342	0.0	2160877	24	4.3
1527445843.43	4300	18.936529	0.0	2233056	20	4.3
1527445843.76	4300	22.59994	0.0	1941625	18	4.3
1527445844.11	4300	26.249209	0.0	2157535	36	4.3
1527445844.45	4300	29.915162	0.0	2290172	21	4.3
1527445844.79	4300	33.574804	0.0	2055469	24	4.3
1527445845.13	4300	37.234824	0.0	2169201	25	4.3
1527445845.46	4300	40.90112	0.0	2173522	24	4.3
1527445845.8	4300	44.566329	0.0	2102452	22	4.3
1527445846.13	4300	48.232316	0.0	2209463	19	4.3
1527445846.46	4300	51.907847	0.0	2275376	15	4.3
1527445846.79	4300	55.568004	0.0	2005399	17	4.3
1527445847.14	4300	59.222599	0.0	2152483	20	4.3
1527445850.99	4300	59.499707	0.0	2289689	22	4.3
1527445854.84	4300	59.748623	0.0	2059512	23	4.3
1527445858.69	4300	59.748476	0.0	2220726	24	4.3
1527445863.03	4300	59.49906	0.0	2156729	21	4.3
1527445866.88	4300	59.499537	0.0	2039773	22	4.3
1527445870.73	4300	59.998652	0.0	2176469	23	4.3
1527445874.58	4300	59.998992	0.0	2221506	25	4.3
1527445878.43	4300	59.998794	0.0	2044075	23	4.3
1527445882.77	4300	59.748018	0.0	2186790	23	4.3
1527445886.62	4300	59.74932	0.0	2105231	22	4.3
1527445890.97	4300	59.498604	0.0	2395588	25	4.3
1527445894.81	4300	59.74899	0.0	1972048	22	4.3
1527445898.66	4300	59.998908	0.0	2134614	29	4.3
1527445902.52	4300	59.997634	0.0	2164140	24	4.3
1527445906.86	4300	59.748024	0.0	2113193	23	4.3
1527445910.71	4300	59.747472	0.0	2147852	23	4.3
1527445914.56	4300	59.999216	0.0	2191074	22	4.3
1527445918.42	4300	59.99845	0.0	2286761	25	4.3
1527445922.76	4300	59.748747	0.0	2307787	24	4.3
1527445926.58	4300	59.999061	0.0	2143948	7	4.3
1527445930.93	4300	59.497761	0.0	1919781	19	4.3
1527445934.78	4300	59.748186	0.0	2147467	23	4.3
1527445938.62	4300	59.998414	0.0	2133870	19	4.3
1527445942.48	4300	59.999305	0.0	2146120	24	4.3
1527445946.83	4300	59.997573	0.0	2108491	22	4.3
1527445950.68	4300	59.998549	0.0	2184571	30	4.3
1527445954.54	4300	59.998871	0.0	2121928	23	4.3
1527445958.38	4300	59.998013	0.0	2219102	25	4.3
1527445962.73	4300	59.748087	0.0	2124950	20	4.3
1527445966.58	4300	59.997889	0.0	2246506	22	4.3
1527445970.94	4300	59.498816	0.0	1961140	31	4.3
1527445974.79	4300	59.748968	0.0	2155012	25	4.3
1527445976.12	4300	59.928576	0.0	1433658	16	4.3

1527445976.87	750	4	0.013	668286	3	-0.05589999999999995
1527445977.22	4300	7.956129	0.0	2123065	16	0.75
1527445977.56	4300	11.618009	0.0	2177073	25	4.3
1527445977.87	4300	15.301215	0.0	2160877	13	4.3
1527445978.2	4300	18.971434	0.0	2233056	17	4.3
1527445978.54	4300	22.635142	0.0	1941625	22	4.3
1527445978.89	4300	26.285888	0.0	2157535	39	4.3
1527445979.23	4300	29.946291	0.0	2290172	25	4.3
1527445979.56	4300	33.609502	0.0	2055469	21	4.3
1527445979.9	4300	37.276314	0.0	2169201	21	4.3
1527445980.23	4300	40.942635	0.0	2173522	21	4.3
1527445980.57	4300	44.59983	0.0	2102452	22	4.3
1527445980.89	4300	48.287477	0.0	2209463	9	4.3
1527445981.23	4300	51.949512	0.0	2275376	22	4.3
1527445981.57	4300	55.607267	0.0	2005399	26	4.3
1527445981.92	4300	59.259228	0.0	2152483	35	4.3
1527445985.27	4300	59.999251	0.0	2289689	25	4.3
1527445989.62	4300	59.749267	0.0	2059512	22	4.3
1527445993.48	4300	59.749901	0.0	2220726	24	4.3
1527445997.8	4300	59.749303	0.0	2156729	7	4.3
1527446001.64	4300	59.999194	0.0	2039773	21	4.3
1527446005.49	4300	59.749734	0.0	2176469	23	4.3
1527446009.83	4300	59.749488	0.0	2221506	20	4.3
1527446013.67	4300	59.749146	0.0	2044075	21	4.3
1527446017.52	4300	59.74929	0.0	2186790	22	4.3
1527446021.36	4300	59.999011	0.0	2105231	19	4.3
1527446025.21	4300	59.999023	0.0	2395588	21	4.3
