1527392537.57	750	4	0.023	2354772	8	-0.09889999999999999
1527392537.96	4300	7.957022	0.0	2123065	25	0.75
1527392538.31	4300	11.600529	0.0	2177073	7	4.3
1527392538.7	4300	15.209295	0.0	2160877	23	4.3
1527392539.09	4300	18.822928	0.0	2233056	25	4.3
1527392539.48	4300	22.437475	0.0	1941625	22	4.3
1527392539.85	4300	26.05822	0.0	2157535	18	4.3
1527392540.24	4300	29.674438	0.0	2290172	23	4.3
1527392540.62	4300	33.291242	0.0	2055469	23	4.3
1527392541.01	4300	36.903923	0.0	2169201	25	4.3
1527392541.4	4300	40.516318	0.0	2173522	15	4.3
1527392541.79	4300	44.127338	0.0	2102452	13	4.3
1527392542.18	4300	47.73551	0.0	2209463	26	4.3
1527392542.56	4300	51.355175	0.0	2275376	19	4.3
1527392542.94	4300	54.975834	0.0	2005399	21	4.3
1527392543.33	4300	58.584355	0.0	2152483	25	4.3
1527392546.22	4300	59.748801	0.0	2289689	25	4.3
1527392550.12	4300	59.998812	0.0	2059512	23	4.3
1527392554.52	4300	59.498052	0.0	2220726	19	4.3
1527392557.92	4300	59.997827	0.0	2156729	23	4.3
1527392562.31	4300	59.998025	0.0	2039773	19	4.3
1527392566.21	4300	59.999145	0.0	2176469	24	4.3
1527392570.62	4300	59.747899	0.0	2221506	23	4.3
1527392574.01	4300	59.999137	0.0	2044075	22	4.3
1527392578.42	4300	59.497781	0.0	2186790	23	4.3
1527392582.32	4300	59.748327	0.0	2105231	22	4.3
1527392586.22	4300	59.747494	0.0	2395588	27	4.3
1527392590.12	4300	59.998477	0.0	1972048	22	4.3
1527392594.0	4300	59.9989	0.0	2134614	20	4.3
1527392598.4	4300	59.998977	0.0	2164140	23	4.3
1527392602.3	4300	59.749405	0.0	2113193	24	4.3
1527392606.2	4300	59.999073	0.0	2147852	23	4.3
1527392610.1	4300	59.999341	0.0	2191074	24	4.3
1527392614.01	4300	59.999039	0.0	2286761	26	4.3
1527392618.41	4300	59.748339	0.0	2307787	27	4.3
1527392622.29	4300	59.7485	0.0	2143948	18	4.3
1527392626.19	4300	59.998831	0.0	1919781	22	4.3
1527392630.59	4300	59.498667	0.0	2147467	23	4.3
1527392634.48	4300	59.748454	0.0	2133870	20	4.3
1527392638.39	4300	59.998741	0.0	2146120	24	4.3
1527392642.29	4300	59.747726	0.0	2108491	23	4.3
1527392646.18	4300	59.997467	0.0	2184571	19	4.3
1527392650.57	4300	59.747342	0.0	2121928	21	4.3
1527392653.98	4300	59.999097	0.0	2219102	26	4.3
1527392658.37	4300	59.998557	0.0	2124950	21	4.3
1527392662.26	4300	59.747497	0.0	2246506	25	4.3
1527392666.64	4300	59.497796	0.0	1961140	21	4.3
1527392670.52	4300	59.49875	0.0	2155012	25	4.3
1527392672.38	4300	59.428835	0.0	1433658	17	4.3

1527392673.75	750	4	0.017	668286	3	-0.07309999999999994
1527392674.14	4300	7.955537	0.0	2123065	13	0.75
1527392674.52	4300	11.574658	0.0	2177073	18	4.3
1527392674.91	4300	15.189894	0.0	2160877	25	4.3
1527392675.29	4300	18.802659	0.0	2233056	25	4.3
1527392675.67	4300	22.418774	0.0	1941625	12	4.3
1527392676.06	4300	26.034355	0.0	2157535	10	4.3
1527392676.44	4300	29.654119	0.0	2290172	23	4.3
1527392676.82	4300	33.271418	0.0	2055469	23	4.3
1527392677.21	4300	36.882824	0.0	2169201	25	4.3
1527392677.6	4300	40.49593	0.0	2173522	24	4.3
1527392677.99	4300	44.101497	0.0	2102452	22	4.3
1527392678.38	4300	47.71022	0.0	2209463	25	4.3
1527392678.77	4300	51.322413	0.0	2275376	24	4.3
1527392679.17	4300	54.927379	0.0	2005399	24	4.3
1527392679.56	4300	58.53712	0.0	2152483	17	4.3
1527392682.46	4300	59.748335	0.0	2289689	26	4.3
1527392686.34	4300	59.99836	0.0	2059512	21	4.3
1527392690.24	4300	59.999392	0.0	2220726	24	4.3
1527392694.63	4300	59.749419	0.0	2156729	26	4.3
1527392698.52	4300	59.749084	0.0	2039773	19	4.3
1527392702.42	4300	59.998849	0.0	2176469	21	4.3
1527392706.81	4300	59.748694	0.0	2221506	24	4.3
1527392710.7	4300	59.749144	0.0	2044075	20	4.3
1527392714.1	4300	59.998847	0.0	2186790	23	4.3
1527392718.49	4300	59.997979	0.0	2105231	23	4.3
1527392722.39	4300	59.748727	0.0	2395588	21	4.3
1527392726.27	4300	59.999001	0.0	1972048	17	4.3
1527392730.17	4300	59.998317	0.0	2134614	24	4.3
1527392734.57	4300	59.749023	0.0	2164140	24	4.3
1527392738.46	4300	59.998191	0.0	2113193	24	4.3
1527392742.35	4300	59.748432	0.0	2147852	22	4.3
1527392746.75	4300	59.748526	0.0	2191074	25	4.3
1527392750.15	4300	59.999452	0.0	2286761	23	4.3
1527392754.52	4300	59.74786	0.0	2307787	8	4.3
1527392758.41	4300	59.997454	0.0	2143948	20	4.3
1527392762.3	4300	59.99854	0.0	1919781	21	4.3
1527392766.7	4300	59.749302	0.0	2147467	25	4.3
1527392770.1	4300	59.999437	0.0	2133870	24	4.3
1527392774.52	4300	59.9974	0.0	2146120	22	4.3
1527392778.42	4300	59.998549	0.0	2108491	21	4.3
1527392782.35	4300	59.998072	0.0	2184571	33	4.3
1527392786.74	4300	59.497798	0.0	2121928	23	4.3
1527392790.15	4300	59.997971	0.0	2219102	25	4.3
1527392794.54	4300	59.747634	0.0	2124950	18	4.3
1527392798.43	4300	59.748555	0.0	2246506	17	4.3
1527392802.8	4300	59.749045	0.0	1961140	17	4.3
1527392806.18	4300	59.998738	0.0	2155012	25	4.3
1527392808.02	4300	59.928559	0.0	1433658	17	4.3

1527392808.79	750	4	0.014	668286	2	-0.06020000000000003
1527392809.19	4300	7.950499	0.0	2123065	21	0.75
1527392809.58	4300	11.562612	0.0	2177073	26	4.3
1527392809.96	4300	15.17752	0.0	2160877	25	4.3
1527392810.35	4300	18.787976	0.0	2233056	25	4.3
1527392810.73	4300	22.40924	0.0	1941625	14	4.3
1527392811.12	4300	26.022061	0.0	2157535	26	4.3
1527392811.51	4300	29.634435	0.0	2290172	21	4.3
1527392811.89	4300	33.253411	0.0	2055469	23	4.3
1527392812.28	4300	36.86702	0.0	2169201	24	4.3
1527392812.66	4300	40.479325	0.0	2173522	23	4.3
1527392813.06	4300	44.086518	0.0	2102452	25	4.3
1527392813.45	4300	47.696521	0.0	2209463	28	4.3
1527392813.83	4300	51.30879	0.0	2275376	26	4.3
1527392814.23	4300	54.914514	0.0	2005399	21	4.3
1527392814.62	4300	58.522752	0.0	2152483	18	4.3
1527392817.51	4300	59.749741	0.0	2289689	25	4.3
1527392821.4	4300	59.99783	0.0	2059512	20	4.3
1527392825.8	4300	59.49897	0.0	2220726	25	4.3
1527392829.19	4300	59.998641	0.0	2156729	19	4.3
1527392833.57	4300	59.748109	0.0	2039773	20	4.3
1527392837.48	4300	59.749126	0.0	2176469	24	4.3
1527392841.87	4300	59.749315	0.0	2221506	24	4.3
1527392845.77	4300	59.748378	0.0	2044075	19	4.3
1527392849.16	4300	59.999189	0.0	2186790	23	4.3
1527392853.55	4300	59.748067	0.0	2105231	23	4.3
1527392857.46	4300	59.998505	0.0	2395588	24	4.3
1527392861.85	4300	59.497919	0.0	1972048	22	4.3
1527392865.76	4300	59.749192	0.0	2134614	31	4.3
1527392869.64	4300	59.74932	0.0	2164140	20	4.3
1527392873.54	4300	59.749147	0.0	2113193	23	4.3
1527392877.44	4300	59.99851	0.0	2147852	24	4.3
1527392881.83	4300	59.748686	0.0	2191074	25	4.3
