1527480502.3	750	4	0.026	2354772	6	-0.11180000000000001
1527480502.68	4300	7.960931	0.0	2123065	25	0.75
1527480503.01	4300	11.62571	0.0	2177073	18	4.3
1527480503.35	4300	15.291563	0.0	2160877	21	4.3
1527480503.69	4300	18.94722	0.0	2233056	25	4.3
1527480504.03	4300	22.612921	0.0	1941625	22	4.3
1527480504.36	4300	26.278295	0.0	2157535	21	4.3
1527480504.69	4300	29.944568	0.0	2290172	23	4.3
1527480505.02	4300	33.61404	0.0	2055469	16	4.3
1527480505.36	4300	37.280556	0.0	2169201	20	4.3
1527480505.7	4300	40.932822	0.0	2173522	26	4.3
1527480506.04	4300	44.593804	0.0	2102452	27	4.3
1527480506.38	4300	48.260929	0.0	2209463	20	4.3
1527480506.72	4300	51.916317	0.0	2275376	24	4.3
1527480507.06	4300	55.582941	0.0	2005399	23	4.3
1527480507.41	4300	59.22472	0.0	2152483	25	4.3
1527480510.76	4300	59.998706	0.0	2289689	23	4.3
1527480515.11	4300	59.748736	0.0	2059512	23	4.3
1527480518.97	4300	59.999109	0.0	2220726	28	4.3
1527480523.32	4300	59.749265	0.0	2156729	19	4.3
1527480526.66	4300	59.999335	0.0	2039773	20	4.3
1527480531.02	4300	59.748574	0.0	2176469	25	4.3
1527480535.37	4300	59.498744	0.0	2221506	24	4.3
1527480539.22	4300	59.498478	0.0	2044075	22	4.3
1527480543.06	4300	59.998524	0.0	2186790	21	4.3
1527480546.9	4300	59.997909	0.0	2105231	21	4.3
1527480551.26	4300	59.749248	0.0	2395588	27	4.3
1527480555.1	4300	59.748004	0.0	1972048	18	4.3
1527480558.94	4300	59.747732	0.0	2134614	16	4.3
1527480562.8	4300	59.999192	0.0	2164140	25	4.3
1527480567.14	4300	59.49752	0.0	2113193	22	4.3
1527480570.99	4300	59.749239	0.0	2147852	24	4.3
1527480575.35	4300	59.748758	0.0	2191074	24	4.3
1527480578.69	4300	59.997534	0.0	2286761	17	4.3
1527480583.04	4300	59.749316	0.0	2307787	24	4.3
1527480586.89	4300	59.99904	0.0	2143948	24	4.3
1527480591.24	4300	59.749208	0.0	1919781	21	4.3
1527480595.09	4300	59.749036	0.0	2147467	20	4.3
1527480598.95	4300	59.748736	0.0	2133870	38	4.3
1527480602.8	4300	59.998134	0.0	2146120	18	4.3
1527480606.65	4300	59.998464	0.0	2108491	15	4.3
1527480611.03	4300	59.748039	0.0	2184571	26	4.3
1527480614.88	4300	59.998306	0.0	2121928	24	4.3
1527480619.24	4300	59.498546	0.0	2219102	25	4.3
1527480623.1	4300	59.99805	0.0	2124950	24	4.3
1527480626.94	4300	59.997547	0.0	2246506	22	4.3
1527480630.79	4300	59.998899	0.0	1961140	18	4.3
1527480635.13	4300	59.749091	0.0	2155012	18	4.3
1527480636.46	4300	59.927858	0.0	1433658	17	4.3

1527480637.85	750	4	0.016	668286	2	-0.06879999999999997
1527480638.2	4300	7.95037	0.0	2123065	13	0.75
1527480638.56	4300	11.596129	0.0	2177073	38	4.3
1527480638.91	4300	15.244567	0.0	2160877	25	4.3
1527480639.25	4300	18.904605	0.0	2233056	24	4.3
1527480639.59	4300	22.562585	0.0	1941625	21	4.3
1527480639.93	4300	26.222684	0.0	2157535	24	4.3
1527480640.27	4300	29.883519	0.0	2290172	21	4.3
1527480640.61	4300	33.540521	0.0	2055469	24	4.3
1527480640.95	4300	37.201238	0.0	2169201	23	4.3
1527480641.28	4300	40.868178	0.0	2173522	21	4.3
1527480641.62	4300	44.5338	0.0	2102452	19	4.3
1527480641.95	4300	48.200136	0.0	2209463	18	4.3
1527480642.31	4300	51.840077	0.0	2275376	35	4.3
1527480642.65	4300	55.499695	0.0	2005399	23	4.3
1527480642.99	4300	59.160145	0.0	2152483	25	4.3
1527480646.33	4300	59.999178	0.0	2289689	20	4.3
1527480650.18	4300	59.998504	0.0	2059512	23	4.3
1527480654.54	4300	59.998805	0.0	2220726	33	4.3
1527480658.89	4300	59.498467	0.0	2156729	23	4.3
1527480662.73	4300	59.497636	0.0	2039773	20	4.3
1527480666.58	4300	59.749399	0.0	2176469	20	4.3
1527480670.44	4300	59.747823	0.0	2221506	26	4.3
1527480674.78	4300	59.748413	0.0	2044075	23	4.3
1527480678.63	4300	59.997838	0.0	2186790	25	4.3
1527480682.48	4300	59.748604	0.0	2105231	20	4.3
1527480686.34	4300	59.999051	0.0	2395588	26	4.3
1527480690.18	4300	59.999375	0.0	1972048	21	4.3
1527480694.53	4300	59.748894	0.0	2134614	22	4.3
1527480698.38	4300	59.999119	0.0	2164140	21	4.3
1527480702.72	4300	59.747535	0.0	2113193	17	4.3
1527480706.57	4300	59.74929	0.0	2147852	21	4.3
1527480710.42	4300	59.998574	0.0	2191074	26	4.3
1527480714.27	4300	59.998912	0.0	2286761	26	4.3
1527480718.62	4300	59.747857	0.0	2307787	23	4.3
1527480722.47	4300	59.748601	0.0	2143948	20	4.3
1527480726.84	4300	59.747537	0.0	1919781	19	4.3
1527480730.18	4300	59.997804	0.0	2147467	23	4.3
1527480734.53	4300	59.749333	0.0	2133870	17	4.3
1527480738.39	4300	59.998437	0.0	2146120	25	4.3
1527480742.23	4300	59.999069	0.0	2108491	23	4.3
1527480746.58	4300	59.747461	0.0	2184571	22	4.3
1527480750.43	4300	59.747743	0.0	2121928	20	4.3
1527480754.28	4300	59.999323	0.0	2219102	24	4.3
1527480758.64	4300	59.748414	0.0	2124950	24	4.3
1527480762.49	4300	59.999027	0.0	2246506	22	4.3
1527480766.33	4300	59.998492	0.0	1961140	17	4.3
1527480770.69	4300	59.498079	0.0	2155012	22	4.3
1527480772.02	4300	59.928167	0.0	1433658	16	4.3

1527480772.79	750	4	0.016	668286	3	-0.06879999999999997
1527480773.14	4300	7.948484	0.0	2123065	21	0.75
1527480773.49	4300	11.601798	0.0	2177073	17	4.3
1527480773.82	4300	15.270333	0.0	2160877	18	4.3
1527480774.16	4300	18.930625	0.0	2233056	23	4.3
1527480774.48	4300	22.601602	0.0	1941625	18	4.3
1527480774.83	4300	26.2543	0.0	2157535	32	4.3
1527480775.18	4300	29.912248	0.0	2290172	25	4.3
1527480775.51	4300	33.576765	0.0	2055469	19	4.3
1527480775.85	4300	37.231218	0.0	2169201	25	4.3
1527480776.19	4300	40.892943	0.0	2173522	23	4.3
1527480776.53	4300	44.558401	0.0	2102452	21	4.3
1527480776.87	4300	48.220242	0.0	2209463	15	4.3
1527480777.21	4300	51.875244	0.0	2275376	24	4.3
1527480777.55	4300	55.536791	0.0	2005399	21	4.3
1527480777.89	4300	59.19619	0.0	2152483	12	4.3
1527480781.24	4300	59.997706	0.0	2289689	25	4.3
1527480785.59	4300	59.998237	0.0	2059512	13	4.3
1527480789.43	4300	59.749342	0.0	2220726	19	4.3
1527480793.79	4300	59.749451	0.0	2156729	23	4.3
1527480797.14	4300	59.998029	0.0	2039773	23	4.3
1527480801.5	4300	59.747596	0.0	2176469	25	4.3
1527480805.36	4300	59.99923	0.0	2221506	21	4.3
