1527376119.17	750	4	0.014	450283	1	-0.06020000000000003
1527376119.55	4300	7.950974	0.0	2123065	14	0.75
1527376119.89	4300	11.608673	0.0	2177073	24	4.3
1527376120.22	4300	15.276328	0.0	2160877	20	4.3
1527376120.57	4300	18.934169	0.0	2233056	25	4.3
1527376120.9	4300	22.598076	0.0	1941625	20	4.3
1527376121.24	4300	26.264256	0.0	2157535	23	4.3
1527376121.57	4300	29.928585	0.0	2290172	21	4.3
1527376121.91	4300	33.587247	0.0	2055469	23	4.3
1527376122.25	4300	37.24606	0.0	2169201	23	4.3
1527376122.59	4300	40.911028	0.0	2173522	22	4.3
1527376122.92	4300	44.577662	0.0	2102452	20	4.3
1527376123.27	4300	48.22865	0.0	2209463	25	4.3
1527376123.62	4300	51.884069	0.0	2275376	16	4.3
1527376123.96	4300	55.543702	0.0	2005399	23	4.3
1527376124.31	4300	59.186553	0.0	2152483	23	4.3
1527376127.67	4300	59.999346	0.0	2289689	25	4.3
1527376131.52	4300	59.99793	0.0	2059512	22	4.3
1527376135.88	4300	59.748047	0.0	2220726	36	4.3
1527376139.73	4300	59.99807	0.0	2156729	20	4.3
1527376143.57	4300	59.998423	0.0	2039773	14	4.3
1527376147.93	4300	59.997588	0.0	2176469	24	4.3
1527376151.78	4300	59.749346	0.0	2221506	24	4.3
1527376155.63	4300	59.997708	0.0	2044075	23	4.3
1527376159.99	4300	59.997829	0.0	2186790	24	4.3
1527376163.83	4300	59.748802	0.0	2105231	23	4.3
1527376168.18	4300	59.749125	0.0	2395588	23	4.3
1527376171.53	4300	59.999197	0.0	1972048	21	4.3
1527376175.88	4300	59.749118	0.0	2134614	23	4.3
1527376180.24	4300	59.497935	0.0	2164140	24	4.3
1527376183.59	4300	59.998116	0.0	2113193	23	4.3
1527376187.94	4300	59.998159	0.0	2147852	23	4.3
1527376191.79	4300	59.748161	0.0	2191074	25	4.3
1527376195.64	4300	59.998479	0.0	2286761	24	4.3
1527376199.99	4300	59.748867	0.0	2307787	21	4.3
1527376203.84	4300	59.997744	0.0	2143948	21	4.3
1527376208.19	4300	59.498095	0.0	1919781	21	4.3
1527376211.54	4300	59.998828	0.0	2147467	25	4.3
1527376215.9	4300	59.998626	0.0	2133870	25	4.3
1527376219.75	4300	59.998948	0.0	2146120	25	4.3
1527376224.1	4300	59.497926	0.0	2108491	24	4.3
1527376227.95	4300	59.747684	0.0	2184571	24	4.3
1527376231.79	4300	59.747956	0.0	2121928	21	4.3
1527376235.64	4300	59.997032	0.0	2219102	17	4.3
1527376240.0	4300	59.747613	0.0	2124950	24	4.3
1527376243.85	4300	59.74842	0.0	2246506	25	4.3
1527376247.69	4300	59.998031	0.0	1961140	20	4.3
1527376252.05	4300	59.748549	0.0	2155012	24	4.3
1527376253.89	4300	59.428426	0.0	1433658	17	4.3

1527376254.64	750	4	0.016	668286	3	-0.06879999999999997
1527376254.98	4300	7.954706	0.0	2123065	18	0.75
1527376255.33	4300	11.611989	0.0	2177073	19	4.3
1527376255.67	4300	15.271756	0.0	2160877	26	4.3
1527376256.01	4300	18.934125	0.0	2233056	22	4.3
1527376256.35	4300	22.591216	0.0	1941625	22	4.3
1527376256.7	4300	26.237755	0.0	2157535	39	4.3
1527376257.05	4300	29.89295	0.0	2290172	25	4.3
1527376257.38	4300	33.557595	0.0	2055469	21	4.3
1527376257.72	4300	37.222442	0.0	2169201	20	4.3
1527376258.06	4300	40.878702	0.0	2173522	24	4.3
1527376258.4	4300	44.540107	0.0	2102452	23	4.3
1527376258.75	4300	48.194951	0.0	2209463	24	4.3
1527376259.09	4300	51.848489	0.0	2275376	29	4.3
1527376259.43	4300	55.508431	0.0	2005399	19	4.3
1527376259.78	4300	59.161032	0.0	2152483	19	4.3
1527376263.62	4300	59.499486	0.0	2289689	20	4.3
1527376266.98	4300	59.998723	0.0	2059512	22	4.3
1527376271.33	4300	59.998273	0.0	2220726	20	4.3
1527376275.68	4300	59.49837	0.0	2156729	20	4.3
1527376279.53	4300	59.748893	0.0	2039773	20	4.3
1527376283.38	4300	59.749214	0.0	2176469	25	4.3
1527376287.23	4300	59.749541	0.0	2221506	23	4.3
1527376291.58	4300	59.747743	0.0	2044075	19	4.3
1527376295.42	4300	59.749777	0.0	2186790	21	4.3
1527376299.27	4300	59.74846	0.0	2105231	21	4.3
1527376303.64	4300	59.748258	0.0	2395588	18	4.3
1527376307.49	4300	59.74891	0.0	1972048	18	4.3
1527376311.35	4300	59.998086	0.0	2134614	43	4.3
1527376315.2	4300	59.999391	0.0	2164140	19	4.3
1527376319.05	4300	59.998425	0.0	2113193	22	4.3
1527376323.4	4300	59.7492	0.0	2147852	24	4.3
1527376327.26	4300	59.998351	0.0	2191074	22	4.3
1527376331.62	4300	59.749191	0.0	2286761	26	4.3
1527376335.48	4300	59.748858	0.0	2307787	25	4.3
1527376339.33	4300	59.749118	0.0	2143948	22	4.3
1527376343.68	4300	59.748988	0.0	1919781	21	4.3
1527376347.53	4300	59.748921	0.0	2147467	23	4.3
1527376351.37	4300	59.998572	0.0	2133870	19	4.3
1527376355.22	4300	59.748408	0.0	2146120	21	4.3
1527376359.58	4300	59.748759	0.0	2108491	24	4.3
1527376363.43	4300	59.99793	0.0	2184571	25	4.3
1527376367.27	4300	59.998245	0.0	2121928	22	4.3
1527376371.61	4300	59.748155	0.0	2219102	19	4.3
1527376374.96	4300	59.998861	0.0	2124950	23	4.3
1527376379.3	4300	59.748721	0.0	2246506	17	4.3
1527376383.64	4300	59.497798	0.0	1961140	20	4.3
1527376386.99	4300	59.999022	0.0	2155012	22	4.3
1527376389.33	4300	59.678486	0.0	1433658	16	4.3

1527376390.08	750	4	0.017	668286	3	-0.07309999999999994
1527376390.42	4300	7.957108	0.0	2123065	16	0.75
1527376390.76	4300	11.616658	0.0	2177073	27	4.3
1527376391.09	4300	15.282992	0.0	2160877	21	4.3
1527376391.43	4300	18.952632	0.0	2233056	20	4.3
1527376391.76	4300	22.62217	0.0	1941625	19	4.3
1527376392.12	4300	26.260599	0.0	2157535	46	4.3
1527376392.46	4300	29.914621	0.0	2290172	24	4.3
1527376392.8	4300	33.57965	0.0	2055469	25	4.3
1527376393.14	4300	37.243463	0.0	2169201	21	4.3
1527376393.48	4300	40.901089	0.0	2173522	24	4.3
1527376393.82	4300	44.559089	0.0	2102452	26	4.3
1527376394.15	4300	48.226088	0.0	2209463	21	4.3
1527376394.49	4300	51.885445	0.0	2275376	23	4.3
1527376394.84	4300	55.541122	0.0	2005399	23	4.3
1527376395.18	4300	59.201476	0.0	2152483	25	4.3
1527376399.02	4300	59.74935	0.0	2289689	20	4.3
1527376402.87	4300	59.748908	0.0	2059512	21	4.3
1527376406.72	4300	59.749071	0.0	2220726	23	4.3
1527376411.08	4300	59.49872	0.0	2156729	23	4.3
1527376414.92	4300	59.748783	0.0	2039773	18	4.3
1527376418.78	4300	59.749392	0.0	2176469	23	4.3
1527376422.63	4300	59.998281	0.0	2221506	22	4.3
1527376426.98	4300	59.747897	0.0	2044075	23	4.3
1527376430.83	4300	59.99882	0.0	2186790	24	4.3
1527376434.68	4300	59.74794	0.0	2105231	24	4.3
1527376439.04	4300	59.498638	0.0	2395588	23	4.3
1527376442.38	4300	59.998967	0.0	1972048	21	4.3
1527376446.74	4300	59.747798	0.0	2134614	24	4.3
1527376450.58	4300	59.999477	0.0	2164140	24	4.3
1527376454.43	4300	59.998999	0.0	2113193	22	4.3
1527376458.78	4300	59.749636	0.0	2147852	25	4.3
