1527531221.24	750	4	0.027	2354772	9	-0.11609999999999998
1527531221.61	4300	7.958147	0.0	2123065	27	0.75
1527531221.94	4300	11.620325	0.0	2177073	19	4.3
1527531222.26	4300	15.302303	0.0	2160877	11	4.3
1527531222.6	4300	18.96265	0.0	2233056	24	4.3
1527531222.94	4300	22.630155	0.0	1941625	19	4.3
1527531223.27	4300	26.295507	0.0	2157535	20	4.3
1527531223.61	4300	29.951371	0.0	2290172	25	4.3
1527531223.95	4300	33.61194	0.0	2055469	22	4.3
1527531224.29	4300	37.276442	0.0	2169201	22	4.3
1527531224.64	4300	40.925436	0.0	2173522	25	4.3
1527531224.98	4300	44.583001	0.0	2102452	11	4.3
1527531225.33	4300	48.238126	0.0	2209463	25	4.3
1527531225.66	4300	51.900839	0.0	2275376	22	4.3
1527531225.99	4300	55.578196	0.0	2005399	13	4.3
1527531226.33	4300	59.241232	0.0	2152483	23	4.3
1527531230.17	4300	59.498712	0.0	2289689	20	4.3
1527531234.01	4300	59.749795	0.0	2059512	19	4.3
1527531237.87	4300	59.748508	0.0	2220726	24	4.3
1527531242.22	4300	59.498756	0.0	2156729	23	4.3
1527531246.06	4300	59.998074	0.0	2039773	19	4.3
1527531249.91	4300	59.999068	0.0	2176469	21	4.3
1527531253.75	4300	59.997907	0.0	2221506	20	4.3
1527531257.6	4300	59.999392	0.0	2044075	23	4.3
1527531261.96	4300	59.747726	0.0	2186790	26	4.3
1527531265.8	4300	59.999044	0.0	2105231	24	4.3
1527531269.65	4300	59.998149	0.0	2395588	22	4.3
1527531274.0	4300	59.997551	0.0	1972048	22	4.3
1527531277.86	4300	59.749026	0.0	2134614	26	4.3
1527531281.7	4300	59.999452	0.0	2164140	24	4.3
1527531286.03	4300	59.749087	0.0	2113193	11	4.3
1527531289.89	4300	59.749391	0.0	2147852	23	4.3
1527531293.73	4300	59.999242	0.0	2191074	23	4.3
1527531297.58	4300	59.99869	0.0	2286761	22	4.3
1527531301.94	4300	59.997979	0.0	2307787	25	4.3
1527531306.29	4300	59.498922	0.0	2143948	24	4.3
1527531309.64	4300	59.998299	0.0	1919781	21	4.3
1527531314.0	4300	59.747926	0.0	2147467	24	4.3
1527531317.85	4300	59.998062	0.0	2133870	23	4.3
1527531321.7	4300	59.998295	0.0	2146120	21	4.3
1527531326.06	4300	59.747933	0.0	2108491	23	4.3
1527531329.91	4300	59.747778	0.0	2184571	24	4.3
1527531333.75	4300	59.99725	0.0	2121928	22	4.3
1527531337.61	4300	59.999248	0.0	2219102	20	4.3
1527531341.96	4300	59.748604	0.0	2124950	23	4.3
1527531345.81	4300	59.997311	0.0	2246506	24	4.3
1527531349.65	4300	59.998229	0.0	1961140	21	4.3
1527531354.0	4300	59.747586	0.0	2155012	19	4.3
1527531355.34	4300	59.927809	0.0	1433658	16	4.3

1527531356.12	750	4	0.018	668286	3	-0.07740000000000002
1527531356.47	4300	7.948467	0.0	2123065	19	0.75
1527531356.81	4300	11.613419	0.0	2177073	17	4.3
1527531357.14	4300	15.284237	0.0	2160877	16	4.3
1527531357.5	4300	18.924307	0.0	2233056	43	4.3
1527531357.84	4300	22.579811	0.0	1941625	22	4.3
1527531358.17	4300	26.24417	0.0	2157535	22	4.3
1527531358.51	4300	29.907288	0.0	2290172	22	4.3
1527531358.84	4300	33.581383	0.0	2055469	14	4.3
1527531359.18	4300	37.236662	0.0	2169201	24	4.3
1527531359.52	4300	40.896386	0.0	2173522	25	4.3
1527531359.86	4300	44.560942	0.0	2102452	20	4.3
1527531360.19	4300	48.22559	0.0	2209463	20	4.3
1527531360.56	4300	51.866177	0.0	2275376	44	4.3
1527531360.9	4300	55.520636	0.0	2005399	21	4.3
1527531361.24	4300	59.1848	0.0	2152483	23	4.3
1527531365.08	4300	59.749491	0.0	2289689	21	4.3
1527531368.91	4300	59.748128	0.0	2059512	13	4.3
1527531372.76	4300	59.749892	0.0	2220726	22	4.3
1527531377.11	4300	59.499092	0.0	2156729	18	4.3
1527531380.95	4300	59.499007	0.0	2039773	19	4.3
1527531384.79	4300	59.749859	0.0	2176469	20	4.3
1527531388.65	4300	59.999453	0.0	2221506	24	4.3
1527531392.5	4300	59.998593	0.0	2044075	22	4.3
1527531396.85	4300	59.748448	0.0	2186790	19	4.3
1527531400.7	4300	59.998222	0.0	2105231	25	4.3
1527531404.56	4300	59.997833	0.0	2395588	27	4.3
1527531408.9	4300	59.998905	0.0	1972048	18	4.3
1527531412.77	4300	59.748179	0.0	2134614	44	4.3
1527531416.62	4300	59.998896	0.0	2164140	23	4.3
1527531420.47	4300	59.998791	0.0	2113193	20	4.3
1527531424.82	4300	59.747928	0.0	2147852	23	4.3
1527531428.67	4300	59.997943	0.0	2191074	26	4.3
1527531433.02	4300	59.498686	0.0	2286761	24	4.3
1527531436.87	4300	59.748785	0.0	2307787	25	4.3
1527531440.71	4300	59.748633	0.0	2143948	19	4.3
1527531445.07	4300	59.748015	0.0	1919781	21	4.3
1527531448.92	4300	59.7489	0.0	2147467	23	4.3
1527531452.77	4300	59.748013	0.0	2133870	23	4.3
1527531457.15	4300	59.498784	0.0	2146120	23	4.3
1527531461.0	4300	59.748344	0.0	2108491	22	4.3
1527531464.86	4300	59.998313	0.0	2184571	33	4.3
1527531468.72	4300	59.747811	0.0	2121928	23	4.3
1527531472.57	4300	59.99935	0.0	2219102	23	4.3
1527531476.92	4300	59.747792	0.0	2124950	19	4.3
1527531480.76	4300	59.748953	0.0	2246506	19	4.3
1527531484.6	4300	59.999311	0.0	1961140	20	4.3
1527531488.97	4300	59.498823	0.0	2155012	26	4.3
1527531490.8	4300	59.677618	0.0	1433658	15	4.3

1527531491.56	750	4	0.015	668286	3	-0.0645
1527531491.91	4300	7.946266	0.0	2123065	26	0.75
1527531492.25	4300	11.612983	0.0	2177073	18	4.3
1527531492.57	4300	15.29364	0.0	2160877	13	4.3
1527531492.9	4300	18.957467	0.0	2233056	25	4.3
1527531493.23	4300	22.626867	0.0	1941625	19	4.3
1527531493.57	4300	26.293167	0.0	2157535	27	4.3
1527531493.9	4300	29.961711	0.0	2290172	21	4.3
1527531494.23	4300	33.631261	0.0	2055469	19	4.3
1527531494.57	4300	37.293424	0.0	2169201	21	4.3
1527531494.91	4300	40.95063	0.0	2173522	25	4.3
1527531495.25	4300	44.615651	0.0	2102452	24	4.3
1527531495.58	4300	48.281326	0.0	2209463	20	4.3
1527531495.93	4300	51.93553	0.0	2275376	25	4.3
1527531496.26	4300	55.598498	0.0	2005399	24	4.3
1527531496.61	4300	59.247286	0.0	2152483	39	4.3
1527531500.46	4300	59.749019	0.0	2289689	25	4.3
1527531504.31	4300	59.749629	0.0	2059512	21	4.3
1527531508.15	4300	59.748382	0.0	2220726	22	4.3
1527531512.49	4300	59.749836	0.0	2156729	19	4.3
1527531516.32	4300	59.999041	0.0	2039773	12	4.3
1527531520.18	4300	59.74885	0.0	2176469	26	4.3
1527531524.02	4300	59.999361	0.0	2221506	20	4.3
1527531527.87	4300	59.997952	0.0	2044075	22	4.3
1527531532.23	4300	59.749777	0.0	2186790	25	4.3
