1527511409.94	750	4	0.026	2354772	7	-0.11180000000000001
1527511410.33	4300	7.966161	0.0	2123065	16	0.75
1527511410.71	4300	11.577022	0.0	2177073	14	4.3
1527511411.08	4300	15.213575	0.0	2160877	8	4.3
1527511411.46	4300	18.828357	0.0	2233056	21	4.3
1527511411.84	4300	22.448387	0.0	1941625	21	4.3
1527511412.21	4300	26.081156	0.0	2157535	11	4.3
1527511412.59	4300	29.697117	0.0	2290172	24	4.3
1527511412.98	4300	33.312322	0.0	2055469	21	4.3
1527511413.37	4300	36.921687	0.0	2169201	24	4.3
1527511413.77	4300	40.524495	0.0	2173522	25	4.3
1527511414.16	4300	44.131298	0.0	2102452	14	4.3
1527511414.54	4300	47.745715	0.0	2209463	25	4.3
1527511414.93	4300	51.361249	0.0	2275376	15	4.3
1527511415.32	4300	54.972769	0.0	2005399	23	4.3
1527511415.71	4300	58.579105	0.0	2152483	26	4.3
1527511418.61	4300	59.749456	0.0	2289689	25	4.3
1527511423.0	4300	59.498759	0.0	2059512	19	4.3
1527511426.9	4300	59.749092	0.0	2220726	25	4.3
1527511430.3	4300	59.998905	0.0	2156729	23	4.3
1527511434.7	4300	59.748062	0.0	2039773	20	4.3
1527511438.6	4300	59.998183	0.0	2176469	23	4.3
1527511442.5	4300	59.9984	0.0	2221506	27	4.3
1527511446.4	4300	59.997708	0.0	2044075	22	4.3
1527511450.3	4300	59.998675	0.0	2186790	24	4.3
1527511454.7	4300	59.998781	0.0	2105231	22	4.3
1527511458.59	4300	59.997571	0.0	2395588	21	4.3
1527511462.5	4300	59.998477	0.0	1972048	24	4.3
1527511466.39	4300	59.998203	0.0	2134614	22	4.3
1527511470.79	4300	59.998465	0.0	2164140	22	4.3
1527511474.68	4300	59.748928	0.0	2113193	24	4.3
1527511478.58	4300	59.748976	0.0	2147852	24	4.3
1527511482.98	4300	59.748157	0.0	2191074	19	4.3
1527511486.37	4300	59.998118	0.0	2286761	26	4.3
1527511490.77	4300	59.998287	0.0	2307787	26	4.3
1527511494.67	4300	59.748614	0.0	2143948	24	4.3
1527511498.59	4300	59.748526	0.0	1919781	20	4.3
1527511502.48	4300	59.997758	0.0	2147467	17	4.3
1527511506.41	4300	59.997718	0.0	2133870	24	4.3
1527511510.81	4300	59.497738	0.0	2146120	24	4.3
1527511514.71	4300	59.747672	0.0	2108491	26	4.3
1527511518.61	4300	59.748012	0.0	2184571	24	4.3
1527511522.5	4300	59.997738	0.0	2121928	16	4.3
1527511526.41	4300	59.998421	0.0	2219102	24	4.3
1527511530.82	4300	59.748427	0.0	2124950	19	4.3
1527511534.72	4300	59.747932	0.0	2246506	32	4.3
1527511538.6	4300	59.747252	0.0	1961140	15	4.3
1527511542.97	4300	59.499085	0.0	2155012	23	4.3
1527511544.31	4300	59.676044	0.0	1433658	14	4.3

1527511545.05	750	4	0.012	668286	2	-0.05159999999999998
1527511545.45	4300	7.952833	0.0	2123065	13	0.75
1527511545.84	4300	11.572954	0.0	2177073	18	4.3
1527511546.23	4300	15.184169	0.0	2160877	19	4.3
1527511546.63	4300	18.782972	0.0	2233056	38	4.3
1527511547.01	4300	22.396267	0.0	1941625	21	4.3
1527511547.41	4300	25.999103	0.0	2157535	23	4.3
1527511547.78	4300	29.627467	0.0	2290172	16	4.3
1527511548.16	4300	33.245643	0.0	2055469	23	4.3
1527511548.55	4300	36.853271	0.0	2169201	24	4.3
1527511548.94	4300	40.467238	0.0	2173522	25	4.3
1527511549.33	4300	44.076624	0.0	2102452	25	4.3
1527511549.72	4300	47.688147	0.0	2209463	25	4.3
1527511550.12	4300	51.291801	0.0	2275376	25	4.3
1527511550.51	4300	54.898213	0.0	2005399	10	4.3
1527511550.9	4300	58.506019	0.0	2152483	22	4.3
1527511553.79	4300	59.998815	0.0	2289689	25	4.3
1527511557.69	4300	59.998109	0.0	2059512	22	4.3
1527511562.11	4300	59.748171	0.0	2220726	24	4.3
1527511565.49	4300	59.999006	0.0	2156729	18	4.3
1527511569.89	4300	59.747935	0.0	2039773	13	4.3
1527511573.78	4300	59.998879	0.0	2176469	23	4.3
1527511577.68	4300	59.748706	0.0	2221506	25	4.3
1527511581.61	4300	59.999334	0.0	2044075	21	4.3
1527511586.01	4300	59.498307	0.0	2186790	24	4.3
1527511589.9	4300	59.748754	0.0	2105231	19	4.3
1527511593.8	4300	59.748777	0.0	2395588	23	4.3
1527511597.69	4300	59.998138	0.0	1972048	23	4.3
1527511601.59	4300	59.998173	0.0	2134614	23	4.3
1527511605.47	4300	59.998516	0.0	2164140	18	4.3
1527511609.86	4300	59.748919	0.0	2113193	24	4.3
1527511613.75	4300	59.99853	0.0	2147852	19	4.3
1527511617.65	4300	59.998891	0.0	2191074	21	4.3
1527511621.55	4300	59.99801	0.0	2286761	27	4.3
1527511625.95	4300	59.498677	0.0	2307787	27	4.3
1527511629.85	4300	59.749215	0.0	2143948	24	4.3
1527511633.75	4300	59.748191	0.0	1919781	20	4.3
1527511638.14	4300	59.499317	0.0	2147467	19	4.3
1527511641.54	4300	59.998924	0.0	2133870	22	4.3
1527511645.43	4300	59.998469	0.0	2146120	21	4.3
1527511649.82	4300	59.998912	0.0	2108491	23	4.3
1527511653.75	4300	59.748814	0.0	2184571	30	4.3
1527511657.64	4300	59.999151	0.0	2121928	21	4.3
1527511662.05	4300	59.49753	0.0	2219102	26	4.3
1527511665.95	4300	59.498218	0.0	2124950	25	4.3
1527511669.85	4300	59.747917	0.0	2246506	24	4.3
1527511673.72	4300	59.749191	0.0	1961140	18	4.3
1527511677.59	4300	59.997371	0.0	2155012	19	4.3
1527511679.45	4300	59.673325	0.0	1433658	17	4.3

1527511680.19	750	4	0.016	668286	3	-0.06879999999999997
1527511680.59	4300	7.94811	0.0	2123065	21	0.75
1527511680.98	4300	11.558692	0.0	2177073	21	4.3
1527511681.37	4300	15.172455	0.0	2160877	25	4.3
1527511681.73	4300	18.803947	0.0	2233056	14	4.3
1527511682.12	4300	22.413689	0.0	1941625	20	4.3
1527511682.5	4300	26.034163	0.0	2157535	25	4.3
1527511682.89	4300	29.644124	0.0	2290172	25	4.3
1527511683.26	4300	33.278749	0.0	2055469	12	4.3
1527511683.62	4300	36.916464	0.0	2169201	12	4.3
1527511684.01	4300	40.528084	0.0	2173522	22	4.3
1527511684.39	4300	44.145044	0.0	2102452	23	4.3
1527511684.77	4300	47.768893	0.0	2209463	14	4.3
1527511685.15	4300	51.388086	0.0	2275376	24	4.3
1527511685.54	4300	54.997333	0.0	2005399	22	4.3
1527511685.91	4300	58.627963	0.0	2152483	10	4.3
1527511689.28	4300	59.748412	0.0	2289689	13	4.3
1527511692.68	4300	59.998854	0.0	2059512	21	4.3
1527511696.58	4300	59.998164	0.0	2220726	24	4.3
1527511701.0	4300	59.999434	0.0	2156729	23	4.3
1527511704.92	4300	59.749014	0.0	2039773	23	4.3
1527511708.82	4300	59.749611	0.0	2176469	22	4.3
1527511713.22	4300	59.748119	0.0	2221506	25	4.3
1527511716.62	4300	59.999343	0.0	2044075	23	4.3
1527511721.02	4300	59.998795	0.0	2186790	24	4.3
1527511724.93	4300	59.998902	0.0	2105231	23	4.3
