1527377591.91	750	4	0.032	2354772	9	-0.13759999999999994
1527377592.28	4300	7.962905	0.0	2123065	21	0.75
1527377592.63	4300	11.613105	0.0	2177073	29	4.3
1527377592.97	4300	15.277071	0.0	2160877	24	4.3
1527377593.3	4300	18.940906	0.0	2233056	21	4.3
1527377593.64	4300	22.599384	0.0	1941625	22	4.3
1527377593.98	4300	26.257438	0.0	2157535	23	4.3
1527377594.33	4300	29.908962	0.0	2290172	26	4.3
1527377594.67	4300	33.570955	0.0	2055469	25	4.3
1527377595.01	4300	37.235561	0.0	2169201	21	4.3
1527377595.36	4300	40.881142	0.0	2173522	20	4.3
1527377595.7	4300	44.546424	0.0	2102452	21	4.3
1527377596.03	4300	48.210465	0.0	2209463	20	4.3
1527377596.38	4300	51.864429	0.0	2275376	27	4.3
1527377596.71	4300	55.528716	0.0	2005399	23	4.3
1527377597.1	4300	59.145879	0.0	2152483	25	4.3
1527377600.44	4300	59.998621	0.0	2289689	23	4.3
1527377604.29	4300	59.998705	0.0	2059512	22	4.3
1527377608.65	4300	59.998675	0.0	2220726	24	4.3
1527377612.5	4300	59.749546	0.0	2156729	24	4.3
1527377616.85	4300	59.749223	0.0	2039773	19	4.3
1527377620.7	4300	59.998946	0.0	2176469	20	4.3
1527377624.55	4300	59.749215	0.0	2221506	26	4.3
1527377628.4	4300	59.998781	0.0	2044075	22	4.3
1527377632.76	4300	59.498265	0.0	2186790	25	4.3
1527377636.61	4300	59.998814	0.0	2105231	24	4.3
1527377640.46	4300	59.998761	0.0	2395588	23	4.3
1527377644.31	4300	59.998394	0.0	1972048	23	4.3
1527377648.66	4300	59.748613	0.0	2134614	24	4.3
1527377652.51	4300	59.997836	0.0	2164140	24	4.3
1527377656.87	4300	59.747846	0.0	2113193	18	4.3
1527377660.71	4300	59.99775	0.0	2147852	21	4.3
1527377664.57	4300	59.747581	0.0	2191074	25	4.3
1527377668.42	4300	59.998408	0.0	2286761	23	4.3
1527377672.27	4300	59.99749	0.0	2307787	20	4.3
1527377676.62	4300	59.997887	0.0	2143948	24	4.3
1527377680.47	4300	59.999386	0.0	1919781	21	4.3
1527377684.32	4300	59.997423	0.0	2147467	24	4.3
1527377688.67	4300	59.747636	0.0	2133870	20	4.3
1527377692.51	4300	59.999186	0.0	2146120	20	4.3
1527377696.37	4300	59.998806	0.0	2108491	23	4.3
1527377700.72	4300	59.748589	0.0	2184571	23	4.3
1527377704.57	4300	59.748463	0.0	2121928	22	4.3
1527377708.94	4300	59.748513	0.0	2219102	24	4.3
1527377712.8	4300	59.497589	0.0	2124950	24	4.3
1527377716.65	4300	59.748731	0.0	2246506	25	4.3
1527377720.49	4300	59.997998	0.0	1961140	21	4.3
1527377724.85	4300	59.498587	0.0	2155012	23	4.3
1527377726.69	4300	59.429175	0.0	1433658	16	4.3

1527377727.44	750	4	0.018	668286	2	-0.07740000000000002
1527377727.79	4300	7.951924	0.0	2123065	21	0.75
1527377728.14	4300	11.604647	0.0	2177073	28	4.3
1527377728.48	4300	15.269145	0.0	2160877	23	4.3
1527377728.82	4300	18.927583	0.0	2233056	21	4.3
1527377729.16	4300	22.586776	0.0	1941625	21	4.3
1527377729.5	4300	26.249389	0.0	2157535	24	4.3
1527377729.83	4300	29.910534	0.0	2290172	22	4.3
1527377730.18	4300	33.567436	0.0	2055469	22	4.3
1527377730.52	4300	37.228608	0.0	2169201	24	4.3
1527377730.85	4300	40.893234	0.0	2173522	20	4.3
1527377731.2	4300	44.548108	0.0	2102452	24	4.3
1527377731.54	4300	48.204053	0.0	2209463	27	4.3
1527377731.88	4300	51.865683	0.0	2275376	19	4.3
1527377732.22	4300	55.526522	0.0	2005399	23	4.3
1527377732.56	4300	59.186511	0.0	2152483	24	4.3
1527377736.41	4300	59.499288	0.0	2289689	20	4.3
1527377739.76	4300	59.998248	0.0	2059512	22	4.3
1527377744.11	4300	59.74971	0.0	2220726	20	4.3
1527377747.95	4300	59.998257	0.0	2156729	20	4.3
1527377751.81	4300	59.997926	0.0	2039773	22	4.3
1527377756.16	4300	59.749674	0.0	2176469	24	4.3
1527377760.01	4300	59.749115	0.0	2221506	24	4.3
1527377763.86	4300	59.999084	0.0	2044075	22	4.3
1527377768.22	4300	59.99797	0.0	2186790	24	4.3
1527377772.07	4300	59.999386	0.0	2105231	25	4.3
1527377776.42	4300	59.498977	0.0	2395588	20	4.3
1527377780.28	4300	59.498987	0.0	1972048	22	4.3
1527377784.14	4300	59.747931	0.0	2134614	35	4.3
1527377787.99	4300	59.999422	0.0	2164140	25	4.3
1527377791.84	4300	59.999163	0.0	2113193	22	4.3
1527377796.18	4300	59.748879	0.0	2147852	20	4.3
1527377800.03	4300	59.748643	0.0	2191074	23	4.3
1527377803.87	4300	59.999142	0.0	2286761	21	4.3
1527377808.23	4300	59.998652	0.0	2307787	24	4.3
1527377812.09	4300	59.999415	0.0	2143948	25	4.3
1527377815.93	4300	59.998805	0.0	1919781	20	4.3
1527377819.77	4300	59.998948	0.0	2147467	20	4.3
1527377824.12	4300	59.747822	0.0	2133870	20	4.3
1527377827.98	4300	59.999184	0.0	2146120	33	4.3
1527377832.33	4300	59.747712	0.0	2108491	23	4.3
1527377836.18	4300	59.998802	0.0	2184571	23	4.3
1527377840.02	4300	59.749328	0.0	2121928	19	4.3
1527377844.38	4300	59.747831	0.0	2219102	24	4.3
1527377848.25	4300	59.748329	0.0	2124950	25	4.3
1527377852.1	4300	59.998	0.0	2246506	24	4.3
1527377855.95	4300	59.997859	0.0	1961140	21	4.3
1527377860.3	4300	59.497776	0.0	2155012	22	4.3
1527377861.63	4300	59.928858	0.0	1433658	16	4.3

1527377862.38	750	4	0.019	668286	4	-0.0817
1527377862.73	4300	7.948035	0.0	2123065	25	0.75
1527377863.06	4300	11.612496	0.0	2177073	18	4.3
1527377863.43	4300	15.249248	0.0	2160877	49	4.3
1527377863.77	4300	18.905734	0.0	2233056	25	4.3
1527377864.11	4300	22.567401	0.0	1941625	22	4.3
1527377864.44	4300	26.23345	0.0	2157535	20	4.3
1527377864.78	4300	29.900567	0.0	2290172	20	4.3
1527377865.11	4300	33.570295	0.0	2055469	17	4.3
1527377865.45	4300	37.226572	0.0	2169201	25	4.3
1527377865.8	4300	40.88132	0.0	2173522	24	4.3
1527377866.14	4300	44.538593	0.0	2102452	23	4.3
1527377866.48	4300	48.201417	0.0	2209463	24	4.3
1527377866.83	4300	51.851213	0.0	2275376	29	4.3
1527377867.16	4300	55.513763	0.0	2005399	23	4.3
1527377867.5	4300	59.17944	0.0	2152483	23	4.3
1527377870.84	4300	59.998207	0.0	2289689	22	4.3
1527377874.69	4300	59.998385	0.0	2059512	23	4.3
1527377879.05	4300	59.997812	0.0	2220726	42	4.3
1527377883.4	4300	59.497895	0.0	2156729	20	4.3
1527377887.24	4300	59.748981	0.0	2039773	20	4.3
1527377891.09	4300	59.748975	0.0	2176469	21	4.3
1527377894.94	4300	59.997645	0.0	2221506	24	4.3
1527377899.29	4300	59.499238	0.0	2044075	23	4.3
1527377903.14	4300	59.749572	0.0	2186790	24	4.3
1527377906.99	4300	59.748661	0.0	2105231	22	4.3
