1527421577.91	750	4	0.02	450283	2	-0.08599999999999997
1527421578.32	4300	7.949079	0.0	2123065	17	0.75
1527421578.7	4300	11.563962	0.0	2177073	19	4.3
1527421579.09	4300	15.17513	0.0	2160877	24	4.3
1527421579.46	4300	18.800227	0.0	2233056	14	4.3
1527421579.86	4300	22.40395	0.0	1941625	23	4.3
1527421580.24	4300	26.024866	0.0	2157535	17	4.3
1527421580.62	4300	29.640942	0.0	2290172	16	4.3
1527421581.01	4300	33.255806	0.0	2055469	24	4.3
1527421581.37	4300	36.890692	0.0	2169201	13	4.3
1527421581.75	4300	40.516739	0.0	2173522	13	4.3
1527421582.13	4300	44.1397	0.0	2102452	19	4.3
1527421582.52	4300	47.739974	0.0	2209463	16	4.3
1527421582.92	4300	51.339495	0.0	2275376	37	4.3
1527421583.31	4300	54.953716	0.0	2005399	24	4.3
1527421583.7	4300	58.561534	0.0	2152483	24	4.3
1527421586.6	4300	59.99894	0.0	2289689	26	4.3
1527421591.0	4300	59.49848	0.0	2059512	20	4.3
1527421594.43	4300	59.999173	0.0	2220726	39	4.3
1527421598.32	4300	59.999055	0.0	2156729	22	4.3
1527421602.72	4300	59.748767	0.0	2039773	25	4.3
1527421606.61	4300	59.998604	0.0	2176469	19	4.3
1527421610.5	4300	59.998862	0.0	2221506	23	4.3
1527421614.4	4300	59.998563	0.0	2044075	23	4.3
1527421618.3	4300	59.997871	0.0	2186790	24	4.3
1527421622.7	4300	59.74832	0.0	2105231	24	4.3
1527421626.59	4300	59.748139	0.0	2395588	21	4.3
1527421630.48	4300	59.999283	0.0	1972048	21	4.3
1527421634.88	4300	59.747859	0.0	2134614	24	4.3
1527421638.77	4300	59.748218	0.0	2164140	18	4.3
1527421642.68	4300	59.748648	0.0	2113193	24	4.3
1527421646.59	4300	59.749082	0.0	2147852	24	4.3
1527421650.49	4300	59.998302	0.0	2191074	24	4.3
1527421654.89	4300	59.497707	0.0	2286761	25	4.3
1527421658.29	4300	59.998741	0.0	2307787	28	4.3
1527421662.7	4300	59.998382	0.0	2143948	19	4.3
1527421666.59	4300	59.747494	0.0	1919781	22	4.3
1527421670.5	4300	59.999273	0.0	2147467	25	4.3
1527421674.9	4300	59.498617	0.0	2133870	22	4.3
1527421678.31	4300	59.999148	0.0	2146120	45	4.3
1527421682.71	4300	59.749111	0.0	2108491	20	4.3
1527421686.61	4300	59.998581	0.0	2184571	23	4.3
1527421690.51	4300	59.997839	0.0	2121928	24	4.3
1527421694.91	4300	59.498251	0.0	2219102	24	4.3
1527421698.31	4300	59.998072	0.0	2124950	23	4.3
1527421702.71	4300	59.748247	0.0	2246506	26	4.3
1527421706.59	4300	59.748344	0.0	1961140	23	4.3
1527421710.96	4300	59.748135	0.0	2155012	21	4.3
1527421712.32	4300	59.679051	0.0	1433658	17	4.3

1527421713.07	750	4	0.016	668286	3	-0.06879999999999997
1527421713.46	4300	7.951987	0.0	2123065	21	0.75
1527421713.86	4300	11.555342	0.0	2177073	34	4.3
1527421714.24	4300	15.178485	0.0	2160877	18	4.3
1527421714.62	4300	18.790327	0.0	2233056	26	4.3
1527421715.0	4300	22.418151	0.0	1941625	16	4.3
1527421715.38	4300	26.03101	0.0	2157535	24	4.3
1527421715.77	4300	29.6434	0.0	2290172	22	4.3
1527421716.16	4300	33.254785	0.0	2055469	21	4.3
1527421716.58	4300	36.839485	0.0	2169201	26	4.3
1527421716.95	4300	40.467032	0.0	2173522	11	4.3
1527421717.33	4300	44.081957	0.0	2102452	24	4.3
1527421717.72	4300	47.697075	0.0	2209463	27	4.3
1527421718.12	4300	51.296243	0.0	2275376	33	4.3
1527421718.5	4300	54.916872	0.0	2005399	20	4.3
1527421718.86	4300	58.550747	0.0	2152483	11	4.3
1527421721.76	4300	59.748367	0.0	2289689	25	4.3
1527421725.66	4300	59.998663	0.0	2059512	23	4.3
1527421730.06	4300	59.498525	0.0	2220726	23	4.3
1527421733.95	4300	59.498881	0.0	2156729	20	4.3
1527421737.85	4300	59.74891	0.0	2039773	23	4.3
1527421741.74	4300	59.748953	0.0	2176469	24	4.3
1527421745.65	4300	59.99893	0.0	2221506	25	4.3
1527421750.04	4300	59.499221	0.0	2044075	23	4.3
1527421753.44	4300	59.999298	0.0	2186790	14	4.3
1527421757.83	4300	59.749443	0.0	2105231	20	4.3
1527421761.73	4300	59.747812	0.0	2395588	25	4.3
1527421765.63	4300	59.998713	0.0	1972048	22	4.3
1527421769.52	4300	59.998821	0.0	2134614	22	4.3
1527421773.92	4300	59.748967	0.0	2164140	24	4.3
1527421777.81	4300	59.998905	0.0	2113193	19	4.3
1527421781.71	4300	59.998109	0.0	2147852	24	4.3
1527421786.11	4300	59.748098	0.0	2191074	24	4.3
1527421789.51	4300	59.998162	0.0	2286761	24	4.3
1527421793.91	4300	59.749178	0.0	2307787	23	4.3
1527421797.81	4300	59.998336	0.0	2143948	23	4.3
1527421801.69	4300	59.748553	0.0	1919781	18	4.3
1527421805.59	4300	59.998847	0.0	2147467	24	4.3
1527421809.47	4300	59.999137	0.0	2133870	11	4.3
1527421813.88	4300	59.748786	0.0	2146120	23	4.3
1527421817.78	4300	59.748029	0.0	2108491	23	4.3
1527421821.69	4300	59.748306	0.0	2184571	43	4.3
1527421826.1	4300	59.498791	0.0	2121928	24	4.3
1527421829.49	4300	59.998403	0.0	2219102	20	4.3
1527421833.9	4300	59.749106	0.0	2124950	25	4.3
1527421837.79	4300	59.747817	0.0	2246506	24	4.3
1527421841.67	4300	59.748772	0.0	1961140	21	4.3
1527421845.55	4300	59.998885	0.0	2155012	23	4.3
1527421847.4	4300	59.927992	0.0	1433658	15	4.3

1527421848.18	750	4	0.017	668286	2	-0.07309999999999994
1527421848.57	4300	7.957325	0.0	2123065	14	0.75
1527421848.94	4300	11.584884	0.0	2177073	14	4.3
1527421849.33	4300	15.199564	0.0	2160877	23	4.3
1527421849.72	4300	18.808242	0.0	2233056	23	4.3
1527421850.11	4300	22.416985	0.0	1941625	21	4.3
1527421850.5	4300	26.024446	0.0	2157535	15	4.3
1527421850.89	4300	29.635136	0.0	2290172	25	4.3
1527421851.28	4300	33.248882	0.0	2055469	22	4.3
1527421851.67	4300	36.857825	0.0	2169201	26	4.3
1527421852.04	4300	40.484904	0.0	2173522	13	4.3
1527421852.43	4300	44.094647	0.0	2102452	16	4.3
1527421852.81	4300	47.715562	0.0	2209463	18	4.3
1527421853.2	4300	51.329845	0.0	2275376	25	4.3
1527421853.59	4300	54.937662	0.0	2005399	24	4.3
1527421853.98	4300	58.547194	0.0	2152483	21	4.3
1527421856.88	4300	59.749613	0.0	2289689	21	4.3
1527421861.27	4300	59.748254	0.0	2059512	19	4.3
1527421865.16	4300	59.499804	0.0	2220726	25	4.3
1527421868.56	4300	59.999146	0.0	2156729	25	4.3
