1527427811.41	750	4	0.026	2354772	9	-0.11180000000000001
1527427811.75	4300	7.963749	0.0	2123065	22	0.75
1527427812.07	4300	11.63498	0.0	2177073	14	4.3
1527427812.4	4300	15.304451	0.0	2160877	17	4.3
1527427812.75	4300	18.959157	0.0	2233056	26	4.3
1527427813.08	4300	22.62461	0.0	1941625	23	4.3
1527427813.42	4300	26.290121	0.0	2157535	22	4.3
1527427813.75	4300	29.957604	0.0	2290172	21	4.3
1527427814.09	4300	33.613638	0.0	2055469	23	4.3
1527427814.41	4300	37.29677	0.0	2169201	11	4.3
1527427814.75	4300	40.959548	0.0	2173522	17	4.3
1527427815.08	4300	44.629473	0.0	2102452	13	4.3
1527427815.42	4300	48.285318	0.0	2209463	26	4.3
1527427815.76	4300	51.948339	0.0	2275376	21	4.3
1527427816.09	4300	55.619226	0.0	2005399	17	4.3
1527427816.48	4300	59.228998	0.0	2152483	21	4.3
1527427819.84	4300	59.999299	0.0	2289689	28	4.3
1527427824.19	4300	59.749359	0.0	2059512	21	4.3
1527427828.04	4300	59.748883	0.0	2220726	15	4.3
1527427832.4	4300	59.748145	0.0	2156729	23	4.3
1527427835.74	4300	59.998802	0.0	2039773	25	4.3
1527427840.09	4300	59.748046	0.0	2176469	16	4.3
1527427843.94	4300	59.998875	0.0	2221506	18	4.3
1527427847.79	4300	59.99816	0.0	2044075	25	4.3
1527427852.14	4300	59.748662	0.0	2186790	24	4.3
1527427855.99	4300	59.748309	0.0	2105231	26	4.3
1527427859.83	4300	59.99789	0.0	2395588	22	4.3
1527427864.18	4300	59.999025	0.0	1972048	22	4.3
1527427868.04	4300	59.748805	0.0	2134614	25	4.3
1527427871.89	4300	59.99816	0.0	2164140	25	4.3
1527427875.73	4300	59.998026	0.0	2113193	21	4.3
1527427880.07	4300	59.74964	0.0	2147852	20	4.3
1527427884.42	4300	59.498178	0.0	2191074	25	4.3
1527427887.77	4300	59.998734	0.0	2286761	26	4.3
1527427892.11	4300	59.999101	0.0	2307787	19	4.3
1527427895.96	4300	59.99878	0.0	2143948	22	4.3
1527427899.8	4300	59.999046	0.0	1919781	22	4.3
1527427904.15	4300	59.748623	0.0	2147467	23	4.3
1527427908.01	4300	59.748781	0.0	2133870	35	4.3
1527427912.36	4300	59.498026	0.0	2146120	20	4.3
1527427916.2	4300	59.747705	0.0	2108491	20	4.3
1527427920.04	4300	59.748923	0.0	2184571	20	4.3
1527427924.4	4300	59.748985	0.0	2121928	24	4.3
1527427928.27	4300	59.748636	0.0	2219102	26	4.3
1527427932.13	4300	59.999227	0.0	2124950	27	4.3
1527427935.98	4300	59.998878	0.0	2246506	21	4.3
1527427939.83	4300	59.998357	0.0	1961140	21	4.3
1527427944.18	4300	59.748595	0.0	2155012	25	4.3
1527427945.52	4300	59.928157	0.0	1433658	22	4.3

1527427946.29	750	4	0.023	2354772	7	-0.09889999999999999
1527427946.63	4300	7.965663	0.0	2123065	19	0.75
1527427946.97	4300	11.62157	0.0	2177073	29	4.3
1527427947.31	4300	15.286534	0.0	2160877	23	4.3
1527427947.64	4300	18.947194	0.0	2233056	23	4.3
1527427947.97	4300	22.620202	0.0	1941625	18	4.3
1527427948.31	4300	26.283091	0.0	2157535	20	4.3
1527427948.65	4300	29.940882	0.0	2290172	27	4.3
1527427948.98	4300	33.607889	0.0	2055469	23	4.3
1527427949.32	4300	37.269639	0.0	2169201	23	4.3
1527427949.67	4300	40.917197	0.0	2173522	25	4.3
1527427950.01	4300	44.580555	0.0	2102452	11	4.3
1527427950.35	4300	48.239071	0.0	2209463	26	4.3
1527427950.69	4300	51.900116	0.0	2275376	25	4.3
1527427951.03	4300	55.567597	0.0	2005399	24	4.3
1527427951.36	4300	59.234749	0.0	2152483	21	4.3
1527427955.2	4300	59.498772	0.0	2289689	23	4.3
1527427959.04	4300	59.997786	0.0	2059512	20	4.3
1527427962.89	4300	59.748915	0.0	2220726	23	4.3
1527427967.25	4300	59.499175	0.0	2156729	26	4.3
1527427971.09	4300	59.998755	0.0	2039773	22	4.3
1527427974.95	4300	59.748765	0.0	2176469	24	4.3
1527427979.3	4300	59.748925	0.0	2221506	26	4.3
1527427983.15	4300	59.748629	0.0	2044075	25	4.3
1527427986.99	4300	59.998006	0.0	2186790	24	4.3
1527427991.34	4300	59.748772	0.0	2105231	23	4.3
1527427994.69	4300	59.998934	0.0	2395588	29	4.3
1527427999.04	4300	59.749577	0.0	1972048	25	4.3
1527428002.89	4300	59.749205	0.0	2134614	25	4.3
1527428007.24	4300	59.49786	0.0	2164140	25	4.3
1527428011.08	4300	59.749437	0.0	2113193	24	4.3
1527428014.92	4300	59.998109	0.0	2147852	23	4.3
1527428018.77	4300	59.998247	0.0	2191074	25	4.3
1527428022.61	4300	59.99785	0.0	2286761	23	4.3
1527428026.97	4300	59.997751	0.0	2307787	28	4.3
1527428031.32	4300	59.749082	0.0	2143948	26	4.3
1527428035.17	4300	59.499104	0.0	1919781	22	4.3
1527428039.02	4300	59.747708	0.0	2147467	25	4.3
1527428042.87	4300	59.747596	0.0	2133870	35	4.3
1527428046.72	4300	59.999215	0.0	2146120	25	4.3
1527428051.07	4300	59.997829	0.0	2108491	23	4.3
1527428054.92	4300	59.748789	0.0	2184571	24	4.3
1527428058.76	4300	59.998874	0.0	2121928	21	4.3
1527428063.11	4300	59.49784	0.0	2219102	23	4.3
1527428066.95	4300	59.74902	0.0	2124950	23	4.3
1527428070.79	4300	59.997379	0.0	2246506	22	4.3
1527428074.64	4300	59.997793	0.0	1961140	14	4.3
1527428079.01	4300	59.748866	0.0	2155012	26	4.3
1527428080.84	4300	59.678634	0.0	1433658	17	4.3

1527428081.61	750	4	0.026	2354772	7	-0.11180000000000001
1527428081.94	4300	7.670531	0.0	2123065	11	0.75
1527428082.25	4300	11.358389	0.0	2177073	5	4.3
1527428082.59	4300	15.019448	0.0	2160877	27	4.3
1527428082.93	4300	18.674321	0.0	2233056	27	4.3
1527428083.27	4300	22.340467	0.0	1941625	23	4.3
1527428083.61	4300	26.000394	0.0	2157535	22	4.3
1527428083.94	4300	29.664116	0.0	2290172	20	4.3
1527428084.27	4300	33.341609	0.0	2055469	15	4.3
1527428084.58	4300	37.028676	0.0	2169201	10	4.3
1527428084.89	4300	40.716828	0.0	2173522	9	4.3
1527428085.2	4300	44.404875	0.0	2102452	9	4.3
1527428085.54	4300	48.062461	0.0	2209463	26	4.3
1527428085.89	4300	51.713025	0.0	2275376	33	4.3
1527428086.24	4300	55.370567	0.0	2005399	24	4.3
1527428086.58	4300	59.030514	0.0	2152483	21	4.3
1527428089.9	4300	59.998008	0.0	2289689	13	4.3
1527428093.76	4300	59.999238	0.0	2059512	24	4.3
1527428097.62	4300	59.997949	0.0	2220726	38	4.3
1527428101.98	4300	59.999342	0.0	2156729	24	4.3
1527428106.33	4300	59.748179	0.0	2039773	24	4.3
1527428109.68	4300	59.998707	0.0	2176469	25	4.3
1527428114.04	4300	59.998648	0.0	2221506	27	4.3
1527428117.89	4300	59.99781	0.0	2044075	23	4.3
1527428121.73	4300	59.998072	0.0	2186790	24	4.3
1527428126.07	4300	59.748903	0.0	2105231	20	4.3
1527428129.92	4300	59.998898	0.0	2395588	26	4.3
1527428133.77	4300	59.998616	0.0	1972048	20	4.3
1527428138.11	4300	59.498483	0.0	2134614	16	4.3
1527428141.96	4300	59.748336	0.0	2164140	17	4.3
1527428145.81	4300	59.997888	0.0	2113193	23	4.3
1527428149.66	4300	59.999098	0.0	2147852	24	4.3
