1527511857.13	750	4	0.026	2354772	7	-0.11180000000000001
1527511857.46	4300	7.9646	0.0	2123065	20	0.75
1527511857.8	4300	11.630683	0.0	2177073	15	4.3
1527511858.12	4300	15.306441	0.0	2160877	16	4.3
1527511858.47	4300	18.959863	0.0	2233056	25	4.3
1527511858.8	4300	22.625005	0.0	1941625	23	4.3
1527511859.12	4300	26.307483	0.0	2157535	13	4.3
1527511859.47	4300	29.961755	0.0	2290172	29	4.3
1527511859.8	4300	33.629083	0.0	2055469	22	4.3
1527511860.12	4300	37.308406	0.0	2169201	14	4.3
1527511860.46	4300	40.964031	0.0	2173522	27	4.3
1527511860.8	4300	44.629252	0.0	2102452	10	4.3
1527511861.12	4300	48.306251	0.0	2209463	15	4.3
1527511861.47	4300	51.958443	0.0	2275376	25	4.3
1527511861.8	4300	55.62308	0.0	2005399	23	4.3
1527511862.14	4300	59.28739	0.0	2152483	23	4.3
1527511865.48	4300	59.998419	0.0	2289689	22	4.3
1527511869.83	4300	59.998	0.0	2059512	23	4.3
1527511873.68	4300	59.747869	0.0	2220726	26	4.3
1527511877.53	4300	59.99906	0.0	2156729	23	4.3
1527511881.88	4300	59.749181	0.0	2039773	19	4.3
1527511885.72	4300	59.749548	0.0	2176469	20	4.3
1527511890.06	4300	59.498705	0.0	2221506	22	4.3
1527511893.9	4300	59.749438	0.0	2044075	13	4.3
1527511897.75	4300	59.748482	0.0	2186790	23	4.3
1527511902.09	4300	59.498752	0.0	2105231	21	4.3
1527511905.44	4300	59.998655	0.0	2395588	28	4.3
1527511909.79	4300	59.748823	0.0	1972048	23	4.3
1527511913.65	4300	59.998003	0.0	2134614	25	4.3
1527511918.0	4300	59.747666	0.0	2164140	22	4.3
1527511921.84	4300	59.998543	0.0	2113193	23	4.3
1527511925.68	4300	59.748566	0.0	2147852	20	4.3
1527511929.53	4300	59.997996	0.0	2191074	20	4.3
1527511933.87	4300	59.749242	0.0	2286761	17	4.3
1527511937.71	4300	59.997621	0.0	2307787	23	4.3
1527511942.06	4300	59.747782	0.0	2143948	17	4.3
1527511945.9	4300	59.749093	0.0	1919781	19	4.3
1527511949.74	4300	59.747498	0.0	2147467	21	4.3
1527511953.59	4300	59.999211	0.0	2133870	22	4.3
1527511957.45	4300	59.998895	0.0	2146120	25	4.3
1527511961.79	4300	59.99862	0.0	2108491	21	4.3
1527511965.64	4300	59.99812	0.0	2184571	26	4.3
1527511969.98	4300	59.498992	0.0	2121928	21	4.3
1527511973.83	4300	59.99823	0.0	2219102	24	4.3
1527511977.68	4300	59.749128	0.0	2124950	22	4.3
1527511981.54	4300	59.998756	0.0	2246506	26	4.3
1527511985.88	4300	59.748211	0.0	1961140	21	4.3
1527511989.73	4300	59.74912	0.0	2155012	25	4.3
1527511991.56	4300	59.678594	0.0	1433658	17	4.3

1527511992.33	750	4	0.028	2354772	8	-0.12039999999999995
1527511992.67	4300	7.961613	0.0	2123065	24	0.75
1527511993.01	4300	11.61763	0.0	2177073	21	4.3
1527511993.36	4300	15.271195	0.0	2160877	19	4.3
1527511993.7	4300	18.934673	0.0	2233056	22	4.3
1527511994.02	4300	22.613936	0.0	1941625	13	4.3
1527511994.34	4300	26.290264	0.0	2157535	14	4.3
1527511994.67	4300	29.96482	0.0	2290172	16	4.3
1527511994.99	4300	33.637474	0.0	2055469	16	4.3
1527511995.34	4300	37.296703	0.0	2169201	25	4.3
1527511995.65	4300	40.978227	0.0	2173522	13	4.3
1527511995.99	4300	44.638203	0.0	2102452	24	4.3
1527511996.33	4300	48.302343	0.0	2209463	26	4.3
1527511996.67	4300	51.956764	0.0	2275376	35	4.3
1527511997.0	4300	55.628685	0.0	2005399	17	4.3
1527511997.34	4300	59.29831	0.0	2152483	18	4.3
1527512001.19	4300	59.74864	0.0	2289689	26	4.3
1527512005.53	4300	59.249143	0.0	2059512	21	4.3
1527512009.38	4300	59.498818	0.0	2220726	25	4.3
1527512013.23	4300	59.49832	0.0	2156729	22	4.3
1527512017.07	4300	59.748669	0.0	2039773	19	4.3
1527512020.92	4300	59.998085	0.0	2176469	25	4.3
1527512024.78	4300	59.999288	0.0	2221506	24	4.3
1527512029.12	4300	59.748708	0.0	2044075	19	4.3
1527512032.96	4300	59.997892	0.0	2186790	23	4.3
1527512037.31	4300	59.748481	0.0	2105231	20	4.3
1527512041.16	4300	59.499113	0.0	2395588	24	4.3
1527512045.01	4300	59.749588	0.0	1972048	32	4.3
1527512049.36	4300	59.74899	0.0	2134614	25	4.3
1527512052.71	4300	59.999028	0.0	2164140	23	4.3
1527512057.06	4300	59.749176	0.0	2113193	23	4.3
1527512060.91	4300	59.999183	0.0	2147852	26	4.3
1527512064.76	4300	59.998973	0.0	2191074	26	4.3
1527512069.11	4300	59.998581	0.0	2286761	21	4.3
1527512072.96	4300	59.748251	0.0	2307787	22	4.3
1527512077.31	4300	59.498409	0.0	2143948	24	4.3
1527512080.66	4300	59.998619	0.0	1919781	21	4.3
1527512085.01	4300	59.748519	0.0	2147467	24	4.3
1527512088.86	4300	59.999059	0.0	2133870	36	4.3
1527512092.71	4300	59.999204	0.0	2146120	27	4.3
1527512097.06	4300	59.998654	0.0	2108491	24	4.3
1527512100.91	4300	59.748796	0.0	2184571	24	4.3
1527512104.77	4300	59.998687	0.0	2121928	15	4.3
1527512109.12	4300	59.998483	0.0	2219102	25	4.3
1527512112.97	4300	59.748304	0.0	2124950	25	4.3
1527512116.82	4300	59.998056	0.0	2246506	22	4.3
1527512120.65	4300	59.999332	0.0	1961140	16	4.3
1527512124.98	4300	59.748648	0.0	2155012	12	4.3
1527512126.82	4300	59.928961	0.0	1433658	17	4.3

1527512127.57	750	4	0.025	2354772	8	-0.10750000000000004
1527512127.91	4300	7.960848	0.0	2123065	25	0.75
1527512128.25	4300	11.620755	0.0	2177073	21	4.3
1527512128.57	4300	15.299924	0.0	2160877	9	4.3
1527512128.9	4300	18.973468	0.0	2233056	18	4.3
1527512129.22	4300	22.648606	0.0	1941625	15	4.3
1527512129.56	4300	26.310077	0.0	2157535	28	4.3
1527512129.89	4300	29.975981	0.0	2290172	26	4.3
1527512130.22	4300	33.644408	0.0	2055469	22	4.3
1527512130.56	4300	37.312795	0.0	2169201	21	4.3
1527512130.89	4300	40.982443	0.0	2173522	21	4.3
1527512131.22	4300	44.648885	0.0	2102452	18	4.3
1527512131.54	4300	48.326935	0.0	2209463	15	4.3
1527512131.88	4300	51.994465	0.0	2275376	22	4.3
1527512132.22	4300	55.647358	0.0	2005399	27	4.3
1527512132.55	4300	59.3195	0.0	2152483	17	4.3
1527512135.89	4300	59.999109	0.0	2289689	19	4.3
1527512140.24	4300	59.998909	0.0	2059512	22	4.3
1527512144.09	4300	59.999382	0.0	2220726	34	4.3
1527512147.94	4300	59.998631	0.0	2156729	26	4.3
1527512152.29	4300	59.998932	0.0	2039773	24	4.3
1527512156.14	4300	59.748317	0.0	2176469	26	4.3
1527512160.49	4300	59.498876	0.0	2221506	24	4.3
1527512164.31	4300	59.998169	0.0	2044075	11	4.3
1527512168.15	4300	59.998382	0.0	2186790	19	4.3
1527512172.03	4300	59.999373	0.0	2105231	23	4.3
1527512176.38	4300	59.748592	0.0	2395588	27	4.3
1527512180.23	4300	59.748484	0.0	1972048	22	4.3
1527512184.08	4300	59.999049	0.0	2134614	30	4.3
1527512187.94	4300	59.998492	0.0	2164140	22	4.3
1527512192.29	4300	59.998413	0.0	2113193	25	4.3
1527512196.13	4300	59.749199	0.0	2147852	24	4.3
1527512199.98	4300	59.999148	0.0	2191074	21	4.3
1527512204.32	4300	59.99815	0.0	2286761	21	4.3
1527512208.16	4300	59.74847	0.0	2307787	23	4.3
