1527539427.46	750	4	0.027	2354772	10	-0.11609999999999998
1527539427.8	4300	7.958983	0.0	2123065	25	0.75
1527539428.14	4300	11.622364	0.0	2177073	26	4.3
1527539428.45	4300	15.305611	0.0	2160877	13	4.3
1527539428.79	4300	18.966698	0.0	2233056	27	4.3
1527539429.13	4300	22.633714	0.0	1941625	22	4.3
1527539429.46	4300	26.301436	0.0	2157535	23	4.3
1527539429.79	4300	29.968806	0.0	2290172	21	4.3
1527539430.12	4300	33.636821	0.0	2055469	19	4.3
1527539430.45	4300	37.304703	0.0	2169201	20	4.3
1527539430.79	4300	40.967218	0.0	2173522	20	4.3
1527539431.14	4300	44.621311	0.0	2102452	33	4.3
1527539431.47	4300	48.28796	0.0	2209463	24	4.3
1527539431.79	4300	51.964529	0.0	2275376	16	4.3
1527539432.13	4300	55.632896	0.0	2005399	22	4.3
1527539432.46	4300	59.30164	0.0	2152483	21	4.3
1527539435.79	4300	59.99846	0.0	2289689	15	4.3
1527539440.13	4300	59.748481	0.0	2059512	22	4.3
1527539444.48	4300	59.748587	0.0	2220726	25	4.3
1527539447.82	4300	59.998582	0.0	2156729	24	4.3
1527539452.17	4300	59.998101	0.0	2039773	19	4.3
1527539456.02	4300	59.999129	0.0	2176469	21	4.3
1527539460.37	4300	59.749445	0.0	2221506	24	4.3
1527539464.22	4300	59.749069	0.0	2044075	23	4.3
1527539468.07	4300	59.747946	0.0	2186790	25	4.3
1527539471.91	4300	59.998845	0.0	2105231	22	4.3
1527539476.26	4300	59.997838	0.0	2395588	23	4.3
1527539480.11	4300	59.998957	0.0	1972048	23	4.3
1527539484.45	4300	59.749444	0.0	2134614	18	4.3
1527539487.79	4300	59.999411	0.0	2164140	22	4.3
1527539492.14	4300	59.997955	0.0	2113193	23	4.3
1527539496.49	4300	59.49967	0.0	2147852	26	4.3
1527539500.35	4300	59.749492	0.0	2191074	26	4.3
1527539504.19	4300	59.99884	0.0	2286761	23	4.3
1527539508.03	4300	59.998652	0.0	2307787	23	4.3
1527539511.88	4300	59.99778	0.0	2143948	20	4.3
1527539516.24	4300	59.748547	0.0	1919781	23	4.3
1527539520.09	4300	59.747778	0.0	2147467	24	4.3
1527539523.96	4300	59.997814	0.0	2133870	49	4.3
1527539527.8	4300	59.998993	0.0	2146120	23	4.3
1527539532.15	4300	59.749458	0.0	2108491	20	4.3
1527539535.99	4300	59.998804	0.0	2184571	24	4.3
1527539539.83	4300	59.997864	0.0	2121928	22	4.3
1527539544.18	4300	59.749114	0.0	2219102	22	4.3
1527539548.02	4300	59.997753	0.0	2124950	23	4.3
1527539551.86	4300	59.998793	0.0	2246506	20	4.3
1527539556.21	4300	59.747934	0.0	1961140	19	4.3
1527539560.05	4300	59.74881	0.0	2155012	23	4.3
1527539561.89	4300	59.927795	0.0	1433658	16	4.3

1527539562.64	750	4	0.026	2354772	7	-0.11180000000000001
1527539563.0	4300	7.943866	0.0	2123065	37	0.75
1527539563.33	4300	11.612137	0.0	2177073	19	4.3
1527539563.67	4300	15.269667	0.0	2160877	28	4.3
1527539564.02	4300	18.92639	0.0	2233056	24	4.3
1527539564.35	4300	22.598282	0.0	1941625	17	4.3
1527539564.68	4300	26.26551	0.0	2157535	20	4.3
1527539565.02	4300	29.923209	0.0	2290172	25	4.3
1527539565.35	4300	33.588603	0.0	2055469	22	4.3
1527539565.69	4300	37.253888	0.0	2169201	24	4.3
1527539566.01	4300	40.935074	0.0	2173522	13	4.3
1527539566.33	4300	44.616058	0.0	2102452	13	4.3
1527539566.65	4300	48.292972	0.0	2209463	15	4.3
1527539566.97	4300	51.967414	0.0	2275376	15	4.3
1527539567.3	4300	55.641984	0.0	2005399	22	4.3
1527539567.63	4300	59.314105	0.0	2152483	17	4.3
1527539571.48	4300	59.498876	0.0	2289689	27	4.3
1527539575.32	4300	59.748713	0.0	2059512	19	4.3
1527539579.68	4300	59.74932	0.0	2220726	31	4.3
1527539583.03	4300	59.999232	0.0	2156729	24	4.3
1527539587.37	4300	59.749172	0.0	2039773	21	4.3
1527539591.22	4300	59.749214	0.0	2176469	24	4.3
1527539595.56	4300	59.749124	0.0	2221506	23	4.3
1527539599.41	4300	59.747909	0.0	2044075	24	4.3
1527539603.24	4300	59.998054	0.0	2186790	15	4.3
1527539607.09	4300	59.997933	0.0	2105231	24	4.3
1527539611.44	4300	59.747707	0.0	2395588	25	4.3
1527539615.29	4300	59.999158	0.0	1972048	20	4.3
1527539619.64	4300	59.498427	0.0	2134614	26	4.3
1527539623.0	4300	59.99819	0.0	2164140	26	4.3
1527539627.36	4300	59.999161	0.0	2113193	24	4.3
1527539631.21	4300	59.749363	0.0	2147852	26	4.3
1527539635.05	4300	59.99899	0.0	2191074	21	4.3
1527539639.4	4300	59.749486	0.0	2286761	24	4.3
1527539643.25	4300	59.748996	0.0	2307787	23	4.3
1527539647.59	4300	59.749029	0.0	2143948	19	4.3
1527539651.43	4300	59.747382	0.0	1919781	22	4.3
1527539655.27	4300	59.748142	0.0	2147467	21	4.3
1527539659.13	4300	59.999382	0.0	2133870	23	4.3
1527539662.98	4300	59.998529	0.0	2146120	25	4.3
1527539667.33	4300	59.749151	0.0	2108491	20	4.3
1527539671.18	4300	59.997574	0.0	2184571	23	4.3
1527539675.03	4300	59.998897	0.0	2121928	27	4.3
1527539679.38	4300	59.749276	0.0	2219102	26	4.3
1527539683.2	4300	59.747461	0.0	2124950	10	4.3
1527539687.54	4300	59.498197	0.0	2246506	23	4.3
1527539691.39	4300	59.747939	0.0	1961140	23	4.3
1527539695.23	4300	59.74732	0.0	2155012	22	4.3
1527539697.07	4300	59.678472	0.0	1433658	18	4.3

1527539697.83	750	4	0.023	2354772	6	-0.09889999999999999
1527539698.17	4300	7.961748	0.0	2123065	26	0.75
1527539698.51	4300	11.62574	0.0	2177073	25	4.3
1527539698.82	4300	15.308407	0.0	2160877	13	4.3
1527539699.17	4300	18.959842	0.0	2233056	39	4.3
1527539699.51	4300	22.621354	0.0	1941625	21	4.3
1527539699.85	4300	26.283948	0.0	2157535	25	4.3
1527539700.19	4300	29.945854	0.0	2290172	24	4.3
1527539700.52	4300	33.617234	0.0	2055469	19	4.3
1527539700.86	4300	37.274791	0.0	2169201	25	4.3
1527539701.2	4300	40.936628	0.0	2173522	24	4.3
1527539701.53	4300	44.601427	0.0	2102452	23	4.3
1527539701.85	4300	48.283987	0.0	2209463	13	4.3
1527539702.2	4300	51.936487	0.0	2275376	26	4.3
1527539702.52	4300	55.614566	0.0	2005399	10	4.3
1527539702.84	4300	59.288784	0.0	2152483	18	4.3
1527539706.19	4300	59.998603	0.0	2289689	26	4.3
1527539710.53	4300	59.748716	0.0	2059512	18	4.3
1527539714.39	4300	59.749397	0.0	2220726	29	4.3
1527539718.24	4300	59.997995	0.0	2156729	25	4.3
1527539722.58	4300	59.749304	0.0	2039773	22	4.3
1527539726.43	4300	59.748811	0.0	2176469	25	4.3
1527539730.28	4300	59.998126	0.0	2221506	24	4.3
1527539734.62	4300	59.747866	0.0	2044075	20	4.3
1527539738.46	4300	59.998164	0.0	2186790	25	4.3
1527539742.81	4300	59.499348	0.0	2105231	21	4.3
