1527372818.12	750	4	0.027	2354772	8	-0.11609999999999998
1527372818.46	4300	7.964425	0.0	2123065	20	0.75
1527372818.79	4300	11.631367	0.0	2177073	18	4.3
1527372819.12	4300	15.298445	0.0	2160877	19	4.3
1527372819.46	4300	18.956107	0.0	2233056	27	4.3
1527372819.8	4300	22.617881	0.0	1941625	23	4.3
1527372820.14	4300	26.283992	0.0	2157535	19	4.3
1527372820.47	4300	29.950681	0.0	2290172	21	4.3
1527372820.81	4300	33.607669	0.0	2055469	26	4.3
1527372821.15	4300	37.270383	0.0	2169201	25	4.3
1527372821.49	4300	40.931868	0.0	2173522	20	4.3
1527372821.83	4300	44.589665	0.0	2102452	12	4.3
1527372822.17	4300	48.248224	0.0	2209463	24	4.3
1527372822.52	4300	51.902812	0.0	2275376	25	4.3
1527372822.86	4300	55.564858	0.0	2005399	21	4.3
1527372823.22	4300	59.206375	0.0	2152483	25	4.3
1527372827.06	4300	59.498668	0.0	2289689	24	4.3
1527372830.95	4300	59.748399	0.0	2059512	20	4.3
1527372834.8	4300	59.748063	0.0	2220726	26	4.3
1527372838.68	4300	59.998317	0.0	2156729	21	4.3
1527372843.04	4300	59.498773	0.0	2039773	24	4.3
1527372846.92	4300	59.748527	0.0	2176469	23	4.3
1527372850.77	4300	59.99784	0.0	2221506	21	4.3
1527372854.63	4300	59.998756	0.0	2044075	21	4.3
1527372858.48	4300	59.997834	0.0	2186790	14	4.3
1527372862.83	4300	59.748085	0.0	2105231	22	4.3
1527372866.69	4300	59.74913	0.0	2395588	27	4.3
1527372870.54	4300	59.999428	0.0	1972048	30	4.3
1527372874.9	4300	59.997735	0.0	2134614	25	4.3
1527372878.75	4300	59.747988	0.0	2164140	26	4.3
1527372882.59	4300	59.999405	0.0	2113193	24	4.3
1527372886.44	4300	59.998904	0.0	2147852	22	4.3
1527372890.79	4300	59.998774	0.0	2191074	24	4.3
1527372894.64	4300	59.999246	0.0	2286761	27	4.3
1527372898.49	4300	59.998957	0.0	2307787	26	4.3
1527372902.84	4300	59.748693	0.0	2143948	21	4.3
1527372906.69	4300	59.748768	0.0	1919781	22	4.3
1527372911.04	4300	59.747844	0.0	2147467	18	4.3
1527372914.89	4300	59.749509	0.0	2133870	26	4.3
1527372918.74	4300	59.999017	0.0	2146120	23	4.3
1527372923.09	4300	59.497613	0.0	2108491	23	4.3
1527372926.43	4300	59.998916	0.0	2184571	22	4.3
1527372930.79	4300	59.748457	0.0	2121928	24	4.3
1527372935.14	4300	59.748107	0.0	2219102	25	4.3
1527372939.0	4300	59.748647	0.0	2124950	17	4.3
1527372942.83	4300	59.748958	0.0	2246506	21	4.3
1527372946.68	4300	59.748611	0.0	1961140	20	4.3
1527372951.02	4300	59.498622	0.0	2155012	19	4.3
1527372952.87	4300	59.677575	0.0	1433658	25	4.3

1527372953.63	750	4	0.027	2354772	8	-0.11609999999999998
1527372953.97	4300	7.96505	0.0	2123065	20	0.75
1527372954.31	4300	11.628515	0.0	2177073	18	4.3
1527372954.65	4300	15.282433	0.0	2160877	26	4.3
1527372954.99	4300	18.941991	0.0	2233056	24	4.3
1527372955.33	4300	22.603575	0.0	1941625	21	4.3
1527372955.67	4300	26.260332	0.0	2157535	25	4.3
1527372956.01	4300	29.92529	0.0	2290172	22	4.3
1527372956.35	4300	33.582887	0.0	2055469	24	4.3
1527372956.69	4300	37.241364	0.0	2169201	27	4.3
1527372957.03	4300	40.897991	0.0	2173522	24	4.3
1527372957.38	4300	44.550383	0.0	2102452	38	4.3
1527372957.72	4300	48.212984	0.0	2209463	23	4.3
1527372958.05	4300	51.878475	0.0	2275376	22	4.3
1527372958.4	4300	55.536323	0.0	2005399	23	4.3
1527372958.73	4300	59.198033	0.0	2152483	25	4.3
1527372962.58	4300	59.749035	0.0	2289689	23	4.3
1527372966.42	4300	59.99793	0.0	2059512	18	4.3
1527372970.27	4300	59.998765	0.0	2220726	22	4.3
1527372974.62	4300	59.498776	0.0	2156729	25	4.3
1527372978.47	4300	59.747999	0.0	2039773	25	4.3
1527372982.32	4300	59.749354	0.0	2176469	24	4.3
1527372986.18	4300	59.998767	0.0	2221506	25	4.3
1527372990.03	4300	59.998512	0.0	2044075	23	4.3
1527372994.38	4300	59.998795	0.0	2186790	21	4.3
1527372998.22	4300	59.998608	0.0	2105231	21	4.3
1527373002.06	4300	59.998757	0.0	2395588	21	4.3
1527373006.41	4300	59.998959	0.0	1972048	23	4.3
1527373010.27	4300	59.998614	0.0	2134614	25	4.3
1527373014.62	4300	59.749124	0.0	2164140	24	4.3
1527373017.96	4300	59.99863	0.0	2113193	27	4.3
1527373022.32	4300	59.998563	0.0	2147852	27	4.3
1527373026.17	4300	59.99821	0.0	2191074	25	4.3
1527373030.53	4300	59.497736	0.0	2286761	26	4.3
1527373034.37	4300	59.747484	0.0	2307787	21	4.3
1527373038.21	4300	59.748897	0.0	2143948	19	4.3
1527373042.07	4300	59.997368	0.0	1919781	22	4.3
1527373046.42	4300	59.748039	0.0	2147467	24	4.3
1527373050.28	4300	59.748174	0.0	2133870	26	4.3
1527373054.63	4300	59.747714	0.0	2146120	24	4.3
1527373058.49	4300	59.499079	0.0	2108491	24	4.3
1527373062.34	4300	59.74841	0.0	2184571	22	4.3
1527373066.19	4300	59.748002	0.0	2121928	25	4.3
1527373070.04	4300	59.99915	0.0	2219102	24	4.3
1527373074.38	4300	59.748199	0.0	2124950	19	4.3
