1527495485.03	750	4	0.014	450283	2	-0.06020000000000003
1527495485.43	4300	7.956407	0.0	2123065	11	0.75
1527495485.81	4300	11.571168	0.0	2177073	18	4.3
1527495486.2	4300	15.185651	0.0	2160877	25	4.3
1527495486.58	4300	18.797791	0.0	2233056	24	4.3
1527495486.97	4300	22.412532	0.0	1941625	20	4.3
1527495487.35	4300	26.02843	0.0	2157535	19	4.3
1527495487.74	4300	29.64575	0.0	2290172	20	4.3
1527495488.12	4300	33.265145	0.0	2055469	23	4.3
1527495488.51	4300	36.876278	0.0	2169201	25	4.3
1527495488.9	4300	40.485345	0.0	2173522	25	4.3
1527495489.27	4300	44.11443	0.0	2102452	14	4.3
1527495489.66	4300	47.725378	0.0	2209463	23	4.3
1527495490.07	4300	51.312159	0.0	2275376	34	4.3
1527495490.44	4300	54.945827	0.0	2005399	12	4.3
1527495490.82	4300	58.561074	0.0	2152483	23	4.3
1527495493.7	4300	59.7482	0.0	2289689	13	4.3
1527495497.6	4300	59.999046	0.0	2059512	22	4.3
1527495501.49	4300	59.998202	0.0	2220726	23	4.3
1527495505.4	4300	59.998981	0.0	2156729	24	4.3
1527495509.8	4300	59.747949	0.0	2039773	23	4.3
1527495514.21	4300	59.498755	0.0	2176469	24	4.3
1527495517.6	4300	59.999038	0.0	2221506	19	4.3
1527495522.0	4300	59.498942	0.0	2044075	23	4.3
1527495525.92	4300	59.498761	0.0	2186790	25	4.3
1527495529.82	4300	59.749045	0.0	2105231	24	4.3
1527495533.74	4300	59.749134	0.0	2395588	29	4.3
1527495537.64	4300	59.748967	0.0	1972048	23	4.3
1527495542.05	4300	59.498961	0.0	2134614	24	4.3
1527495545.94	4300	59.747617	0.0	2164140	20	4.3
1527495549.83	4300	59.998304	0.0	2113193	22	4.3
1527495553.73	4300	59.748665	0.0	2147852	23	4.3
1527495558.13	4300	59.49936	0.0	2191074	25	4.3
1527495561.52	4300	59.997768	0.0	2286761	19	4.3
1527495565.92	4300	59.49766	0.0	2307787	25	4.3
1527495569.82	4300	59.749205	0.0	2143948	20	4.3
1527495573.71	4300	59.748421	0.0	1919781	22	4.3
1527495577.6	4300	59.999329	0.0	2147467	24	4.3
1527495582.01	4300	59.747941	0.0	2133870	24	4.3
1527495585.91	4300	59.748537	0.0	2146120	28	4.3
1527495589.81	4300	59.748701	0.0	2108491	24	4.3
1527495593.71	4300	59.747777	0.0	2184571	22	4.3
1527495597.62	4300	59.99946	0.0	2121928	25	4.3
1527495601.51	4300	59.998078	0.0	2219102	25	4.3
1527495605.4	4300	59.997557	0.0	2124950	10	4.3
1527495609.79	4300	59.748272	0.0	2246506	24	4.3
1527495613.67	4300	59.747966	0.0	1961140	22	4.3
1527495617.55	4300	59.999025	0.0	2155012	25	4.3
1527495619.4	4300	59.672977	0.0	1433658	17	4.3

1527495620.14	750	4	0.017	668286	3	-0.07309999999999994
1527495620.53	4300	7.955542	0.0	2123065	16	0.75
1527495620.94	4300	11.55412	0.0	2177073	37	4.3
1527495621.31	4300	15.177135	0.0	2160877	12	4.3
1527495621.7	4300	18.785863	0.0	2233056	25	4.3
1527495622.09	4300	22.397971	0.0	1941625	22	4.3
1527495622.47	4300	26.017725	0.0	2157535	18	4.3
1527495622.86	4300	29.629289	0.0	2290172	20	4.3
1527495623.24	4300	33.248487	0.0	2055469	22	4.3
1527495623.63	4300	36.858372	0.0	2169201	23	4.3
1527495624.02	4300	40.467421	0.0	2173522	24	4.3
1527495624.41	4300	44.078107	0.0	2102452	27	4.3
1527495624.8	4300	47.688021	0.0	2209463	26	4.3
1527495625.2	4300	51.283598	0.0	2275376	39	4.3
1527495625.58	4300	54.90261	0.0	2005399	18	4.3
1527495625.96	4300	58.533167	0.0	2152483	15	4.3
1527495628.85	4300	59.998033	0.0	2289689	23	4.3
1527495632.74	4300	59.748542	0.0	2059512	23	4.3
1527495636.64	4300	59.998369	0.0	2220726	25	4.3
1527495641.05	4300	59.498057	0.0	2156729	24	4.3
1527495644.95	4300	59.997536	0.0	2039773	23	4.3
1527495648.88	4300	59.749013	0.0	2176469	22	4.3
1527495652.77	4300	59.748706	0.0	2221506	17	4.3
1527495657.16	4300	59.498754	0.0	2044075	22	4.3
1527495660.56	4300	59.999173	0.0	2186790	24	4.3
1527495664.96	4300	59.749444	0.0	2105231	23	4.3
1527495668.86	4300	59.747781	0.0	2395588	26	4.3
1527495672.77	4300	59.749229	0.0	1972048	23	4.3
1527495676.67	4300	59.998658	0.0	2134614	25	4.3
1527495680.57	4300	59.998535	0.0	2164140	25	4.3
1527495684.98	4300	59.748294	0.0	2113193	20	4.3
1527495688.89	4300	59.748034	0.0	2147852	21	4.3
1527495692.78	4300	59.74868	0.0	2191074	24	4.3
1527495696.68	4300	59.998276	0.0	2286761	26	4.3
1527495701.08	4300	59.748235	0.0	2307787	25	4.3
1527495704.98	4300	59.748223	0.0	2143948	24	4.3
1527495708.87	4300	59.997477	0.0	1919781	17	4.3
1527495712.77	4300	59.747665	0.0	2147467	24	4.3
1527495716.66	4300	59.998766	0.0	2133870	23	4.3
1527495721.09	4300	59.748654	0.0	2146120	21	4.3
1527495724.97	4300	59.998557	0.0	2108491	21	4.3
1527495728.88	4300	59.748867	0.0	2184571	34	4.3
1527495732.77	4300	59.748702	0.0	2121928	24	4.3
1527495736.67	4300	59.998588	0.0	2219102	24	4.3
1527495741.08	4300	59.747682	0.0	2124950	24	4.3
1527495744.97	4300	59.748561	0.0	2246506	26	4.3
1527495748.85	4300	59.997813	0.0	1961140	22	4.3
1527495752.72	4300	59.998443	0.0	2155012	24	4.3
1527495754.57	4300	59.645953	0.0	1433658	16	4.3

1527495755.33	750	4	0.015	668286	4	-0.0645
1527495755.74	4300	7.939157	0.0	2123065	22	0.75
1527495756.13	4300	11.548383	0.0	2177073	17	4.3
1527495756.53	4300	15.145799	0.0	2160877	25	4.3
1527495756.89	4300	18.781986	0.0	2233056	12	4.3
1527495757.28	4300	22.392075	0.0	1941625	20	4.3
1527495757.67	4300	26.000734	0.0	2157535	18	4.3
1527495758.06	4300	29.611957	0.0	2290172	25	4.3
1527495758.43	4300	33.242284	0.0	2055469	14	4.3
1527495758.81	4300	36.861209	0.0	2169201	22	4.3
1527495759.2	4300	40.475233	0.0	2173522	25	4.3
1527495759.59	4300	44.084081	0.0	2102452	28	4.3
1527495759.98	4300	47.695799	0.0	2209463	28	4.3
1527495760.37	4300	51.306395	0.0	2275376	27	4.3
1527495760.75	4300	54.921295	0.0	2005399	20	4.3
1527495761.16	4300	58.514754	0.0	2152483	45	4.3
1527495764.05	4300	59.749148	0.0	2289689	24	4.3
1527495767.95	4300	59.748772	0.0	2059512	23	4.3
1527495772.34	4300	59.749414	0.0	2220726	22	4.3
1527495775.74	4300	59.999019	0.0	2156729	24	4.3
1527495780.13	4300	59.749265	0.0	2039773	22	4.3
1527495784.02	4300	59.749289	0.0	2176469	17	4.3
