1527477060.44	750	4	0.025	2354772	6	-0.10750000000000004
1527477060.78	4300	7.964383	0.0	2123065	21	0.75
1527477061.1	4300	11.645289	0.0	2177073	13	4.3
1527477061.42	4300	15.327142	0.0	2160877	13	4.3
1527477061.76	4300	18.983204	0.0	2233056	25	4.3
1527477062.1	4300	22.644448	0.0	1941625	23	4.3
1527477062.42	4300	26.322622	0.0	2157535	16	4.3
1527477062.76	4300	29.987166	0.0	2290172	24	4.3
1527477063.09	4300	33.653066	0.0	2055469	21	4.3
1527477063.41	4300	37.331757	0.0	2169201	15	4.3
1527477063.75	4300	40.989913	0.0	2173522	24	4.3
1527477064.1	4300	44.638555	0.0	2102452	20	4.3
1527477064.44	4300	48.302564	0.0	2209463	24	4.3
1527477064.76	4300	51.982297	0.0	2275376	15	4.3
1527477065.1	4300	55.646842	0.0	2005399	22	4.3
1527477065.42	4300	59.324627	0.0	2152483	15	4.3
1527477068.75	4300	59.99925	0.0	2289689	15	4.3
1527477073.1	4300	59.748229	0.0	2059512	22	4.3
1527477077.45	4300	59.499375	0.0	2220726	25	4.3
1527477081.29	4300	59.497932	0.0	2156729	18	4.3
1527477085.14	4300	59.998688	0.0	2039773	24	4.3
1527477088.99	4300	59.998634	0.0	2176469	20	4.3
1527477092.84	4300	59.997471	0.0	2221506	25	4.3
1527477097.19	4300	59.748954	0.0	2044075	22	4.3
1527477101.04	4300	59.74931	0.0	2186790	25	4.3
1527477105.38	4300	59.499543	0.0	2105231	20	4.3
1527477109.23	4300	59.747739	0.0	2395588	27	4.3
1527477113.08	4300	59.749397	0.0	1972048	29	4.3
1527477116.93	4300	59.998353	0.0	2134614	23	4.3
1527477121.28	4300	59.498888	0.0	2164140	25	4.3
1527477125.1	4300	59.749007	0.0	2113193	9	4.3
1527477128.95	4300	59.999424	0.0	2147852	25	4.3
1527477133.3	4300	59.748609	0.0	2191074	26	4.3
1527477137.13	4300	59.749015	0.0	2286761	12	4.3
1527477141.48	4300	59.498364	0.0	2307787	22	4.3
1527477144.82	4300	59.99785	0.0	2143948	21	4.3
1527477149.17	4300	59.749117	0.0	1919781	24	4.3
1527477153.01	4300	59.747884	0.0	2147467	16	4.3
1527477156.86	4300	59.99897	0.0	2133870	32	4.3
1527477161.21	4300	59.999157	0.0	2146120	23	4.3
1527477165.08	4300	59.748478	0.0	2108491	24	4.3
1527477168.93	4300	59.999168	0.0	2184571	25	4.3
1527477172.77	4300	59.999198	0.0	2121928	23	4.3
1527477177.12	4300	59.998027	0.0	2219102	22	4.3
1527477180.98	4300	59.998854	0.0	2124950	15	4.3
1527477184.83	4300	59.998323	0.0	2246506	25	4.3
1527477189.17	4300	59.748454	0.0	1961140	20	4.3
1527477193.04	4300	59.7476	0.0	2155012	24	4.3
1527477194.89	4300	59.678593	0.0	1433658	23	4.3

1527477195.68	750	4	0.028	2354772	9	-0.12039999999999995
1527477196.02	4300	7.963377	0.0	2123065	22	0.75
1527477196.36	4300	11.624419	0.0	2177073	22	4.3
1527477196.7	4300	15.281032	0.0	2160877	26	4.3
1527477197.03	4300	18.957968	0.0	2233056	14	4.3
1527477197.36	4300	22.627076	0.0	1941625	17	4.3
1527477197.7	4300	26.288335	0.0	2157535	24	4.3
1527477198.03	4300	29.952289	0.0	2290172	19	4.3
1527477198.38	4300	33.607721	0.0	2055469	25	4.3
1527477198.72	4300	37.266689	0.0	2169201	27	4.3
1527477199.06	4300	40.922825	0.0	2173522	23	4.3
1527477199.41	4300	44.573773	0.0	2102452	18	4.3
1527477199.75	4300	48.236697	0.0	2209463	24	4.3
1527477200.08	4300	51.903521	0.0	2275376	20	4.3
1527477200.4	4300	55.580029	0.0	2005399	15	4.3
1527477200.74	4300	59.246013	0.0	2152483	21	4.3
1527477204.09	4300	59.998579	0.0	2289689	26	4.3
1527477208.43	4300	59.749439	0.0	2059512	21	4.3
1527477212.28	4300	59.74962	0.0	2220726	23	4.3
1527477216.14	4300	59.999158	0.0	2156729	26	4.3
1527477219.98	4300	59.999121	0.0	2039773	24	4.3
1527477224.32	4300	59.749785	0.0	2176469	16	4.3
1527477228.16	4300	59.998577	0.0	2221506	19	4.3
1527477232.01	4300	59.9982	0.0	2044075	23	4.3
1527477236.36	4300	59.748517	0.0	2186790	26	4.3
1527477240.21	4300	59.999288	0.0	2105231	24	4.3
1527477244.05	4300	59.997906	0.0	2395588	25	4.3
1527477248.39	4300	59.74883	0.0	1972048	20	4.3
1527477252.24	4300	59.747872	0.0	2134614	24	4.3
1527477256.58	4300	59.748238	0.0	2164140	21	4.3
1527477260.43	4300	59.748177	0.0	2113193	25	4.3
1527477264.27	4300	59.748997	0.0	2147852	23	4.3
1527477268.13	4300	59.997867	0.0	2191074	25	4.3
1527477272.48	4300	59.998629	0.0	2286761	26	4.3
1527477276.33	4300	59.999084	0.0	2307787	28	4.3
1527477280.68	4300	59.497691	0.0	2143948	23	4.3
1527477284.53	4300	59.749019	0.0	1919781	22	4.3
1527477288.38	4300	59.997441	0.0	2147467	25	4.3
1527477292.23	4300	59.99864	0.0	2133870	24	4.3
1527477296.08	4300	59.997737	0.0	2146120	22	4.3
1527477300.44	4300	59.99808	0.0	2108491	25	4.3
1527477304.29	4300	59.748923	0.0	2184571	26	4.3
1527477308.13	4300	59.998422	0.0	2121928	26	4.3
1527477312.48	4300	59.998681	0.0	2219102	21	4.3
1527477316.33	4300	59.747814	0.0	2124950	23	4.3
1527477320.19	4300	59.99823	0.0	2246506	26	4.3
1527477324.54	4300	59.748564	0.0	1961140	21	4.3
1527477328.38	4300	59.997734	0.0	2155012	24	4.3
1527477330.22	4300	59.678824	0.0	1433658	17	4.3

1527477330.98	750	4	0.025	2354772	8	-0.10750000000000004
1527477331.32	4300	7.960203	0.0	2123065	25	0.75
1527477331.66	4300	11.616072	0.0	2177073	24	4.3
1527477332.0	4300	15.272866	0.0	2160877	15	4.3
1527477332.34	4300	18.936237	0.0	2233056	26	4.3
1527477332.67	4300	22.604593	0.0	1941625	22	4.3
1527477333.0	4300	26.272093	0.0	2157535	21	4.3
1527477333.34	4300	29.93295	0.0	2290172	22	4.3
1527477333.68	4300	33.595019	0.0	2055469	22	4.3
1527477334.02	4300	37.256579	0.0	2169201	25	4.3
1527477334.35	4300	40.923458	0.0	2173522	23	4.3
1527477334.68	4300	44.592648	0.0	2102452	22	4.3
1527477335.01	4300	48.261025	0.0	2209463	22	4.3
1527477335.36	4300	51.918368	0.0	2275376	26	4.3
1527477335.7	4300	55.579073	0.0	2005399	23	4.3
1527477336.07	4300	59.24423	0.0	2152483	25	4.3
1527477339.92	4300	59.7484	0.0	2289689	22	4.3
1527477343.77	4300	59.998087	0.0	2059512	24	4.3
1527477347.63	4300	59.748727	0.0	2220726	39	4.3
1527477351.98	4300	59.498753	0.0	2156729	25	4.3
1527477355.82	4300	59.748491	0.0	2039773	23	4.3
1527477359.67	4300	59.74898	0.0	2176469	25	4.3
1527477363.51	4300	59.998055	0.0	2221506	23	4.3
1527477367.85	4300	59.747733	0.0	2044075	21	4.3
1527477371.7	4300	59.747575	0.0	2186790	25	4.3
1527477375.54	4300	59.997769	0.0	2105231	22	4.3
1527477379.89	4300	59.497898	0.0	2395588	22	4.3
1527477383.73	4300	59.99806	0.0	1972048	23	4.3
1527477387.59	4300	59.749431	0.0	2134614	30	4.3
1527477391.44	4300	59.999002	0.0	2164140	27	4.3
1527477395.77	4300	59.74866	0.0	2113193	14	4.3
1527477399.6	4300	59.749577	0.0	2147852	20	4.3
1527477403.45	4300	59.99791	0.0	2191074	21	4.3
1527477407.79	4300	59.49909	0.0	2286761	20	4.3
1527477411.63	4300	59.999062	0.0	2307787	24	4.3
1527477415.98	4300	59.748195	0.0	2143948	22	4.3
1527477419.32	4300	59.99831	0.0	1919781	23	4.3
1527477423.68	4300	59.999225	0.0	2147467	24	4.3
