1527428802.89	750	4	0.012	450283	2	-0.05159999999999998
1527428803.29	4300	7.950109	0.0	2123065	11	0.75
1527428803.68	4300	11.562899	0.0	2177073	18	4.3
1527428804.05	4300	15.193605	0.0	2160877	11	4.3
1527428804.43	4300	18.813318	0.0	2233056	22	4.3
1527428804.79	4300	22.449925	0.0	1941625	12	4.3
1527428805.18	4300	26.066625	0.0	2157535	23	4.3
1527428805.57	4300	29.677665	0.0	2290172	25	4.3
1527428805.93	4300	33.312244	0.0	2055469	12	4.3
1527428806.32	4300	36.925872	0.0	2169201	24	4.3
1527428806.69	4300	40.557684	0.0	2173522	14	4.3
1527428807.07	4300	44.173135	0.0	2102452	19	4.3
1527428807.46	4300	47.781669	0.0	2209463	24	4.3
1527428807.83	4300	51.408418	0.0	2275376	10	4.3
1527428808.21	4300	55.030882	0.0	2005399	18	4.3
1527428808.59	4300	58.657648	0.0	2152483	16	4.3
1527428811.48	4300	59.997934	0.0	2289689	25	4.3
1527428815.38	4300	59.999488	0.0	2059512	22	4.3
1527428819.27	4300	59.999398	0.0	2220726	26	4.3
1527428823.68	4300	59.748888	0.0	2156729	26	4.3
1527428827.58	4300	59.999147	0.0	2039773	24	4.3
1527428831.47	4300	59.998942	0.0	2176469	20	4.3
1527428835.87	4300	59.49858	0.0	2221506	21	4.3
1527428839.26	4300	59.998844	0.0	2044075	23	4.3
1527428843.66	4300	59.99858	0.0	2186790	24	4.3
1527428847.56	4300	59.998314	0.0	2105231	22	4.3
1527428851.96	4300	59.498119	0.0	2395588	20	4.3
1527428855.35	4300	59.99874	0.0	1972048	20	4.3
1527428859.26	4300	59.99772	0.0	2134614	24	4.3
1527428863.66	4300	59.997919	0.0	2164140	24	4.3
1527428867.56	4300	59.998094	0.0	2113193	20	4.3
1527428871.45	4300	59.999284	0.0	2147852	23	4.3
1527428875.35	4300	59.998921	0.0	2191074	25	4.3
1527428879.74	4300	59.748323	0.0	2286761	24	4.3
1527428883.63	4300	59.748905	0.0	2307787	20	4.3
1527428887.52	4300	59.998807	0.0	2143948	25	4.3
1527428891.92	4300	59.499078	0.0	1919781	19	4.3
1527428895.81	4300	59.499037	0.0	2147467	20	4.3
1527428899.71	4300	59.998484	0.0	2133870	22	4.3
1527428903.61	4300	59.998664	0.0	2146120	24	4.3
1527428907.5	4300	59.998674	0.0	2108491	24	4.3
1527428911.89	4300	59.498476	0.0	2184571	16	4.3
1527428915.29	4300	59.998852	0.0	2121928	23	4.3
1527428919.69	4300	59.748975	0.0	2219102	20	4.3
1527428923.59	4300	59.998634	0.0	2124950	24	4.3
1527428927.98	4300	59.74929	0.0	2246506	24	4.3
1527428931.36	4300	59.997678	0.0	1961140	22	4.3
1527428935.73	4300	59.748464	0.0	2155012	23	4.3
1527428937.58	4300	59.664101	0.0	1433658	17	4.3

1527428938.32	750	4	0.011	668286	3	-0.04730000000000001
1527428938.72	4300	8	0.0	2123065	17	0.75
1527428939.1	4300	12	0.0	2177073	20	4.3
1527428939.48	4300	16	0.0	2160877	23	4.3
1527428939.87	4300	20	0.0	2233056	24	4.3
1527428940.25	4300	24	0.0	1941625	16	4.3
1527428940.61	4300	28	0.0	2157535	7	4.3
1527428940.99	4300	32	0.0	2290172	22	4.3
1527428941.37	4300	36	0.0	2055469	21	4.3
1527428941.76	4300	40	0.0	2169201	22	4.3
1527428942.15	4300	44	0.0	2173522	23	4.3
1527428942.53	4300	48	0.0	2102452	17	4.3
1527428942.91	4300	52	0.0	2209463	24	4.3
1527428943.29	4300	56	0.0	2275376	24	4.3
1527428960.71	4300	59.890808	0.0	2005399	21	4.3
1527428964.6	4300	59.640978	0.0	2152483	22	4.3
1527428968.5	4300	59.891333	0.0	2289689	25	4.3
1527428972.9	4300	59.390561	0.0	2059512	23	4.3
1527428976.78	4300	59.890572	0.0	2220726	20	4.3
1527428980.69	4300	59.64061	0.0	2156729	20	4.3
1527428984.6	4300	59.642173	0.0	2039773	23	4.3
1527428988.48	4300	59.892044	0.0	2176469	19	4.3
1527428992.38	4300	59.892046	0.0	2221506	24	4.3
1527428996.77	4300	59.641515	0.0	2044075	24	4.3
1527429000.66	4300	59.641965	0.0	2186790	22	4.3
1527429004.56	4300	59.64136	0.0	2105231	23	4.3
1527429008.45	4300	59.890837	0.0	2395588	18	4.3
1527429012.33	4300	59.891707	0.0	1972048	19	4.3
1527429016.73	4300	59.641974	0.0	2134614	24	4.3
1527429020.61	4300	59.642396	0.0	2164140	17	4.3
1527429024.51	4300	59.89231	0.0	2113193	23	4.3
1527429028.91	4300	59.641025	0.0	2147852	24	4.3
1527429032.3	4300	59.891377	0.0	2191074	22	4.3
1527429036.7	4300	59.641964	0.0	2286761	25	4.3
1527429040.59	4300	59.641831	0.0	2307787	23	4.3
1527429044.99	4300	59.64141	0.0	2143948	24	4.3
1527429048.88	4300	59.642089	0.0	1919781	18	4.3
1527429052.78	4300	59.891836	0.0	2147467	35	4.3
1527429056.67	4300	59.891336	0.0	2133870	25	4.3
1527429060.57	4300	59.64181	0.0	2146120	24	4.3
1527429064.97	4300	59.640356	0.0	2108491	24	4.3
1527429068.37	4300	59.891984	0.0	2184571	18	4.3
1527429072.77	4300	59.641453	0.0	2121928	24	4.3
1527429076.66	4300	59.641653	0.0	2219102	26	4.3
1527429080.55	4300	59.641387	0.0	2124950	23	4.3
1527429084.45	4300	59.891675	0.0	2246506	27	4.3
1527429088.82	4300	59.390234	0.0	1961140	22	4.3
1527429092.69	4300	59.640937	0.0	2155012	23	4.3
1527429094.06	4300	59.821866	0.0	1433658	43	4.3

1527429094.85	750	4	0.014	668286	1	-0.06020000000000003
1527429095.24	4300	7.956979	0.0	2123065	14	0.75
1527429095.62	4300	11.579526	0.0	2177073	17	4.3
1527429096.0	4300	15.19115	0.0	2160877	24	4.3
1527429096.39	4300	18.804499	0.0	2233056	26	4.3
1527429096.77	4300	22.421635	0.0	1941625	22	4.3
1527429097.16	4300	26.031179	0.0	2157535	24	4.3
1527429097.56	4300	29.639828	0.0	2290172	25	4.3
1527429097.94	4300	33.251248	0.0	2055469	22	4.3
1527429098.34	4300	36.8594	0.0	2169201	25	4.3
1527429098.73	4300	40.468895	0.0	2173522	26	4.3
1527429099.12	4300	44.07839	0.0	2102452	26	4.3
1527429099.52	4300	47.674341	0.0	2209463	39	4.3
1527429099.95	4300	51.292053	0.0	2275376	23	4.3
1527429100.33	4300	54.869009	0.0	2005399	19	4.3
1527429100.72	4300	58.48085	0.0	2152483	22	4.3
1527429103.61	4300	59.999341	0.0	2289689	25	4.3
1527429107.51	4300	59.74954	0.0	2059512	22	4.3
1527429111.43	4300	59.999466	0.0	2220726	46	4.3
1527429115.82	4300	59.499378	0.0	2156729	24	4.3
