1527382007.6	750	4	0.013	450283	1	-0.05589999999999995
1527382007.98	4300	7.953446	0.0	2123065	13	0.75
1527382008.32	4300	11.611073	0.0	2177073	28	4.3
1527382008.65	4300	15.274728	0.0	2160877	21	4.3
1527382008.99	4300	18.941192	0.0	2233056	20	4.3
1527382009.33	4300	22.603334	0.0	1941625	22	4.3
1527382009.66	4300	26.263935	0.0	2157535	24	4.3
1527382010.0	4300	29.924976	0.0	2290172	23	4.3
1527382010.34	4300	33.585675	0.0	2055469	22	4.3
1527382010.68	4300	37.244291	0.0	2169201	25	4.3
1527382011.02	4300	40.909777	0.0	2173522	22	4.3
1527382011.35	4300	44.576402	0.0	2102452	20	4.3
1527382011.69	4300	48.23512	0.0	2209463	21	4.3
1527382012.04	4300	51.885889	0.0	2275376	21	4.3
1527382012.37	4300	55.556093	0.0	2005399	20	4.3
1527382012.71	4300	59.222198	0.0	2152483	20	4.3
1527382016.06	4300	59.998107	0.0	2289689	27	4.3
1527382020.41	4300	59.749248	0.0	2059512	20	4.3
1527382024.25	4300	59.749718	0.0	2220726	23	4.3
1527382028.6	4300	59.499141	0.0	2156729	19	4.3
1527382032.44	4300	59.748857	0.0	2039773	21	4.3
1527382036.79	4300	59.498483	0.0	2176469	21	4.3
1527382040.64	4300	59.749701	0.0	2221506	22	4.3
1527382044.49	4300	59.498275	0.0	2044075	23	4.3
1527382048.34	4300	59.998079	0.0	2186790	25	4.3
1527382052.19	4300	59.749495	0.0	2105231	20	4.3
1527382056.55	4300	59.499561	0.0	2395588	27	4.3
1527382060.4	4300	59.999324	0.0	1972048	22	4.3
1527382064.25	4300	59.748028	0.0	2134614	32	4.3
1527382068.1	4300	59.998023	0.0	2164140	24	4.3
1527382071.95	4300	59.998198	0.0	2113193	23	4.3
1527382076.3	4300	59.99792	0.0	2147852	20	4.3
1527382080.65	4300	59.74926	0.0	2191074	24	4.3
1527382084.5	4300	59.498512	0.0	2286761	23	4.3
1527382088.35	4300	59.749009	0.0	2307787	26	4.3
1527382092.2	4300	59.998929	0.0	2143948	24	4.3
1527382096.04	4300	59.998979	0.0	1919781	19	4.3
1527382100.39	4300	59.998865	0.0	2147467	20	4.3
1527382104.24	4300	59.749153	0.0	2133870	23	4.3
1527382108.1	4300	59.999227	0.0	2146120	32	4.3
1527382111.94	4300	59.999203	0.0	2108491	24	4.3
1527382116.28	4300	59.748976	0.0	2184571	20	4.3
1527382120.13	4300	59.999071	0.0	2121928	22	4.3
1527382124.49	4300	59.497955	0.0	2219102	22	4.3
1527382128.35	4300	59.748041	0.0	2124950	24	4.3
1527382132.2	4300	59.999148	0.0	2246506	22	4.3
1527382136.05	4300	59.998136	0.0	1961140	21	4.3
1527382140.4	4300	59.999055	0.0	2155012	27	4.3
1527382141.74	4300	59.929591	0.0	1433658	17	4.3

1527382142.47	750	4	0.015	668286	3	-0.0645
1527382142.82	4300	7.953924	0.0	2123065	20	0.75
1527382143.17	4300	11.605511	0.0	2177073	30	4.3
1527382143.52	4300	15.253889	0.0	2160877	37	4.3
1527382143.86	4300	18.914915	0.0	2233056	24	4.3
1527382144.19	4300	22.582286	0.0	1941625	22	4.3
1527382144.52	4300	26.247545	0.0	2157535	21	4.3
1527382144.87	4300	29.904878	0.0	2290172	24	4.3
1527382145.21	4300	33.565846	0.0	2055469	22	4.3
1527382145.54	4300	37.231707	0.0	2169201	25	4.3
1527382145.87	4300	40.898548	0.0	2173522	22	4.3
1527382146.22	4300	44.552305	0.0	2102452	23	4.3
1527382146.56	4300	48.214068	0.0	2209463	24	4.3
1527382146.91	4300	51.859509	0.0	2275376	30	4.3
1527382147.25	4300	55.521991	0.0	2005399	21	4.3
1527382147.58	4300	59.188579	0.0	2152483	20	4.3
1527382151.43	4300	59.49796	0.0	2289689	20	4.3
1527382155.28	4300	59.742022	0.0	2059512	22	4.3
1527382159.13	4300	59.747734	0.0	2220726	25	4.3
1527382163.48	4300	59.748599	0.0	2156729	22	4.3
1527382167.32	4300	59.497949	0.0	2039773	23	4.3
1527382171.17	4300	59.998255	0.0	2176469	21	4.3
1527382175.02	4300	59.99883	0.0	2221506	27	4.3
1527382178.87	4300	59.998857	0.0	2044075	23	4.3
1527382183.21	4300	59.748284	0.0	2186790	22	4.3
1527382187.06	4300	59.998238	0.0	2105231	22	4.3
1527382190.9	4300	59.99916	0.0	2395588	24	4.3
1527382195.25	4300	59.748392	0.0	1972048	18	4.3
1527382199.11	4300	59.748111	0.0	2134614	32	4.3
1527382202.96	4300	59.998783	0.0	2164140	24	4.3
1527382206.81	4300	59.99733	0.0	2113193	24	4.3
1527382211.17	4300	59.748552	0.0	2147852	24	4.3
1527382215.02	4300	59.998372	0.0	2191074	24	4.3
1527382218.87	4300	59.998704	0.0	2286761	21	4.3
1527382223.23	4300	59.747831	0.0	2307787	24	4.3
1527382227.08	4300	59.748329	0.0	2143948	24	4.3
1527382230.92	4300	59.997564	0.0	1919781	19	4.3
1527382235.27	4300	59.997242	0.0	2147467	21	4.3
1527382239.12	4300	59.997361	0.0	2133870	19	4.3
1527382242.97	4300	59.998152	0.0	2146120	29	4.3
1527382246.82	4300	59.998884	0.0	2108491	24	4.3
1527382251.17	4300	59.998614	0.0	2184571	20	4.3
1527382255.02	4300	59.998485	0.0	2121928	21	4.3
