1527537507.07	750	4	0.017	450283	4	-0.07309999999999994
1527537507.48	4300	7.948417	0.0	2123065	18	0.75
1527537507.85	4300	11.568825	0.0	2177073	19	4.3
1527537508.24	4300	15.179804	0.0	2160877	27	4.3
1527537508.63	4300	18.787968	0.0	2233056	26	4.3
1527537509.01	4300	22.416859	0.0	1941625	13	4.3
1527537509.39	4300	26.035372	0.0	2157535	21	4.3
1527537509.76	4300	29.663104	0.0	2290172	14	4.3
1527537510.17	4300	33.254741	0.0	2055469	19	4.3
1527537510.54	4300	36.886969	0.0	2169201	11	4.3
1527537510.92	4300	40.503194	0.0	2173522	21	4.3
1527537511.31	4300	44.11569	0.0	2102452	22	4.3
1527537511.7	4300	47.720192	0.0	2209463	26	4.3
1527537512.09	4300	51.33119	0.0	2275376	10	4.3
1527537512.48	4300	54.94943	0.0	2005399	22	4.3
1527537512.86	4300	58.56042	0.0	2152483	25	4.3
1527537515.79	4300	59.999181	0.0	2289689	23	4.3
1527537519.68	4300	59.74894	0.0	2059512	16	4.3
1527537523.59	4300	59.998677	0.0	2220726	24	4.3
1527537527.5	4300	59.999344	0.0	2156729	24	4.3
1527537531.9	4300	59.998633	0.0	2039773	22	4.3
1527537535.81	4300	59.748852	0.0	2176469	24	4.3
1527537539.71	4300	59.998476	0.0	2221506	24	4.3
1527537543.62	4300	59.999092	0.0	2044075	21	4.3
1527537547.52	4300	59.998488	0.0	2186790	24	4.3
1527537551.92	4300	59.749507	0.0	2105231	22	4.3
1527537555.81	4300	59.749373	0.0	2395588	19	4.3
1527537559.7	4300	59.999167	0.0	1972048	20	4.3
1527537564.1	4300	59.748281	0.0	2134614	25	4.3
1527537567.5	4300	59.998967	0.0	2164140	25	4.3
1527537571.91	4300	59.749126	0.0	2113193	17	4.3
1527537575.8	4300	59.747759	0.0	2147852	23	4.3
1527537579.7	4300	59.998513	0.0	2191074	24	4.3
1527537584.11	4300	59.49881	0.0	2286761	25	4.3
1527537588.01	4300	59.498442	0.0	2307787	24	4.3
1527537591.92	4300	59.749267	0.0	2143948	22	4.3
1527537595.82	4300	59.998955	0.0	1919781	20	4.3
1527537599.74	4300	59.748468	0.0	2147467	23	4.3
1527537603.65	4300	59.998648	0.0	2133870	24	4.3
1527537608.06	4300	59.498063	0.0	2146120	25	4.3
1527537611.46	4300	59.998147	0.0	2108491	20	4.3
1527537615.87	4300	59.749283	0.0	2184571	26	4.3
1527537619.81	4300	59.749349	0.0	2121928	22	4.3
1527537623.72	4300	59.747442	0.0	2219102	25	4.3
1527537627.62	4300	59.99813	0.0	2124950	25	4.3
1527537631.5	4300	59.999053	0.0	2246506	15	4.3
1527537635.88	4300	59.748465	0.0	1961140	21	4.3
1527537639.77	4300	59.998403	0.0	2155012	24	4.3
1527537641.62	4300	59.53373	0.0	1433658	16	4.3

1527537642.38	750	4	0.015	668286	3	-0.0645
1527537642.78	4300	7.954259	0.0	2123065	14	0.75
1527537643.17	4300	11.567401	0.0	2177073	22	4.3
1527537643.55	4300	15.182165	0.0	2160877	20	4.3
1527537643.94	4300	18.793696	0.0	2233056	24	4.3
1527537644.33	4300	22.400534	0.0	1941625	21	4.3
1527537644.72	4300	26.01117	0.0	2157535	28	4.3
1527537645.11	4300	29.617817	0.0	2290172	25	4.3
1527537645.5	4300	33.234535	0.0	2055469	21	4.3
1527537645.89	4300	36.840454	0.0	2169201	21	4.3
1527537646.28	4300	40.453626	0.0	2173522	22	4.3
1527537646.67	4300	44.061111	0.0	2102452	22	4.3
1527537647.06	4300	47.67396	0.0	2209463	23	4.3
1527537647.45	4300	51.285438	0.0	2275376	25	4.3
1527537647.83	4300	54.907018	0.0	2005399	13	4.3
1527537648.22	4300	58.514525	0.0	2152483	12	4.3
1527537651.11	4300	59.9978	0.0	2289689	19	4.3
1527537655.01	4300	59.998592	0.0	2059512	22	4.3
1527537658.91	4300	59.99881	0.0	2220726	23	4.3
1527537662.81	4300	59.999148	0.0	2156729	23	4.3
1527537667.21	4300	59.747838	0.0	2039773	22	4.3
1527537671.12	4300	59.998697	0.0	2176469	25	4.3
1527537675.03	4300	59.747761	0.0	2221506	20	4.3
1527537679.42	4300	59.749058	0.0	2044075	21	4.3
1527537682.82	4300	59.998838	0.0	2186790	24	4.3
1527537687.22	4300	59.74949	0.0	2105231	23	4.3
1527537691.11	4300	59.748017	0.0	2395588	19	4.3
1527537695.02	4300	59.99769	0.0	1972048	22	4.3
1527537698.92	4300	59.998233	0.0	2134614	23	4.3
1527537702.82	4300	59.998764	0.0	2164140	24	4.3
1527537707.23	4300	59.998726	0.0	2113193	23	4.3
1527537711.12	4300	59.998403	0.0	2147852	17	4.3
1527537715.01	4300	59.747881	0.0	2191074	23	4.3
1527537718.92	4300	59.999133	0.0	2286761	18	4.3
1527537722.81	4300	59.999032	0.0	2307787	21	4.3
1527537727.21	4300	59.748825	0.0	2143948	23	4.3
1527537731.11	4300	59.748031	0.0	1919781	21	4.3
1527537735.01	4300	59.748514	0.0	2147467	25	4.3
1527537738.91	4300	59.999243	0.0	2133870	23	4.3
1527537742.82	4300	59.999279	0.0	2146120	23	4.3
1527537747.22	4300	59.748545	0.0	2108491	24	4.3
1527537751.13	4300	59.748327	0.0	2184571	38	4.3
1527537755.03	4300	59.99767	0.0	2121928	22	4.3
1527537758.9	4300	59.9981	0.0	2219102	6	4.3
1527537762.82	4300	59.998699	0.0	2124950	19	4.3
1527537767.2	4300	59.748771	0.0	2246506	22	4.3
1527537771.08	4300	59.998005	0.0	1961140	20	4.3
1527537775.46	4300	59.498213	0.0	2155012	22	4.3
1527537776.81	4300	59.928022	0.0	1433658	17	4.3

1527537777.59	750	4	0.017	668286	2	-0.07309999999999994
1527537777.99	4300	7.952242	0.0	2123065	14	0.75
1527537778.4	4300	11.541655	0.0	2177073	19	4.3
1527537778.79	4300	15.152806	0.0	2160877	24	4.3
1527537779.18	4300	18.762181	0.0	2233056	25	4.3
1527537779.6	4300	22.343495	0.0	1941625	22	4.3
1527537779.99	4300	25.950258	0.0	2157535	17	4.3
1527537780.39	4300	29.554897	0.0	2290172	22	4.3
1527537780.78	4300	33.167174	0.0	2055469	20	4.3
1527537781.15	4300	36.794555	0.0	2169201	15	4.3
1527537781.53	4300	40.413597	0.0	2173522	19	4.3
1527537781.9	4300	44.041905	0.0	2102452	13	4.3
1527537782.28	4300	47.667694	0.0	2209463	15	4.3
1527537782.65	4300	51.295492	0.0	2275376	13	4.3
1527537783.02	4300	54.924493	0.0	2005399	16	4.3
1527537783.41	4300	58.534276	0.0	2152483	23	4.3
1527537786.31	4300	59.998959	0.0	2289689	26	4.3
1527537790.21	4300	59.999324	0.0	2059512	24	4.3
1527537794.62	4300	59.747849	0.0	2220726	25	4.3
1527537798.52	4300	59.499093	0.0	2156729	24	4.3
1527537802.43	4300	59.747983	0.0	2039773	23	4.3
1527537806.34	4300	59.748151	0.0	2176469	19	4.3
1527537810.24	4300	59.998316	0.0	2221506	20	4.3
1527537814.13	4300	59.998805	0.0	2044075	19	4.3
