1527463633.21	750	4	0.016	450283	2	-0.06879999999999997
1527463633.6	4300	7.959107	0.0	2123065	15	0.75
1527463633.99	4300	11.577349	0.0	2177073	16	4.3
1527463634.37	4300	15.194069	0.0	2160877	20	4.3
1527463634.75	4300	18.815372	0.0	2233056	15	4.3
1527463635.14	4300	22.427444	0.0	1941625	21	4.3
1527463635.53	4300	26.033212	0.0	2157535	24	4.3
1527463635.9	4300	29.662097	0.0	2290172	15	4.3
1527463636.28	4300	33.280378	0.0	2055469	23	4.3
1527463636.67	4300	36.890054	0.0	2169201	25	4.3
1527463637.05	4300	40.511655	0.0	2173522	14	4.3
1527463637.42	4300	44.139184	0.0	2102452	15	4.3
1527463637.83	4300	47.735031	0.0	2209463	30	4.3
1527463638.21	4300	51.352591	0.0	2275376	19	4.3
1527463638.59	4300	54.970296	0.0	2005399	22	4.3
1527463638.98	4300	58.583729	0.0	2152483	22	4.3
1527463641.88	4300	59.748852	0.0	2289689	25	4.3
1527463646.27	4300	59.499253	0.0	2059512	19	4.3
1527463650.17	4300	59.749015	0.0	2220726	26	4.3
1527463654.07	4300	59.498687	0.0	2156729	25	4.3
1527463657.97	4300	59.999272	0.0	2039773	24	4.3
1527463661.87	4300	59.749242	0.0	2176469	25	4.3
1527463666.27	4300	59.748917	0.0	2221506	24	4.3
1527463670.16	4300	59.499753	0.0	2044075	17	4.3
1527463674.05	4300	59.748499	0.0	2186790	23	4.3
1527463677.95	4300	59.748001	0.0	2105231	22	4.3
1527463681.86	4300	59.749399	0.0	2395588	26	4.3
1527463685.75	4300	59.998371	0.0	1972048	23	4.3
1527463690.16	4300	59.498103	0.0	2134614	24	4.3
1527463694.1	4300	59.749343	0.0	2164140	24	4.3
1527463698.0	4300	59.749442	0.0	2113193	31	4.3
1527463701.9	4300	59.748759	0.0	2147852	23	4.3
1527463705.79	4300	59.999431	0.0	2191074	25	4.3
1527463709.72	4300	59.997736	0.0	2286761	25	4.3
1527463713.63	4300	59.998021	0.0	2307787	23	4.3
1527463718.03	4300	59.748731	0.0	2143948	25	4.3
1527463721.93	4300	59.748196	0.0	1919781	20	4.3
1527463725.83	4300	59.749503	0.0	2147467	23	4.3
1527463730.23	4300	59.747657	0.0	2133870	23	4.3
1527463734.14	4300	59.748565	0.0	2146120	22	4.3
1527463738.03	4300	59.999266	0.0	2108491	15	4.3
1527463741.93	4300	59.749503	0.0	2184571	22	4.3
1527463745.82	4300	59.748118	0.0	2121928	21	4.3
1527463749.72	4300	59.998534	0.0	2219102	24	4.3
1527463753.62	4300	59.998812	0.0	2124950	24	4.3
1527463758.01	4300	59.997657	0.0	2246506	25	4.3
1527463761.89	4300	59.74878	0.0	1961140	21	4.3
1527463766.26	4300	59.497648	0.0	2155012	23	4.3
1527463767.61	4300	59.664931	0.0	1433658	18	4.3

1527463768.38	750	4	0.016	668286	2	-0.06879999999999997
1527463768.77	4300	7.952828	0.0	2123065	20	0.75
1527463769.16	4300	11.567339	0.0	2177073	20	4.3
1527463769.52	4300	15.203206	0.0	2160877	13	4.3
1527463769.9	4300	18.820535	0.0	2233056	24	4.3
1527463770.27	4300	22.452613	0.0	1941625	12	4.3
1527463770.64	4300	26.082688	0.0	2157535	14	4.3
1527463771.02	4300	29.701831	0.0	2290172	20	4.3
1527463771.4	4300	33.322036	0.0	2055469	22	4.3
1527463771.79	4300	36.934136	0.0	2169201	23	4.3
1527463772.17	4300	40.557277	0.0	2173522	20	4.3
1527463772.54	4300	44.178435	0.0	2102452	23	4.3
1527463772.93	4300	47.790633	0.0	2209463	28	4.3
1527463773.32	4300	51.403068	0.0	2275376	26	4.3
1527463773.71	4300	55.01956	0.0	2005399	22	4.3
1527463774.07	4300	58.653803	0.0	2152483	12	4.3
1527463777.45	4300	59.748935	0.0	2289689	18	4.3
1527463780.84	4300	59.999292	0.0	2059512	20	4.3
1527463785.23	4300	59.748148	0.0	2220726	20	4.3
1527463789.13	4300	59.749591	0.0	2156729	24	4.3
1527463793.02	4300	59.74884	0.0	2039773	16	4.3
1527463796.92	4300	59.997912	0.0	2176469	23	4.3
1527463801.31	4300	59.499687	0.0	2221506	20	4.3
1527463805.21	4300	59.748222	0.0	2044075	24	4.3
1527463809.11	4300	59.749541	0.0	2186790	24	4.3
1527463813.01	4300	59.749271	0.0	2105231	24	4.3
1527463817.44	4300	59.498777	0.0	2395588	26	4.3
1527463820.85	4300	59.999291	0.0	1972048	22	4.3
1527463825.24	4300	59.748895	0.0	2134614	25	4.3
1527463829.15	4300	59.748262	0.0	2164140	25	4.3
1527463833.08	4300	59.749537	0.0	2113193	23	4.3
1527463836.98	4300	59.74877	0.0	2147852	25	4.3
1527463841.38	4300	59.498806	0.0	2191074	24	4.3
1527463844.79	4300	59.999034	0.0	2286761	26	4.3
1527463849.2	4300	59.749091	0.0	2307787	22	4.3
1527463853.11	4300	59.998776	0.0	2143948	24	4.3
1527463857.52	4300	59.498737	0.0	1919781	22	4.3
1527463861.44	4300	59.498653	0.0	2147467	26	4.3
1527463864.83	4300	59.9992	0.0	2133870	24	4.3
1527463868.73	4300	59.999335	0.0	2146120	22	4.3
1527463873.13	4300	59.998376	0.0	2108491	23	4.3
1527463877.04	4300	59.997901	0.0	2184571	32	4.3
1527463880.93	4300	59.99826	0.0	2121928	23	4.3
1527463884.84	4300	59.997807	0.0	2219102	23	4.3
1527463888.75	4300	59.997709	0.0	2124950	24	4.3
1527463893.13	4300	59.748636	0.0	2246506	24	4.3
1527463897.02	4300	59.748539	0.0	1961140	18	4.3
