1527481478.02	750	4	0.026	2354772	8	-0.11180000000000001
1527481478.36	4300	7.965036	0.0	2123065	18	0.75
1527481478.7	4300	11.620436	0.0	2177073	22	4.3
1527481479.03	4300	15.284993	0.0	2160877	24	4.3
1527481479.37	4300	18.94905	0.0	2233056	22	4.3
1527481479.72	4300	22.605219	0.0	1941625	23	4.3
1527481480.05	4300	26.266436	0.0	2157535	26	4.3
1527481480.39	4300	29.933398	0.0	2290172	21	4.3
1527481480.72	4300	33.603645	0.0	2055469	19	4.3
1527481481.06	4300	37.259648	0.0	2169201	25	4.3
1527481481.4	4300	40.913593	0.0	2173522	24	4.3
1527481481.75	4300	44.567088	0.0	2102452	25	4.3
1527481482.08	4300	48.24213	0.0	2209463	15	4.3
1527481482.4	4300	51.915462	0.0	2275376	16	4.3
1527481482.73	4300	55.593939	0.0	2005399	14	4.3
1527481483.06	4300	59.255269	0.0	2152483	15	4.3
1527481486.42	4300	59.999306	0.0	2289689	27	4.3
1527481490.77	4300	59.749401	0.0	2059512	24	4.3
1527481494.62	4300	59.747951	0.0	2220726	18	4.3
1527481498.97	4300	59.748239	0.0	2156729	26	4.3
1527481502.82	4300	59.748988	0.0	2039773	24	4.3
1527481506.67	4300	59.998487	0.0	2176469	22	4.3
1527481511.01	4300	59.748917	0.0	2221506	20	4.3
1527481514.86	4300	59.499209	0.0	2044075	22	4.3
1527481518.7	4300	59.748973	0.0	2186790	20	4.3
1527481522.55	4300	59.999114	0.0	2105231	24	4.3
1527481526.4	4300	59.998704	0.0	2395588	30	4.3
1527481530.75	4300	59.998397	0.0	1972048	19	4.3
1527481534.6	4300	59.74889	0.0	2134614	25	4.3
1527481538.45	4300	59.999497	0.0	2164140	20	4.3
1527481542.8	4300	59.748894	0.0	2113193	24	4.3
1527481546.65	4300	59.748988	0.0	2147852	25	4.3
1527481550.99	4300	59.748492	0.0	2191074	25	4.3
1527481554.34	4300	59.999069	0.0	2286761	27	4.3
1527481558.7	4300	59.99858	0.0	2307787	27	4.3
1527481562.55	4300	59.998683	0.0	2143948	25	4.3
1527481566.4	4300	59.999398	0.0	1919781	23	4.3
1527481570.75	4300	59.749255	0.0	2147467	21	4.3
1527481574.61	4300	59.748769	0.0	2133870	41	4.3
1527481578.46	4300	59.999107	0.0	2146120	24	4.3
1527481582.82	4300	59.997863	0.0	2108491	25	4.3
1527481586.67	4300	59.99822	0.0	2184571	26	4.3
1527481590.51	4300	59.999184	0.0	2121928	24	4.3
1527481594.36	4300	59.998587	0.0	2219102	20	4.3
1527481598.7	4300	59.748076	0.0	2124950	20	4.3
1527481602.55	4300	59.998724	0.0	2246506	23	4.3
1527481606.39	4300	59.998546	0.0	1961140	20	4.3
1527481610.73	4300	59.997015	0.0	2155012	18	4.3
1527481612.58	4300	59.678487	0.0	1433658	23	4.3

1527481613.34	750	4	0.012	450283	2	-0.05159999999999998
1527481613.69	4300	7.956977	0.0	2123065	11	0.75
1527481614.03	4300	11.6166	0.0	2177073	27	4.3
1527481614.36	4300	15.278844	0.0	2160877	25	4.3
1527481614.7	4300	18.940705	0.0	2233056	21	4.3
1527481615.04	4300	22.60201	0.0	1941625	25	4.3
1527481615.38	4300	26.262573	0.0	2157535	24	4.3
1527481615.72	4300	29.923754	0.0	2290172	23	4.3
1527481616.05	4300	33.59356	0.0	2055469	21	4.3
1527481616.39	4300	37.250851	0.0	2169201	25	4.3
1527481616.73	4300	40.913082	0.0	2173522	26	4.3
1527481617.06	4300	44.580146	0.0	2102452	22	4.3
1527481617.4	4300	48.247587	0.0	2209463	23	4.3
1527481617.74	4300	51.900437	0.0	2275376	30	4.3
1527481618.08	4300	55.564021	0.0	2005399	23	4.3
1527481618.4	4300	59.248789	0.0	2152483	12	4.3
1527481622.22	4300	59.498001	0.0	2289689	13	4.3
1527481626.06	4300	59.749238	0.0	2059512	24	4.3
1527481629.91	4300	59.748974	0.0	2220726	23	4.3
1527481633.75	4300	59.999041	0.0	2156729	20	4.3
1527481638.09	4300	59.998757	0.0	2039773	19	4.3
1527481641.94	4300	59.999049	0.0	2176469	22	4.3
1527481646.28	4300	59.498589	0.0	2221506	23	4.3
1527481650.12	4300	59.749396	0.0	2044075	21	4.3
1527481653.97	4300	59.748374	0.0	2186790	23	4.3
1527481657.81	4300	59.998075	0.0	2105231	20	4.3
1527481661.65	4300	59.999354	0.0	2395588	21	4.3
1527481666.0	4300	59.74768	0.0	1972048	22	4.3
1527481669.86	4300	59.998046	0.0	2134614	32	4.3
1527481673.7	4300	59.997742	0.0	2164140	24	4.3
1527481678.05	4300	59.749231	0.0	2113193	22	4.3
1527481681.9	4300	59.747878	0.0	2147852	18	4.3
1527481685.74	4300	59.9979	0.0	2191074	20	4.3
1527481690.09	4300	59.997738	0.0	2286761	21	4.3
1527481693.93	4300	59.74897	0.0	2307787	20	4.3
1527481697.79	4300	59.998674	0.0	2143948	25	4.3
1527481702.13	4300	59.998336	0.0	1919781	24	4.3
1527481705.99	4300	59.999123	0.0	2147467	22	4.3
1527481710.34	4300	59.498756	0.0	2133870	13	4.3
1527481713.69	4300	59.998903	0.0	2146120	29	4.3
1527481718.04	4300	59.999155	0.0	2108491	26	4.3
1527481721.89	4300	59.999215	0.0	2184571	27	4.3
1527481726.23	4300	59.499189	0.0	2121928	21	4.3
1527481730.07	4300	59.998441	0.0	2219102	26	4.3
1527481733.92	4300	59.749441	0.0	2124950	23	4.3
1527481737.77	4300	59.998763	0.0	2246506	16	4.3
1527481742.12	4300	59.749098	0.0	1961140	23	4.3
1527481745.96	4300	59.997676	0.0	2155012	13	4.3
1527481747.79	4300	59.677852	0.0	1433658	14	4.3

1527481748.58	750	4	0.026	2354772	7	-0.11180000000000001
1527481748.93	4300	7.94607	0.0	2123065	36	0.75
1527481749.27	4300	11.599788	0.0	2177073	28	4.3
1527481749.6	4300	15.274526	0.0	2160877	16	4.3
1527481749.94	4300	18.935839	0.0	2233056	25	4.3
1527481750.27	4300	22.602277	0.0	1941625	20	4.3
1527481750.62	4300	26.25547	0.0	2157535	26	4.3
1527481750.96	4300	29.916789	0.0	2290172	25	4.3
1527481751.28	4300	33.594574	0.0	2055469	14	4.3
1527481751.62	4300	37.250547	0.0	2169201	26	4.3
1527481751.96	4300	40.917848	0.0	2173522	21	4.3
1527481752.29	4300	44.586678	0.0	2102452	18	4.3
1527481752.63	4300	48.243488	0.0	2209463	24	4.3
1527481752.98	4300	51.893941	0.0	2275376	32	4.3
1527481753.32	4300	55.551679	0.0	2005399	26	4.3
1527481753.66	4300	59.215829	0.0	2152483	24	4.3
1527481757.49	4300	59.49912	0.0	2289689	14	4.3
1527481761.34	4300	59.749019	0.0	2059512	22	4.3
1527481765.18	4300	59.999079	0.0	2220726	21	4.3
1527481769.02	4300	59.999193	0.0	2156729	20	4.3
1527481773.36	4300	59.747896	0.0	2039773	18	4.3
