1527400245.22	750	4	0.026	2354772	8	-0.11180000000000001
1527400245.56	4300	7.954926	0.0	2123065	25	0.75
1527400245.9	4300	11.617773	0.0	2177073	24	4.3
1527400246.23	4300	15.285371	0.0	2160877	22	4.3
1527400246.57	4300	18.952356	0.0	2233056	21	4.3
1527400246.91	4300	22.613389	0.0	1941625	22	4.3
1527400247.25	4300	26.271929	0.0	2157535	25	4.3
1527400247.58	4300	29.93494	0.0	2290172	22	4.3
1527400247.92	4300	33.592343	0.0	2055469	25	4.3
1527400248.27	4300	37.250963	0.0	2169201	24	4.3
1527400248.61	4300	40.909584	0.0	2173522	23	4.3
1527400248.96	4300	44.560581	0.0	2102452	18	4.3
1527400249.29	4300	48.226007	0.0	2209463	20	4.3
1527400249.63	4300	51.886153	0.0	2275376	21	4.3
1527400249.97	4300	55.547594	0.0	2005399	23	4.3
1527400250.28	4300	59.23569	0.0	2152483	10	4.3
1527400253.63	4300	59.998587	0.0	2289689	15	4.3
1527400257.98	4300	59.997846	0.0	2059512	24	4.3
1527400261.82	4300	59.748945	0.0	2220726	23	4.3
1527400266.17	4300	59.748172	0.0	2156729	22	4.3
1527400270.02	4300	59.747689	0.0	2039773	22	4.3
1527400273.86	4300	59.748604	0.0	2176469	21	4.3
1527400278.22	4300	59.499151	0.0	2221506	26	4.3
1527400281.58	4300	59.998995	0.0	2044075	24	4.3
1527400285.93	4300	59.997701	0.0	2186790	24	4.3
1527400289.78	4300	59.747736	0.0	2105231	23	4.3
1527400293.63	4300	59.998783	0.0	2395588	26	4.3
1527400297.97	4300	59.748524	0.0	1972048	19	4.3
1527400301.82	4300	59.748703	0.0	2134614	23	4.3
1527400306.17	4300	59.748148	0.0	2164140	22	4.3
1527400310.02	4300	59.499501	0.0	2113193	21	4.3
1527400313.87	4300	59.747495	0.0	2147852	26	4.3
1527400317.72	4300	59.998622	0.0	2191074	26	4.3
1527400322.06	4300	59.747842	0.0	2286761	23	4.3
1527400325.91	4300	59.748903	0.0	2307787	25	4.3
1527400329.77	4300	59.999068	0.0	2143948	25	4.3
1527400333.62	4300	59.998784	0.0	1919781	24	4.3
1527400337.97	4300	59.74855	0.0	2147467	21	4.3
1527400341.83	4300	59.99851	0.0	2133870	37	4.3
1527400346.18	4300	59.747592	0.0	2146120	24	4.3
1527400349.53	4300	59.998332	0.0	2108491	23	4.3
1527400353.88	4300	59.749274	0.0	2184571	24	4.3
1527400357.73	4300	59.998817	0.0	2121928	24	4.3
1527400361.58	4300	59.998621	0.0	2219102	24	4.3
1527400365.92	4300	59.747802	0.0	2124950	20	4.3
1527400369.77	4300	59.998593	0.0	2246506	26	4.3
1527400373.61	4300	59.998305	0.0	1961140	19	4.3
1527400377.94	4300	59.748845	0.0	2155012	12	4.3
1527400379.78	4300	59.677736	0.0	1433658	15	4.3

1527400380.55	750	4	0.023	2354772	8	-0.09889999999999999
1527400380.91	4300	7.942389	0.0	2123065	32	0.75
1527400381.26	4300	11.597428	0.0	2177073	28	4.3
1527400381.59	4300	15.262365	0.0	2160877	23	4.3
1527400381.93	4300	18.926883	0.0	2233056	21	4.3
1527400382.26	4300	22.589341	0.0	1941625	21	4.3
1527400382.6	4300	26.246321	0.0	2157535	25	4.3
1527400382.94	4300	29.911724	0.0	2290172	24	4.3
1527400383.28	4300	33.578459	0.0	2055469	21	4.3
1527400383.61	4300	37.244766	0.0	2169201	20	4.3
1527400383.94	4300	40.9157	0.0	2173522	17	4.3
1527400384.28	4300	44.57413	0.0	2102452	26	4.3
1527400384.62	4300	48.235351	0.0	2209463	26	4.3
1527400384.96	4300	51.889368	0.0	2275376	27	4.3
1527400385.3	4300	55.550363	0.0	2005399	23	4.3
1527400385.64	4300	59.212148	0.0	2152483	22	4.3
1527400388.98	4300	59.998487	0.0	2289689	24	4.3
1527400393.33	4300	59.749765	0.0	2059512	24	4.3
1527400397.19	4300	59.748835	0.0	2220726	24	4.3
1527400401.54	4300	59.498754	0.0	2156729	20	4.3
1527400405.39	4300	59.748811	0.0	2039773	23	4.3
1527400409.24	4300	59.74875	0.0	2176469	24	4.3
1527400413.59	4300	59.498868	0.0	2221506	25	4.3
1527400417.43	4300	59.498737	0.0	2044075	24	4.3
1527400421.28	4300	59.74961	0.0	2186790	24	4.3
1527400425.13	4300	59.749118	0.0	2105231	20	4.3
1527400428.98	4300	59.998785	0.0	2395588	28	4.3
1527400433.33	4300	59.998603	0.0	1972048	23	4.3
1527400437.19	4300	59.748427	0.0	2134614	46	4.3
1527400441.04	4300	59.998624	0.0	2164140	23	4.3
1527400445.39	4300	59.747547	0.0	2113193	24	4.3
1527400449.24	4300	59.748587	0.0	2147852	23	4.3
1527400453.59	4300	59.498029	0.0	2191074	21	4.3
1527400456.93	4300	59.99911	0.0	2286761	22	4.3
1527400461.29	4300	59.998201	0.0	2307787	26	4.3
1527400465.14	4300	59.747894	0.0	2143948	26	4.3
1527400468.98	4300	59.998948	0.0	1919781	21	4.3
1527400473.33	4300	59.998653	0.0	2147467	22	4.3
1527400477.18	4300	59.749224	0.0	2133870	22	4.3
1527400481.54	4300	59.748356	0.0	2146120	47	4.3
1527400484.89	4300	59.998727	0.0	2108491	24	4.3
1527400489.24	4300	59.998498	0.0	2184571	24	4.3
1527400493.59	4300	59.748541	0.0	2121928	24	4.3
1527400496.95	4300	59.998321	0.0	2219102	25	4.3
1527400501.31	4300	59.74872	0.0	2124950	23	4.3
1527400505.16	4300	59.999165	0.0	2246506	24	4.3
1527400509.5	4300	59.497497	0.0	1961140	19	4.3
1527400513.35	4300	59.747481	0.0	2155012	26	4.3
1527400514.68	4300	59.929162	0.0	1433658	17	4.3

1527400515.47	750	4	0.029	2354772	7	-0.12470000000000003
1527400515.88	4300	7.633384	0.0	2123065	51	0.75
1527400516.23	4300	11.247363	0.0	2177073	25	4.3
1527400516.56	4300	14.909381	0.0	2160877	26	4.3
1527400516.9	4300	18.575444	0.0	2233056	21	4.3
1527400517.24	4300	22.235017	0.0	1941625	23	4.3
1527400517.58	4300	25.892218	0.0	2157535	24	4.3
1527400517.92	4300	29.556189	0.0	2290172	22	4.3
1527400518.25	4300	33.223603	0.0	2055469	18	4.3
1527400518.67	4300	36.876253	0.0	2169201	27	4.3
1527400519.0	4300	40.474292	0.0	2173522	20	4.3
1527400519.34	4300	44.137708	0.0	2102452	17	4.3
1527400519.69	4300	47.783354	0.0	2209463	37	4.3
1527400520.03	4300	51.448077	0.0	2275376	20	4.3
1527400520.37	4300	55.106197	0.0	2005399	23	4.3
1527400520.7	4300	58.768038	0.0	2152483	23	4.3
1527400523.54	4300	59.998576	0.0	2289689	21	4.3
1527400527.89	4300	59.998871	0.0	2059512	24	4.3
1527400531.75	4300	59.748947	0.0	2220726	27	4.3
1527400536.11	4300	59.498664	0.0	2156729	24	4.3
1527400539.96	4300	59.998619	0.0	2039773	24	4.3
1527400543.8	4300	59.998933	0.0	2176469	25	4.3
1527400548.15	4300	59.498625	0.0	2221506	23	4.3
1527400551.49	4300	59.998897	0.0	2044075	22	4.3
1527400555.85	4300	59.748987	0.0	2186790	25	4.3
1527400559.7	4300	59.998979	0.0	2105231	25	4.3
1527400563.53	4300	59.998121	0.0	2395588	11	4.3
1527400567.88	4300	59.749404	0.0	1972048	22	4.3
1527400571.74	4300	59.748163	0.0	2134614	30	4.3
1527400575.6	4300	59.998657	0.0	2164140	24	4.3
1527400579.94	4300	59.74782	0.0	2113193	24	4.3
1527400583.78	4300	59.749015	0.0	2147852	13	4.3
1527400587.63	4300	59.99774	0.0	2191074	24	4.3
1527400591.48	4300	59.999403	0.0	2286761	23	4.3
1527400595.82	4300	59.749215	0.0	2307787	21	4.3
1527400600.17	4300	59.498813	0.0	2143948	22	4.3
1527400604.02	4300	59.748272	0.0	1919781	21	4.3
1527400607.86	4300	59.998224	0.0	2147467	21	4.3
1527400611.72	4300	59.999069	0.0	2133870	27	4.3
