1527385310.75	750	4	0.025	2354772	7	-0.10750000000000004
1527385311.13	4300	7.963279	0.0	2123065	23	0.75
1527385311.52	4300	11.575441	0.0	2177073	23	4.3
1527385311.91	4300	15.187425	0.0	2160877	27	4.3
1527385312.3	4300	18.800983	0.0	2233056	26	4.3
1527385312.67	4300	22.427089	0.0	1941625	18	4.3
1527385313.05	4300	26.043603	0.0	2157535	25	4.3
1527385313.44	4300	29.656295	0.0	2290172	24	4.3
1527385313.83	4300	33.271732	0.0	2055469	23	4.3
1527385314.21	4300	36.888749	0.0	2169201	20	4.3
1527385314.59	4300	40.50474	0.0	2173522	23	4.3
1527385314.98	4300	44.117528	0.0	2102452	30	4.3
1527385315.36	4300	47.734596	0.0	2209463	24	4.3
1527385315.75	4300	51.347364	0.0	2275376	26	4.3
1527385316.12	4300	54.979859	0.0	2005399	9	4.3
1527385316.51	4300	58.592331	0.0	2152483	26	4.3
1527385319.4	4300	59.997637	0.0	2289689	26	4.3
1527385323.29	4300	59.996786	0.0	2059512	20	4.3
1527385327.19	4300	59.997843	0.0	2220726	24	4.3
1527385331.58	4300	59.747792	0.0	2156729	23	4.3
1527385335.47	4300	59.998195	0.0	2039773	20	4.3
1527385339.36	4300	59.748304	0.0	2176469	24	4.3
1527385343.76	4300	59.498378	0.0	2221506	26	4.3
1527385347.66	4300	59.497556	0.0	2044075	21	4.3
1527385351.55	4300	59.749292	0.0	2186790	21	4.3
1527385355.44	4300	59.748678	0.0	2105231	24	4.3
1527385359.34	4300	59.998736	0.0	2395588	27	4.3
1527385363.74	4300	59.748828	0.0	1972048	21	4.3
1527385367.64	4300	59.748668	0.0	2134614	34	4.3
1527385371.53	4300	59.747932	0.0	2164140	22	4.3
1527385375.43	4300	59.747746	0.0	2113193	24	4.3
1527385379.82	4300	59.498277	0.0	2147852	23	4.3
1527385383.71	4300	59.497577	0.0	2191074	20	4.3
1527385387.6	4300	59.497675	0.0	2286761	25	4.3
1527385391.5	4300	59.748565	0.0	2307787	25	4.3
1527385395.4	4300	59.99868	0.0	2143948	25	4.3
1527385399.8	4300	59.747878	0.0	1919781	21	4.3
1527385403.19	4300	59.998975	0.0	2147467	22	4.3
1527385407.58	4300	59.74878	0.0	2133870	22	4.3
1527385411.49	4300	59.998393	0.0	2146120	42	4.3
1527385415.38	4300	59.9985	0.0	2108491	25	4.3
1527385419.28	4300	59.998782	0.0	2184571	24	4.3
1527385423.18	4300	59.999283	0.0	2121928	24	4.3
1527385427.58	4300	59.748265	0.0	2219102	23	4.3
1527385431.47	4300	59.998608	0.0	2124950	20	4.3
1527385435.36	4300	59.747835	0.0	2246506	24	4.3
1527385439.24	4300	59.998752	0.0	1961140	20	4.3
1527385443.62	4300	59.74746	0.0	2155012	23	4.3
1527385444.97	4300	59.929106	0.0	1433658	17	4.3

1527385445.73	750	4	0.017	668286	3	-0.07309999999999994
1527385446.12	4300	7.951828	0.0	2123065	17	0.75
1527385446.5	4300	11.568844	0.0	2177073	23	4.3
1527385446.88	4300	15.18517	0.0	2160877	27	4.3
1527385447.27	4300	18.798856	0.0	2233056	24	4.3
1527385447.66	4300	22.405485	0.0	1941625	22	4.3
1527385448.06	4300	26.011607	0.0	2157535	35	4.3
1527385448.44	4300	29.627932	0.0	2290172	25	4.3
1527385448.83	4300	33.244568	0.0	2055469	22	4.3
1527385449.21	4300	36.865951	0.0	2169201	21	4.3
1527385449.59	4300	40.481558	0.0	2173522	24	4.3
1527385449.97	4300	44.09697	0.0	2102452	24	4.3
1527385450.35	4300	47.718925	0.0	2209463	17	4.3
1527385450.74	4300	51.33481	0.0	2275376	21	4.3
1527385451.12	4300	54.947537	0.0	2005399	23	4.3
1527385451.51	4300	58.561605	0.0	2152483	15	4.3
1527385454.4	4300	59.998315	0.0	2289689	26	4.3
1527385458.79	4300	59.748748	0.0	2059512	21	4.3
1527385462.7	4300	59.748337	0.0	2220726	24	4.3
1527385466.59	4300	59.748732	0.0	2156729	23	4.3
1527385470.49	4300	59.748959	0.0	2039773	24	4.3
1527385474.39	4300	59.749475	0.0	2176469	24	4.3
1527385478.79	4300	59.748841	0.0	2221506	26	4.3
1527385482.18	4300	59.997988	0.0	2044075	23	4.3
1527385486.57	4300	59.748827	0.0	2186790	24	4.3
1527385490.47	4300	59.748244	0.0	2105231	23	4.3
1527385494.36	4300	59.749053	0.0	2395588	19	4.3
1527385498.24	4300	59.998955	0.0	1972048	22	4.3
1527385502.64	4300	59.499495	0.0	2134614	24	4.3
1527385506.53	4300	59.999127	0.0	2164140	23	4.3
1527385510.42	4300	59.749488	0.0	2113193	25	4.3
1527385514.32	4300	59.998688	0.0	2147852	25	4.3
1527385518.22	4300	59.999063	0.0	2191074	23	4.3
1527385522.11	4300	59.998817	0.0	2286761	20	4.3
1527385526.5	4300	59.749275	0.0	2307787	25	4.3
1527385530.4	4300	59.748997	0.0	2143948	25	4.3
1527385534.79	4300	59.748887	0.0	1919781	22	4.3
1527385538.19	4300	59.997548	0.0	2147467	24	4.3
1527385542.58	4300	59.498048	0.0	2133870	23	4.3
1527385546.48	4300	59.749488	0.0	2146120	23	4.3
1527385550.37	4300	59.998568	0.0	2108491	20	4.3
1527385554.76	4300	59.748141	0.0	2184571	24	4.3
1527385558.16	4300	59.997851	0.0	2121928	19	4.3
1527385562.57	4300	59.748052	0.0	2219102	25	4.3
1527385566.48	4300	59.748462	0.0	2124950	23	4.3
1527385570.36	4300	59.747911	0.0	2246506	25	4.3
1527385574.24	4300	59.998132	0.0	1961140	23	4.3
1527385578.61	4300	59.747523	0.0	2155012	24	4.3
1527385580.45	4300	59.429409	0.0	1433658	14	4.3

1527385581.2	750	4	0.017	668286	3	-0.07309999999999994
1527385581.6	4300	7.947969	0.0	2123065	20	0.75
1527385581.98	4300	11.563465	0.0	2177073	25	4.3
1527385582.37	4300	15.1789	0.0	2160877	26	4.3
1527385582.75	4300	18.792129	0.0	2233056	23	4.3
1527385583.13	4300	22.412117	0.0	1941625	18	4.3
1527385583.52	4300	26.02493	0.0	2157535	10	4.3
1527385583.9	4300	29.643969	0.0	2290172	24	4.3
1527385584.29	4300	33.259498	0.0	2055469	25	4.3
1527385584.68	4300	36.870832	0.0	2169201	25	4.3
1527385585.07	4300	40.482353	0.0	2173522	23	4.3
1527385585.46	4300	44.091705	0.0	2102452	24	4.3
1527385585.85	4300	47.700839	0.0	2209463	26	4.3
1527385586.24	4300	51.310668	0.0	2275376	24	4.3
1527385586.63	4300	54.917786	0.0	2005399	25	4.3
1527385587.01	4300	58.535785	0.0	2152483	23	4.3
1527385589.91	4300	59.749179	0.0	2289689	22	4.3
1527385593.8	4300	59.7481	0.0	2059512	23	4.3
1527385597.7	4300	59.999094	0.0	2220726	25	4.3
1527385601.6	4300	59.999096	0.0	2156729	24	4.3
1527385606.0	4300	59.749385	0.0	2039773	22	4.3
1527385609.89	4300	59.748771	0.0	2176469	20	4.3
1527385613.78	4300	59.998942	0.0	2221506	25	4.3
1527385617.68	4300	59.99873	0.0	2044075	21	4.3
1527385622.08	4300	59.749113	0.0	2186790	24	4.3
1527385625.96	4300	59.999046	0.0	2105231	21	4.3
1527385629.86	4300	59.998698	0.0	2395588	26	4.3
1527385634.26	4300	59.49793	0.0	1972048	20	4.3
1527385638.16	4300	59.748838	0.0	2134614	28	4.3
