1527375627.24	750	4	0.028	2354772	7	-0.12039999999999995
1527375627.59	4300	7.95476	0.0	2123065	27	0.75
1527375627.92	4300	11.617608	0.0	2177073	20	4.3
1527375628.26	4300	15.283677	0.0	2160877	22	4.3
1527375628.59	4300	18.948498	0.0	2233056	18	4.3
1527375628.93	4300	22.608684	0.0	1941625	21	4.3
1527375629.27	4300	26.27046	0.0	2157535	26	4.3
1527375629.61	4300	29.931749	0.0	2290172	22	4.3
1527375629.95	4300	33.590526	0.0	2055469	23	4.3
1527375630.29	4300	37.244879	0.0	2169201	26	4.3
1527375630.64	4300	40.903022	0.0	2173522	20	4.3
1527375630.98	4300	44.557966	0.0	2102452	18	4.3
1527375631.31	4300	48.223403	0.0	2209463	22	4.3
1527375631.65	4300	51.890028	0.0	2275376	21	4.3
1527375631.99	4300	55.547122	0.0	2005399	23	4.3
1527375632.36	4300	59.178129	0.0	2152483	24	4.3
1527375636.21	4300	59.748769	0.0	2289689	22	4.3
1527375639.56	4300	59.99877	0.0	2059512	24	4.3
1527375643.91	4300	59.748895	0.0	2220726	31	4.3
1527375647.76	4300	59.997879	0.0	2156729	20	4.3
1527375652.11	4300	59.748803	0.0	2039773	23	4.3
1527375655.97	4300	59.74845	0.0	2176469	27	4.3
1527375659.81	4300	59.748825	0.0	2221506	25	4.3
1527375663.65	4300	59.998859	0.0	2044075	20	4.3
1527375668.0	4300	59.74881	0.0	2186790	21	4.3
1527375671.86	4300	59.749065	0.0	2105231	16	4.3
1527375675.71	4300	59.998964	0.0	2395588	27	4.3
1527375679.56	4300	59.998726	0.0	1972048	21	4.3
1527375683.9	4300	59.749007	0.0	2134614	21	4.3
1527375687.76	4300	59.998188	0.0	2164140	15	4.3
1527375692.11	4300	59.748172	0.0	2113193	24	4.3
1527375695.96	4300	59.748574	0.0	2147852	23	4.3
1527375699.81	4300	59.748246	0.0	2191074	22	4.3
1527375704.16	4300	59.497692	0.0	2286761	24	4.3
1527375708.02	4300	59.998582	0.0	2307787	27	4.3
1527375711.87	4300	59.998228	0.0	2143948	24	4.3
1527375716.21	4300	59.749074	0.0	1919781	19	4.3
1527375719.55	4300	59.999158	0.0	2147467	23	4.3
1527375723.91	4300	59.747617	0.0	2133870	24	4.3
1527375728.26	4300	59.747344	0.0	2146120	25	4.3
1527375731.61	4300	59.998149	0.0	2108491	25	4.3
1527375735.97	4300	59.748593	0.0	2184571	26	4.3
1527375739.82	4300	59.998485	0.0	2121928	23	4.3
1527375743.66	4300	59.998409	0.0	2219102	25	4.3
1527375748.01	4300	59.747479	0.0	2124950	20	4.3
1527375751.86	4300	59.997915	0.0	2246506	23	4.3
1527375755.7	4300	59.99914	0.0	1961140	17	4.3
1527375760.05	4300	59.747746	0.0	2155012	23	4.3
1527375761.89	4300	59.42759	0.0	1433658	18	4.3

1527375762.64	750	4	0.027	2354772	7	-0.11609999999999998
1527375762.98	4300	7.959736	0.0	2123065	26	0.75
1527375763.31	4300	11.62711	0.0	2177073	20	4.3
1527375763.65	4300	15.29544	0.0	2160877	20	4.3
1527375763.99	4300	18.949396	0.0	2233056	35	4.3
1527375764.33	4300	22.612521	0.0	1941625	23	4.3
1527375764.66	4300	26.278183	0.0	2157535	23	4.3
1527375765.0	4300	29.942365	0.0	2290172	19	4.3
1527375765.34	4300	33.60189	0.0	2055469	23	4.3
1527375765.68	4300	37.261281	0.0	2169201	26	4.3
1527375766.01	4300	40.926853	0.0	2173522	23	4.3
1527375766.35	4300	44.593787	0.0	2102452	22	4.3
1527375766.68	4300	48.262865	0.0	2209463	20	4.3
1527375767.03	4300	51.911755	0.0	2275376	25	4.3
1527375767.36	4300	55.575071	0.0	2005399	11	4.3
1527375767.7	4300	59.24246	0.0	2152483	22	4.3
1527375771.04	4300	59.998148	0.0	2289689	21	4.3
1527375775.39	4300	59.998807	0.0	2059512	23	4.3
1527375779.25	4300	59.997812	0.0	2220726	37	4.3
1527375783.1	4300	59.99794	0.0	2156729	24	4.3
1527375786.95	4300	59.998875	0.0	2039773	23	4.3
1527375791.29	4300	59.748478	0.0	2176469	23	4.3
1527375795.15	4300	59.998799	0.0	2221506	27	4.3
1527375798.99	4300	59.999293	0.0	2044075	16	4.3
1527375803.85	4300	59.497636	0.0	2186790	26	4.3
1527375807.19	4300	59.998624	0.0	2105231	21	4.3
1527375811.04	4300	59.998759	0.0	2395588	28	4.3
1527375815.39	4300	59.748701	0.0	1972048	20	4.3
1527375819.24	4300	59.998694	0.0	2134614	29	4.3
1527375823.1	4300	59.998486	0.0	2164140	27	4.3
1527375826.95	4300	59.998291	0.0	2113193	24	4.3
1527375831.3	4300	59.747611	0.0	2147852	19	4.3
1527375835.15	4300	59.998646	0.0	2191074	25	4.3
1527375839.5	4300	59.498448	0.0	2286761	26	4.3
1527375843.35	4300	59.998569	0.0	2307787	25	4.3
1527375847.2	4300	59.747709	0.0	2143948	19	4.3
1527375851.05	4300	59.997928	0.0	1919781	20	4.3
1527375855.41	4300	59.748842	0.0	2147467	26	4.3
1527375859.26	4300	59.749068	0.0	2133870	23	4.3
1527375863.61	4300	59.497669	0.0	2146120	23	4.3
1527375866.97	4300	59.998961	0.0	2108491	30	4.3
1527375871.31	4300	59.997537	0.0	2184571	22	4.3
1527375875.16	4300	59.999248	0.0	2121928	23	4.3
1527375879.02	4300	59.99752	0.0	2219102	27	4.3
1527375883.37	4300	59.748703	0.0	2124950	24	4.3
1527375887.22	4300	59.749336	0.0	2246506	24	4.3
1527375891.57	4300	59.498501	0.0	1961140	24	4.3
1527375895.43	4300	59.748895	0.0	2155012	26	4.3
1527375896.76	4300	59.929118	0.0	1433658	19	4.3

1527375897.52	750	4	0.023	2354772	9	-0.09889999999999999
1527375897.88	4300	7.94527	0.0	2123065	42	0.75
1527375898.22	4300	11.603997	0.0	2177073	23	4.3
1527375898.56	4300	15.268709	0.0	2160877	24	4.3
1527375898.89	4300	18.932292	0.0	2233056	24	4.3
1527375899.23	4300	22.59402	0.0	1941625	21	4.3
1527375899.56	4300	26.269357	0.0	2157535	16	4.3
1527375899.9	4300	29.927034	0.0	2290172	25	4.3
1527375900.23	4300	33.591685	0.0	2055469	23	4.3
1527375900.57	4300	37.255667	0.0	2169201	23	4.3
1527375900.91	4300	40.918855	0.0	2173522	21	4.3
1527375901.25	4300	44.577454	0.0	2102452	25	4.3
1527375901.59	4300	48.235878	0.0	2209463	25	4.3
1527375901.93	4300	51.889483	0.0	2275376	28	4.3
1527375902.27	4300	55.552493	0.0	2005399	24	4.3
1527375902.61	4300	59.218893	0.0	2152483	22	4.3
1527375906.45	4300	59.747619	0.0	2289689	22	4.3
1527375910.29	4300	59.748252	0.0	2059512	19	4.3
1527375914.13	4300	59.998084	0.0	2220726	20	4.3
1527375917.98	4300	59.997919	0.0	2156729	24	4.3
1527375921.83	4300	59.997492	0.0	2039773	22	4.3
1527375926.18	4300	59.99741	0.0	2176469	23	4.3
1527375930.03	4300	59.99905	0.0	2221506	24	4.3
1527375934.37	4300	59.747589	0.0	2044075	20	4.3
1527375938.22	4300	59.748714	0.0	2186790	22	4.3
1527375942.07	4300	59.998205	0.0	2105231	19	4.3
1527375945.92	4300	59.998487	0.0	2395588	28	4.3
1527375950.26	4300	59.747453	0.0	1972048	22	4.3
1527375954.12	4300	59.999198	0.0	2134614	37	4.3
1527375958.48	4300	59.748593	0.0	2164140	24	4.3
1527375961.83	4300	59.998857	0.0	2113193	24	4.3
1527375966.18	4300	59.749178	0.0	2147852	21	4.3
1527375970.52	4300	59.747207	0.0	2191074	22	4.3
1527375973.87	4300	59.99862	0.0	2286761	25	4.3
