1527405158.3	750	4	0.028	2354772	7	-0.12039999999999995
1527405158.67	4300	7.964042	0.0	2123065	17	0.75
1527405159.01	4300	11.621674	0.0	2177073	22	4.3
1527405159.35	4300	15.276387	0.0	2160877	31	4.3
1527405159.7	4300	18.932591	0.0	2233056	25	4.3
1527405160.03	4300	22.600504	0.0	1941625	20	4.3
1527405160.36	4300	26.265007	0.0	2157535	21	4.3
1527405160.7	4300	29.929612	0.0	2290172	20	4.3
1527405161.04	4300	33.586681	0.0	2055469	22	4.3
1527405161.38	4300	37.24861	0.0	2169201	24	4.3
1527405161.73	4300	40.904956	0.0	2173522	20	4.3
1527405162.07	4300	44.556549	0.0	2102452	31	4.3
1527405162.42	4300	48.209413	0.0	2209463	23	4.3
1527405162.76	4300	51.868952	0.0	2275376	24	4.3
1527405163.1	4300	55.53544	0.0	2005399	19	4.3
1527405163.43	4300	59.201281	0.0	2152483	18	4.3
1527405166.79	4300	59.998732	0.0	2289689	25	4.3
1527405170.64	4300	59.998772	0.0	2059512	23	4.3
1527405174.98	4300	59.747785	0.0	2220726	21	4.3
1527405179.34	4300	59.749157	0.0	2156729	28	4.3
1527405182.69	4300	59.999489	0.0	2039773	23	4.3
1527405187.04	4300	59.749312	0.0	2176469	23	4.3
1527405190.9	4300	59.998711	0.0	2221506	24	4.3
1527405194.74	4300	59.998444	0.0	2044075	21	4.3
1527405199.09	4300	59.748789	0.0	2186790	21	4.3
1527405202.93	4300	59.999104	0.0	2105231	21	4.3
1527405206.78	4300	59.997681	0.0	2395588	21	4.3
1527405211.13	4300	59.49807	0.0	1972048	20	4.3
1527405215.0	4300	59.997764	0.0	2134614	38	4.3
1527405218.85	4300	59.997677	0.0	2164140	24	4.3
1527405223.21	4300	59.748551	0.0	2113193	24	4.3
1527405227.05	4300	59.749235	0.0	2147852	20	4.3
1527405230.9	4300	59.998519	0.0	2191074	20	4.3
1527405234.76	4300	59.999405	0.0	2286761	24	4.3
1527405239.1	4300	59.998939	0.0	2307787	25	4.3
1527405242.95	4300	59.74792	0.0	2143948	22	4.3
1527405246.8	4300	59.999372	0.0	1919781	19	4.3
1527405251.15	4300	59.498918	0.0	2147467	24	4.3
1527405255.01	4300	59.998338	0.0	2133870	24	4.3
1527405258.87	4300	59.998499	0.0	2146120	31	4.3
1527405263.22	4300	59.497747	0.0	2108491	24	4.3
1527405267.08	4300	59.997835	0.0	2184571	24	4.3
1527405270.98	4300	59.747366	0.0	2121928	14	4.3
1527405274.84	4300	59.998332	0.0	2219102	23	4.3
1527405278.68	4300	59.997445	0.0	2124950	22	4.3
1527405283.03	4300	59.749105	0.0	2246506	16	4.3
1527405287.38	4300	59.497667	0.0	1961140	20	4.3
1527405290.73	4300	59.998988	0.0	2155012	21	4.3
1527405293.06	4300	59.678594	0.0	1433658	17	4.3

1527405293.83	750	4	0.017	668286	3	-0.07309999999999994
1527405294.22	4300	7.951619	0.0	2123065	12	0.75
1527405294.56	4300	11.569393	0.0	2177073	22	4.3
1527405294.92	4300	15.208254	0.0	2160877	47	4.3
1527405295.26	4300	18.863698	0.0	2233056	25	4.3
1527405295.6	4300	22.528971	0.0	1941625	21	4.3
1527405295.94	4300	26.192909	0.0	2157535	22	4.3
1527405296.27	4300	29.856255	0.0	2290172	19	4.3
1527405296.61	4300	33.516189	0.0	2055469	22	4.3
1527405296.95	4300	37.178221	0.0	2169201	26	4.3
1527405297.28	4300	40.845235	0.0	2173522	21	4.3
1527405297.62	4300	44.513274	0.0	2102452	21	4.3
1527405297.95	4300	48.179346	0.0	2209463	19	4.3
1527405298.3	4300	51.830591	0.0	2275376	30	4.3
1527405298.63	4300	55.497993	0.0	2005399	22	4.3
1527405298.97	4300	59.159741	0.0	2152483	21	4.3
1527405302.82	4300	59.749524	0.0	2289689	25	4.3
1527405306.67	4300	59.498008	0.0	2059512	23	4.3
1527405310.52	4300	59.74954	0.0	2220726	21	4.3
1527405314.36	4300	59.998782	0.0	2156729	15	4.3
1527405318.72	4300	59.74975	0.0	2039773	24	4.3
1527405322.57	4300	59.748535	0.0	2176469	24	4.3
1527405326.41	4300	59.748484	0.0	2221506	22	4.3
1527405330.26	4300	59.998941	0.0	2044075	20	4.3
1527405334.6	4300	59.748755	0.0	2186790	19	4.3
1527405338.45	4300	59.999266	0.0	2105231	20	4.3
1527405342.29	4300	59.998665	0.0	2395588	22	4.3
1527405346.65	4300	59.498085	0.0	1972048	22	4.3
1527405350.51	4300	59.998785	0.0	2134614	39	4.3
1527405354.37	4300	59.998158	0.0	2164140	23	4.3
1527405358.71	4300	59.74887	0.0	2113193	24	4.3
1527405362.57	4300	59.747986	0.0	2147852	23	4.3
1527405366.41	4300	59.998652	0.0	2191074	20	4.3
1527405370.77	4300	59.748951	0.0	2286761	26	4.3
1527405374.62	4300	59.74898	0.0	2307787	26	4.3
1527405378.48	4300	59.74959	0.0	2143948	23	4.3
1527405382.33	4300	59.998456	0.0	1919781	20	4.3
1527405386.21	4300	59.99867	0.0	2147467	23	4.3
1527405390.55	4300	59.998871	0.0	2133870	20	4.3
1527405394.41	4300	59.748237	0.0	2146120	30	4.3
1527405398.26	4300	59.998056	0.0	2108491	24	4.3
1527405402.61	4300	59.99782	0.0	2184571	24	4.3
1527405406.45	4300	59.998124	0.0	2121928	23	4.3
1527405410.3	4300	59.998651	0.0	2219102	22	4.3
1527405414.65	4300	59.748111	0.0	2124950	20	4.3
1527405418.49	4300	59.749315	0.0	2246506	19	4.3
1527405422.33	4300	59.997922	0.0	1961140	20	4.3
1527405426.69	4300	59.498936	0.0	2155012	26	4.3
1527405428.03	4300	59.927723	0.0	1433658	17	4.3

1527405428.78	750	4	0.02	668286	3	-0.08599999999999997
1527405429.14	4300	7.948648	0.0	2123065	22	0.75
1527405429.48	4300	11.604354	0.0	2177073	28	4.3
1527405429.82	4300	15.261931	0.0	2160877	25	4.3
1527405430.16	4300	18.925755	0.0	2233056	23	4.3
1527405430.5	4300	22.584382	0.0	1941625	22	4.3
1527405430.84	4300	26.243037	0.0	2157535	24	4.3
1527405431.18	4300	29.906161	0.0	2290172	23	4.3
1527405431.51	4300	33.574135	0.0	2055469	18	4.3
1527405431.85	4300	37.231413	0.0	2169201	24	4.3
1527405432.19	4300	40.893757	0.0	2173522	24	4.3
1527405432.53	4300	44.553148	0.0	2102452	24	4.3
1527405432.88	4300	48.21096	0.0	2209463	24	4.3
1527405433.24	4300	51.855823	0.0	2275376	35	4.3
1527405433.57	4300	55.510576	0.0	2005399	21	4.3
1527405433.91	4300	59.175948	0.0	2152483	23	4.3
1527405437.25	4300	59.998761	0.0	2289689	20	4.3
1527405441.1	4300	59.999034	0.0	2059512	22	4.3
1527405445.47	4300	59.998161	0.0	2220726	43	4.3
