1527389233.35	750	4	0.017	450283	2	-0.07309999999999994
1527389233.73	4300	7.946598	0.0	2123065	23	0.75
1527389234.07	4300	11.607666	0.0	2177073	17	4.3
1527389234.41	4300	15.263277	0.0	2160877	26	4.3
1527389234.75	4300	18.923822	0.0	2233056	24	4.3
1527389235.09	4300	22.590756	0.0	1941625	20	4.3
1527389235.43	4300	26.243433	0.0	2157535	23	4.3
1527389235.77	4300	29.904218	0.0	2290172	24	4.3
1527389236.11	4300	33.563946	0.0	2055469	19	4.3
1527389236.46	4300	37.221739	0.0	2169201	24	4.3
1527389236.79	4300	40.883543	0.0	2173522	23	4.3
1527389237.13	4300	44.549554	0.0	2102452	20	4.3
1527389237.47	4300	48.20961	0.0	2209463	18	4.3
1527389237.82	4300	51.856757	0.0	2275376	10	4.3
1527389238.16	4300	55.515312	0.0	2005399	22	4.3
1527389238.5	4300	59.177415	0.0	2152483	24	4.3
1527389242.35	4300	59.749509	0.0	2289689	22	4.3
1527389246.21	4300	59.742578	0.0	2059512	24	4.3
1527389250.06	4300	59.997985	0.0	2220726	23	4.3
1527389254.42	4300	59.499004	0.0	2156729	26	4.3
1527389257.77	4300	59.998501	0.0	2039773	22	4.3
1527389262.13	4300	59.749103	0.0	2176469	23	4.3
1527389265.98	4300	59.74842	0.0	2221506	25	4.3
1527389269.82	4300	59.99933	0.0	2044075	22	4.3
1527389274.17	4300	59.997813	0.0	2186790	20	4.3
1527389278.01	4300	59.749589	0.0	2105231	21	4.3
1527389281.86	4300	59.998728	0.0	2395588	22	4.3
1527389286.22	4300	59.498903	0.0	1972048	22	4.3
1527389290.08	4300	59.749482	0.0	2134614	37	4.3
1527389294.42	4300	59.748689	0.0	2164140	19	4.3
1527389297.78	4300	59.998992	0.0	2113193	23	4.3
1527389302.12	4300	59.749083	0.0	2147852	22	4.3
1527389305.97	4300	59.747527	0.0	2191074	23	4.3
1527389309.82	4300	59.99939	0.0	2286761	22	4.3
1527389314.18	4300	59.748099	0.0	2307787	24	4.3
1527389318.03	4300	59.74882	0.0	2143948	24	4.3
1527389322.38	4300	59.748481	0.0	1919781	20	4.3
1527389325.72	4300	59.99914	0.0	2147467	23	4.3
1527389330.08	4300	59.99837	0.0	2133870	23	4.3
1527389333.94	4300	59.997442	0.0	2146120	25	4.3
1527389338.3	4300	59.498116	0.0	2108491	24	4.3
1527389342.16	4300	59.748331	0.0	2184571	36	4.3
1527389346.01	4300	59.998976	0.0	2121928	24	4.3
1527389349.87	4300	59.998509	0.0	2219102	24	4.3
1527389353.71	4300	59.997919	0.0	2124950	18	4.3
1527389358.07	4300	59.998603	0.0	2246506	25	4.3
1527389362.42	4300	59.498949	0.0	1961140	21	4.3
1527389365.77	4300	59.998174	0.0	2155012	23	4.3
1527389368.1	4300	59.677571	0.0	1433658	15	4.3

1527389368.84	750	4	0.015	668286	4	-0.0645
1527389369.19	4300	7.950571	0.0	2123065	23	0.75
1527389369.52	4300	11.613159	0.0	2177073	22	4.3
1527389369.87	4300	15.270255	0.0	2160877	23	4.3
1527389370.2	4300	18.931887	0.0	2233056	24	4.3
1527389370.54	4300	22.60066	0.0	1941625	19	4.3
1527389370.88	4300	26.250421	0.0	2157535	38	4.3
1527389371.23	4300	29.906654	0.0	2290172	26	4.3
1527389371.57	4300	33.563175	0.0	2055469	21	4.3
1527389371.91	4300	37.225406	0.0	2169201	24	4.3
1527389372.25	4300	40.892134	0.0	2173522	20	4.3
1527389372.59	4300	44.548285	0.0	2102452	24	4.3
1527389372.93	4300	48.207189	0.0	2209463	24	4.3
1527389373.27	4300	51.869917	0.0	2275376	21	4.3
1527389373.62	4300	55.518192	0.0	2005399	15	4.3
1527389373.96	4300	59.180011	0.0	2152483	13	4.3
1527389377.8	4300	59.749501	0.0	2289689	19	4.3
1527389381.65	4300	59.74857	0.0	2059512	22	4.3
1527389385.5	4300	59.998202	0.0	2220726	25	4.3
1527389389.85	4300	59.499347	0.0	2156729	23	4.3
1527389393.69	4300	59.498136	0.0	2039773	22	4.3
1527389397.54	4300	59.99927	0.0	2176469	21	4.3
1527389401.88	4300	59.498652	0.0	2221506	20	4.3
1527389405.73	4300	59.498843	0.0	2044075	19	4.3
1527389409.57	4300	59.749609	0.0	2186790	20	4.3
1527389413.41	4300	59.748972	0.0	2105231	18	4.3
1527389417.77	4300	59.498221	0.0	2395588	26	4.3
1527389421.62	4300	59.748466	0.0	1972048	21	4.3
1527389425.48	4300	59.747763	0.0	2134614	32	4.3
1527389429.83	4300	59.749025	0.0	2164140	26	4.3
1527389433.18	4300	59.998971	0.0	2113193	23	4.3
1527389437.54	4300	59.997944	0.0	2147852	23	4.3
1527389441.39	4300	59.748914	0.0	2191074	26	4.3
1527389445.74	4300	59.499566	0.0	2286761	23	4.3
1527389449.59	4300	59.748482	0.0	2307787	25	4.3
1527389453.42	4300	59.749444	0.0	2143948	16	4.3
1527389457.26	4300	59.998572	0.0	1919781	20	4.3
1527389461.62	4300	59.748598	0.0	2147467	20	4.3
1527389465.46	4300	59.99773	0.0	2133870	19	4.3
1527389469.82	4300	59.497685	0.0	2146120	35	4.3
1527389473.17	4300	59.999386	0.0	2108491	24	4.3
1527389477.53	4300	59.749192	0.0	2184571	23	4.3
1527389481.89	4300	59.747609	0.0	2121928	24	4.3
1527389485.24	4300	59.998475	0.0	2219102	24	4.3
1527389489.59	4300	59.998746	0.0	2124950	23	4.3
1527389493.42	4300	59.748384	0.0	2246506	7	4.3
1527389497.26	4300	59.998779	0.0	1961140	19	4.3
1527389501.61	4300	59.998731	0.0	2155012	18	4.3
1527389502.95	4300	59.929417	0.0	1433658	17	4.3

