1527435038.12	750	4	0.028	2354772	8	-0.12039999999999995
1527435038.46	4300	7.957261	0.0	2123065	25	0.75
1527435038.8	4300	11.62145	0.0	2177073	19	4.3
1527435039.12	4300	15.304885	0.0	2160877	12	4.3
1527435039.46	4300	18.964959	0.0	2233056	24	4.3
1527435039.79	4300	22.634366	0.0	1941625	19	4.3
1527435040.12	4300	26.300968	0.0	2157535	22	4.3
1527435040.44	4300	29.979334	0.0	2290172	15	4.3
1527435040.77	4300	33.645595	0.0	2055469	23	4.3
1527435041.11	4300	37.310787	0.0	2169201	23	4.3
1527435041.45	4300	40.969327	0.0	2173522	21	4.3
1527435041.8	4300	44.624458	0.0	2102452	33	4.3
1527435042.13	4300	48.292421	0.0	2209463	21	4.3
1527435042.45	4300	51.970548	0.0	2275376	16	4.3
1527435042.8	4300	55.621567	0.0	2005399	19	4.3
1527435043.15	4300	59.267132	0.0	2152483	21	4.3
1527435046.51	4300	59.998153	0.0	2289689	26	4.3
1527435050.85	4300	59.998161	0.0	2059512	20	4.3
1527435054.7	4300	59.749093	0.0	2220726	23	4.3
1527435058.55	4300	59.998302	0.0	2156729	24	4.3
1527435062.91	4300	59.999188	0.0	2039773	24	4.3
1527435066.75	4300	59.748626	0.0	2176469	24	4.3
1527435070.6	4300	59.999221	0.0	2221506	22	4.3
1527435074.44	4300	59.998683	0.0	2044075	20	4.3
1527435078.79	4300	59.747849	0.0	2186790	21	4.3
1527435082.63	4300	59.998524	0.0	2105231	21	4.3
1527435086.47	4300	59.998602	0.0	2395588	24	4.3
1527435090.82	4300	59.748787	0.0	1972048	23	4.3
1527435094.68	4300	59.998933	0.0	2134614	26	4.3
1527435098.53	4300	59.99891	0.0	2164140	23	4.3
1527435102.88	4300	59.997954	0.0	2113193	21	4.3
1527435106.72	4300	59.997834	0.0	2147852	20	4.3
1527435110.58	4300	59.998841	0.0	2191074	25	4.3
1527435114.43	4300	59.998692	0.0	2286761	26	4.3
1527435118.77	4300	59.747609	0.0	2307787	19	4.3
1527435123.12	4300	59.498859	0.0	2143948	22	4.3
1527435126.46	4300	59.997684	0.0	1919781	21	4.3
1527435130.82	4300	59.998469	0.0	2147467	25	4.3
1527435134.67	4300	59.999051	0.0	2133870	25	4.3
1527435138.52	4300	59.997799	0.0	2146120	24	4.3
1527435142.89	4300	59.748758	0.0	2108491	26	4.3
1527435146.74	4300	59.749047	0.0	2184571	24	4.3
1527435151.08	4300	59.49763	0.0	2121928	21	4.3
1527435154.43	4300	59.998399	0.0	2219102	23	4.3
1527435158.78	4300	59.748639	0.0	2124950	18	4.3
1527435162.64	4300	59.999	0.0	2246506	27	4.3
1527435166.48	4300	59.998165	0.0	1961140	20	4.3
1527435170.82	4300	59.748795	0.0	2155012	22	4.3
1527435172.66	4300	59.678216	0.0	1433658	16	4.3

1527435173.42	750	4	0.028	2354772	7	-0.12039999999999995
1527435173.76	4300	7.954799	0.0	2123065	25	0.75
1527435174.1	4300	11.611954	0.0	2177073	24	4.3
1527435174.44	4300	15.273179	0.0	2160877	11	4.3
1527435174.77	4300	18.94818	0.0	2233056	15	4.3
1527435175.11	4300	22.606889	0.0	1941625	24	4.3
1527435175.45	4300	26.269888	0.0	2157535	25	4.3
1527435175.78	4300	29.935514	0.0	2290172	22	4.3
1527435176.13	4300	33.595295	0.0	2055469	23	4.3
1527435176.47	4300	37.251452	0.0	2169201	25	4.3
1527435176.8	4300	40.916871	0.0	2173522	23	4.3
1527435177.13	4300	44.582795	0.0	2102452	22	4.3
1527435177.48	4300	48.237433	0.0	2209463	27	4.3
1527435177.82	4300	51.895821	0.0	2275376	33	4.3
1527435178.14	4300	55.575087	0.0	2005399	15	4.3
1527435178.47	4300	59.246922	0.0	2152483	17	4.3
1527435181.82	4300	59.998202	0.0	2289689	26	4.3
1527435186.16	4300	59.749091	0.0	2059512	16	4.3
1527435190.0	4300	59.749488	0.0	2220726	21	4.3
1527435193.85	4300	59.998927	0.0	2156729	21	4.3
1527435198.19	4300	59.998159	0.0	2039773	18	4.3
1527435202.03	4300	59.997878	0.0	2176469	23	4.3
1527435205.88	4300	59.997926	0.0	2221506	21	4.3
1527435209.73	4300	59.997675	0.0	2044075	24	4.3
1527435214.05	4300	59.748092	0.0	2186790	7	4.3
1527435217.89	4300	59.999217	0.0	2105231	22	4.3
1527435221.74	4300	59.999096	0.0	2395588	23	4.3
1527435226.09	4300	59.99867	0.0	1972048	21	4.3
1527435229.94	4300	59.998501	0.0	2134614	30	4.3
1527435233.79	4300	59.9985	0.0	2164140	25	4.3
1527435238.14	4300	59.9974	0.0	2113193	25	4.3
1527435241.99	4300	59.998666	0.0	2147852	26	4.3
1527435245.83	4300	59.999444	0.0	2191074	22	4.3
1527435250.19	4300	59.748153	0.0	2286761	26	4.3
1527435254.03	4300	59.748655	0.0	2307787	18	4.3
1527435257.87	4300	59.997919	0.0	2143948	17	4.3
1527435262.22	4300	59.499077	0.0	1919781	22	4.3
1527435266.07	4300	59.998355	0.0	2147467	26	4.3
1527435269.92	4300	59.999434	0.0	2133870	24	4.3
1527435274.28	4300	59.748883	0.0	2146120	20	4.3
1527435278.11	4300	59.748539	0.0	2108491	19	4.3
1527435281.97	4300	59.997694	0.0	2184571	29	4.3
1527435286.32	4300	59.749143	0.0	2121928	24	4.3
1527435290.17	4300	59.74753	0.0	2219102	26	4.3
1527435294.02	4300	59.749219	0.0	2124950	21	4.3
1527435297.87	4300	59.998668	0.0	2246506	26	4.3
1527435302.22	4300	59.499193	0.0	1961140	22	4.3
1527435306.08	4300	59.748913	0.0	2155012	25	4.3
1527435307.89	4300	59.928832	0.0	1433658	5	4.3

1527435308.66	750	4	0.025	2354772	8	-0.10750000000000004
1527435309.0	4300	7.953599	0.0	2123065	26	0.75
1527435309.34	4300	11.61593	0.0	2177073	20	4.3
1527435309.66	4300	15.296763	0.0	2160877	12	4.3
1527435310.0	4300	18.956123	0.0	2233056	35	4.3
1527435310.33	4300	22.625053	0.0	1941625	21	4.3
1527435310.66	4300	26.291662	0.0	2157535	23	4.3
1527435311.0	4300	29.958424	0.0	2290172	23	4.3
1527435311.33	4300	33.628715	0.0	2055469	18	4.3
1527435311.68	4300	37.272449	0.0	2169201	20	4.3
1527435312.0	4300	40.951819	0.0	2173522	15	4.3
1527435312.34	4300	44.616262	0.0	2102452	25	4.3
1527435312.67	4300	48.283675	0.0	2209463	22	4.3
1527435313.01	4300	51.943577	0.0	2275376	22	4.3
1527435313.36	4300	55.600572	0.0	2005399	19	4.3
1527435313.69	4300	59.26443	0.0	2152483	24	4.3
1527435317.04	4300	59.997851	0.0	2289689	22	4.3
1527435321.39	4300	59.748895	0.0	2059512	22	4.3
1527435325.25	4300	59.999246	0.0	2220726	39	4.3
1527435329.09	4300	59.999397	0.0	2156729	21	4.3
1527435333.43	4300	59.999159	0.0	2039773	17	4.3
1527435337.27	4300	59.748778	0.0	2176469	23	4.3
1527435341.12	4300	59.998727	0.0	2221506	21	4.3
1527435345.46	4300	59.997842	0.0	2044075	20	4.3
1527435349.3	4300	59.998849	0.0	2186790	23	4.3
1527435353.14	4300	59.998885	0.0	2105231	21	4.3
1527435357.49	4300	59.498069	0.0	2395588	21	4.3
1527435361.35	4300	59.748737	0.0	1972048	22	4.3
1527435365.21	4300	59.999169	0.0	2134614	38	4.3
1527435369.55	4300	59.498141	0.0	2164140	19	4.3
1527435373.39	4300	59.998565	0.0	2113193	25	4.3
1527435377.24	4300	59.749326	0.0	2147852	21	4.3
1527435381.08	4300	59.997574	0.0	2191074	21	4.3
1527435385.42	4300	59.749078	0.0	2286761	19	4.3
1527435389.26	4300	59.998514	0.0	2307787	24	4.3
1527435393.1	4300	59.997698	0.0	2143948	22	4.3
1527435397.44	4300	59.749111	0.0	1919781	19	4.3
