1527464079.42	750	4	0.026	2354772	7	-0.11180000000000001
1527464079.76	4300	7.955253	0.0	2123065	25	0.75
1527464080.1	4300	11.617424	0.0	2177073	25	4.3
1527464080.44	4300	15.282015	0.0	2160877	20	4.3
1527464080.79	4300	18.932537	0.0	2233056	25	4.3
1527464081.12	4300	22.599496	0.0	1941625	21	4.3
1527464081.46	4300	26.261879	0.0	2157535	22	4.3
1527464081.79	4300	29.931987	0.0	2290172	18	4.3
1527464082.1	4300	33.617217	0.0	2055469	11	4.3
1527464082.44	4300	37.27875	0.0	2169201	24	4.3
1527464082.78	4300	40.938158	0.0	2173522	19	4.3
1527464083.12	4300	44.599235	0.0	2102452	25	4.3
1527464083.46	4300	48.262385	0.0	2209463	26	4.3
1527464083.79	4300	51.923608	0.0	2275376	25	4.3
1527464084.12	4300	55.604349	0.0	2005399	14	4.3
1527464084.48	4300	59.24233	0.0	2152483	25	4.3
1527464087.82	4300	59.998678	0.0	2289689	24	4.3
1527464092.68	4300	59.249536	0.0	2059512	27	4.3
1527464096.02	4300	59.748804	0.0	2220726	20	4.3
1527464100.39	4300	59.748612	0.0	2156729	15	4.3
1527464104.24	4300	59.497641	0.0	2039773	23	4.3
1527464108.09	4300	59.998968	0.0	2176469	27	4.3
1527464111.94	4300	59.998159	0.0	2221506	20	4.3
1527464115.79	4300	59.997919	0.0	2044075	24	4.3
1527464120.14	4300	59.74865	0.0	2186790	24	4.3
1527464123.99	4300	59.998646	0.0	2105231	25	4.3
1527464128.34	4300	59.747579	0.0	2395588	23	4.3
1527464132.19	4300	59.749449	0.0	1972048	32	4.3
1527464136.05	4300	59.998229	0.0	2134614	25	4.3
1527464140.4	4300	59.498544	0.0	2164140	23	4.3
1527464144.24	4300	59.748461	0.0	2113193	23	4.3
1527464148.09	4300	59.749532	0.0	2147852	24	4.3
1527464151.93	4300	59.998767	0.0	2191074	20	4.3
1527464156.29	4300	59.747565	0.0	2286761	28	4.3
1527464160.14	4300	59.749062	0.0	2307787	25	4.3
1527464163.99	4300	59.99871	0.0	2143948	22	4.3
1527464168.33	4300	59.498743	0.0	1919781	18	4.3
1527464172.18	4300	59.748728	0.0	2147467	20	4.3
1527464176.04	4300	59.74923	0.0	2133870	31	4.3
1527464179.88	4300	59.997524	0.0	2146120	25	4.3
1527464183.73	4300	59.997945	0.0	2108491	22	4.3
1527464188.07	4300	59.997799	0.0	2184571	19	4.3
1527464191.91	4300	59.99884	0.0	2121928	22	4.3
1527464196.26	4300	59.498424	0.0	2219102	22	4.3
1527464200.11	4300	59.749295	0.0	2124950	22	4.3
1527464203.95	4300	59.999257	0.0	2246506	22	4.3
1527464207.79	4300	59.998871	0.0	1961140	17	4.3
1527464212.14	4300	59.748296	0.0	2155012	18	4.3
1527464213.48	4300	59.928312	0.0	1433658	19	4.3

1527464214.21	750	4	0.015	450283	3	-0.0645
1527464214.57	4300	7.948641	0.0	2123065	25	0.75
1527464214.9	4300	11.615894	0.0	2177073	21	4.3
1527464215.23	4300	15.27901	0.0	2160877	16	4.3
1527464215.56	4300	18.95214	0.0	2233056	16	4.3
1527464215.9	4300	22.61465	0.0	1941625	22	4.3
1527464216.24	4300	26.274943	0.0	2157535	25	4.3
1527464216.58	4300	29.93581	0.0	2290172	24	4.3
1527464216.89	4300	33.618749	0.0	2055469	13	4.3
1527464217.23	4300	37.282988	0.0	2169201	24	4.3
1527464217.56	4300	40.949792	0.0	2173522	24	4.3
1527464217.88	4300	44.630211	0.0	2102452	14	4.3
1527464218.23	4300	48.286835	0.0	2209463	29	4.3
1527464218.55	4300	51.960636	0.0	2275376	16	4.3
1527464218.88	4300	55.629984	0.0	2005399	18	4.3
1527464219.2	4300	59.315153	0.0	2152483	12	4.3
1527464222.55	4300	59.999187	0.0	2289689	27	4.3
1527464226.89	4300	59.749072	0.0	2059512	20	4.3
1527464230.74	4300	59.999279	0.0	2220726	27	4.3
1527464234.59	4300	59.999018	0.0	2156729	24	4.3
1527464238.94	4300	59.998839	0.0	2039773	22	4.3
1527464242.79	4300	59.748179	0.0	2176469	25	4.3
1527464247.13	4300	59.49914	0.0	2221506	25	4.3
1527464250.98	4300	59.999197	0.0	2044075	25	4.3
1527464254.83	4300	59.749554	0.0	2186790	22	4.3
1527464258.68	4300	59.998935	0.0	2105231	25	4.3
1527464262.53	4300	59.998903	0.0	2395588	27	4.3
1527464266.88	4300	59.749399	0.0	1972048	21	4.3
1527464271.25	4300	59.748725	0.0	2134614	37	4.3
1527464275.1	4300	59.748723	0.0	2164140	24	4.3
1527464278.94	4300	59.748616	0.0	2113193	24	4.3
1527464282.79	4300	59.999095	0.0	2147852	22	4.3
1527464287.14	4300	59.499527	0.0	2191074	13	4.3
1527464290.98	4300	59.999171	0.0	2286761	21	4.3
1527464294.83	4300	59.749333	0.0	2307787	24	4.3
1527464298.68	4300	59.998777	0.0	2143948	24	4.3
1527464303.03	4300	59.747966	0.0	1919781	21	4.3
1527464306.87	4300	59.748589	0.0	2147467	24	4.3
1527464310.71	4300	59.99766	0.0	2133870	23	4.3
1527464314.57	4300	59.99858	0.0	2146120	35	4.3
1527464318.92	4300	59.748541	0.0	2108491	26	4.3
1527464322.78	4300	59.748618	0.0	2184571	31	4.3
1527464327.12	4300	59.498884	0.0	2121928	20	4.3
1527464330.97	4300	59.748621	0.0	2219102	24	4.3
1527464334.8	4300	59.749249	0.0	2124950	20	4.3
1527464338.65	4300	59.998882	0.0	2246506	24	4.3
1527464342.99	4300	59.997997	0.0	1961140	18	4.3
1527464346.82	4300	59.998865	0.0	2155012	13	4.3
1527464348.66	4300	59.67792	0.0	1433658	18	4.3

1527464349.45	750	4	0.029	2354772	9	-0.12470000000000003
1527464349.78	4300	7.665812	0.0	2123065	15	0.75
1527464350.12	4300	11.335353	0.0	2177073	21	4.3
1527464350.46	4300	14.986987	0.0	2160877	24	4.3
1527464350.8	4300	18.649096	0.0	2233056	25	4.3
1527464351.12	4300	22.328884	0.0	1941625	13	4.3
1527464351.46	4300	25.993215	0.0	2157535	25	4.3
1527464351.79	4300	29.655846	0.0	2290172	23	4.3
1527464352.11	4300	33.336769	0.0	2055469	13	4.3
1527464352.43	4300	37.017028	0.0	2169201	14	4.3
1527464352.76	4300	40.693065	0.0	2173522	14	4.3
1527464353.1	4300	44.35069	0.0	2102452	25	4.3
1527464353.43	4300	48.01819	0.0	2209463	23	4.3
1527464353.77	4300	51.672574	0.0	2275376	29	4.3
1527464354.12	4300	55.33134	0.0	2005399	22	4.3
1527464354.45	4300	58.994774	0.0	2152483	24	4.3
1527464357.8	4300	59.748531	0.0	2289689	22	4.3
1527464361.65	4300	59.998769	0.0	2059512	24	4.3
1527464365.51	4300	59.997824	0.0	2220726	34	4.3
1527464369.86	4300	59.997605	0.0	2156729	25	4.3
1527464373.71	4300	59.997527	0.0	2039773	23	4.3
1527464378.06	4300	59.748548	0.0	2176469	23	4.3
1527464381.91	4300	59.998081	0.0	2221506	24	4.3
