1527543846.18	750	4	0.026	2354772	7	-0.11180000000000001
1527543846.5	4300	7.977687	0.0	2123065	11	0.75
1527543846.82	4300	11.649623	0.0	2177073	19	4.3
1527543847.14	4300	15.333795	0.0	2160877	11	4.3
1527543847.48	4300	18.9938	0.0	2233056	24	4.3
1527543847.81	4300	22.662794	0.0	1941625	22	4.3
1527543848.13	4300	26.340137	0.0	2157535	14	4.3
1527543848.46	4300	30.018711	0.0	2290172	15	4.3
1527543848.78	4300	33.698048	0.0	2055469	13	4.3
1527543849.11	4300	37.362754	0.0	2169201	20	4.3
1527543849.45	4300	41.021859	0.0	2173522	33	4.3
1527543849.79	4300	44.683252	0.0	2102452	26	4.3
1527543850.13	4300	48.347081	0.0	2209463	23	4.3
1527543850.45	4300	52.023787	0.0	2275376	14	4.3
1527543850.77	4300	55.703562	0.0	2005399	13	4.3
1527543851.14	4300	59.337006	0.0	2152483	25	4.3
1527543854.96	4300	59.748616	0.0	2289689	10	4.3
1527543858.82	4300	59.749125	0.0	2059512	23	4.3
1527543862.66	4300	59.998981	0.0	2220726	25	4.3
1527543867.01	4300	59.499205	0.0	2156729	23	4.3
1527543870.86	4300	59.998693	0.0	2039773	22	4.3
1527543875.2	4300	59.498072	0.0	2176469	21	4.3
1527543879.05	4300	59.49811	0.0	2221506	21	4.3
1527543882.89	4300	59.749152	0.0	2044075	20	4.3
1527543886.75	4300	59.749417	0.0	2186790	25	4.3
1527543891.09	4300	59.749109	0.0	2105231	24	4.3
1527543894.94	4300	59.997919	0.0	2395588	28	4.3
1527543898.79	4300	59.748801	0.0	1972048	21	4.3
1527543903.15	4300	59.749298	0.0	2134614	25	4.3
1527543906.5	4300	59.99918	0.0	2164140	25	4.3
1527543910.86	4300	59.748725	0.0	2113193	25	4.3
1527543915.21	4300	59.498737	0.0	2147852	25	4.3
1527543918.56	4300	59.99947	0.0	2191074	23	4.3
1527543922.92	4300	59.749143	0.0	2286761	27	4.3
1527543926.77	4300	59.749441	0.0	2307787	29	4.3
1527543930.61	4300	59.998482	0.0	2143948	24	4.3
1527543934.96	4300	59.748879	0.0	1919781	21	4.3
1527543938.81	4300	59.998036	0.0	2147467	25	4.3
1527543943.15	4300	59.748806	0.0	2133870	21	4.3
1527543947.0	4300	59.497949	0.0	2146120	23	4.3
1527543950.85	4300	59.747745	0.0	2108491	25	4.3
1527543954.7	4300	59.999148	0.0	2184571	24	4.3
1527543958.59	4300	59.999269	0.0	2121928	23	4.3
1527543962.94	4300	59.74761	0.0	2219102	26	4.3
1527543966.8	4300	59.7481	0.0	2124950	24	4.3
1527543970.65	4300	59.998474	0.0	2246506	22	4.3
1527543974.5	4300	59.998485	0.0	1961140	23	4.3
1527543978.85	4300	59.748651	0.0	2155012	24	4.3
1527543980.68	4300	59.927956	0.0	1433658	16	4.3

1527543981.45	750	4	0.025	2354772	9	-0.10750000000000004
1527543981.78	4300	7.966025	0.0	2123065	17	0.75
1527543982.13	4300	11.617995	0.0	2177073	22	4.3
1527543982.47	4300	15.277625	0.0	2160877	14	4.3
1527543982.81	4300	18.934778	0.0	2233056	25	4.3
1527543983.15	4300	22.597767	0.0	1941625	23	4.3
1527543983.48	4300	26.263342	0.0	2157535	21	4.3
1527543983.81	4300	29.932565	0.0	2290172	19	4.3
1527543984.14	4300	33.601801	0.0	2055469	19	4.3
1527543984.48	4300	37.26951	0.0	2169201	20	4.3
1527543984.82	4300	40.924703	0.0	2173522	25	4.3
1527543985.16	4300	44.586663	0.0	2102452	24	4.3
1527543985.5	4300	48.247493	0.0	2209463	22	4.3
1527543985.85	4300	51.892497	0.0	2275376	39	4.3
1527543986.19	4300	55.551243	0.0	2005399	23	4.3
1527543986.53	4300	59.210842	0.0	2152483	25	4.3
1527543990.38	4300	59.497916	0.0	2289689	24	4.3
1527543994.23	4300	59.997834	0.0	2059512	22	4.3
1527543998.09	4300	59.74936	0.0	2220726	25	4.3
1527544001.93	4300	59.999285	0.0	2156729	19	4.3
1527544006.27	4300	59.749208	0.0	2039773	18	4.3
1527544010.12	4300	59.749058	0.0	2176469	23	4.3
1527544014.46	4300	59.498794	0.0	2221506	20	4.3
1527544017.81	4300	59.999052	0.0	2044075	23	4.3
1527544022.16	4300	59.997622	0.0	2186790	27	4.3
1527544026.01	4300	59.749261	0.0	2105231	26	4.3
1527544029.86	4300	59.999217	0.0	2395588	25	4.3
1527544034.21	4300	59.749271	0.0	1972048	19	4.3
1527544038.07	4300	59.998585	0.0	2134614	48	4.3
1527544041.92	4300	59.998746	0.0	2164140	23	4.3
1527544046.28	4300	59.498137	0.0	2113193	24	4.3
1527544050.13	4300	59.748491	0.0	2147852	23	4.3
1527544053.98	4300	59.998493	0.0	2191074	24	4.3
1527544057.82	4300	59.998831	0.0	2286761	24	4.3
1527544062.18	4300	59.997833	0.0	2307787	25	4.3
1527544066.03	4300	59.748882	0.0	2143948	25	4.3
1527544070.38	4300	59.498527	0.0	1919781	22	4.3
1527544074.23	4300	59.998432	0.0	2147467	26	4.3
1527544078.07	4300	59.998416	0.0	2133870	23	4.3
1527544081.93	4300	59.999293	0.0	2146120	21	4.3
1527544085.78	4300	59.99925	0.0	2108491	25	4.3
1527544090.12	4300	59.748692	0.0	2184571	23	4.3
1527544093.97	4300	59.999345	0.0	2121928	22	4.3
