1527530728.96	750	4	0.026	2354772	7	-0.11180000000000001
1527530729.3	4300	7.956486	0.0	2123065	26	0.75
1527530729.62	4300	11.632588	0.0	2177073	13	4.3
1527530729.97	4300	15.288366	0.0	2160877	25	4.3
1527530730.3	4300	18.955318	0.0	2233056	21	4.3
1527530730.62	4300	22.638177	0.0	1941625	14	4.3
1527530730.95	4300	26.30234	0.0	2157535	21	4.3
1527530731.29	4300	29.962198	0.0	2290172	20	4.3
1527530731.63	4300	33.621184	0.0	2055469	24	4.3
1527530731.97	4300	37.283089	0.0	2169201	24	4.3
1527530732.31	4300	40.94325	0.0	2173522	21	4.3
1527530732.66	4300	44.594273	0.0	2102452	37	4.3
1527530732.98	4300	48.270756	0.0	2209463	16	4.3
1527530733.31	4300	51.939568	0.0	2275376	20	4.3
1527530733.65	4300	55.605788	0.0	2005399	22	4.3
1527530733.98	4300	59.27032	0.0	2152483	23	4.3
1527530737.33	4300	59.998726	0.0	2289689	18	4.3
1527530741.68	4300	59.998875	0.0	2059512	24	4.3
1527530745.53	4300	59.749279	0.0	2220726	27	4.3
1527530749.38	4300	59.998827	0.0	2156729	23	4.3
1527530753.71	4300	59.748844	0.0	2039773	14	4.3
1527530757.56	4300	59.74903	0.0	2176469	24	4.3
1527530761.41	4300	59.999371	0.0	2221506	23	4.3
1527530765.75	4300	59.749137	0.0	2044075	20	4.3
1527530769.6	4300	59.74901	0.0	2186790	26	4.3
1527530773.94	4300	59.747908	0.0	2105231	20	4.3
1527530777.29	4300	59.997865	0.0	2395588	23	4.3
1527530781.63	4300	59.998848	0.0	1972048	24	4.3
1527530785.99	4300	59.747661	0.0	2134614	26	4.3
1527530789.34	4300	59.998237	0.0	2164140	26	4.3
1527530793.69	4300	59.749492	0.0	2113193	24	4.3
1527530797.54	4300	59.99792	0.0	2147852	18	4.3
1527530801.89	4300	59.747636	0.0	2191074	26	4.3
1527530805.74	4300	59.999208	0.0	2286761	27	4.3
1527530809.58	4300	59.749053	0.0	2307787	25	4.3
1527530813.93	4300	59.498501	0.0	2143948	22	4.3
1527530817.78	4300	59.747432	0.0	1919781	21	4.3
1527530821.62	4300	59.99736	0.0	2147467	23	4.3
1527530825.48	4300	59.998144	0.0	2133870	37	4.3
1527530829.32	4300	59.999174	0.0	2146120	23	4.3
1527530833.67	4300	59.747667	0.0	2108491	24	4.3
1527530837.52	4300	59.749055	0.0	2184571	24	4.3
1527530841.36	4300	59.99847	0.0	2121928	21	4.3
1527530845.71	4300	59.748909	0.0	2219102	19	4.3
1527530849.56	4300	59.997802	0.0	2124950	21	4.3
1527530853.91	4300	59.497344	0.0	2246506	26	4.3
1527530857.75	4300	59.748342	0.0	1961140	23	4.3
1527530861.6	4300	59.748621	0.0	2155012	24	4.3
1527530863.44	4300	59.678898	0.0	1433658	17	4.3

1527530864.2	750	4	0.024	2354772	8	-0.10319999999999996
1527530864.54	4300	7.959512	0.0	2123065	26	0.75
1527530864.88	4300	11.617407	0.0	2177073	24	4.3
1527530865.2	4300	15.295774	0.0	2160877	10	4.3
1527530865.54	4300	18.958124	0.0	2233056	23	4.3
1527530865.85	4300	22.646	0.0	1941625	11	4.3
1527530866.19	4300	26.309667	0.0	2157535	25	4.3
1527530866.51	4300	29.993552	0.0	2290172	13	4.3
1527530866.84	4300	33.663666	0.0	2055469	17	4.3
1527530867.18	4300	37.322756	0.0	2169201	26	4.3
1527530867.52	4300	40.982639	0.0	2173522	26	4.3
1527530867.85	4300	44.651294	0.0	2102452	20	4.3
1527530868.18	4300	48.322427	0.0	2209463	21	4.3
1527530868.51	4300	51.991378	0.0	2275376	22	4.3
1527530868.85	4300	55.647843	0.0	2005399	25	4.3
1527530869.19	4300	59.310661	0.0	2152483	24	4.3
1527530872.53	4300	59.998756	0.0	2289689	24	4.3
1527530876.88	4300	59.74881	0.0	2059512	22	4.3
1527530881.23	4300	59.748975	0.0	2220726	28	4.3
1527530884.57	4300	59.998623	0.0	2156729	18	4.3
1527530888.92	4300	59.998911	0.0	2039773	23	4.3
1527530892.77	4300	59.747767	0.0	2176469	25	4.3
1527530897.12	4300	59.499327	0.0	2221506	23	4.3
1527530900.97	4300	59.998519	0.0	2044075	24	4.3
1527530904.81	4300	59.74868	0.0	2186790	21	4.3
1527530908.66	4300	59.998371	0.0	2105231	25	4.3
1527530912.51	4300	59.997981	0.0	2395588	29	4.3
1527530916.85	4300	59.99795	0.0	1972048	23	4.3
1527530921.21	4300	59.747836	0.0	2134614	35	4.3
1527530925.05	4300	59.749416	0.0	2164140	23	4.3
1527530928.9	4300	59.7478	0.0	2113193	22	4.3
1527530932.74	4300	59.998518	0.0	2147852	22	4.3
1527530936.58	4300	59.997636	0.0	2191074	19	4.3
1527530940.92	4300	59.749304	0.0	2286761	23	4.3
1527530944.77	4300	59.749155	0.0	2307787	24	4.3
1527530948.61	4300	59.998007	0.0	2143948	21	4.3
1527530952.94	4300	59.748439	0.0	1919781	19	4.3
1527530956.79	4300	59.998837	0.0	2147467	24	4.3
1527530960.63	4300	59.999002	0.0	2133870	21	4.3
1527530964.99	4300	59.747486	0.0	2146120	35	4.3
1527530968.83	4300	59.749251	0.0	2108491	17	4.3
1527530972.68	4300	59.998805	0.0	2184571	25	4.3
1527530977.03	4300	59.498583	0.0	2121928	25	4.3
1527530980.88	4300	59.748721	0.0	2219102	24	4.3
1527530985.24	4300	59.497419	0.0	2124950	25	4.3
1527530989.09	4300	59.748168	0.0	2246506	19	4.3
1527530992.93	4300	59.997435	0.0	1961140	18	4.3
1527530996.77	4300	59.997587	0.0	2155012	18	4.3
1527530998.6	4300	59.678372	0.0	1433658	17	4.3

1527530999.4	750	4	0.027	2354772	8	-0.11609999999999998
1527530999.73	4300	7.963437	0.0	2123065	21	0.75
1527531000.05	4300	11.644084	0.0	2177073	12	4.3
1527531000.39	4300	15.30206	0.0	2160877	25	4.3
1527531000.75	4300	18.944821	0.0	2233056	46	4.3
1527531001.08	4300	22.615154	0.0	1941625	19	4.3
1527531001.41	4300	26.283544	0.0	2157535	18	4.3
1527531001.75	4300	29.948634	0.0	2290172	21	4.3
1527531002.06	4300	33.629971	0.0	2055469	13	4.3
1527531002.4	4300	37.291637	0.0	2169201	23	4.3
1527531002.74	4300	40.958893	0.0	2173522	20	4.3
1527531003.08	4300	44.616868	0.0	2102452	24	4.3
1527531003.42	4300	48.272343	0.0	2209463	24	4.3
1527531003.75	4300	51.940702	0.0	2275376	16	4.3
1527531004.09	4300	55.605923	0.0	2005399	12	4.3
1527531004.43	4300	59.26396	0.0	2152483	25	4.3
1527531008.28	4300	59.499435	0.0	2289689	24	4.3
1527531012.12	4300	59.748875	0.0	2059512	20	4.3
1527531015.97	4300	59.998116	0.0	2220726	29	4.3
1527531020.36	4300	59.748545	0.0	2156729	24	4.3
1527531024.2	4300	59.748206	0.0	2039773	23	4.3
1527531028.05	4300	59.99929	0.0	2176469	24	4.3
1527531031.91	4300	59.997629	0.0	2221506	24	4.3
1527531035.75	4300	59.997616	0.0	2044075	11	4.3
1527531040.13	4300	59.749412	0.0	2186790	27	4.3
1527531043.98	4300	59.749117	0.0	2105231	26	4.3
1527531047.82	4300	59.998933	0.0	2395588	24	4.3
