1527369874.34	750	4	0.028	2354772	7	-0.12039999999999995
1527369874.68	4300	7.965251	0.0	2123065	20	0.75
1527369875.01	4300	11.632019	0.0	2177073	17	4.3
1527369875.35	4300	15.286569	0.0	2160877	26	4.3
1527369875.69	4300	18.949539	0.0	2233056	25	4.3
1527369876.02	4300	22.620766	0.0	1941625	20	4.3
1527369876.36	4300	26.284798	0.0	2157535	21	4.3
1527369876.7	4300	29.939261	0.0	2290172	27	4.3
1527369877.04	4300	33.599893	0.0	2055469	24	4.3
1527369877.38	4300	37.260194	0.0	2169201	14	4.3
1527369877.73	4300	40.910478	0.0	2173522	23	4.3
1527369878.07	4300	44.571263	0.0	2102452	27	4.3
1527369878.41	4300	48.228412	0.0	2209463	26	4.3
1527369878.75	4300	51.889303	0.0	2275376	24	4.3
1527369879.08	4300	55.558127	0.0	2005399	19	4.3
1527369879.43	4300	59.206019	0.0	2152483	24	4.3
1527369883.28	4300	59.749003	0.0	2289689	25	4.3
1527369887.14	4300	59.997831	0.0	2059512	25	4.3
1527369890.99	4300	59.749046	0.0	2220726	25	4.3
1527369894.84	4300	59.998459	0.0	2156729	20	4.3
1527369899.19	4300	59.498231	0.0	2039773	23	4.3
1527369903.04	4300	59.999152	0.0	2176469	27	4.3
1527369906.9	4300	59.748679	0.0	2221506	24	4.3
1527369911.24	4300	59.498191	0.0	2044075	19	4.3
1527369915.09	4300	59.749541	0.0	2186790	23	4.3
1527369918.94	4300	59.998159	0.0	2105231	24	4.3
1527369923.29	4300	59.497626	0.0	2395588	27	4.3
1527369927.14	4300	59.498814	0.0	1972048	7	4.3
1527369931.0	4300	59.999202	0.0	2134614	25	4.3
1527369934.85	4300	59.997864	0.0	2164140	25	4.3
1527369938.69	4300	59.998671	0.0	2113193	22	4.3
1527369943.04	4300	59.749605	0.0	2147852	19	4.3
1527369946.88	4300	59.998827	0.0	2191074	21	4.3
1527369950.73	4300	59.999171	0.0	2286761	21	4.3
1527369955.09	4300	59.999066	0.0	2307787	26	4.3
1527369958.94	4300	59.998956	0.0	2143948	26	4.3
1527369962.79	4300	59.998614	0.0	1919781	19	4.3
1527369967.14	4300	59.748566	0.0	2147467	25	4.3
1527369971.01	4300	59.748771	0.0	2133870	43	4.3
1527369974.85	4300	59.998828	0.0	2146120	19	4.3
1527369978.7	4300	59.998615	0.0	2108491	22	4.3
1527369983.05	4300	59.747599	0.0	2184571	24	4.3
1527369986.9	4300	59.748344	0.0	2121928	23	4.3
1527369990.75	4300	59.997696	0.0	2219102	22	4.3
1527369995.09	4300	59.998805	0.0	2124950	21	4.3
1527369998.93	4300	59.748452	0.0	2246506	20	4.3
1527370002.79	4300	59.999018	0.0	1961140	20	4.3
1527370007.14	4300	59.749085	0.0	2155012	24	4.3
1527370008.49	4300	59.929333	0.0	1433658	22	4.3

1527370009.24	750	4	0.015	450283	1	-0.0645
1527370009.59	4300	7.948324	0.0	2123065	23	0.75
1527370009.92	4300	11.61659	0.0	2177073	14	4.3
1527370010.25	4300	15.285103	0.0	2160877	18	4.3
1527370010.58	4300	18.952189	0.0	2233056	21	4.3
1527370010.92	4300	22.611631	0.0	1941625	23	4.3
1527370011.26	4300	26.274744	0.0	2157535	24	4.3
1527370011.59	4300	29.941022	0.0	2290172	22	4.3
1527370011.94	4300	33.598647	0.0	2055469	24	4.3
1527370012.28	4300	37.255998	0.0	2169201	24	4.3
1527370012.62	4300	40.9199	0.0	2173522	22	4.3
1527370012.95	4300	44.586464	0.0	2102452	20	4.3
1527370013.3	4300	48.240971	0.0	2209463	21	4.3
1527370013.64	4300	51.900233	0.0	2275376	26	4.3
1527370013.97	4300	55.568482	0.0	2005399	18	4.3
1527370014.31	4300	59.230216	0.0	2152483	22	4.3
1527370018.16	4300	59.499173	0.0	2289689	26	4.3
1527370022.0	4300	59.749584	0.0	2059512	22	4.3
1527370025.85	4300	59.749448	0.0	2220726	30	4.3
1527370030.2	4300	59.498734	0.0	2156729	18	4.3
1527370034.05	4300	59.499484	0.0	2039773	23	4.3
1527370037.9	4300	59.998558	0.0	2176469	27	4.3
1527370041.75	4300	59.997765	0.0	2221506	23	4.3
1527370046.1	4300	59.749286	0.0	2044075	24	4.3
1527370049.95	4300	59.749473	0.0	2186790	24	4.3
1527370053.8	4300	59.748765	0.0	2105231	25	4.3
1527370057.65	4300	59.99886	0.0	2395588	24	4.3
1527370061.99	4300	59.748985	0.0	1972048	19	4.3
1527370065.85	4300	59.748891	0.0	2134614	24	4.3
1527370069.7	4300	59.997982	0.0	2164140	25	4.3
1527370073.55	4300	59.999208	0.0	2113193	22	4.3
1527370077.91	4300	59.99759	0.0	2147852	24	4.3
1527370081.76	4300	59.998283	0.0	2191074	26	4.3
1527370085.61	4300	59.999394	0.0	2286761	22	4.3
1527370089.95	4300	59.749049	0.0	2307787	22	4.3
1527370093.8	4300	59.749665	0.0	2143948	21	4.3
1527370098.14	4300	59.749024	0.0	1919781	18	4.3
1527370101.99	4300	59.748788	0.0	2147467	24	4.3
1527370105.83	4300	59.749041	0.0	2133870	21	4.3
1527370110.2	4300	59.748739	0.0	2146120	45	4.3
1527370114.04	4300	59.748579	0.0	2108491	22	4.3
1527370117.89	4300	59.748801	0.0	2184571	18	4.3
1527370121.75	4300	59.998927	0.0	2121928	25	4.3
1527370126.12	4300	59.749266	0.0	2219102	25	4.3
1527370129.97	4300	59.998715	0.0	2124950	25	4.3
1527370133.82	4300	59.748746	0.0	2246506	23	4.3
1527370138.17	4300	59.49753	0.0	1961140	22	4.3
1527370142.03	4300	59.997817	0.0	2155012	25	4.3
1527370143.87	4300	59.677817	0.0	1433658	17	4.3

1527370144.62	750	4	0.027	2354772	7	-0.11609999999999998
1527370144.97	4300	7.953414	0.0	2123065	26	0.75
1527370145.31	4300	11.615934	0.0	2177073	21	4.3
1527370145.64	4300	15.282118	0.0	2160877	21	4.3
1527370145.99	4300	18.932736	0.0	2233056	37	4.3
1527370146.32	4300	22.599194	0.0	1941625	22	4.3
1527370146.66	4300	26.263235	0.0	2157535	22	4.3
1527370146.99	4300	29.927408	0.0	2290172	21	4.3
1527370147.33	4300	33.586328	0.0	2055469	24	4.3
1527370147.67	4300	37.248981	0.0	2169201	24	4.3
1527370148.01	4300	40.91069	0.0	2173522	23	4.3
1527370148.35	4300	44.573578	0.0	2102452	20	4.3
1527370148.69	4300	48.231126	0.0	2209463	26	4.3
1527370149.03	4300	51.888838	0.0	2275376	24	4.3
1527370149.37	4300	55.551515	0.0	2005399	11	4.3
1527370149.71	4300	59.21174	0.0	2152483	23	4.3
1527370153.56	4300	59.747857	0.0	2289689	25	4.3
1527370157.4	4300	59.74875	0.0	2059512	20	4.3
1527370161.26	4300	59.999385	0.0	2220726	30	4.3
1527370165.11	4300	59.999457	0.0	2156729	24	4.3
1527370168.95	4300	59.998768	0.0	2039773	21	4.3
1527370173.29	4300	59.749221	0.0	2176469	21	4.3
1527370177.64	4300	59.749249	0.0	2221506	21	4.3
