1527415329.27	750	4	0.027	2354772	9	-0.11609999999999998
1527415329.64	4300	7.967476	0.0	2123065	18	0.75
1527415329.98	4300	11.630733	0.0	2177073	17	4.3
1527415330.32	4300	15.285792	0.0	2160877	26	4.3
1527415330.66	4300	18.944763	0.0	2233056	16	4.3
1527415330.98	4300	22.628567	0.0	1941625	11	4.3
1527415331.32	4300	26.291459	0.0	2157535	22	4.3
1527415331.64	4300	29.971918	0.0	2290172	13	4.3
1527415331.97	4300	33.636285	0.0	2055469	24	4.3
1527415332.31	4300	37.301163	0.0	2169201	22	4.3
1527415332.65	4300	40.952757	0.0	2173522	20	4.3
1527415333.0	4300	44.609996	0.0	2102452	14	4.3
1527415333.32	4300	48.290518	0.0	2209463	13	4.3
1527415333.66	4300	51.953689	0.0	2275376	25	4.3
1527415333.99	4300	55.620606	0.0	2005399	21	4.3
1527415334.31	4300	59.299032	0.0	2152483	14	4.3
1527415338.15	4300	59.498422	0.0	2289689	24	4.3
1527415342.0	4300	59.748035	0.0	2059512	21	4.3
1527415345.86	4300	59.998979	0.0	2220726	25	4.3
1527415349.7	4300	59.998857	0.0	2156729	16	4.3
1527415354.05	4300	59.998352	0.0	2039773	23	4.3
1527415357.9	4300	59.748686	0.0	2176469	23	4.3
1527415361.76	4300	59.998767	0.0	2221506	25	4.3
1527415366.11	4300	59.747904	0.0	2044075	23	4.3
1527415369.96	4300	59.747993	0.0	2186790	24	4.3
1527415373.8	4300	59.997747	0.0	2105231	21	4.3
1527415377.66	4300	59.997952	0.0	2395588	27	4.3
1527415382.0	4300	59.998294	0.0	1972048	21	4.3
1527415386.36	4300	59.499386	0.0	2134614	24	4.3
1527415390.21	4300	59.498492	0.0	2164140	24	4.3
1527415394.05	4300	59.748713	0.0	2113193	20	4.3
1527415397.91	4300	59.748099	0.0	2147852	24	4.3
1527415401.76	4300	59.998442	0.0	2191074	24	4.3
1527415406.1	4300	59.998559	0.0	2286761	21	4.3
1527415409.95	4300	59.747938	0.0	2307787	23	4.3
1527415414.31	4300	59.498242	0.0	2143948	23	4.3
1527415417.66	4300	59.998832	0.0	1919781	22	4.3
1527415422.01	4300	59.748906	0.0	2147467	19	4.3
1527415425.87	4300	59.747615	0.0	2133870	36	4.3
1527415430.22	4300	59.498545	0.0	2146120	23	4.3
1527415434.08	4300	59.748463	0.0	2108491	33	4.3
1527415437.93	4300	59.74814	0.0	2184571	24	4.3
1527415441.78	4300	59.999094	0.0	2121928	24	4.3
1527415445.63	4300	59.997458	0.0	2219102	21	4.3
1527415449.98	4300	59.748441	0.0	2124950	23	4.3
1527415453.83	4300	59.998957	0.0	2246506	26	4.3
1527415457.67	4300	59.997953	0.0	1961140	20	4.3
1527415462.03	4300	59.748517	0.0	2155012	22	4.3
1527415463.86	4300	59.928725	0.0	1433658	16	4.3

1527415464.63	750	4	0.015	668286	3	-0.0645
1527415464.98	4300	7.952015	0.0	2123065	20	0.75
1527415465.33	4300	11.608337	0.0	2177073	28	4.3
1527415465.65	4300	15.28234	0.0	2160877	12	4.3
1527415466.06	4300	18.941274	0.0	2233056	15	4.3
1527415466.4	4300	22.533806	0.0	1941625	22	4.3
1527415466.74	4300	26.197922	0.0	2157535	23	4.3
1527415467.07	4300	29.862783	0.0	2290172	21	4.3
1527415467.4	4300	33.531756	0.0	2055469	18	4.3
1527415467.74	4300	37.198859	0.0	2169201	19	4.3
1527415468.08	4300	40.852505	0.0	2173522	24	4.3
1527415468.42	4300	44.517073	0.0	2102452	24	4.3
1527415468.75	4300	48.181925	0.0	2209463	21	4.3
1527415469.1	4300	51.830815	0.0	2275376	29	4.3
1527415469.44	4300	55.497101	0.0	2005399	21	4.3
1527415469.77	4300	59.164147	0.0	2152483	21	4.3
1527415473.11	4300	59.99848	0.0	2289689	21	4.3
1527415476.97	4300	59.998621	0.0	2059512	24	4.3
1527415481.33	4300	59.749339	0.0	2220726	38	4.3
1527415485.18	4300	59.998893	0.0	2156729	25	4.3
1527415489.53	4300	59.499013	0.0	2039773	21	4.3
1527415493.38	4300	59.999329	0.0	2176469	25	4.3
1527415497.22	4300	59.99927	0.0	2221506	20	4.3
1527415501.06	4300	59.997989	0.0	2044075	20	4.3
1527415505.42	4300	59.998909	0.0	2186790	25	4.3
1527415509.25	4300	59.998709	0.0	2105231	11	4.3
1527415513.11	4300	59.998903	0.0	2395588	30	4.3
1527415517.46	4300	59.749544	0.0	1972048	21	4.3
1527415521.31	4300	59.99869	0.0	2134614	35	4.3
1527415525.68	4300	59.74883	0.0	2164140	25	4.3
1527415529.02	4300	59.999066	0.0	2113193	23	4.3
1527415533.35	4300	59.748913	0.0	2147852	8	4.3
1527415537.19	4300	59.749197	0.0	2191074	18	4.3
1527415541.54	4300	59.499176	0.0	2286761	25	4.3
1527415545.39	4300	59.748481	0.0	2307787	15	4.3
1527415549.24	4300	59.747768	0.0	2143948	23	4.3
1527415553.58	4300	59.749005	0.0	1919781	18	4.3
1527415557.43	4300	59.74896	0.0	2147467	22	4.3
1527415561.29	4300	59.998395	0.0	2133870	24	4.3
1527415565.65	4300	59.749072	0.0	2146120	23	4.3
1527415569.51	4300	59.748303	0.0	2108491	24	4.3
1527415573.37	4300	59.749169	0.0	2184571	33	4.3
1527415577.22	4300	59.749076	0.0	2121928	23	4.3
1527415581.58	4300	59.49894	0.0	2219102	21	4.3
1527415585.42	4300	59.748848	0.0	2124950	23	4.3
1527415589.27	4300	59.748984	0.0	2246506	20	4.3
