1527484422.96	750	4	0.027	2354772	8	-0.11609999999999998
1527484423.3	4300	7.956979	0.0	2123065	26	0.75
1527484423.64	4300	11.620228	0.0	2177073	24	4.3
1527484423.98	4300	15.286059	0.0	2160877	21	4.3
1527484424.31	4300	18.951411	0.0	2233056	21	4.3
1527484424.65	4300	22.611345	0.0	1941625	13	4.3
1527484424.99	4300	26.273357	0.0	2157535	24	4.3
1527484425.32	4300	29.939167	0.0	2290172	21	4.3
1527484425.65	4300	33.60892	0.0	2055469	19	4.3
1527484425.99	4300	37.274961	0.0	2169201	21	4.3
1527484426.34	4300	40.923988	0.0	2173522	24	4.3
1527484426.65	4300	44.607271	0.0	2102452	13	4.3
1527484427.0	4300	48.266418	0.0	2209463	27	4.3
1527484427.34	4300	51.927029	0.0	2275376	24	4.3
1527484427.68	4300	55.585636	0.0	2005399	21	4.3
1527484428.02	4300	59.245225	0.0	2152483	12	4.3
1527484431.86	4300	59.748857	0.0	2289689	23	4.3
1527484435.72	4300	59.747914	0.0	2059512	23	4.3
1527484439.57	4300	59.74981	0.0	2220726	25	4.3
1527484443.92	4300	59.498262	0.0	2156729	20	4.3
1527484447.77	4300	59.498137	0.0	2039773	21	4.3
1527484451.61	4300	59.749133	0.0	2176469	19	4.3
1527484455.96	4300	59.748126	0.0	2221506	27	4.3
1527484459.81	4300	59.497847	0.0	2044075	25	4.3
1527484463.66	4300	59.748405	0.0	2186790	27	4.3
1527484467.5	4300	59.998208	0.0	2105231	23	4.3
1527484471.35	4300	59.998685	0.0	2395588	23	4.3
1527484475.7	4300	59.747667	0.0	1972048	24	4.3
1527484479.55	4300	59.998793	0.0	2134614	25	4.3
1527484483.91	4300	59.498074	0.0	2164140	24	4.3
1527484487.75	4300	59.749063	0.0	2113193	22	4.3
1527484491.6	4300	59.998917	0.0	2147852	19	4.3
1527484495.95	4300	59.748963	0.0	2191074	24	4.3
1527484499.3	4300	59.997854	0.0	2286761	25	4.3
1527484503.65	4300	59.998789	0.0	2307787	22	4.3
1527484508.0	4300	59.749407	0.0	2143948	24	4.3
1527484511.84	4300	59.497655	0.0	1919781	23	4.3
1527484515.69	4300	59.99754	0.0	2147467	22	4.3
1527484519.55	4300	59.999384	0.0	2133870	43	4.3
1527484523.9	4300	59.748057	0.0	2146120	21	4.3
1527484527.75	4300	59.74933	0.0	2108491	28	4.3
1527484531.61	4300	59.749136	0.0	2184571	27	4.3
1527484535.96	4300	59.748571	0.0	2121928	23	4.3
1527484539.3	4300	59.997873	0.0	2219102	23	4.3
1527484543.66	4300	59.998947	0.0	2124950	26	4.3
1527484547.48	4300	59.998806	0.0	2246506	12	4.3
1527484551.33	4300	59.998418	0.0	1961140	18	4.3
1527484555.69	4300	59.748627	0.0	2155012	26	4.3
1527484557.53	4300	59.679318	0.0	1433658	19	4.3

1527484558.29	750	4	0.023	2354772	8	-0.09889999999999999
1527484558.63	4300	7.957057	0.0	2123065	25	0.75
1527484558.99	4300	11.601975	0.0	2177073	44	4.3
1527484559.33	4300	15.261331	0.0	2160877	26	4.3
1527484559.65	4300	18.941064	0.0	2233056	14	4.3
1527484559.99	4300	22.604047	0.0	1941625	23	4.3
1527484560.32	4300	26.2702	0.0	2157535	23	4.3
1527484560.66	4300	29.935783	0.0	2290172	24	4.3
1527484560.98	4300	33.606249	0.0	2055469	19	4.3
1527484561.32	4300	37.27168	0.0	2169201	22	4.3
1527484561.65	4300	40.942456	0.0	2173522	14	4.3
1527484561.99	4300	44.598325	0.0	2102452	24	4.3
1527484562.33	4300	48.261851	0.0	2209463	25	4.3
1527484562.67	4300	51.919729	0.0	2275376	28	4.3
1527484563.01	4300	55.582843	0.0	2005399	23	4.3
1527484563.35	4300	59.243113	0.0	2152483	26	4.3
1527484566.7	4300	59.997855	0.0	2289689	25	4.3
1527484571.05	4300	59.999487	0.0	2059512	23	4.3
1527484574.9	4300	59.747862	0.0	2220726	25	4.3
1527484578.74	4300	59.998111	0.0	2156729	23	4.3
1527484583.09	4300	59.748956	0.0	2039773	21	4.3
1527484586.93	4300	59.999036	0.0	2176469	25	4.3
1527484590.78	4300	59.998929	0.0	2221506	21	4.3
1527484595.12	4300	59.499151	0.0	2044075	20	4.3
1527484598.96	4300	59.998449	0.0	2186790	26	4.3
1527484602.8	4300	59.998311	0.0	2105231	20	4.3
1527484606.65	4300	59.999452	0.0	2395588	23	4.3
1527484611.01	4300	59.749384	0.0	1972048	23	4.3
1527484614.87	4300	59.749314	0.0	2134614	39	4.3
1527484618.71	4300	59.998624	0.0	2164140	21	4.3
1527484623.06	4300	59.749052	0.0	2113193	25	4.3
1527484626.92	4300	59.748773	0.0	2147852	25	4.3
1527484630.76	4300	59.999113	0.0	2191074	26	4.3
1527484634.6	4300	59.999139	0.0	2286761	25	4.3
1527484638.95	4300	59.749089	0.0	2307787	23	4.3
1527484642.79	4300	59.999427	0.0	2143948	24	4.3
1527484646.63	4300	59.998748	0.0	1919781	21	4.3
1527484650.98	4300	59.749034	0.0	2147467	21	4.3
1527484655.33	4300	59.498738	0.0	2133870	23	4.3
1527484658.67	4300	59.999148	0.0	2146120	26	4.3
1527484663.01	4300	59.998031	0.0	2108491	18	4.3
1527484666.86	4300	59.998183	0.0	2184571	23	4.3
1527484671.2	4300	59.748818	0.0	2121928	19	4.3
