1527509937.6	750	4	0.012	450283	2	-0.05159999999999998
1527509938.0	4300	7.948212	0.0	2123065	24	0.75
1527509938.39	4300	11.558355	0.0	2177073	28	4.3
1527509938.81	4300	15.170677	0.0	2160877	24	4.3
1527509939.2	4300	18.748086	0.0	2233056	16	4.3
1527509939.59	4300	22.362885	0.0	1941625	21	4.3
1527509939.98	4300	25.974659	0.0	2157535	24	4.3
1527509940.38	4300	29.571552	0.0	2290172	25	4.3
1527509940.76	4300	33.189283	0.0	2055469	22	4.3
1527509941.15	4300	36.803465	0.0	2169201	22	4.3
1527509941.54	4300	40.412085	0.0	2173522	24	4.3
1527509941.92	4300	44.033781	0.0	2102452	11	4.3
1527509942.32	4300	47.632169	0.0	2209463	37	4.3
1527509942.71	4300	51.241195	0.0	2275376	27	4.3
1527509943.1	4300	54.854568	0.0	2005399	23	4.3
1527509943.49	4300	58.45598	0.0	2152483	22	4.3
1527509946.37	4300	59.748661	0.0	2289689	13	4.3
1527509950.26	4300	59.998841	0.0	2059512	21	4.3
1527509954.16	4300	59.999188	0.0	2220726	31	4.3
1527509958.05	4300	59.999129	0.0	2156729	17	4.3
1527509962.45	4300	59.748425	0.0	2039773	22	4.3
1527509966.33	4300	59.749234	0.0	2176469	17	4.3
1527509970.23	4300	59.747824	0.0	2221506	22	4.3
1527509974.12	4300	59.999093	0.0	2044075	24	4.3
1527509978.52	4300	59.498512	0.0	2186790	25	4.3
1527509982.42	4300	59.998809	0.0	2105231	25	4.3
1527509986.33	4300	59.998483	0.0	2395588	28	4.3
1527509990.23	4300	59.998315	0.0	1972048	23	4.3
1527509994.14	4300	59.998882	0.0	2134614	23	4.3
1527509998.04	4300	59.998864	0.0	2164140	24	4.3
1527510002.44	4300	59.748793	0.0	2113193	22	4.3
1527510006.34	4300	59.7488	0.0	2147852	24	4.3
1527510010.24	4300	59.998122	0.0	2191074	26	4.3
1527510014.14	4300	59.999379	0.0	2286761	24	4.3
1527510018.04	4300	59.997356	0.0	2307787	26	4.3
1527510022.44	4300	59.748954	0.0	2143948	24	4.3
1527510026.34	4300	59.748355	0.0	1919781	22	4.3
1527510030.23	4300	59.74871	0.0	2147467	19	4.3
1527510034.13	4300	59.999064	0.0	2133870	19	4.3
1527510038.04	4300	59.998344	0.0	2146120	21	4.3
1527510042.44	4300	59.749016	0.0	2108491	19	4.3
1527510046.35	4300	59.998651	0.0	2184571	26	4.3
1527510050.26	4300	59.997785	0.0	2121928	23	4.3
1527510054.14	4300	59.998211	0.0	2219102	17	4.3
1527510058.03	4300	59.997653	0.0	2124950	22	4.3
1527510062.42	4300	59.747835	0.0	2246506	20	4.3
1527510066.31	4300	59.997441	0.0	1961140	22	4.3
1527510070.18	4300	59.997814	0.0	2155012	21	4.3
1527510072.04	4300	59.656876	0.0	1433658	16	4.3

1527510072.82	750	4	0.017	668286	2	-0.07309999999999994
1527510073.22	4300	7.94855	0.0	2123065	24	0.75
1527510073.6	4300	11.55961	0.0	2177073	27	4.3
1527510073.99	4300	15.170766	0.0	2160877	24	4.3
1527510074.38	4300	18.782606	0.0	2233056	25	4.3
1527510074.77	4300	22.390615	0.0	1941625	21	4.3
1527510075.16	4300	25.997109	0.0	2157535	32	4.3
1527510075.55	4300	29.610862	0.0	2290172	25	4.3
1527510075.94	4300	33.224693	0.0	2055469	24	4.3
1527510076.33	4300	36.832315	0.0	2169201	25	4.3
1527510076.72	4300	40.442116	0.0	2173522	25	4.3
1527510077.11	4300	44.054664	0.0	2102452	17	4.3
1527510077.5	4300	47.662886	0.0	2209463	27	4.3
1527510077.89	4300	51.27198	0.0	2275376	25	4.3
1527510078.28	4300	54.883784	0.0	2005399	23	4.3
1527510078.67	4300	58.492418	0.0	2152483	27	4.3
1527510081.56	4300	59.749699	0.0	2289689	26	4.3
1527510085.46	4300	59.749562	0.0	2059512	22	4.3
1527510089.85	4300	59.748866	0.0	2220726	24	4.3
1527510093.75	4300	59.748741	0.0	2156729	24	4.3
1527510097.64	4300	59.998931	0.0	2039773	20	4.3
1527510101.54	4300	59.748826	0.0	2176469	17	4.3
1527510105.43	4300	59.998332	0.0	2221506	25	4.3
1527510109.83	4300	59.498355	0.0	2044075	24	4.3
1527510113.72	4300	59.49871	0.0	2186790	22	4.3
1527510117.61	4300	59.749374	0.0	2105231	24	4.3
1527510121.51	4300	59.997975	0.0	2395588	27	4.3
1527510125.42	4300	59.749604	0.0	1972048	18	4.3
1527510129.81	4300	59.497815	0.0	2134614	25	4.3
1527510133.72	4300	59.749069	0.0	2164140	24	4.3
1527510137.63	4300	59.749598	0.0	2113193	23	4.3
1527510141.52	4300	59.748515	0.0	2147852	22	4.3
1527510145.42	4300	59.74913	0.0	2191074	23	4.3
1527510149.31	4300	59.998458	0.0	2286761	15	4.3
1527510153.22	4300	59.99811	0.0	2307787	26	4.3
1527510157.63	4300	59.747975	0.0	2143948	24	4.3
1527510161.52	4300	59.748904	0.0	1919781	20	4.3
1527510165.41	4300	59.999067	0.0	2147467	20	4.3
1527510169.32	4300	59.998712	0.0	2133870	19	4.3
1527510173.72	4300	59.498961	0.0	2146120	23	4.3
1527510177.62	4300	59.748876	0.0	2108491	23	4.3
1527510181.53	4300	59.749399	0.0	2184571	33	4.3
1527510185.42	4300	59.748808	0.0	2121928	19	4.3
1527510189.32	4300	59.998389	0.0	2219102	23	4.3
1527510193.72	4300	59.498188	0.0	2124950	24	4.3
1527510197.6	4300	59.998406	0.0	2246506	22	4.3
1527510201.48	4300	59.747464	0.0	1961140	20	4.3
1527510205.85	4300	59.497969	0.0	2155012	15	4.3
1527510207.2	4300	59.662224	0.0	1433658	16	4.3

1527510207.98	750	4	0.015	668286	2	-0.0645
1527510208.38	4300	7.943776	0.0	2123065	15	0.75
1527510208.77	4300	11.558104	0.0	2177073	14	4.3
1527510209.16	4300	15.17059	0.0	2160877	20	4.3
1527510209.54	4300	18.788106	0.0	2233056	23	4.3
1527510209.93	4300	22.39691	0.0	1941625	21	4.3
1527510210.32	4300	26.003431	0.0	2157535	30	4.3
1527510210.71	4300	29.619379	0.0	2290172	23	4.3
1527510211.1	4300	33.23335	0.0	2055469	24	4.3
1527510211.5	4300	36.832179	0.0	2169201	20	4.3
1527510211.88	4300	40.44467	0.0	2173522	22	4.3
1527510212.27	4300	44.056596	0.0	2102452	23	4.3
1527510212.68	4300	47.653598	0.0	2209463	21	4.3
1527510213.07	4300	51.252234	0.0	2275376	24	4.3
1527510213.47	4300	54.858259	0.0	2005399	23	4.3
1527510213.86	4300	58.467048	0.0	2152483	13	4.3
1527510216.76	4300	59.74983	0.0	2289689	26	4.3
1527510220.66	4300	59.74991	0.0	2059512	23	4.3
1527510224.55	4300	59.999346	0.0	2220726	19	4.3
1527510228.44	4300	59.998911	0.0	2156729	23	4.3
1527510232.83	4300	59.749285	0.0	2039773	23	4.3
1527510237.23	4300	59.249594	0.0	2176469	17	4.3
1527510240.62	4300	59.749819	0.0	2221506	24	4.3
1527510245.02	4300	59.748851	0.0	2044075	20	4.3
1527510248.91	4300	59.749106	0.0	2186790	17	4.3
1527510252.8	4300	59.748976	0.0	2105231	22	4.3
1527510256.7	4300	59.749157	0.0	2395588	26	4.3
1527510260.59	4300	59.998489	0.0	1972048	22	4.3
1527510264.49	4300	59.998936	0.0	2134614	24	4.3
1527510268.9	4300	59.498389	0.0	2164140	26	4.3
1527510272.8	4300	59.74922	0.0	2113193	24	4.3
1527510276.69	4300	59.748607	0.0	2147852	19	4.3
