1527529748.84	750	4	0.223	2354772	26	-0.9589
1527529749.37	4300	7.809201	0.0	2123065	24	0.75
1527529749.85	4300	11.322694	0.0	2177073	25	4.3
1527529750.19	4300	14.986449	0.0	2160877	22	4.3
1527529750.68	4300	18.493094	0.0	2233056	25	4.3
1527529751.02	4300	22.151269	0.0	1941625	22	4.3
1527529751.36	4300	25.814649	0.0	2157535	22	4.3
1527529751.69	4300	29.481075	0.0	2290172	18	4.3
1527529752.04	4300	33.137197	0.0	2055469	23	4.3
1527529752.52	4300	36.650047	0.0	2169201	24	4.3
1527529753.01	4300	40.166732	0.0	2173522	23	4.3
1527529753.49	4300	43.683098	0.0	2102452	21	4.3
1527529753.97	4300	47.20407	0.0	2209463	20	4.3
1527529754.46	4300	50.710478	0.0	2275376	25	4.3
1527529754.95	4300	54.224828	0.0	2005399	23	4.3
1527529755.43	4300	57.741394	0.0	2152483	26	4.3
1527529757.42	4300	59.999387	0.0	2289689	26	4.3
1527529761.92	4300	59.497855	0.0	2059512	22	4.3
1527529765.93	4300	59.248886	0.0	2220726	23	4.3
1527529769.92	4300	59.748962	0.0	2156729	22	4.3
1527529773.42	4300	59.998982	0.0	2039773	22	4.3
1527529777.42	4300	59.998957	0.0	2176469	24	4.3
1527529781.92	4300	59.498305	0.0	2221506	24	4.3
1527529785.91	4300	59.499104	0.0	2044075	23	4.3
1527529789.41	4300	59.998023	0.0	2186790	24	4.3
1527529793.91	4300	59.497746	0.0	2105231	23	4.3
1527529797.91	4300	59.498475	0.0	2395588	27	4.3
1527529801.4	4300	59.997942	0.0	1972048	22	4.3
1527529805.39	4300	59.998497	0.0	2134614	23	4.3
1527529809.39	4300	59.999125	0.0	2164140	24	4.3
1527529813.89	4300	59.499199	0.0	2113193	24	4.3
1527529817.74	4300	59.748601	0.0	2147852	25	4.3
1527529821.59	4300	59.748985	0.0	2191074	22	4.3
1527529825.44	4300	59.748628	0.0	2286761	16	4.3
1527529829.29	4300	59.99866	0.0	2307787	24	4.3
1527529833.64	4300	59.747997	0.0	2143948	22	4.3
1527529837.48	4300	59.997597	0.0	1919781	20	4.3
1527529841.83	4300	59.748715	0.0	2147467	23	4.3
1527529845.69	4300	59.498381	0.0	2133870	32	4.3
1527529849.54	4300	59.998066	0.0	2146120	23	4.3
1527529853.89	4300	59.747999	0.0	2108491	25	4.3
1527529857.23	4300	59.999312	0.0	2184571	24	4.3
1527529861.59	4300	59.747947	0.0	2121928	23	4.3
1527529865.45	4300	59.997605	0.0	2219102	24	4.3
1527529869.79	4300	59.747647	0.0	2124950	22	4.3
1527529873.65	4300	59.747836	0.0	2246506	21	4.3
1527529877.49	4300	59.74892	0.0	1961140	16	4.3
1527529881.84	4300	59.497832	0.0	2155012	24	4.3
1527529883.2	4300	59.679129	0.0	1433658	19	4.3

1527529883.96	750	4	0.016	668286	2	-0.06879999999999997
1527529884.3	4300	7.954827	0.0	2123065	16	0.75
1527529884.65	4300	11.613425	0.0	2177073	28	4.3
1527529884.96	4300	15.294075	0.0	2160877	12	4.3
1527529885.3	4300	18.955117	0.0	2233056	25	4.3
1527529885.64	4300	22.621969	0.0	1941625	20	4.3
1527529885.98	4300	26.28085	0.0	2157535	21	4.3
1527529886.32	4300	29.939193	0.0	2290172	24	4.3
1527529886.66	4300	33.603663	0.0	2055469	21	4.3
1527529886.99	4300	37.268686	0.0	2169201	23	4.3
1527529887.32	4300	40.937145	0.0	2173522	17	4.3
1527529887.66	4300	44.604584	0.0	2102452	20	4.3
1527529888.0	4300	48.26345	0.0	2209463	23	4.3
1527529888.33	4300	51.934602	0.0	2275376	14	4.3
1527529888.66	4300	55.595578	0.0	2005399	22	4.3
1527529889.0	4300	59.259413	0.0	2152483	21	4.3
1527529892.84	4300	59.499398	0.0	2289689	21	4.3
1527529896.68	4300	59.748144	0.0	2059512	17	4.3
1527529900.54	4300	59.749568	0.0	2220726	25	4.3
1527529904.89	4300	59.749085	0.0	2156729	24	4.3
1527529908.73	4300	59.749929	0.0	2039773	24	4.3
1527529912.58	4300	59.749442	0.0	2176469	22	4.3
1527529916.44	4300	59.998675	0.0	2221506	25	4.3
1527529920.79	4300	59.499352	0.0	2044075	23	4.3
1527529924.63	4300	59.99879	0.0	2186790	24	4.3
1527529928.48	4300	59.99809	0.0	2105231	21	4.3
1527529932.31	4300	59.998954	0.0	2395588	13	4.3
1527529936.66	4300	59.748394	0.0	1972048	22	4.3
1527529940.52	4300	59.998211	0.0	2134614	34	4.3
1527529944.38	4300	59.998237	0.0	2164140	24	4.3
1527529948.72	4300	59.997929	0.0	2113193	22	4.3
1527529952.57	4300	59.748139	0.0	2147852	23	4.3
1527529956.43	4300	59.998894	0.0	2191074	24	4.3
1527529960.28	4300	59.998745	0.0	2286761	25	4.3
1527529964.62	4300	59.748753	0.0	2307787	23	4.3
1527529968.47	4300	59.998954	0.0	2143948	23	4.3
1527529972.31	4300	59.997814	0.0	1919781	19	4.3
1527529976.66	4300	59.998719	0.0	2147467	21	4.3
1527529980.5	4300	59.998446	0.0	2133870	21	4.3
1527529984.86	4300	59.749002	0.0	2146120	31	4.3
1527529988.72	4300	59.998737	0.0	2108491	23	4.3
1527529992.56	4300	59.749322	0.0	2184571	20	4.3
1527529996.41	4300	59.998737	0.0	2121928	19	4.3
1527530000.26	4300	59.999278	0.0	2219102	23	4.3
1527530004.62	4300	59.998648	0.0	2124950	24	4.3
1527530008.46	4300	59.998424	0.0	2246506	22	4.3
1527530012.3	4300	59.998436	0.0	1961140	19	4.3
1527530016.65	4300	59.999003	0.0	2155012	21	4.3
1527530018.49	4300	59.678699	0.0	1433658	16	4.3

1527530019.23	750	4	0.017	668286	3	-0.07309999999999994
1527530019.58	4300	7.954616	0.0	2123065	13	0.75
1527530019.92	4300	11.612867	0.0	2177073	28	4.3
1527530020.41	4300	15.122731	0.0	2160877	38	4.3
1527530020.73	4300	18.805396	0.0	2233056	12	4.3
1527530021.21	4300	22.325162	0.0	1941625	22	4.3
1527530021.69	4300	25.843009	0.0	2157535	24	4.3
1527530022.18	4300	29.351593	0.0	2290172	27	4.3
1527530022.67	4300	32.863706	0.0	2055469	23	4.3
1527530023.01	4300	36.525626	0.0	2169201	24	4.3
1527530023.34	4300	40.190399	0.0	2173522	23	4.3
1527530023.67	4300	43.857925	0.0	2102452	18	4.3
1527530024.01	4300	47.521699	0.0	2209463	19	4.3
1527530024.36	4300	51.173607	0.0	2275376	37	4.3
1527530024.67	4300	54.86018	0.0	2005399	10	4.3
1527530025.0	4300	58.531818	0.0	2152483	16	4.3
1527530027.86	4300	59.747839	0.0	2289689	26	4.3
1527530032.21	4300	59.749532	0.0	2059512	23	4.3
1527530036.06	4300	59.748676	0.0	2220726	40	4.3
1527530039.92	4300	59.998086	0.0	2156729	24	4.3
1527530043.77	4300	59.999369	0.0	2039773	23	4.3
1527530048.11	4300	59.748288	0.0	2176469	23	4.3
1527530051.96	4300	59.998841	0.0	2221506	23	4.3
1527530055.81	4300	59.749362	0.0	2044075	19	4.3
1527530059.65	4300	59.999387	0.0	2186790	19	4.3
1527530064.0	4300	59.748881	0.0	2105231	24	4.3
1527530067.86	4300	59.998335	0.0	2395588	26	4.3
1527530072.21	4300	59.747708	0.0	1972048	20	4.3
1527530075.56	4300	59.999448	0.0	2134614	28	4.3
1527530079.91	4300	59.998111	0.0	2164140	24	4.3
1527530083.76	4300	59.998232	0.0	2113193	24	4.3
