1527501685.59	750	4	0.026	2354772	8	-0.11180000000000001
1527501685.93	4300	7.967704	0.0	2123065	18	0.75
1527501686.26	4300	11.632652	0.0	2177073	16	4.3
1527501686.6	4300	15.290696	0.0	2160877	26	4.3
1527501686.94	4300	18.954944	0.0	2233056	25	4.3
1527501687.27	4300	22.625233	0.0	1941625	20	4.3
1527501687.59	4300	26.302503	0.0	2157535	14	4.3
1527501687.93	4300	29.961762	0.0	2290172	28	4.3
1527501688.25	4300	33.642172	0.0	2055469	14	4.3
1527501688.58	4300	37.314846	0.0	2169201	18	4.3
1527501688.92	4300	40.972248	0.0	2173522	26	4.3
1527501689.26	4300	44.636101	0.0	2102452	9	4.3
1527501689.57	4300	48.319137	0.0	2209463	14	4.3
1527501689.89	4300	51.99809	0.0	2275376	15	4.3
1527501690.24	4300	55.679207	0.0	2005399	13	4.3
1527501690.58	4300	59.314448	0.0	2152483	13	4.3
1527501693.93	4300	59.999243	0.0	2289689	27	4.3
1527501698.27	4300	59.998719	0.0	2059512	21	4.3
1527501702.12	4300	59.998998	0.0	2220726	25	4.3
1527501705.96	4300	59.999363	0.0	2156729	21	4.3
1527501710.3	4300	59.748511	0.0	2039773	20	4.3
1527501714.16	4300	59.748526	0.0	2176469	19	4.3
1527501717.99	4300	59.99852	0.0	2221506	20	4.3
1527501722.33	4300	59.99849	0.0	2044075	19	4.3
1527501726.18	4300	59.749014	0.0	2186790	25	4.3
1527501730.52	4300	59.747656	0.0	2105231	23	4.3
1527501734.37	4300	59.749618	0.0	2395588	26	4.3
1527501738.22	4300	59.747749	0.0	1972048	32	4.3
1527501742.06	4300	59.998681	0.0	2134614	18	4.3
1527501745.91	4300	59.998682	0.0	2164140	26	4.3
1527501750.26	4300	59.998424	0.0	2113193	23	4.3
1527501754.11	4300	59.999431	0.0	2147852	27	4.3
1527501757.95	4300	59.99917	0.0	2191074	26	4.3
1527501762.3	4300	59.998872	0.0	2286761	22	4.3
1527501766.15	4300	59.999174	0.0	2307787	24	4.3
1527501769.98	4300	59.998374	0.0	2143948	20	4.3
1527501774.33	4300	59.998009	0.0	1919781	19	4.3
1527501778.17	4300	59.748538	0.0	2147467	22	4.3
1527501782.02	4300	59.999375	0.0	2133870	33	4.3
1527501786.38	4300	59.747369	0.0	2146120	25	4.3
1527501790.22	4300	59.747909	0.0	2108491	22	4.3
1527501794.57	4300	59.497609	0.0	2184571	26	4.3
1527501797.92	4300	59.998984	0.0	2121928	23	4.3
1527501802.26	4300	59.748103	0.0	2219102	20	4.3
1527501806.61	4300	59.49737	0.0	2124950	20	4.3
1527501809.95	4300	59.998941	0.0	2246506	22	4.3
1527501814.29	4300	59.748154	0.0	1961140	17	4.3
1527501818.64	4300	59.748656	0.0	2155012	22	4.3
1527501819.97	4300	59.927726	0.0	1433658	16	4.3

1527501820.74	750	4	0.027	2354772	9	-0.11609999999999998
1527501821.09	4300	7.643487	0.0	2123065	29	0.75
1527501821.43	4300	11.304055	0.0	2177073	25	4.3
1527501821.75	4300	14.98322	0.0	2160877	13	4.3
1527501822.1	4300	18.643342	0.0	2233056	25	4.3
1527501822.43	4300	22.312321	0.0	1941625	19	4.3
1527501822.77	4300	25.974115	0.0	2157535	20	4.3
1527501823.11	4300	29.629303	0.0	2290172	25	4.3
1527501823.44	4300	33.296147	0.0	2055469	24	4.3
1527501823.77	4300	36.962396	0.0	2169201	22	4.3
1527501824.11	4300	40.628426	0.0	2173522	22	4.3
1527501824.44	4300	44.296506	0.0	2102452	20	4.3
1527501824.79	4300	47.949868	0.0	2209463	28	4.3
1527501825.13	4300	51.611436	0.0	2275376	24	4.3
1527501825.46	4300	55.278273	0.0	2005399	19	4.3
1527501825.8	4300	58.932586	0.0	2152483	26	4.3
1527501829.15	4300	59.749489	0.0	2289689	23	4.3
1527501833.01	4300	59.747908	0.0	2059512	23	4.3
1527501836.85	4300	59.998673	0.0	2220726	24	4.3
1527501841.2	4300	59.748103	0.0	2156729	20	4.3
1527501845.04	4300	59.749634	0.0	2039773	21	4.3
1527501849.39	4300	59.748729	0.0	2176469	21	4.3
1527501853.23	4300	59.748717	0.0	2221506	21	4.3
1527501857.08	4300	59.997911	0.0	2044075	19	4.3
1527501860.92	4300	59.999124	0.0	2186790	21	4.3
1527501865.26	4300	59.49862	0.0	2105231	18	4.3
1527501869.11	4300	59.748606	0.0	2395588	25	4.3
1527501872.96	4300	59.999078	0.0	1972048	25	4.3
1527501876.81	4300	59.999421	0.0	2134614	25	4.3
1527501881.16	4300	59.74867	0.0	2164140	23	4.3
1527501885.0	4300	59.998203	0.0	2113193	25	4.3
1527501889.35	4300	59.747829	0.0	2147852	20	4.3
1527501893.19	4300	59.748036	0.0	2191074	24	4.3
1527501897.04	4300	59.997715	0.0	2286761	21	4.3
1527501900.88	4300	59.997744	0.0	2307787	21	4.3
1527501905.24	4300	59.498874	0.0	2143948	25	4.3
1527501909.09	4300	59.997495	0.0	1919781	21	4.3
1527501912.93	4300	59.998616	0.0	2147467	24	4.3
1527501917.28	4300	59.74769	0.0	2133870	23	4.3
1527501921.14	4300	59.747701	0.0	2146120	36	4.3
1527501924.99	4300	59.749265	0.0	2108491	24	4.3
1527501928.84	4300	59.997576	0.0	2184571	22	4.3
1527501933.19	4300	59.998465	0.0	2121928	15	4.3
1527501937.06	4300	59.998913	0.0	2219102	27	4.3
1527501940.91	4300	59.999208	0.0	2124950	24	4.3
1527501945.23	4300	59.748277	0.0	2246506	7	4.3
1527501949.08	4300	59.74889	0.0	1961140	23	4.3
1527501952.92	4300	59.999206	0.0	2155012	15	4.3
1527501954.75	4300	59.678993	0.0	1433658	16	4.3

1527501955.5	750	4	0.025	2354772	8	-0.10750000000000004
1527501955.86	4300	7.943794	0.0	2123065	37	0.75
1527501956.19	4300	11.605104	0.0	2177073	26	4.3
1527501956.53	4300	15.272148	0.0	2160877	22	4.3
1527501956.86	4300	18.933049	0.0	2233056	18	4.3
1527501957.2	4300	22.596774	0.0	1941625	20	4.3
1527501957.54	4300	26.257986	0.0	2157535	25	4.3
1527501957.88	4300	29.922085	0.0	2290172	23	4.3
1527501958.2	4300	33.600505	0.0	2055469	14	4.3
1527501958.54	4300	37.262335	0.0	2169201	23	4.3
1527501958.87	4300	40.930254	0.0	2173522	21	4.3
1527501959.19	4300	44.610501	0.0	2102452	15	4.3
1527501959.52	4300	48.27388	0.0	2209463	26	4.3
1527501959.87	4300	51.926216	0.0	2275376	38	4.3
1527501960.21	4300	55.58718	0.0	2005399	23	4.3
1527501960.55	4300	59.25405	0.0	2152483	22	4.3
1527501964.39	4300	59.498072	0.0	2289689	20	4.3
1527501968.23	4300	59.748541	0.0	2059512	19	4.3
1527501972.09	4300	59.747732	0.0	2220726	24	4.3
1527501976.43	4300	59.499195	0.0	2156729	25	4.3
1527501980.28	4300	59.747694	0.0	2039773	24	4.3
1527501984.12	4300	59.748694	0.0	2176469	25	4.3
1527501988.47	4300	59.747988	0.0	2221506	24	4.3
1527501991.81	4300	59.99826	0.0	2044075	23	4.3
1527501996.15	4300	59.749362	0.0	2186790	18	4.3
1527502000.5	4300	59.499197	0.0	2105231	22	4.3
1527502003.84	4300	59.998755	0.0	2395588	27	4.3
1527502008.19	4300	59.749061	0.0	1972048	24	4.3
1527502012.05	4300	59.99821	0.0	2134614	25	4.3
1527502016.4	4300	59.748451	0.0	2164140	25	4.3
1527502020.24	4300	59.998572	0.0	2113193	26	4.3
1527502024.09	4300	59.748906	0.0	2147852	24	4.3
1527502027.93	4300	59.99868	0.0	2191074	22	4.3
1527502032.27	4300	59.997904	0.0	2286761	19	4.3
1527502036.11	4300	59.748578	0.0	2307787	25	4.3
1527502039.96	4300	59.997759	0.0	2143948	22	4.3
1527502044.3	4300	59.997673	0.0	1919781	19	4.3
1527502048.14	4300	59.748865	0.0	2147467	25	4.3
1527502051.99	4300	59.998487	0.0	2133870	23	4.3
1527502056.34	4300	59.498098	0.0	2146120	21	4.3
1527502060.18	4300	59.997756	0.0	2108491	20	4.3
1527502064.53	4300	59.748433	0.0	2184571	28	4.3
