1527534166.2	750	4	0.027	2354772	9	-0.11609999999999998
1527534166.57	4300	7.956163	0.0	2123065	23	0.75
1527534166.91	4300	11.619646	0.0	2177073	25	4.3
1527534167.24	4300	15.284052	0.0	2160877	20	4.3
1527534167.59	4300	18.939417	0.0	2233056	25	4.3
1527534167.92	4300	22.603833	0.0	1941625	22	4.3
1527534168.26	4300	26.269051	0.0	2157535	24	4.3
1527534168.59	4300	29.937434	0.0	2290172	21	4.3
1527534168.93	4300	33.599519	0.0	2055469	13	4.3
1527534169.27	4300	37.255918	0.0	2169201	23	4.3
1527534169.62	4300	40.911114	0.0	2173522	23	4.3
1527534169.96	4300	44.571437	0.0	2102452	12	4.3
1527534170.3	4300	48.231962	0.0	2209463	24	4.3
1527534170.63	4300	51.894447	0.0	2275376	20	4.3
1527534170.99	4300	55.559728	0.0	2005399	12	4.3
1527534171.32	4300	59.207153	0.0	2152483	22	4.3
1527534174.65	4300	59.998643	0.0	2289689	13	4.3
1527534179.0	4300	59.748203	0.0	2059512	19	4.3
1527534182.84	4300	59.747606	0.0	2220726	23	4.3
1527534186.69	4300	59.99858	0.0	2156729	23	4.3
1527534190.53	4300	59.998266	0.0	2039773	18	4.3
1527534194.89	4300	59.998156	0.0	2176469	24	4.3
1527534198.74	4300	59.997825	0.0	2221506	25	4.3
1527534202.58	4300	59.998854	0.0	2044075	21	4.3
1527534206.92	4300	59.748334	0.0	2186790	20	4.3
1527534211.27	4300	59.498275	0.0	2105231	24	4.3
1527534214.6	4300	59.998203	0.0	2395588	13	4.3
1527534218.95	4300	59.749054	0.0	1972048	23	4.3
1527534222.8	4300	59.998773	0.0	2134614	24	4.3
1527534226.64	4300	59.998664	0.0	2164140	17	4.3
1527534231.0	4300	59.998952	0.0	2113193	21	4.3
1527534234.86	4300	59.748847	0.0	2147852	25	4.3
1527534238.7	4300	59.999154	0.0	2191074	23	4.3
1527534243.05	4300	59.747937	0.0	2286761	21	4.3
1527534246.9	4300	59.748109	0.0	2307787	21	4.3
1527534251.26	4300	59.498027	0.0	2143948	25	4.3
1527534254.6	4300	59.999068	0.0	1919781	21	4.3
1527534258.97	4300	59.748487	0.0	2147467	24	4.3
1527534262.86	4300	59.748502	0.0	2133870	24	4.3
1527534266.71	4300	59.997804	0.0	2146120	23	4.3
1527534271.06	4300	59.749118	0.0	2108491	24	4.3
1527534274.92	4300	59.998758	0.0	2184571	24	4.3
1527534278.76	4300	59.997336	0.0	2121928	17	4.3
1527534283.12	4300	59.497891	0.0	2219102	26	4.3
1527534286.97	4300	59.748393	0.0	2124950	24	4.3
1527534290.82	4300	59.748899	0.0	2246506	19	4.3
1527534294.68	4300	59.997613	0.0	1961140	21	4.3
1527534299.03	4300	59.998309	0.0	2155012	23	4.3
1527534300.86	4300	59.42831	0.0	1433658	16	4.3

1527534301.6	750	4	0.018	668286	3	-0.07740000000000002
1527534301.95	4300	7.94898	0.0	2123065	20	0.75
1527534302.28	4300	11.615195	0.0	2177073	19	4.3
1527534302.61	4300	15.28655	0.0	2160877	8	4.3
1527534302.97	4300	18.927487	0.0	2233056	46	4.3
1527534303.3	4300	22.597951	0.0	1941625	17	4.3
1527534303.63	4300	26.273149	0.0	2157535	16	4.3
1527534303.97	4300	29.927478	0.0	2290172	25	4.3
1527534304.31	4300	33.586043	0.0	2055469	22	4.3
1527534304.67	4300	37.251397	0.0	2169201	20	4.3
1527534305.01	4300	40.890821	0.0	2173522	21	4.3
1527534305.31	4300	44.582441	0.0	2102452	7	4.3
1527534305.66	4300	48.240644	0.0	2209463	25	4.3
1527534306.01	4300	51.886798	0.0	2275376	29	4.3
1527534306.35	4300	55.548507	0.0	2005399	23	4.3
1527534306.68	4300	59.213399	0.0	2152483	23	4.3
1527534310.03	4300	59.999499	0.0	2289689	22	4.3
1527534314.38	4300	59.74791	0.0	2059512	22	4.3
1527534318.23	4300	59.999108	0.0	2220726	24	4.3
1527534322.57	4300	59.498542	0.0	2156729	21	4.3
1527534326.4	4300	59.747826	0.0	2039773	7	4.3
1527534330.24	4300	59.748201	0.0	2176469	18	4.3
1527534334.09	4300	59.998651	0.0	2221506	24	4.3
1527534338.44	4300	59.748008	0.0	2044075	23	4.3
1527534342.29	4300	59.999195	0.0	2186790	24	4.3
1527534346.14	4300	59.999147	0.0	2105231	21	4.3
1527534350.49	4300	59.74784	0.0	2395588	22	4.3
1527534354.34	4300	59.749517	0.0	1972048	22	4.3
1527534358.2	4300	59.747603	0.0	2134614	34	4.3
1527534362.05	4300	59.999	0.0	2164140	25	4.3
1527534366.41	4300	59.49904	0.0	2113193	23	4.3
1527534370.25	4300	59.748501	0.0	2147852	25	4.3
1527534374.1	4300	59.99837	0.0	2191074	20	4.3
1527534377.95	4300	59.997546	0.0	2286761	20	4.3
1527534382.3	4300	59.749269	0.0	2307787	26	4.3
1527534386.16	4300	59.748572	0.0	2143948	26	4.3
1527534390.0	4300	59.997629	0.0	1919781	17	4.3
1527534394.35	4300	59.748974	0.0	2147467	16	4.3
1527534398.2	4300	59.748767	0.0	2133870	20	4.3
1527534402.07	4300	59.998917	0.0	2146120	44	4.3
1527534405.92	4300	59.999052	0.0	2108491	24	4.3
1527534410.27	4300	59.998434	0.0	2184571	22	4.3
1527534414.12	4300	59.998212	0.0	2121928	24	4.3
1527534418.47	4300	59.498292	0.0	2219102	20	4.3
1527534422.33	4300	59.749172	0.0	2124950	25	4.3
1527534426.16	4300	59.99776	0.0	2246506	7	4.3
1527534430.01	4300	59.997333	0.0	1961140	20	4.3
