1527497403.96	750	4	0.026	2354772	9	-0.11180000000000001
1527497404.3	4300	7.959464	0.0	2123065	27	0.75
1527497404.63	4300	11.624033	0.0	2177073	24	4.3
1527497404.97	4300	15.290314	0.0	2160877	22	4.3
1527497405.29	4300	18.971651	0.0	2233056	15	4.3
1527497405.62	4300	22.639577	0.0	1941625	23	4.3
1527497405.96	4300	26.302712	0.0	2157535	21	4.3
1527497406.3	4300	29.95712	0.0	2290172	26	4.3
1527497406.64	4300	33.620017	0.0	2055469	25	4.3
1527497406.97	4300	37.285974	0.0	2169201	23	4.3
1527497407.31	4300	40.947433	0.0	2173522	21	4.3
1527497407.66	4300	44.599616	0.0	2102452	20	4.3
1527497407.99	4300	48.26605	0.0	2209463	24	4.3
1527497408.31	4300	51.945935	0.0	2275376	14	4.3
1527497408.63	4300	55.627069	0.0	2005399	13	4.3
1527497408.95	4300	59.30629	0.0	2152483	14	4.3
1527497412.29	4300	59.998864	0.0	2289689	22	4.3
1527497416.65	4300	59.9988	0.0	2059512	23	4.3
1527497420.5	4300	59.99921	0.0	2220726	26	4.3
1527497424.85	4300	59.748791	0.0	2156729	23	4.3
1527497428.69	4300	59.748892	0.0	2039773	24	4.3
1527497432.53	4300	59.749093	0.0	2176469	21	4.3
1527497436.88	4300	59.749143	0.0	2221506	23	4.3
1527497440.72	4300	59.748898	0.0	2044075	24	4.3
1527497444.56	4300	59.749238	0.0	2186790	24	4.3
1527497448.41	4300	59.999111	0.0	2105231	22	4.3
1527497452.76	4300	59.998021	0.0	2395588	23	4.3
1527497456.61	4300	59.748336	0.0	1972048	31	4.3
1527497460.46	4300	59.998943	0.0	2134614	26	4.3
1527497464.8	4300	59.497602	0.0	2164140	26	4.3
1527497468.65	4300	59.998381	0.0	2113193	24	4.3
1527497472.5	4300	59.998663	0.0	2147852	24	4.3
1527497476.35	4300	59.999304	0.0	2191074	20	4.3
1527497480.69	4300	59.998512	0.0	2286761	20	4.3
1527497484.53	4300	59.998502	0.0	2307787	23	4.3
1527497488.38	4300	59.99932	0.0	2143948	13	4.3
1527497492.73	4300	59.998572	0.0	1919781	22	4.3
1527497496.57	4300	59.749341	0.0	2147467	17	4.3
1527497500.43	4300	59.998122	0.0	2133870	39	4.3
1527497504.78	4300	59.497904	0.0	2146120	20	4.3
1527497508.62	4300	59.748837	0.0	2108491	22	4.3
1527497512.96	4300	59.748564	0.0	2184571	21	4.3
1527497516.81	4300	59.498427	0.0	2121928	21	4.3
1527497520.66	4300	59.998948	0.0	2219102	21	4.3
1527497524.51	4300	59.998267	0.0	2124950	25	4.3
1527497528.36	4300	59.997532	0.0	2246506	22	4.3
1527497532.7	4300	59.997383	0.0	1961140	19	4.3
1527497536.55	4300	59.99824	0.0	2155012	22	4.3
1527497538.39	4300	59.679176	0.0	1433658	22	4.3

1527497539.16	750	4	0.025	2354772	7	-0.10750000000000004
1527497539.49	4300	7.968951	0.0	2123065	18	0.75
1527497539.82	4300	11.635174	0.0	2177073	15	4.3
1527497540.17	4300	15.289547	0.0	2160877	26	4.3
1527497540.51	4300	18.953694	0.0	2233056	23	4.3
1527497540.82	4300	22.63546	0.0	1941625	12	4.3
1527497541.16	4300	26.298918	0.0	2157535	24	4.3
1527497541.5	4300	29.963019	0.0	2290172	26	4.3
1527497541.83	4300	33.633359	0.0	2055469	20	4.3
1527497542.14	4300	37.3183	0.0	2169201	12	4.3
1527497542.49	4300	40.970903	0.0	2173522	28	4.3
1527497542.81	4300	44.645975	0.0	2102452	20	4.3
1527497543.15	4300	48.308172	0.0	2209463	24	4.3
1527497543.48	4300	51.98444	0.0	2275376	16	4.3
1527497543.8	4300	55.66178	0.0	2005399	15	4.3
1527497544.13	4300	59.327609	0.0	2152483	25	4.3
1527497547.98	4300	59.748764	0.0	2289689	20	4.3
1527497551.82	4300	59.998684	0.0	2059512	16	4.3
1527497556.17	4300	59.499628	0.0	2220726	24	4.3
1527497560.01	4300	59.497914	0.0	2156729	18	4.3
1527497563.86	4300	59.9987	0.0	2039773	14	4.3
1527497567.71	4300	59.999257	0.0	2176469	24	4.3
1527497571.56	4300	59.997679	0.0	2221506	25	4.3
1527497575.9	4300	59.998677	0.0	2044075	20	4.3
1527497579.74	4300	59.749633	0.0	2186790	27	4.3
1527497584.09	4300	59.749228	0.0	2105231	21	4.3
1527497587.93	4300	59.748908	0.0	2395588	27	4.3
1527497591.79	4300	59.7493	0.0	1972048	30	4.3
1527497595.64	4300	59.998696	0.0	2134614	25	4.3
1527497599.49	4300	59.998424	0.0	2164140	23	4.3
1527497603.83	4300	59.747933	0.0	2113193	19	4.3
1527497607.68	4300	59.998784	0.0	2147852	22	4.3
1527497611.52	4300	59.999173	0.0	2191074	20	4.3
1527497615.87	4300	59.998562	0.0	2286761	20	4.3
1527497620.22	4300	59.24952	0.0	2307787	23	4.3
1527497624.06	4300	59.748102	0.0	2143948	23	4.3
1527497627.9	4300	59.748334	0.0	1919781	19	4.3
1527497631.74	4300	59.748823	0.0	2147467	21	4.3
1527497635.61	4300	59.998522	0.0	2133870	46	4.3
1527497639.95	4300	59.748969	0.0	2146120	21	4.3
1527497643.8	4300	59.749315	0.0	2108491	28	4.3
1527497647.63	4300	59.998533	0.0	2184571	14	4.3
1527497651.47	4300	59.999338	0.0	2121928	25	4.3
1527497655.83	4300	59.748516	0.0	2219102	23	4.3
1527497659.67	4300	59.998575	0.0	2124950	21	4.3
1527497664.0	4300	59.749015	0.0	2246506	14	4.3
1527497667.85	4300	59.99837	0.0	1961140	24	4.3
1527497672.18	4300	59.498372	0.0	2155012	11	4.3
1527497673.51	4300	59.678918	0.0	1433658	17	4.3

1527497674.3	750	4	0.027	2354772	9	-0.11609999999999998
1527497674.64	4300	7.961463	0.0	2123065	25	0.75
1527497674.99	4300	11.60758	0.0	2177073	40	4.3
1527497675.33	4300	15.271717	0.0	2160877	25	4.3
1527497675.66	4300	18.935254	0.0	2233056	22	4.3
1527497675.99	4300	22.605894	0.0	1941625	19	4.3
1527497676.33	4300	26.272387	0.0	2157535	20	4.3
1527497676.66	4300	29.93896	0.0	2290172	19	4.3
1527497677.0	4300	33.597122	0.0	2055469	24	4.3
1527497677.34	4300	37.259013	0.0	2169201	24	4.3
1527497677.66	4300	40.937887	0.0	2173522	15	4.3
1527497677.99	4300	44.604476	0.0	2102452	24	4.3
1527497678.33	4300	48.269978	0.0	2209463	25	4.3
1527497678.66	4300	51.938413	0.0	2275376	20	4.3
1527497679.0	4300	55.601225	0.0	2005399	14	4.3
1527497679.34	4300	59.256339	0.0	2152483	25	4.3
1527497682.69	4300	59.999205	0.0	2289689	26	4.3
1527497687.04	4300	59.747987	0.0	2059512	23	4.3
1527497690.9	4300	59.748896	0.0	2220726	23	4.3
1527497694.74	4300	59.999095	0.0	2156729	22	4.3
1527497699.09	4300	59.998663	0.0	2039773	20	4.3
1527497702.93	4300	59.748592	0.0	2176469	23	4.3
1527497707.28	4300	59.498847	0.0	2221506	19	4.3
1527497710.62	4300	59.998371	0.0	2044075	22	4.3
1527497714.97	4300	59.748138	0.0	2186790	27	4.3
