1527524974.27	750	4	0.025	2354772	9	-0.10750000000000004
1527524974.6	4300	7.966428	0.0	2123065	19	0.75
1527524974.94	4300	11.630988	0.0	2177073	15	4.3
1527524975.28	4300	15.287221	0.0	2160877	25	4.3
1527524975.62	4300	18.952484	0.0	2233056	22	4.3
1527524975.95	4300	22.619875	0.0	1941625	19	4.3
1527524976.27	4300	26.297488	0.0	2157535	16	4.3
1527524976.61	4300	29.963236	0.0	2290172	24	4.3
1527524976.93	4300	33.641456	0.0	2055469	15	4.3
1527524977.26	4300	37.305737	0.0	2169201	26	4.3
1527524977.6	4300	40.96581	0.0	2173522	22	4.3
1527524977.93	4300	44.635248	0.0	2102452	19	4.3
1527524978.27	4300	48.301084	0.0	2209463	21	4.3
1527524978.61	4300	51.958068	0.0	2275376	27	4.3
1527524978.95	4300	55.624225	0.0	2005399	22	4.3
1527524979.29	4300	59.278653	0.0	2152483	14	4.3
1527524983.15	4300	59.748167	0.0	2289689	29	4.3
1527524986.98	4300	59.998997	0.0	2059512	21	4.3
1527524990.82	4300	59.998804	0.0	2220726	15	4.3
1527524995.17	4300	59.498693	0.0	2156729	25	4.3
1527524999.01	4300	59.997815	0.0	2039773	24	4.3
1527525002.86	4300	59.748768	0.0	2176469	23	4.3
1527525006.7	4300	59.998843	0.0	2221506	22	4.3
1527525011.06	4300	59.748721	0.0	2044075	23	4.3
1527525014.91	4300	59.748223	0.0	2186790	26	4.3
1527525018.76	4300	59.998796	0.0	2105231	25	4.3
1527525023.1	4300	59.747603	0.0	2395588	26	4.3
1527525026.96	4300	59.998342	0.0	1972048	32	4.3
1527525030.81	4300	59.999087	0.0	2134614	27	4.3
1527525034.66	4300	59.997962	0.0	2164140	21	4.3
1527525039.01	4300	59.749426	0.0	2113193	24	4.3
1527525042.87	4300	59.748179	0.0	2147852	25	4.3
1527525046.72	4300	59.998886	0.0	2191074	23	4.3
1527525051.07	4300	59.749493	0.0	2286761	20	4.3
1527525054.92	4300	59.748077	0.0	2307787	21	4.3
1527525058.75	4300	59.998656	0.0	2143948	17	4.3
1527525063.1	4300	59.498597	0.0	1919781	21	4.3
1527525066.96	4300	59.998286	0.0	2147467	23	4.3
1527525070.82	4300	59.997566	0.0	2133870	39	4.3
1527525074.67	4300	59.999084	0.0	2146120	24	4.3
1527525079.02	4300	59.997866	0.0	2108491	23	4.3
1527525082.87	4300	59.998171	0.0	2184571	22	4.3
1527525087.21	4300	59.49919	0.0	2121928	22	4.3
1527525091.06	4300	59.748806	0.0	2219102	25	4.3
1527525094.9	4300	59.748365	0.0	2124950	23	4.3
1527525099.24	4300	59.748541	0.0	2246506	21	4.3
1527525102.6	4300	59.998917	0.0	1961140	19	4.3
1527525106.95	4300	59.748703	0.0	2155012	26	4.3
1527525108.78	4300	59.923299	0.0	1433658	17	4.3

1527525109.53	750	4	0.026	2354772	7	-0.11180000000000001
1527525109.87	4300	7.96121	0.0	2123065	26	0.75
1527525110.2	4300	11.627331	0.0	2177073	20	4.3
1527525110.52	4300	15.309735	0.0	2160877	13	4.3
1527525110.86	4300	18.972545	0.0	2233056	25	4.3
1527525111.19	4300	22.640963	0.0	1941625	21	4.3
1527525111.52	4300	26.307326	0.0	2157535	23	4.3
1527525111.85	4300	29.974998	0.0	2290172	22	4.3
1527525112.19	4300	33.636207	0.0	2055469	25	4.3
1527525112.53	4300	37.29751	0.0	2169201	24	4.3
1527525112.87	4300	40.952423	0.0	2173522	24	4.3
1527525113.2	4300	44.630439	0.0	2102452	9	4.3
1527525113.52	4300	48.304906	0.0	2209463	19	4.3
1527525113.86	4300	51.968977	0.0	2275376	24	4.3
1527525114.18	4300	55.648926	0.0	2005399	13	4.3
1527525114.52	4300	59.312049	0.0	2152483	25	4.3
1527525117.85	4300	59.999022	0.0	2289689	16	4.3
1527525122.19	4300	59.749543	0.0	2059512	22	4.3
1527525126.01	4300	59.99903	0.0	2220726	7	4.3
1527525129.85	4300	59.9991	0.0	2156729	20	4.3
1527525134.19	4300	59.998474	0.0	2039773	20	4.3
1527525138.54	4300	59.74911	0.0	2176469	24	4.3
1527525141.88	4300	59.999069	0.0	2221506	25	4.3
1527525146.23	4300	59.998615	0.0	2044075	19	4.3
1527525150.57	4300	59.497721	0.0	2186790	23	4.3
1527525154.42	4300	59.748834	0.0	2105231	23	4.3
1527525158.26	4300	59.748712	0.0	2395588	24	4.3
1527525162.1	4300	59.748572	0.0	1972048	18	4.3
1527525166.45	4300	59.499111	0.0	2134614	20	4.3
1527525170.29	4300	59.748944	0.0	2164140	22	4.3
1527525174.13	4300	59.9988	0.0	2113193	22	4.3
1527525178.48	4300	59.497529	0.0	2147852	21	4.3
1527525182.32	4300	59.7492	0.0	2191074	22	4.3
1527525186.16	4300	59.748816	0.0	2286761	23	4.3
1527525190.0	4300	59.99821	0.0	2307787	21	4.3
1527525193.85	4300	59.99827	0.0	2143948	19	4.3
1527525198.2	4300	59.748765	0.0	1919781	21	4.3
1527525202.55	4300	59.747844	0.0	2147467	26	4.3
1527525206.4	4300	59.74881	0.0	2133870	27	4.3
1527525210.25	4300	59.749366	0.0	2146120	25	4.3
1527525214.08	4300	59.997679	0.0	2108491	14	4.3
1527525218.43	4300	59.498259	0.0	2184571	24	4.3
1527525222.28	4300	59.748818	0.0	2121928	24	4.3
1527525226.12	4300	59.747897	0.0	2219102	25	4.3
1527525229.94	4300	59.997668	0.0	2124950	7	4.3
1527525234.3	4300	59.997992	0.0	2246506	25	4.3
1527525238.12	4300	59.747427	0.0	1961140	11	4.3
1527525241.97	4300	59.998164	0.0	2155012	22	4.3
1527525244.31	4300	59.677445	0.0	1433658	19	4.3

1527525245.09	750	4	0.024	2354772	9	-0.10319999999999996
1527525245.42	4300	7.963265	0.0	2123065	21	0.75
1527525245.75	4300	11.637392	0.0	2177073	17	4.3
1527525246.07	4300	15.315355	0.0	2160877	16	4.3
1527525246.4	4300	18.980555	0.0	2233056	23	4.3
1527525246.73	4300	22.651379	0.0	1941625	20	4.3
1527525247.05	4300	26.329698	0.0	2157535	15	4.3
1527525247.39	4300	29.993812	0.0	2290172	24	4.3
1527525247.72	4300	33.660643	0.0	2055469	20	4.3
1527525248.05	4300	37.331228	0.0	2169201	21	4.3
1527525248.38	4300	41.005757	0.0	2173522	25	4.3
1527525248.71	4300	44.668892	0.0	2102452	23	4.3
1527525249.03	4300	48.353386	0.0	2209463	12	4.3
1527525249.35	4300	52.036896	0.0	2275376	13	4.3
1527525249.68	4300	55.707426	0.0	2005399	19	4.3
1527525250.01	4300	59.374932	0.0	2152483	20	4.3
