1527456852.74	750	4	0.026	2354772	8	-0.11180000000000001
1527456853.07	4300	7.964229	0.0	2123065	19	0.75
1527456853.4	4300	11.636519	0.0	2177073	14	4.3
1527456853.72	4300	15.315548	0.0	2160877	16	4.3
1527456854.06	4300	18.976162	0.0	2233056	18	4.3
1527456854.41	4300	22.630403	0.0	1941625	24	4.3
1527456854.75	4300	26.291568	0.0	2157535	25	4.3
1527456855.09	4300	29.943212	0.0	2290172	27	4.3
1527456855.43	4300	33.607463	0.0	2055469	23	4.3
1527456855.77	4300	37.272003	0.0	2169201	23	4.3
1527456856.1	4300	40.931537	0.0	2173522	20	4.3
1527456856.45	4300	44.585833	0.0	2102452	36	4.3
1527456856.78	4300	48.251525	0.0	2209463	22	4.3
1527456857.12	4300	51.919432	0.0	2275376	21	4.3
1527456857.45	4300	55.588013	0.0	2005399	19	4.3
1527456857.79	4300	59.248397	0.0	2152483	14	4.3
1527456861.14	4300	59.997902	0.0	2289689	25	4.3
1527456865.49	4300	59.749019	0.0	2059512	23	4.3
1527456869.33	4300	59.998076	0.0	2220726	18	4.3
1527456873.69	4300	59.499184	0.0	2156729	26	4.3
1527456877.54	4300	59.748736	0.0	2039773	24	4.3
1527456881.38	4300	59.747839	0.0	2176469	24	4.3
1527456885.23	4300	59.999402	0.0	2221506	20	4.3
1527456889.57	4300	59.498927	0.0	2044075	19	4.3
1527456893.41	4300	59.749618	0.0	2186790	23	4.3
1527456897.75	4300	59.499526	0.0	2105231	22	4.3
1527456901.6	4300	59.498865	0.0	2395588	27	4.3
1527456905.46	4300	59.749429	0.0	1972048	29	4.3
1527456909.31	4300	59.998628	0.0	2134614	26	4.3
1527456913.15	4300	59.999244	0.0	2164140	23	4.3
1527456917.5	4300	59.74874	0.0	2113193	20	4.3
1527456921.35	4300	59.749212	0.0	2147852	24	4.3
1527456925.19	4300	59.998742	0.0	2191074	20	4.3
1527456929.05	4300	59.999452	0.0	2286761	26	4.3
1527456933.4	4300	59.748537	0.0	2307787	25	4.3
1527456937.75	4300	59.748781	0.0	2143948	21	4.3
1527456941.09	4300	59.997928	0.0	1919781	20	4.3
1527456945.44	4300	59.998897	0.0	2147467	18	4.3
1527456949.3	4300	59.749054	0.0	2133870	30	4.3
1527456953.15	4300	59.998314	0.0	2146120	22	4.3
1527456957.5	4300	59.748674	0.0	2108491	22	4.3
1527456961.34	4300	59.749129	0.0	2184571	20	4.3
1527456965.18	4300	59.998697	0.0	2121928	19	4.3
1527456969.53	4300	59.747539	0.0	2219102	18	4.3
1527456973.37	4300	59.747611	0.0	2124950	22	4.3
1527456977.23	4300	59.997633	0.0	2246506	24	4.3
1527456981.58	4300	59.499154	0.0	1961140	22	4.3
1527456985.42	4300	59.749015	0.0	2155012	25	4.3
1527456987.26	4300	59.927465	0.0	1433658	18	4.3

1527456988.01	750	4	0.014	450283	2	-0.06020000000000003
1527456988.37	4300	7.949895	0.0	2123065	26	0.75
1527456988.7	4300	11.61318	0.0	2177073	22	4.3
1527456989.03	4300	15.281848	0.0	2160877	20	4.3
1527456989.35	4300	18.958003	0.0	2233056	15	4.3
1527456989.69	4300	22.62339	0.0	1941625	8	4.3
1527456990.02	4300	26.29412	0.0	2157535	19	4.3
1527456990.34	4300	29.972433	0.0	2290172	16	4.3
1527456990.67	4300	33.63974	0.0	2055469	22	4.3
1527456991.0	4300	37.308413	0.0	2169201	21	4.3
1527456991.32	4300	40.98864	0.0	2173522	14	4.3
1527456991.66	4300	44.651663	0.0	2102452	24	4.3
1527456992.0	4300	48.318319	0.0	2209463	22	4.3
1527456992.33	4300	51.984828	0.0	2275376	22	4.3
1527456992.68	4300	55.6363	0.0	2005399	38	4.3
1527456993.02	4300	59.294593	0.0	2152483	25	4.3
1527456996.36	4300	59.998076	0.0	2289689	22	4.3
1527457000.71	4300	59.998034	0.0	2059512	24	4.3
1527457004.57	4300	59.99906	0.0	2220726	39	4.3
1527457008.43	4300	59.999123	0.0	2156729	24	4.3
1527457012.78	4300	59.9987	0.0	2039773	23	4.3
1527457016.63	4300	59.749117	0.0	2176469	23	4.3
1527457020.47	4300	59.998761	0.0	2221506	23	4.3
1527457024.81	4300	59.747677	0.0	2044075	18	4.3
1527457028.66	4300	59.748028	0.0	2186790	22	4.3
1527457032.5	4300	59.999027	0.0	2105231	21	4.3
1527457036.36	4300	59.999347	0.0	2395588	29	4.3
1527457040.7	4300	59.998818	0.0	1972048	21	4.3
1527457045.06	4300	59.499012	0.0	2134614	39	4.3
1527457048.41	4300	59.998548	0.0	2164140	17	4.3
1527457052.76	4300	59.749389	0.0	2113193	25	4.3
1527457056.61	4300	59.748524	0.0	2147852	25	4.3
1527457060.46	4300	59.998692	0.0	2191074	22	4.3
1527457064.8	4300	59.749464	0.0	2286761	22	4.3
1527457068.65	4300	59.748301	0.0	2307787	25	4.3
1527457072.49	4300	59.998886	0.0	2143948	20	4.3
1527457076.33	4300	59.997948	0.0	1919781	20	4.3
1527457080.68	4300	59.998335	0.0	2147467	18	4.3
1527457085.02	4300	59.7483	0.0	2133870	21	4.3
1527457088.87	4300	59.498599	0.0	2146120	25	4.3
1527457092.71	4300	59.998303	0.0	2108491	21	4.3
1527457097.05	4300	59.498064	0.0	2184571	21	4.3
1527457100.4	4300	59.997692	0.0	2121928	23	4.3
1527457104.75	4300	59.749371	0.0	2219102	26	4.3
1527457108.6	4300	59.748625	0.0	2124950	24	4.3
1527457112.95	4300	59.498946	0.0	2246506	20	4.3
1527457116.8	4300	59.748842	0.0	1961140	23	4.3
1527457120.66	4300	59.998972	0.0	2155012	24	4.3
1527457122.5	4300	59.928789	0.0	1433658	18	4.3

1527457123.25	750	4	0.025	2354772	10	-0.10750000000000004
1527457123.59	4300	7.95591	0.0	2123065	26	0.75
1527457123.92	4300	11.626409	0.0	2177073	16	4.3
1527457124.26	4300	15.285272	0.0	2160877	27	4.3
1527457124.6	4300	18.945428	0.0	2233056	23	4.3
1527457124.94	4300	22.608768	0.0	1941625	23	4.3
1527457125.29	4300	26.268263	0.0	2157535	25	4.3
1527457125.62	4300	29.929985	0.0	2290172	23	4.3
1527457125.95	4300	33.599022	0.0	2055469	20	4.3
1527457126.28	4300	37.268492	0.0	2169201	20	4.3
1527457126.6	4300	40.95219	0.0	2173522	12	4.3
1527457126.93	4300	44.613642	0.0	2102452	23	4.3
1527457127.27	4300	48.281328	0.0	2209463	22	4.3
1527457127.62	4300	51.929725	0.0	2275376	37	4.3
1527457127.96	4300	55.593371	0.0	2005399	23	4.3
1527457128.28	4300	59.269715	0.0	2152483	16	4.3
1527457131.62	4300	59.998157	0.0	2289689	26	4.3
1527457135.97	4300	59.748395	0.0	2059512	22	4.3
