1527539920.13	750	4	0.024	2354772	6	-0.10319999999999996
1527539920.49	4300	7.965385	0.0	2123065	23	0.75
1527539920.83	4300	11.630484	0.0	2177073	22	4.3
1527539921.15	4300	15.311267	0.0	2160877	13	4.3
1527539921.48	4300	18.975959	0.0	2233056	23	4.3
1527539921.81	4300	22.644484	0.0	1941625	19	4.3
1527539922.15	4300	26.31053	0.0	2157535	20	4.3
1527539922.49	4300	29.965212	0.0	2290172	25	4.3
1527539922.83	4300	33.628694	0.0	2055469	23	4.3
1527539923.17	4300	37.288636	0.0	2169201	23	4.3
1527539923.52	4300	40.936431	0.0	2173522	23	4.3
1527539923.86	4300	44.599024	0.0	2102452	9	4.3
1527539924.19	4300	48.26578	0.0	2209463	18	4.3
1527539924.53	4300	51.933498	0.0	2275376	20	4.3
1527539924.86	4300	55.594697	0.0	2005399	22	4.3
1527539925.23	4300	59.231126	0.0	2152483	24	4.3
1527539928.57	4300	59.999076	0.0	2289689	24	4.3
1527539932.91	4300	59.749147	0.0	2059512	17	4.3
1527539936.76	4300	59.749667	0.0	2220726	23	4.3
1527539941.11	4300	59.749136	0.0	2156729	23	4.3
1527539944.96	4300	59.748701	0.0	2039773	24	4.3
1527539948.81	4300	59.999055	0.0	2176469	27	4.3
1527539952.66	4300	59.999135	0.0	2221506	22	4.3
1527539956.51	4300	59.998587	0.0	2044075	22	4.3
1527539960.86	4300	59.749072	0.0	2186790	25	4.3
1527539965.21	4300	59.497732	0.0	2105231	23	4.3
1527539968.56	4300	59.997701	0.0	2395588	26	4.3
1527539972.91	4300	59.997732	0.0	1972048	23	4.3
1527539976.76	4300	59.748163	0.0	2134614	19	4.3
1527539980.61	4300	59.998912	0.0	2164140	24	4.3
1527539984.96	4300	59.748595	0.0	2113193	19	4.3
1527539988.81	4300	59.998758	0.0	2147852	23	4.3
1527539992.65	4300	59.999055	0.0	2191074	21	4.3
1527539997.01	4300	59.499106	0.0	2286761	26	4.3
1527540000.86	4300	59.747714	0.0	2307787	24	4.3
1527540004.7	4300	59.997553	0.0	2143948	21	4.3
1527540008.55	4300	59.997433	0.0	1919781	18	4.3
1527540012.9	4300	59.748075	0.0	2147467	24	4.3
1527540016.76	4300	59.998595	0.0	2133870	19	4.3
1527540020.61	4300	59.999147	0.0	2146120	22	4.3
1527540024.96	4300	59.748734	0.0	2108491	23	4.3
1527540028.82	4300	59.99844	0.0	2184571	25	4.3
1527540033.16	4300	59.748904	0.0	2121928	24	4.3
1527540036.52	4300	59.997685	0.0	2219102	25	4.3
1527540040.87	4300	59.747791	0.0	2124950	26	4.3
1527540044.72	4300	59.997495	0.0	2246506	24	4.3
1527540049.07	4300	59.747271	0.0	1961140	16	4.3
1527540052.92	4300	59.997622	0.0	2155012	24	4.3
1527540054.75	4300	59.428647	0.0	1433658	16	4.3

1527540055.51	750	4	0.015	668286	2	-0.0645
1527540055.86	4300	7.943809	0.0	2123065	22	0.75
1527540056.21	4300	11.598844	0.0	2177073	16	4.3
1527540056.52	4300	15.289256	0.0	2160877	7	4.3
1527540056.85	4300	18.957763	0.0	2233056	20	4.3
1527540057.18	4300	22.627172	0.0	1941625	18	4.3
1527540057.52	4300	26.28465	0.0	2157535	24	4.3
1527540057.86	4300	29.945575	0.0	2290172	27	4.3
1527540058.2	4300	33.612445	0.0	2055469	20	4.3
1527540058.53	4300	37.272954	0.0	2169201	22	4.3
1527540058.88	4300	40.932025	0.0	2173522	23	4.3
1527540059.19	4300	44.615689	0.0	2102452	12	4.3
1527540059.52	4300	48.284611	0.0	2209463	19	4.3
1527540059.86	4300	51.948324	0.0	2275376	29	4.3
1527540060.2	4300	55.606532	0.0	2005399	26	4.3
1527540060.52	4300	59.29002	0.0	2152483	10	4.3
1527540064.37	4300	59.499415	0.0	2289689	25	4.3
1527540068.22	4300	59.749785	0.0	2059512	23	4.3
1527540072.06	4300	59.74973	0.0	2220726	21	4.3
1527540075.9	4300	59.999454	0.0	2156729	21	4.3
1527540080.26	4300	59.998118	0.0	2039773	23	4.3
1527540084.11	4300	59.998721	0.0	2176469	24	4.3
1527540088.46	4300	59.748953	0.0	2221506	25	4.3
1527540092.31	4300	59.998472	0.0	2044075	21	4.3
1527540096.15	4300	59.748715	0.0	2186790	21	4.3
1527540100.01	4300	59.99871	0.0	2105231	24	4.3
1527540103.85	4300	59.998553	0.0	2395588	27	4.3
1527540108.2	4300	59.99876	0.0	1972048	19	4.3
1527540112.05	4300	59.998887	0.0	2134614	34	4.3
1527540115.91	4300	59.998889	0.0	2164140	24	4.3
1527540120.26	4300	59.998613	0.0	2113193	24	4.3
1527540124.11	4300	59.998899	0.0	2147852	23	4.3
1527540127.96	4300	59.999209	0.0	2191074	20	4.3
1527540131.81	4300	59.998843	0.0	2286761	25	4.3
1527540136.16	4300	59.749292	0.0	2307787	24	4.3
1527540140.51	4300	59.749267	0.0	2143948	24	4.3
1527540144.35	4300	59.499227	0.0	1919781	20	4.3
1527540148.2	4300	59.748787	0.0	2147467	22	4.3
1527540152.04	4300	59.999196	0.0	2133870	20	4.3
1527540155.9	4300	59.998094	0.0	2146120	36	4.3
1527540160.25	4300	59.747733	0.0	2108491	25	4.3
1527540164.1	4300	59.747644	0.0	2184571	33	4.3
1527540167.95	4300	59.998383	0.0	2121928	20	4.3
1527540172.3	4300	59.748979	0.0	2219102	24	4.3
1527540176.15	4300	59.998543	0.0	2124950	24	4.3
1527540180.5	4300	59.748457	0.0	2246506	23	4.3
1527540183.85	4300	59.998468	0.0	1961140	24	4.3
1527540188.19	4300	59.748442	0.0	2155012	18	4.3
1527540190.02	4300	59.677469	0.0	1433658	16	4.3

1527540190.76	750	4	0.019	668286	3	-0.0817
1527540191.11	4300	7.956238	0.0	2123065	16	0.75
1527540191.44	4300	11.617674	0.0	2177073	16	4.3
1527540191.75	4300	15.308377	0.0	2160877	7	4.3
1527540192.09	4300	18.973489	0.0	2233056	25	4.3
1527540192.41	4300	22.653086	0.0	1941625	11	4.3
1527540192.75	4300	26.309849	0.0	2157535	33	4.3
1527540193.08	4300	29.977311	0.0	2290172	18	4.3
1527540193.42	4300	33.640446	0.0	2055469	14	4.3
1527540193.76	4300	37.29948	0.0	2169201	24	4.3
1527540194.1	4300	40.963478	0.0	2173522	25	4.3
1527540194.43	4300	44.631184	0.0	2102452	21	4.3
1527540194.77	4300	48.295948	0.0	2209463	19	4.3
1527540195.11	4300	51.952058	0.0	2275376	26	4.3
1527540195.45	4300	55.614198	0.0	2005399	20	4.3
1527540195.8	4300	59.2649	0.0	2152483	36	4.3
1527540199.65	4300	59.497786	0.0	2289689	25	4.3
1527540203.49	4300	59.749801	0.0	2059512	19	4.3
1527540207.34	4300	59.749041	0.0	2220726	21	4.3
1527540211.19	4300	59.998548	0.0	2156729	23	4.3
1527540215.53	4300	59.999322	0.0	2039773	16	4.3
1527540219.38	4300	59.999153	0.0	2176469	25	4.3
1527540223.73	4300	59.498917	0.0	2221506	24	4.3
1527540227.57	4300	59.748842	0.0	2044075	22	4.3
