1527431647.25	750	4	0.027	2354772	7	-0.11609999999999998
1527431647.63	4300	7.96005	0.0	2123065	23	0.75
1527431648.02	4300	11.570308	0.0	2177073	22	4.3
1527431648.41	4300	15.182444	0.0	2160877	25	4.3
1527431648.79	4300	18.805423	0.0	2233056	18	4.3
1527431649.17	4300	22.426722	0.0	1941625	20	4.3
1527431649.55	4300	26.03943	0.0	2157535	23	4.3
1527431649.94	4300	29.649606	0.0	2290172	26	4.3
1527431650.32	4300	33.27567	0.0	2055469	17	4.3
1527431650.7	4300	36.89534	0.0	2169201	24	4.3
1527431651.09	4300	40.502578	0.0	2173522	24	4.3
1527431651.47	4300	44.12441	0.0	2102452	13	4.3
1527431651.85	4300	47.747013	0.0	2209463	20	4.3
1527431652.23	4300	51.364773	0.0	2275376	23	4.3
1527431652.61	4300	54.980853	0.0	2005399	22	4.3
1527431652.99	4300	58.605954	0.0	2152483	18	4.3
1527431655.85	4300	59.749329	0.0	2289689	7	4.3
1527431659.75	4300	59.999018	0.0	2059512	22	4.3
1527431663.65	4300	59.99797	0.0	2220726	25	4.3
1527431668.06	4300	59.997906	0.0	2156729	25	4.3
1527431671.94	4300	59.747725	0.0	2039773	20	4.3
1527431675.84	4300	59.998869	0.0	2176469	25	4.3
1527431680.23	4300	59.748664	0.0	2221506	26	4.3
1527431684.12	4300	59.498786	0.0	2044075	21	4.3
1527431688.01	4300	59.748453	0.0	2186790	25	4.3
1527431691.91	4300	59.998086	0.0	2105231	22	4.3
1527431696.31	4300	59.498068	0.0	2395588	27	4.3
1527431700.2	4300	59.499237	0.0	1972048	20	4.3
1527431704.11	4300	59.74855	0.0	2134614	36	4.3
1527431708.01	4300	59.998258	0.0	2164140	21	4.3
1527431711.9	4300	59.998327	0.0	2113193	22	4.3
1527431715.8	4300	59.997824	0.0	2147852	23	4.3
1527431719.69	4300	59.99765	0.0	2191074	24	4.3
1527431724.08	4300	59.998532	0.0	2286761	18	4.3
1527431727.98	4300	59.749125	0.0	2307787	25	4.3
1527431731.87	4300	59.747959	0.0	2143948	24	4.3
1527431736.27	4300	59.498915	0.0	1919781	22	4.3
1527431739.66	4300	59.998588	0.0	2147467	21	4.3
1527431744.05	4300	59.748517	0.0	2133870	24	4.3
1527431747.95	4300	59.747885	0.0	2146120	23	4.3
1527431752.34	4300	59.748818	0.0	2108491	18	4.3
1527431755.74	4300	59.997535	0.0	2184571	24	4.3
1527431760.13	4300	59.498452	0.0	2121928	23	4.3
1527431764.02	4300	59.747465	0.0	2219102	21	4.3
1527431767.91	4300	59.748218	0.0	2124950	24	4.3
1527431772.3	4300	59.748414	0.0	2246506	17	4.3
1527431776.18	4300	59.498121	0.0	1961140	22	4.3
1527431780.06	4300	59.747409	0.0	2155012	23	4.3
1527431781.41	4300	59.901481	0.0	1433658	16	4.3

1527431782.15	750	4	0.018	668286	3	-0.07740000000000002
1527431782.55	4300	7.949985	0.0	2123065	19	0.75
1527431782.94	4300	11.559136	0.0	2177073	15	4.3
1527431783.33	4300	15.177708	0.0	2160877	24	4.3
1527431783.72	4300	18.791244	0.0	2233056	24	4.3
1527431784.11	4300	22.389648	0.0	1941625	41	4.3
1527431784.5	4300	26.006113	0.0	2157535	23	4.3
1527431784.89	4300	29.61721	0.0	2290172	26	4.3
1527431785.27	4300	33.231784	0.0	2055469	24	4.3
1527431785.67	4300	36.838125	0.0	2169201	24	4.3
1527431786.06	4300	40.44941	0.0	2173522	26	4.3
1527431786.45	4300	44.057964	0.0	2102452	27	4.3
1527431786.84	4300	47.661134	0.0	2209463	23	4.3
1527431787.23	4300	51.277406	0.0	2275376	25	4.3
1527431787.64	4300	54.867122	0.0	2005399	42	4.3
1527431788.02	4300	58.485697	0.0	2152483	20	4.3
1527431790.91	4300	59.748855	0.0	2289689	25	4.3
1527431794.81	4300	59.998551	0.0	2059512	23	4.3
1527431798.7	4300	59.998121	0.0	2220726	20	4.3
1527431802.59	4300	59.997858	0.0	2156729	24	4.3
1527431806.99	4300	59.748815	0.0	2039773	23	4.3
1527431810.88	4300	59.997927	0.0	2176469	21	4.3
1527431814.77	4300	59.998971	0.0	2221506	23	4.3
1527431819.18	4300	59.748854	0.0	2044075	21	4.3
1527431823.07	4300	59.499005	0.0	2186790	25	4.3
1527431826.97	4300	59.748697	0.0	2105231	23	4.3
1527431830.86	4300	59.748552	0.0	2395588	22	4.3
1527431834.75	4300	59.999265	0.0	1972048	21	4.3
1527431838.64	4300	59.998454	0.0	2134614	25	4.3
1527431842.54	4300	59.998158	0.0	2164140	23	4.3
1527431846.94	4300	59.747852	0.0	2113193	24	4.3
1527431850.83	4300	59.999137	0.0	2147852	24	4.3
1527431854.73	4300	59.997899	0.0	2191074	25	4.3
1527431858.63	4300	59.999161	0.0	2286761	24	4.3
1527431862.52	4300	59.997676	0.0	2307787	25	4.3
1527431866.93	4300	59.998616	0.0	2143948	24	4.3
1527431870.81	4300	59.747643	0.0	1919781	18	4.3
1527431874.71	4300	59.999223	0.0	2147467	22	4.3
1527431879.11	4300	59.748532	0.0	2133870	24	4.3
1527431882.51	4300	59.999381	0.0	2146120	33	4.3
1527431886.91	4300	59.747666	0.0	2108491	23	4.3
1527431890.8	4300	59.749045	0.0	2184571	21	4.3
1527431895.23	4300	59.748689	0.0	2121928	20	4.3
1527431898.63	4300	59.998693	0.0	2219102	24	4.3
1527431902.52	4300	59.998676	0.0	2124950	24	4.3
1527431906.93	4300	59.998584	0.0	2246506	31	4.3
1527431910.8	4300	59.748649	0.0	1961140	20	4.3
1527431915.17	4300	59.748437	0.0	2155012	23	4.3
1527431916.52	4300	59.668682	0.0	1433658	15	4.3

1527431917.26	750	4	0.016	668286	2	-0.06879999999999997
1527431917.65	4300	7.956695	0.0	2123065	15	0.75
1527431918.03	4300	11.574875	0.0	2177073	19	4.3
1527431918.4	4300	15.206589	0.0	2160877	16	4.3
1527431918.78	4300	18.826079	0.0	2233056	22	4.3
1527431919.17	4300	22.440193	0.0	1941625	22	4.3
1527431919.56	4300	26.052612	0.0	2157535	24	4.3
1527431919.95	4300	29.66077	0.0	2290172	26	4.3
1527431920.34	4300	33.266874	0.0	2055469	20	4.3
1527431920.73	4300	36.879242	0.0	2169201	24	4.3
1527431921.12	4300	40.489508	0.0	2173522	23	4.3
1527431921.52	4300	44.094493	0.0	2102452	22	4.3
1527431921.9	4300	47.709808	0.0	2209463	25	4.3
1527431922.3	4300	51.311197	0.0	2275376	31	4.3
1527431922.68	4300	54.931775	0.0	2005399	21	4.3
1527431923.07	4300	58.543859	0.0	2152483	25	4.3
1527431925.97	4300	59.74841	0.0	2289689	28	4.3
1527431930.36	4300	59.748133	0.0	2059512	20	4.3
1527431934.26	4300	59.749503	0.0	2220726	31	4.3
1527431937.65	4300	59.997857	0.0	2156729	24	4.3
1527431942.05	4300	59.74918	0.0	2039773	22	4.3
1527431945.96	4300	59.748217	0.0	2176469	25	4.3
1527431950.35	4300	59.74797	0.0	2221506	26	4.3
1527431954.25	4300	59.749168	0.0	2044075	22	4.3
1527431958.14	4300	59.749185	0.0	2186790	26	4.3
1527431962.04	4300	59.748701	0.0	2105231	23	4.3
1527431965.94	4300	59.749879	0.0	2395588	26	4.3
1527431969.83	4300	59.999166	0.0	1972048	21	4.3
1527431974.22	4300	59.499396	0.0	2134614	19	4.3
1527431977.62	4300	59.999492	0.0	2164140	24	4.3
1527431982.01	4300	59.998055	0.0	2113193	23	4.3
1527431985.9	4300	59.999025	0.0	2147852	21	4.3
1527431989.79	4300	59.998634	0.0	2191074	24	4.3
1527431994.2	4300	59.499354	0.0	2286761	26	4.3
1527431998.08	4300	59.997947	0.0	2307787	20	4.3
1527432001.98	4300	59.748295	0.0	2143948	22	4.3
1527432005.87	4300	59.998748	0.0	1919781	21	4.3
1527432009.77	4300	59.99879	0.0	2147467	23	4.3
1527432013.67	4300	59.999159	0.0	2133870	24	4.3
