1527380535.97	750	4	0.025	2354772	8	-0.10750000000000004
1527380536.34	4300	7.962274	0.0	2123065	25	0.75
1527380536.67	4300	11.62814	0.0	2177073	17	4.3
1527380537.01	4300	15.293143	0.0	2160877	20	4.3
1527380537.35	4300	18.945842	0.0	2233056	25	4.3
1527380537.69	4300	22.611868	0.0	1941625	21	4.3
1527380538.02	4300	26.277262	0.0	2157535	20	4.3
1527380538.36	4300	29.942163	0.0	2290172	20	4.3
1527380538.7	4300	33.59891	0.0	2055469	21	4.3
1527380539.04	4300	37.262209	0.0	2169201	25	4.3
1527380539.38	4300	40.919884	0.0	2173522	21	4.3
1527380539.73	4300	44.571828	0.0	2102452	35	4.3
1527380540.06	4300	48.237785	0.0	2209463	21	4.3
1527380540.41	4300	51.89302	0.0	2275376	16	4.3
1527380540.75	4300	55.553554	0.0	2005399	22	4.3
1527380541.08	4300	59.220485	0.0	2152483	20	4.3
1527380544.93	4300	59.498881	0.0	2289689	21	4.3
1527380548.78	4300	59.998712	0.0	2059512	22	4.3
1527380552.63	4300	59.749393	0.0	2220726	26	4.3
1527380556.48	4300	59.998981	0.0	2156729	19	4.3
1527380560.83	4300	59.498937	0.0	2039773	22	4.3
1527380564.69	4300	59.998041	0.0	2176469	25	4.3
1527380569.04	4300	59.748421	0.0	2221506	20	4.3
1527380572.88	4300	59.49799	0.0	2044075	20	4.3
1527380576.72	4300	59.998275	0.0	2186790	19	4.3
1527380580.57	4300	59.749071	0.0	2105231	19	4.3
1527380584.92	4300	59.748571	0.0	2395588	26	4.3
1527380588.79	4300	59.999006	0.0	1972048	25	4.3
1527380592.65	4300	59.74913	0.0	2134614	25	4.3
1527380597.0	4300	59.499383	0.0	2164140	21	4.3
1527380600.84	4300	59.749227	0.0	2113193	22	4.3
1527380604.69	4300	59.749554	0.0	2147852	21	4.3
1527380608.54	4300	59.997789	0.0	2191074	24	4.3
1527380612.39	4300	59.998084	0.0	2286761	25	4.3
1527380616.74	4300	59.74814	0.0	2307787	22	4.3
1527380620.58	4300	59.74835	0.0	2143948	22	4.3
1527380624.92	4300	59.498988	0.0	1919781	18	4.3
1527380628.77	4300	59.749282	0.0	2147467	24	4.3
1527380632.63	4300	59.998069	0.0	2133870	37	4.3
1527380636.48	4300	59.99894	0.0	2146120	23	4.3
1527380640.83	4300	59.748074	0.0	2108491	23	4.3
1527380644.67	4300	59.748205	0.0	2184571	24	4.3
1527380648.52	4300	59.998219	0.0	2121928	20	4.3
1527380652.87	4300	59.747862	0.0	2219102	18	4.3
1527380656.72	4300	59.747602	0.0	2124950	24	4.3
1527380660.57	4300	59.998023	0.0	2246506	25	4.3
1527380664.91	4300	59.499355	0.0	1961140	18	4.3
1527380668.76	4300	59.749243	0.0	2155012	22	4.3
1527380670.11	4300	59.928833	0.0	1433658	21	4.3

1527380670.86	750	4	0.021	668286	3	-0.09030000000000005
1527380671.21	4300	7.952761	0.0	2123065	17	0.75
1527380671.55	4300	11.611312	0.0	2177073	28	4.3
1527380671.89	4300	15.276362	0.0	2160877	21	4.3
1527380672.23	4300	18.928743	0.0	2233056	24	4.3
1527380672.57	4300	22.593458	0.0	1941625	21	4.3
1527380672.9	4300	26.25871	0.0	2157535	22	4.3
1527380673.24	4300	29.922453	0.0	2290172	20	4.3
1527380673.59	4300	33.575924	0.0	2055469	25	4.3
1527380673.92	4300	37.240011	0.0	2169201	23	4.3
1527380674.26	4300	40.906067	0.0	2173522	21	4.3
1527380674.61	4300	44.559098	0.0	2102452	24	4.3
1527380674.95	4300	48.215648	0.0	2209463	27	4.3
1527380675.3	4300	51.8642	0.0	2275376	24	4.3
1527380675.63	4300	55.530892	0.0	2005399	21	4.3
1527380675.98	4300	59.185053	0.0	2152483	25	4.3
1527380679.83	4300	59.498968	0.0	2289689	27	4.3
1527380683.17	4300	59.999367	0.0	2059512	20	4.3
1527380687.53	4300	59.747899	0.0	2220726	24	4.3
1527380691.38	4300	59.999172	0.0	2156729	25	4.3
1527380695.73	4300	59.74871	0.0	2039773	22	4.3
1527380699.57	4300	59.997808	0.0	2176469	23	4.3
1527380703.42	4300	59.749083	0.0	2221506	20	4.3
1527380707.78	4300	59.499405	0.0	2044075	22	4.3
1527380711.63	4300	59.749345	0.0	2186790	25	4.3
1527380715.48	4300	59.99859	0.0	2105231	22	4.3
1527380719.83	4300	59.498386	0.0	2395588	21	4.3
1527380723.67	4300	59.747798	0.0	1972048	18	4.3
1527380727.53	4300	59.749419	0.0	2134614	32	4.3
1527380731.38	4300	59.998104	0.0	2164140	24	4.3
1527380735.72	4300	59.748849	0.0	2113193	20	4.3
1527380739.56	4300	59.749144	0.0	2147852	22	4.3
1527380743.41	4300	59.998253	0.0	2191074	20	4.3
1527380747.27	4300	59.999327	0.0	2286761	25	4.3
1527380751.62	4300	59.99824	0.0	2307787	24	4.3
1527380755.46	4300	59.749236	0.0	2143948	23	4.3
1527380759.31	4300	59.999415	0.0	1919781	19	4.3
1527380763.64	4300	59.749586	0.0	2147467	10	4.3
1527380767.49	4300	59.998297	0.0	2133870	24	4.3
1527380771.86	4300	59.498666	0.0	2146120	41	4.3
1527380775.71	4300	59.749361	0.0	2108491	24	4.3
1527380779.56	4300	59.749368	0.0	2184571	22	4.3
1527380783.41	4300	59.999266	0.0	2121928	22	4.3
1527380787.76	4300	59.498111	0.0	2219102	25	4.3
1527380791.61	4300	59.998732	0.0	2124950	24	4.3
1527380795.46	4300	59.99799	0.0	2246506	23	4.3
1527380799.8	4300	59.748661	0.0	1961140	19	4.3
1527380803.65	4300	59.998569	0.0	2155012	22	4.3
1527380804.99	4300	59.927866	0.0	1433658	17	4.3

1527380805.73	750	4	0.018	668286	3	-0.07740000000000002
1527380806.08	4300	7.953244	0.0	2123065	18	0.75
1527380806.42	4300	11.618098	0.0	2177073	17	4.3
1527380806.77	4300	15.260275	0.0	2160877	44	4.3
1527380807.12	4300	18.917847	0.0	2233056	25	4.3
1527380807.45	4300	22.582913	0.0	1941625	21	4.3
