1527418138.38	750	4	0.028	2354772	8	-0.12039999999999995
1527418138.75	4300	7.962301	0.0	2123065	25	0.75
1527418139.08	4300	11.630153	0.0	2177073	17	4.3
1527418139.4	4300	15.311847	0.0	2160877	13	4.3
1527418139.74	4300	18.968536	0.0	2233056	25	4.3
1527418140.07	4300	22.638861	0.0	1941625	18	4.3
1527418140.38	4300	26.329788	0.0	2157535	7	4.3
1527418140.72	4300	29.987944	0.0	2290172	25	4.3
1527418141.06	4300	33.651799	0.0	2055469	22	4.3
1527418141.39	4300	37.318435	0.0	2169201	21	4.3
1527418141.73	4300	40.977304	0.0	2173522	20	4.3
1527418142.07	4300	44.639452	0.0	2102452	23	4.3
1527418142.4	4300	48.310652	0.0	2209463	18	4.3
1527418142.73	4300	51.981756	0.0	2275376	19	4.3
1527418143.06	4300	55.646055	0.0	2005399	23	4.3
1527418143.38	4300	59.325949	0.0	2152483	14	4.3
1527418146.73	4300	59.99873	0.0	2289689	25	4.3
1527418151.07	4300	59.74901	0.0	2059512	18	4.3
1527418154.93	4300	59.99892	0.0	2220726	25	4.3
1527418158.77	4300	59.997736	0.0	2156729	16	4.3
1527418163.11	4300	59.749247	0.0	2039773	15	4.3
1527418167.45	4300	59.749233	0.0	2176469	22	4.3
1527418170.8	4300	59.999453	0.0	2221506	23	4.3
1527418175.16	4300	59.748737	0.0	2044075	22	4.3
1527418179.01	4300	59.748784	0.0	2186790	23	4.3
1527418183.35	4300	59.498679	0.0	2105231	21	4.3
1527418187.2	4300	59.997722	0.0	2395588	26	4.3
1527418191.05	4300	59.997498	0.0	1972048	30	4.3
1527418195.41	4300	59.49862	0.0	2134614	24	4.3
1527418199.26	4300	59.49806	0.0	2164140	24	4.3
1527418203.11	4300	59.748993	0.0	2113193	21	4.3
1527418206.95	4300	59.998818	0.0	2147852	19	4.3
1527418210.8	4300	59.998505	0.0	2191074	25	4.3
1527418215.15	4300	59.749004	0.0	2286761	25	4.3
1527418219.0	4300	59.748719	0.0	2307787	27	4.3
1527418222.84	4300	59.997853	0.0	2143948	22	4.3
1527418227.19	4300	59.997839	0.0	1919781	18	4.3
1527418231.03	4300	59.748594	0.0	2147467	22	4.3
1527418235.39	4300	59.748749	0.0	2133870	32	4.3
1527418239.24	4300	59.498536	0.0	2146120	24	4.3
1527418243.09	4300	59.748993	0.0	2108491	23	4.3
1527418246.94	4300	59.998663	0.0	2184571	21	4.3
1527418250.79	4300	59.99878	0.0	2121928	24	4.3
1527418255.14	4300	59.74842	0.0	2219102	25	4.3
1527418259.0	4300	59.99881	0.0	2124950	24	4.3
1527418263.35	4300	59.748451	0.0	2246506	25	4.3
1527418267.2	4300	59.998362	0.0	1961140	22	4.3
1527418271.05	4300	59.998297	0.0	2155012	24	4.3
1527418272.88	4300	59.677999	0.0	1433658	16	4.3

1527418273.66	750	4	0.018	668286	3	-0.07740000000000002
1527418274.0	4300	7.956202	0.0	2123065	15	0.75
1527418274.36	4300	11.607626	0.0	2177073	30	4.3
1527418274.68	4300	15.275506	0.0	2160877	12	4.3
1527418275.01	4300	18.940666	0.0	2233056	20	4.3
1527418275.36	4300	22.60231	0.0	1941625	21	4.3
1527418275.7	4300	26.260731	0.0	2157535	24	4.3
1527418276.03	4300	29.926927	0.0	2290172	23	4.3
1527418276.36	4300	33.595762	0.0	2055469	20	4.3
1527418276.7	4300	37.259636	0.0	2169201	21	4.3
1527418277.04	4300	40.91681	0.0	2173522	23	4.3
1527418277.38	4300	44.573977	0.0	2102452	20	4.3
1527418277.72	4300	48.236134	0.0	2209463	21	4.3
1527418278.07	4300	51.888299	0.0	2275376	26	4.3
1527418278.4	4300	55.554531	0.0	2005399	20	4.3
1527418278.74	4300	59.220275	0.0	2152483	20	4.3
1527418282.58	4300	59.748233	0.0	2289689	21	4.3
1527418286.43	4300	59.747828	0.0	2059512	16	4.3
1527418290.28	4300	59.998995	0.0	2220726	33	4.3
1527418294.62	4300	59.749412	0.0	2156729	19	4.3
1527418297.97	4300	59.998578	0.0	2039773	23	4.3
1527418302.32	4300	59.748525	0.0	2176469	24	4.3
1527418306.17	4300	59.99861	0.0	2221506	24	4.3
1527418310.02	4300	59.999239	0.0	2044075	25	4.3
1527418314.36	4300	59.999266	0.0	2186790	22	4.3
1527418318.21	4300	59.998366	0.0	2105231	24	4.3
1527418322.55	4300	59.499345	0.0	2395588	24	4.3
1527418326.4	4300	59.749253	0.0	1972048	21	4.3
1527418330.26	4300	59.997735	0.0	2134614	21	4.3
1527418334.61	4300	59.748727	0.0	2164140	25	4.3
1527418338.46	4300	59.749599	0.0	2113193	24	4.3
1527418342.31	4300	59.749004	0.0	2147852	23	4.3
1527418346.66	4300	59.498783	0.0	2191074	23	4.3
1527418350.01	4300	59.998695	0.0	2286761	20	4.3
1527418354.36	4300	59.748908	0.0	2307787	23	4.3
1527418358.71	4300	59.747583	0.0	2143948	22	4.3
1527418362.55	4300	59.49901	0.0	1919781	21	4.3
1527418366.4	4300	59.997559	0.0	2147467	20	4.3
1527418370.24	4300	59.748965	0.0	2133870	20	4.3
1527418374.59	4300	59.748412	0.0	2146120	18	4.3
1527418378.44	4300	59.997999	0.0	2108491	18	4.3
1527418382.29	4300	59.748363	0.0	2184571	22	4.3
1527418386.14	4300	59.998993	0.0	2121928	21	4.3
1527418389.98	4300	59.997618	0.0	2219102	20	4.3
1527418394.32	4300	59.997947	0.0	2124950	19	4.3
1527418398.17	4300	59.998889	0.0	2246506	20	4.3
1527418402.02	4300	59.999297	0.0	1961140	23	4.3
1527418406.37	4300	59.997977	0.0	2155012	24	4.3
1527418408.21	4300	59.67748	0.0	1433658	15	4.3

1527418408.99	750	4	0.017	668286	2	-0.07309999999999994
1527418409.33	4300	7.95531	0.0	2123065	16	0.75
1527418409.67	4300	11.617913	0.0	2177073	22	4.3
1527418410.0	4300	15.290572	0.0	2160877	21	4.3
1527418410.34	4300	18.94926	0.0	2233056	26	4.3
1527418410.67	4300	22.616301	0.0	1941625	21	4.3
1527418411.01	4300	26.282202	0.0	2157535	21	4.3
1527418411.34	4300	29.949886	0.0	2290172	18	4.3
1527418411.67	4300	33.62093	0.0	2055469	17	4.3
1527418412.0	4300	37.286124	0.0	2169201	20	4.3
1527418412.35	4300	40.943041	0.0	2173522	24	4.3
1527418412.68	4300	44.604217	0.0	2102452	23	4.3
1527418413.02	4300	48.268438	0.0	2209463	22	4.3
1527418413.37	4300	51.919226	0.0	2275376	31	4.3
1527418413.7	4300	55.584921	0.0	2005399	19	4.3
1527418414.04	4300	59.246119	0.0	2152483	21	4.3
1527418417.4	4300	59.998884	0.0	2289689	26	4.3
1527418421.74	4300	59.998341	0.0	2059512	18	4.3
1527418425.59	4300	59.748925	0.0	2220726	21	4.3
1527418429.93	4300	59.749235	0.0	2156729	21	4.3
1527418433.78	4300	59.749647	0.0	2039773	21	4.3
1527418437.62	4300	59.74915	0.0	2176469	19	4.3
1527418441.98	4300	59.749049	0.0	2221506	25	4.3
1527418445.33	4300	59.997688	0.0	2044075	22	4.3
1527418449.68	4300	59.748684	0.0	2186790	19	4.3
1527418453.52	4300	59.997894	0.0	2105231	21	4.3
1527418457.37	4300	59.998199	0.0	2395588	22	4.3
1527418461.72	4300	59.998617	0.0	1972048	22	4.3
1527418465.58	4300	59.999085	0.0	2134614	37	4.3
1527418469.44	4300	59.997663	0.0	2164140	25	4.3
1527418473.8	4300	59.497757	0.0	2113193	24	4.3
1527418477.65	4300	59.748091	0.0	2147852	21	4.3
1527418482.0	4300	59.499009	0.0	2191074	24	4.3
1527418485.35	4300	59.998447	0.0	2286761	26	4.3
