1527425002.66	750	4	0.028	2354772	8	-0.12039999999999995
1527425003.0	4300	7.659614	0.0	2123065	14	0.75
1527425003.33	4300	11.332635	0.0	2177073	16	4.3
1527425003.65	4300	15.007968	0.0	2160877	15	4.3
1527425004.0	4300	18.66185	0.0	2233056	26	4.3
1527425004.33	4300	22.327777	0.0	1941625	23	4.3
1527425004.67	4300	25.992447	0.0	2157535	24	4.3
1527425005.0	4300	29.660219	0.0	2290172	19	4.3
1527425005.33	4300	33.328265	0.0	2055469	18	4.3
1527425005.66	4300	36.997276	0.0	2169201	17	4.3
1527425006.01	4300	40.648007	0.0	2173522	24	4.3
1527425006.32	4300	44.336859	0.0	2102452	6	4.3
1527425006.66	4300	48.003999	0.0	2209463	19	4.3
1527425007.0	4300	51.6604	0.0	2275376	26	4.3
1527425007.34	4300	55.327025	0.0	2005399	22	4.3
1527425007.69	4300	58.969554	0.0	2152483	25	4.3
1527425011.03	4300	59.997996	0.0	2289689	16	4.3
1527425015.37	4300	59.498818	0.0	2059512	20	4.3
1527425019.22	4300	59.748929	0.0	2220726	24	4.3
1527425023.06	4300	59.998709	0.0	2156729	19	4.3
1527425026.9	4300	59.998745	0.0	2039773	20	4.3
1527425031.25	4300	59.748335	0.0	2176469	21	4.3
1527425035.09	4300	59.747549	0.0	2221506	20	4.3
1527425038.93	4300	59.997976	0.0	2044075	19	4.3
1527425042.77	4300	59.997669	0.0	2186790	21	4.3
1527425047.13	4300	59.999032	0.0	2105231	24	4.3
1527425050.98	4300	59.998812	0.0	2395588	28	4.3
1527425054.84	4300	59.998985	0.0	1972048	33	4.3
1527425058.69	4300	59.999414	0.0	2134614	26	4.3
1527425063.04	4300	59.998677	0.0	2164140	25	4.3
1527425067.39	4300	59.498143	0.0	2113193	23	4.3
1527425070.74	4300	59.998061	0.0	2147852	23	4.3
1527425075.09	4300	59.998217	0.0	2191074	26	4.3
1527425078.94	4300	59.998615	0.0	2286761	25	4.3
1527425083.29	4300	59.749438	0.0	2307787	25	4.3
1527425087.14	4300	59.749099	0.0	2143948	23	4.3
1527425090.98	4300	59.998846	0.0	1919781	19	4.3
1527425095.32	4300	59.4991	0.0	2147467	19	4.3
1527425099.17	4300	59.499468	0.0	2133870	24	4.3
1527425103.01	4300	59.749023	0.0	2146120	21	4.3
1527425106.86	4300	59.998574	0.0	2108491	24	4.3
1527425110.72	4300	59.999288	0.0	2184571	23	4.3
1527425115.06	4300	59.998134	0.0	2121928	23	4.3
1527425118.91	4300	59.99771	0.0	2219102	26	4.3
1527425122.76	4300	59.998273	0.0	2124950	23	4.3
1527425127.11	4300	59.748296	0.0	2246506	27	4.3
1527425130.96	4300	59.747732	0.0	1961140	24	4.3
1527425134.81	4300	59.997813	0.0	2155012	24	4.3
1527425136.64	4300	59.927845	0.0	1433658	17	4.3

1527425137.4	750	4	0.026	2354772	6	-0.11180000000000001
1527425137.72	4300	7.983133	0.0	2123065	8	0.75
1527425138.05	4300	11.641851	0.0	2177073	18	4.3
1527425138.4	4300	15.29802	0.0	2160877	25	4.3
1527425138.74	4300	18.955113	0.0	2233056	25	4.3
1527425139.08	4300	22.617805	0.0	1941625	23	4.3
1527425139.42	4300	26.275753	0.0	2157535	25	4.3
1527425139.76	4300	29.938167	0.0	2290172	24	4.3
1527425140.09	4300	33.606052	0.0	2055469	22	4.3
1527425140.44	4300	37.255389	0.0	2169201	26	4.3
1527425140.78	4300	40.915228	0.0	2173522	26	4.3
1527425141.11	4300	44.584963	0.0	2102452	20	4.3
1527425141.43	4300	48.269115	0.0	2209463	13	4.3
1527425141.76	4300	51.937267	0.0	2275376	21	4.3
1527425142.09	4300	55.602654	0.0	2005399	22	4.3
1527425142.42	4300	59.28135	0.0	2152483	15	4.3
1527425145.75	4300	59.998945	0.0	2289689	20	4.3
1527425150.11	4300	59.998381	0.0	2059512	23	4.3
1527425153.95	4300	59.998027	0.0	2220726	22	4.3
1527425157.79	4300	59.998825	0.0	2156729	20	4.3
1527425162.13	4300	59.7497	0.0	2039773	18	4.3
1527425165.98	4300	59.998481	0.0	2176469	24	4.3
1527425169.83	4300	59.999229	0.0	2221506	23	4.3
1527425174.17	4300	59.749034	0.0	2044075	16	4.3
1527425178.01	4300	59.7481	0.0	2186790	23	4.3
1527425182.36	4300	59.748922	0.0	2105231	21	4.3
1527425186.21	4300	59.74889	0.0	2395588	24	4.3
1527425190.04	4300	59.748921	0.0	1972048	18	4.3
1527425193.89	4300	59.999344	0.0	2134614	19	4.3
1527425198.23	4300	59.498813	0.0	2164140	18	4.3
1527425202.08	4300	59.74896	0.0	2113193	22	4.3
1527425205.92	4300	59.99915	0.0	2147852	18	4.3
1527425210.26	4300	59.499089	0.0	2191074	20	4.3
1527425214.11	4300	59.748097	0.0	2286761	23	4.3
1527425217.96	4300	59.997539	0.0	2307787	24	4.3
1527425222.31	4300	59.747482	0.0	2143948	24	4.3
1527425226.15	4300	59.748655	0.0	1919781	20	4.3
1527425230.01	4300	59.748285	0.0	2147467	23	4.3
1527425234.36	4300	59.748596	0.0	2133870	26	4.3
1527425238.22	4300	59.74896	0.0	2146120	39	4.3
1527425242.05	4300	59.748753	0.0	2108491	6	4.3
1527425246.4	4300	59.747458	0.0	2184571	25	4.3
1527425249.75	4300	59.997506	0.0	2121928	24	4.3
