1527395963.84	750	4	0.025	2354772	10	-0.10750000000000004
1527395964.17	4300	7.964954	0.0	2123065	20	0.75
1527395964.52	4300	11.620189	0.0	2177073	25	4.3
1527395964.85	4300	15.284091	0.0	2160877	26	4.3
1527395965.19	4300	18.951152	0.0	2233056	20	4.3
1527395965.53	4300	22.607478	0.0	1941625	23	4.3
1527395965.89	4300	26.240862	0.0	2157535	24	4.3
1527395966.23	4300	29.902588	0.0	2290172	25	4.3
1527395966.57	4300	33.570609	0.0	2055469	21	4.3
1527395966.9	4300	37.236925	0.0	2169201	21	4.3
1527395967.25	4300	40.885097	0.0	2173522	27	4.3
1527395967.59	4300	44.544975	0.0	2102452	26	4.3
1527395967.94	4300	48.201563	0.0	2209463	25	4.3
1527395968.27	4300	51.864945	0.0	2275376	25	4.3
1527395968.61	4300	55.531122	0.0	2005399	21	4.3
1527395968.95	4300	59.188097	0.0	2152483	24	4.3
1527395972.3	4300	59.998534	0.0	2289689	27	4.3
1527395976.64	4300	59.74915	0.0	2059512	19	4.3
1527395980.99	4300	59.498534	0.0	2220726	21	4.3
1527395984.83	4300	59.748766	0.0	2156729	21	4.3
1527395988.18	4300	59.998804	0.0	2039773	21	4.3
1527395992.53	4300	59.74968	0.0	2176469	27	4.3
1527395996.88	4300	59.49847	0.0	2221506	27	4.3
1527396000.73	4300	59.499403	0.0	2044075	21	4.3
1527396004.57	4300	59.999314	0.0	2186790	23	4.3
1527396008.41	4300	59.749465	0.0	2105231	23	4.3
1527396012.26	4300	59.997933	0.0	2395588	23	4.3
1527396016.6	4300	59.749904	0.0	1972048	18	4.3
1527396020.45	4300	59.748172	0.0	2134614	23	4.3
1527396024.29	4300	59.998986	0.0	2164140	21	4.3
1527396028.14	4300	59.99897	0.0	2113193	24	4.3
1527396032.49	4300	59.748507	0.0	2147852	26	4.3
1527396036.34	4300	59.999443	0.0	2191074	26	4.3
1527396040.18	4300	59.999015	0.0	2286761	25	4.3
1527396044.53	4300	59.748843	0.0	2307787	23	4.3
1527396048.38	4300	59.998452	0.0	2143948	23	4.3
1527396052.23	4300	59.999142	0.0	1919781	21	4.3
1527396056.59	4300	59.74957	0.0	2147467	25	4.3
1527396060.45	4300	59.749144	0.0	2133870	26	4.3
1527396064.8	4300	59.749005	0.0	2146120	26	4.3
1527396068.15	4300	59.998173	0.0	2108491	26	4.3
1527396072.5	4300	59.747952	0.0	2184571	19	4.3
1527396076.86	4300	59.497964	0.0	2121928	24	4.3
1527396080.71	4300	59.4989	0.0	2219102	25	4.3
1527396084.56	4300	59.999471	0.0	2124950	24	4.3
1527396088.41	4300	59.749614	0.0	2246506	21	4.3
1527396092.26	4300	59.999055	0.0	1961140	21	4.3
1527396096.61	4300	59.748005	0.0	2155012	25	4.3
1527396097.95	4300	59.928895	0.0	1433658	21	4.3

1527396098.74	750	4	0.028	2354772	7	-0.12039999999999995
1527396099.08	4300	7.660919	0.0	2123065	22	0.75
1527396099.41	4300	11.326889	0.0	2177073	20	4.3
1527396099.76	4300	14.982469	0.0	2160877	24	4.3
1527396100.1	4300	18.640256	0.0	2233056	25	4.3
1527396100.44	4300	22.299336	0.0	1941625	22	4.3
1527396100.78	4300	25.958923	0.0	2157535	25	4.3
1527396101.12	4300	29.619545	0.0	2290172	24	4.3
1527396101.46	4300	33.277224	0.0	2055469	23	4.3
1527396101.8	4300	36.937214	0.0	2169201	26	4.3
1527396102.14	4300	40.60173	0.0	2173522	23	4.3
1527396102.49	4300	44.250713	0.0	2102452	38	4.3
1527396102.83	4300	47.912548	0.0	2209463	24	4.3
1527396103.18	4300	51.564996	0.0	2275376	27	4.3
1527396103.51	4300	55.226949	0.0	2005399	24	4.3
1527396103.85	4300	58.892252	0.0	2152483	25	4.3
1527396107.2	4300	59.999122	0.0	2289689	16	4.3
1527396111.04	4300	59.998985	0.0	2059512	22	4.3
1527396115.4	4300	59.499198	0.0	2220726	28	4.3
1527396119.26	4300	59.499405	0.0	2156729	24	4.3
1527396123.11	4300	59.99883	0.0	2039773	24	4.3
1527396127.46	4300	59.497912	0.0	2176469	21	4.3
1527396130.8	4300	59.998768	0.0	2221506	21	4.3
1527396135.15	4300	59.748759	0.0	2044075	22	4.3
1527396139.0	4300	59.998116	0.0	2186790	25	4.3
1527396142.84	4300	59.998914	0.0	2105231	22	4.3
1527396147.19	4300	59.99944	0.0	2395588	25	4.3
1527396151.04	4300	59.998731	0.0	1972048	22	4.3
1527396155.39	4300	59.49832	0.0	2134614	30	4.3
1527396159.25	4300	59.748344	0.0	2164140	26	4.3
1527396163.1	4300	59.747748	0.0	2113193	25	4.3
1527396166.94	4300	59.999321	0.0	2147852	15	4.3
1527396170.8	4300	59.998023	0.0	2191074	23	4.3
1527396175.15	4300	59.749267	0.0	2286761	26	4.3
1527396179.0	4300	59.749377	0.0	2307787	26	4.3
1527396182.84	4300	59.998494	0.0	2143948	20	4.3
1527396187.2	4300	59.99929	0.0	1919781	24	4.3
1527396191.05	4300	59.998821	0.0	2147467	26	4.3
1527396194.9	4300	59.998276	0.0	2133870	25	4.3
1527396199.23	4300	59.749352	0.0	2146120	16	4.3
1527396203.08	4300	59.747942	0.0	2108491	24	4.3
1527396207.43	4300	59.748681	0.0	2184571	25	4.3
1527396211.28	4300	59.748187	0.0	2121928	24	4.3
1527396215.13	4300	59.997937	0.0	2219102	19	4.3
1527396218.98	4300	59.998858	0.0	2124950	25	4.3
1527396222.81	4300	59.997629	0.0	2246506	8	4.3
1527396227.16	4300	59.747733	0.0	1961140	22	4.3
1527396231.0	4300	59.997683	0.0	2155012	12	4.3
1527396232.83	4300	59.678142	0.0	1433658	17	4.3

1527396233.61	750	4	0.024	2354772	9	-0.10319999999999996
1527396233.95	4300	7.959028	0.0	2123065	26	0.75
1527396234.27	4300	11.633366	0.0	2177073	14	4.3
1527396234.59	4300	15.322909	0.0	2160877	10	4.3
1527396234.94	4300	18.972503	0.0	2233056	37	4.3
1527396235.27	4300	22.638813	0.0	1941625	23	4.3
1527396235.61	4300	26.304052	0.0	2157535	24	4.3
1527396235.94	4300	29.970211	0.0	2290172	23	4.3
1527396236.27	4300	33.639508	0.0	2055469	20	4.3
1527396236.6	4300	37.308081	0.0	2169201	21	4.3
1527396236.93	4300	40.976074	0.0	2173522	19	4.3
1527396237.27	4300	44.643272	0.0	2102452	19	4.3
1527396237.61	4300	48.298488	0.0	2209463	27	4.3
1527396237.95	4300	51.955129	0.0	2275376	23	4.3
1527396238.29	4300	55.62268	0.0	2005399	11	4.3
1527396238.63	4300	59.278696	0.0	2152483	27	4.3
1527396241.98	4300	59.998544	0.0	2289689	26	4.3
1527396246.33	4300	59.748398	0.0	2059512	23	4.3
1527396250.19	4300	59.998537	0.0	2220726	40	4.3
1527396254.55	4300	59.748825	0.0	2156729	26	4.3
1527396258.9	4300	59.250091	0.0	2039773	23	4.3
1527396262.25	4300	59.750135	0.0	2176469	25	4.3
1527396266.6	4300	59.749894	0.0	2221506	22	4.3
