1527484784.74	750	4	0.028	2354772	8	-0.12039999999999995
1527484785.11	4300	7.966882	0.0	2123065	19	0.75
1527484785.45	4300	11.628684	0.0	2177073	16	4.3
1527484785.79	4300	15.284426	0.0	2160877	24	4.3
1527484786.13	4300	18.949795	0.0	2233056	23	4.3
1527484786.45	4300	22.621036	0.0	1941625	16	4.3
1527484786.79	4300	26.285669	0.0	2157535	19	4.3
1527484787.12	4300	29.95164	0.0	2290172	21	4.3
1527484787.46	4300	33.611368	0.0	2055469	22	4.3
1527484787.8	4300	37.271771	0.0	2169201	25	4.3
1527484788.15	4300	40.930083	0.0	2173522	20	4.3
1527484788.49	4300	44.580647	0.0	2102452	17	4.3
1527484788.83	4300	48.24475	0.0	2209463	22	4.3
1527484789.17	4300	51.899461	0.0	2275376	25	4.3
1527484789.51	4300	55.563587	0.0	2005399	23	4.3
1527484789.85	4300	59.225609	0.0	2152483	20	4.3
1527484793.21	4300	59.99794	0.0	2289689	24	4.3
1527484797.56	4300	59.749148	0.0	2059512	23	4.3
1527484801.42	4300	59.74945	0.0	2220726	23	4.3
1527484805.73	4300	59.749022	0.0	2156729	7	4.3
1527484809.08	4300	59.999008	0.0	2039773	22	4.3
1527484813.42	4300	59.998705	0.0	2176469	20	4.3
1527484817.27	4300	59.998622	0.0	2221506	20	4.3
1527484821.63	4300	59.74833	0.0	2044075	23	4.3
1527484825.48	4300	59.998942	0.0	2186790	23	4.3
1527484829.33	4300	59.998034	0.0	2105231	22	4.3
1527484833.68	4300	59.49876	0.0	2395588	21	4.3
1527484837.53	4300	59.9985	0.0	1972048	32	4.3
1527484841.39	4300	59.999119	0.0	2134614	23	4.3
1527484845.23	4300	59.99783	0.0	2164140	20	4.3
1527484849.59	4300	59.74903	0.0	2113193	24	4.3
1527484853.44	4300	59.749478	0.0	2147852	25	4.3
1527484857.79	4300	59.498748	0.0	2191074	22	4.3
1527484861.14	4300	59.998802	0.0	2286761	22	4.3
1527484865.49	4300	59.998652	0.0	2307787	24	4.3
1527484869.34	4300	59.747644	0.0	2143948	23	4.3
1527484873.18	4300	59.99927	0.0	1919781	20	4.3
1527484877.53	4300	59.747558	0.0	2147467	21	4.3
1527484881.39	4300	59.749452	0.0	2133870	23	4.3
1527484885.75	4300	59.498828	0.0	2146120	24	4.3
1527484889.59	4300	59.748749	0.0	2108491	24	4.3
1527484893.44	4300	59.998454	0.0	2184571	21	4.3
1527484897.79	4300	59.748656	0.0	2121928	24	4.3
1527484901.15	4300	59.997878	0.0	2219102	26	4.3
1527484905.49	4300	59.998439	0.0	2124950	19	4.3
1527484909.34	4300	59.748998	0.0	2246506	21	4.3
1527484913.2	4300	59.998682	0.0	1961140	22	4.3
1527484917.54	4300	59.747581	0.0	2155012	24	4.3
1527484919.38	4300	59.428797	0.0	1433658	16	4.3

1527484920.12	750	4	0.018	668286	2	-0.07740000000000002
1527484920.47	4300	7.944652	0.0	2123065	23	0.75
1527484920.82	4300	11.598839	0.0	2177073	15	4.3
1527484921.13	4300	15.287822	0.0	2160877	8	4.3
1527484921.46	4300	18.954708	0.0	2233056	20	4.3
1527484921.8	4300	22.616117	0.0	1941625	22	4.3
1527484922.14	4300	26.275886	0.0	2157535	25	4.3
1527484922.48	4300	29.941057	0.0	2290172	22	4.3
1527484922.81	4300	33.609491	0.0	2055469	19	4.3
1527484923.15	4300	37.264784	0.0	2169201	26	4.3
1527484923.49	4300	40.925936	0.0	2173522	24	4.3
1527484923.86	4300	44.590998	0.0	2102452	21	4.3
1527484924.19	4300	48.228721	0.0	2209463	19	4.3
1527484924.55	4300	51.867561	0.0	2275376	41	4.3
1527484924.88	4300	55.535799	0.0	2005399	17	4.3
1527484925.21	4300	59.203961	0.0	2152483	18	4.3
1527484929.07	4300	59.499458	0.0	2289689	26	4.3
1527484932.91	4300	59.999153	0.0	2059512	21	4.3
1527484936.77	4300	59.748191	0.0	2220726	22	4.3
1527484940.62	4300	59.997952	0.0	2156729	23	4.3
1527484944.97	4300	59.749343	0.0	2039773	24	4.3
1527484948.79	4300	59.74788	0.0	2176469	6	4.3
1527484952.64	4300	59.998622	0.0	2221506	22	4.3
1527484956.99	4300	59.499366	0.0	2044075	23	4.3
1527484960.85	4300	59.749261	0.0	2186790	24	4.3
1527484964.69	4300	59.998222	0.0	2105231	21	4.3
1527484969.04	4300	59.748581	0.0	2395588	22	4.3
1527484972.88	4300	59.749476	0.0	1972048	19	4.3
1527484976.74	4300	59.748254	0.0	2134614	31	4.3
1527484981.09	4300	59.748129	0.0	2164140	24	4.3
1527484984.93	4300	59.749021	0.0	2113193	23	4.3
1527484988.78	4300	59.749191	0.0	2147852	21	4.3
1527484992.62	4300	59.998876	0.0	2191074	19	4.3
1527484996.46	4300	59.999071	0.0	2286761	21	4.3
1527485000.82	4300	59.747703	0.0	2307787	18	4.3
1527485005.17	4300	59.749371	0.0	2143948	24	4.3
1527485008.52	4300	59.998033	0.0	1919781	20	4.3
1527485012.86	4300	59.749527	0.0	2147467	19	4.3
1527485016.71	4300	59.748834	0.0	2133870	22	4.3
1527485020.57	4300	59.998862	0.0	2146120	34	4.3
1527485024.92	4300	59.749118	0.0	2108491	22	4.3
1527485028.77	4300	59.748017	0.0	2184571	23	4.3
1527485032.61	4300	59.998916	0.0	2121928	21	4.3
1527485036.45	4300	59.997991	0.0	2219102	17	4.3
1527485040.81	4300	59.998603	0.0	2124950	24	4.3
1527485045.16	4300	59.747627	0.0	2246506	27	4.3
1527485048.51	4300	59.998672	0.0	1961140	21	4.3
1527485052.86	4300	59.748533	0.0	2155012	17	4.3
1527485054.19	4300	59.929279	0.0	1433658	16	4.3

1527485054.96	750	4	0.016	668286	2	-0.06879999999999997
1527485055.31	4300	7.954018	0.0	2123065	15	0.75
1527485055.65	4300	11.607836	0.0	2177073	28	4.3
1527485056.0	4300	15.262477	0.0	2160877	26	4.3
1527485056.34	4300	18.920394	0.0	2233056	23	4.3
1527485056.68	4300	22.580721	0.0	1941625	21	4.3
1527485057.02	4300	26.237493	0.0	2157535	24	4.3
1527485057.36	4300	29.901916	0.0	2290172	24	4.3
1527485057.69	4300	33.567218	0.0	2055469	19	4.3
1527485058.04	4300	37.223753	0.0	2169201	25	4.3
1527485058.38	4300	40.884363	0.0	2173522	23	4.3
1527485058.71	4300	44.547966	0.0	2102452	22	4.3
1527485059.04	4300	48.216151	0.0	2209463	20	4.3
1527485059.41	4300	51.853431	0.0	2275376	43	4.3
1527485059.75	4300	55.509743	0.0	2005399	23	4.3
1527485060.09	4300	59.174199	0.0	2152483	25	4.3
1527485063.43	4300	59.999412	0.0	2289689	20	4.3
1527485067.28	4300	59.998083	0.0	2059512	23	4.3
1527485071.64	4300	59.747905	0.0	2220726	36	4.3
1527485075.49	4300	59.997655	0.0	2156729	18	4.3
1527485079.83	4300	59.498821	0.0	2039773	17	4.3
1527485083.67	4300	59.749374	0.0	2176469	22	4.3
1527485087.53	4300	59.747745	0.0	2221506	23	4.3
1527485091.88	4300	59.499121	0.0	2044075	21	4.3
1527485095.73	4300	59.749132	0.0	2186790	24	4.3
1527485099.57	4300	59.74843	0.0	2105231	21	4.3
1527485103.43	4300	59.998367	0.0	2395588	27	4.3
1527485107.28	4300	59.999143	0.0	1972048	21	4.3
1527485111.62	4300	59.749116	0.0	2134614	20	4.3
1527485115.97	4300	59.749004	0.0	2164140	23	4.3
1527485119.32	4300	59.998371	0.0	2113193	23	4.3
1527485123.67	4300	59.749545	0.0	2147852	23	4.3
1527485127.52	4300	59.748111	0.0	2191074	24	4.3
1527485131.87	4300	59.49899	0.0	2286761	23	4.3
1527485135.72	4300	59.998339	0.0	2307787	26	4.3
1527485139.56	4300	59.997556	0.0	2143948	21	4.3
1527485143.4	4300	59.999192	0.0	1919781	17	4.3
1527485147.75	4300	59.749052	0.0	2147467	20	4.3
1527485151.59	4300	59.747458	0.0	2133870	21	4.3
1527485155.95	4300	59.748628	0.0	2146120	20	4.3
