1527485313.78	750	4	0.016	450283	2	-0.06879999999999997
1527485314.21	4300	7.949371	0.0	2123065	22	0.75
1527485314.6	4300	11.558545	0.0	2177073	18	4.3
1527485314.99	4300	15.17248	0.0	2160877	26	4.3
1527485315.37	4300	18.783958	0.0	2233056	25	4.3
1527485315.76	4300	22.397414	0.0	1941625	21	4.3
1527485316.15	4300	26.007932	0.0	2157535	22	4.3
1527485316.55	4300	29.615074	0.0	2290172	25	4.3
1527485316.93	4300	33.225116	0.0	2055469	23	4.3
1527485317.32	4300	36.836022	0.0	2169201	25	4.3
1527485317.71	4300	40.445899	0.0	2173522	24	4.3
1527485318.1	4300	44.061083	0.0	2102452	16	4.3
1527485318.5	4300	47.659341	0.0	2209463	28	4.3
1527485318.89	4300	51.266799	0.0	2275376	30	4.3
1527485319.28	4300	54.883728	0.0	2005399	22	4.3
1527485319.66	4300	58.496094	0.0	2152483	25	4.3
1527485322.56	4300	59.748575	0.0	2289689	25	4.3
1527485326.45	4300	59.748956	0.0	2059512	18	4.3
1527485330.35	4300	59.998376	0.0	2220726	25	4.3
1527485334.78	4300	59.74933	0.0	2156729	24	4.3
1527485338.67	4300	59.499528	0.0	2039773	16	4.3
1527485342.58	4300	59.749701	0.0	2176469	24	4.3
1527485346.48	4300	59.998258	0.0	2221506	25	4.3
1527485350.89	4300	59.498564	0.0	2044075	24	4.3
1527485354.78	4300	59.748167	0.0	2186790	20	4.3
1527485358.18	4300	59.998837	0.0	2105231	18	4.3
1527485362.58	4300	59.748284	0.0	2395588	26	4.3
1527485366.48	4300	59.749019	0.0	1972048	18	4.3
1527485370.89	4300	59.748505	0.0	2134614	33	4.3
1527485374.28	4300	59.99935	0.0	2164140	22	4.3
1527485378.17	4300	59.999023	0.0	2113193	20	4.3
1527485382.57	4300	59.997911	0.0	2147852	22	4.3
1527485386.47	4300	59.749205	0.0	2191074	24	4.3
1527485390.88	4300	59.749131	0.0	2286761	24	4.3
1527485394.28	4300	59.998792	0.0	2307787	26	4.3
1527485398.18	4300	59.999021	0.0	2143948	24	4.3
1527485402.57	4300	59.999041	0.0	1919781	22	4.3
1527485406.47	4300	59.74921	0.0	2147467	21	4.3
1527485410.37	4300	59.997897	0.0	2133870	19	4.3
1527485414.77	4300	59.748047	0.0	2146120	24	4.3
1527485418.67	4300	59.749242	0.0	2108491	23	4.3
1527485422.58	4300	59.998531	0.0	2184571	34	4.3
1527485426.47	4300	59.9989	0.0	2121928	19	4.3
1527485430.38	4300	59.998082	0.0	2219102	21	4.3
1527485434.78	4300	59.748377	0.0	2124950	19	4.3
1527485438.68	4300	59.747698	0.0	2246506	26	4.3
1527485442.56	4300	59.748231	0.0	1961140	17	4.3
1527485446.44	4300	59.74871	0.0	2155012	16	4.3
1527485448.28	4300	59.689057	0.0	1433658	14	4.3

1527485449.02	750	4	0.017	668286	3	-0.07309999999999994
1527485449.43	4300	7.948336	0.0	2123065	21	0.75
1527485449.81	4300	11.560353	0.0	2177073	24	4.3
1527485450.2	4300	15.175502	0.0	2160877	25	4.3
1527485450.59	4300	18.7812	0.0	2233056	25	4.3
1527485450.99	4300	22.387229	0.0	1941625	21	4.3
1527485451.38	4300	25.993145	0.0	2157535	10	4.3
1527485451.76	4300	29.609493	0.0	2290172	19	4.3
1527485452.15	4300	33.226005	0.0	2055469	23	4.3
1527485452.54	4300	36.836283	0.0	2169201	23	4.3
1527485452.93	4300	40.44622	0.0	2173522	23	4.3
1527485453.32	4300	44.052049	0.0	2102452	26	4.3
1527485453.71	4300	47.664533	0.0	2209463	27	4.3
1527485454.1	4300	51.276749	0.0	2275376	24	4.3
1527485454.48	4300	54.890999	0.0	2005399	25	4.3
1527485454.9	4300	58.469019	0.0	2152483	34	4.3
1527485457.81	4300	59.998447	0.0	2289689	25	4.3
1527485461.69	4300	59.99782	0.0	2059512	20	4.3
1527485466.09	4300	59.748805	0.0	2220726	25	4.3
1527485469.48	4300	59.998205	0.0	2156729	18	4.3
1527485473.87	4300	59.99901	0.0	2039773	19	4.3
1527485477.77	4300	59.749326	0.0	2176469	22	4.3
1527485481.67	4300	59.998448	0.0	2221506	23	4.3
1527485486.07	4300	59.748752	0.0	2044075	22	4.3
1527485489.46	4300	59.999239	0.0	2186790	18	4.3
1527485493.86	4300	59.74881	0.0	2105231	23	4.3
1527485497.76	4300	59.749488	0.0	2395588	22	4.3
1527485501.65	4300	59.74933	0.0	1972048	21	4.3
1527485506.05	4300	59.748197	0.0	2134614	25	4.3
1527485509.94	4300	59.748637	0.0	2164140	14	4.3
1527485513.83	4300	59.998216	0.0	2113193	22	4.3
1527485517.73	4300	59.748597	0.0	2147852	23	4.3
1527485521.63	4300	59.749125	0.0	2191074	25	4.3
1527485525.53	4300	59.999201	0.0	2286761	24	4.3
1527485529.93	4300	59.747817	0.0	2307787	26	4.3
1527485533.84	4300	59.748255	0.0	2143948	24	4.3
1527485537.76	4300	59.99769	0.0	1919781	22	4.3
1527485541.67	4300	59.749005	0.0	2147467	27	4.3
1527485545.57	4300	59.997305	0.0	2133870	23	4.3
1527485549.51	4300	59.99873	0.0	2146120	24	4.3
1527485553.43	4300	59.997409	0.0	2108491	25	4.3
1527485557.83	4300	59.748688	0.0	2184571	24	4.3
1527485561.72	4300	59.998545	0.0	2121928	21	4.3
1527485566.11	4300	59.749141	0.0	2219102	23	4.3
1527485569.52	4300	59.998506	0.0	2124950	22	4.3
1527485573.41	4300	59.997479	0.0	2246506	25	4.3
1527485577.79	4300	59.748208	0.0	1961140	18	4.3
1527485581.66	4300	59.748889	0.0	2155012	25	4.3
1527485583.51	4300	59.667638	0.0	1433658	17	4.3

1527485584.26	750	4	0.018	668286	4	-0.07740000000000002
1527485584.65	4300	7.953247	0.0	2123065	13	0.75
1527485585.05	4300	11.55662	0.0	2177073	28	4.3
1527485585.44	4300	15.164776	0.0	2160877	24	4.3
1527485585.83	4300	18.771946	0.0	2233056	23	4.3
1527485586.22	4300	22.382312	0.0	1941625	22	4.3
1527485586.62	4300	25.990195	0.0	2157535	32	4.3
1527485587.0	4300	29.602919	0.0	2290172	24	4.3
1527485587.39	4300	33.218216	0.0	2055469	22	4.3
1527485587.81	4300	36.798552	0.0	2169201	23	4.3
1527485588.17	4300	40.433108	0.0	2173522	14	4.3
1527485588.55	4300	44.048954	0.0	2102452	17	4.3
1527485588.95	4300	47.658013	0.0	2209463	26	4.3
1527485589.34	4300	51.268566	0.0	2275376	25	4.3
1527485589.73	4300	54.877129	0.0	2005399	23	4.3
1527485590.13	4300	58.476678	0.0	2152483	39	4.3
1527485593.02	4300	59.749748	0.0	2289689	25	4.3
1527485596.94	4300	59.747853	0.0	2059512	19	4.3
1527485600.84	4300	59.998964	0.0	2220726	23	4.3
1527485604.73	4300	59.998757	0.0	2156729	24	4.3
1527485608.63	4300	59.998975	0.0	2039773	22	4.3
1527485613.04	4300	59.749137	0.0	2176469	24	4.3
1527485616.94	4300	59.998337	0.0	2221506	26	4.3
1527485620.84	4300	59.999475	0.0	2044075	25	4.3
1527485625.24	4300	59.499089	0.0	2186790	26	4.3
1527485629.13	4300	59.497729	0.0	2105231	20	4.3
1527485633.05	4300	59.749569	0.0	2395588	26	4.3
1527485636.95	4300	59.998977	0.0	1972048	22	4.3
