1527513329.57	750	4	0.026	2354772	9	-0.11180000000000001
1527513329.9	4300	7.968462	0.0	2123065	19	0.75
1527513330.25	4300	11.620975	0.0	2177073	23	4.3
1527513330.58	4300	15.282509	0.0	2160877	25	4.3
1527513330.92	4300	18.947855	0.0	2233056	20	4.3
1527513331.23	4300	22.633381	0.0	1941625	10	4.3
1527513331.57	4300	26.295711	0.0	2157535	24	4.3
1527513331.91	4300	29.959167	0.0	2290172	22	4.3
1527513332.23	4300	33.637455	0.0	2055469	14	4.3
1527513332.56	4300	37.302783	0.0	2169201	22	4.3
1527513332.89	4300	40.977637	0.0	2173522	14	4.3
1527513333.23	4300	44.639654	0.0	2102452	27	4.3
1527513333.56	4300	48.308013	0.0	2209463	21	4.3
1527513333.89	4300	51.972058	0.0	2275376	20	4.3
1527513334.24	4300	55.629434	0.0	2005399	25	4.3
1527513334.57	4300	59.292856	0.0	2152483	23	4.3
1527513337.91	4300	59.998878	0.0	2289689	15	4.3
1527513342.26	4300	59.748758	0.0	2059512	22	4.3
1527513346.12	4300	59.748336	0.0	2220726	27	4.3
1527513349.97	4300	59.99845	0.0	2156729	21	4.3
1527513354.32	4300	59.748562	0.0	2039773	22	4.3
1527513358.16	4300	59.748824	0.0	2176469	18	4.3
1527513362.5	4300	59.749835	0.0	2221506	19	4.3
1527513366.34	4300	59.748866	0.0	2044075	19	4.3
1527513370.19	4300	59.749635	0.0	2186790	22	4.3
1527513374.54	4300	59.498136	0.0	2105231	24	4.3
1527513378.4	4300	59.748515	0.0	2395588	28	4.3
1527513382.25	4300	59.998276	0.0	1972048	33	4.3
1527513386.09	4300	59.999374	0.0	2134614	19	4.3
1527513390.45	4300	59.498943	0.0	2164140	27	4.3
1527513394.3	4300	59.748136	0.0	2113193	23	4.3
1527513398.15	4300	59.999348	0.0	2147852	24	4.3
1527513402.0	4300	59.999072	0.0	2191074	25	4.3
1527513406.35	4300	59.748966	0.0	2286761	26	4.3
1527513410.2	4300	59.749532	0.0	2307787	27	4.3
1527513414.05	4300	59.999327	0.0	2143948	24	4.3
1527513417.89	4300	59.998152	0.0	1919781	18	4.3
1527513422.24	4300	59.748204	0.0	2147467	25	4.3
1527513426.61	4300	59.499723	0.0	2133870	39	4.3
1527513430.46	4300	59.499256	0.0	2146120	22	4.3
1527513434.3	4300	59.749776	0.0	2108491	20	4.3
1527513438.14	4300	59.998049	0.0	2184571	20	4.3
1527513441.98	4300	59.99818	0.0	2121928	20	4.3
1527513446.34	4300	59.749707	0.0	2219102	26	4.3
1527513450.19	4300	59.999086	0.0	2124950	23	4.3
1527513454.54	4300	59.498935	0.0	2246506	26	4.3
1527513458.38	4300	59.748857	0.0	1961140	20	4.3
1527513462.23	4300	59.998383	0.0	2155012	22	4.3
1527513464.06	4300	59.925969	0.0	1433658	16	4.3

1527513464.86	750	4	0.028	2354772	8	-0.12039999999999995
1527513465.19	4300	7.962615	0.0	2123065	22	0.75
1527513465.53	4300	11.629248	0.0	2177073	19	4.3
1527513465.85	4300	15.311259	0.0	2160877	14	4.3
1527513466.18	4300	18.97484	0.0	2233056	24	4.3
1527513466.5	4300	22.658612	0.0	1941625	10	4.3
1527513466.84	4300	26.317896	0.0	2157535	24	4.3
1527513467.17	4300	29.982281	0.0	2290172	22	4.3
1527513467.51	4300	33.649209	0.0	2055469	21	4.3
1527513467.84	4300	37.32079	0.0	2169201	15	4.3
1527513468.16	4300	40.992767	0.0	2173522	16	4.3
1527513468.5	4300	44.656383	0.0	2102452	9	4.3
1527513468.83	4300	48.323773	0.0	2209463	19	4.3
1527513469.18	4300	51.980744	0.0	2275376	27	4.3
1527513469.51	4300	55.645424	0.0	2005399	24	4.3
1527513469.85	4300	59.310214	0.0	2152483	23	4.3
1527513473.7	4300	59.498329	0.0	2289689	21	4.3
1527513477.55	4300	59.998415	0.0	2059512	24	4.3
1527513481.89	4300	59.748765	0.0	2220726	23	4.3
1527513485.73	4300	59.49811	0.0	2156729	12	4.3
1527513489.58	4300	59.747978	0.0	2039773	23	4.3
1527513493.44	4300	59.99799	0.0	2176469	23	4.3
1527513497.29	4300	59.997999	0.0	2221506	26	4.3
1527513501.63	4300	59.749113	0.0	2044075	21	4.3
1527513505.48	4300	59.748132	0.0	2186790	26	4.3
1527513509.83	4300	59.748795	0.0	2105231	22	4.3
1527513513.18	4300	59.998986	0.0	2395588	27	4.3
1527513517.53	4300	59.748481	0.0	1972048	23	4.3
1527513521.38	4300	59.99763	0.0	2134614	25	4.3
1527513525.23	4300	59.998141	0.0	2164140	22	4.3
1527513529.57	4300	59.747675	0.0	2113193	21	4.3
1527513533.42	4300	59.748681	0.0	2147852	23	4.3
1527513537.27	4300	59.998981	0.0	2191074	20	4.3
1527513541.62	4300	59.998058	0.0	2286761	26	4.3
1527513545.46	4300	59.998092	0.0	2307787	17	4.3
1527513549.31	4300	59.997794	0.0	2143948	26	4.3
1527513553.65	4300	59.74757	0.0	1919781	22	4.3
1527513557.51	4300	59.749155	0.0	2147467	27	4.3
1527513561.37	4300	59.999063	0.0	2133870	36	4.3
1527513565.72	4300	59.497831	0.0	2146120	23	4.3
1527513569.56	4300	59.999167	0.0	2108491	25	4.3
1527513573.41	4300	59.999086	0.0	2184571	23	4.3
1527513577.25	4300	59.998994	0.0	2121928	19	4.3
1527513581.61	4300	59.74756	0.0	2219102	25	4.3
1527513585.46	4300	59.749259	0.0	2124950	23	4.3
1527513589.29	4300	59.998077	0.0	2246506	13	4.3
1527513593.64	4300	59.7477	0.0	1961140	22	4.3
1527513597.49	4300	59.749392	0.0	2155012	25	4.3
1527513599.34	4300	59.678759	0.0	1433658	22	4.3

1527513600.09	750	4	0.024	2354772	7	-0.10319999999999996
1527513600.43	4300	7.95848	0.0	2123065	26	0.75
1527513600.77	4300	11.618731	0.0	2177073	25	4.3
1527513601.1	4300	15.287644	0.0	2160877	19	4.3
1527513601.45	4300	18.957127	0.0	2233056	20	4.3
1527513601.78	4300	22.608545	0.0	1941625	23	4.3
1527513602.12	4300	26.274878	0.0	2157535	23	4.3
1527513602.44	4300	29.948515	0.0	2290172	19	4.3
1527513602.78	4300	33.613804	0.0	2055469	22	4.3
1527513603.1	4300	37.29169	0.0	2169201	16	4.3
1527513603.44	4300	40.951289	0.0	2173522	26	4.3
1527513603.78	4300	44.611538	0.0	2102452	13	4.3
1527513604.12	4300	48.271047	0.0	2209463	26	4.3
1527513604.44	4300	51.94732	0.0	2275376	16	4.3
1527513604.81	4300	55.611479	0.0	2005399	22	4.3
1527513605.14	4300	59.245664	0.0	2152483	24	4.3
1527513609.02	4300	59.498158	0.0	2289689	24	4.3
1527513612.87	4300	59.747799	0.0	2059512	14	4.3
1527513616.72	4300	59.748887	0.0	2220726	25	4.3
1527513620.56	4300	59.999339	0.0	2156729	24	4.3
1527513624.41	4300	59.999022	0.0	2039773	22	4.3
1527513628.75	4300	59.74769	0.0	2176469	21	4.3
1527513632.6	4300	59.999154	0.0	2221506	23	4.3
1527513636.94	4300	59.498419	0.0	2044075	20	4.3
1527513640.78	4300	59.747978	0.0	2186790	25	4.3
1527513644.62	4300	59.99809	0.0	2105231	24	4.3
1527513648.47	4300	59.997614	0.0	2395588	22	4.3
1527513652.81	4300	59.749322	0.0	1972048	21	4.3
1527513656.66	4300	59.997677	0.0	2134614	24	4.3
