1527480005.37	750	4	0.025	2354772	8	-0.10750000000000004
1527480005.7	4300	7.966493	0.0	2123065	21	0.75
1527480006.04	4300	11.629176	0.0	2177073	18	4.3
1527480006.37	4300	15.303852	0.0	2160877	16	4.3
1527480006.69	4300	18.977625	0.0	2233056	15	4.3
1527480007.01	4300	22.657116	0.0	1941625	13	4.3
1527480007.35	4300	26.31702	0.0	2157535	25	4.3
1527480007.68	4300	29.99455	0.0	2290172	15	4.3
1527480008.01	4300	33.660699	0.0	2055469	22	4.3
1527480008.33	4300	37.343292	0.0	2169201	12	4.3
1527480008.68	4300	40.991428	0.0	2173522	41	4.3
1527480009.03	4300	44.645859	0.0	2102452	24	4.3
1527480009.36	4300	48.308112	0.0	2209463	25	4.3
1527480009.7	4300	51.973191	0.0	2275376	22	4.3
1527480010.02	4300	55.649035	0.0	2005399	15	4.3
1527480010.38	4300	59.292865	0.0	2152483	24	4.3
1527480013.71	4300	59.998151	0.0	2289689	16	4.3
1527480018.06	4300	59.749036	0.0	2059512	21	4.3
1527480022.4	4300	59.497776	0.0	2220726	21	4.3
1527480025.75	4300	59.998343	0.0	2156729	24	4.3
1527480030.09	4300	59.748629	0.0	2039773	18	4.3
1527480033.94	4300	59.998229	0.0	2176469	23	4.3
1527480037.8	4300	59.998043	0.0	2221506	26	4.3
1527480042.14	4300	59.998113	0.0	2044075	22	4.3
1527480046.0	4300	59.748645	0.0	2186790	24	4.3
1527480049.84	4300	59.999052	0.0	2105231	19	4.3
1527480054.2	4300	59.747786	0.0	2395588	29	4.3
1527480058.06	4300	59.748705	0.0	1972048	26	4.3
1527480061.9	4300	59.998253	0.0	2134614	19	4.3
1527480065.76	4300	59.997668	0.0	2164140	26	4.3
1527480070.1	4300	59.998801	0.0	2113193	25	4.3
1527480073.95	4300	59.747621	0.0	2147852	17	4.3
1527480077.79	4300	59.997849	0.0	2191074	24	4.3
1527480082.14	4300	59.997725	0.0	2286761	18	4.3
1527480085.99	4300	59.747837	0.0	2307787	25	4.3
1527480090.33	4300	59.747673	0.0	2143948	21	4.3
1527480094.17	4300	59.747995	0.0	1919781	21	4.3
1527480098.02	4300	59.74789	0.0	2147467	23	4.3
1527480102.38	4300	59.497809	0.0	2133870	34	4.3
1527480106.22	4300	59.498088	0.0	2146120	17	4.3
1527480110.08	4300	59.747916	0.0	2108491	35	4.3
1527480114.42	4300	59.499203	0.0	2184571	21	4.3
1527480118.27	4300	59.498522	0.0	2121928	23	4.3
1527480122.11	4300	59.749227	0.0	2219102	21	4.3
1527480125.94	4300	59.747852	0.0	2124950	15	4.3
1527480130.29	4300	59.749056	0.0	2246506	24	4.3
1527480134.14	4300	59.74761	0.0	1961140	21	4.3
1527480137.99	4300	59.748428	0.0	2155012	26	4.3
1527480139.83	4300	59.679362	0.0	1433658	16	4.3

1527480140.61	750	4	0.026	2354772	7	-0.11180000000000001
1527480140.95	4300	7.654565	0.0	2123065	21	0.75
1527480141.27	4300	11.331484	0.0	2177073	7	4.3
1527480141.6	4300	15.009128	0.0	2160877	15	4.3
1527480141.93	4300	18.670992	0.0	2233056	26	4.3
1527480142.25	4300	22.351861	0.0	1941625	12	4.3
1527480142.59	4300	26.013039	0.0	2157535	26	4.3
1527480142.93	4300	29.676451	0.0	2290172	23	4.3
1527480143.27	4300	33.335511	0.0	2055469	24	4.3
1527480143.61	4300	36.995029	0.0	2169201	24	4.3
1527480143.95	4300	40.660199	0.0	2173522	23	4.3
1527480144.27	4300	44.338832	0.0	2102452	15	4.3
1527480144.61	4300	48.00008	0.0	2209463	24	4.3
1527480144.95	4300	51.655682	0.0	2275376	23	4.3
1527480145.29	4300	55.318363	0.0	2005399	21	4.3
1527480145.62	4300	58.982671	0.0	2152483	24	4.3
1527480148.95	4300	59.998708	0.0	2289689	15	4.3
1527480153.3	4300	59.749198	0.0	2059512	20	4.3
1527480157.14	4300	59.498576	0.0	2220726	24	4.3
1527480160.99	4300	59.749589	0.0	2156729	22	4.3
1527480165.34	4300	59.748394	0.0	2039773	23	4.3
1527480168.69	4300	59.998752	0.0	2176469	25	4.3
1527480173.04	4300	59.99859	0.0	2221506	21	4.3
1527480176.89	4300	59.749225	0.0	2044075	19	4.3
1527480180.73	4300	59.997972	0.0	2186790	20	4.3
1527480185.07	4300	59.749315	0.0	2105231	17	4.3
1527480188.93	4300	59.748596	0.0	2395588	22	4.3
1527480193.33	4300	59.748812	0.0	1972048	22	4.3
1527480196.68	4300	59.999266	0.0	2134614	28	4.3
1527480201.03	4300	59.747875	0.0	2164140	24	4.3
1527480204.88	4300	59.748325	0.0	2113193	23	4.3
1527480208.72	4300	59.998239	0.0	2147852	21	4.3
1527480213.08	4300	59.998526	0.0	2191074	26	4.3
1527480216.93	4300	59.748024	0.0	2286761	26	4.3
1527480220.78	4300	59.998631	0.0	2307787	25	4.3
1527480224.63	4300	59.999249	0.0	2143948	19	4.3
1527480228.98	4300	59.998967	0.0	1919781	23	4.3
1527480233.33	4300	59.748066	0.0	2147467	25	4.3
1527480236.68	4300	59.999334	0.0	2133870	25	4.3
1527480241.04	4300	59.998277	0.0	2146120	25	4.3
1527480244.89	4300	59.997919	0.0	2108491	23	4.3
1527480248.75	4300	59.999008	0.0	2184571	29	4.3
1527480253.1	4300	59.747994	0.0	2121928	25	4.3
1527480256.95	4300	59.749052	0.0	2219102	24	4.3
1527480260.81	4300	59.997857	0.0	2124950	22	4.3
1527480264.66	4300	59.997978	0.0	2246506	27	4.3
1527480269.01	4300	59.997531	0.0	1961140	20	4.3
1527480273.35	4300	59.748606	0.0	2155012	24	4.3
1527480274.69	4300	59.927852	0.0	1433658	18	4.3

1527480275.47	750	4	0.028	2354772	8	-0.12039999999999995
1527480275.8	4300	7.664693	0.0	2123065	15	0.75
1527480276.14	4300	11.333653	0.0	2177073	21	4.3
1527480276.48	4300	14.988223	0.0	2160877	24	4.3
1527480276.82	4300	18.649396	0.0	2233056	23	4.3
1527480277.15	4300	22.318035	0.0	1941625	19	4.3
1527480277.49	4300	25.984792	0.0	2157535	21	4.3
1527480277.83	4300	29.639827	0.0	2290172	26	4.3
1527480278.17	4300	33.304054	0.0	2055469	23	4.3
1527480278.5	4300	36.968384	0.0	2169201	22	4.3
1527480278.82	4300	40.647146	0.0	2173522	16	4.3
1527480279.16	4300	44.31436	0.0	2102452	24	4.3
1527480279.48	4300	47.985902	0.0	2209463	16	4.3
1527480279.82	4300	51.648602	0.0	2275376	11	4.3
1527480280.15	4300	55.316206	0.0	2005399	18	4.3
1527480280.5	4300	58.970556	0.0	2152483	26	4.3
1527480283.85	4300	59.998273	0.0	2289689	25	4.3
1527480288.2	4300	59.498451	0.0	2059512	26	4.3
1527480291.56	4300	59.998109	0.0	2220726	26	4.3
1527480295.92	4300	59.998528	0.0	2156729	25	4.3
1527480299.77	4300	59.998941	0.0	2039773	23	4.3
1527480303.61	4300	59.998813	0.0	2176469	22	4.3
1527480307.95	4300	59.749435	0.0	2221506	20	4.3
1527480311.79	4300	59.999268	0.0	2044075	23	4.3
1527480315.63	4300	59.998948	0.0	2186790	15	4.3
1527480319.98	4300	59.748257	0.0	2105231	26	4.3
1527480323.83	4300	59.747737	0.0	2395588	28	4.3
