1527413856.99	750	4	0.016	450283	2	-0.06879999999999997
1527413857.39	4300	7.94384	0.0	2123065	22	0.75
1527413857.71	4300	11.621732	0.0	2177073	12	4.3
1527413858.05	4300	15.283754	0.0	2160877	23	4.3
1527413858.37	4300	18.960713	0.0	2233056	13	4.3
1527413858.7	4300	22.626599	0.0	1941625	20	4.3
1527413859.04	4300	26.286537	0.0	2157535	20	4.3
1527413859.39	4300	29.939831	0.0	2290172	26	4.3
1527413859.73	4300	33.6064	0.0	2055469	21	4.3
1527413860.06	4300	37.270484	0.0	2169201	21	4.3
1527413860.39	4300	40.937157	0.0	2173522	18	4.3
1527413860.74	4300	44.59353	0.0	2102452	24	4.3
1527413861.09	4300	48.244673	0.0	2209463	24	4.3
1527413861.43	4300	51.905116	0.0	2275376	12	4.3
1527413861.76	4300	55.568157	0.0	2005399	22	4.3
1527413862.1	4300	59.23347	0.0	2152483	21	4.3
1527413865.46	4300	59.999307	0.0	2289689	26	4.3
1527413869.8	4300	59.999016	0.0	2059512	19	4.3
1527413873.66	4300	59.749962	0.0	2220726	21	4.3
1527413877.51	4300	59.998991	0.0	2156729	27	4.3
1527413881.37	4300	59.998073	0.0	2039773	22	4.3
1527413886.22	4300	59.248036	0.0	2176469	24	4.3
1527413890.08	4300	59.749517	0.0	2221506	23	4.3
1527413893.92	4300	59.498988	0.0	2044075	21	4.3
1527413897.77	4300	59.748879	0.0	2186790	21	4.3
1527413901.63	4300	59.999131	0.0	2105231	23	4.3
1527413905.98	4300	59.74916	0.0	2395588	25	4.3
1527413909.83	4300	59.749069	0.0	1972048	17	4.3
1527413913.68	4300	59.999163	0.0	2134614	31	4.3
1527413917.53	4300	59.999156	0.0	2164140	25	4.3
1527413921.38	4300	59.999271	0.0	2113193	23	4.3
1527413925.73	4300	59.747925	0.0	2147852	19	4.3
1527413929.58	4300	59.999047	0.0	2191074	25	4.3
1527413933.93	4300	59.499085	0.0	2286761	25	4.3
1527413937.79	4300	59.999031	0.0	2307787	27	4.3
1527413941.63	4300	59.999107	0.0	2143948	19	4.3
1527413945.47	4300	59.997873	0.0	1919781	17	4.3
1527413949.81	4300	59.998756	0.0	2147467	18	4.3
1527413953.66	4300	59.748168	0.0	2133870	22	4.3
1527413957.51	4300	59.997756	0.0	2146120	29	4.3
1527413961.87	4300	59.749139	0.0	2108491	23	4.3
1527413965.71	4300	59.747693	0.0	2184571	23	4.3
1527413969.56	4300	59.998635	0.0	2121928	22	4.3
1527413973.92	4300	59.749112	0.0	2219102	24	4.3
1527413977.77	4300	59.748168	0.0	2124950	24	4.3
1527413981.62	4300	59.748948	0.0	2246506	24	4.3
1527413985.96	4300	59.747658	0.0	1961140	20	4.3
1527413989.8	4300	59.748934	0.0	2155012	24	4.3
1527413991.14	4300	59.92877	0.0	1433658	15	4.3

1527413991.92	750	4	0.018	668286	3	-0.07740000000000002
1527413992.27	4300	7.94752	0.0	2123065	20	0.75
1527413992.61	4300	11.613403	0.0	2177073	21	4.3
1527413992.95	4300	15.270172	0.0	2160877	33	4.3
1527413993.29	4300	18.929922	0.0	2233056	24	4.3
1527413993.62	4300	22.596251	0.0	1941625	18	4.3
1527413993.96	4300	26.263267	0.0	2157535	20	4.3
1527413994.3	4300	29.918299	0.0	2290172	25	4.3
1527413994.64	4300	33.582572	0.0	2055469	22	4.3
1527413994.97	4300	37.245798	0.0	2169201	20	4.3
1527413995.31	4300	40.913761	0.0	2173522	19	4.3
1527413995.65	4300	44.569217	0.0	2102452	25	4.3
1527413995.99	4300	48.230482	0.0	2209463	25	4.3
1527413996.34	4300	51.880108	0.0	2275376	30	4.3
1527413996.67	4300	55.545175	0.0	2005399	23	4.3
1527413997.01	4300	59.211456	0.0	2152483	22	4.3
1527414000.35	4300	59.998558	0.0	2289689	23	4.3
1527414004.7	4300	59.747953	0.0	2059512	22	4.3
1527414008.55	4300	59.74796	0.0	2220726	25	4.3
1527414012.4	4300	59.998852	0.0	2156729	22	4.3
1527414016.75	4300	59.748531	0.0	2039773	18	4.3
1527414020.59	4300	59.748289	0.0	2176469	22	4.3
1527414024.44	4300	59.998706	0.0	2221506	21	4.3
1527414028.79	4300	59.499439	0.0	2044075	22	4.3
1527414032.64	4300	59.747778	0.0	2186790	25	4.3
1527414036.49	4300	59.998698	0.0	2105231	24	4.3
1527414040.34	4300	59.997587	0.0	2395588	22	4.3
1527414044.69	4300	59.998138	0.0	1972048	23	4.3
1527414048.56	4300	59.998726	0.0	2134614	40	4.3
1527414052.41	4300	59.997539	0.0	2164140	24	4.3
1527414056.76	4300	59.49851	0.0	2113193	24	4.3
1527414060.61	4300	59.997622	0.0	2147852	22	4.3
1527414064.46	4300	59.997936	0.0	2191074	21	4.3
1527414068.3	4300	59.997596	0.0	2286761	21	4.3
1527414072.66	4300	59.998157	0.0	2307787	25	4.3
1527414076.51	4300	59.749352	0.0	2143948	25	4.3
1527414080.35	4300	59.99855	0.0	1919781	20	4.3
1527414084.7	4300	59.748586	0.0	2147467	19	4.3
1527414088.55	4300	59.748576	0.0	2133870	21	4.3
1527414092.92	4300	59.748978	0.0	2146120	45	4.3
1527414096.78	4300	59.498578	0.0	2108491	24	4.3
1527414100.63	4300	59.748764	0.0	2184571	25	4.3
1527414104.47	4300	59.998449	0.0	2121928	20	4.3
1527414108.32	4300	59.997994	0.0	2219102	19	4.3
1527414112.68	4300	59.997932	0.0	2124950	22	4.3
1527414116.54	4300	59.749045	0.0	2246506	24	4.3
1527414120.39	4300	59.998963	0.0	1961140	21	4.3
1527414124.24	4300	59.998866	0.0	2155012	24	4.3
1527414126.58	4300	59.677547	0.0	1433658	17	4.3

1527414127.33	750	4	0.013	668286	3	-0.05589999999999995
1527414127.68	4300	7.956125	0.0	2123065	17	0.75
1527414128.02	4300	11.614771	0.0	2177073	26	4.3
1527414128.37	4300	15.264797	0.0	2160877	33	4.3
1527414128.71	4300	18.926151	0.0	2233056	25	4.3
1527414129.04	4300	22.594339	0.0	1941625	20	4.3
1527414129.37	4300	26.26184	0.0	2157535	20	4.3
1527414129.71	4300	29.928348	0.0	2290172	20	4.3
1527414130.05	4300	33.585865	0.0	2055469	22	4.3
1527414130.39	4300	37.24594	0.0	2169201	26	4.3
1527414130.72	4300	40.911747	0.0	2173522	21	4.3
1527414131.06	4300	44.57668	0.0	2102452	20	4.3
1527414131.39	4300	48.243709	0.0	2209463	19	4.3
1527414131.77	4300	51.90314	0.0	2275376	24	4.3
1527414132.1	4300	55.534766	0.0	2005399	22	4.3
1527414132.43	4300	59.202596	0.0	2152483	21	4.3
1527414135.77	4300	59.999283	0.0	2289689	21	4.3
1527414140.12	4300	59.998599	0.0	2059512	22	4.3
