1527490177.16	750	4	0.025	2354772	7	-0.10750000000000004
1527490177.5	4300	7.96606	0.0	2123065	19	0.75
1527490177.83	4300	11.631044	0.0	2177073	15	4.3
1527490178.16	4300	15.298458	0.0	2160877	19	4.3
1527490178.5	4300	18.955985	0.0	2233056	25	4.3
1527490178.84	4300	22.622618	0.0	1941625	23	4.3
1527490179.17	4300	26.289767	0.0	2157535	22	4.3
1527490179.51	4300	29.952516	0.0	2290172	23	4.3
1527490179.84	4300	33.622529	0.0	2055469	18	4.3
1527490180.18	4300	37.278272	0.0	2169201	25	4.3
1527490180.51	4300	40.944169	0.0	2173522	14	4.3
1527490180.86	4300	44.596742	0.0	2102452	11	4.3
1527490181.21	4300	48.254182	0.0	2209463	25	4.3
1527490181.55	4300	51.913185	0.0	2275376	23	4.3
1527490181.87	4300	55.592404	0.0	2005399	14	4.3
1527490182.22	4300	59.237847	0.0	2152483	26	4.3
1527490186.07	4300	59.498329	0.0	2289689	24	4.3
1527490189.93	4300	59.748933	0.0	2059512	24	4.3
1527490193.78	4300	59.997705	0.0	2220726	25	4.3
1527490197.62	4300	59.998801	0.0	2156729	23	4.3
1527490201.47	4300	59.998787	0.0	2039773	19	4.3
1527490205.79	4300	59.748098	0.0	2176469	7	4.3
1527490209.63	4300	59.998851	0.0	2221506	19	4.3
1527490213.47	4300	59.997994	0.0	2044075	17	4.3
1527490217.81	4300	59.749448	0.0	2186790	18	4.3
1527490222.15	4300	59.749401	0.0	2105231	22	4.3
1527490226.0	4300	59.499373	0.0	2395588	27	4.3
1527490229.85	4300	59.748381	0.0	1972048	31	4.3
1527490234.2	4300	59.748634	0.0	2134614	25	4.3
1527490237.55	4300	59.998751	0.0	2164140	25	4.3
1527490241.89	4300	59.748335	0.0	2113193	19	4.3
1527490245.74	4300	59.997998	0.0	2147852	24	4.3
1527490249.58	4300	59.998831	0.0	2191074	22	4.3
1527490253.93	4300	59.748996	0.0	2286761	20	4.3
1527490257.77	4300	59.748932	0.0	2307787	22	4.3
1527490261.62	4300	59.998247	0.0	2143948	21	4.3
1527490265.94	4300	59.998806	0.0	1919781	10	4.3
1527490269.8	4300	59.748531	0.0	2147467	25	4.3
1527490274.15	4300	59.49769	0.0	2133870	25	4.3
1527490277.5	4300	59.998452	0.0	2146120	20	4.3
1527490281.85	4300	59.997554	0.0	2108491	22	4.3
1527490286.2	4300	59.748925	0.0	2184571	26	4.3
1527490289.55	4300	59.999083	0.0	2121928	24	4.3
1527490293.9	4300	59.998342	0.0	2219102	19	4.3
1527490297.76	4300	59.998917	0.0	2124950	24	4.3
1527490302.1	4300	59.497698	0.0	2246506	24	4.3
1527490305.95	4300	59.74845	0.0	1961140	23	4.3
1527490309.79	4300	59.998351	0.0	2155012	23	4.3
1527490311.62	4300	59.928244	0.0	1433658	16	4.3

1527490312.37	750	4	0.026	2354772	7	-0.11180000000000001
1527490312.72	4300	7.950041	0.0	2123065	30	0.75
1527490313.06	4300	11.610353	0.0	2177073	26	4.3
1527490313.38	4300	15.292926	0.0	2160877	12	4.3
1527490313.72	4300	18.952761	0.0	2233056	27	4.3
1527490314.05	4300	22.61937	0.0	1941625	22	4.3
1527490314.38	4300	26.288012	0.0	2157535	22	4.3
1527490314.72	4300	29.953454	0.0	2290172	22	4.3
1527490315.06	4300	33.612914	0.0	2055469	23	4.3
1527490315.4	4300	37.271312	0.0	2169201	27	4.3
1527490315.73	4300	40.938986	0.0	2173522	23	4.3
1527490316.07	4300	44.605396	0.0	2102452	21	4.3
1527490316.39	4300	48.283225	0.0	2209463	17	4.3
1527490316.73	4300	51.938047	0.0	2275376	28	4.3
1527490317.06	4300	55.611169	0.0	2005399	17	4.3
1527490317.4	4300	59.267398	0.0	2152483	26	4.3
1527490320.75	4300	59.998941	0.0	2289689	26	4.3
1527490325.1	4300	59.749806	0.0	2059512	22	4.3
1527490328.94	4300	59.998105	0.0	2220726	19	4.3
1527490332.8	4300	59.997967	0.0	2156729	24	4.3
1527490337.14	4300	59.748657	0.0	2039773	22	4.3
1527490340.99	4300	59.998588	0.0	2176469	23	4.3
1527490345.33	4300	59.748713	0.0	2221506	15	4.3
1527490349.18	4300	59.749482	0.0	2044075	23	4.3
1527490353.03	4300	59.999289	0.0	2186790	23	4.3
1527490356.87	4300	59.998669	0.0	2105231	19	4.3
1527490360.71	4300	59.998936	0.0	2395588	23	4.3
1527490365.06	4300	59.998586	0.0	1972048	23	4.3
1527490368.92	4300	59.99902	0.0	2134614	31	4.3
1527490373.27	4300	59.498906	0.0	2164140	26	4.3
1527490377.11	4300	59.997875	0.0	2113193	25	4.3
1527490380.96	4300	59.747928	0.0	2147852	22	4.3
1527490385.3	4300	59.747899	0.0	2191074	20	4.3
1527490389.15	4300	59.747796	0.0	2286761	24	4.3
1527490392.99	4300	59.747711	0.0	2307787	20	4.3
1527490396.85	4300	59.999387	0.0	2143948	25	4.3
1527490400.69	4300	59.998036	0.0	1919781	21	4.3
1527490405.03	4300	59.749239	0.0	2147467	23	4.3
1527490408.88	4300	59.999276	0.0	2133870	26	4.3
1527490413.24	4300	59.49794	0.0	2146120	38	4.3
1527490417.08	4300	59.748592	0.0	2108491	19	4.3
1527490421.42	4300	59.497902	0.0	2184571	19	4.3
1527490424.77	4300	59.998646	0.0	2121928	21	4.3
1527490429.12	4300	59.749235	0.0	2219102	25	4.3
1527490432.97	4300	59.747462	0.0	2124950	26	4.3
1527490436.82	4300	59.99758	0.0	2246506	25	4.3
1527490441.16	4300	59.997357	0.0	1961140	18	4.3
1527490445.0	4300	59.997846	0.0	2155012	25	4.3
1527490446.84	4300	59.928962	0.0	1433658	17	4.3

1527490447.62	750	4	0.027	2354772	7	-0.11609999999999998
1527490447.97	4300	7.949385	0.0	2123065	31	0.75
1527490448.31	4300	11.612372	0.0	2177073	25	4.3
1527490448.62	4300	15.293633	0.0	2160877	13	4.3
1527490448.96	4300	18.954795	0.0	2233056	24	4.3
1527490449.3	4300	22.621841	0.0	1941625	20	4.3
1527490449.62	4300	26.300796	0.0	2157535	14	4.3
1527490449.94	4300	29.977934	0.0	2290172	14	4.3
1527490450.28	4300	33.63816	0.0	2055469	26	4.3
1527490450.6	4300	37.314216	0.0	2169201	14	4.3
1527490450.93	4300	40.990769	0.0	2173522	16	4.3
1527490451.27	4300	44.649056	0.0	2102452	23	4.3
1527490451.59	4300	48.325754	0.0	2209463	16	4.3
1527490451.95	4300	51.970559	0.0	2275376	26	4.3
1527490452.29	4300	55.629989	0.0	2005399	23	4.3
1527490452.63	4300	59.291202	0.0	2152483	26	4.3
1527490456.47	4300	59.749065	0.0	2289689	22	4.3
1527490460.33	4300	59.749316	0.0	2059512	22	4.3
1527490464.18	4300	59.998862	0.0	2220726	25	4.3
1527490468.52	4300	59.749101	0.0	2156729	20	4.3
