1527405652.9	750	4	0.025	2354772	7	-0.10750000000000004
1527405653.29	4300	7.955633	0.0	2123065	25	0.75
1527405653.68	4300	11.573068	0.0	2177073	18	4.3
1527405654.06	4300	15.191164	0.0	2160877	20	4.3
1527405654.44	4300	18.806147	0.0	2233056	22	4.3
1527405654.83	4300	22.422161	0.0	1941625	24	4.3
1527405655.21	4300	26.033769	0.0	2157535	25	4.3
1527405655.61	4300	29.642486	0.0	2290172	24	4.3
1527405656.0	4300	33.244486	0.0	2055469	19	4.3
1527405656.41	4300	36.837147	0.0	2169201	24	4.3
1527405656.81	4300	40.438195	0.0	2173522	23	4.3
1527405657.21	4300	44.044113	0.0	2102452	13	4.3
1527405657.59	4300	47.656163	0.0	2209463	23	4.3
1527405658.01	4300	51.240824	0.0	2275376	25	4.3
1527405658.4	4300	54.85164	0.0	2005399	21	4.3
1527405658.79	4300	58.463886	0.0	2152483	25	4.3
1527405661.7	4300	59.748509	0.0	2289689	20	4.3
1527405665.6	4300	59.997856	0.0	2059512	22	4.3
1527405669.5	4300	59.749676	0.0	2220726	35	4.3
1527405673.9	4300	59.749166	0.0	2156729	24	4.3
1527405677.8	4300	59.498182	0.0	2039773	24	4.3
1527405681.71	4300	59.747807	0.0	2176469	25	4.3
1527405685.6	4300	59.748096	0.0	2221506	25	4.3
1527405689.51	4300	59.748738	0.0	2044075	22	4.3
1527405693.41	4300	59.99839	0.0	2186790	25	4.3
1527405697.31	4300	59.999168	0.0	2105231	23	4.3
1527405701.71	4300	59.998982	0.0	2395588	27	4.3
1527405705.6	4300	59.997982	0.0	1972048	18	4.3
1527405709.5	4300	59.998636	0.0	2134614	25	4.3
1527405713.4	4300	59.997741	0.0	2164140	22	4.3
1527405717.29	4300	59.99795	0.0	2113193	24	4.3
1527405721.69	4300	59.749152	0.0	2147852	25	4.3
1527405725.59	4300	59.748038	0.0	2191074	25	4.3
1527405729.5	4300	59.999047	0.0	2286761	26	4.3
1527405733.9	4300	59.748511	0.0	2307787	27	4.3
1527405737.79	4300	59.499049	0.0	2143948	20	4.3
1527405741.68	4300	59.748624	0.0	1919781	22	4.3
1527405745.58	4300	59.749163	0.0	2147467	24	4.3
1527405749.48	4300	59.998554	0.0	2133870	23	4.3
1527405753.39	4300	59.998431	0.0	2146120	25	4.3
1527405757.79	4300	59.498663	0.0	2108491	22	4.3
1527405761.7	4300	59.998599	0.0	2184571	33	4.3
1527405765.59	4300	59.748838	0.0	2121928	23	4.3
1527405769.5	4300	59.999024	0.0	2219102	23	4.3
1527405773.4	4300	59.997502	0.0	2124950	22	4.3
1527405777.8	4300	59.498949	0.0	2246506	31	4.3
1527405781.68	4300	59.748418	0.0	1961140	18	4.3
1527405785.55	4300	59.748018	0.0	2155012	18	4.3
1527405787.4	4300	59.610698	0.0	1433658	18	4.3

1527405788.16	750	4	0.014	668286	3	-0.06020000000000003
1527405788.55	4300	7.950582	0.0	2123065	18	0.75
1527405788.94	4300	11.566182	0.0	2177073	24	4.3
1527405789.32	4300	15.181956	0.0	2160877	26	4.3
1527405789.71	4300	18.794859	0.0	2233056	24	4.3
1527405790.1	4300	22.403801	0.0	1941625	22	4.3
1527405790.49	4300	26.011332	0.0	2157535	33	4.3
1527405790.88	4300	29.624151	0.0	2290172	25	4.3
1527405791.27	4300	33.236923	0.0	2055469	23	4.3
1527405791.66	4300	36.848292	0.0	2169201	23	4.3
1527405792.04	4300	40.458842	0.0	2173522	25	4.3
1527405792.43	4300	44.077498	0.0	2102452	21	4.3
1527405792.81	4300	47.694305	0.0	2209463	23	4.3
1527405793.19	4300	51.311193	0.0	2275376	25	4.3
1527405793.58	4300	54.920838	0.0	2005399	22	4.3
1527405793.97	4300	58.531606	0.0	2152483	17	4.3
1527405796.86	4300	59.748926	0.0	2289689	27	4.3
1527405800.75	4300	59.999224	0.0	2059512	21	4.3
1527405805.15	4300	59.748793	0.0	2220726	24	4.3
1527405808.56	4300	59.999171	0.0	2156729	23	4.3
1527405812.95	4300	59.748923	0.0	2039773	22	4.3
1527405816.86	4300	59.999228	0.0	2176469	19	4.3
1527405820.76	4300	59.749097	0.0	2221506	27	4.3
1527405824.66	4300	59.99866	0.0	2044075	22	4.3
1527405828.56	4300	59.999026	0.0	2186790	24	4.3
1527405832.96	4300	59.997865	0.0	2105231	25	4.3
1527405836.85	4300	59.998305	0.0	2395588	21	4.3
1527405840.74	4300	59.999418	0.0	1972048	22	4.3
1527405845.14	4300	59.498842	0.0	2134614	25	4.3
1527405848.54	4300	59.997929	0.0	2164140	24	4.3
1527405852.94	4300	59.748904	0.0	2113193	24	4.3
1527405856.83	4300	59.748887	0.0	2147852	21	4.3
1527405860.72	4300	59.998634	0.0	2191074	25	4.3
1527405865.12	4300	59.748638	0.0	2286761	24	4.3
1527405869.02	4300	59.748849	0.0	2307787	25	4.3
1527405872.92	4300	59.998634	0.0	2143948	25	4.3
1527405876.82	4300	59.748896	0.0	1919781	20	4.3
1527405880.71	4300	59.999359	0.0	2147467	22	4.3
1527405884.61	4300	59.999074	0.0	2133870	22	4.3
1527405889.01	4300	59.498085	0.0	2146120	23	4.3
1527405892.91	4300	59.74883	0.0	2108491	22	4.3
1527405896.81	4300	59.999154	0.0	2184571	35	4.3
1527405900.71	4300	59.999382	0.0	2121928	26	4.3
1527405905.11	4300	59.748777	0.0	2219102	26	4.3
1527405909.0	4300	59.74855	0.0	2124950	19	4.3
1527405912.9	4300	59.749058	0.0	2246506	26	4.3
1527405916.77	4300	59.748364	0.0	1961140	18	4.3
1527405921.14	4300	59.498757	0.0	2155012	22	4.3
1527405922.5	4300	59.775555	0.0	1433658	17	4.3

1527405923.28	750	4	0.017	668286	4	-0.07309999999999994
1527405923.67	4300	7.954871	0.0	2123065	16	0.75
1527405924.06	4300	11.5724	0.0	2177073	21	4.3
1527405924.45	4300	15.184155	0.0	2160877	27	4.3
1527405924.83	4300	18.798058	0.0	2233056	24	4.3
1527405925.22	4300	22.405656	0.0	1941625	21	4.3
1527405925.62	4300	26.011354	0.0	2157535	15	4.3
1527405926.01	4300	29.626244	0.0	2290172	26	4.3
1527405926.39	4300	33.237998	0.0	2055469	22	4.3
1527405926.78	4300	36.848159	0.0	2169201	24	4.3
1527405927.17	4300	40.459897	0.0	2173522	25	4.3
1527405927.56	4300	44.068221	0.0	2102452	26	4.3
1527405927.95	4300	47.677054	0.0	2209463	29	4.3
1527405928.34	4300	51.288231	0.0	2275376	26	4.3
1527405928.73	4300	54.896534	0.0	2005399	22	4.3
