1527444234.81	750	4	0.028	2354772	7	-0.12039999999999995
1527444235.17	4300	7.966312	0.0	2123065	18	0.75
1527444235.51	4300	11.630984	0.0	2177073	16	4.3
1527444235.84	4300	15.294987	0.0	2160877	20	4.3
1527444236.18	4300	18.953806	0.0	2233056	27	4.3
1527444236.52	4300	22.619984	0.0	1941625	20	4.3
1527444236.85	4300	26.284777	0.0	2157535	19	4.3
1527444237.17	4300	29.964229	0.0	2290172	15	4.3
1527444237.5	4300	33.630767	0.0	2055469	21	4.3
1527444237.84	4300	37.29541	0.0	2169201	16	4.3
1527444238.18	4300	40.95365	0.0	2173522	18	4.3
1527444238.53	4300	44.609904	0.0	2102452	30	4.3
1527444238.87	4300	48.27005	0.0	2209463	22	4.3
1527444239.21	4300	51.92452	0.0	2275376	26	4.3
1527444239.53	4300	55.600374	0.0	2005399	13	4.3
1527444239.88	4300	59.261693	0.0	2152483	25	4.3
1527444243.22	4300	59.999478	0.0	2289689	21	4.3
1527444247.57	4300	59.748154	0.0	2059512	22	4.3
1527444251.39	4300	59.748892	0.0	2220726	7	4.3
1527444255.24	4300	59.998668	0.0	2156729	22	4.3
1527444259.58	4300	59.748785	0.0	2039773	19	4.3
1527444263.43	4300	59.749534	0.0	2176469	18	4.3
1527444267.29	4300	59.99771	0.0	2221506	25	4.3
1527444271.63	4300	59.998321	0.0	2044075	22	4.3
1527444275.48	4300	59.74863	0.0	2186790	18	4.3
1527444279.33	4300	59.998725	0.0	2105231	23	4.3
1527444283.18	4300	59.99869	0.0	2395588	21	4.3
1527444287.53	4300	59.749123	0.0	1972048	24	4.3
1527444291.38	4300	59.999214	0.0	2134614	24	4.3
1527444295.73	4300	59.497871	0.0	2164140	23	4.3
1527444299.58	4300	59.74846	0.0	2113193	22	4.3
1527444303.42	4300	59.748216	0.0	2147852	20	4.3
1527444307.76	4300	59.498209	0.0	2191074	19	4.3
1527444311.61	4300	59.747865	0.0	2286761	22	4.3
1527444315.45	4300	59.748651	0.0	2307787	20	4.3
1527444319.3	4300	59.998328	0.0	2143948	18	4.3
1527444323.65	4300	59.497709	0.0	1919781	20	4.3
1527444327.5	4300	59.9987	0.0	2147467	26	4.3
1527444331.87	4300	59.748132	0.0	2133870	27	4.3
1527444335.22	4300	59.999314	0.0	2146120	24	4.3
1527444339.56	4300	59.747453	0.0	2108491	21	4.3
1527444343.41	4300	59.747587	0.0	2184571	21	4.3
1527444347.26	4300	59.997808	0.0	2121928	22	4.3
1527444351.62	4300	59.747458	0.0	2219102	26	4.3
1527444355.48	4300	59.74931	0.0	2124950	23	4.3
1527444359.83	4300	59.498939	0.0	2246506	24	4.3
1527444363.18	4300	59.998622	0.0	1961140	21	4.3
1527444367.53	4300	59.998422	0.0	2155012	20	4.3
1527444369.36	4300	59.677511	0.0	1433658	15	4.3

1527444370.14	750	4	0.014	668286	3	-0.06020000000000003
1527444370.51	4300	7.935106	0.0	2123065	18	0.75
1527444370.86	4300	11.594202	0.0	2177073	23	4.3
1527444371.19	4300	15.255403	0.0	2160877	21	4.3
1527444371.53	4300	18.92215	0.0	2233056	18	4.3
1527444371.87	4300	22.581034	0.0	1941625	22	4.3
1527444372.21	4300	26.242298	0.0	2157535	25	4.3
1527444372.55	4300	29.904759	0.0	2290172	21	4.3
1527444372.87	4300	33.579584	0.0	2055469	14	4.3
1527444373.21	4300	37.245316	0.0	2169201	20	4.3
1527444373.55	4300	40.901594	0.0	2173522	24	4.3
1527444373.89	4300	44.562985	0.0	2102452	23	4.3
1527444374.21	4300	48.240785	0.0	2209463	15	4.3
1527444374.55	4300	51.894131	0.0	2275376	31	4.3
1527444374.9	4300	55.551998	0.0	2005399	22	4.3
1527444375.24	4300	59.210211	0.0	2152483	23	4.3
1527444378.59	4300	59.999454	0.0	2289689	18	4.3
1527444382.94	4300	59.99865	0.0	2059512	21	4.3
1527444386.8	4300	59.748806	0.0	2220726	31	4.3
1527444390.64	4300	59.998499	0.0	2156729	17	4.3
1527444394.49	4300	59.998722	0.0	2039773	24	4.3
1527444398.84	4300	59.749365	0.0	2176469	22	4.3
1527444403.19	4300	59.747864	0.0	2221506	25	4.3
1527444407.03	4300	59.497727	0.0	2044075	23	4.3
1527444410.88	4300	59.748692	0.0	2186790	21	4.3
1527444414.74	4300	59.997584	0.0	2105231	25	4.3
1527444418.59	4300	59.998904	0.0	2395588	27	4.3
1527444422.94	4300	59.997815	0.0	1972048	18	4.3
1527444426.79	4300	59.749474	0.0	2134614	30	4.3
1527444430.64	4300	59.99881	0.0	2164140	24	4.3
1527444435.0	4300	59.498433	0.0	2113193	15	4.3
1527444438.84	4300	59.747737	0.0	2147852	21	4.3
1527444442.7	4300	59.998505	0.0	2191074	25	4.3
1527444446.55	4300	59.997558	0.0	2286761	24	4.3
1527444450.9	4300	59.748861	0.0	2307787	20	4.3
1527444454.76	4300	59.748535	0.0	2143948	24	4.3
1527444458.61	4300	59.999167	0.0	1919781	20	4.3
1527444462.95	4300	59.74863	0.0	2147467	21	4.3
1527444466.81	4300	59.748063	0.0	2133870	21	4.3
1527444471.17	4300	59.497863	0.0	2146120	41	4.3
1527444474.52	4300	59.998725	0.0	2108491	23	4.3
1527444478.87	4300	59.747289	0.0	2184571	23	4.3
1527444482.72	4300	59.748356	0.0	2121928	23	4.3
1527444487.07	4300	59.497788	0.0	2219102	22	4.3
1527444490.92	4300	59.997608	0.0	2124950	22	4.3
1527444494.77	4300	59.997721	0.0	2246506	22	4.3
1527444499.11	4300	59.497684	0.0	1961140	16	4.3
1527444502.95	4300	59.498701	0.0	2155012	19	4.3
1527444504.29	4300	59.928091	0.0	1433658	16	4.3

1527444505.04	750	4	0.016	668286	3	-0.06879999999999997
1527444505.39	4300	7.953816	0.0	2123065	17	0.75
1527444505.72	4300	11.621495	0.0	2177073	14	4.3
1527444506.06	4300	15.274661	0.0	2160877	36	4.3
1527444506.4	4300	18.937989	0.0	2233056	24	4.3
1527444506.73	4300	22.608485	0.0	1941625	19	4.3
1527444507.05	4300	26.29135	0.0	2157535	12	4.3
1527444507.38	4300	29.957428	0.0	2290172	21	4.3
1527444507.72	4300	33.621127	0.0	2055469	24	4.3
1527444508.06	4300	37.282339	0.0	2169201	20	4.3
1527444508.38	4300	40.961798	0.0	2173522	14	4.3
1527444508.72	4300	44.620317	0.0	2102452	21	4.3
1527444509.05	4300	48.28897	0.0	2209463	17	4.3
1527444509.39	4300	51.951529	0.0	2275376	25	4.3
1527444509.73	4300	55.612229	0.0	2005399	22	4.3
1527444510.06	4300	59.277335	0.0	2152483	22	4.3
1527444513.41	4300	59.998449	0.0	2289689	19	4.3
1527444517.76	4300	59.748663	0.0	2059512	23	4.3
1527444521.61	4300	59.748081	0.0	2220726	26	4.3
1527444525.43	4300	59.999363	0.0	2156729	7	4.3
1527444529.79	4300	59.748084	0.0	2039773	24	4.3
1527444533.63	4300	59.748991	0.0	2176469	23	4.3
1527444537.98	4300	59.748762	0.0	2221506	24	4.3
1527444541.83	4300	59.748621	0.0	2044075	22	4.3
1527444545.68	4300	59.749466	0.0	2186790	20	4.3
1527444549.53	4300	59.998288	0.0	2105231	23	4.3
1527444553.38	4300	59.997528	0.0	2395588	28	4.3
1527444557.73	4300	59.998114	0.0	1972048	19	4.3
1527444561.58	4300	59.999	0.0	2134614	32	4.3
1527444565.93	4300	59.747751	0.0	2164140	24	4.3
1527444569.78	4300	59.74964	0.0	2113193	25	4.3
1527444573.63	4300	59.998883	0.0	2147852	23	4.3
