1527490674.4	750	4	0.017	450283	2	-0.07309999999999994
1527490674.78	4300	7.956991	0.0	2123065	14	0.75
1527490675.11	4300	11.623636	0.0	2177073	14	4.3
1527490675.42	4300	15.308338	0.0	2160877	9	4.3
1527490675.76	4300	18.975051	0.0	2233056	21	4.3
1527490676.09	4300	22.646026	0.0	1941625	19	4.3
1527490676.41	4300	26.324788	0.0	2157535	15	4.3
1527490676.75	4300	29.988893	0.0	2290172	25	4.3
1527490677.08	4300	33.655727	0.0	2055469	20	4.3
1527490677.41	4300	37.322157	0.0	2169201	20	4.3
1527490677.74	4300	40.999385	0.0	2173522	15	4.3
1527490678.07	4300	44.6647	0.0	2102452	19	4.3
1527490678.41	4300	48.326037	0.0	2209463	19	4.3
1527490678.74	4300	51.991693	0.0	2275376	14	4.3
1527490679.08	4300	55.652111	0.0	2005399	26	4.3
1527490679.42	4300	59.317122	0.0	2152483	23	4.3
1527490682.75	4300	59.999007	0.0	2289689	15	4.3
1527490687.1	4300	59.74852	0.0	2059512	24	4.3
1527490690.96	4300	59.997998	0.0	2220726	24	4.3
1527490695.31	4300	59.749206	0.0	2156729	25	4.3
1527490699.16	4300	59.998197	0.0	2039773	24	4.3
1527490703.0	4300	59.749292	0.0	2176469	22	4.3
1527490707.36	4300	59.498475	0.0	2221506	25	4.3
1527490711.21	4300	59.748733	0.0	2044075	25	4.3
1527490715.09	4300	59.998106	0.0	2186790	22	4.3
1527490718.93	4300	59.998085	0.0	2105231	21	4.3
1527490723.28	4300	59.747995	0.0	2395588	23	4.3
1527490727.12	4300	59.998149	0.0	1972048	19	4.3
1527490731.48	4300	59.499213	0.0	2134614	28	4.3
1527490734.83	4300	59.998075	0.0	2164140	24	4.3
1527490739.17	4300	59.998919	0.0	2113193	20	4.3
1527490743.02	4300	59.748668	0.0	2147852	22	4.3
1527490747.37	4300	59.498568	0.0	2191074	19	4.3
1527490751.22	4300	59.749404	0.0	2286761	15	4.3
1527490755.07	4300	59.999259	0.0	2307787	25	4.3
1527490758.92	4300	59.997982	0.0	2143948	21	4.3
1527490762.76	4300	59.997802	0.0	1919781	20	4.3
1527490767.1	4300	59.99789	0.0	2147467	21	4.3
1527490770.95	4300	59.999093	0.0	2133870	22	4.3
1527490774.8	4300	59.998434	0.0	2146120	32	4.3
1527490779.15	4300	59.998665	0.0	2108491	24	4.3
1527490783.0	4300	59.74906	0.0	2184571	24	4.3
1527490787.35	4300	59.498259	0.0	2121928	22	4.3
1527490791.2	4300	59.748563	0.0	2219102	22	4.3
1527490795.06	4300	59.998149	0.0	2124950	17	4.3
1527490799.41	4300	59.748219	0.0	2246506	24	4.3
1527490803.26	4300	59.498005	0.0	1961140	21	4.3
1527490807.1	4300	59.748051	0.0	2155012	23	4.3
1527490808.93	4300	59.679183	0.0	1433658	16	4.3

1527490809.7	750	4	0.02	668286	3	-0.08599999999999997
1527490810.05	4300	7.948367	0.0	2123065	17	0.75
1527490810.4	4300	11.594544	0.0	2177073	28	4.3
1527490810.74	4300	15.252467	0.0	2160877	10	4.3
1527490811.09	4300	18.909387	0.0	2233056	25	4.3
1527490811.41	4300	22.592184	0.0	1941625	11	4.3
1527490811.75	4300	26.24999	0.0	2157535	25	4.3
1527490812.09	4300	29.912354	0.0	2290172	22	4.3
1527490812.43	4300	33.568691	0.0	2055469	23	4.3
1527490812.77	4300	37.228404	0.0	2169201	24	4.3
1527490813.11	4300	40.88959	0.0	2173522	23	4.3
1527490813.44	4300	44.558329	0.0	2102452	16	4.3
1527490813.78	4300	48.213889	0.0	2209463	25	4.3
1527490814.14	4300	51.85894	0.0	2275376	34	4.3
1527490814.46	4300	55.538281	0.0	2005399	13	4.3
1527490814.81	4300	59.189904	0.0	2152483	24	4.3
1527490818.15	4300	59.998695	0.0	2289689	22	4.3
1527490822.0	4300	59.99876	0.0	2059512	22	4.3
1527490826.37	4300	59.749594	0.0	2220726	37	4.3
1527490830.23	4300	59.999115	0.0	2156729	25	4.3
1527490834.07	4300	59.999003	0.0	2039773	23	4.3
1527490838.42	4300	59.748817	0.0	2176469	20	4.3
1527490842.27	4300	59.748812	0.0	2221506	22	4.3
1527490846.12	4300	59.9993	0.0	2044075	24	4.3
1527490850.47	4300	59.74961	0.0	2186790	25	4.3
1527490854.32	4300	59.749229	0.0	2105231	24	4.3
1527490858.67	4300	59.498807	0.0	2395588	23	4.3
1527490862.52	4300	59.748084	0.0	1972048	20	4.3
1527490866.37	4300	59.749167	0.0	2134614	20	4.3
1527490870.22	4300	59.997654	0.0	2164140	25	4.3
1527490874.57	4300	59.497799	0.0	2113193	20	4.3
1527490878.41	4300	59.749078	0.0	2147852	15	4.3
1527490882.25	4300	59.747569	0.0	2191074	21	4.3
1527490886.1	4300	59.998846	0.0	2286761	19	4.3
1527490890.46	4300	59.998782	0.0	2307787	26	4.3
1527490894.31	4300	59.748841	0.0	2143948	23	4.3
1527490898.65	4300	59.749003	0.0	1919781	20	4.3
1527490902.01	4300	59.998351	0.0	2147467	23	4.3
1527490906.36	4300	59.74886	0.0	2133870	25	4.3
1527490910.21	4300	59.99847	0.0	2146120	24	4.3
1527490914.56	4300	59.498522	0.0	2108491	20	4.3
1527490918.4	4300	59.748985	0.0	2184571	22	4.3
1527490922.26	4300	59.749218	0.0	2121928	25	4.3
1527490926.11	4300	59.998361	0.0	2219102	22	4.3
1527490930.5	4300	59.748978	0.0	2124950	20	4.3
1527490934.36	4300	59.99728	0.0	2246506	24	4.3
1527490938.21	4300	59.99856	0.0	1961140	20	4.3
1527490942.56	4300	59.748499	0.0	2155012	24	4.3
1527490943.9	4300	59.928276	0.0	1433658	16	4.3

1527490944.66	750	4	0.015	668286	2	-0.0645
1527490945.02	4300	7.9513	0.0	2123065	22	0.75
1527490945.35	4300	11.615141	0.0	2177073	22	4.3
1527490945.66	4300	15.302544	0.0	2160877	8	4.3
1527490946.0	4300	18.965308	0.0	2233056	23	4.3
1527490946.33	4300	22.633975	0.0	1941625	18	4.3
1527490946.68	4300	26.285164	0.0	2157535	37	4.3
1527490947.02	4300	29.945571	0.0	2290172	25	4.3
1527490947.35	4300	33.613959	0.0	2055469	20	4.3
1527490947.7	4300	37.267726	0.0	2169201	25	4.3
1527490948.04	4300	40.927808	0.0	2173522	22	4.3
1527490948.37	4300	44.592841	0.0	2102452	21	4.3
1527490948.7	4300	48.269517	0.0	2209463	15	4.3
1527490949.03	4300	51.933307	0.0	2275376	24	4.3
1527490949.36	4300	55.60292	0.0	2005399	17	4.3
1527490949.71	4300	59.258577	0.0	2152483	34	4.3
1527490953.56	4300	59.749134	0.0	2289689	25	4.3
