1527521581.51	750	4	0.025	2354772	8	-0.10750000000000004
1527521581.9	4300	7.962403	0.0	2123065	23	0.75
1527521582.29	4300	11.574668	0.0	2177073	20	4.3
1527521582.68	4300	15.185894	0.0	2160877	24	4.3
1527521583.07	4300	18.794787	0.0	2233056	23	4.3
1527521583.45	4300	22.408187	0.0	1941625	22	4.3
1527521583.85	4300	26.014436	0.0	2157535	23	4.3
1527521584.23	4300	29.626234	0.0	2290172	26	4.3
1527521584.63	4300	33.232229	0.0	2055469	23	4.3
1527521585.02	4300	36.843135	0.0	2169201	27	4.3
1527521585.41	4300	40.451326	0.0	2173522	25	4.3
1527521585.79	4300	44.06773	0.0	2102452	25	4.3
1527521586.18	4300	47.679172	0.0	2209463	24	4.3
1527521586.57	4300	51.290141	0.0	2275376	25	4.3
1527521586.98	4300	54.879202	0.0	2005399	14	4.3
1527521587.36	4300	58.500073	0.0	2152483	22	4.3
1527521590.26	4300	59.748642	0.0	2289689	25	4.3
1527521594.15	4300	59.74915	0.0	2059512	18	4.3
1527521598.05	4300	59.999075	0.0	2220726	25	4.3
1527521601.93	4300	59.998679	0.0	2156729	10	4.3
1527521606.32	4300	59.997982	0.0	2039773	20	4.3
1527521610.22	4300	59.99904	0.0	2176469	24	4.3
1527521614.11	4300	59.998837	0.0	2221506	25	4.3
1527521618.01	4300	59.998566	0.0	2044075	22	4.3
1527521621.91	4300	59.998402	0.0	2186790	26	4.3
1527521626.31	4300	59.747954	0.0	2105231	23	4.3
1527521630.2	4300	59.998726	0.0	2395588	22	4.3
1527521634.6	4300	59.498846	0.0	1972048	22	4.3
1527521638.5	4300	59.748721	0.0	2134614	30	4.3
1527521641.91	4300	59.998623	0.0	2164140	23	4.3
1527521646.3	4300	59.749299	0.0	2113193	25	4.3
1527521650.2	4300	59.74952	0.0	2147852	24	4.3
1527521654.14	4300	59.998711	0.0	2191074	25	4.3
1527521658.04	4300	59.999447	0.0	2286761	26	4.3
1527521661.94	4300	59.998262	0.0	2307787	26	4.3
1527521666.34	4300	59.748561	0.0	2143948	24	4.3
1527521670.24	4300	59.748041	0.0	1919781	21	4.3
1527521674.15	4300	59.997851	0.0	2147467	24	4.3
1527521678.05	4300	59.998131	0.0	2133870	25	4.3
1527521681.96	4300	59.997877	0.0	2146120	44	4.3
1527521686.35	4300	59.74827	0.0	2108491	23	4.3
1527521690.25	4300	59.997716	0.0	2184571	22	4.3
1527521694.15	4300	59.998676	0.0	2121928	23	4.3
1527521698.05	4300	59.998853	0.0	2219102	24	4.3
1527521701.95	4300	59.998144	0.0	2124950	24	4.3
1527521706.34	4300	59.997539	0.0	2246506	22	4.3
1527521710.21	4300	59.747644	0.0	1961140	22	4.3
1527521714.08	4300	59.998745	0.0	2155012	23	4.3
1527521715.93	4300	59.670812	0.0	1433658	16	4.3

1527521716.68	750	4	0.016	668286	2	-0.06879999999999997
1527521717.09	4300	7.953083	0.0	2123065	21	0.75
1527521717.47	4300	11.567868	0.0	2177073	21	4.3
1527521717.86	4300	15.179015	0.0	2160877	27	4.3
1527521718.25	4300	18.791689	0.0	2233056	24	4.3
1527521718.64	4300	22.398682	0.0	1941625	22	4.3
1527521719.03	4300	26.005991	0.0	2157535	18	4.3
1527521719.42	4300	29.619273	0.0	2290172	25	4.3
1527521719.79	4300	33.245824	0.0	2055469	16	4.3
1527521720.17	4300	36.864941	0.0	2169201	24	4.3
1527521720.56	4300	40.47884	0.0	2173522	24	4.3
1527521720.95	4300	44.092627	0.0	2102452	23	4.3
1527521721.34	4300	47.698217	0.0	2209463	27	4.3
1527521721.73	4300	51.308729	0.0	2275376	27	4.3
1527521722.12	4300	54.915708	0.0	2005399	23	4.3
1527521722.51	4300	58.526351	0.0	2152483	19	4.3
1527521725.4	4300	59.999038	0.0	2289689	26	4.3
1527521729.29	4300	59.749595	0.0	2059512	20	4.3
1527521733.69	4300	59.498089	0.0	2220726	24	4.3
1527521737.58	4300	59.748155	0.0	2156729	20	4.3
1527521741.47	4300	59.999237	0.0	2039773	22	4.3
1527521745.37	4300	59.998386	0.0	2176469	24	4.3
1527521749.27	4300	59.998579	0.0	2221506	26	4.3
1527521753.17	4300	59.99915	0.0	2044075	23	4.3
1527521757.57	4300	59.49891	0.0	2186790	25	4.3
1527521761.46	4300	59.747702	0.0	2105231	20	4.3
1527521765.35	4300	59.749634	0.0	2395588	24	4.3
1527521769.74	4300	59.4993	0.0	1972048	22	4.3
1527521773.14	4300	59.997872	0.0	2134614	30	4.3
1527521777.53	4300	59.749055	0.0	2164140	19	4.3
1527521781.43	4300	59.748672	0.0	2113193	24	4.3
1527521785.33	4300	59.999065	0.0	2147852	26	4.3
1527521789.73	4300	59.749135	0.0	2191074	24	4.3
1527521793.11	4300	59.998964	0.0	2286761	21	4.3
1527521797.51	4300	59.748671	0.0	2307787	24	4.3
1527521801.4	4300	59.748425	0.0	2143948	18	4.3
1527521805.28	4300	59.998261	0.0	1919781	21	4.3
1527521809.18	4300	59.998522	0.0	2147467	26	4.3
1527521813.08	4300	59.998066	0.0	2133870	23	4.3
1527521817.49	4300	59.748536	0.0	2146120	42	4.3
1527521821.39	4300	59.74816	0.0	2108491	24	4.3
1527521825.3	4300	59.748374	0.0	2184571	37	4.3
1527521829.19	4300	59.998143	0.0	2121928	22	4.3
1527521833.09	4300	59.997878	0.0	2219102	26	4.3
1527521837.49	4300	59.747602	0.0	2124950	24	4.3
1527521841.38	4300	59.997608	0.0	2246506	24	4.3
1527521845.77	4300	59.497843	0.0	1961140	22	4.3
1527521849.13	4300	59.9989	0.0	2155012	17	4.3
1527521850.98	4300	59.909288	0.0	1433658	15	4.3

1527521851.77	750	4	0.015	668286	2	-0.0645
1527521852.17	4300	7.956105	0.0	2123065	14	0.75
1527521852.56	4300	11.559267	0.0	2177073	26	4.3
1527521852.96	4300	15.165594	0.0	2160877	25	4.3
1527521853.4	4300	18.72593	0.0	2233056	25	4.3
1527521853.79	4300	22.329402	0.0	1941625	22	4.3
1527521854.19	4300	25.937668	0.0	2157535	11	4.3
1527521854.57	4300	29.556837	0.0	2290172	16	4.3
1527521854.96	4300	33.162721	0.0	2055469	23	4.3
1527521855.35	4300	36.770693	0.0	2169201	25	4.3
1527521855.74	4300	40.378368	0.0	2173522	25	4.3
1527521856.13	4300	43.989781	0.0	2102452	23	4.3
1527521856.52	4300	47.598925	0.0	2209463	25	4.3
1527521856.92	4300	51.203747	0.0	2275376	25	4.3
1527521857.3	4300	54.819452	0.0	2005399	21	4.3
1527521857.69	4300	58.43148	0.0	2152483	24	4.3
1527521860.59	4300	59.749148	0.0	2289689	27	4.3
1527521864.49	4300	59.749379	0.0	2059512	18	4.3
1527521868.38	4300	59.749382	0.0	2220726	20	4.3
