1527471305.78	750	4	0.026	2354772	10	-0.11180000000000001
1527471306.12	4300	7.958081	0.0	2123065	25	0.75
1527471306.45	4300	11.63111	0.0	2177073	17	4.3
1527471306.77	4300	15.30328	0.0	2160877	17	4.3
1527471307.09	4300	18.982746	0.0	2233056	9	4.3
1527471307.42	4300	22.660798	0.0	1941625	15	4.3
1527471307.75	4300	26.327898	0.0	2157535	21	4.3
1527471308.09	4300	29.991292	0.0	2290172	19	4.3
1527471308.43	4300	33.653355	0.0	2055469	22	4.3
1527471308.76	4300	37.314634	0.0	2169201	24	4.3
1527471309.1	4300	40.977048	0.0	2173522	26	4.3
1527471309.42	4300	44.652109	0.0	2102452	21	4.3
1527471309.75	4300	48.325803	0.0	2209463	17	4.3
1527471310.1	4300	51.990293	0.0	2275376	26	4.3
1527471310.42	4300	55.652568	0.0	2005399	17	4.3
1527471310.75	4300	59.330075	0.0	2152483	15	4.3
1527471314.58	4300	59.748247	0.0	2289689	16	4.3
1527471318.43	4300	59.748417	0.0	2059512	23	4.3
1527471322.77	4300	59.747922	0.0	2220726	22	4.3
1527471326.12	4300	59.997972	0.0	2156729	24	4.3
1527471330.47	4300	59.997617	0.0	2039773	23	4.3
1527471334.32	4300	59.998537	0.0	2176469	27	4.3
1527471338.17	4300	59.998397	0.0	2221506	24	4.3
1527471342.51	4300	59.747809	0.0	2044075	22	4.3
1527471346.36	4300	59.748968	0.0	2186790	24	4.3
1527471350.7	4300	59.498964	0.0	2105231	22	4.3
1527471354.55	4300	59.74833	0.0	2395588	24	4.3
1527471358.4	4300	59.749193	0.0	1972048	36	4.3
1527471362.75	4300	59.498805	0.0	2134614	25	4.3
1527471366.1	4300	59.998863	0.0	2164140	25	4.3
1527471370.46	4300	59.747677	0.0	2113193	24	4.3
1527471374.31	4300	59.999463	0.0	2147852	24	4.3
1527471378.16	4300	59.99803	0.0	2191074	24	4.3
1527471382.5	4300	59.998958	0.0	2286761	23	4.3
1527471386.35	4300	59.748828	0.0	2307787	24	4.3
1527471390.69	4300	59.498466	0.0	2143948	20	4.3
1527471394.54	4300	59.998777	0.0	1919781	21	4.3
1527471398.39	4300	59.748047	0.0	2147467	19	4.3
1527471402.26	4300	59.998603	0.0	2133870	43	4.3
1527471406.62	4300	59.49857	0.0	2146120	25	4.3
1527471410.47	4300	59.748951	0.0	2108491	31	4.3
1527471414.36	4300	59.999055	0.0	2184571	21	4.3
1527471418.21	4300	59.999456	0.0	2121928	26	4.3
1527471422.55	4300	59.747759	0.0	2219102	21	4.3
1527471426.4	4300	59.747467	0.0	2124950	23	4.3
1527471430.75	4300	59.498401	0.0	2246506	21	4.3
1527471434.09	4300	59.997385	0.0	1961140	20	4.3
1527471438.49	4300	59.749393	0.0	2155012	25	4.3
1527471440.32	4300	59.679218	0.0	1433658	17	4.3

1527471441.07	750	4	0.027	2354772	8	-0.11609999999999998
1527471441.41	4300	7.957098	0.0	2123065	23	0.75
1527471441.74	4300	11.626913	0.0	2177073	13	4.3
1527471442.06	4300	15.305935	0.0	2160877	15	4.3
1527471442.38	4300	18.984873	0.0	2233056	15	4.3
1527471442.71	4300	22.651605	0.0	1941625	22	4.3
1527471443.05	4300	26.319105	0.0	2157535	25	4.3
1527471443.37	4300	29.995097	0.0	2290172	16	4.3
1527471443.7	4300	33.662217	0.0	2055469	23	4.3
1527471444.04	4300	37.327357	0.0	2169201	24	4.3
1527471444.36	4300	41.004642	0.0	2173522	15	4.3
1527471444.7	4300	44.667871	0.0	2102452	26	4.3
1527471445.03	4300	48.334616	0.0	2209463	22	4.3
1527471445.36	4300	52.002643	0.0	2275376	23	4.3
1527471445.7	4300	55.661721	0.0	2005399	20	4.3
1527471446.04	4300	59.322016	0.0	2152483	24	4.3
1527471449.39	4300	59.997771	0.0	2289689	24	4.3
1527471453.73	4300	59.999143	0.0	2059512	24	4.3
1527471457.59	4300	59.998773	0.0	2220726	31	4.3
1527471461.43	4300	59.999097	0.0	2156729	24	4.3
1527471465.78	4300	59.749378	0.0	2039773	22	4.3
1527471469.63	4300	59.748986	0.0	2176469	24	4.3
1527471473.97	4300	59.747748	0.0	2221506	24	4.3
1527471477.82	4300	59.998296	0.0	2044075	23	4.3
1527471481.66	4300	59.747637	0.0	2186790	22	4.3
1527471486.0	4300	59.498799	0.0	2105231	21	4.3
1527471489.85	4300	59.998292	0.0	2395588	26	4.3
1527471493.69	4300	59.998088	0.0	1972048	22	4.3
1527471497.54	4300	59.999369	0.0	2134614	20	4.3
1527471501.39	4300	59.99899	0.0	2164140	25	4.3
1527471505.74	4300	59.748049	0.0	2113193	25	4.3
1527471509.59	4300	59.998522	0.0	2147852	26	4.3
1527471513.44	4300	59.998622	0.0	2191074	23	4.3
1527471517.78	4300	59.998473	0.0	2286761	20	4.3
1527471521.62	4300	59.748833	0.0	2307787	23	4.3
1527471525.47	4300	59.997591	0.0	2143948	21	4.3
1527471529.82	4300	59.998075	0.0	1919781	22	4.3
1527471533.67	4300	59.747624	0.0	2147467	25	4.3
1527471538.02	4300	59.498734	0.0	2133870	28	4.3
1527471541.38	4300	59.998917	0.0	2146120	33	4.3
1527471545.73	4300	59.99832	0.0	2108491	26	4.3
1527471549.57	4300	59.998323	0.0	2184571	23	4.3
1527471553.42	4300	59.997998	0.0	2121928	26	4.3
1527471557.76	4300	59.748749	0.0	2219102	23	4.3
1527471562.12	4300	59.498976	0.0	2124950	24	4.3
1527471565.46	4300	59.999092	0.0	2246506	23	4.3
1527471569.81	4300	59.748901	0.0	1961140	24	4.3
1527471573.66	4300	59.998205	0.0	2155012	25	4.3
1527471575.5	4300	59.677958	0.0	1433658	16	4.3

1527471576.27	750	4	0.024	2354772	7	-0.10319999999999996
1527471576.62	4300	7.946358	0.0	2123065	35	0.75
1527471576.97	4300	11.602648	0.0	2177073	23	4.3
1527471577.3	4300	15.266105	0.0	2160877	24	4.3
1527471577.64	4300	18.929007	0.0	2233056	23	4.3
1527471577.96	4300	22.610858	0.0	1941625	13	4.3
1527471578.29	4300	26.276378	0.0	2157535	25	4.3
1527471578.62	4300	29.943723	0.0	2290172	21	4.3
1527471578.95	4300	33.615011	0.0	2055469	19	4.3
1527471579.29	4300	37.281134	0.0	2169201	22	4.3
1527471579.62	4300	40.948219	0.0	2173522	20	4.3
1527471579.96	4300	44.60688	0.0	2102452	23	4.3
1527471580.3	4300	48.268342	0.0	2209463	25	4.3
1527471580.65	4300	51.921497	0.0	2275376	29	4.3
1527471580.98	4300	55.592527	0.0	2005399	16	4.3
1527471581.32	4300	59.250946	0.0	2152483	26	4.3
1527471585.16	4300	59.748814	0.0	2289689	25	4.3
1527471589.0	4300	59.748138	0.0	2059512	22	4.3
1527471592.85	4300	59.748803	0.0	2220726	21	4.3
1527471597.2	4300	59.497804	0.0	2156729	25	4.3
1527471601.05	4300	59.998658	0.0	2039773	23	4.3
1527471604.9	4300	59.997784	0.0	2176469	23	4.3
1527471608.74	4300	59.998525	0.0	2221506	22	4.3
1527471612.59	4300	59.998392	0.0	2044075	20	4.3
1527471616.93	4300	59.748932	0.0	2186790	21	4.3
1527471621.28	4300	59.499119	0.0	2105231	22	4.3
1527471624.62	4300	59.998903	0.0	2395588	25	4.3
1527471628.96	4300	59.997831	0.0	1972048	16	4.3
