1527496428.41	750	4	0.028	2354772	9	-0.12039999999999995
1527496428.78	4300	7.957621	0.0	2123065	27	0.75
1527496429.12	4300	11.621477	0.0	2177073	24	4.3
1527496429.43	4300	15.312276	0.0	2160877	6	4.3
1527496429.76	4300	18.984794	0.0	2233056	16	4.3
1527496430.1	4300	22.642722	0.0	1941625	22	4.3
1527496430.41	4300	26.330883	0.0	2157535	8	4.3
1527496430.75	4300	29.995389	0.0	2290172	21	4.3
1527496431.09	4300	33.652237	0.0	2055469	23	4.3
1527496431.43	4300	37.31326	0.0	2169201	24	4.3
1527496431.76	4300	40.977807	0.0	2173522	26	4.3
1527496432.1	4300	44.646011	0.0	2102452	18	4.3
1527496432.44	4300	48.301757	0.0	2209463	26	4.3
1527496432.78	4300	51.962334	0.0	2275376	24	4.3
1527496433.12	4300	55.623567	0.0	2005399	19	4.3
1527496433.45	4300	59.291794	0.0	2152483	16	4.3
1527496436.8	4300	59.999152	0.0	2289689	25	4.3
1527496441.16	4300	59.998657	0.0	2059512	24	4.3
1527496445.01	4300	59.998752	0.0	2220726	26	4.3
1527496449.36	4300	59.499555	0.0	2156729	23	4.3
1527496453.21	4300	59.749214	0.0	2039773	22	4.3
1527496457.06	4300	59.998281	0.0	2176469	18	4.3
1527496461.41	4300	59.498165	0.0	2221506	24	4.3
1527496464.76	4300	59.998606	0.0	2044075	23	4.3
1527496469.12	4300	59.748109	0.0	2186790	26	4.3
1527496472.98	4300	59.999205	0.0	2105231	24	4.3
1527496477.32	4300	59.497849	0.0	2395588	23	4.3
1527496481.19	4300	59.747801	0.0	1972048	43	4.3
1527496485.04	4300	59.748931	0.0	2134614	22	4.3
1527496488.89	4300	59.998185	0.0	2164140	19	4.3
1527496493.24	4300	59.747896	0.0	2113193	24	4.3
1527496497.09	4300	59.747744	0.0	2147852	23	4.3
1527496500.94	4300	59.999333	0.0	2191074	22	4.3
1527496505.29	4300	59.747533	0.0	2286761	22	4.3
1527496509.13	4300	59.998957	0.0	2307787	21	4.3
1527496512.99	4300	59.999439	0.0	2143948	25	4.3
1527496517.34	4300	59.748393	0.0	1919781	21	4.3
1527496521.19	4300	59.998724	0.0	2147467	25	4.3
1527496525.05	4300	59.748933	0.0	2133870	30	4.3
1527496528.9	4300	59.999164	0.0	2146120	24	4.3
1527496532.76	4300	59.997589	0.0	2108491	24	4.3
1527496537.11	4300	59.997538	0.0	2184571	24	4.3
1527496541.46	4300	59.498391	0.0	2121928	24	4.3
1527496544.81	4300	59.999179	0.0	2219102	26	4.3
1527496549.16	4300	59.748901	0.0	2124950	23	4.3
1527496553.02	4300	59.997477	0.0	2246506	27	4.3
1527496556.86	4300	59.997646	0.0	1961140	20	4.3
1527496561.22	4300	59.998556	0.0	2155012	24	4.3
1527496562.57	4300	59.927959	0.0	1433658	24	4.3

1527496563.33	750	4	0.012	668286	2	-0.05159999999999998
1527496563.68	4300	7.95665	0.0	2123065	12	0.75
1527496564.02	4300	11.622076	0.0	2177073	14	4.3
1527496564.33	4300	15.307377	0.0	2160877	11	4.3
1527496564.67	4300	18.97246	0.0	2233056	21	4.3
1527496564.99	4300	22.649383	0.0	1941625	14	4.3
1527496565.32	4300	26.314667	0.0	2157535	22	4.3
1527496565.65	4300	29.99117	0.0	2290172	16	4.3
1527496565.98	4300	33.657391	0.0	2055469	22	4.3
1527496566.31	4300	37.323707	0.0	2169201	21	4.3
1527496566.66	4300	40.980427	0.0	2173522	23	4.3
1527496567.0	4300	44.638806	0.0	2102452	24	4.3
1527496567.34	4300	48.297543	0.0	2209463	21	4.3
1527496567.69	4300	51.949002	0.0	2275376	20	4.3
1527496568.02	4300	55.614295	0.0	2005399	19	4.3
1527496568.36	4300	59.281194	0.0	2152483	20	4.3
1527496571.7	4300	59.999116	0.0	2289689	18	4.3
1527496576.05	4300	59.748725	0.0	2059512	20	4.3
1527496579.9	4300	59.999145	0.0	2220726	23	4.3
1527496583.74	4300	59.99883	0.0	2156729	21	4.3
1527496588.09	4300	59.749011	0.0	2039773	13	4.3
1527496591.93	4300	59.748935	0.0	2176469	19	4.3
1527496596.27	4300	59.748528	0.0	2221506	18	4.3
1527496600.12	4300	59.748558	0.0	2044075	21	4.3
1527496603.97	4300	59.998175	0.0	2186790	20	4.3
1527496607.81	4300	59.998382	0.0	2105231	19	4.3
1527496611.66	4300	59.99942	0.0	2395588	26	4.3
1527496616.01	4300	59.997856	0.0	1972048	22	4.3
1527496619.87	4300	59.997971	0.0	2134614	37	4.3
1527496623.72	4300	59.998125	0.0	2164140	25	4.3
1527496628.07	4300	59.749464	0.0	2113193	23	4.3
1527496631.92	4300	59.748749	0.0	2147852	25	4.3
1527496636.27	4300	59.497556	0.0	2191074	21	4.3
1527496640.11	4300	59.749308	0.0	2286761	25	4.3
1527496643.96	4300	59.748442	0.0	2307787	19	4.3
1527496647.82	4300	59.998756	0.0	2143948	23	4.3
1527496651.66	4300	59.998241	0.0	1919781	20	4.3
1527496656.01	4300	59.749042	0.0	2147467	21	4.3
1527496660.35	4300	59.749422	0.0	2133870	20	4.3
1527496663.7	4300	59.999414	0.0	2146120	24	4.3
1527496668.04	4300	59.998478	0.0	2108491	18	4.3
1527496672.37	4300	59.74758	0.0	2184571	15	4.3
1527496675.72	4300	59.998751	0.0	2121928	23	4.3
1527496680.07	4300	59.74839	0.0	2219102	24	4.3
1527496683.92	4300	59.747755	0.0	2124950	23	4.3
1527496687.76	4300	59.998815	0.0	2246506	20	4.3
1527496692.12	4300	59.7487	0.0	1961140	22	4.3
1527496695.97	4300	59.748229	0.0	2155012	24	4.3
1527496697.8	4300	59.678387	0.0	1433658	16	4.3

1527496698.56	750	4	0.015	668286	3	-0.0645
1527496698.92	4300	7.949069	0.0	2123065	17	0.75
1527496699.27	4300	11.600202	0.0	2177073	32	4.3
1527496699.58	4300	15.289615	0.0	2160877	6	4.3
1527496699.92	4300	18.944729	0.0	2233056	25	4.3
1527496700.26	4300	22.609097	0.0	1941625	22	4.3
1527496700.59	4300	26.274508	0.0	2157535	24	4.3
1527496700.91	4300	29.956608	0.0	2290172	13	4.3
1527496701.24	4300	33.626306	0.0	2055469	18	4.3
1527496701.58	4300	37.28761	0.0	2169201	26	4.3
1527496701.91	4300	40.953371	0.0	2173522	22	4.3
1527496702.24	4300	44.623163	0.0	2102452	20	4.3
1527496702.57	4300	48.291091	0.0	2209463	19	4.3
1527496702.91	4300	51.959038	0.0	2275376	27	4.3
1527496703.24	4300	55.62614	0.0	2005399	17	4.3
1527496703.58	4300	59.281834	0.0	2152483	24	4.3
1527496707.43	4300	59.748938	0.0	2289689	25	4.3
1527496711.27	4300	59.748932	0.0	2059512	19	4.3
1527496715.1	4300	59.998012	0.0	2220726	13	4.3
1527496718.95	4300	59.999312	0.0	2156729	23	4.3
1527496723.29	4300	59.748809	0.0	2039773	20	4.3
1527496727.14	4300	59.999356	0.0	2176469	24	4.3
1527496731.48	4300	59.749074	0.0	2221506	23	4.3
1527496735.33	4300	59.748667	0.0	2044075	22	4.3
1527496739.18	4300	59.998273	0.0	2186790	22	4.3
1527496743.52	4300	59.747993	0.0	2105231	18	4.3
1527496747.37	4300	59.748806	0.0	2395588	23	4.3
