1527462160.76	750	4	0.026	2354772	9	-0.11180000000000001
1527462161.15	4300	7.966124	0.0	2123065	18	0.75
1527462161.53	4300	11.583576	0.0	2177073	19	4.3
1527462161.91	4300	15.197711	0.0	2160877	24	4.3
1527462162.31	4300	18.802724	0.0	2233056	23	4.3
1527462162.7	4300	22.415296	0.0	1941625	21	4.3
1527462163.09	4300	26.025809	0.0	2157535	24	4.3
1527462163.47	4300	29.637551	0.0	2290172	26	4.3
1527462163.86	4300	33.250763	0.0	2055469	22	4.3
1527462164.25	4300	36.860425	0.0	2169201	26	4.3
1527462164.65	4300	40.462936	0.0	2173522	25	4.3
1527462165.1	4300	44.062165	0.0	2102452	9	4.3
1527462165.48	4300	47.626945	0.0	2209463	24	4.3
1527462165.87	4300	51.237647	0.0	2275376	26	4.3
1527462166.26	4300	54.849257	0.0	2005399	22	4.3
1527462166.65	4300	58.457972	0.0	2152483	23	4.3
1527462169.55	4300	59.997958	0.0	2289689	26	4.3
1527462173.43	4300	59.749035	0.0	2059512	13	4.3
1527462177.85	4300	59.498686	0.0	2220726	33	4.3
1527462181.27	4300	59.99809	0.0	2156729	23	4.3
1527462185.67	4300	59.748362	0.0	2039773	21	4.3
1527462189.58	4300	59.749106	0.0	2176469	24	4.3
1527462193.48	4300	59.74825	0.0	2221506	26	4.3
1527462197.37	4300	59.998654	0.0	2044075	23	4.3
1527462201.27	4300	59.998692	0.0	2186790	24	4.3
1527462205.17	4300	59.998993	0.0	2105231	23	4.3
1527462209.63	4300	59.748495	0.0	2395588	28	4.3
1527462213.52	4300	59.997842	0.0	1972048	22	4.3
1527462217.43	4300	59.998193	0.0	2134614	34	4.3
1527462221.33	4300	59.998859	0.0	2164140	23	4.3
1527462225.23	4300	59.999474	0.0	2113193	22	4.3
1527462229.62	4300	59.749182	0.0	2147852	24	4.3
1527462233.52	4300	59.747679	0.0	2191074	25	4.3
1527462237.42	4300	59.748686	0.0	2286761	25	4.3
1527462241.32	4300	59.999243	0.0	2307787	26	4.3
1527462245.21	4300	59.999004	0.0	2143948	17	4.3
1527462249.6	4300	59.749048	0.0	1919781	21	4.3
1527462253.5	4300	59.748679	0.0	2147467	23	4.3
1527462257.41	4300	59.749144	0.0	2133870	24	4.3
1527462261.31	4300	59.998827	0.0	2146120	23	4.3
1527462265.21	4300	59.999312	0.0	2108491	23	4.3
1527462269.61	4300	59.748254	0.0	2184571	23	4.3
1527462273.51	4300	59.998351	0.0	2121928	24	4.3
1527462277.41	4300	59.749027	0.0	2219102	24	4.3
1527462281.31	4300	59.998218	0.0	2124950	23	4.3
1527462285.2	4300	59.999127	0.0	2246506	21	4.3
1527462289.58	4300	59.998746	0.0	1961140	21	4.3
1527462293.44	4300	59.748835	0.0	2155012	19	4.3
1527462295.29	4300	59.67536	0.0	1433658	16	4.3

1527462296.05	750	4	0.018	668286	4	-0.07740000000000002
1527462296.48	4300	7.949854	0.0	2123065	22	0.75
1527462296.86	4300	11.563665	0.0	2177073	20	4.3
1527462297.26	4300	15.169175	0.0	2160877	24	4.3
1527462297.64	4300	18.782197	0.0	2233056	24	4.3
1527462298.03	4300	22.392424	0.0	1941625	22	4.3
1527462298.42	4300	26.001153	0.0	2157535	30	4.3
1527462298.81	4300	29.614202	0.0	2290172	25	4.3
1527462299.18	4300	33.241335	0.0	2055469	13	4.3
1527462299.57	4300	36.858174	0.0	2169201	20	4.3
1527462299.95	4300	40.472751	0.0	2173522	24	4.3
1527462300.34	4300	44.083973	0.0	2102452	28	4.3
1527462300.73	4300	47.69573	0.0	2209463	25	4.3
1527462301.11	4300	51.309397	0.0	2275376	25	4.3
1527462301.52	4300	54.907933	0.0	2005399	22	4.3
1527462301.91	4300	58.513194	0.0	2152483	13	4.3
1527462304.81	4300	59.748605	0.0	2289689	21	4.3
1527462308.7	4300	59.748663	0.0	2059512	23	4.3
1527462312.61	4300	59.998457	0.0	2220726	25	4.3
1527462316.51	4300	59.999061	0.0	2156729	23	4.3
1527462320.91	4300	59.748488	0.0	2039773	23	4.3
1527462324.8	4300	59.747908	0.0	2176469	18	4.3
1527462328.7	4300	59.748011	0.0	2221506	21	4.3
1527462333.1	4300	59.747733	0.0	2044075	17	4.3
1527462337.0	4300	59.498171	0.0	2186790	24	4.3
1527462340.9	4300	59.749212	0.0	2105231	24	4.3
1527462344.8	4300	59.748294	0.0	2395588	26	4.3
1527462348.7	4300	59.749493	0.0	1972048	22	4.3
1527462353.1	4300	59.498124	0.0	2134614	20	4.3
1527462356.5	4300	59.998892	0.0	2164140	23	4.3
1527462360.9	4300	59.998443	0.0	2113193	24	4.3
1527462364.77	4300	59.748668	0.0	2147852	7	4.3
1527462368.68	4300	59.99807	0.0	2191074	26	4.3
1527462372.58	4300	59.99917	0.0	2286761	26	4.3
1527462376.48	4300	59.998673	0.0	2307787	24	4.3
1527462380.91	4300	59.998383	0.0	2143948	23	4.3
1527462384.8	4300	59.749417	0.0	1919781	14	4.3
1527462388.69	4300	59.998875	0.0	2147467	22	4.3
1527462392.59	4300	59.99866	0.0	2133870	26	4.3
1527462396.51	4300	59.999485	0.0	2146120	23	4.3
1527462400.92	4300	59.748562	0.0	2108491	22	4.3
1527462404.82	4300	59.748561	0.0	2184571	25	4.3
1527462408.71	4300	59.748075	0.0	2121928	21	4.3
1527462413.11	4300	59.749179	0.0	2219102	23	4.3
1527462416.51	4300	59.999415	0.0	2124950	23	4.3
1527462420.9	4300	59.748823	0.0	2246506	23	4.3
1527462424.76	4300	59.998832	0.0	1961140	8	4.3
1527462428.65	4300	59.99931	0.0	2155012	24	4.3
1527462430.5	4300	59.69176	0.0	1433658	18	4.3

1527462431.26	750	4	0.014	668286	2	-0.06020000000000003
1527462431.66	4300	7.954275	0.0	2123065	16	0.75
1527462432.04	4300	11.576962	0.0	2177073	16	4.3
1527462432.43	4300	15.187181	0.0	2160877	25	4.3
1527462432.82	4300	18.7984	0.0	2233056	24	4.3
1527462433.21	4300	22.404026	0.0	1941625	20	4.3
1527462433.61	4300	26.001082	0.0	2157535	11	4.3
1527462434.02	4300	29.59769	0.0	2290172	25	4.3
1527462434.41	4300	33.205147	0.0	2055469	23	4.3
1527462434.8	4300	36.815258	0.0	2169201	24	4.3
1527462435.19	4300	40.425288	0.0	2173522	24	4.3
1527462435.57	4300	44.043678	0.0	2102452	13	4.3
1527462435.95	4300	47.668889	0.0	2209463	15	4.3
1527462436.33	4300	51.281295	0.0	2275376	26	4.3
1527462436.72	4300	54.892298	0.0	2005399	21	4.3
1527462437.13	4300	58.484332	0.0	2152483	35	4.3
1527462440.02	4300	59.997776	0.0	2289689	21	4.3
1527462443.92	4300	59.748078	0.0	2059512	19	4.3
1527462447.82	4300	59.998101	0.0	2220726	24	4.3
