1527428310.05	750	4	0.017	450283	2	-0.07309999999999994
1527428310.43	4300	7.954751	0.0	2123065	14	0.75
1527428310.77	4300	11.615622	0.0	2177073	27	4.3
1527428311.1	4300	15.283102	0.0	2160877	18	4.3
1527428311.44	4300	18.939326	0.0	2233056	24	4.3
1527428311.78	4300	22.602205	0.0	1941625	21	4.3
1527428312.12	4300	26.26139	0.0	2157535	24	4.3
1527428312.46	4300	29.916383	0.0	2290172	24	4.3
1527428312.8	4300	33.580226	0.0	2055469	24	4.3
1527428313.14	4300	37.245919	0.0	2169201	22	4.3
1527428313.47	4300	40.912168	0.0	2173522	22	4.3
1527428313.81	4300	44.569286	0.0	2102452	23	4.3
1527428314.16	4300	48.224263	0.0	2209463	26	4.3
1527428314.5	4300	51.876964	0.0	2275376	15	4.3
1527428314.84	4300	55.541844	0.0	2005399	21	4.3
1527428315.18	4300	59.206096	0.0	2152483	22	4.3
1527428319.02	4300	59.497806	0.0	2289689	21	4.3
1527428322.87	4300	59.997953	0.0	2059512	21	4.3
1527428326.72	4300	59.749204	0.0	2220726	24	4.3
1527428331.07	4300	59.497845	0.0	2156729	22	4.3
1527428334.41	4300	59.997889	0.0	2039773	24	4.3
1527428338.76	4300	59.748632	0.0	2176469	19	4.3
1527428343.11	4300	59.497857	0.0	2221506	19	4.3
1527428346.45	4300	59.998808	0.0	2044075	18	4.3
1527428350.81	4300	59.997775	0.0	2186790	25	4.3
1527428354.65	4300	59.999226	0.0	2105231	25	4.3
1527428358.5	4300	59.998618	0.0	2395588	24	4.3
1527428362.84	4300	59.749183	0.0	1972048	20	4.3
1527428366.7	4300	59.998252	0.0	2134614	36	4.3
1527428371.05	4300	59.499392	0.0	2164140	25	4.3
1527428374.9	4300	59.749357	0.0	2113193	24	4.3
1527428378.75	4300	59.749562	0.0	2147852	22	4.3
1527428383.1	4300	59.499079	0.0	2191074	13	4.3
1527428386.95	4300	59.498626	0.0	2286761	21	4.3
1527428390.8	4300	59.99898	0.0	2307787	25	4.3
1527428394.65	4300	59.748222	0.0	2143948	24	4.3
1527428399.0	4300	59.498931	0.0	1919781	18	4.3
1527428402.85	4300	59.997884	0.0	2147467	20	4.3
1527428406.69	4300	59.998686	0.0	2133870	18	4.3
1527428410.55	4300	59.998809	0.0	2146120	24	4.3
1527428414.89	4300	59.499074	0.0	2108491	21	4.3
1527428418.75	4300	59.998724	0.0	2184571	30	4.3
1527428422.6	4300	59.998774	0.0	2121928	24	4.3
1527428426.45	4300	59.998892	0.0	2219102	23	4.3
1527428430.8	4300	59.749118	0.0	2124950	20	4.3
1527428434.66	4300	59.998407	0.0	2246506	26	4.3
1527428438.5	4300	59.997822	0.0	1961140	22	4.3
1527428442.85	4300	59.74888	0.0	2155012	22	4.3
1527428444.19	4300	59.928663	0.0	1433658	16	4.3

1527428444.96	750	4	0.016	668286	2	-0.06879999999999997
1527428445.31	4300	7.958374	0.0	2123065	16	0.75
1527428445.65	4300	11.620954	0.0	2177073	22	4.3
1527428445.97	4300	15.302514	0.0	2160877	11	4.3
1527428446.31	4300	18.96338	0.0	2233056	23	4.3
1527428446.64	4300	22.631233	0.0	1941625	20	4.3
1527428446.99	4300	26.279672	0.0	2157535	38	4.3
1527428447.32	4300	29.950099	0.0	2290172	18	4.3
1527428447.66	4300	33.61355	0.0	2055469	21	4.3
1527428447.99	4300	37.278568	0.0	2169201	22	4.3
1527428448.33	4300	40.943712	0.0	2173522	21	4.3
1527428448.66	4300	44.607118	0.0	2102452	17	4.3
1527428448.99	4300	48.281153	0.0	2209463	15	4.3
1527428449.31	4300	51.956729	0.0	2275376	15	4.3
1527428449.65	4300	55.622484	0.0	2005399	17	4.3
1527428450.01	4300	59.26481	0.0	2152483	41	4.3
1527428453.36	4300	59.998633	0.0	2289689	25	4.3
1527428457.72	4300	59.749559	0.0	2059512	22	4.3
1527428461.57	4300	59.749219	0.0	2220726	24	4.3
1527428465.42	4300	59.999237	0.0	2156729	23	4.3
1527428469.77	4300	59.749229	0.0	2039773	19	4.3
1527428473.62	4300	59.997684	0.0	2176469	20	4.3
1527428477.48	4300	59.997651	0.0	2221506	23	4.3
1527428481.33	4300	59.999499	0.0	2044075	22	4.3
1527428485.69	4300	59.998024	0.0	2186790	23	4.3
1527428489.54	4300	59.997795	0.0	2105231	23	4.3
1527428493.38	4300	59.998642	0.0	2395588	23	4.3
1527428497.73	4300	59.749354	0.0	1972048	18	4.3
1527428501.59	4300	59.748926	0.0	2134614	31	4.3
1527428505.94	4300	59.498902	0.0	2164140	25	4.3
1527428509.28	4300	59.999468	0.0	2113193	23	4.3
1527428513.63	4300	59.998187	0.0	2147852	19	4.3
1527428517.97	4300	59.748302	0.0	2191074	21	4.3
1527428521.32	4300	59.99868	0.0	2286761	23	4.3
1527428525.68	4300	59.998321	0.0	2307787	26	4.3
1527428529.53	4300	59.998128	0.0	2143948	25	4.3
1527428533.37	4300	59.998095	0.0	1919781	18	4.3
1527428537.72	4300	59.748565	0.0	2147467	19	4.3
1527428541.56	4300	59.748954	0.0	2133870	20	4.3
1527428545.42	4300	59.999047	0.0	2146120	32	4.3
1527428549.77	4300	59.74769	0.0	2108491	24	4.3
1527428553.62	4300	59.747736	0.0	2184571	24	4.3
1527428557.97	4300	59.497516	0.0	2121928	21	4.3
1527428561.32	4300	59.997534	0.0	2219102	24	4.3
1527428565.67	4300	59.997475	0.0	2124950	25	4.3
1527428570.03	4300	59.248831	0.0	2246506	27	4.3
1527428573.37	4300	59.997018	0.0	1961140	20	4.3
1527428577.73	4300	59.747451	0.0	2155012	25	4.3
1527428579.06	4300	59.92757	0.0	1433658	16	4.3

1527428579.83	750	4	0.016	668286	2	-0.06879999999999997
1527428580.18	4300	7.949976	0.0	2123065	16	0.75
1527428580.53	4300	11.600573	0.0	2177073	31	4.3
1527428580.86	4300	15.275698	0.0	2160877	21	4.3
1527428581.19	4300	18.939448	0.0	2233056	23	4.3
1527428581.53	4300	22.608372	0.0	1941625	19	4.3
1527428581.86	4300	26.273048	0.0	2157535	20	4.3
1527428582.19	4300	29.940182	0.0	2290172	19	4.3
1527428582.53	4300	33.599462	0.0	2055469	21	4.3
1527428582.87	4300	37.260388	0.0	2169201	24	4.3
1527428583.21	4300	40.924901	0.0	2173522	21	4.3
1527428583.54	4300	44.594728	0.0	2102452	17	4.3
1527428583.86	4300	48.275172	0.0	2209463	14	4.3
1527428584.19	4300	51.943183	0.0	2275376	27	4.3
1527428584.52	4300	55.615287	0.0	2005399	16	4.3
1527428584.85	4300	59.281623	0.0	2152483	23	4.3
1527428588.7	4300	59.498774	0.0	2289689	21	4.3
1527428592.55	4300	59.748766	0.0	2059512	21	4.3
1527428596.4	4300	59.748269	0.0	2220726	26	4.3
1527428600.75	4300	59.749605	0.0	2156729	21	4.3
1527428604.59	4300	59.998321	0.0	2039773	21	4.3
1527428608.44	4300	59.998811	0.0	2176469	21	4.3
1527428612.28	4300	59.998889	0.0	2221506	20	4.3
1527428616.63	4300	59.998354	0.0	2044075	22	4.3
1527428620.49	4300	59.999247	0.0	2186790	27	4.3
1527428624.84	4300	59.499183	0.0	2105231	21	4.3
1527428628.69	4300	59.748851	0.0	2395588	26	4.3
1527428632.53	4300	59.748684	0.0	1972048	15	4.3
