1527394010.78	750	4	0.018	450283	3	-0.07740000000000002
1527394011.17	4300	7.954065	0.0	2123065	17	0.75
1527394011.56	4300	11.570624	0.0	2177073	20	4.3
1527394011.94	4300	15.186083	0.0	2160877	24	4.3
1527394012.33	4300	18.796363	0.0	2233056	26	4.3
1527394012.75	4300	22.379436	0.0	1941625	23	4.3
1527394013.13	4300	26.00012	0.0	2157535	19	4.3
1527394013.51	4300	29.618414	0.0	2290172	22	4.3
1527394013.89	4300	33.232749	0.0	2055469	23	4.3
1527394014.29	4300	36.834692	0.0	2169201	17	4.3
1527394014.68	4300	40.45088	0.0	2173522	24	4.3
1527394015.07	4300	44.062451	0.0	2102452	28	4.3
1527394015.47	4300	47.656216	0.0	2209463	41	4.3
1527394015.88	4300	51.245169	0.0	2275376	21	4.3
1527394016.26	4300	54.863607	0.0	2005399	23	4.3
1527394016.65	4300	58.477982	0.0	2152483	24	4.3
1527394019.55	4300	59.748311	0.0	2289689	24	4.3
1527394023.44	4300	59.749451	0.0	2059512	19	4.3
1527394027.35	4300	59.998363	0.0	2220726	28	4.3
1527394031.24	4300	59.999091	0.0	2156729	21	4.3
1527394035.63	4300	59.498889	0.0	2039773	21	4.3
1527394039.52	4300	59.748921	0.0	2176469	20	4.3
1527394043.42	4300	59.749377	0.0	2221506	23	4.3
1527394047.81	4300	59.747886	0.0	2044075	24	4.3
1527394051.23	4300	59.999177	0.0	2186790	26	4.3
1527394055.61	4300	59.749009	0.0	2105231	15	4.3
1527394059.52	4300	59.748918	0.0	2395588	26	4.3
1527394063.41	4300	59.748867	0.0	1972048	21	4.3
1527394067.31	4300	59.999177	0.0	2134614	21	4.3
1527394071.2	4300	59.997785	0.0	2164140	23	4.3
1527394075.6	4300	59.997859	0.0	2113193	22	4.3
1527394079.51	4300	59.997793	0.0	2147852	22	4.3
1527394083.39	4300	59.749352	0.0	2191074	10	4.3
1527394087.29	4300	59.998706	0.0	2286761	20	4.3
1527394091.69	4300	59.498544	0.0	2307787	23	4.3
1527394095.59	4300	59.998887	0.0	2143948	26	4.3
1527394099.48	4300	59.749434	0.0	1919781	21	4.3
1527394103.38	4300	59.999172	0.0	2147467	24	4.3
1527394107.79	4300	59.748363	0.0	2133870	25	4.3
1527394111.18	4300	59.999245	0.0	2146120	30	4.3
1527394115.58	4300	59.747876	0.0	2108491	23	4.3
1527394119.48	4300	59.747743	0.0	2184571	22	4.3
1527394123.87	4300	59.497812	0.0	2121928	24	4.3
1527394127.27	4300	59.998425	0.0	2219102	34	4.3
1527394131.17	4300	59.99888	0.0	2124950	24	4.3
1527394135.55	4300	59.998637	0.0	2246506	17	4.3
1527394139.44	4300	59.998209	0.0	1961140	22	4.3
1527394143.31	4300	59.998022	0.0	2155012	23	4.3
1527394145.17	4300	59.648404	0.0	1433658	15	4.3

1527394145.93	750	4	0.015	668286	3	-0.0645
1527394146.33	4300	7.950521	0.0	2123065	17	0.75
1527394146.73	4300	11.559679	0.0	2177073	24	4.3
1527394147.11	4300	15.168936	0.0	2160877	19	4.3
1527394147.49	4300	18.788446	0.0	2233056	23	4.3
1527394147.87	4300	22.404643	0.0	1941625	20	4.3
1527394148.26	4300	26.015287	0.0	2157535	23	4.3
1527394148.65	4300	29.624685	0.0	2290172	27	4.3
1527394149.04	4300	33.238945	0.0	2055469	23	4.3
1527394149.42	4300	36.859704	0.0	2169201	19	4.3
1527394149.8	4300	40.478623	0.0	2173522	23	4.3
1527394150.19	4300	44.091624	0.0	2102452	25	4.3
1527394150.58	4300	47.702654	0.0	2209463	26	4.3
1527394150.96	4300	51.313491	0.0	2275376	27	4.3
1527394151.35	4300	54.929465	0.0	2005399	22	4.3
1527394151.73	4300	58.549494	0.0	2152483	20	4.3
1527394154.64	4300	59.749104	0.0	2289689	25	4.3
1527394158.56	4300	59.749912	0.0	2059512	28	4.3
1527394162.45	4300	59.999179	0.0	2220726	23	4.3
1527394166.86	4300	59.499092	0.0	2156729	23	4.3
1527394170.74	4300	59.748053	0.0	2039773	18	4.3
1527394174.64	4300	59.749375	0.0	2176469	25	4.3
1527394178.53	4300	59.99789	0.0	2221506	25	4.3
1527394182.42	4300	59.998846	0.0	2044075	17	4.3
1527394186.81	4300	59.74932	0.0	2186790	22	4.3
1527394190.7	4300	59.998365	0.0	2105231	17	4.3
1527394194.59	4300	59.749554	0.0	2395588	25	4.3
1527394198.98	4300	59.499381	0.0	1972048	22	4.3
1527394202.39	4300	59.999499	0.0	2134614	34	4.3
1527394206.29	4300	59.998337	0.0	2164140	25	4.3
1527394210.68	4300	59.748929	0.0	2113193	23	4.3
1527394214.57	4300	59.999125	0.0	2147852	20	4.3
1527394218.97	4300	59.748966	0.0	2191074	22	4.3
1527394222.86	4300	59.748845	0.0	2286761	20	4.3
1527394226.75	4300	59.748835	0.0	2307787	23	4.3
1527394230.65	4300	59.998688	0.0	2143948	25	4.3
1527394234.54	4300	59.999059	0.0	1919781	21	4.3
1527394238.45	4300	59.999168	0.0	2147467	23	4.3
1527394242.85	4300	59.497785	0.0	2133870	25	4.3
1527394246.76	4300	59.999253	0.0	2146120	32	4.3
1527394250.66	4300	59.999032	0.0	2108491	23	4.3
1527394254.56	4300	59.749464	0.0	2184571	27	4.3
1527394258.46	4300	59.998689	0.0	2121928	22	4.3
1527394262.36	4300	59.999309	0.0	2219102	24	4.3
1527394266.77	4300	59.748539	0.0	2124950	24	4.3
1527394270.66	4300	59.749593	0.0	2246506	24	4.3
1527394274.55	4300	59.998745	0.0	1961140	21	4.3
1527394278.42	4300	59.997701	0.0	2155012	22	4.3
1527394280.77	4300	59.662679	0.0	1433658	16	4.3

1527394281.53	750	4	0.014	668286	3	-0.06020000000000003
1527394281.93	4300	7.951867	0.0	2123065	17	0.75
1527394282.32	4300	11.559303	0.0	2177073	27	4.3
1527394282.7	4300	15.175427	0.0	2160877	22	4.3
1527394283.09	4300	18.791605	0.0	2233056	26	4.3
1527394283.48	4300	22.406039	0.0	1941625	21	4.3
1527394283.86	4300	26.015619	0.0	2157535	23	4.3
1527394284.26	4300	29.623853	0.0	2290172	27	4.3
1527394284.64	4300	33.238433	0.0	2055469	23	4.3
1527394285.04	4300	36.844721	0.0	2169201	24	4.3
1527394285.43	4300	40.45572	0.0	2173522	23	4.3
1527394285.82	4300	44.058602	0.0	2102452	25	4.3
1527394286.21	4300	47.670234	0.0	2209463	26	4.3
1527394286.61	4300	51.272058	0.0	2275376	32	4.3
1527394286.99	4300	54.890766	0.0	2005399	23	4.3
1527394287.41	4300	58.472835	0.0	2152483	24	4.3
1527394290.3	4300	59.749285	0.0	2289689	27	4.3
1527394294.2	4300	59.998786	0.0	2059512	19	4.3
1527394298.59	4300	59.49892	0.0	2220726	25	4.3
1527394301.99	4300	59.998649	0.0	2156729	24	4.3
1527394305.89	4300	59.999418	0.0	2039773	23	4.3
1527394310.29	4300	59.748926	0.0	2176469	24	4.3
1527394314.18	4300	59.999101	0.0	2221506	21	4.3
1527394318.08	4300	59.998237	0.0	2044075	23	4.3
1527394322.47	4300	59.748756	0.0	2186790	21	4.3
1527394326.36	4300	59.747603	0.0	2105231	18	4.3
1527394330.25	4300	59.748716	0.0	2395588	27	4.3
1527394334.15	4300	59.998253	0.0	1972048	21	4.3
