1527523501.88	750	4	0.024	2354772	7	-0.10319999999999996
1527523502.23	4300	7.951262	0.0	2123065	34	0.75
1527523502.56	4300	11.615681	0.0	2177073	22	4.3
1527523502.88	4300	15.296033	0.0	2160877	12	4.3
1527523503.22	4300	18.95821	0.0	2233056	26	4.3
1527523503.53	4300	22.640849	0.0	1941625	12	4.3
1527523503.87	4300	26.302019	0.0	2157535	25	4.3
1527523504.21	4300	29.963728	0.0	2290172	24	4.3
1527523504.54	4300	33.631866	0.0	2055469	20	4.3
1527523504.86	4300	37.317255	0.0	2169201	10	4.3
1527523505.19	4300	40.983501	0.0	2173522	18	4.3
1527523505.52	4300	44.650958	0.0	2102452	14	4.3
1527523505.85	4300	48.323333	0.0	2209463	20	4.3
1527523506.19	4300	51.987645	0.0	2275376	24	4.3
1527523506.52	4300	55.65452	0.0	2005399	21	4.3
1527523506.87	4300	59.308992	0.0	2152483	24	4.3
1527523510.72	4300	59.498958	0.0	2289689	25	4.3
1527523514.56	4300	59.748709	0.0	2059512	20	4.3
1527523518.41	4300	59.999209	0.0	2220726	21	4.3
1527523522.26	4300	59.999225	0.0	2156729	26	4.3
1527523526.61	4300	59.748333	0.0	2039773	22	4.3
1527523530.46	4300	59.998681	0.0	2176469	25	4.3
1527523534.31	4300	59.998503	0.0	2221506	23	4.3
1527523538.66	4300	59.748358	0.0	2044075	22	4.3
1527523542.51	4300	59.74908	0.0	2186790	24	4.3
1527523546.35	4300	59.999479	0.0	2105231	23	4.3
1527523550.21	4300	59.999043	0.0	2395588	24	4.3
1527523554.55	4300	59.748554	0.0	1972048	16	4.3
1527523558.89	4300	59.49855	0.0	2134614	22	4.3
1527523562.24	4300	59.999212	0.0	2164140	25	4.3
1527523566.58	4300	59.748751	0.0	2113193	18	4.3
1527523570.42	4300	59.999045	0.0	2147852	19	4.3
1527523574.28	4300	59.998339	0.0	2191074	26	4.3
1527523578.63	4300	59.748973	0.0	2286761	25	4.3
1527523582.48	4300	59.997604	0.0	2307787	27	4.3
1527523586.32	4300	59.999349	0.0	2143948	19	4.3
1527523590.66	4300	59.748876	0.0	1919781	17	4.3
1527523594.51	4300	59.747918	0.0	2147467	23	4.3
1527523598.36	4300	59.997431	0.0	2133870	28	4.3
1527523602.71	4300	59.74883	0.0	2146120	24	4.3
1527523606.56	4300	59.748655	0.0	2108491	24	4.3
1527523610.91	4300	59.749073	0.0	2184571	23	4.3
1527523614.76	4300	59.498929	0.0	2121928	22	4.3
1527523618.6	4300	59.748487	0.0	2219102	22	4.3
1527523622.45	4300	59.999035	0.0	2124950	19	4.3
1527523626.3	4300	59.997983	0.0	2246506	27	4.3
1527523630.65	4300	59.747976	0.0	1961140	23	4.3
1527523634.5	4300	59.997843	0.0	2155012	23	4.3
1527523636.36	4300	59.927407	0.0	1433658	20	4.3

1527523637.1	750	4	0.026	2354772	8	-0.11180000000000001
1527523637.44	4300	7.962044	0.0	2123065	25	0.75
1527523637.77	4300	11.627795	0.0	2177073	20	4.3
1527523638.1	4300	15.297774	0.0	2160877	21	4.3
1527523638.44	4300	18.963139	0.0	2233056	20	4.3
1527523638.76	4300	22.643562	0.0	1941625	14	4.3
1527523639.09	4300	26.309071	0.0	2157535	22	4.3
1527523639.43	4300	29.974757	0.0	2290172	23	4.3
1527523639.76	4300	33.636544	0.0	2055469	23	4.3
1527523640.1	4300	37.29578	0.0	2169201	26	4.3
1527523640.45	4300	40.952828	0.0	2173522	24	4.3
1527523640.8	4300	44.604599	0.0	2102452	21	4.3
1527523641.13	4300	48.270141	0.0	2209463	23	4.3
1527523641.46	4300	51.936354	0.0	2275376	22	4.3
1527523641.78	4300	55.618085	0.0	2005399	14	4.3
1527523642.12	4300	59.280746	0.0	2152483	25	4.3
1527523645.96	4300	59.499418	0.0	2289689	22	4.3
1527523649.8	4300	59.998414	0.0	2059512	21	4.3
1527523653.64	4300	59.997796	0.0	2220726	23	4.3
1527523657.48	4300	59.9984	0.0	2156729	22	4.3
1527523661.83	4300	59.749571	0.0	2039773	15	4.3
1527523665.67	4300	59.99923	0.0	2176469	21	4.3
1527523670.02	4300	59.748564	0.0	2221506	20	4.3
1527523673.86	4300	59.748888	0.0	2044075	20	4.3
1527523677.7	4300	59.748961	0.0	2186790	23	4.3
1527523682.04	4300	59.74899	0.0	2105231	21	4.3
1527523685.89	4300	59.999331	0.0	2395588	29	4.3
1527523689.74	4300	59.749368	0.0	1972048	31	4.3
1527523693.59	4300	59.998966	0.0	2134614	25	4.3
1527523697.44	4300	59.998381	0.0	2164140	25	4.3
1527523701.78	4300	59.747503	0.0	2113193	22	4.3
1527523706.13	4300	59.748391	0.0	2147852	24	4.3
1527523709.97	4300	59.498769	0.0	2191074	25	4.3
1527523713.82	4300	59.998401	0.0	2286761	27	4.3
1527523717.66	4300	59.748607	0.0	2307787	22	4.3
1527523722.01	4300	59.497989	0.0	2143948	21	4.3
1527523725.84	4300	59.998098	0.0	1919781	21	4.3
1527523729.69	4300	59.748247	0.0	2147467	24	4.3
1527523734.05	4300	59.499066	0.0	2133870	38	4.3
1527523737.9	4300	59.498496	0.0	2146120	25	4.3
1527523741.76	4300	59.749145	0.0	2108491	33	4.3
1527523746.11	4300	59.74746	0.0	2184571	25	4.3
1527523749.96	4300	59.748483	0.0	2121928	25	4.3
1527523753.81	4300	59.748717	0.0	2219102	24	4.3
1527523757.66	4300	59.74767	0.0	2124950	22	4.3
1527523761.52	4300	59.997732	0.0	2246506	25	4.3
1527523765.86	4300	59.748406	0.0	1961140	22	4.3
1527523769.71	4300	59.997812	0.0	2155012	25	4.3
1527523771.54	4300	59.678633	0.0	1433658	16	4.3

1527523772.3	750	4	0.027	2354772	7	-0.11609999999999998
1527523772.64	4300	7.95355	0.0	2123065	25	0.75
1527523772.99	4300	11.611179	0.0	2177073	24	4.3
1527523773.33	4300	15.272301	0.0	2160877	27	4.3
1527523773.72	4300	18.931067	0.0	2233056	24	4.3
1527523774.05	4300	22.543659	0.0	1941625	23	4.3
1527523774.4	4300	26.198919	0.0	2157535	25	4.3
1527523774.74	4300	29.853339	0.0	2290172	26	4.3
1527523775.08	4300	33.517292	0.0	2055469	23	4.3
1527523775.42	4300	37.182074	0.0	2169201	22	4.3
1527523775.75	4300	40.848591	0.0	2173522	20	4.3
1527523776.08	4300	44.516531	0.0	2102452	19	4.3
1527523776.42	4300	48.174563	0.0	2209463	25	4.3
1527523776.77	4300	51.826004	0.0	2275376	30	4.3
1527523777.1	4300	55.497558	0.0	2005399	17	4.3
1527523777.42	4300	59.175883	0.0	2152483	14	4.3
1527523781.27	4300	59.498219	0.0	2289689	15	4.3
1527523785.11	4300	59.747779	0.0	2059512	18	4.3
1527523788.96	4300	59.749573	0.0	2220726	25	4.3
1527523792.81	4300	59.998885	0.0	2156729	26	4.3
1527523797.16	4300	59.747714	0.0	2039773	21	4.3
1527523801.01	4300	59.998554	0.0	2176469	23	4.3
