1527371346.51	750	4	0.027	2354772	8	-0.11609999999999998
1527371346.85	4300	7.953728	0.0	2123065	27	0.75
1527371347.19	4300	11.618469	0.0	2177073	22	4.3
1527371347.53	4300	15.282255	0.0	2160877	20	4.3
1527371347.87	4300	18.937092	0.0	2233056	26	4.3
1527371348.21	4300	22.602556	0.0	1941625	20	4.3
1527371348.54	4300	26.266215	0.0	2157535	22	4.3
1527371348.88	4300	29.931101	0.0	2290172	21	4.3
1527371349.22	4300	33.590337	0.0	2055469	21	4.3
1527371349.56	4300	37.250398	0.0	2169201	24	4.3
1527371349.9	4300	40.905345	0.0	2173522	22	4.3
1527371350.25	4300	44.556818	0.0	2102452	32	4.3
1527371350.59	4300	48.222772	0.0	2209463	20	4.3
1527371350.92	4300	51.888213	0.0	2275376	21	4.3
1527371351.26	4300	55.546781	0.0	2005399	24	4.3
1527371351.62	4300	59.187241	0.0	2152483	24	4.3
1527371355.47	4300	59.497939	0.0	2289689	24	4.3
1527371359.31	4300	59.748806	0.0	2059512	20	4.3
1527371363.16	4300	59.747944	0.0	2220726	19	4.3
1527371367.01	4300	59.998065	0.0	2156729	24	4.3
1527371371.36	4300	59.749406	0.0	2039773	23	4.3
1527371375.21	4300	59.998157	0.0	2176469	26	4.3
1527371379.06	4300	59.998892	0.0	2221506	21	4.3
1527371382.91	4300	59.999032	0.0	2044075	25	4.3
1527371387.26	4300	59.748813	0.0	2186790	24	4.3
1527371391.11	4300	59.748653	0.0	2105231	24	4.3
1527371395.46	4300	59.748531	0.0	2395588	24	4.3
1527371398.81	4300	59.999299	0.0	1972048	24	4.3
1527371403.16	4300	59.749094	0.0	2134614	26	4.3
1527371407.52	4300	59.749025	0.0	2164140	26	4.3
1527371411.37	4300	59.498916	0.0	2113193	23	4.3
1527371415.23	4300	59.749236	0.0	2147852	25	4.3
1527371419.07	4300	59.748894	0.0	2191074	24	4.3
1527371422.91	4300	59.998093	0.0	2286761	24	4.3
1527371427.26	4300	59.747533	0.0	2307787	19	4.3
1527371431.1	4300	59.749266	0.0	2143948	23	4.3
1527371434.95	4300	59.998076	0.0	1919781	21	4.3
1527371439.29	4300	59.748559	0.0	2147467	18	4.3
1527371443.15	4300	59.748041	0.0	2133870	34	4.3
1527371447.0	4300	59.999239	0.0	2146120	24	4.3
1527371450.85	4300	59.998883	0.0	2108491	21	4.3
1527371455.2	4300	59.749165	0.0	2184571	25	4.3
1527371459.05	4300	59.997752	0.0	2121928	18	4.3
1527371462.9	4300	59.999202	0.0	2219102	25	4.3
1527371467.25	4300	59.99727	0.0	2124950	21	4.3
1527371471.1	4300	59.749019	0.0	2246506	22	4.3
1527371475.45	4300	59.748372	0.0	1961140	22	4.3
1527371479.3	4300	59.998647	0.0	2155012	24	4.3
1527371480.65	4300	59.928619	0.0	1433658	21	4.3

1527371481.41	750	4	0.028	2354772	8	-0.12039999999999995
1527371481.75	4300	7.964379	0.0	2123065	18	0.75
1527371482.08	4300	11.627386	0.0	2177073	18	4.3
1527371482.43	4300	15.282524	0.0	2160877	27	4.3
1527371482.76	4300	18.946929	0.0	2233056	23	4.3
1527371483.11	4300	22.60659	0.0	1941625	23	4.3
1527371483.45	4300	26.263626	0.0	2157535	25	4.3
1527371483.79	4300	29.924541	0.0	2290172	25	4.3
1527371484.12	4300	33.592572	0.0	2055469	20	4.3
1527371484.47	4300	37.244964	0.0	2169201	26	4.3
1527371484.81	4300	40.903276	0.0	2173522	25	4.3
1527371485.15	4300	44.556733	0.0	2102452	11	4.3
1527371485.5	4300	48.213381	0.0	2209463	24	4.3
1527371485.85	4300	51.866345	0.0	2275376	27	4.3
1527371486.18	4300	55.528861	0.0	2005399	22	4.3
1527371486.52	4300	59.194004	0.0	2152483	21	4.3
1527371489.87	4300	59.997699	0.0	2289689	25	4.3
1527371493.72	4300	59.999349	0.0	2059512	21	4.3
1527371498.07	4300	59.997965	0.0	2220726	25	4.3
1527371501.94	4300	59.998973	0.0	2156729	25	4.3
1527371505.78	4300	59.998806	0.0	2039773	19	4.3
1527371510.14	4300	59.748293	0.0	2176469	25	4.3
1527371513.99	4300	59.748263	0.0	2221506	26	4.3
1527371517.83	4300	59.999186	0.0	2044075	23	4.3
1527371522.18	4300	59.747546	0.0	2186790	22	4.3
1527371526.02	4300	59.748521	0.0	2105231	24	4.3
1527371529.87	4300	59.997692	0.0	2395588	23	4.3
1527371534.22	4300	59.748241	0.0	1972048	22	4.3
1527371538.08	4300	59.997995	0.0	2134614	29	4.3
1527371541.93	4300	59.998984	0.0	2164140	24	4.3
1527371546.29	4300	59.748516	0.0	2113193	27	4.3
1527371550.14	4300	59.998101	0.0	2147852	25	4.3
1527371553.99	4300	59.748635	0.0	2191074	22	4.3
1527371557.83	4300	59.999172	0.0	2286761	22	4.3
1527371562.19	4300	59.999207	0.0	2307787	27	4.3
1527371566.04	4300	59.997451	0.0	2143948	26	4.3
1527371569.88	4300	59.998526	0.0	1919781	21	4.3
1527371573.73	4300	59.998943	0.0	2147467	23	4.3
1527371578.08	4300	59.748945	0.0	2133870	18	4.3
1527371582.43	4300	59.498134	0.0	2146120	22	4.3
1527371585.79	4300	59.997657	0.0	2108491	27	4.3
1527371590.14	4300	59.748315	0.0	2184571	21	4.3
1527371593.98	4300	59.748812	0.0	2121928	20	4.3
1527371598.33	4300	59.499384	0.0	2219102	12	4.3
1527371602.18	4300	59.997563	0.0	2124950	16	4.3
1527371606.03	4300	59.748971	0.0	2246506	27	4.3
1527371609.87	4300	59.998267	0.0	1961140	22	4.3
1527371613.72	4300	59.998537	0.0	2155012	22	4.3
1527371615.55	4300	59.928045	0.0	1433658	15	4.3

1527371616.3	750	4	0.027	2354772	5	-0.11609999999999998
1527371616.65	4300	7.95144	0.0	2123065	35	0.75
1527371616.99	4300	11.615085	0.0	2177073	24	4.3
1527371617.32	4300	15.280902	0.0	2160877	21	4.3
1527371617.65	4300	18.947759	0.0	2233056	21	4.3
1527371617.99	4300	22.608637	0.0	1941625	23	4.3
1527371618.33	4300	26.267765	0.0	2157535	26	4.3
1527371618.67	4300	29.932598	0.0	2290172	23	4.3
1527371619.01	4300	33.593863	0.0	2055469	22	4.3
1527371619.35	4300	37.248899	0.0	2169201	25	4.3
1527371619.69	4300	40.912073	0.0	2173522	23	4.3
1527371620.03	4300	44.574089	0.0	2102452	20	4.3
1527371620.37	4300	48.231921	0.0	2209463	25	4.3
1527371620.72	4300	51.882925	0.0	2275376	30	4.3
1527371621.06	4300	55.543178	0.0	2005399	24	4.3
1527371621.4	4300	59.20441	0.0	2152483	24	4.3
1527371624.74	4300	59.998961	0.0	2289689	21	4.3
