1527443290.35	750	4	0.015	450283	2	-0.0645
1527443290.75	4300	7.948716	0.0	2123065	17	0.75
1527443291.13	4300	11.564018	0.0	2177073	26	4.3
1527443291.52	4300	15.17822	0.0	2160877	25	4.3
1527443291.91	4300	18.790417	0.0	2233056	25	4.3
1527443292.3	4300	22.403667	0.0	1941625	21	4.3
1527443292.69	4300	26.012855	0.0	2157535	24	4.3
1527443293.08	4300	29.623188	0.0	2290172	24	4.3
1527443293.46	4300	33.234279	0.0	2055469	22	4.3
1527443293.86	4300	36.845054	0.0	2169201	24	4.3
1527443294.25	4300	40.453	0.0	2173522	24	4.3
1527443294.63	4300	44.070046	0.0	2102452	18	4.3
1527443295.03	4300	47.672797	0.0	2209463	19	4.3
1527443295.42	4300	51.279454	0.0	2275376	27	4.3
1527443295.81	4300	54.893209	0.0	2005399	23	4.3
1527443296.19	4300	58.504099	0.0	2152483	25	4.3
1527443299.1	4300	59.998997	0.0	2289689	25	4.3
1527443302.99	4300	59.997845	0.0	2059512	19	4.3
1527443306.9	4300	59.998852	0.0	2220726	39	4.3
1527443310.79	4300	59.999218	0.0	2156729	20	4.3
1527443315.19	4300	59.749092	0.0	2039773	21	4.3
1527443319.09	4300	59.749103	0.0	2176469	23	4.3
1527443322.99	4300	59.748611	0.0	2221506	24	4.3
1527443326.87	4300	59.999326	0.0	2044075	17	4.3
1527443331.27	4300	59.499018	0.0	2186790	23	4.3
1527443335.16	4300	59.749228	0.0	2105231	24	4.3
1527443339.07	4300	59.749389	0.0	2395588	26	4.3
1527443342.97	4300	59.748539	0.0	1972048	23	4.3
1527443346.87	4300	59.99911	0.0	2134614	25	4.3
1527443351.28	4300	59.748295	0.0	2164140	25	4.3
1527443355.18	4300	59.748916	0.0	2113193	24	4.3
1527443359.09	4300	59.748436	0.0	2147852	35	4.3
1527443362.98	4300	59.748669	0.0	2191074	25	4.3
1527443366.88	4300	59.998946	0.0	2286761	24	4.3
1527443371.27	4300	59.497937	0.0	2307787	17	4.3
1527443375.16	4300	59.99906	0.0	2143948	23	4.3
1527443379.06	4300	59.998495	0.0	1919781	21	4.3
1527443382.95	4300	59.998488	0.0	2147467	26	4.3
1527443387.35	4300	59.498135	0.0	2133870	19	4.3
1527443391.25	4300	59.748718	0.0	2146120	24	4.3
1527443395.14	4300	59.998519	0.0	2108491	24	4.3
1527443399.04	4300	59.997859	0.0	2184571	24	4.3
1527443403.45	4300	59.748588	0.0	2121928	24	4.3
1527443406.85	4300	59.99933	0.0	2219102	23	4.3
1527443410.74	4300	59.998577	0.0	2124950	22	4.3
1527443415.15	4300	59.748374	0.0	2246506	25	4.3
1527443419.02	4300	59.998361	0.0	1961140	20	4.3
1527443422.89	4300	59.997297	0.0	2155012	23	4.3
1527443424.75	4300	59.659824	0.0	1433658	16	4.3

1527443425.48	750	4	0.015	668286	3	-0.0645
1527443425.87	4300	7.954728	0.0	2123065	16	0.75
1527443426.26	4300	11.571864	0.0	2177073	24	4.3
1527443426.64	4300	15.182996	0.0	2160877	22	4.3
1527443427.03	4300	18.797734	0.0	2233056	25	4.3
1527443427.4	4300	22.425198	0.0	1941625	15	4.3
1527443427.78	4300	26.043285	0.0	2157535	23	4.3
1527443428.19	4300	29.643785	0.0	2290172	36	4.3
1527443428.55	4300	33.275165	0.0	2055469	13	4.3
1527443428.93	4300	36.895816	0.0	2169201	19	4.3
1527443429.32	4300	40.509747	0.0	2173522	23	4.3
1527443429.7	4300	44.127578	0.0	2102452	23	4.3
1527443430.09	4300	47.737027	0.0	2209463	27	4.3
1527443430.48	4300	51.347614	0.0	2275376	28	4.3
1527443430.85	4300	54.974431	0.0	2005399	16	4.3
1527443431.23	4300	58.592633	0.0	2152483	24	4.3
1527443434.13	4300	59.748832	0.0	2289689	24	4.3
1527443438.03	4300	59.998836	0.0	2059512	31	4.3
1527443441.92	4300	59.998005	0.0	2220726	19	4.3
1527443446.32	4300	59.749023	0.0	2156729	23	4.3
1527443450.2	4300	59.749361	0.0	2039773	16	4.3
1527443454.09	4300	59.749588	0.0	2176469	25	4.3
1527443457.99	4300	59.998835	0.0	2221506	25	4.3
1527443462.39	4300	59.499011	0.0	2044075	23	4.3
1527443466.28	4300	59.749795	0.0	2186790	20	4.3
1527443470.18	4300	59.749605	0.0	2105231	24	4.3
1527443474.57	4300	59.499654	0.0	2395588	27	4.3
1527443477.96	4300	59.999335	0.0	1972048	19	4.3
1527443482.35	4300	59.499422	0.0	2134614	21	4.3
1527443486.26	4300	59.748864	0.0	2164140	24	4.3
1527443490.15	4300	59.999346	0.0	2113193	24	4.3
1527443494.55	4300	59.497942	0.0	2147852	25	4.3
1527443497.93	4300	59.999207	0.0	2191074	24	4.3
1527443502.33	4300	59.747926	0.0	2286761	25	4.3
1527443506.23	4300	59.997842	0.0	2307787	24	4.3
1527443510.13	4300	59.747981	0.0	2143948	24	4.3
1527443514.52	4300	59.748738	0.0	1919781	20	4.3
1527443517.91	4300	59.998581	0.0	2147467	24	4.3
1527443522.31	4300	59.74942	0.0	2133870	22	4.3
1527443526.2	4300	59.7489	0.0	2146120	24	4.3
1527443530.1	4300	59.748984	0.0	2108491	28	4.3
1527443533.99	4300	59.998123	0.0	2184571	22	4.3
1527443538.39	4300	59.747782	0.0	2121928	23	4.3
1527443542.29	4300	59.998727	0.0	2219102	25	4.3
1527443546.18	4300	59.749145	0.0	2124950	17	4.3
1527443550.57	4300	59.747906	0.0	2246506	30	4.3
1527443553.94	4300	59.99933	0.0	1961140	22	4.3
1527443558.31	4300	59.74879	0.0	2155012	21	4.3
1527443559.66	4300	59.928396	0.0	1433658	17	4.3

1527443560.42	750	4	0.014	668286	3	-0.06020000000000003
1527443560.81	4300	7.954944	0.0	2123065	16	0.75
1527443561.2	4300	11.570753	0.0	2177073	25	4.3
1527443561.57	4300	15.20429	0.0	2160877	12	4.3
1527443561.96	4300	18.807921	0.0	2233056	37	4.3
1527443562.34	4300	22.431445	0.0	1941625	20	4.3
1527443562.72	4300	26.045827	0.0	2157535	26	4.3
1527443563.11	4300	29.65581	0.0	2290172	26	4.3
1527443563.49	4300	33.283356	0.0	2055469	17	4.3
1527443563.87	4300	36.902029	0.0	2169201	24	4.3
1527443564.25	4300	40.517111	0.0	2173522	23	4.3
1527443564.64	4300	44.129622	0.0	2102452	23	4.3
1527443565.02	4300	47.750546	0.0	2209463	19	4.3
1527443565.42	4300	51.351652	0.0	2275376	37	4.3
1527443565.79	4300	54.974968	0.0	2005399	18	4.3
1527443566.17	4300	58.594691	0.0	2152483	25	4.3
1527443569.07	4300	59.998574	0.0	2289689	25	4.3
1527443573.46	4300	59.748811	0.0	2059512	20	4.3
1527443577.36	4300	59.499703	0.0	2220726	24	4.3
1527443581.26	4300	59.748995	0.0	2156729	23	4.3
1527443585.15	4300	59.998944	0.0	2039773	15	4.3
1527443589.04	4300	59.998788	0.0	2176469	23	4.3
1527443593.44	4300	59.498755	0.0	2221506	26	4.3
1527443597.32	4300	59.499311	0.0	2044075	19	4.3
1527443601.22	4300	59.748845	0.0	2186790	26	4.3
1527443605.11	4300	59.998966	0.0	2105231	21	4.3
1527443609.02	4300	59.997842	0.0	2395588	26	4.3
