1527478532.95	750	4	0.025	2354772	8	-0.10750000000000004
1527478533.29	4300	7.95822	0.0	2123065	26	0.75
1527478533.63	4300	11.621984	0.0	2177073	20	4.3
1527478533.95	4300	15.302819	0.0	2160877	13	4.3
1527478534.29	4300	18.964985	0.0	2233056	25	4.3
1527478534.62	4300	22.633915	0.0	1941625	19	4.3
1527478534.95	4300	26.300892	0.0	2157535	23	4.3
1527478535.28	4300	29.966701	0.0	2290172	21	4.3
1527478535.62	4300	33.634654	0.0	2055469	19	4.3
1527478535.96	4300	37.291743	0.0	2169201	26	4.3
1527478536.3	4300	40.948894	0.0	2173522	27	4.3
1527478536.65	4300	44.60093	0.0	2102452	23	4.3
1527478536.99	4300	48.263587	0.0	2209463	25	4.3
1527478537.32	4300	51.927212	0.0	2275376	22	4.3
1527478537.65	4300	55.605505	0.0	2005399	13	4.3
1527478537.98	4300	59.267722	0.0	2152483	22	4.3
1527478541.32	4300	59.99772	0.0	2289689	19	4.3
1527478545.67	4300	59.999012	0.0	2059512	25	4.3
1527478549.52	4300	59.99855	0.0	2220726	26	4.3
1527478553.34	4300	59.998581	0.0	2156729	6	4.3
1527478557.68	4300	59.99854	0.0	2039773	20	4.3
1527478561.53	4300	59.749508	0.0	2176469	22	4.3
1527478565.87	4300	59.748697	0.0	2221506	19	4.3
1527478569.72	4300	59.747963	0.0	2044075	22	4.3
1527478573.57	4300	59.748747	0.0	2186790	26	4.3
1527478577.92	4300	59.747574	0.0	2105231	24	4.3
1527478581.78	4300	59.497278	0.0	2395588	27	4.3
1527478585.63	4300	59.997286	0.0	1972048	22	4.3
1527478589.48	4300	59.997678	0.0	2134614	26	4.3
1527478593.84	4300	59.498961	0.0	2164140	22	4.3
1527478597.69	4300	59.748666	0.0	2113193	21	4.3
1527478601.51	4300	59.747437	0.0	2147852	8	4.3
1527478605.86	4300	59.498279	0.0	2191074	23	4.3
1527478609.71	4300	59.997964	0.0	2286761	27	4.3
1527478613.55	4300	59.998921	0.0	2307787	22	4.3
1527478617.39	4300	59.998995	0.0	2143948	19	4.3
1527478621.73	4300	59.99791	0.0	1919781	18	4.3
1527478625.58	4300	59.997732	0.0	2147467	25	4.3
1527478629.44	4300	59.998309	0.0	2133870	36	4.3
1527478633.29	4300	59.99748	0.0	2146120	23	4.3
1527478637.64	4300	59.997134	0.0	2108491	20	4.3
1527478641.48	4300	59.997904	0.0	2184571	22	4.3
1527478645.84	4300	59.747021	0.0	2121928	21	4.3
1527478649.69	4300	59.748228	0.0	2219102	26	4.3
1527478653.55	4300	59.74763	0.0	2124950	24	4.3
1527478657.9	4300	59.497194	0.0	2246506	26	4.3
1527478661.75	4300	59.747726	0.0	1961140	22	4.3
1527478665.6	4300	59.997101	0.0	2155012	25	4.3
1527478667.43	4300	59.927073	0.0	1433658	16	4.3

1527478668.21	750	4	0.03	2354772	7	-0.129
1527478668.55	4300	7.664426	0.0	2123065	16	0.75
1527478668.87	4300	11.345351	0.0	2177073	13	4.3
1527478669.2	4300	15.011415	0.0	2160877	22	4.3
1527478669.54	4300	18.67649	0.0	2233056	23	4.3
1527478669.86	4300	22.349192	0.0	1941625	17	4.3
1527478670.18	4300	26.030087	0.0	2157535	12	4.3
1527478670.52	4300	29.692593	0.0	2290172	26	4.3
1527478670.86	4300	33.348081	0.0	2055469	13	4.3
1527478671.21	4300	37.00702	0.0	2169201	26	4.3
1527478671.55	4300	40.66579	0.0	2173522	23	4.3
1527478671.89	4300	44.321743	0.0	2102452	13	4.3
1527478672.23	4300	47.984316	0.0	2209463	24	4.3
1527478672.56	4300	51.648968	0.0	2275376	23	4.3
1527478672.9	4300	55.317092	0.0	2005399	19	4.3
1527478673.24	4300	58.971299	0.0	2152483	24	4.3
1527478676.59	4300	59.998811	0.0	2289689	26	4.3
1527478680.93	4300	59.499173	0.0	2059512	18	4.3
1527478684.78	4300	59.747923	0.0	2220726	21	4.3
1527478688.64	4300	59.749173	0.0	2156729	25	4.3
1527478692.47	4300	59.997721	0.0	2039773	14	4.3
1527478696.82	4300	59.498305	0.0	2176469	25	4.3
1527478700.67	4300	59.748228	0.0	2221506	26	4.3
1527478704.51	4300	59.749145	0.0	2044075	21	4.3
1527478708.86	4300	59.497952	0.0	2186790	21	4.3
1527478712.7	4300	59.747713	0.0	2105231	21	4.3
1527478716.55	4300	59.997313	0.0	2395588	20	4.3
1527478720.41	4300	59.998857	0.0	1972048	21	4.3
1527478724.25	4300	59.998287	0.0	2134614	20	4.3
1527478728.6	4300	59.747757	0.0	2164140	20	4.3
1527478732.44	4300	59.99884	0.0	2113193	22	4.3
1527478736.78	4300	59.498646	0.0	2147852	21	4.3
1527478740.63	4300	59.749452	0.0	2191074	24	4.3
1527478744.48	4300	59.748377	0.0	2286761	23	4.3
1527478748.32	4300	59.999275	0.0	2307787	20	4.3
1527478752.68	4300	59.998156	0.0	2143948	26	4.3
1527478756.53	4300	59.747969	0.0	1919781	21	4.3
1527478760.38	4300	59.999167	0.0	2147467	22	4.3
1527478764.22	4300	59.997946	0.0	2133870	19	4.3
1527478768.57	4300	59.999017	0.0	2146120	25	4.3
1527478772.43	4300	59.998634	0.0	2108491	25	4.3
1527478776.78	4300	59.497959	0.0	2184571	24	4.3
1527478780.62	4300	59.99799	0.0	2121928	24	4.3
1527478784.47	4300	59.998916	0.0	2219102	15	4.3
1527478788.31	4300	59.999203	0.0	2124950	21	4.3
1527478792.66	4300	59.747424	0.0	2246506	16	4.3
1527478796.5	4300	59.997301	0.0	1961140	17	4.3
1527478800.34	4300	59.998954	0.0	2155012	18	4.3
1527478802.68	4300	59.678587	0.0	1433658	16	4.3

1527478803.44	750	4	0.026	2354772	9	-0.11180000000000001
1527478803.78	4300	7.957887	0.0	2123065	28	0.75
1527478804.12	4300	11.623197	0.0	2177073	25	4.3
1527478804.43	4300	15.305102	0.0	2160877	13	4.3
1527478804.77	4300	18.966772	0.0	2233056	25	4.3
1527478805.1	4300	22.635496	0.0	1941625	21	4.3
1527478805.42	4300	26.312401	0.0	2157535	15	4.3
1527478805.76	4300	29.974365	0.0	2290172	26	4.3
1527478806.1	4300	33.640343	0.0	2055469	15	4.3
1527478806.43	4300	37.308923	0.0	2169201	20	4.3
1527478806.75	4300	40.984451	0.0	2173522	15	4.3
1527478807.09	4300	44.649182	0.0	2102452	25	4.3
1527478807.41	4300	48.329283	0.0	2209463	14	4.3
1527478807.75	4300	51.98659	0.0	2275376	25	4.3
1527478808.08	4300	55.656915	0.0	2005399	18	4.3
1527478808.42	4300	59.313133	0.0	2152483	26	4.3
1527478811.77	4300	59.999189	0.0	2289689	26	4.3
1527478816.13	4300	59.748513	0.0	2059512	23	4.3
1527478819.98	4300	59.998309	0.0	2220726	26	4.3
1527478823.82	4300	59.99944	0.0	2156729	23	4.3
1527478828.16	4300	59.998234	0.0	2039773	21	4.3
1527478832.01	4300	59.748365	0.0	2176469	26	4.3
1527478836.36	4300	59.748377	0.0	2221506	23	4.3
1527478840.2	4300	59.74872	0.0	2044075	23	4.3
1527478844.05	4300	59.748699	0.0	2186790	18	4.3
1527478847.9	4300	59.998464	0.0	2105231	24	4.3
1527478851.75	4300	59.999247	0.0	2395588	26	4.3
1527478856.09	4300	59.997598	0.0	1972048	24	4.3
1527478860.45	4300	59.499331	0.0	2134614	25	4.3
1527478863.79	4300	59.998833	0.0	2164140	24	4.3
1527478868.13	4300	59.997667	0.0	2113193	18	4.3
1527478872.48	4300	59.497511	0.0	2147852	24	4.3
1527478875.82	4300	59.998964	0.0	2191074	24	4.3
