1527440345.6	750	4	0.027	2354772	9	-0.11609999999999998
1527440345.98	4300	7.965941	0.0	2123065	18	0.75
1527440346.36	4300	11.583875	0.0	2177073	18	4.3
1527440346.75	4300	15.196194	0.0	2160877	25	4.3
1527440347.14	4300	18.808959	0.0	2233056	24	4.3
1527440347.52	4300	22.421615	0.0	1941625	23	4.3
1527440347.91	4300	26.028843	0.0	2157535	25	4.3
1527440348.3	4300	29.639973	0.0	2290172	26	4.3
1527440348.69	4300	33.25149	0.0	2055469	22	4.3
1527440349.08	4300	36.863024	0.0	2169201	24	4.3
1527440349.48	4300	40.467167	0.0	2173522	24	4.3
1527440349.87	4300	44.073523	0.0	2102452	16	4.3
1527440350.26	4300	47.683983	0.0	2209463	22	4.3
1527440350.64	4300	51.303525	0.0	2275376	15	4.3
1527440351.02	4300	54.926259	0.0	2005399	17	4.3
1527440351.4	4300	58.541967	0.0	2152483	21	4.3
1527440354.3	4300	59.748722	0.0	2289689	25	4.3
1527440358.19	4300	59.999241	0.0	2059512	20	4.3
1527440362.58	4300	59.498453	0.0	2220726	23	4.3
1527440365.98	4300	59.998392	0.0	2156729	24	4.3
1527440370.38	4300	59.749202	0.0	2039773	23	4.3
1527440374.27	4300	59.74855	0.0	2176469	20	4.3
1527440378.16	4300	59.998318	0.0	2221506	24	4.3
1527440382.06	4300	59.999075	0.0	2044075	22	4.3
1527440386.45	4300	59.498927	0.0	2186790	24	4.3
1527440390.34	4300	59.7495	0.0	2105231	22	4.3
1527440394.24	4300	59.748995	0.0	2395588	26	4.3
1527440398.13	4300	59.999378	0.0	1972048	21	4.3
1527440402.03	4300	59.999167	0.0	2134614	25	4.3
1527440406.42	4300	59.748333	0.0	2164140	17	4.3
1527440410.32	4300	59.748836	0.0	2113193	24	4.3
1527440414.21	4300	59.748058	0.0	2147852	23	4.3
1527440418.11	4300	59.999116	0.0	2191074	25	4.3
1527440422.52	4300	59.49847	0.0	2286761	25	4.3
1527440426.4	4300	59.749368	0.0	2307787	21	4.3
1527440430.3	4300	59.748832	0.0	2143948	25	4.3
1527440434.19	4300	59.998111	0.0	1919781	22	4.3
1527440438.09	4300	59.997608	0.0	2147467	22	4.3
1527440441.98	4300	59.99772	0.0	2133870	17	4.3
1527440446.38	4300	59.749176	0.0	2146120	23	4.3
1527440450.29	4300	59.997782	0.0	2108491	20	4.3
1527440454.2	4300	59.997667	0.0	2184571	42	4.3
1527440458.58	4300	59.747503	0.0	2121928	14	4.3
1527440461.98	4300	59.99761	0.0	2219102	25	4.3
1527440466.39	4300	59.747622	0.0	2124950	23	4.3
1527440470.26	4300	59.748228	0.0	2246506	12	4.3
1527440474.63	4300	59.747891	0.0	1961140	20	4.3
1527440478.01	4300	59.998238	0.0	2155012	24	4.3
1527440479.86	4300	59.854593	0.0	1433658	16	4.3

1527440480.61	750	4	0.016	668286	3	-0.06879999999999997
1527440481.01	4300	7.945822	0.0	2123065	19	0.75
1527440481.39	4300	11.56234	0.0	2177073	23	4.3
1527440481.76	4300	15.197194	0.0	2160877	13	4.3
1527440482.14	4300	18.811754	0.0	2233056	22	4.3
1527440482.53	4300	22.423463	0.0	1941625	22	4.3
1527440482.92	4300	26.031843	0.0	2157535	15	4.3
1527440483.29	4300	29.668722	0.0	2290172	12	4.3
1527440483.67	4300	33.286027	0.0	2055469	22	4.3
1527440484.06	4300	36.899109	0.0	2169201	24	4.3
1527440484.44	4300	40.511313	0.0	2173522	24	4.3
1527440484.82	4300	44.13529	0.0	2102452	18	4.3
1527440485.2	4300	47.753895	0.0	2209463	21	4.3
1527440485.59	4300	51.366493	0.0	2275376	25	4.3
1527440485.99	4300	54.972843	0.0	2005399	22	4.3
1527440486.36	4300	58.593108	0.0	2152483	18	4.3
1527440489.25	4300	59.748132	0.0	2289689	18	4.3
1527440493.65	4300	59.74906	0.0	2059512	22	4.3
1527440497.53	4300	59.499024	0.0	2220726	15	4.3
1527440501.43	4300	59.748811	0.0	2156729	25	4.3
1527440505.32	4300	59.748222	0.0	2039773	24	4.3
1527440509.21	4300	59.748835	0.0	2176469	19	4.3
1527440513.63	4300	59.748951	0.0	2221506	24	4.3
1527440517.53	4300	59.747791	0.0	2044075	21	4.3
1527440521.44	4300	59.749732	0.0	2186790	25	4.3
1527440525.32	4300	59.998992	0.0	2105231	19	4.3
1527440529.22	4300	59.748989	0.0	2395588	23	4.3
1527440533.11	4300	59.99836	0.0	1972048	22	4.3
1527440537.51	4300	59.498082	0.0	2134614	25	4.3
1527440541.4	4300	59.749661	0.0	2164140	20	4.3
1527440545.29	4300	59.998838	0.0	2113193	24	4.3
1527440549.19	4300	59.999106	0.0	2147852	24	4.3
1527440553.09	4300	59.999371	0.0	2191074	25	4.3
1527440556.99	4300	59.998758	0.0	2286761	24	4.3
1527440561.39	4300	59.998925	0.0	2307787	26	4.3
1527440565.28	4300	59.749291	0.0	2143948	21	4.3
1527440569.17	4300	59.997706	0.0	1919781	23	4.3
1527440573.07	4300	59.999005	0.0	2147467	23	4.3
1527440576.97	4300	59.998808	0.0	2133870	24	4.3
1527440581.37	4300	59.749118	0.0	2146120	24	4.3
1527440585.26	4300	59.748595	0.0	2108491	19	4.3
1527440589.15	4300	59.998233	0.0	2184571	23	4.3
1527440593.05	4300	59.998813	0.0	2121928	25	4.3
1527440597.45	4300	59.998781	0.0	2219102	24	4.3
1527440601.34	4300	59.998523	0.0	2124950	19	4.3
1527440605.23	4300	59.748492	0.0	2246506	26	4.3
1527440609.11	4300	59.997675	0.0	1961140	21	4.3
1527440613.48	4300	59.498194	0.0	2155012	22	4.3
1527440615.32	4300	59.427954	0.0	1433658	15	4.3

1527440616.08	750	4	0.016	668286	4	-0.06879999999999997
1527440616.48	4300	7.949384	0.0	2123065	25	0.75
1527440616.88	4300	11.55488	0.0	2177073	28	4.3
1527440617.27	4300	15.165405	0.0	2160877	31	4.3
1527440617.65	4300	18.782954	0.0	2233056	25	4.3
1527440618.02	4300	22.411104	0.0	1941625	16	4.3
1527440618.4	4300	26.029472	0.0	2157535	24	4.3
1527440618.79	4300	29.642097	0.0	2290172	27	4.3
1527440619.18	4300	33.254416	0.0	2055469	22	4.3
1527440619.55	4300	36.877114	0.0	2169201	18	4.3
1527440619.93	4300	40.497267	0.0	2173522	22	4.3
1527440620.36	4300	44.112994	0.0	2102452	22	4.3
1527440620.74	4300	47.687844	0.0	2209463	24	4.3
1527440621.14	4300	51.293751	0.0	2275376	33	4.3
1527440621.52	4300	54.913143	0.0	2005399	22	4.3
1527440621.91	4300	58.526214	0.0	2152483	24	4.3
1527440624.79	4300	59.747888	0.0	2289689	20	4.3
1527440628.69	4300	59.749184	0.0	2059512	24	4.3
1527440633.09	4300	59.748573	0.0	2220726	26	4.3
1527440636.98	4300	59.74803	0.0	2156729	20	4.3
1527440640.86	4300	59.998621	0.0	2039773	23	4.3
1527440644.76	4300	59.998625	0.0	2176469	20	4.3
1527440648.65	4300	59.998875	0.0	2221506	24	4.3
1527440652.54	4300	59.999242	0.0	2044075	22	4.3
1527440656.93	4300	59.747869	0.0	2186790	24	4.3
1527440660.82	4300	59.748969	0.0	2105231	21	4.3
1527440664.72	4300	59.748689	0.0	2395588	28	4.3
1527440669.12	4300	59.497838	0.0	1972048	23	4.3
1527440672.52	4300	59.999276	0.0	2134614	26	4.3
1527440676.92	4300	59.747697	0.0	2164140	24	4.3
1527440680.81	4300	59.999267	0.0	2113193	21	4.3
1527440684.7	4300	59.748899	0.0	2147852	23	4.3
1527440688.6	4300	59.999118	0.0	2191074	26	4.3
1527440692.5	4300	59.998238	0.0	2286761	25	4.3
1527440696.9	4300	59.74758	0.0	2307787	26	4.3
1527440700.79	4300	59.99804	0.0	2143948	20	4.3
1527440704.68	4300	59.998503	0.0	1919781	22	4.3
1527440708.57	4300	59.997758	0.0	2147467	24	4.3
