1527373309.5	750	4	0.027	2354772	9	-0.11609999999999998
1527373309.87	4300	7.956178	0.0	2123065	24	0.75
1527373310.21	4300	11.618483	0.0	2177073	20	4.3
1527373310.55	4300	15.279869	0.0	2160877	20	4.3
1527373310.89	4300	18.93594	0.0	2233056	27	4.3
1527373311.23	4300	22.59726	0.0	1941625	22	4.3
1527373311.56	4300	26.263102	0.0	2157535	21	4.3
1527373311.91	4300	29.915328	0.0	2290172	24	4.3
1527373312.25	4300	33.580377	0.0	2055469	23	4.3
1527373312.58	4300	37.245711	0.0	2169201	20	4.3
1527373312.94	4300	40.8851	0.0	2173522	25	4.3
1527373313.28	4300	44.547133	0.0	2102452	23	4.3
1527373313.62	4300	48.204848	0.0	2209463	24	4.3
1527373313.96	4300	51.867084	0.0	2275376	23	4.3
1527373314.29	4300	55.533801	0.0	2005399	18	4.3
1527373314.64	4300	59.188264	0.0	2152483	24	4.3
1527373317.99	4300	59.99865	0.0	2289689	24	4.3
1527373322.34	4300	59.498833	0.0	2059512	24	4.3
1527373326.19	4300	59.748465	0.0	2220726	26	4.3
1527373330.54	4300	59.498649	0.0	2156729	22	4.3
1527373334.39	4300	59.748834	0.0	2039773	22	4.3
1527373338.25	4300	59.748864	0.0	2176469	16	4.3
1527373342.1	4300	59.749396	0.0	2221506	25	4.3
1527373345.95	4300	59.998614	0.0	2044075	22	4.3
1527373350.31	4300	59.998561	0.0	2186790	25	4.3
1527373354.16	4300	59.749455	0.0	2105231	25	4.3
1527373358.51	4300	59.498084	0.0	2395588	20	4.3
1527373361.86	4300	59.997675	0.0	1972048	29	4.3
1527373366.24	4300	59.9992	0.0	2134614	23	4.3
1527373370.09	4300	59.749464	0.0	2164140	24	4.3
1527373374.45	4300	59.499129	0.0	2113193	24	4.3
1527373378.31	4300	59.748912	0.0	2147852	25	4.3
1527373382.15	4300	59.748612	0.0	2191074	21	4.3
1527373386.5	4300	59.498916	0.0	2286761	20	4.3
1527373390.34	4300	59.748488	0.0	2307787	22	4.3
1527373394.2	4300	59.748271	0.0	2143948	26	4.3
1527373398.04	4300	59.997953	0.0	1919781	22	4.3
1527373402.4	4300	59.749209	0.0	2147467	22	4.3
1527373406.25	4300	59.998138	0.0	2133870	27	4.3
1527373410.1	4300	59.747857	0.0	2146120	23	4.3
1527373414.46	4300	59.498332	0.0	2108491	24	4.3
1527373418.3	4300	59.747884	0.0	2184571	22	4.3
1527373422.15	4300	59.747549	0.0	2121928	20	4.3
1527373426.01	4300	59.997649	0.0	2219102	25	4.3
1527373429.86	4300	59.997172	0.0	2124950	22	4.3
1527373434.22	4300	59.747804	0.0	2246506	25	4.3
1527373438.07	4300	59.996532	0.0	1961140	20	4.3
1527373442.42	4300	59.497269	0.0	2155012	20	4.3
1527373443.75	4300	59.927745	0.0	1433658	16	4.3

1527373444.5	750	4	0.023	668286	3	-0.09889999999999999
1527373444.86	4300	7.943857	0.0	2123065	18	0.75
1527373445.2	4300	11.60111	0.0	2177073	16	4.3
1527373445.54	4300	15.263143	0.0	2160877	24	4.3
1527373445.88	4300	18.92369	0.0	2233056	14	4.3
1527373446.22	4300	22.582843	0.0	1941625	22	4.3
1527373446.56	4300	26.24391	0.0	2157535	24	4.3
1527373446.9	4300	29.905571	0.0	2290172	21	4.3
1527373447.24	4300	33.562834	0.0	2055469	21	4.3
1527373447.58	4300	37.226156	0.0	2169201	26	4.3
1527373447.91	4300	40.889438	0.0	2173522	19	4.3
1527373448.26	4300	44.545947	0.0	2102452	24	4.3
1527373448.6	4300	48.206473	0.0	2209463	24	4.3
1527373448.95	4300	51.854116	0.0	2275376	30	4.3
1527373449.29	4300	55.516076	0.0	2005399	22	4.3
1527373449.62	4300	59.182163	0.0	2152483	21	4.3
1527373453.47	4300	59.747749	0.0	2289689	19	4.3
1527373456.82	4300	59.999297	0.0	2059512	22	4.3
1527373461.18	4300	59.998443	0.0	2220726	29	4.3
1527373465.04	4300	59.999078	0.0	2156729	25	4.3
1527373468.88	4300	59.998773	0.0	2039773	21	4.3
1527373473.23	4300	59.748637	0.0	2176469	21	4.3
1527373477.08	4300	59.749502	0.0	2221506	24	4.3
1527373481.44	4300	59.747965	0.0	2044075	22	4.3
1527373485.29	4300	59.749035	0.0	2186790	24	4.3
1527373489.13	4300	59.747717	0.0	2105231	21	4.3
1527373492.98	4300	59.997717	0.0	2395588	19	4.3
1527373496.83	4300	59.998646	0.0	1972048	22	4.3
1527373501.18	4300	59.998556	0.0	2134614	25	4.3
1527373505.54	4300	59.498859	0.0	2164140	26	4.3
1527373509.38	4300	59.748627	0.0	2113193	20	4.3
1527373513.24	4300	59.749008	0.0	2147852	25	4.3
1527373517.09	4300	59.748619	0.0	2191074	24	4.3
1527373520.93	4300	59.99908	0.0	2286761	23	4.3
1527373525.28	4300	59.998226	0.0	2307787	22	4.3
1527373529.14	4300	59.997694	0.0	2143948	24	4.3
1527373532.98	4300	59.998414	0.0	1919781	21	4.3
1527373537.33	4300	59.748012	0.0	2147467	25	4.3
1527373541.18	4300	59.997941	0.0	2133870	24	4.3
1527373545.54	4300	59.498537	0.0	2146120	38	4.3
1527373548.9	4300	59.999184	0.0	2108491	26	4.3
1527373553.26	4300	59.748051	0.0	2184571	25	4.3
1527373557.11	4300	59.99748	0.0	2121928	23	4.3
