1527518636.92	750	4	0.024	2354772	7	-0.10319999999999996
1527518637.31	4300	7.965487	0.0	2123065	19	0.75
1527518637.68	4300	11.591561	0.0	2177073	11	4.3
1527518638.06	4300	15.213662	0.0	2160877	18	4.3
1527518638.44	4300	18.829758	0.0	2233056	26	4.3
1527518638.83	4300	22.444755	0.0	1941625	22	4.3
1527518639.22	4300	26.054205	0.0	2157535	25	4.3
1527518639.61	4300	29.660906	0.0	2290172	26	4.3
1527518640.0	4300	33.272978	0.0	2055469	23	4.3
1527518640.39	4300	36.881672	0.0	2169201	23	4.3
1527518640.79	4300	40.485557	0.0	2173522	24	4.3
1527518641.18	4300	44.098441	0.0	2102452	17	4.3
1527518641.56	4300	47.7124	0.0	2209463	24	4.3
1527518641.94	4300	51.329073	0.0	2275376	15	4.3
1527518642.32	4300	54.951704	0.0	2005399	15	4.3
1527518642.71	4300	58.564855	0.0	2152483	22	4.3
1527518645.61	4300	59.998029	0.0	2289689	25	4.3
1527518649.51	4300	59.982719	0.0	2059512	22	4.3
1527518653.92	4300	59.74912	0.0	2220726	26	4.3
1527518657.31	4300	59.998844	0.0	2156729	20	4.3
1527518661.71	4300	59.998626	0.0	2039773	23	4.3
1527518665.62	4300	59.749236	0.0	2176469	25	4.3
1527518670.02	4300	59.749361	0.0	2221506	24	4.3
1527518673.41	4300	59.998934	0.0	2044075	17	4.3
1527518677.3	4300	59.998982	0.0	2186790	18	4.3
1527518681.69	4300	59.74967	0.0	2105231	23	4.3
1527518685.6	4300	59.748472	0.0	2395588	27	4.3
1527518690.0	4300	59.748483	0.0	1972048	23	4.3
1527518693.4	4300	59.999227	0.0	2134614	29	4.3
1527518697.31	4300	59.997926	0.0	2164140	21	4.3
1527518701.7	4300	59.998069	0.0	2113193	23	4.3
1527518705.6	4300	59.997523	0.0	2147852	18	4.3
1527518709.49	4300	59.99779	0.0	2191074	22	4.3
1527518713.38	4300	59.997654	0.0	2286761	23	4.3
1527518717.28	4300	59.998369	0.0	2307787	23	4.3
1527518721.69	4300	59.997722	0.0	2143948	23	4.3
1527518725.59	4300	59.998838	0.0	1919781	23	4.3
1527518729.49	4300	59.997747	0.0	2147467	25	4.3
1527518733.4	4300	59.998929	0.0	2133870	23	4.3
1527518737.8	4300	59.498611	0.0	2146120	29	4.3
1527518741.7	4300	59.997899	0.0	2108491	24	4.3
1527518745.6	4300	59.748598	0.0	2184571	36	4.3
1527518749.5	4300	59.999003	0.0	2121928	25	4.3
1527518753.41	4300	59.998331	0.0	2219102	23	4.3
1527518757.82	4300	59.747638	0.0	2124950	24	4.3
1527518761.71	4300	59.748932	0.0	2246506	26	4.3
1527518765.6	4300	59.997461	0.0	1961140	17	4.3
1527518769.96	4300	59.747635	0.0	2155012	20	4.3
1527518771.31	4300	59.672986	0.0	1433658	17	4.3

1527518772.07	750	4	0.017	668286	2	-0.07309999999999994
1527518772.47	4300	7.955492	0.0	2123065	16	0.75
1527518772.85	4300	11.565686	0.0	2177073	21	4.3
1527518773.24	4300	15.179957	0.0	2160877	23	4.3
1527518773.63	4300	18.790743	0.0	2233056	24	4.3
1527518774.02	4300	22.396154	0.0	1941625	21	4.3
1527518774.49	4300	25.979085	0.0	2157535	33	4.3
1527518774.88	4300	29.536209	0.0	2290172	26	4.3
1527518775.26	4300	33.160893	0.0	2055469	15	4.3
1527518775.65	4300	36.774242	0.0	2169201	20	4.3
1527518776.03	4300	40.389455	0.0	2173522	23	4.3
1527518776.4	4300	44.022668	0.0	2102452	11	4.3
1527518776.78	4300	47.634931	0.0	2209463	20	4.3
1527518777.18	4300	51.238249	0.0	2275376	21	4.3
1527518777.55	4300	54.871622	0.0	2005399	10	4.3
1527518777.96	4300	58.45701	0.0	2152483	41	4.3
1527518780.83	4300	59.749221	0.0	2289689	7	4.3
1527518784.73	4300	59.998877	0.0	2059512	23	4.3
1527518789.12	4300	59.748278	0.0	2220726	24	4.3
1527518793.02	4300	59.748952	0.0	2156729	19	4.3
1527518796.92	4300	59.748997	0.0	2039773	19	4.3
1527518800.81	4300	59.748402	0.0	2176469	23	4.3
1527518804.71	4300	59.998509	0.0	2221506	24	4.3
1527518809.11	4300	59.499063	0.0	2044075	22	4.3
1527518813.01	4300	59.749111	0.0	2186790	23	4.3
1527518816.91	4300	59.748911	0.0	2105231	24	4.3
1527518820.82	4300	59.749038	0.0	2395588	26	4.3
1527518824.71	4300	59.998744	0.0	1972048	24	4.3
1527518828.61	4300	59.999322	0.0	2134614	23	4.3
1527518832.51	4300	59.999304	0.0	2164140	26	4.3
1527518836.92	4300	59.749653	0.0	2113193	23	4.3
1527518840.81	4300	59.749494	0.0	2147852	21	4.3
1527518844.7	4300	59.748109	0.0	2191074	24	4.3
1527518848.6	4300	59.998618	0.0	2286761	26	4.3
1527518852.5	4300	59.998152	0.0	2307787	26	4.3
1527518856.89	4300	59.747779	0.0	2143948	25	4.3
1527518860.78	4300	59.74932	0.0	1919781	19	4.3
1527518864.7	4300	59.998931	0.0	2147467	19	4.3
1527518868.59	4300	59.999177	0.0	2133870	15	4.3
1527518872.49	4300	59.999251	0.0	2146120	23	4.3
1527518876.89	4300	59.747669	0.0	2108491	24	4.3
1527518880.79	4300	59.997824	0.0	2184571	34	4.3
1527518884.69	4300	59.749141	0.0	2121928	23	4.3
1527518888.6	4300	59.999438	0.0	2219102	22	4.3
1527518892.5	4300	59.999079	0.0	2124950	20	4.3
1527518896.89	4300	59.998413	0.0	2246506	25	4.3
1527518900.77	4300	59.997994	0.0	1961140	23	4.3
1527518904.64	4300	59.998567	0.0	2155012	24	4.3
1527518906.49	4300	59.665218	0.0	1433658	16	4.3

1527518907.25	750	4	0.016	668286	3	-0.06879999999999997
1527518907.65	4300	7.955745	0.0	2123065	16	0.75
1527518908.03	4300	11.57198	0.0	2177073	20	4.3
1527518908.41	4300	15.187901	0.0	2160877	25	4.3
1527518908.79	4300	18.814125	0.0	2233056	18	4.3
1527518909.17	4300	22.428499	0.0	1941625	23	4.3
1527518909.56	4300	26.038401	0.0	2157535	30	4.3
1527518909.95	4300	29.652145	0.0	2290172	25	4.3
1527518910.33	4300	33.268753	0.0	2055469	23	4.3
1527518910.73	4300	36.877371	0.0	2169201	26	4.3
1527518911.12	4300	40.485834	0.0	2173522	25	4.3
1527518911.5	4300	44.098851	0.0	2102452	24	4.3
1527518911.89	4300	47.705135	0.0	2209463	23	4.3
1527518912.28	4300	51.318792	0.0	2275376	25	4.3
1527518912.69	4300	54.916334	0.0	2005399	21	4.3
1527518913.07	4300	58.531449	0.0	2152483	14	4.3
1527518915.98	4300	59.748984	0.0	2289689	19	4.3
1527518919.87	4300	59.999253	0.0	2059512	23	4.3
1527518924.29	4300	59.49812	0.0	2220726	23	4.3
1527518927.68	4300	59.998471	0.0	2156729	23	4.3
1527518932.08	4300	59.749195	0.0	2039773	22	4.3
1527518935.98	4300	59.998765	0.0	2176469	24	4.3
1527518939.87	4300	59.998855	0.0	2221506	18	4.3
1527518943.76	4300	59.999381	0.0	2044075	22	4.3
1527518948.16	4300	59.747983	0.0	2186790	25	4.3
1527518952.05	4300	59.749203	0.0	2105231	20	4.3
1527518955.94	4300	59.747659	0.0	2395588	27	4.3
1527518959.84	4300	59.998713	0.0	1972048	22	4.3
1527518964.25	4300	59.498666	0.0	2134614	23	4.3
1527518968.15	4300	59.748847	0.0	2164140	24	4.3
1527518972.05	4300	59.748508	0.0	2113193	23	4.3
