1527533090.64	750	4	0.025	2354772	10	-0.10750000000000004
1527533091.04	4300	7.961901	0.0	2123065	24	0.75
1527533091.43	4300	11.569794	0.0	2177073	21	4.3
1527533091.81	4300	15.182012	0.0	2160877	26	4.3
1527533092.19	4300	18.804623	0.0	2233056	19	4.3
1527533092.57	4300	22.425402	0.0	1941625	19	4.3
1527533092.95	4300	26.040806	0.0	2157535	24	4.3
1527533093.35	4300	29.651318	0.0	2290172	26	4.3
1527533093.74	4300	33.261688	0.0	2055469	25	4.3
1527533094.13	4300	36.871136	0.0	2169201	25	4.3
1527533094.52	4300	40.474563	0.0	2173522	25	4.3
1527533094.91	4300	44.082968	0.0	2102452	29	4.3
1527533095.3	4300	47.699589	0.0	2209463	25	4.3
1527533095.69	4300	51.309606	0.0	2275376	25	4.3
1527533096.08	4300	54.916472	0.0	2005399	22	4.3
1527533096.46	4300	58.531819	0.0	2152483	24	4.3
1527533099.36	4300	59.74988	0.0	2289689	26	4.3
1527533103.25	4300	59.996736	0.0	2059512	19	4.3
1527533107.65	4300	59.749049	0.0	2220726	25	4.3
1527533111.54	4300	59.748856	0.0	2156729	16	4.3
1527533115.93	4300	59.248889	0.0	2039773	20	4.3
1527533119.34	4300	59.749022	0.0	2176469	24	4.3
1527533123.23	4300	59.999139	0.0	2221506	23	4.3
1527533127.12	4300	59.998803	0.0	2044075	23	4.3
1527533131.53	4300	59.498883	0.0	2186790	23	4.3
1527533135.42	4300	59.999461	0.0	2105231	18	4.3
1527533139.31	4300	59.998841	0.0	2395588	26	4.3
1527533143.21	4300	59.998948	0.0	1972048	22	4.3
1527533147.11	4300	59.998824	0.0	2134614	24	4.3
1527533151.01	4300	59.998775	0.0	2164140	24	4.3
1527533155.41	4300	59.99865	0.0	2113193	22	4.3
1527533159.29	4300	59.998813	0.0	2147852	20	4.3
1527533163.19	4300	59.999191	0.0	2191074	23	4.3
1527533167.09	4300	59.998793	0.0	2286761	26	4.3
1527533171.49	4300	59.74893	0.0	2307787	26	4.3
1527533175.4	4300	59.999262	0.0	2143948	22	4.3
1527533179.32	4300	59.997867	0.0	1919781	21	4.3
1527533183.72	4300	59.498969	0.0	2147467	25	4.3
1527533187.11	4300	59.998113	0.0	2133870	24	4.3
1527533191.5	4300	59.498896	0.0	2146120	22	4.3
1527533195.4	4300	59.747525	0.0	2108491	24	4.3
1527533199.32	4300	59.747816	0.0	2184571	24	4.3
1527533203.73	4300	59.749149	0.0	2121928	23	4.3
1527533207.13	4300	59.998913	0.0	2219102	20	4.3
1527533211.02	4300	59.998894	0.0	2124950	20	4.3
1527533215.43	4300	59.748501	0.0	2246506	21	4.3
1527533219.3	4300	59.997646	0.0	1961140	15	4.3
1527533223.17	4300	59.998178	0.0	2155012	20	4.3
1527533225.02	4300	59.679361	0.0	1433658	15	4.3

1527533225.8	750	4	0.019	668286	2	-0.0817
1527533226.2	4300	7.951577	0.0	2123065	21	0.75
1527533226.58	4300	11.565061	0.0	2177073	30	4.3
1527533226.97	4300	15.176262	0.0	2160877	25	4.3
1527533227.36	4300	18.78971	0.0	2233056	25	4.3
1527533227.75	4300	22.392818	0.0	1941625	21	4.3
1527533228.15	4300	25.999959	0.0	2157535	13	4.3
1527533228.54	4300	29.611875	0.0	2290172	25	4.3
1527533228.92	4300	33.229334	0.0	2055469	21	4.3
1527533229.31	4300	36.841121	0.0	2169201	24	4.3
1527533229.7	4300	40.451362	0.0	2173522	24	4.3
1527533230.08	4300	44.06971	0.0	2102452	16	4.3
1527533230.46	4300	47.688915	0.0	2209463	22	4.3
1527533230.85	4300	51.298016	0.0	2275376	21	4.3
1527533231.24	4300	54.905894	0.0	2005399	17	4.3
1527533231.64	4300	58.503766	0.0	2152483	36	4.3
1527533234.54	4300	59.748945	0.0	2289689	26	4.3
1527533238.44	4300	59.997862	0.0	2059512	20	4.3
1527533242.33	4300	59.998592	0.0	2220726	24	4.3
1527533246.23	4300	59.998807	0.0	2156729	25	4.3
1527533250.62	4300	59.997889	0.0	2039773	23	4.3
1527533254.52	4300	59.99765	0.0	2176469	22	4.3
1527533258.41	4300	59.74807	0.0	2221506	22	4.3
1527533262.81	4300	59.498966	0.0	2044075	23	4.3
1527533266.2	4300	59.999283	0.0	2186790	20	4.3
1527533270.59	4300	59.998777	0.0	2105231	21	4.3
1527533274.49	4300	59.747738	0.0	2395588	25	4.3
1527533278.4	4300	59.998906	0.0	1972048	22	4.3
1527533282.29	4300	59.999232	0.0	2134614	24	4.3
1527533286.67	4300	59.498389	0.0	2164140	11	4.3
1527533290.57	4300	59.74808	0.0	2113193	23	4.3
1527533294.47	4300	59.747392	0.0	2147852	24	4.3
1527533298.37	4300	59.99883	0.0	2191074	24	4.3
1527533302.27	4300	59.998665	0.0	2286761	26	4.3
1527533306.17	4300	59.99882	0.0	2307787	24	4.3
1527533310.57	4300	59.749266	0.0	2143948	25	4.3
1527533314.46	4300	59.747997	0.0	1919781	17	4.3
1527533318.33	4300	59.998888	0.0	2147467	7	4.3
1527533322.23	4300	59.998714	0.0	2133870	26	4.3
1527533326.17	4300	59.998199	0.0	2146120	24	4.3
1527533330.56	4300	59.747603	0.0	2108491	22	4.3
1527533334.45	4300	59.747578	0.0	2184571	27	4.3
1527533338.84	4300	59.747255	0.0	2121928	20	4.3
1527533342.24	4300	59.997425	0.0	2219102	24	4.3
1527533346.62	4300	59.747924	0.0	2124950	8	4.3
1527533350.5	4300	59.748702	0.0	2246506	18	4.3
1527533354.38	4300	59.998756	0.0	1961140	21	4.3
1527533358.26	4300	59.998754	0.0	2155012	23	4.3
1527533360.61	4300	59.666296	0.0	1433658	17	4.3

1527533361.36	750	4	0.019	668286	3	-0.0817
1527533361.75	4300	7.957444	0.0	2123065	12	0.75
1527533362.13	4300	11.574043	0.0	2177073	21	4.3
1527533362.51	4300	15.190374	0.0	2160877	24	4.3
1527533362.9	4300	18.803918	0.0	2233056	24	4.3
1527533363.29	4300	22.411001	0.0	1941625	21	4.3
1527533363.69	4300	26.017585	0.0	2157535	17	4.3
1527533364.07	4300	29.63224	0.0	2290172	27	4.3
1527533364.46	4300	33.243322	0.0	2055469	22	4.3
1527533364.85	4300	36.855751	0.0	2169201	24	4.3
1527533365.24	4300	40.466662	0.0	2173522	25	4.3
1527533365.62	4300	44.08467	0.0	2102452	21	4.3
1527533366.01	4300	47.699305	0.0	2209463	20	4.3
1527533366.38	4300	51.327132	0.0	2275376	16	4.3
1527533366.77	4300	54.93182	0.0	2005399	22	4.3
1527533367.16	4300	58.540276	0.0	2152483	20	4.3
1527533370.06	4300	59.998067	0.0	2289689	24	4.3
1527533374.45	4300	59.499298	0.0	2059512	21	4.3
1527533378.35	4300	59.498209	0.0	2220726	26	4.3
1527533382.25	4300	59.49907	0.0	2156729	24	4.3
1527533386.15	4300	59.749542	0.0	2039773	23	4.3
1527533390.05	4300	59.749729	0.0	2176469	23	4.3
1527533394.45	4300	59.49951	0.0	2221506	25	4.3
1527533398.34	4300	59.748332	0.0	2044075	19	4.3
1527533402.24	4300	59.498283	0.0	2186790	19	4.3
1527533406.12	4300	59.998733	0.0	2105231	11	4.3
1527533410.01	4300	59.747793	0.0	2395588	20	4.3
1527533414.41	4300	59.497745	0.0	1972048	21	4.3
1527533417.81	4300	59.998329	0.0	2134614	28	4.3
1527533422.21	4300	59.499608	0.0	2164140	21	4.3
1527533426.11	4300	59.747925	0.0	2113193	24	4.3
1527533430.01	4300	59.749013	0.0	2147852	23	4.3
1527533433.92	4300	59.99874	0.0	2191074	25	4.3
1527533437.82	4300	59.999374	0.0	2286761	24	4.3
1527533441.72	4300	59.998932	0.0	2307787	27	4.3
1527533446.12	4300	59.998735	0.0	2143948	22	4.3
1527533450.02	4300	59.748708	0.0	1919781	23	4.3
1527533453.92	4300	59.99887	0.0	2147467	25	4.3
1527533457.81	4300	59.999044	0.0	2133870	14	4.3
1527533462.24	4300	59.997568	0.0	2146120	22	4.3
1527533466.12	4300	59.747995	0.0	2108491	12	4.3
