1527517747.56	750	4	0.027	2354772	8	-0.11609999999999998
1527517747.9	4300	7.965564	0.0	2123065	20	0.75
1527517748.23	4300	11.631193	0.0	2177073	17	4.3
1527517748.58	4300	15.286247	0.0	2160877	25	4.3
1527517748.91	4300	18.94543	0.0	2233056	25	4.3
1527517749.23	4300	22.627793	0.0	1941625	12	4.3
1527517749.57	4300	26.290577	0.0	2157535	23	4.3
1527517749.91	4300	29.955048	0.0	2290172	23	4.3
1527517750.22	4300	33.636424	0.0	2055469	14	4.3
1527517750.57	4300	37.297126	0.0	2169201	26	4.3
1527517750.9	4300	40.957748	0.0	2173522	20	4.3
1527517751.25	4300	44.611154	0.0	2102452	20	4.3
1527517751.58	4300	48.276771	0.0	2209463	23	4.3
1527517751.91	4300	51.955842	0.0	2275376	15	4.3
1527517752.24	4300	55.62095	0.0	2005399	23	4.3
1527517752.61	4300	59.25608	0.0	2152483	21	4.3
1527517755.94	4300	59.999015	0.0	2289689	16	4.3
1527517760.28	4300	59.998873	0.0	2059512	20	4.3
1527517764.61	4300	59.748018	0.0	2220726	6	4.3
1527517768.45	4300	59.748673	0.0	2156729	21	4.3
1527517772.31	4300	59.998095	0.0	2039773	24	4.3
1527517776.15	4300	59.747975	0.0	2176469	24	4.3
1527517780.5	4300	59.498558	0.0	2221506	21	4.3
1527517784.34	4300	59.747607	0.0	2044075	21	4.3
1527517788.18	4300	59.748487	0.0	2186790	23	4.3
1527517792.53	4300	59.749243	0.0	2105231	22	4.3
1527517796.38	4300	59.499088	0.0	2395588	22	4.3
1527517800.24	4300	59.747772	0.0	1972048	41	4.3
1527517804.59	4300	59.747756	0.0	2134614	23	4.3
1527517807.93	4300	59.997564	0.0	2164140	23	4.3
1527517812.29	4300	59.748854	0.0	2113193	25	4.3
1527517816.14	4300	59.997978	0.0	2147852	25	4.3
1527517820.49	4300	59.498998	0.0	2191074	26	4.3
1527517824.33	4300	59.748491	0.0	2286761	26	4.3
1527517828.18	4300	59.74915	0.0	2307787	22	4.3
1527517832.02	4300	59.998891	0.0	2143948	22	4.3
1527517836.36	4300	59.747824	0.0	1919781	19	4.3
1527517840.2	4300	59.747825	0.0	2147467	23	4.3
1527517844.06	4300	59.997457	0.0	2133870	34	4.3
1527517847.91	4300	59.997436	0.0	2146120	26	4.3
1527517852.26	4300	59.747453	0.0	2108491	25	4.3
1527517856.61	4300	59.748956	0.0	2184571	26	4.3
1527517859.95	4300	59.998619	0.0	2121928	24	4.3
1527517864.31	4300	59.748726	0.0	2219102	26	4.3
1527517868.16	4300	59.747902	0.0	2124950	24	4.3
1527517872.01	4300	59.997451	0.0	2246506	23	4.3
1527517876.36	4300	59.747649	0.0	1961140	24	4.3
1527517880.22	4300	59.749298	0.0	2155012	26	4.3
1527517882.07	4300	59.679184	0.0	1433658	22	4.3

1527517882.84	750	4	0.024	2354772	9	-0.10319999999999996
1527517883.17	4300	7.966844	0.0	2123065	21	0.75
1527517883.49	4300	11.64385	0.0	2177073	13	4.3
1527517883.83	4300	15.309579	0.0	2160877	19	4.3
1527517884.16	4300	18.978173	0.0	2233056	21	4.3
1527517884.47	4300	22.66514	0.0	1941625	11	4.3
1527517884.81	4300	26.326388	0.0	2157535	25	4.3
1527517885.15	4300	29.985232	0.0	2290172	25	4.3
1527517885.49	4300	33.644306	0.0	2055469	15	4.3
1527517885.83	4300	37.306962	0.0	2169201	23	4.3
1527517886.17	4300	40.966968	0.0	2173522	26	4.3
1527517886.51	4300	44.629439	0.0	2102452	11	4.3
1527517886.83	4300	48.306554	0.0	2209463	15	4.3
1527517887.16	4300	51.973236	0.0	2275376	22	4.3
1527517887.5	4300	55.633351	0.0	2005399	24	4.3
1527517887.84	4300	59.294785	0.0	2152483	25	4.3
1527517891.19	4300	59.999059	0.0	2289689	25	4.3
1527517895.54	4300	59.999232	0.0	2059512	25	4.3
1527517899.88	4300	59.498135	0.0	2220726	18	4.3
1527517903.22	4300	59.999108	0.0	2156729	20	4.3
1527517907.57	4300	59.749347	0.0	2039773	23	4.3
1527517911.42	4300	59.74801	0.0	2176469	25	4.3
1527517915.77	4300	59.748983	0.0	2221506	27	4.3
1527517919.62	4300	59.749134	0.0	2044075	26	4.3
1527517923.46	4300	59.748643	0.0	2186790	21	4.3
1527517927.81	4300	59.749159	0.0	2105231	15	4.3
1527517931.65	4300	59.498629	0.0	2395588	23	4.3
1527517935.5	4300	59.998128	0.0	1972048	28	4.3
1527517939.85	4300	59.747697	0.0	2134614	23	4.3
1527517943.7	4300	59.497969	0.0	2164140	25	4.3
1527517947.55	4300	59.999342	0.0	2113193	25	4.3
1527517951.39	4300	59.998616	0.0	2147852	22	4.3
1527517955.74	4300	59.497552	0.0	2191074	25	4.3
1527517959.58	4300	59.749037	0.0	2286761	21	4.3
1527517963.44	4300	59.999114	0.0	2307787	26	4.3
1527517967.28	4300	59.999209	0.0	2143948	24	4.3
1527517971.63	4300	59.998937	0.0	1919781	20	4.3
1527517975.48	4300	59.748446	0.0	2147467	24	4.3
1527517979.83	4300	59.748785	0.0	2133870	32	4.3
1527517983.69	4300	59.749026	0.0	2146120	26	4.3
1527517987.53	4300	59.998931	0.0	2108491	24	4.3
1527517991.38	4300	59.998425	0.0	2184571	24	4.3
1527517995.22	4300	59.998526	0.0	2121928	23	4.3
1527517999.57	4300	59.74887	0.0	2219102	20	4.3
1527518003.41	4300	59.748871	0.0	2124950	19	4.3
