1527505655.76	750	4	0.013	450283	1	-0.05589999999999995
1527505656.16	4300	7.954418	0.0	2123065	11	0.75
1527505656.54	4300	11.571934	0.0	2177073	22	4.3
1527505656.92	4300	15.188887	0.0	2160877	25	4.3
1527505657.31	4300	18.80102	0.0	2233056	25	4.3
1527505657.68	4300	22.425998	0.0	1941625	16	4.3
1527505658.05	4300	26.056137	0.0	2157535	15	4.3
1527505658.43	4300	29.676275	0.0	2290172	22	4.3
1527505658.82	4300	33.29603	0.0	2055469	22	4.3
1527505659.19	4300	36.925178	0.0	2169201	15	4.3
1527505659.57	4300	40.545469	0.0	2173522	23	4.3
1527505659.95	4300	44.15896	0.0	2102452	23	4.3
1527505660.35	4300	47.763568	0.0	2209463	27	4.3
1527505660.74	4300	51.372929	0.0	2275376	16	4.3
1527505661.12	4300	54.991782	0.0	2005399	22	4.3
1527505661.51	4300	58.6062	0.0	2152483	23	4.3
1527505664.41	4300	59.749617	0.0	2289689	25	4.3
1527505668.3	4300	59.999116	0.0	2059512	22	4.3
1527505672.2	4300	59.997589	0.0	2220726	24	4.3
1527505676.59	4300	59.748093	0.0	2156729	23	4.3
1527505680.48	4300	59.749068	0.0	2039773	17	4.3
1527505684.38	4300	59.748733	0.0	2176469	24	4.3
1527505688.27	4300	59.999474	0.0	2221506	25	4.3
1527505692.17	4300	59.9988	0.0	2044075	22	4.3
1527505696.57	4300	59.747947	0.0	2186790	25	4.3
1527505700.45	4300	59.997959	0.0	2105231	22	4.3
1527505704.35	4300	59.998951	0.0	2395588	27	4.3
1527505708.75	4300	59.749227	0.0	1972048	22	4.3
1527505712.15	4300	59.99924	0.0	2134614	33	4.3
1527505716.55	4300	59.748607	0.0	2164140	24	4.3
1527505720.44	4300	59.998101	0.0	2113193	20	4.3
1527505724.34	4300	59.999028	0.0	2147852	23	4.3
1527505728.24	4300	59.99928	0.0	2191074	24	4.3
1527505732.14	4300	59.998414	0.0	2286761	24	4.3
1527505736.53	4300	59.997777	0.0	2307787	26	4.3
1527505740.42	4300	59.998763	0.0	2143948	21	4.3
1527505744.31	4300	59.999257	0.0	1919781	22	4.3
1527505748.21	4300	59.998752	0.0	2147467	24	4.3
1527505752.62	4300	59.498584	0.0	2133870	24	4.3
1527505756.52	4300	59.748799	0.0	2146120	34	4.3
1527505760.4	4300	59.998169	0.0	2108491	16	4.3
1527505764.3	4300	59.9994	0.0	2184571	23	4.3
1527505768.69	4300	59.4989	0.0	2121928	24	4.3
1527505772.59	4300	59.997684	0.0	2219102	21	4.3
1527505776.48	4300	59.748834	0.0	2124950	23	4.3
1527505780.86	4300	59.498822	0.0	2246506	15	4.3
1527505784.74	4300	59.748941	0.0	1961140	18	4.3
1527505788.6	4300	59.998172	0.0	2155012	21	4.3
1527505790.45	4300	59.427429	0.0	1433658	15	4.3

1527505791.22	750	4	0.019	668286	4	-0.0817
1527505791.62	4300	7.940111	0.0	2123065	15	0.75
1527505792.01	4300	11.552369	0.0	2177073	14	4.3
1527505792.4	4300	15.161973	0.0	2160877	18	4.3
1527505792.79	4300	18.770215	0.0	2233056	25	4.3
1527505793.18	4300	22.384255	0.0	1941625	21	4.3
1527505793.56	4300	25.999551	0.0	2157535	25	4.3
1527505793.94	4300	29.61927	0.0	2290172	20	4.3
1527505794.33	4300	33.237493	0.0	2055469	23	4.3
1527505794.71	4300	36.850374	0.0	2169201	23	4.3
1527505795.09	4300	40.477381	0.0	2173522	16	4.3
1527505795.47	4300	44.092098	0.0	2102452	25	4.3
1527505795.87	4300	47.694474	0.0	2209463	40	4.3
1527505796.25	4300	51.31031	0.0	2275376	23	4.3
1527505796.64	4300	54.929026	0.0	2005399	24	4.3
1527505797.03	4300	58.537761	0.0	2152483	25	4.3
1527505799.92	4300	59.748395	0.0	2289689	25	4.3
1527505803.81	4300	59.998995	0.0	2059512	20	4.3
1527505808.22	4300	59.498898	0.0	2220726	35	4.3
1527505811.62	4300	59.99929	0.0	2156729	24	4.3
1527505816.01	4300	59.748368	0.0	2039773	22	4.3
1527505819.9	4300	59.749201	0.0	2176469	19	4.3
1527505824.3	4300	59.748985	0.0	2221506	23	4.3
1527505828.19	4300	59.748796	0.0	2044075	24	4.3
1527505832.08	4300	59.748616	0.0	2186790	18	4.3
1527505835.97	4300	59.999212	0.0	2105231	22	4.3
1527505839.87	4300	59.997831	0.0	2395588	27	4.3
1527505843.77	4300	59.998767	0.0	1972048	22	4.3
1527505847.66	4300	59.999114	0.0	2134614	24	4.3
1527505852.07	4300	59.499416	0.0	2164140	24	4.3
1527505855.96	4300	59.749028	0.0	2113193	20	4.3
1527505859.85	4300	59.748697	0.0	2147852	24	4.3
1527505864.25	4300	59.498895	0.0	2191074	24	4.3
1527505867.64	4300	59.997935	0.0	2286761	20	4.3
1527505872.04	4300	59.997737	0.0	2307787	27	4.3
1527505875.93	4300	59.747943	0.0	2143948	22	4.3
1527505879.82	4300	59.747819	0.0	1919781	22	4.3
1527505883.73	4300	59.999044	0.0	2147467	26	4.3
1527505887.63	4300	59.99941	0.0	2133870	25	4.3
1527505892.03	4300	59.998848	0.0	2146120	26	4.3
1527505895.92	4300	59.998832	0.0	2108491	21	4.3
1527505899.81	4300	59.999151	0.0	2184571	23	4.3
1527505903.7	4300	59.999322	0.0	2121928	24	4.3
1527505907.59	4300	59.998612	0.0	2219102	19	4.3
1527505911.99	4300	59.748686	0.0	2124950	22	4.3
1527505915.87	4300	59.748493	0.0	2246506	20	4.3
1527505920.24	4300	59.748774	0.0	1961140	17	4.3
1527505923.61	4300	59.998745	0.0	2155012	24	4.3
1527505925.46	4300	59.842782	0.0	1433658	17	4.3

1527505926.22	750	4	0.013	668286	2	-0.05589999999999995
1527505926.61	4300	7.95503	0.0	2123065	17	0.75
1527505927.01	4300	11.56317	0.0	2177073	30	4.3
1527505927.39	4300	15.175091	0.0	2160877	20	4.3
1527505927.77	4300	18.794793	0.0	2233056	23	4.3
1527505928.15	4300	22.412406	0.0	1941625	21	4.3
1527505928.54	4300	26.024785	0.0	2157535	24	4.3
1527505928.92	4300	29.648408	0.0	2290172	18	4.3
1527505929.3	4300	33.266203	0.0	2055469	22	4.3
1527505929.69	4300	36.878148	0.0	2169201	26	4.3
