1527443736.94	750	4	0.023	2354772	7	-0.09889999999999999
1527443737.29	4300	7.958433	0.0	2123065	26	0.75
1527443737.62	4300	11.621602	0.0	2177073	23	4.3
1527443737.94	4300	15.299578	0.0	2160877	14	4.3
1527443738.28	4300	18.965467	0.0	2233056	25	4.3
1527443738.61	4300	22.627667	0.0	1941625	21	4.3
1527443738.95	4300	26.292978	0.0	2157535	19	4.3
1527443739.29	4300	29.952833	0.0	2290172	16	4.3
1527443739.62	4300	33.620145	0.0	2055469	22	4.3
1527443739.96	4300	37.284772	0.0	2169201	24	4.3
1527443740.3	4300	40.946367	0.0	2173522	22	4.3
1527443740.64	4300	44.605394	0.0	2102452	15	4.3
1527443740.98	4300	48.265573	0.0	2209463	27	4.3
1527443741.31	4300	51.931932	0.0	2275376	23	4.3
1527443741.63	4300	55.611781	0.0	2005399	14	4.3
1527443741.99	4300	59.250931	0.0	2152483	26	4.3
1527443745.84	4300	59.749184	0.0	2289689	25	4.3
1527443749.68	4300	59.998815	0.0	2059512	18	4.3
1527443753.52	4300	59.74873	0.0	2220726	20	4.3
1527443757.35	4300	59.9988	0.0	2156729	15	4.3
1527443761.7	4300	59.998716	0.0	2039773	25	4.3
1527443765.53	4300	59.998722	0.0	2176469	13	4.3
1527443769.89	4300	59.74853	0.0	2221506	26	4.3
1527443773.73	4300	59.74897	0.0	2044075	23	4.3
1527443777.58	4300	59.997841	0.0	2186790	25	4.3
1527443781.93	4300	59.747929	0.0	2105231	22	4.3
1527443785.27	4300	59.997778	0.0	2395588	24	4.3
1527443789.62	4300	59.749181	0.0	1972048	23	4.3
1527443793.48	4300	59.998149	0.0	2134614	26	4.3
1527443797.33	4300	59.998159	0.0	2164140	22	4.3
1527443801.68	4300	59.748389	0.0	2113193	25	4.3
1527443805.53	4300	59.747479	0.0	2147852	21	4.3
1527443809.88	4300	59.747688	0.0	2191074	23	4.3
1527443813.71	4300	59.747672	0.0	2286761	12	4.3
1527443817.56	4300	59.749224	0.0	2307787	26	4.3
1527443821.41	4300	59.997233	0.0	2143948	26	4.3
1527443825.75	4300	59.747808	0.0	1919781	19	4.3
1527443829.6	4300	59.998568	0.0	2147467	23	4.3
1527443833.46	4300	59.997453	0.0	2133870	33	4.3
1527443837.81	4300	59.498557	0.0	2146120	24	4.3
1527443841.66	4300	59.747456	0.0	2108491	25	4.3
1527443845.5	4300	59.99857	0.0	2184571	22	4.3
1527443849.35	4300	59.997579	0.0	2121928	17	4.3
1527443853.69	4300	59.998229	0.0	2219102	18	4.3
1527443857.53	4300	59.747458	0.0	2124950	20	4.3
1527443861.38	4300	59.99827	0.0	2246506	21	4.3
1527443865.72	4300	59.748575	0.0	1961140	16	4.3
1527443869.56	4300	59.748329	0.0	2155012	21	4.3
1527443871.39	4300	59.677441	0.0	1433658	16	4.3

1527443872.15	750	4	0.022	2354772	7	-0.09460000000000002
1527443872.52	4300	7.939732	0.0	2123065	39	0.75
1527443872.86	4300	11.59646	0.0	2177073	24	4.3
1527443873.19	4300	15.261314	0.0	2160877	23	4.3
1527443873.53	4300	18.924525	0.0	2233056	21	4.3
1527443873.86	4300	22.596525	0.0	1941625	18	4.3
1527443874.19	4300	26.25867	0.0	2157535	18	4.3
1527443874.53	4300	29.91892	0.0	2290172	28	4.3
1527443874.87	4300	33.585516	0.0	2055469	23	4.3
1527443875.19	4300	37.264675	0.0	2169201	14	4.3
1527443875.53	4300	40.926647	0.0	2173522	22	4.3
1527443875.86	4300	44.592933	0.0	2102452	24	4.3
1527443876.19	4300	48.258845	0.0	2209463	22	4.3
1527443876.52	4300	51.929075	0.0	2275376	27	4.3
1527443876.86	4300	55.596454	0.0	2005399	20	4.3
1527443877.19	4300	59.264198	0.0	2152483	20	4.3
1527443881.04	4300	59.498396	0.0	2289689	24	4.3
1527443884.88	4300	59.748826	0.0	2059512	22	4.3
1527443888.73	4300	59.748689	0.0	2220726	24	4.3
1527443892.57	4300	59.998972	0.0	2156729	23	4.3
1527443896.91	4300	59.747775	0.0	2039773	19	4.3
1527443900.76	4300	59.748494	0.0	2176469	24	4.3
1527443905.1	4300	59.748098	0.0	2221506	24	4.3
1527443908.95	4300	59.998127	0.0	2044075	23	4.3
1527443912.79	4300	59.74862	0.0	2186790	21	4.3
1527443916.63	4300	59.998369	0.0	2105231	19	4.3
1527443920.48	4300	59.998206	0.0	2395588	21	4.3
1527443924.83	4300	59.74918	0.0	1972048	26	4.3
1527443929.18	4300	59.748002	0.0	2134614	28	4.3
1527443932.53	4300	59.997576	0.0	2164140	24	4.3
1527443936.88	4300	59.749151	0.0	2113193	21	4.3
1527443940.72	4300	59.748781	0.0	2147852	23	4.3
1527443945.06	4300	59.497651	0.0	2191074	25	4.3
1527443948.91	4300	59.998396	0.0	2286761	25	4.3
1527443952.76	4300	59.749133	0.0	2307787	24	4.3
1527443956.6	4300	59.997924	0.0	2143948	19	4.3
1527443960.96	4300	59.749353	0.0	1919781	24	4.3
1527443964.8	4300	59.747778	0.0	2147467	25	4.3
1527443968.65	4300	59.999335	0.0	2133870	26	4.3
1527443972.51	4300	59.998639	0.0	2146120	39	4.3
1527443976.86	4300	59.997727	0.0	2108491	24	4.3
1527443980.72	4300	59.749186	0.0	2184571	35	4.3
1527443985.06	4300	59.748339	0.0	2121928	20	4.3
1527443988.9	4300	59.999108	0.0	2219102	23	4.3
1527443992.74	4300	59.748635	0.0	2124950	21	4.3
1527443996.59	4300	59.999098	0.0	2246506	19	4.3
1527444000.93	4300	59.74753	0.0	1961140	18	4.3
1527444004.78	4300	59.748403	0.0	2155012	22	4.3
1527444006.61	4300	59.928876	0.0	1433658	16	4.3

1527444007.39	750	4	0.027	2354772	8	-0.11609999999999998
1527444007.74	4300	7.954828	0.0	2123065	25	0.75
1527444008.06	4300	11.629508	0.0	2177073	16	4.3
1527444008.4	4300	15.290701	0.0	2160877	23	4.3
1527444008.75	4300	18.94202	0.0	2233056	37	4.3
1527444009.09	4300	22.604051	0.0	1941625	22	4.3
1527444009.42	4300	26.268265	0.0	2157535	25	4.3
1527444009.75	4300	29.934098	0.0	2290172	24	4.3
1527444010.08	4300	33.605141	0.0	2055469	20	4.3
1527444010.42	4300	37.272483	0.0	2169201	21	4.3
1527444010.75	4300	40.940818	0.0	2173522	20	4.3
1527444011.08	4300	44.610395	0.0	2102452	19	4.3
1527444011.41	4300	48.277251	0.0	2209463	18	4.3
1527444011.76	4300	51.929552	0.0	2275376	26	4.3
1527444012.1	4300	55.594163	0.0	2005399	25	4.3
1527444012.43	4300	59.263513	0.0	2152483	21	4.3
1527444015.76	4300	59.998053	0.0	2289689	15	4.3
1527444020.1	4300	59.749141	0.0	2059512	20	4.3
1527444023.95	4300	59.748675	0.0	2220726	33	4.3
1527444027.81	4300	59.998766	0.0	2156729	25	4.3
1527444032.15	4300	59.748647	0.0	2039773	23	4.3
1527444036.0	4300	59.74866	0.0	2176469	26	4.3
1527444040.35	4300	59.748581	0.0	2221506	21	4.3
1527444044.19	4300	59.74791	0.0	2044075	21	4.3
1527444048.04	4300	59.748535	0.0	2186790	23	4.3
1527444052.39	4300	59.748516	0.0	2105231	25	4.3
1527444055.74	4300	59.998825	0.0	2395588	28	4.3
1527444060.09	4300	59.749547	0.0	1972048	21	4.3
1527444063.93	4300	59.999213	0.0	2134614	25	4.3
1527444067.78	4300	59.999017	0.0	2164140	23	4.3
1527444072.12	4300	59.748578	0.0	2113193	20	4.3
1527444075.96	4300	59.748705	0.0	2147852	24	4.3
1527444079.8	4300	59.999038	0.0	2191074	22	4.3
1527444084.15	4300	59.998974	0.0	2286761	23	4.3
1527444087.99	4300	59.998639	0.0	2307787	23	4.3
1527444092.34	4300	59.498813	0.0	2143948	24	4.3
