1527469833.52	750	4	0.025	2354772	8	-0.10750000000000004
1527469833.86	4300	7.958568	0.0	2123065	25	0.75
1527469834.2	4300	11.621569	0.0	2177073	22	4.3
1527469834.53	4300	15.288676	0.0	2160877	20	4.3
1527469834.85	4300	18.963221	0.0	2233056	16	4.3
1527469835.18	4300	22.631731	0.0	1941625	18	4.3
1527469835.51	4300	26.310833	0.0	2157535	15	4.3
1527469835.84	4300	29.974406	0.0	2290172	25	4.3
1527469836.16	4300	33.65335	0.0	2055469	14	4.3
1527469836.48	4300	37.334118	0.0	2169201	14	4.3
1527469836.81	4300	41.004589	0.0	2173522	14	4.3
1527469837.15	4300	44.664436	0.0	2102452	13	4.3
1527469837.49	4300	48.326357	0.0	2209463	24	4.3
1527469837.81	4300	52.007836	0.0	2275376	13	4.3
1527469838.15	4300	55.670128	0.0	2005399	24	4.3
1527469838.46	4300	59.352799	0.0	2152483	12	4.3
1527469842.32	4300	59.998287	0.0	2289689	25	4.3
1527469846.16	4300	59.747962	0.0	2059512	22	4.3
1527469850.0	4300	59.997876	0.0	2220726	23	4.3
1527469854.36	4300	59.498596	0.0	2156729	21	4.3
1527469858.2	4300	59.998753	0.0	2039773	19	4.3
1527469862.04	4300	59.999135	0.0	2176469	20	4.3
1527469865.89	4300	59.997799	0.0	2221506	27	4.3
1527469870.24	4300	59.747466	0.0	2044075	23	4.3
1527469874.09	4300	59.998043	0.0	2186790	25	4.3
1527469877.94	4300	59.998794	0.0	2105231	23	4.3
1527469882.28	4300	59.747972	0.0	2395588	23	4.3
1527469886.13	4300	59.749535	0.0	1972048	31	4.3
1527469890.49	4300	59.498858	0.0	2134614	26	4.3
1527469894.34	4300	59.748671	0.0	2164140	26	4.3
1527469898.19	4300	59.748623	0.0	2113193	22	4.3
1527469902.01	4300	59.998374	0.0	2147852	7	4.3
1527469905.86	4300	59.998826	0.0	2191074	27	4.3
1527469910.2	4300	59.749415	0.0	2286761	23	4.3
1527469914.05	4300	59.998373	0.0	2307787	28	4.3
1527469917.9	4300	59.999049	0.0	2143948	22	4.3
1527469922.24	4300	59.748927	0.0	1919781	19	4.3
1527469926.08	4300	59.748502	0.0	2147467	23	4.3
1527469929.93	4300	59.999222	0.0	2133870	32	4.3
1527469934.29	4300	59.748766	0.0	2146120	25	4.3
1527469938.14	4300	59.747525	0.0	2108491	25	4.3
1527469942.49	4300	59.498759	0.0	2184571	22	4.3
1527469946.34	4300	59.499018	0.0	2121928	24	4.3
1527469950.18	4300	59.99845	0.0	2219102	22	4.3
1527469954.04	4300	59.999084	0.0	2124950	25	4.3
1527469957.89	4300	59.998293	0.0	2246506	25	4.3
1527469962.23	4300	59.998896	0.0	1961140	18	4.3
1527469966.07	4300	59.998835	0.0	2155012	23	4.3
1527469967.91	4300	59.67895	0.0	1433658	17	4.3

1527469968.69	750	4	0.027	2354772	8	-0.11609999999999998
1527469969.04	4300	7.947147	0.0	2123065	32	0.75
1527469969.37	4300	11.619315	0.0	2177073	17	4.3
1527469969.71	4300	15.279657	0.0	2160877	26	4.3
1527469970.04	4300	18.947145	0.0	2233056	23	4.3
1527469970.37	4300	22.615761	0.0	1941625	19	4.3
1527469970.71	4300	26.280119	0.0	2157535	19	4.3
1527469971.05	4300	29.937413	0.0	2290172	26	4.3
1527469971.38	4300	33.600456	0.0	2055469	23	4.3
1527469971.7	4300	37.287066	0.0	2169201	7	4.3
1527469972.03	4300	40.954558	0.0	2173522	19	4.3
1527469972.37	4300	44.614464	0.0	2102452	25	4.3
1527469972.71	4300	48.278573	0.0	2209463	24	4.3
1527469973.07	4300	51.920581	0.0	2275376	41	4.3
1527469973.4	4300	55.586081	0.0	2005399	22	4.3
1527469973.73	4300	59.2517	0.0	2152483	19	4.3
1527469977.07	4300	59.999101	0.0	2289689	15	4.3
1527469981.42	4300	59.748437	0.0	2059512	22	4.3
1527469985.25	4300	59.748021	0.0	2220726	18	4.3
1527469989.6	4300	59.749484	0.0	2156729	18	4.3
1527469993.44	4300	59.749154	0.0	2039773	19	4.3
1527469997.28	4300	59.74895	0.0	2176469	20	4.3
1527470001.14	4300	59.998993	0.0	2221506	23	4.3
1527470004.99	4300	59.997937	0.0	2044075	24	4.3
1527470009.34	4300	59.997973	0.0	2186790	21	4.3
1527470013.18	4300	59.997966	0.0	2105231	22	4.3
1527470017.53	4300	59.747668	0.0	2395588	20	4.3
1527470021.37	4300	59.998116	0.0	1972048	19	4.3
1527470025.71	4300	59.498552	0.0	2134614	22	4.3
1527470029.56	4300	59.499116	0.0	2164140	24	4.3
1527470033.4	4300	59.749205	0.0	2113193	20	4.3
1527470037.24	4300	59.749042	0.0	2147852	21	4.3
1527470041.08	4300	59.999204	0.0	2191074	21	4.3
1527470045.4	4300	59.748677	0.0	2286761	8	4.3
1527470049.26	4300	59.998136	0.0	2307787	27	4.3
1527470053.61	4300	59.749033	0.0	2143948	24	4.3
1527470057.46	4300	59.74824	0.0	1919781	22	4.3
1527470061.31	4300	59.997901	0.0	2147467	21	4.3
1527470065.15	4300	59.997865	0.0	2133870	19	4.3
1527470069.01	4300	59.999319	0.0	2146120	24	4.3
1527470073.35	4300	59.749254	0.0	2108491	21	4.3
1527470077.71	4300	59.497855	0.0	2184571	34	4.3
1527470081.55	4300	59.498095	0.0	2121928	22	4.3
1527470085.39	4300	59.997735	0.0	2219102	19	4.3
1527470089.74	4300	59.748117	0.0	2124950	18	4.3
1527470093.58	4300	59.748024	0.0	2246506	23	4.3
1527470097.42	4300	59.748413	0.0	1961140	17	4.3
1527470101.27	4300	59.747621	0.0	2155012	19	4.3
1527470103.09	4300	59.677293	0.0	1433658	14	4.3

1527470103.87	750	4	0.025	2354772	9	-0.10750000000000004
1527470104.21	4300	7.962897	0.0	2123065	18	0.75
1527470104.55	4300	11.619022	0.0	2177073	25	4.3
1527470104.89	4300	15.282266	0.0	2160877	25	4.3
1527470105.24	4300	18.93667	0.0	2233056	35	4.3
1527470105.57	4300	22.599715	0.0	1941625	21	4.3
1527470105.91	4300	26.264653	0.0	2157535	24	4.3
1527470106.22	4300	29.945794	0.0	2290172	13	4.3
1527470106.54	4300	33.629909	0.0	2055469	13	4.3
1527470106.87	4300	37.298096	0.0	2169201	20	4.3
1527470107.21	4300	40.959602	0.0	2173522	19	4.3
1527470107.54	4300	44.630368	0.0	2102452	18	4.3
1527470107.88	4300	48.287033	0.0	2209463	27	4.3
1527470108.22	4300	51.945292	0.0	2275376	25	4.3
1527470108.55	4300	55.624326	0.0	2005399	9	4.3
1527470108.87	4300	59.297251	0.0	2152483	17	4.3
1527470112.72	4300	59.497692	0.0	2289689	25	4.3
1527470116.56	4300	59.748891	0.0	2059512	19	4.3
1527470120.92	4300	59.497964	0.0	2220726	30	4.3
1527470124.77	4300	59.74851	0.0	2156729	25	4.3
1527470128.62	4300	59.99886	0.0	2039773	23	4.3
1527470132.46	4300	59.749052	0.0	2176469	21	4.3
1527470136.3	4300	59.99907	0.0	2221506	21	4.3
1527470140.66	4300	59.749069	0.0	2044075	23	4.3
1527470144.52	4300	59.748963	0.0	2186790	26	4.3
1527470148.36	4300	59.998271	0.0	2105231	21	4.3
1527470152.21	4300	59.998962	0.0	2395588	22	4.3
1527470156.56	4300	59.998924	0.0	1972048	23	4.3
1527470160.41	4300	59.998645	0.0	2134614	29	4.3
1527470164.26	4300	59.999355	0.0	2164140	24	4.3
1527470168.6	4300	59.998159	0.0	2113193	23	4.3
1527470172.45	4300	59.748361	0.0	2147852	23	4.3
1527470176.3	4300	59.999069	0.0	2191074	21	4.3
1527470180.64	4300	59.749319	0.0	2286761	20	4.3
