1527398427.67	750	4	0.014	450283	2	-0.06020000000000003
1527398428.07	4300	7.95566	0.0	2123065	15	0.75
1527398428.47	4300	11.554752	0.0	2177073	21	4.3
1527398428.86	4300	15.167086	0.0	2160877	27	4.3
1527398429.25	4300	18.776574	0.0	2233056	26	4.3
1527398429.64	4300	22.38929	0.0	1941625	24	4.3
1527398430.03	4300	25.994569	0.0	2157535	25	4.3
1527398430.43	4300	29.602423	0.0	2290172	25	4.3
1527398430.81	4300	33.21525	0.0	2055469	20	4.3
1527398431.21	4300	36.818683	0.0	2169201	18	4.3
1527398431.6	4300	40.424536	0.0	2173522	17	4.3
1527398431.98	4300	44.052057	0.0	2102452	16	4.3
1527398432.39	4300	47.638753	0.0	2209463	33	4.3
1527398432.77	4300	51.259873	0.0	2275376	19	4.3
1527398433.15	4300	54.878263	0.0	2005399	20	4.3
1527398433.54	4300	58.489234	0.0	2152483	25	4.3
1527398436.44	4300	59.997641	0.0	2289689	25	4.3
1527398440.33	4300	59.998129	0.0	2059512	13	4.3
1527398444.24	4300	59.997766	0.0	2220726	42	4.3
1527398448.65	4300	59.49929	0.0	2156729	24	4.3
1527398452.54	4300	59.497923	0.0	2039773	19	4.3
1527398456.44	4300	59.998398	0.0	2176469	24	4.3
1527398460.34	4300	59.999158	0.0	2221506	22	4.3
1527398464.74	4300	59.498062	0.0	2044075	21	4.3
1527398468.64	4300	59.497718	0.0	2186790	22	4.3
1527398472.04	4300	59.99943	0.0	2105231	22	4.3
1527398476.44	4300	59.998008	0.0	2395588	27	4.3
1527398480.34	4300	59.749228	0.0	1972048	21	4.3
1527398484.24	4300	59.998464	0.0	2134614	25	4.3
1527398488.14	4300	59.998007	0.0	2164140	25	4.3
1527398492.04	4300	59.997654	0.0	2113193	23	4.3
1527398496.44	4300	59.749369	0.0	2147852	23	4.3
1527398500.35	4300	59.748565	0.0	2191074	24	4.3
1527398504.75	4300	59.747962	0.0	2286761	25	4.3
1527398508.66	4300	59.498953	0.0	2307787	27	4.3
1527398512.06	4300	59.999372	0.0	2143948	23	4.3
1527398516.45	4300	59.749388	0.0	1919781	20	4.3
1527398520.34	4300	59.747853	0.0	2147467	20	4.3
1527398524.74	4300	59.74775	0.0	2133870	23	4.3
1527398528.15	4300	59.997932	0.0	2146120	23	4.3
1527398532.04	4300	59.999464	0.0	2108491	21	4.3
1527398536.44	4300	59.748723	0.0	2184571	23	4.3
1527398540.34	4300	59.747796	0.0	2121928	23	4.3
1527398544.74	4300	59.748629	0.0	2219102	23	4.3
1527398548.65	4300	59.748298	0.0	2124950	22	4.3
1527398552.53	4300	59.747933	0.0	2246506	23	4.3
1527398556.42	4300	59.748991	0.0	1961140	25	4.3
1527398560.3	4300	59.747777	0.0	2155012	24	4.3
1527398562.16	4300	59.67208	0.0	1433658	16	4.3

1527398562.94	750	4	0.015	668286	3	-0.0645
1527398563.4	4300	7.946409	0.0	2123065	19	0.75
1527398563.78	4300	11.503498	0.0	2177073	18	4.3
1527398564.17	4300	15.114288	0.0	2160877	23	4.3
1527398564.56	4300	18.723842	0.0	2233056	22	4.3
1527398564.98	4300	22.309144	0.0	1941625	20	4.3
1527398565.37	4300	25.915642	0.0	2157535	15	4.3
1527398565.77	4300	29.518457	0.0	2290172	25	4.3
1527398566.15	4300	33.134022	0.0	2055469	20	4.3
1527398566.56	4300	36.721174	0.0	2169201	25	4.3
1527398566.95	4300	40.329854	0.0	2173522	23	4.3
1527398567.35	4300	43.935519	0.0	2102452	23	4.3
1527398567.74	4300	47.544546	0.0	2209463	26	4.3
1527398568.13	4300	51.150014	0.0	2275376	22	4.3
1527398568.55	4300	54.734021	0.0	2005399	20	4.3
1527398568.94	4300	58.346897	0.0	2152483	25	4.3
1527398571.36	4300	59.997791	0.0	2289689	38	4.3
1527398575.76	4300	59.748015	0.0	2059512	22	4.3
1527398579.67	4300	59.749632	0.0	2220726	24	4.3
1527398583.57	4300	59.749405	0.0	2156729	25	4.3
1527398587.48	4300	59.998681	0.0	2039773	21	4.3
1527398591.37	4300	59.999419	0.0	2176469	25	4.3
1527398595.77	4300	59.748933	0.0	2221506	24	4.3
1527398599.67	4300	59.998897	0.0	2044075	16	4.3
1527398603.56	4300	59.997822	0.0	2186790	20	4.3
1527398607.46	4300	59.998857	0.0	2105231	23	4.3
1527398611.86	4300	59.498551	0.0	2395588	26	4.3
1527398615.76	4300	59.998747	0.0	1972048	22	4.3
1527398619.66	4300	59.997623	0.0	2134614	30	4.3
1527398623.56	4300	59.998909	0.0	2164140	25	4.3
1527398627.47	4300	59.999371	0.0	2113193	24	4.3
1527398631.36	4300	59.99865	0.0	2147852	24	4.3
1527398635.77	4300	59.748865	0.0	2191074	26	4.3
1527398639.68	4300	59.748146	0.0	2286761	24	4.3
1527398643.55	4300	59.747467	0.0	2307787	11	4.3
1527398647.45	4300	59.998066	0.0	2143948	24	4.3
1527398651.85	4300	59.497981	0.0	1919781	21	4.3
1527398655.73	4300	59.998625	0.0	2147467	21	4.3
1527398659.68	4300	59.748955	0.0	2133870	21	4.3
1527398663.59	4300	59.748775	0.0	2146120	23	4.3
1527398668.0	4300	59.49849	0.0	2108491	21	4.3
1527398671.39	4300	59.998916	0.0	2184571	20	4.3
1527398675.3	4300	59.998697	0.0	2121928	16	4.3
1527398679.7	4300	59.74914	0.0	2219102	19	4.3
