1527397932.12	750	4	0.028	2354772	8	-0.12039999999999995
1527397932.49	4300	7.961607	0.0	2123065	24	0.75
1527397932.83	4300	11.621112	0.0	2177073	21	4.3
1527397933.18	4300	15.277225	0.0	2160877	27	4.3
1527397933.51	4300	18.938984	0.0	2233056	21	4.3
1527397933.86	4300	22.598235	0.0	1941625	21	4.3
1527397934.2	4300	26.254444	0.0	2157535	24	4.3
1527397934.54	4300	29.9167	0.0	2290172	24	4.3
1527397934.88	4300	33.570685	0.0	2055469	23	4.3
1527397935.22	4300	37.232614	0.0	2169201	25	4.3
1527397935.56	4300	40.890515	0.0	2173522	21	4.3
1527397935.91	4300	44.542591	0.0	2102452	35	4.3
1527397936.27	4300	48.205547	0.0	2209463	21	4.3
1527397936.61	4300	51.847707	0.0	2275376	23	4.3
1527397936.95	4300	55.505287	0.0	2005399	22	4.3
1527397937.29	4300	59.163416	0.0	2152483	24	4.3
1527397941.13	4300	59.498559	0.0	2289689	22	4.3
1527397944.98	4300	59.498278	0.0	2059512	16	4.3
1527397948.83	4300	59.74921	0.0	2220726	23	4.3
1527397952.68	4300	59.998812	0.0	2156729	25	4.3
1527397957.03	4300	59.748744	0.0	2039773	20	4.3
1527397960.87	4300	59.749317	0.0	2176469	21	4.3
1527397964.73	4300	59.747539	0.0	2221506	24	4.3
1527397969.08	4300	59.749415	0.0	2044075	24	4.3
1527397972.93	4300	59.998616	0.0	2186790	23	4.3
1527397976.78	4300	59.998704	0.0	2105231	20	4.3
1527397980.63	4300	59.999048	0.0	2395588	19	4.3
1527397984.98	4300	59.498557	0.0	1972048	22	4.3
1527397988.83	4300	59.749572	0.0	2134614	23	4.3
1527397993.18	4300	59.748836	0.0	2164140	20	4.3
1527397996.52	4300	59.999096	0.0	2113193	20	4.3
1527398000.88	4300	59.749201	0.0	2147852	23	4.3
1527398004.73	4300	59.997976	0.0	2191074	24	4.3
1527398009.07	4300	59.498726	0.0	2286761	24	4.3
1527398012.92	4300	59.748662	0.0	2307787	25	4.3
1527398016.77	4300	59.998792	0.0	2143948	22	4.3
1527398020.62	4300	59.997674	0.0	1919781	22	4.3
1527398024.47	4300	59.998594	0.0	2147467	24	4.3
1527398028.83	4300	59.747939	0.0	2133870	35	4.3
1527398033.19	4300	59.499049	0.0	2146120	23	4.3
1527398036.54	4300	59.998808	0.0	2108491	22	4.3
1527398040.9	4300	59.747451	0.0	2184571	25	4.3
1527398044.75	4300	59.99893	0.0	2121928	22	4.3
1527398049.1	4300	59.749138	0.0	2219102	20	4.3
1527398052.95	4300	59.747628	0.0	2124950	20	4.3
1527398056.8	4300	59.748101	0.0	2246506	25	4.3
1527398061.15	4300	59.497439	0.0	1961140	21	4.3
1527398064.5	4300	59.998658	0.0	2155012	22	4.3
1527398066.34	4300	59.928174	0.0	1433658	16	4.3

1527398067.1	750	4	0.017	668286	2	-0.07309999999999994
1527398067.44	4300	7.958036	0.0	2123065	14	0.75
1527398067.79	4300	11.612139	0.0	2177073	27	4.3
1527398068.12	4300	15.276747	0.0	2160877	23	4.3
1527398068.47	4300	18.928776	0.0	2233056	34	4.3
1527398068.81	4300	22.592009	0.0	1941625	22	4.3
1527398069.15	4300	26.255255	0.0	2157535	23	4.3
1527398069.49	4300	29.91055	0.0	2290172	25	4.3
1527398069.83	4300	33.5664	0.0	2055469	27	4.3
1527398070.17	4300	37.233044	0.0	2169201	20	4.3
1527398070.5	4300	40.90062	0.0	2173522	18	4.3
1527398070.84	4300	44.558036	0.0	2102452	23	4.3
1527398071.18	4300	48.21987	0.0	2209463	24	4.3
1527398071.53	4300	51.870032	0.0	2275376	26	4.3
1527398071.87	4300	55.534461	0.0	2005399	20	4.3
1527398072.2	4300	59.198407	0.0	2152483	24	4.3
1527398076.05	4300	59.748453	0.0	2289689	20	4.3
1527398079.89	4300	59.99824	0.0	2059512	19	4.3
1527398083.74	4300	59.748058	0.0	2220726	25	4.3
1527398088.1	4300	59.749099	0.0	2156729	23	4.3
1527398091.94	4300	59.499395	0.0	2039773	21	4.3
1527398095.79	4300	59.999162	0.0	2176469	21	4.3
1527398100.15	4300	59.497862	0.0	2221506	26	4.3
1527398104.0	4300	59.748087	0.0	2044075	24	4.3
1527398107.84	4300	59.749001	0.0	2186790	24	4.3
1527398111.69	4300	59.998698	0.0	2105231	21	4.3
1527398115.53	4300	59.999042	0.0	2395588	20	4.3
1527398119.89	4300	59.749694	0.0	1972048	22	4.3
1527398123.75	4300	59.748852	0.0	2134614	35	4.3
1527398127.61	4300	59.998657	0.0	2164140	25	4.3
1527398131.46	4300	59.998824	0.0	2113193	21	4.3
1527398135.81	4300	59.749031	0.0	2147852	23	4.3
1527398140.15	4300	59.499523	0.0	2191074	17	4.3
1527398144.0	4300	59.499407	0.0	2286761	22	4.3
1527398147.84	4300	59.748992	0.0	2307787	21	4.3
1527398151.69	4300	59.749578	0.0	2143948	23	4.3
1527398156.04	4300	59.497807	0.0	1919781	20	4.3
1527398159.9	4300	59.748832	0.0	2147467	22	4.3
1527398163.75	4300	59.749442	0.0	2133870	19	4.3
1527398167.62	4300	59.998194	0.0	2146120	43	4.3
1527398171.97	4300	59.749237	0.0	2108491	25	4.3
1527398175.83	4300	59.998651	0.0	2184571	33	4.3
1527398179.69	4300	59.997913	0.0	2121928	23	4.3
1527398183.54	4300	59.999084	0.0	2219102	25	4.3
1527398187.88	4300	59.997996	0.0	2124950	20	4.3
1527398191.73	4300	59.99892	0.0	2246506	24	4.3
1527398196.07	4300	59.748072	0.0	1961140	18	4.3
