1527448153.82	750	4	0.026	2354772	7	-0.11180000000000001
1527448154.15	4300	7.966023	0.0	2123065	21	0.75
1527448154.47	4300	11.649477	0.0	2177073	11	4.3
1527448154.81	4300	15.312809	0.0	2160877	27	4.3
1527448155.14	4300	18.97546	0.0	2233056	23	4.3
1527448155.47	4300	22.645831	0.0	1941625	19	4.3
1527448155.8	4300	26.315314	0.0	2157535	19	4.3
1527448156.12	4300	29.997898	0.0	2290172	12	4.3
1527448156.46	4300	33.661537	0.0	2055469	22	4.3
1527448156.8	4300	37.322195	0.0	2169201	23	4.3
1527448157.13	4300	40.991109	0.0	2173522	27	4.3
1527448157.46	4300	44.661005	0.0	2102452	18	4.3
1527448157.8	4300	48.318591	0.0	2209463	25	4.3
1527448158.14	4300	51.97573	0.0	2275376	23	4.3
1527448158.47	4300	55.645004	0.0	2005399	21	4.3
1527448158.8	4300	59.321845	0.0	2152483	16	4.3
1527448162.13	4300	59.9987	0.0	2289689	16	4.3
1527448166.48	4300	59.748952	0.0	2059512	23	4.3
1527448170.32	4300	59.999149	0.0	2220726	22	4.3
1527448174.65	4300	59.748994	0.0	2156729	10	4.3
1527448178.49	4300	59.998741	0.0	2039773	16	4.3
1527448182.32	4300	59.998994	0.0	2176469	14	4.3
1527448186.2	4300	59.998841	0.0	2221506	23	4.3
1527448190.55	4300	59.998788	0.0	2044075	22	4.3
1527448194.4	4300	59.747987	0.0	2186790	24	4.3
1527448198.75	4300	59.748996	0.0	2105231	25	4.3
1527448202.6	4300	59.998477	0.0	2395588	27	4.3
1527448206.45	4300	59.748913	0.0	1972048	30	4.3
1527448210.29	4300	59.99795	0.0	2134614	17	4.3
1527448214.64	4300	59.748415	0.0	2164140	23	4.3
1527448218.5	4300	59.748016	0.0	2113193	24	4.3
1527448222.84	4300	59.748073	0.0	2147852	22	4.3
1527448226.69	4300	59.749146	0.0	2191074	24	4.3
1527448230.53	4300	59.997704	0.0	2286761	21	4.3
1527448234.39	4300	59.748801	0.0	2307787	15	4.3
1527448238.74	4300	59.748013	0.0	2143948	25	4.3
1527448242.58	4300	59.747566	0.0	1919781	24	4.3
1527448246.43	4300	59.997648	0.0	2147467	25	4.3
1527448250.29	4300	59.998999	0.0	2133870	37	4.3
1527448254.64	4300	59.747644	0.0	2146120	23	4.3
1527448258.49	4300	59.747581	0.0	2108491	36	4.3
1527448262.84	4300	59.498755	0.0	2184571	21	4.3
1527448266.18	4300	59.997673	0.0	2121928	24	4.3
1527448270.54	4300	59.748207	0.0	2219102	25	4.3
1527448274.38	4300	59.99876	0.0	2124950	12	4.3
1527448278.23	4300	59.997517	0.0	2246506	24	4.3
1527448282.58	4300	59.999022	0.0	1961140	20	4.3
1527448286.43	4300	59.998384	0.0	2155012	23	4.3
1527448288.26	4300	59.928672	0.0	1433658	16	4.3

1527448289.05	750	4	0.027	2354772	8	-0.11609999999999998
1527448289.4	4300	7.952653	0.0	2123065	27	0.75
1527448289.74	4300	11.604077	0.0	2177073	27	4.3
1527448290.08	4300	15.265981	0.0	2160877	26	4.3
1527448290.42	4300	18.929142	0.0	2233056	22	4.3
1527448290.76	4300	22.588623	0.0	1941625	22	4.3
1527448291.1	4300	26.247318	0.0	2157535	26	4.3
1527448291.44	4300	29.912186	0.0	2290172	23	4.3
1527448291.76	4300	33.591828	0.0	2055469	14	4.3
1527448292.09	4300	37.255614	0.0	2169201	25	4.3
1527448292.41	4300	40.934732	0.0	2173522	14	4.3
1527448292.74	4300	44.613225	0.0	2102452	14	4.3
1527448293.08	4300	48.271794	0.0	2209463	25	4.3
1527448293.43	4300	51.9155	0.0	2275376	42	4.3
1527448293.77	4300	55.576148	0.0	2005399	24	4.3
1527448294.11	4300	59.242663	0.0	2152483	22	4.3
1527448297.94	4300	59.747835	0.0	2289689	16	4.3
1527448301.78	4300	59.749483	0.0	2059512	24	4.3
1527448305.63	4300	59.747784	0.0	2220726	21	4.3
1527448309.97	4300	59.498353	0.0	2156729	21	4.3
1527448313.82	4300	59.748918	0.0	2039773	22	4.3
1527448317.68	4300	59.749667	0.0	2176469	24	4.3
1527448321.53	4300	59.998674	0.0	2221506	24	4.3
1527448325.36	4300	59.999004	0.0	2044075	14	4.3
1527448329.71	4300	59.999066	0.0	2186790	24	4.3
1527448334.06	4300	59.748495	0.0	2105231	21	4.3
1527448337.4	4300	59.998289	0.0	2395588	23	4.3
1527448341.76	4300	59.997716	0.0	1972048	21	4.3
1527448345.61	4300	59.74943	0.0	2134614	26	4.3
1527448349.46	4300	59.998763	0.0	2164140	23	4.3
1527448353.8	4300	59.998276	0.0	2113193	21	4.3
1527448357.65	4300	59.748736	0.0	2147852	25	4.3
1527448361.51	4300	59.998419	0.0	2191074	26	4.3
1527448365.86	4300	59.747757	0.0	2286761	26	4.3
1527448369.7	4300	59.748372	0.0	2307787	26	4.3
1527448373.55	4300	59.998769	0.0	2143948	21	4.3
1527448377.39	4300	59.999314	0.0	1919781	20	4.3
1527448381.74	4300	59.749076	0.0	2147467	19	4.3
1527448385.58	4300	59.997449	0.0	2133870	21	4.3
1527448389.44	4300	59.998582	0.0	2146120	33	4.3
1527448393.79	4300	59.997835	0.0	2108491	24	4.3
1527448397.64	4300	59.747816	0.0	2184571	26	4.3
1527448401.98	4300	59.747942	0.0	2121928	19	4.3
1527448405.83	4300	59.748852	0.0	2219102	22	4.3
1527448409.68	4300	59.748423	0.0	2124950	21	4.3
1527448414.03	4300	59.748493	0.0	2246506	26	4.3
1527448417.36	4300	59.998218	0.0	1961140	11	4.3
1527448421.71	4300	59.998194	0.0	2155012	24	4.3
1527448423.55	4300	59.678448	0.0	1433658	17	4.3

1527448424.94	750	4	0.024	2354772	7	-0.10319999999999996
1527448425.3	4300	7.938373	0.0	2123065	48	0.75
1527448425.63	4300	11.606213	0.0	2177073	16	4.3
1527448425.98	4300	15.262383	0.0	2160877	27	4.3
1527448426.3	4300	18.938762	0.0	2233056	15	4.3
1527448426.64	4300	22.599405	0.0	1941625	26	4.3
1527448426.98	4300	26.2652	0.0	2157535	23	4.3
1527448427.31	4300	29.93276	0.0	2290172	21	4.3
1527448427.63	4300	33.613358	0.0	2055469	13	4.3
1527448427.95	4300	37.28703	0.0	2169201	17	4.3
1527448428.28	4300	40.957575	0.0	2173522	20	4.3
1527448428.62	4300	44.619614	0.0	2102452	25	4.3
1527448428.96	4300	48.285265	0.0	2209463	23	4.3
1527448429.29	4300	51.950841	0.0	2275376	15	4.3
1527448429.61	4300	55.633583	0.0	2005399	13	4.3
1527448429.94	4300	59.297371	0.0	2152483	24	4.3
1527448433.28	4300	59.998299	0.0	2289689	15	4.3
1527448437.62	4300	59.998913	0.0	2059512	19	4.3
