1527483841.87	750	4	0.025	2354772	7	-0.10750000000000004
1527483842.26	4300	7.960283	0.0	2123065	22	0.75
1527483842.65	4300	11.569548	0.0	2177073	28	4.3
1527483843.04	4300	15.180086	0.0	2160877	24	4.3
1527483843.43	4300	18.790929	0.0	2233056	25	4.3
1527483843.81	4300	22.403654	0.0	1941625	21	4.3
1527483844.2	4300	26.01183	0.0	2157535	23	4.3
1527483844.59	4300	29.621303	0.0	2290172	25	4.3
1527483844.98	4300	33.234244	0.0	2055469	23	4.3
1527483845.37	4300	36.843596	0.0	2169201	25	4.3
1527483845.77	4300	40.44763	0.0	2173522	24	4.3
1527483846.16	4300	44.056358	0.0	2102452	32	4.3
1527483846.57	4300	47.646285	0.0	2209463	24	4.3
1527483846.98	4300	51.242039	0.0	2275376	25	4.3
1527483847.37	4300	54.850135	0.0	2005399	23	4.3
1527483847.75	4300	58.466888	0.0	2152483	26	4.3
1527483850.65	4300	59.749033	0.0	2289689	26	4.3
1527483854.55	4300	59.748645	0.0	2059512	23	4.3
1527483858.46	4300	59.997819	0.0	2220726	35	4.3
1527483862.86	4300	59.748612	0.0	2156729	22	4.3
1527483866.27	4300	59.99757	0.0	2039773	23	4.3
1527483870.68	4300	59.74815	0.0	2176469	25	4.3
1527483874.57	4300	59.997802	0.0	2221506	22	4.3
1527483878.47	4300	59.748138	0.0	2044075	21	4.3
1527483882.37	4300	59.997392	0.0	2186790	23	4.3
1527483886.77	4300	59.747549	0.0	2105231	22	4.3
1527483890.67	4300	59.748766	0.0	2395588	25	4.3
1527483894.58	4300	59.997256	0.0	1972048	23	4.3
1527483898.51	4300	59.998318	0.0	2134614	23	4.3
1527483902.91	4300	59.748386	0.0	2164140	25	4.3
1527483906.31	4300	59.998403	0.0	2113193	22	4.3
1527483910.71	4300	59.998332	0.0	2147852	23	4.3
1527483914.62	4300	59.997401	0.0	2191074	22	4.3
1527483918.52	4300	59.747512	0.0	2286761	25	4.3
1527483922.42	4300	59.997318	0.0	2307787	25	4.3
1527483926.82	4300	59.498469	0.0	2143948	23	4.3
1527483930.71	4300	59.748399	0.0	1919781	14	4.3
1527483934.61	4300	59.998616	0.0	2147467	19	4.3
1527483938.5	4300	59.747555	0.0	2133870	23	4.3
1527483942.4	4300	59.997896	0.0	2146120	24	4.3
1527483946.3	4300	59.997464	0.0	2108491	24	4.3
1527483950.71	4300	59.748864	0.0	2184571	40	4.3
1527483954.64	4300	59.74741	0.0	2121928	24	4.3
1527483958.54	4300	59.998276	0.0	2219102	37	4.3
1527483962.47	4300	59.998921	0.0	2124950	25	4.3
1527483966.37	4300	59.998858	0.0	2246506	25	4.3
1527483970.75	4300	59.747308	0.0	1961140	18	4.3
1527483974.62	4300	59.998491	0.0	2155012	23	4.3
1527483975.97	4300	59.929057	0.0	1433658	16	4.3

1527483976.72	750	4	0.018	668286	4	-0.07740000000000002
1527483977.15	4300	7.952659	0.0	2123065	17	0.75
1527483977.53	4300	11.567187	0.0	2177073	21	4.3
1527483977.9	4300	15.19893	0.0	2160877	14	4.3
1527483978.28	4300	18.820068	0.0	2233056	21	4.3
1527483978.67	4300	22.429906	0.0	1941625	23	4.3
1527483979.06	4300	26.042152	0.0	2157535	24	4.3
1527483979.46	4300	29.644216	0.0	2290172	32	4.3
1527483979.84	4300	33.264136	0.0	2055469	22	4.3
1527483980.23	4300	36.877159	0.0	2169201	25	4.3
1527483980.62	4300	40.483739	0.0	2173522	24	4.3
1527483981.01	4300	44.090836	0.0	2102452	25	4.3
1527483981.4	4300	47.704173	0.0	2209463	27	4.3
1527483981.79	4300	51.315066	0.0	2275376	25	4.3
1527483982.17	4300	54.92907	0.0	2005399	22	4.3
1527483982.57	4300	58.537105	0.0	2152483	25	4.3
1527483985.46	4300	59.748954	0.0	2289689	25	4.3
1527483989.35	4300	59.999216	0.0	2059512	19	4.3
1527483993.75	4300	59.499838	0.0	2220726	25	4.3
1527483997.65	4300	59.749423	0.0	2156729	25	4.3
1527484001.56	4300	59.748697	0.0	2039773	23	4.3
1527484005.46	4300	59.749041	0.0	2176469	25	4.3
1527484009.85	4300	59.748958	0.0	2221506	25	4.3
1527484013.24	4300	59.998932	0.0	2044075	18	4.3
1527484017.64	4300	59.498995	0.0	2186790	23	4.3
1527484021.53	4300	59.999096	0.0	2105231	23	4.3
1527484025.43	4300	59.997909	0.0	2395588	27	4.3
1527484029.84	4300	59.498017	0.0	1972048	22	4.3
1527484033.76	4300	59.749365	0.0	2134614	40	4.3
1527484037.15	4300	59.999067	0.0	2164140	19	4.3
1527484041.55	4300	59.749276	0.0	2113193	20	4.3
1527484045.45	4300	59.999348	0.0	2147852	22	4.3
1527484049.85	4300	59.498474	0.0	2191074	25	4.3
1527484053.74	4300	59.49974	0.0	2286761	19	4.3
1527484057.63	4300	59.499235	0.0	2307787	23	4.3
1527484061.53	4300	59.998159	0.0	2143948	24	4.3
1527484065.42	4300	59.99844	0.0	1919781	20	4.3
1527484069.3	4300	59.99838	0.0	2147467	14	4.3
1527484073.7	4300	59.749499	0.0	2133870	25	4.3
1527484077.6	4300	59.998587	0.0	2146120	38	4.3
1527484081.49	4300	59.99899	0.0	2108491	17	4.3
1527484085.38	4300	59.749065	0.0	2184571	18	4.3
1527484089.76	4300	59.499706	0.0	2121928	17	4.3
1527484093.66	4300	59.499287	0.0	2219102	24	4.3
1527484097.56	4300	59.749333	0.0	2124950	24	4.3
1527484101.45	4300	59.748968	0.0	2246506	26	4.3
1527484105.33	4300	59.998812	0.0	1961140	22	4.3
1527484109.7	4300	59.748419	0.0	2155012	23	4.3
1527484111.05	4300	59.825598	0.0	1433658	15	4.3

1527484111.81	750	4	0.015	668286	2	-0.0645
1527484112.21	4300	7.954424	0.0	2123065	19	0.75
1527484112.6	4300	11.561149	0.0	2177073	31	4.3
1527484113.01	4300	15.154214	0.0	2160877	18	4.3
1527484113.41	4300	18.749345	0.0	2233056	21	4.3
1527484113.8	4300	22.36619	0.0	1941625	17	4.3
1527484114.17	4300	25.995146	0.0	2157535	15	4.3
1527484114.55	4300	29.614453	0.0	2290172	22	4.3
1527484114.93	4300	33.232888	0.0	2055469	24	4.3
1527484115.32	4300	36.845588	0.0	2169201	23	4.3
1527484115.71	4300	40.455661	0.0	2173522	25	4.3
1527484116.1	4300	44.063357	0.0	2102452	26	4.3
1527484116.51	4300	47.65185	0.0	2209463	31	4.3
1527484116.91	4300	51.257769	0.0	2275376	26	4.3
1527484117.28	4300	54.88388	0.0	2005399	17	4.3
1527484117.66	4300	58.50221	0.0	2152483	24	4.3
1527484120.56	4300	59.997741	0.0	2289689	25	4.3
1527484124.45	4300	59.74845	0.0	2059512	19	4.3
1527484128.36	4300	59.999242	0.0	2220726	38	4.3
1527484132.26	4300	59.998992	0.0	2156729	22	4.3
1527484136.65	4300	59.749102	0.0	2039773	15	4.3
1527484140.55	4300	59.749447	0.0	2176469	24	4.3
1527484144.45	4300	59.997686	0.0	2221506	25	4.3
1527484148.34	4300	59.998987	0.0	2044075	22	4.3
1527484152.73	4300	59.498999	0.0	2186790	19	4.3
1527484156.63	4300	59.747938	0.0	2105231	22	4.3
1527484160.53	4300	59.748695	0.0	2395588	27	4.3
1527484164.43	4300	59.749115	0.0	1972048	22	4.3
1527484168.33	4300	59.999155	0.0	2134614	25	4.3
1527484172.23	4300	59.998829	0.0	2164140	24	4.3
1527484176.63	4300	59.748953	0.0	2113193	23	4.3
1527484180.53	4300	59.749033	0.0	2147852	24	4.3
1527484184.42	4300	59.998409	0.0	2191074	19	4.3
1527484188.33	4300	59.998735	0.0	2286761	25	4.3
