1527498429.77	750	4	0.017	450283	1	-0.07309999999999994
1527498430.17	4300	7.951349	0.0	2123065	19	0.75
1527498430.55	4300	11.566159	0.0	2177073	24	4.3
1527498430.92	4300	15.200168	0.0	2160877	12	4.3
1527498431.3	4300	18.818884	0.0	2233056	24	4.3
1527498431.68	4300	22.436279	0.0	1941625	22	4.3
1527498432.07	4300	26.048234	0.0	2157535	24	4.3
1527498432.46	4300	29.65407	0.0	2290172	26	4.3
1527498432.85	4300	33.266405	0.0	2055469	22	4.3
1527498433.24	4300	36.875998	0.0	2169201	24	4.3
1527498433.63	4300	40.485857	0.0	2173522	26	4.3
1527498434.02	4300	44.099645	0.0	2102452	23	4.3
1527498434.39	4300	47.723378	0.0	2209463	15	4.3
1527498434.78	4300	51.337355	0.0	2275376	17	4.3
1527498435.16	4300	54.954673	0.0	2005399	21	4.3
1527498435.55	4300	58.566941	0.0	2152483	23	4.3
1527498438.45	4300	59.748525	0.0	2289689	26	4.3
1527498442.84	4300	59.499187	0.0	2059512	19	4.3
1527498446.24	4300	59.999045	0.0	2220726	30	4.3
1527498450.13	4300	59.999492	0.0	2156729	24	4.3
1527498454.52	4300	59.748574	0.0	2039773	16	4.3
1527498458.41	4300	59.999128	0.0	2176469	22	4.3
1527498462.8	4300	59.498748	0.0	2221506	17	4.3
1527498466.7	4300	59.498085	0.0	2044075	22	4.3
1527498470.6	4300	59.748809	0.0	2186790	25	4.3
1527498474.49	4300	59.998326	0.0	2105231	23	4.3
1527498478.39	4300	59.998838	0.0	2395588	19	4.3
1527498482.79	4300	59.747837	0.0	1972048	23	4.3
1527498486.19	4300	59.998874	0.0	2134614	33	4.3
1527498490.58	4300	59.998669	0.0	2164140	21	4.3
1527498494.47	4300	59.997883	0.0	2113193	24	4.3
1527498498.37	4300	59.74928	0.0	2147852	24	4.3
1527498502.27	4300	59.99758	0.0	2191074	24	4.3
1527498506.67	4300	59.499306	0.0	2286761	26	4.3
1527498510.57	4300	59.998862	0.0	2307787	22	4.3
1527498514.46	4300	59.748652	0.0	2143948	25	4.3
1527498518.36	4300	59.999049	0.0	1919781	22	4.3
1527498522.25	4300	59.999287	0.0	2147467	24	4.3
1527498526.15	4300	59.998827	0.0	2133870	23	4.3
1527498530.56	4300	59.748303	0.0	2146120	23	4.3
1527498534.47	4300	59.747933	0.0	2108491	24	4.3
1527498538.37	4300	59.9981	0.0	2184571	35	4.3
1527498542.78	4300	59.497442	0.0	2121928	21	4.3
1527498546.67	4300	59.498283	0.0	2219102	24	4.3
1527498550.58	4300	59.747793	0.0	2124950	23	4.3
1527498554.48	4300	59.748226	0.0	2246506	25	4.3
1527498558.35	4300	59.998492	0.0	1961140	21	4.3
1527498562.73	4300	59.748495	0.0	2155012	23	4.3
1527498564.08	4300	59.929309	0.0	1433658	17	4.3

1527498564.84	750	4	0.017	668286	3	-0.07309999999999994
1527498565.23	4300	7.956663	0.0	2123065	13	0.75
1527498565.62	4300	11.57228	0.0	2177073	24	4.3
1527498566.0	4300	15.187516	0.0	2160877	24	4.3
1527498566.39	4300	18.793036	0.0	2233056	22	4.3
1527498566.78	4300	22.402275	0.0	1941625	21	4.3
1527498567.17	4300	26.017683	0.0	2157535	20	4.3
1527498567.56	4300	29.62954	0.0	2290172	26	4.3
1527498567.94	4300	33.243335	0.0	2055469	23	4.3
1527498568.31	4300	36.873843	0.0	2169201	15	4.3
1527498568.71	4300	40.487257	0.0	2173522	25	4.3
1527498569.1	4300	44.089314	0.0	2102452	17	4.3
1527498569.48	4300	47.704503	0.0	2209463	23	4.3
1527498569.87	4300	51.316789	0.0	2275376	25	4.3
1527498570.26	4300	54.924438	0.0	2005399	22	4.3
1527498570.65	4300	58.535056	0.0	2152483	17	4.3
1527498573.55	4300	59.999246	0.0	2289689	24	4.3
1527498577.94	4300	59.499187	0.0	2059512	20	4.3
1527498581.83	4300	59.499098	0.0	2220726	26	4.3
1527498585.23	4300	59.997962	0.0	2156729	24	4.3
1527498589.63	4300	59.749002	0.0	2039773	22	4.3
1527498593.52	4300	59.997962	0.0	2176469	20	4.3
1527498597.41	4300	59.999199	0.0	2221506	25	4.3
1527498601.31	4300	59.99904	0.0	2044075	23	4.3
1527498605.2	4300	59.999057	0.0	2186790	24	4.3
1527498609.6	4300	59.749603	0.0	2105231	24	4.3
1527498613.5	4300	59.748957	0.0	2395588	23	4.3
1527498617.89	4300	59.747956	0.0	1972048	22	4.3
1527498621.29	4300	59.998232	0.0	2134614	30	4.3
1527498625.69	4300	59.748398	0.0	2164140	22	4.3
1527498629.58	4300	59.997819	0.0	2113193	21	4.3
1527498633.47	4300	59.749343	0.0	2147852	24	4.3
1527498637.87	4300	59.748394	0.0	2191074	24	4.3
1527498641.26	4300	59.999137	0.0	2286761	20	4.3
1527498645.67	4300	59.997831	0.0	2307787	25	4.3
1527498649.56	4300	59.748698	0.0	2143948	19	4.3
1527498653.46	4300	59.999289	0.0	1919781	20	4.3
1527498657.35	4300	59.998986	0.0	2147467	26	4.3
1527498661.77	4300	59.748189	0.0	2133870	20	4.3
1527498665.69	4300	59.748916	0.0	2146120	38	4.3
1527498669.58	4300	59.748289	0.0	2108491	18	4.3
1527498673.49	4300	59.748956	0.0	2184571	24	4.3
1527498677.39	4300	59.998971	0.0	2121928	17	4.3
1527498681.79	4300	59.74769	0.0	2219102	24	4.3
