1527540451.59	750	4	0.016	450283	2	-0.06879999999999997
1527540451.99	4300	7.951639	0.0	2123065	19	0.75
1527540452.37	4300	11.563598	0.0	2177073	23	4.3
1527540452.76	4300	15.180935	0.0	2160877	24	4.3
1527540453.15	4300	18.793257	0.0	2233056	25	4.3
1527540453.52	4300	22.419663	0.0	1941625	16	4.3
1527540453.9	4300	26.036604	0.0	2157535	23	4.3
1527540454.29	4300	29.650359	0.0	2290172	24	4.3
1527540454.67	4300	33.265095	0.0	2055469	23	4.3
1527540455.07	4300	36.873529	0.0	2169201	26	4.3
1527540455.45	4300	40.484699	0.0	2173522	22	4.3
1527540455.85	4300	44.093415	0.0	2102452	24	4.3
1527540456.25	4300	47.695635	0.0	2209463	25	4.3
1527540456.64	4300	51.304378	0.0	2275376	15	4.3
1527540457.06	4300	54.920288	0.0	2005399	21	4.3
1527540457.44	4300	58.496795	0.0	2152483	22	4.3
1527540460.34	4300	59.749239	0.0	2289689	23	4.3
1527540464.23	4300	59.748778	0.0	2059512	18	4.3
1527540468.62	4300	59.499286	0.0	2220726	24	4.3
1527540472.03	4300	59.999126	0.0	2156729	24	4.3
1527540476.42	4300	59.748901	0.0	2039773	22	4.3
1527540480.32	4300	59.749433	0.0	2176469	25	4.3
1527540484.22	4300	59.749211	0.0	2221506	26	4.3
1527540488.12	4300	59.999074	0.0	2044075	23	4.3
1527540492.02	4300	59.998577	0.0	2186790	25	4.3
1527540496.42	4300	59.74788	0.0	2105231	23	4.3
1527540500.32	4300	59.998869	0.0	2395588	24	4.3
1527540504.21	4300	59.749548	0.0	1972048	22	4.3
1527540508.61	4300	59.499254	0.0	2134614	24	4.3
1527540512.03	4300	59.998739	0.0	2164140	19	4.3
1527540516.42	4300	59.749084	0.0	2113193	17	4.3
1527540520.32	4300	59.7491	0.0	2147852	24	4.3
1527540524.21	4300	59.747549	0.0	2191074	15	4.3
1527540528.6	4300	59.49931	0.0	2286761	19	4.3
1527540532.5	4300	59.749198	0.0	2307787	27	4.3
1527540536.4	4300	59.747705	0.0	2143948	25	4.3
1527540540.3	4300	59.749032	0.0	1919781	22	4.3
1527540544.19	4300	59.997868	0.0	2147467	24	4.3
1527540548.08	4300	59.999493	0.0	2133870	17	4.3
1527540552.49	4300	59.748899	0.0	2146120	23	4.3
1527540556.38	4300	59.749291	0.0	2108491	23	4.3
1527540560.29	4300	59.998284	0.0	2184571	34	4.3
1527540564.18	4300	59.99801	0.0	2121928	23	4.3
1527540568.08	4300	59.999423	0.0	2219102	25	4.3
1527540571.99	4300	59.999325	0.0	2124950	23	4.3
1527540576.38	4300	59.749409	0.0	2246506	25	4.3
1527540580.26	4300	59.748544	0.0	1961140	20	4.3
1527540584.63	4300	59.748405	0.0	2155012	23	4.3
1527540585.98	4300	59.666398	0.0	1433658	16	4.3

1527540586.74	750	4	0.017	668286	3	-0.07309999999999994
1527540587.14	4300	7.948844	0.0	2123065	20	0.75
1527540587.52	4300	11.564037	0.0	2177073	25	4.3
1527540587.91	4300	15.177489	0.0	2160877	26	4.3
1527540588.3	4300	18.786327	0.0	2233056	25	4.3
1527540588.69	4300	22.394236	0.0	1941625	21	4.3
1527540589.09	4300	26.001264	0.0	2157535	34	4.3
1527540589.47	4300	29.616414	0.0	2290172	25	4.3
1527540589.86	4300	33.228424	0.0	2055469	24	4.3
1527540590.24	4300	36.85286	0.0	2169201	17	4.3
1527540590.62	4300	40.471794	0.0	2173522	22	4.3
1527540591.0	4300	44.086375	0.0	2102452	26	4.3
1527540591.4	4300	47.689029	0.0	2209463	21	4.3
1527540591.77	4300	51.320766	0.0	2275376	13	4.3
1527540592.15	4300	54.938917	0.0	2005399	19	4.3
1527540592.55	4300	58.540061	0.0	2152483	33	4.3
1527540595.44	4300	59.998333	0.0	2289689	21	4.3
1527540599.34	4300	59.998899	0.0	2059512	24	4.3
1527540603.74	4300	59.748883	0.0	2220726	25	4.3
1527540607.63	4300	59.748888	0.0	2156729	19	4.3
1527540611.53	4300	59.748075	0.0	2039773	22	4.3
1527540615.42	4300	59.999249	0.0	2176469	25	4.3
1527540619.82	4300	59.499577	0.0	2221506	26	4.3
1527540623.21	4300	59.998952	0.0	2044075	18	4.3
1527540627.61	4300	59.498898	0.0	2186790	24	4.3
1527540631.5	4300	59.749	0.0	2105231	22	4.3
1527540635.4	4300	59.748601	0.0	2395588	25	4.3
1527540639.3	4300	59.998795	0.0	1972048	22	4.3
1527540643.19	4300	59.999109	0.0	2134614	17	4.3
1527540647.58	4300	59.749504	0.0	2164140	20	4.3
1527540651.48	4300	59.749364	0.0	2113193	22	4.3
1527540655.38	4300	59.748947	0.0	2147852	24	4.3
1527540659.28	4300	59.999146	0.0	2191074	23	4.3
1527540663.68	4300	59.748801	0.0	2286761	25	4.3
1527540667.57	4300	59.748252	0.0	2307787	24	4.3
1527540671.46	4300	59.749595	0.0	2143948	22	4.3
1527540675.37	4300	59.749079	0.0	1919781	22	4.3
1527540679.76	4300	59.748837	0.0	2147467	25	4.3
1527540683.65	4300	59.747835	0.0	2133870	22	4.3
1527540687.56	4300	59.999147	0.0	2146120	33	4.3
1527540691.46	4300	59.748586	0.0	2108491	17	4.3
1527540695.35	4300	59.74938	0.0	2184571	20	4.3
1527540699.24	4300	59.998962	0.0	2121928	24	4.3
1527540703.14	4300	59.998697	0.0	2219102	26	4.3
1527540707.55	4300	59.99851	0.0	2124950	24	4.3
1527540711.44	4300	59.748616	0.0	2246506	21	4.3
