1527491649.56	750	4	0.028	2354772	8	-0.12039999999999995
1527491649.91	4300	7.957413	0.0	2123065	26	0.75
1527491650.24	4300	11.620187	0.0	2177073	23	4.3
1527491650.56	4300	15.301779	0.0	2160877	12	4.3
1527491650.88	4300	18.983811	0.0	2233056	13	4.3
1527491651.19	4300	22.668338	0.0	1941625	11	4.3
1527491651.53	4300	26.332644	0.0	2157535	24	4.3
1527491651.87	4300	29.996699	0.0	2290172	22	4.3
1527491652.19	4300	33.673023	0.0	2055469	15	4.3
1527491652.52	4300	37.336984	0.0	2169201	23	4.3
1527491652.86	4300	40.998277	0.0	2173522	31	4.3
1527491653.2	4300	44.657802	0.0	2102452	25	4.3
1527491653.54	4300	48.32203	0.0	2209463	23	4.3
1527491653.86	4300	52.003068	0.0	2275376	12	4.3
1527491654.2	4300	55.667003	0.0	2005399	25	4.3
1527491654.56	4300	59.306847	0.0	2152483	25	4.3
1527491657.9	4300	59.999073	0.0	2289689	23	4.3
1527491662.25	4300	59.748241	0.0	2059512	23	4.3
1527491666.6	4300	59.748089	0.0	2220726	25	4.3
1527491669.96	4300	59.997736	0.0	2156729	25	4.3
1527491674.31	4300	59.749087	0.0	2039773	24	4.3
1527491678.16	4300	59.74843	0.0	2176469	26	4.3
1527491682.51	4300	59.49883	0.0	2221506	24	4.3
1527491686.36	4300	59.999258	0.0	2044075	24	4.3
1527491690.21	4300	59.749266	0.0	2186790	21	4.3
1527491694.56	4300	59.747991	0.0	2105231	23	4.3
1527491697.91	4300	59.997769	0.0	2395588	28	4.3
1527491702.26	4300	59.997978	0.0	1972048	18	4.3
1527491706.1	4300	59.999143	0.0	2134614	22	4.3
1527491709.95	4300	59.997744	0.0	2164140	21	4.3
1527491714.31	4300	59.748569	0.0	2113193	24	4.3
1527491718.14	4300	59.748144	0.0	2147852	15	4.3
1527491722.5	4300	59.74791	0.0	2191074	26	4.3
1527491726.34	4300	59.998662	0.0	2286761	27	4.3
1527491730.19	4300	59.99767	0.0	2307787	26	4.3
1527491734.05	4300	59.999368	0.0	2143948	25	4.3
1527491737.89	4300	59.997671	0.0	1919781	21	4.3
1527491742.24	4300	59.998111	0.0	2147467	25	4.3
1527491746.1	4300	59.999447	0.0	2133870	37	4.3
1527491750.46	4300	59.498159	0.0	2146120	26	4.3
1527491754.31	4300	59.748744	0.0	2108491	26	4.3
1527491758.15	4300	59.748817	0.0	2184571	20	4.3
1527491761.99	4300	59.998644	0.0	2121928	22	4.3
1527491766.33	4300	59.749271	0.0	2219102	17	4.3
1527491770.18	4300	59.747948	0.0	2124950	22	4.3
1527491774.03	4300	59.997383	0.0	2246506	22	4.3
1527491778.38	4300	59.748974	0.0	1961140	21	4.3
1527491782.23	4300	59.748563	0.0	2155012	25	4.3
1527491784.07	4300	59.677919	0.0	1433658	17	4.3

1527491784.82	750	4	0.015	450283	2	-0.0645
1527491785.17	4300	7.948829	0.0	2123065	14	0.75
1527491785.52	4300	11.601447	0.0	2177073	19	4.3
1527491785.85	4300	15.266907	0.0	2160877	20	4.3
1527491786.2	4300	18.921124	0.0	2233056	25	4.3
1527491786.52	4300	22.599554	0.0	1941625	13	4.3
1527491786.85	4300	26.263876	0.0	2157535	19	4.3
1527491787.19	4300	29.925292	0.0	2290172	26	4.3
1527491787.51	4300	33.603788	0.0	2055469	14	4.3
1527491787.85	4300	37.265805	0.0	2169201	25	4.3
1527491788.19	4300	40.930847	0.0	2173522	22	4.3
1527491788.52	4300	44.593227	0.0	2102452	20	4.3
1527491788.87	4300	48.250381	0.0	2209463	27	4.3
1527491789.2	4300	51.91781	0.0	2275376	23	4.3
1527491789.53	4300	55.583979	0.0	2005399	21	4.3
1527491789.87	4300	59.250508	0.0	2152483	23	4.3
1527491793.72	4300	59.499068	0.0	2289689	20	4.3
1527491797.57	4300	59.997779	0.0	2059512	22	4.3
1527491801.41	4300	59.748648	0.0	2220726	24	4.3
1527491805.26	4300	59.999258	0.0	2156729	21	4.3
1527491809.61	4300	59.748965	0.0	2039773	21	4.3
1527491813.47	4300	59.748891	0.0	2176469	24	4.3
1527491817.81	4300	59.749132	0.0	2221506	23	4.3
1527491821.16	4300	59.997871	0.0	2044075	23	4.3
1527491825.5	4300	59.748862	0.0	2186790	18	4.3
1527491829.84	4300	59.498284	0.0	2105231	21	4.3
1527491833.19	4300	59.999161	0.0	2395588	27	4.3
1527491837.55	4300	59.74879	0.0	1972048	23	4.3
1527491841.4	4300	59.747984	0.0	2134614	24	4.3
1527491845.74	4300	59.498012	0.0	2164140	23	4.3
1527491849.59	4300	59.747835	0.0	2113193	25	4.3
1527491853.44	4300	59.997557	0.0	2147852	23	4.3
1527491857.3	4300	59.999394	0.0	2191074	26	4.3
1527491861.14	4300	59.998933	0.0	2286761	25	4.3
1527491865.49	4300	59.748842	0.0	2307787	25	4.3
1527491869.84	4300	59.499495	0.0	2143948	21	4.3
1527491873.68	4300	59.499196	0.0	1919781	21	4.3
1527491877.53	4300	59.74923	0.0	2147467	20	4.3
1527491881.37	4300	59.749065	0.0	2133870	18	4.3
1527491885.23	4300	59.999226	0.0	2146120	25	4.3
1527491889.57	4300	59.748367	0.0	2108491	25	4.3
1527491893.42	4300	59.748167	0.0	2184571	25	4.3
1527491897.78	4300	59.497643	0.0	2121928	20	4.3
1527491901.62	4300	59.748452	0.0	2219102	21	4.3
1527491905.47	4300	59.99746	0.0	2124950	23	4.3
1527491909.32	4300	59.998755	0.0	2246506	29	4.3
1527491913.17	4300	59.998271	0.0	1961140	19	4.3
1527491917.51	4300	59.749167	0.0	2155012	21	4.3
1527491919.36	4300	59.928978	0.0	1433658	21	4.3

