1527513824.13	750	4	0.023	2354772	7	-0.09889999999999999
1527513824.5	4300	7.96233	0.0	2123065	24	0.75
1527513824.83	4300	11.626183	0.0	2177073	22	4.3
1527513825.18	4300	15.279624	0.0	2160877	26	4.3
1527513825.52	4300	18.941603	0.0	2233056	24	4.3
1527513825.83	4300	22.623385	0.0	1941625	13	4.3
1527513826.17	4300	26.284464	0.0	2157535	24	4.3
1527513826.51	4300	29.949997	0.0	2290172	22	4.3
1527513826.82	4300	33.633908	0.0	2055469	12	4.3
1527513827.16	4300	37.29505	0.0	2169201	23	4.3
1527513827.5	4300	40.954777	0.0	2173522	22	4.3
1527513827.84	4300	44.615179	0.0	2102452	26	4.3
1527513828.18	4300	48.274921	0.0	2209463	25	4.3
1527513828.52	4300	51.939576	0.0	2275376	22	4.3
1527513828.85	4300	55.610329	0.0	2005399	18	4.3
1527513829.18	4300	59.27678	0.0	2152483	21	4.3
1527513833.04	4300	59.747999	0.0	2289689	25	4.3
1527513836.89	4300	59.998714	0.0	2059512	23	4.3
1527513840.73	4300	59.748713	0.0	2220726	22	4.3
1527513845.08	4300	59.498169	0.0	2156729	25	4.3
1527513848.94	4300	59.995932	0.0	2039773	24	4.3
1527513852.78	4300	59.748039	0.0	2176469	26	4.3
1527513857.13	4300	59.498572	0.0	2221506	23	4.3
1527513860.98	4300	59.497672	0.0	2044075	22	4.3
1527513864.82	4300	59.748386	0.0	2186790	21	4.3
1527513869.16	4300	59.497833	0.0	2105231	20	4.3
1527513873.01	4300	59.498878	0.0	2395588	25	4.3
1527513876.86	4300	59.997829	0.0	1972048	28	4.3
1527513880.72	4300	59.99853	0.0	2134614	23	4.3
1527513884.57	4300	59.998481	0.0	2164140	21	4.3
1527513888.92	4300	59.997932	0.0	2113193	25	4.3
1527513892.77	4300	59.99763	0.0	2147852	24	4.3
1527513896.62	4300	59.999321	0.0	2191074	24	4.3
1527513900.96	4300	59.498802	0.0	2286761	23	4.3
1527513904.81	4300	59.748504	0.0	2307787	23	4.3
1527513908.65	4300	59.998011	0.0	2143948	21	4.3
1527513912.49	4300	59.999211	0.0	1919781	17	4.3
1527513916.85	4300	59.99788	0.0	2147467	25	4.3
1527513920.72	4300	59.748995	0.0	2133870	40	4.3
1527513925.06	4300	59.497793	0.0	2146120	17	4.3
1527513928.91	4300	59.997821	0.0	2108491	22	4.3
1527513932.76	4300	59.749164	0.0	2184571	25	4.3
1527513936.61	4300	59.998133	0.0	2121928	23	4.3
1527513940.96	4300	59.997422	0.0	2219102	22	4.3
1527513944.81	4300	59.99834	0.0	2124950	22	4.3
1527513949.16	4300	59.747274	0.0	2246506	25	4.3
1527513953.01	4300	59.748842	0.0	1961140	22	4.3
1527513956.86	4300	59.748823	0.0	2155012	24	4.3
1527513958.7	4300	59.677184	0.0	1433658	15	4.3

1527513959.48	750	4	0.017	668286	3	-0.07309999999999994
1527513959.83	4300	7.950046	0.0	2123065	19	0.75
1527513960.17	4300	11.613177	0.0	2177073	16	4.3
1527513960.52	4300	15.269431	0.0	2160877	26	4.3
1527513960.85	4300	18.933379	0.0	2233056	21	4.3
1527513961.19	4300	22.596796	0.0	1941625	11	4.3
1527513961.53	4300	26.252254	0.0	2157535	24	4.3
1527513961.87	4300	29.913211	0.0	2290172	22	4.3
1527513962.2	4300	33.582672	0.0	2055469	18	4.3
1527513962.54	4300	37.246968	0.0	2169201	21	4.3
1527513962.87	4300	40.915229	0.0	2173522	19	4.3
1527513963.19	4300	44.590073	0.0	2102452	15	4.3
1527513963.54	4300	48.241713	0.0	2209463	23	4.3
1527513963.87	4300	51.915684	0.0	2275376	15	4.3
1527513964.19	4300	55.589811	0.0	2005399	14	4.3
1527513964.54	4300	59.248289	0.0	2152483	25	4.3
1527513967.88	4300	59.997761	0.0	2289689	24	4.3
1527513972.24	4300	59.748145	0.0	2059512	22	4.3
1527513976.09	4300	59.748587	0.0	2220726	36	4.3
1527513979.94	4300	59.998979	0.0	2156729	19	4.3
1527513983.79	4300	59.997457	0.0	2039773	23	4.3
1527513988.14	4300	59.749044	0.0	2176469	23	4.3
1527513992.5	4300	59.499457	0.0	2221506	25	4.3
1527513995.84	4300	59.997936	0.0	2044075	22	4.3
1527514000.2	4300	59.74916	0.0	2186790	23	4.3
1527514004.05	4300	59.998326	0.0	2105231	25	4.3
1527514008.4	4300	59.748379	0.0	2395588	23	4.3
1527514012.25	4300	59.748702	0.0	1972048	21	4.3
1527514016.11	4300	59.99788	0.0	2134614	20	4.3
1527514020.45	4300	59.749193	0.0	2164140	21	4.3
1527514023.8	4300	59.998238	0.0	2113193	24	4.3
1527514028.15	4300	59.998317	0.0	2147852	23	4.3
1527514032.01	4300	59.999139	0.0	2191074	25	4.3
1527514035.85	4300	59.998519	0.0	2286761	23	4.3
1527514040.2	4300	59.748693	0.0	2307787	20	4.3
1527514044.05	4300	59.997775	0.0	2143948	21	4.3
1527514047.9	4300	59.998785	0.0	1919781	21	4.3
1527514052.25	4300	59.998941	0.0	2147467	24	4.3
1527514056.11	4300	59.748477	0.0	2133870	23	4.3
1527514060.47	4300	59.74825	0.0	2146120	31	4.3
1527514063.82	4300	59.999088	0.0	2108491	24	4.3
1527514068.17	4300	59.749219	0.0	2184571	26	4.3
1527514072.03	4300	59.999298	0.0	2121928	24	4.3
1527514075.87	4300	59.999314	0.0	2219102	22	4.3
1527514080.22	4300	59.747823	0.0	2124950	21	4.3
1527514084.05	4300	59.748369	0.0	2246506	13	4.3
1527514088.4	4300	59.748538	0.0	1961140	21	4.3
1527514092.25	4300	59.748802	0.0	2155012	23	4.3
1527514093.58	4300	59.928481	0.0	1433658	16	4.3

1527514094.35	750	4	0.013	668286	3	-0.05589999999999995
1527514094.7	4300	7.955854	0.0	2123065	12	0.75
1527514095.05	4300	11.604633	0.0	2177073	37	4.3
1527514095.37	4300	15.280661	0.0	2160877	12	4.3
1527514095.7	4300	18.948546	0.0	2233056	22	4.3
1527514096.04	4300	22.618004	0.0	1941625	19	4.3
1527514096.37	4300	26.28369	0.0	2157535	20	4.3
1527514096.71	4300	29.939765	0.0	2290172	26	4.3
1527514097.05	4300	33.605944	0.0	2055469	22	4.3
1527514097.38	4300	37.270376	0.0	2169201	22	4.3
1527514097.72	4300	40.935698	0.0	2173522	18	4.3
1527514098.06	4300	44.588831	0.0	2102452	23	4.3
1527514098.4	4300	48.252948	0.0	2209463	24	4.3
1527514098.73	4300	51.923485	0.0	2275376	21	4.3
1527514099.06	4300	55.590565	0.0	2005399	19	4.3
1527514099.4	4300	59.257025	0.0	2152483	21	4.3
1527514102.74	4300	59.998824	0.0	2289689	19	4.3
1527514107.08	4300	59.747818	0.0	2059512	23	4.3
1527514110.94	4300	59.998115	0.0	2220726	25	4.3
1527514115.28	4300	59.748366	0.0	2156729	23	4.3
1527514119.12	4300	59.998842	0.0	2039773	22	4.3
1527514122.98	4300	59.749224	0.0	2176469	23	4.3
1527514127.32	4300	59.749479	0.0	2221506	22	4.3
1527514130.66	4300	59.998319	0.0	2044075	20	4.3
1527514135.02	4300	59.998699	0.0	2186790	26	4.3
1527514139.37	4300	59.748646	0.0	2105231	24	4.3
