1527387267.99	750	4	0.028	2354772	9	-0.12039999999999995
1527387268.32	4300	7.965808	0.0	2123065	20	0.75
1527387268.65	4300	11.63306	0.0	2177073	18	4.3
1527387268.99	4300	15.298943	0.0	2160877	21	4.3
1527387269.33	4300	18.952707	0.0	2233056	29	4.3
1527387269.67	4300	22.617076	0.0	1941625	23	4.3
1527387270.0	4300	26.283712	0.0	2157535	19	4.3
1527387270.35	4300	29.936016	0.0	2290172	29	4.3
1527387270.69	4300	33.598529	0.0	2055469	24	4.3
1527387271.02	4300	37.26337	0.0	2169201	21	4.3
1527387271.36	4300	40.92388	0.0	2173522	19	4.3
1527387271.71	4300	44.577959	0.0	2102452	35	4.3
1527387272.04	4300	48.242975	0.0	2209463	23	4.3
1527387272.39	4300	51.896811	0.0	2275376	26	4.3
1527387272.73	4300	55.553847	0.0	2005399	23	4.3
1527387273.11	4300	59.172294	0.0	2152483	26	4.3
1527387276.96	4300	59.499847	0.0	2289689	26	4.3
1527387280.32	4300	59.997695	0.0	2059512	19	4.3
1527387284.67	4300	59.998704	0.0	2220726	29	4.3
1527387289.02	4300	59.74909	0.0	2156729	19	4.3
1527387292.36	4300	59.998501	0.0	2039773	18	4.3
1527387296.71	4300	59.749375	0.0	2176469	26	4.3
1527387300.57	4300	59.748623	0.0	2221506	27	4.3
1527387304.42	4300	59.998542	0.0	2044075	20	4.3
1527387308.77	4300	59.998065	0.0	2186790	25	4.3
1527387312.62	4300	59.747961	0.0	2105231	24	4.3
1527387316.97	4300	59.748181	0.0	2395588	26	4.3
1527387320.82	4300	59.49879	0.0	1972048	22	4.3
1527387324.67	4300	59.74961	0.0	2134614	31	4.3
1527387328.52	4300	59.998793	0.0	2164140	24	4.3
1527387332.88	4300	59.74849	0.0	2113193	24	4.3
1527387336.72	4300	59.748651	0.0	2147852	21	4.3
1527387340.57	4300	59.749554	0.0	2191074	22	4.3
1527387344.42	4300	59.99848	0.0	2286761	26	4.3
1527387348.77	4300	59.998513	0.0	2307787	26	4.3
1527387352.62	4300	59.74889	0.0	2143948	24	4.3
1527387356.96	4300	59.749024	0.0	1919781	19	4.3
1527387360.81	4300	59.747839	0.0	2147467	25	4.3
1527387364.65	4300	59.74878	0.0	2133870	18	4.3
1527387369.01	4300	59.499072	0.0	2146120	16	4.3
1527387372.86	4300	59.498669	0.0	2108491	25	4.3
1527387376.7	4300	59.749227	0.0	2184571	24	4.3
1527387380.55	4300	59.998045	0.0	2121928	23	4.3
1527387384.9	4300	59.498141	0.0	2219102	20	4.3
1527387388.75	4300	59.997895	0.0	2124950	21	4.3
1527387392.6	4300	59.747802	0.0	2246506	26	4.3
1527387396.95	4300	59.498976	0.0	1961140	21	4.3
1527387400.31	4300	59.998847	0.0	2155012	24	4.3
1527387402.14	4300	59.928946	0.0	1433658	19	4.3

1527387402.88	750	4	0.018	450283	2	-0.07740000000000002
1527387403.23	4300	7.947964	0.0	2123065	22	0.75
1527387403.56	4300	11.614282	0.0	2177073	17	4.3
1527387403.9	4300	15.28056	0.0	2160877	21	4.3
1527387404.24	4300	18.937712	0.0	2233056	26	4.3
1527387404.57	4300	22.604357	0.0	1941625	22	4.3
1527387404.92	4300	26.254446	0.0	2157535	36	4.3
1527387405.28	4300	29.902135	0.0	2290172	22	4.3
1527387405.62	4300	33.560726	0.0	2055469	24	4.3
1527387405.95	4300	37.22305	0.0	2169201	24	4.3
1527387406.29	4300	40.887702	0.0	2173522	24	4.3
1527387406.62	4300	44.555191	0.0	2102452	19	4.3
1527387406.96	4300	48.223704	0.0	2209463	21	4.3
1527387407.29	4300	51.88949	0.0	2275376	22	4.3
1527387407.62	4300	55.560694	0.0	2005399	19	4.3
1527387407.97	4300	59.203757	0.0	2152483	42	4.3
1527387411.82	4300	59.499562	0.0	2289689	19	4.3
1527387415.67	4300	59.749394	0.0	2059512	24	4.3
1527387419.52	4300	59.748886	0.0	2220726	27	4.3
1527387423.36	4300	59.998558	0.0	2156729	21	4.3
1527387427.22	4300	59.998679	0.0	2039773	23	4.3
1527387431.57	4300	59.749209	0.0	2176469	24	4.3
1527387435.92	4300	59.748865	0.0	2221506	26	4.3
1527387439.77	4300	59.498643	0.0	2044075	22	4.3
1527387443.61	4300	59.748557	0.0	2186790	23	4.3
1527387447.45	4300	59.998185	0.0	2105231	23	4.3
1527387451.3	4300	59.998104	0.0	2395588	24	4.3
1527387455.65	4300	59.749651	0.0	1972048	23	4.3
1527387459.51	4300	59.748892	0.0	2134614	42	4.3
1527387463.36	4300	59.999105	0.0	2164140	19	4.3
1527387467.21	4300	59.998964	0.0	2113193	23	4.3
1527387471.56	4300	59.749037	0.0	2147852	24	4.3
1527387475.91	4300	59.499005	0.0	2191074	25	4.3
1527387479.76	4300	59.748849	0.0	2286761	24	4.3
1527387483.61	4300	59.748185	0.0	2307787	24	4.3
1527387487.46	4300	59.749355	0.0	2143948	24	4.3
1527387491.81	4300	59.498228	0.0	1919781	22	4.3
1527387495.66	4300	59.74816	0.0	2147467	26	4.3
1527387499.5	4300	59.749645	0.0	2133870	22	4.3
1527387503.86	4300	59.748888	0.0	2146120	21	4.3
1527387507.71	4300	59.497868	0.0	2108491	25	4.3
1527387511.56	4300	59.748787	0.0	2184571	33	4.3
1527387515.92	4300	59.499269	0.0	2121928	20	4.3
1527387519.27	4300	59.998645	0.0	2219102	23	4.3
1527387523.62	4300	59.997621	0.0	2124950	21	4.3
1527387527.46	4300	59.748675	0.0	2246506	24	4.3
1527387531.3	4300	59.998905	0.0	1961140	21	4.3
1527387535.65	4300	59.998938	0.0	2155012	21	4.3
1527387537.48	4300	59.429536	0.0	1433658	18	4.3

1527387538.09	750	4	0.024	2354772	7	-0.10319999999999996
1527387538.42	4300	7.962515	0.0	2123065	20	0.75
1527387538.77	4300	11.617494	0.0	2177073	26	4.3
1527387539.1	4300	15.282902	0.0	2160877	25	4.3
1527387539.45	4300	18.936537	0.0	2233056	36	4.3
1527387539.76	4300	22.627695	0.0	1941625	9	4.3
1527387540.09	4300	26.292095	0.0	2157535	23	4.3
1527387540.42	4300	29.958722	0.0	2290172	22	4.3
1527387540.76	4300	33.628752	0.0	2055469	19	4.3
1527387541.09	4300	37.29697	0.0	2169201	19	4.3
1527387541.43	4300	40.955317	0.0	2173522	25	4.3
1527387541.77	4300	44.616261	0.0	2102452	25	4.3
1527387542.1	4300	48.280987	0.0	2209463	23	4.3
1527387542.44	4300	51.943286	0.0	2275376	20	4.3
1527387542.78	4300	55.606665	0.0	2005399	23	4.3
1527387543.12	4300	59.267241	0.0	2152483	26	4.3
1527387546.46	4300	59.998015	0.0	2289689	24	4.3
1527387550.82	4300	59.997962	0.0	2059512	24	4.3
1527387554.68	4300	59.748636	0.0	2220726	39	4.3
1527387559.02	4300	59.498792	0.0	2156729	19	4.3
1527387562.87	4300	59.748909	0.0	2039773	20	4.3
1527387566.72	4300	59.997945	0.0	2176469	26	4.3
1527387571.07	4300	59.748305	0.0	2221506	25	4.3
