1527418632.58	750	4	0.013	450283	1	-0.05589999999999995
1527418633.0	4300	7.944153	0.0	2123065	23	0.75
1527418633.38	4300	11.553795	0.0	2177073	22	4.3
1527418633.77	4300	15.16661	0.0	2160877	23	4.3
1527418634.16	4300	18.773987	0.0	2233056	30	4.3
1527418634.55	4300	22.388554	0.0	1941625	23	4.3
1527418634.94	4300	25.997302	0.0	2157535	23	4.3
1527418635.32	4300	29.619413	0.0	2290172	16	4.3
1527418635.7	4300	33.239663	0.0	2055469	21	4.3
1527418636.09	4300	36.851666	0.0	2169201	26	4.3
1527418636.47	4300	40.465598	0.0	2173522	27	4.3
1527418636.84	4300	44.097452	0.0	2102452	13	4.3
1527418637.24	4300	47.696183	0.0	2209463	32	4.3
1527418637.62	4300	51.317075	0.0	2275376	20	4.3
1527418638.0	4300	54.935034	0.0	2005399	22	4.3
1527418638.39	4300	58.54764	0.0	2152483	25	4.3
1527418641.29	4300	59.749826	0.0	2289689	26	4.3
1527418645.69	4300	59.749042	0.0	2059512	23	4.3
1527418649.09	4300	59.998322	0.0	2220726	35	4.3
1527418653.46	4300	59.749368	0.0	2156729	6	4.3
1527418657.36	4300	59.749363	0.0	2039773	24	4.3
1527418661.26	4300	59.748991	0.0	2176469	24	4.3
1527418665.66	4300	59.498636	0.0	2221506	26	4.3
1527418669.56	4300	59.497889	0.0	2044075	24	4.3
1527418673.44	4300	59.498845	0.0	2186790	20	4.3
1527418677.34	4300	59.749337	0.0	2105231	24	4.3
1527418681.24	4300	59.748708	0.0	2395588	26	4.3
1527418685.13	4300	59.999235	0.0	1972048	22	4.3
1527418689.04	4300	59.998004	0.0	2134614	24	4.3
1527418692.94	4300	59.999452	0.0	2164140	24	4.3
1527418697.34	4300	59.749628	0.0	2113193	22	4.3
1527418701.23	4300	59.748752	0.0	2147852	20	4.3
1527418705.62	4300	59.749302	0.0	2191074	23	4.3
1527418709.52	4300	59.498261	0.0	2286761	24	4.3
1527418713.43	4300	59.747805	0.0	2307787	26	4.3
1527418717.32	4300	59.748765	0.0	2143948	24	4.3
1527418721.22	4300	59.748278	0.0	1919781	22	4.3
1527418725.12	4300	59.998887	0.0	2147467	23	4.3
1527418729.01	4300	59.998628	0.0	2133870	16	4.3
1527418733.42	4300	59.748782	0.0	2146120	13	4.3
1527418737.31	4300	59.74857	0.0	2108491	24	4.3
1527418741.21	4300	59.999095	0.0	2184571	33	4.3
1527418745.61	4300	59.498135	0.0	2121928	24	4.3
1527418749.51	4300	59.498747	0.0	2219102	24	4.3
1527418753.41	4300	59.99887	0.0	2124950	23	4.3
1527418757.29	4300	59.998132	0.0	2246506	22	4.3
1527418761.17	4300	59.99914	0.0	1961140	17	4.3
1527418765.54	4300	59.748308	0.0	2155012	20	4.3
1527418767.39	4300	59.669052	0.0	1433658	17	4.3

1527418768.12	750	4	0.018	668286	3	-0.07740000000000002
1527418768.53	4300	7.941419	0.0	2123065	20	0.75
1527418768.9	4300	11.56238	0.0	2177073	16	4.3
1527418769.27	4300	15.193063	0.0	2160877	16	4.3
1527418769.66	4300	18.809465	0.0	2233056	19	4.3
1527418770.03	4300	22.435659	0.0	1941625	13	4.3
1527418770.44	4300	26.029116	0.0	2157535	10	4.3
1527418770.82	4300	29.642239	0.0	2290172	23	4.3
1527418771.21	4300	33.261589	0.0	2055469	22	4.3
1527418771.59	4300	36.874735	0.0	2169201	24	4.3
1527418771.98	4300	40.485448	0.0	2173522	23	4.3
1527418772.36	4300	44.109026	0.0	2102452	19	4.3
1527418772.74	4300	47.724056	0.0	2209463	21	4.3
1527418773.15	4300	51.341487	0.0	2275376	25	4.3
1527418773.53	4300	54.934124	0.0	2005399	17	4.3
1527418773.92	4300	58.552485	0.0	2152483	12	4.3
1527418776.81	4300	59.999157	0.0	2289689	25	4.3
1527418781.21	4300	59.497817	0.0	2059512	22	4.3
1527418784.6	4300	59.998322	0.0	2220726	24	4.3
1527418789.01	4300	59.749132	0.0	2156729	26	4.3
1527418792.9	4300	59.749204	0.0	2039773	18	4.3
1527418796.8	4300	59.74867	0.0	2176469	25	4.3
1527418800.69	4300	59.997892	0.0	2221506	23	4.3
1527418804.59	4300	59.998953	0.0	2044075	23	4.3
1527418808.99	4300	59.748069	0.0	2186790	25	4.3
1527418812.88	4300	59.998372	0.0	2105231	23	4.3
1527418816.78	4300	59.998131	0.0	2395588	24	4.3
1527418820.68	4300	59.99885	0.0	1972048	22	4.3
1527418824.58	4300	59.997643	0.0	2134614	24	4.3
1527418828.48	4300	59.9981	0.0	2164140	25	4.3
1527418832.88	4300	59.74936	0.0	2113193	24	4.3
1527418836.77	4300	59.749364	0.0	2147852	18	4.3
1527418841.17	4300	59.497824	0.0	2191074	22	4.3
1527418845.07	4300	59.498224	0.0	2286761	25	4.3
1527418848.96	4300	59.749055	0.0	2307787	25	4.3
1527418852.87	4300	59.99868	0.0	2143948	22	4.3
1527418856.76	4300	59.998649	0.0	1919781	21	4.3
1527418860.65	4300	59.998499	0.0	2147467	18	4.3
1527418865.04	4300	59.747999	0.0	2133870	23	4.3
1527418868.97	4300	59.748389	0.0	2146120	31	4.3
1527418872.87	4300	59.998479	0.0	2108491	24	4.3
1527418876.77	4300	59.747484	0.0	2184571	25	4.3
1527418880.66	4300	59.999021	0.0	2121928	20	4.3
1527418885.05	4300	59.498377	0.0	2219102	23	4.3
1527418888.96	4300	59.99837	0.0	2124950	24	4.3
1527418892.85	4300	59.997728	0.0	2246506	28	4.3
1527418896.73	4300	59.748103	0.0	1961140	22	4.3
1527418900.6	4300	59.999031	0.0	2155012	25	4.3
1527418902.95	4300	59.659859	0.0	1433658	17	4.3

1527418903.75	750	4	0.028	668286	2	-0.12039999999999995
1527418904.15	4300	7.948804	0.0	2123065	22	0.75
1527418904.55	4300	11.552986	0.0	2177073	35	4.3
1527418904.93	4300	15.168597	0.0	2160877	21	4.3
1527418905.31	4300	18.784632	0.0	2233056	25	4.3
1527418905.7	4300	22.399356	0.0	1941625	22	4.3
1527418906.07	4300	26.022619	0.0	2157535	16	4.3
1527418906.46	4300	29.6401	0.0	2290172	21	4.3
1527418906.85	4300	33.243959	0.0	2055469	19	4.3
1527418907.24	4300	36.857349	0.0	2169201	23	4.3
1527418907.62	4300	40.471219	0.0	2173522	24	4.3
1527418908.02	4300	44.076345	0.0	2102452	21	4.3
1527418908.4	4300	47.693049	0.0	2209463	24	4.3
1527418908.8	4300	51.297914	0.0	2275376	32	4.3
1527418909.18	4300	54.914481	0.0	2005399	21	4.3
1527418909.58	4300	58.525811	0.0	2152483	22	4.3
1527418912.47	4300	59.749485	0.0	2289689	24	4.3
1527418916.37	4300	59.747776	0.0	2059512	24	4.3
1527418920.77	4300	59.748341	0.0	2220726	25	4.3
1527418924.66	4300	59.499369	0.0	2156729	21	4.3
1527418928.56	4300	59.997511	0.0	2039773	22	4.3
1527418932.46	4300	59.749476	0.0	2176469	25	4.3
1527418936.36	4300	59.749585	0.0	2221506	25	4.3
1527418940.76	4300	59.747592	0.0	2044075	23	4.3
1527418944.16	4300	59.997872	0.0	2186790	26	4.3
1527418948.56	4300	59.998734	0.0	2105231	24	4.3
1527418952.47	4300	59.997973	0.0	2395588	27	4.3
1527418956.37	4300	59.748941	0.0	1972048	24	4.3
1527418960.27	4300	59.998676	0.0	2134614	25	4.3
1527418964.17	4300	59.998536	0.0	2164140	26	4.3
1527418968.57	4300	59.74753	0.0	2113193	25	4.3
