1527459215.81	750	4	0.026	2354772	9	-0.11180000000000001
1527459216.21	4300	7.956477	0.0	2123065	23	0.75
1527459216.6	4300	11.561573	0.0	2177073	21	4.3
1527459216.99	4300	15.170507	0.0	2160877	26	4.3
1527459217.38	4300	18.779203	0.0	2233056	25	4.3
1527459217.77	4300	22.393592	0.0	1941625	22	4.3
1527459218.16	4300	26.002178	0.0	2157535	23	4.3
1527459218.55	4300	29.612119	0.0	2290172	24	4.3
1527459218.94	4300	33.22362	0.0	2055469	21	4.3
1527459219.33	4300	36.833607	0.0	2169201	26	4.3
1527459219.73	4300	40.436326	0.0	2173522	24	4.3
1527459220.12	4300	44.038806	0.0	2102452	27	4.3
1527459220.5	4300	47.663342	0.0	2209463	17	4.3
1527459220.89	4300	51.273729	0.0	2275376	25	4.3
1527459221.28	4300	54.887354	0.0	2005399	23	4.3
1527459221.67	4300	58.495483	0.0	2152483	24	4.3
1527459224.57	4300	59.998589	0.0	2289689	26	4.3
1527459228.45	4300	59.748562	0.0	2059512	19	4.3
1527459232.85	4300	59.498489	0.0	2220726	24	4.3
1527459236.29	4300	59.999235	0.0	2156729	25	4.3
1527459240.2	4300	59.99855	0.0	2039773	22	4.3
1527459244.59	4300	59.748097	0.0	2176469	18	4.3
1527459248.49	4300	59.998152	0.0	2221506	25	4.3
1527459252.39	4300	59.99852	0.0	2044075	21	4.3
1527459256.79	4300	59.74783	0.0	2186790	25	4.3
1527459260.22	4300	59.997578	0.0	2105231	15	4.3
1527459264.61	4300	59.748844	0.0	2395588	20	4.3
1527459268.5	4300	59.748371	0.0	1972048	22	4.3
1527459272.42	4300	59.998709	0.0	2134614	38	4.3
1527459276.81	4300	59.498948	0.0	2164140	21	4.3
1527459280.21	4300	59.999446	0.0	2113193	25	4.3
1527459284.6	4300	59.748029	0.0	2147852	23	4.3
1527459288.49	4300	59.998358	0.0	2191074	18	4.3
1527459292.39	4300	59.999035	0.0	2286761	23	4.3
1527459296.28	4300	59.997385	0.0	2307787	25	4.3
1527459300.68	4300	59.498713	0.0	2143948	23	4.3
1527459304.59	4300	59.99899	0.0	1919781	20	4.3
1527459308.49	4300	59.748569	0.0	2147467	25	4.3
1527459312.39	4300	59.998511	0.0	2133870	24	4.3
1527459316.79	4300	59.497799	0.0	2146120	25	4.3
1527459320.67	4300	59.748264	0.0	2108491	14	4.3
1527459324.58	4300	59.749346	0.0	2184571	30	4.3
1527459328.48	4300	59.749368	0.0	2121928	23	4.3
1527459332.37	4300	59.997561	0.0	2219102	25	4.3
1527459336.27	4300	59.998579	0.0	2124950	22	4.3
1527459340.17	4300	59.998337	0.0	2246506	30	4.3
1527459344.55	4300	59.748706	0.0	1961140	19	4.3
1527459348.42	4300	59.748042	0.0	2155012	23	4.3
1527459350.28	4300	59.681666	0.0	1433658	16	4.3

1527459351.02	750	4	0.018	668286	3	-0.07740000000000002
1527459351.41	4300	7.952949	0.0	2123065	16	0.75
1527459351.8	4300	11.569199	0.0	2177073	21	4.3
1527459352.18	4300	15.187446	0.0	2160877	21	4.3
1527459352.56	4300	18.802236	0.0	2233056	23	4.3
1527459352.96	4300	22.406469	0.0	1941625	22	4.3
1527459353.35	4300	26.016926	0.0	2157535	13	4.3
1527459353.74	4300	29.628864	0.0	2290172	25	4.3
1527459354.11	4300	33.25778	0.0	2055469	13	4.3
1527459354.49	4300	36.874018	0.0	2169201	20	4.3
1527459354.88	4300	40.487736	0.0	2173522	24	4.3
1527459355.26	4300	44.103174	0.0	2102452	23	4.3
1527459355.65	4300	47.712443	0.0	2209463	25	4.3
1527459356.04	4300	51.324262	0.0	2275376	25	4.3
1527459356.44	4300	54.926657	0.0	2005399	24	4.3
1527459356.83	4300	58.531089	0.0	2152483	10	4.3
1527459359.72	4300	59.747873	0.0	2289689	24	4.3
1527459363.61	4300	59.999033	0.0	2059512	19	4.3
1527459368.01	4300	59.747829	0.0	2220726	24	4.3
1527459371.91	4300	59.498317	0.0	2156729	23	4.3
1527459375.81	4300	59.748446	0.0	2039773	22	4.3
1527459379.71	4300	59.998883	0.0	2176469	23	4.3
1527459383.61	4300	59.998713	0.0	2221506	24	4.3
1527459388.01	4300	59.749432	0.0	2044075	22	4.3
1527459391.42	4300	59.998877	0.0	2186790	25	4.3
1527459395.82	4300	59.748315	0.0	2105231	23	4.3
1527459399.72	4300	59.998311	0.0	2395588	27	4.3
1527459403.62	4300	59.748984	0.0	1972048	23	4.3
1527459407.52	4300	59.999306	0.0	2134614	24	4.3
1527459411.42	4300	59.999496	0.0	2164140	24	4.3
1527459415.82	4300	59.999139	0.0	2113193	25	4.3
1527459419.77	4300	59.747781	0.0	2147852	26	4.3
1527459423.66	4300	59.748163	0.0	2191074	24	4.3
1527459427.57	4300	59.99902	0.0	2286761	25	4.3
1527459431.97	4300	59.748749	0.0	2307787	24	4.3
1527459435.37	4300	59.999044	0.0	2143948	24	4.3
1527459439.77	4300	59.746981	0.0	1919781	17	4.3
1527459443.67	4300	59.747815	0.0	2147467	25	4.3
1527459447.57	4300	59.998477	0.0	2133870	26	4.3
1527459451.47	4300	59.999449	0.0	2146120	23	4.3
1527459455.87	4300	59.498873	0.0	2108491	23	4.3
1527459459.76	4300	59.998475	0.0	2184571	28	4.3
1527459463.67	4300	59.998013	0.0	2121928	20	4.3
1527459468.07	4300	59.499031	0.0	2219102	23	4.3
1527459471.46	4300	59.998797	0.0	2124950	24	4.3
1527459475.85	4300	59.748687	0.0	2246506	25	4.3
1527459479.73	4300	59.998433	0.0	1961140	21	4.3
1527459483.61	4300	59.998577	0.0	2155012	25	4.3
1527459485.47	4300	59.669177	0.0	1433658	18	4.3

1527459486.23	750	4	0.018	668286	5	-0.07740000000000002
1527459486.62	4300	7.948508	0.0	2123065	14	0.75
1527459487.03	4300	11.547094	0.0	2177073	22	4.3
1527459487.42	4300	15.157816	0.0	2160877	25	4.3
1527459487.81	4300	18.766233	0.0	2233056	24	4.3
1527459488.19	4300	22.377985	0.0	1941625	21	4.3
1527459488.6	4300	25.9784	0.0	2157535	28	4.3
1527459488.98	4300	29.592396	0.0	2290172	25	4.3
1527459489.35	4300	33.218661	0.0	2055469	14	4.3
1527459489.75	4300	36.826707	0.0	2169201	25	4.3
1527459490.13	4300	40.440167	0.0	2173522	20	4.3
1527459490.51	4300	44.058396	0.0	2102452	19	4.3
1527459490.9	4300	47.670781	0.0	2209463	20	4.3
1527459491.29	4300	51.284854	0.0	2275376	24	4.3
1527459491.67	4300	54.900854	0.0	2005399	22	4.3
1527459492.11	4300	58.498667	0.0	2152483	41	4.3
1527459495.0	4300	59.999455	0.0	2289689	24	4.3
1527459498.89	4300	59.74909	0.0	2059512	18	4.3
1527459502.78	4300	59.998781	0.0	2220726	22	4.3
1527459506.68	4300	59.999021	0.0	2156729	24	4.3
1527459510.58	4300	59.998981	0.0	2039773	22	4.3
1527459514.98	4300	59.748879	0.0	2176469	24	4.3
1527459518.88	4300	59.749782	0.0	2221506	24	4.3
1527459523.27	4300	59.498899	0.0	2044075	18	4.3
1527459526.66	4300	59.998017	0.0	2186790	23	4.3
1527459531.06	4300	59.74845	0.0	2105231	23	4.3
1527459534.97	4300	59.999075	0.0	2395588	26	4.3
1527459538.86	4300	59.74879	0.0	1972048	25	4.3
1527459542.76	4300	59.999225	0.0	2134614	24	4.3
1527459547.16	4300	59.748827	0.0	2164140	24	4.3
1527459551.05	4300	59.749064	0.0	2113193	21	4.3
