1527450124.36	750	4	0.028	2354772	8	-0.12039999999999995
1527450124.73	4300	7.963981	0.0	2123065	18	0.75
1527450125.08	4300	11.621553	0.0	2177073	22	4.3
1527450125.41	4300	15.2795	0.0	2160877	20	4.3
1527450125.76	4300	18.931817	0.0	2233056	25	4.3
1527450126.09	4300	22.600043	0.0	1941625	20	4.3
1527450126.43	4300	26.265669	0.0	2157535	22	4.3
1527450126.76	4300	29.930227	0.0	2290172	20	4.3
1527450127.1	4300	33.590473	0.0	2055469	22	4.3
1527450127.44	4300	37.248336	0.0	2169201	24	4.3
1527450127.78	4300	40.909447	0.0	2173522	21	4.3
1527450128.13	4300	44.560074	0.0	2102452	37	4.3
1527450128.47	4300	48.222852	0.0	2209463	21	4.3
1527450128.81	4300	51.884171	0.0	2275376	12	4.3
1527450129.15	4300	55.545147	0.0	2005399	23	4.3
1527450129.47	4300	59.222899	0.0	2152483	15	4.3
1527450132.82	4300	59.998206	0.0	2289689	24	4.3
1527450137.17	4300	59.749118	0.0	2059512	22	4.3
1527450141.03	4300	59.749021	0.0	2220726	25	4.3
1527450144.88	4300	59.9988	0.0	2156729	23	4.3
1527450148.72	4300	59.998921	0.0	2039773	19	4.3
1527450153.08	4300	59.749629	0.0	2176469	25	4.3
1527450157.43	4300	59.748773	0.0	2221506	26	4.3
1527450160.78	4300	59.999048	0.0	2044075	23	4.3
1527450165.13	4300	59.998352	0.0	2186790	20	4.3
1527450168.97	4300	59.998048	0.0	2105231	19	4.3
1527450172.83	4300	59.99843	0.0	2395588	26	4.3
1527450177.18	4300	59.998481	0.0	1972048	22	4.3
1527450181.03	4300	59.748369	0.0	2134614	23	4.3
1527450184.88	4300	59.997719	0.0	2164140	20	4.3
1527450188.73	4300	59.998623	0.0	2113193	24	4.3
1527450193.08	4300	59.998312	0.0	2147852	23	4.3
1527450197.43	4300	59.498651	0.0	2191074	22	4.3
1527450200.78	4300	59.999218	0.0	2286761	24	4.3
1527450205.13	4300	59.748784	0.0	2307787	26	4.3
1527450208.98	4300	59.748728	0.0	2143948	24	4.3
1527450212.82	4300	59.998545	0.0	1919781	22	4.3
1527450217.17	4300	59.997867	0.0	2147467	21	4.3
1527450221.03	4300	59.748774	0.0	2133870	38	4.3
1527450224.88	4300	59.998144	0.0	2146120	23	4.3
1527450228.73	4300	59.998212	0.0	2108491	21	4.3
1527450233.09	4300	59.997444	0.0	2184571	25	4.3
1527450236.94	4300	59.998135	0.0	2121928	24	4.3
1527450240.79	4300	59.997453	0.0	2219102	24	4.3
1527450245.14	4300	59.747981	0.0	2124950	22	4.3
1527450248.99	4300	59.74812	0.0	2246506	20	4.3
1527450253.34	4300	59.499016	0.0	1961140	22	4.3
1527450257.19	4300	59.747441	0.0	2155012	24	4.3
1527450258.52	4300	59.927685	0.0	1433658	17	4.3

1527450259.31	750	4	0.015	668286	2	-0.0645
1527450259.67	4300	7.942968	0.0	2123065	23	0.75
1527450260.02	4300	11.588171	0.0	2177073	33	4.3
1527450260.34	4300	15.2699	0.0	2160877	12	4.3
1527450260.68	4300	18.928411	0.0	2233056	25	4.3
1527450261.01	4300	22.597542	0.0	1941625	19	4.3
1527450261.36	4300	26.25071	0.0	2157535	24	4.3
1527450261.7	4300	29.911522	0.0	2290172	24	4.3
1527450262.03	4300	33.580205	0.0	2055469	20	4.3
1527450262.38	4300	37.236029	0.0	2169201	24	4.3
1527450262.68	4300	40.926001	0.0	2173522	7	4.3
1527450263.02	4300	44.591108	0.0	2102452	22	4.3
1527450263.37	4300	48.243206	0.0	2209463	25	4.3
1527450263.71	4300	51.903856	0.0	2275376	26	4.3
1527450264.03	4300	55.580667	0.0	2005399	15	4.3
1527450264.4	4300	59.242916	0.0	2152483	24	4.3
1527450267.75	4300	59.998835	0.0	2289689	21	4.3
1527450272.1	4300	59.748801	0.0	2059512	21	4.3
1527450275.96	4300	59.749757	0.0	2220726	29	4.3
1527450280.31	4300	59.748452	0.0	2156729	25	4.3
1527450283.66	4300	59.999265	0.0	2039773	25	4.3
1527450288.0	4300	59.749702	0.0	2176469	17	4.3
1527450291.85	4300	59.998367	0.0	2221506	22	4.3
1527450296.22	4300	59.74766	0.0	2044075	22	4.3
1527450300.07	4300	59.749453	0.0	2186790	23	4.3
1527450303.91	4300	59.998754	0.0	2105231	19	4.3
1527450308.26	4300	59.748953	0.0	2395588	21	4.3
1527450312.1	4300	59.997717	0.0	1972048	18	4.3
1527450315.96	4300	59.998708	0.0	2134614	32	4.3
1527450319.82	4300	59.99869	0.0	2164140	25	4.3
1527450324.18	4300	59.747786	0.0	2113193	23	4.3
1527450328.03	4300	59.997744	0.0	2147852	25	4.3
1527450331.87	4300	59.748922	0.0	2191074	20	4.3
1527450336.22	4300	59.748543	0.0	2286761	20	4.3
1527450340.06	4300	59.998687	0.0	2307787	21	4.3
1527450343.92	4300	59.998185	0.0	2143948	24	4.3
1527450347.77	4300	59.999433	0.0	1919781	21	4.3
1527450351.61	4300	59.998515	0.0	2147467	22	4.3
1527450355.96	4300	59.747738	0.0	2133870	19	4.3
1527450359.82	4300	59.999263	0.0	2146120	33	4.3
1527450363.67	4300	59.998825	0.0	2108491	23	4.3
1527450368.02	4300	59.997892	0.0	2184571	20	4.3
1527450371.86	4300	59.999233	0.0	2121928	21	4.3
