1527419611.56	750	4	0.029	2354772	8	-0.12470000000000003
1527419611.92	4300	7.966562	0.0	2123065	20	0.75
1527419612.26	4300	11.633603	0.0	2177073	16	4.3
1527419612.6	4300	15.288406	0.0	2160877	25	4.3
1527419612.94	4300	18.951565	0.0	2233056	25	4.3
1527419613.27	4300	22.61907	0.0	1941625	20	4.3
1527419613.6	4300	26.285167	0.0	2157535	20	4.3
1527419613.95	4300	29.942082	0.0	2290172	27	4.3
1527419614.28	4300	33.604281	0.0	2055469	22	4.3
1527419614.62	4300	37.270286	0.0	2169201	23	4.3
1527419614.96	4300	40.9293	0.0	2173522	21	4.3
1527419615.3	4300	44.582941	0.0	2102452	19	4.3
1527419615.63	4300	48.259602	0.0	2209463	15	4.3
1527419615.97	4300	51.921944	0.0	2275376	25	4.3
1527419616.3	4300	55.590398	0.0	2005399	20	4.3
1527419616.64	4300	59.249806	0.0	2152483	18	4.3
1527419620.47	4300	59.748907	0.0	2289689	15	4.3
1527419624.31	4300	59.747767	0.0	2059512	16	4.3
1527419628.15	4300	59.997661	0.0	2220726	11	4.3
1527419632.5	4300	59.499473	0.0	2156729	21	4.3
1527419636.34	4300	59.749433	0.0	2039773	20	4.3
1527419640.18	4300	59.998699	0.0	2176469	21	4.3
1527419644.5	4300	59.748801	0.0	2221506	8	4.3
1527419648.36	4300	59.749504	0.0	2044075	23	4.3
1527419652.21	4300	59.74936	0.0	2186790	24	4.3
1527419656.05	4300	59.998842	0.0	2105231	22	4.3
1527419660.41	4300	59.748855	0.0	2395588	27	4.3
1527419664.27	4300	59.749059	0.0	1972048	39	4.3
1527419668.12	4300	59.998769	0.0	2134614	21	4.3
1527419672.47	4300	59.74863	0.0	2164140	25	4.3
1527419676.33	4300	59.748644	0.0	2113193	25	4.3
1527419680.17	4300	59.748547	0.0	2147852	23	4.3
1527419684.02	4300	59.998515	0.0	2191074	20	4.3
1527419688.37	4300	59.747704	0.0	2286761	24	4.3
1527419692.23	4300	59.747502	0.0	2307787	31	4.3
1527419696.07	4300	59.998622	0.0	2143948	20	4.3
1527419700.41	4300	59.498752	0.0	1919781	16	4.3
1527419704.26	4300	59.748636	0.0	2147467	22	4.3
1527419708.62	4300	59.497702	0.0	2133870	31	4.3
1527419711.97	4300	59.998418	0.0	2146120	24	4.3
1527419716.32	4300	59.998347	0.0	2108491	20	4.3
1527419720.16	4300	59.748425	0.0	2184571	21	4.3
1527419724.01	4300	59.998952	0.0	2121928	20	4.3
1527419728.37	4300	59.74899	0.0	2219102	25	4.3
1527419732.23	4300	59.748462	0.0	2124950	24	4.3
1527419736.08	4300	59.997801	0.0	2246506	19	4.3
1527419739.93	4300	59.999119	0.0	1961140	21	4.3
1527419744.27	4300	59.749192	0.0	2155012	21	4.3
1527419746.12	4300	59.927206	0.0	1433658	22	4.3

1527419746.86	750	4	0.017	668286	4	-0.07309999999999994
1527419747.22	4300	7.947106	0.0	2123065	25	0.75
1527419747.55	4300	11.612368	0.0	2177073	23	4.3
1527419747.89	4300	15.278702	0.0	2160877	20	4.3
1527419748.23	4300	18.954224	0.0	2233056	16	4.3
1527419748.57	4300	22.599334	0.0	1941625	22	4.3
1527419748.9	4300	26.264519	0.0	2157535	22	4.3
1527419749.23	4300	29.932067	0.0	2290172	20	4.3
1527419749.56	4300	33.602529	0.0	2055469	18	4.3
1527419749.89	4300	37.271811	0.0	2169201	20	4.3
1527419750.23	4300	40.937933	0.0	2173522	19	4.3
1527419750.57	4300	44.596422	0.0	2102452	23	4.3
1527419750.92	4300	48.246009	0.0	2209463	26	4.3
1527419751.27	4300	51.900624	0.0	2275376	25	4.3
1527419751.6	4300	55.566339	0.0	2005399	19	4.3
1527419751.93	4300	59.234004	0.0	2152483	22	4.3
1527419755.28	4300	59.998935	0.0	2289689	22	4.3
1527419759.63	4300	59.998048	0.0	2059512	23	4.3
1527419763.48	4300	59.999445	0.0	2220726	32	4.3
1527419767.83	4300	59.499519	0.0	2156729	20	4.3
1527419771.67	4300	59.499593	0.0	2039773	19	4.3
1527419775.52	4300	59.998189	0.0	2176469	20	4.3
1527419779.36	4300	59.998195	0.0	2221506	19	4.3
1527419783.7	4300	59.749196	0.0	2044075	18	4.3
1527419787.54	4300	59.748701	0.0	2186790	21	4.3
1527419791.89	4300	59.748555	0.0	2105231	19	4.3
1527419795.23	4300	59.997923	0.0	2395588	24	4.3
1527419799.59	4300	59.748838	0.0	1972048	22	4.3
1527419803.43	4300	59.748851	0.0	2134614	25	4.3
1527419807.28	4300	59.998903	0.0	2164140	24	4.3
1527419811.62	4300	59.747829	0.0	2113193	20	4.3
1527419815.47	4300	59.998539	0.0	2147852	24	4.3
1527419819.32	4300	59.997875	0.0	2191074	22	4.3
1527419823.17	4300	59.998065	0.0	2286761	25	4.3
1527419827.53	4300	59.998688	0.0	2307787	23	4.3
1527419831.37	4300	59.998939	0.0	2143948	23	4.3
1527419835.72	4300	59.749122	0.0	1919781	19	4.3
1527419839.57	4300	59.748822	0.0	2147467	22	4.3
1527419843.42	4300	59.998715	0.0	2133870	21	4.3
1527419847.27	4300	59.998745	0.0	2146120	24	4.3
1527419851.62	4300	59.998255	0.0	2108491	21	4.3
1527419855.47	4300	59.997678	0.0	2184571	23	4.3
1527419859.31	4300	59.99945	0.0	2121928	18	4.3
1527419863.67	4300	59.747767	0.0	2219102	25	4.3
1527419867.52	4300	59.99845	0.0	2124950	23	4.3
1527419871.88	4300	59.498546	0.0	2246506	16	4.3
1527419875.72	4300	59.49908	0.0	1961140	18	4.3
1527419879.56	4300	59.748883	0.0	2155012	19	4.3
1527419881.39	4300	59.92858	0.0	1433658	13	4.3

1527419882.18	750	4	0.017	668286	4	-0.07309999999999994
1527419882.54	4300	7.941383	0.0	2123065	20	0.75
1527419882.89	4300	11.587579	0.0	2177073	15	4.3
1527419883.21	4300	15.265956	0.0	2160877	13	4.3
1527419883.55	4300	18.931086	0.0	2233056	20	4.3
1527419883.88	4300	22.599808	0.0	1941625	19	4.3
1527419884.22	4300	26.265496	0.0	2157535	19	4.3
1527419884.56	4300	29.920356	0.0	2290172	24	4.3
1527419884.89	4300	33.585033	0.0	2055469	22	4.3
1527419885.23	4300	37.250173	0.0	2169201	21	4.3
1527419885.56	4300	40.916426	0.0	2173522	18	4.3
1527419885.91	4300	44.570358	0.0	2102452	24	4.3
1527419886.24	4300	48.233933	0.0	2209463	24	4.3
1527419886.6	4300	51.882459	0.0	2275376	32	4.3
1527419886.93	4300	55.546822	0.0	2005399	21	4.3
1527419887.26	4300	59.214815	0.0	2152483	20	4.3
1527419890.61	4300	59.999139	0.0	2289689	22	4.3
1527419894.96	4300	59.998556	0.0	2059512	22	4.3
1527419898.81	4300	59.998676	0.0	2220726	25	4.3
1527419902.66	4300	59.998835	0.0	2156729	21	4.3
1527419906.5	4300	59.998501	0.0	2039773	18	4.3
1527419910.84	4300	59.747788	0.0	2176469	17	4.3
1527419914.69	4300	59.998273	0.0	2221506	22	4.3
1527419918.55	4300	59.997875	0.0	2044075	23	4.3
1527419922.9	4300	59.749641	0.0	2186790	25	4.3
1527419926.74	4300	59.748201	0.0	2105231	23	4.3
1527419930.59	4300	59.998794	0.0	2395588	21	4.3
1527419934.94	4300	59.749146	0.0	1972048	22	4.3
