1527538979.5	750	4	0.026	2354772	8	-0.11180000000000001
1527538979.89	4300	7.965031	0.0	2123065	18	0.75
1527538980.27	4300	11.579472	0.0	2177073	21	4.3
1527538980.66	4300	15.193145	0.0	2160877	25	4.3
1527538981.05	4300	18.804017	0.0	2233056	24	4.3
1527538981.43	4300	22.417548	0.0	1941625	20	4.3
1527538981.82	4300	26.028946	0.0	2157535	25	4.3
1527538982.2	4300	29.64939	0.0	2290172	21	4.3
1527538982.58	4300	33.266456	0.0	2055469	20	4.3
1527538982.96	4300	36.890673	0.0	2169201	17	4.3
1527538983.34	4300	40.505108	0.0	2173522	20	4.3
1527538983.73	4300	44.119291	0.0	2102452	11	4.3
1527538984.1	4300	47.745044	0.0	2209463	16	4.3
1527538984.51	4300	51.344874	0.0	2275376	26	4.3
1527538984.89	4300	54.956855	0.0	2005399	22	4.3
1527538985.28	4300	58.569703	0.0	2152483	24	4.3
1527538988.17	4300	59.998595	0.0	2289689	26	4.3
1527538992.57	4300	59.747953	0.0	2059512	20	4.3
1527538996.46	4300	59.499564	0.0	2220726	25	4.3
1527539000.36	4300	59.497882	0.0	2156729	24	4.3
1527539004.26	4300	59.748269	0.0	2039773	23	4.3
1527539008.16	4300	59.74914	0.0	2176469	22	4.3
1527539012.57	4300	59.497864	0.0	2221506	26	4.3
1527539015.96	4300	59.99775	0.0	2044075	20	4.3
1527539020.36	4300	59.497656	0.0	2186790	24	4.3
1527539024.26	4300	59.999269	0.0	2105231	20	4.3
1527539028.16	4300	59.749312	0.0	2395588	25	4.3
1527539032.05	4300	59.997534	0.0	1972048	20	4.3
1527539035.95	4300	59.999249	0.0	2134614	23	4.3
1527539040.35	4300	59.748749	0.0	2164140	24	4.3
1527539044.24	4300	59.748685	0.0	2113193	18	4.3
1527539048.17	4300	59.747987	0.0	2147852	22	4.3
1527539052.57	4300	59.749027	0.0	2191074	24	4.3
1527539056.47	4300	59.747674	0.0	2286761	26	4.3
1527539060.37	4300	59.498711	0.0	2307787	25	4.3
1527539064.27	4300	59.748668	0.0	2143948	24	4.3
1527539068.17	4300	59.748858	0.0	1919781	21	4.3
1527539072.57	4300	59.749178	0.0	2147467	24	4.3
1527539075.97	4300	59.998074	0.0	2133870	20	4.3
1527539080.37	4300	59.498337	0.0	2146120	24	4.3
1527539084.26	4300	59.748326	0.0	2108491	20	4.3
1527539088.16	4300	59.998493	0.0	2184571	20	4.3
1527539092.56	4300	59.498494	0.0	2121928	24	4.3
1527539095.95	4300	59.999036	0.0	2219102	23	4.3
1527539100.35	4300	59.748364	0.0	2124950	22	4.3
1527539104.23	4300	59.997772	0.0	2246506	22	4.3
1527539108.1	4300	59.749102	0.0	1961140	18	4.3
1527539112.48	4300	59.498443	0.0	2155012	25	4.3
1527539113.82	4300	59.928503	0.0	1433658	16	4.3

1527539114.57	750	4	0.018	668286	3	-0.07740000000000002
1527539114.97	4300	7.944032	0.0	2123065	23	0.75
1527539115.35	4300	11.564918	0.0	2177073	14	4.3
1527539115.73	4300	15.18701	0.0	2160877	19	4.3
1527539116.13	4300	18.785139	0.0	2233056	40	4.3
1527539116.5	4300	22.409763	0.0	1941625	19	4.3
1527539116.89	4300	26.025594	0.0	2157535	23	4.3
1527539117.28	4300	29.629551	0.0	2290172	23	4.3
1527539117.67	4300	33.242456	0.0	2055469	24	4.3
1527539118.06	4300	36.854679	0.0	2169201	24	4.3
1527539118.45	4300	40.466577	0.0	2173522	25	4.3
1527539118.84	4300	44.075138	0.0	2102452	29	4.3
1527539119.23	4300	47.683721	0.0	2209463	28	4.3
1527539119.63	4300	51.284082	0.0	2275376	42	4.3
1527539120.01	4300	54.903249	0.0	2005399	23	4.3
1527539120.4	4300	58.512577	0.0	2152483	26	4.3
1527539123.3	4300	59.998629	0.0	2289689	25	4.3
1527539127.19	4300	59.748908	0.0	2059512	22	4.3
1527539131.08	4300	59.999242	0.0	2220726	24	4.3
1527539135.48	4300	59.749327	0.0	2156729	25	4.3
1527539139.37	4300	59.747779	0.0	2039773	20	4.3
1527539143.27	4300	59.748972	0.0	2176469	25	4.3
1527539147.66	4300	59.498861	0.0	2221506	26	4.3
1527539151.06	4300	59.998548	0.0	2044075	24	4.3
1527539154.97	4300	59.999304	0.0	2186790	21	4.3
1527539159.37	4300	59.749104	0.0	2105231	19	4.3
1527539163.27	4300	59.998687	0.0	2395588	28	4.3
1527539167.67	4300	59.49874	0.0	1972048	23	4.3
1527539171.07	4300	59.997956	0.0	2134614	26	4.3
1527539175.47	4300	59.498501	0.0	2164140	23	4.3
1527539179.36	4300	59.999222	0.0	2113193	19	4.3
1527539183.26	4300	59.748769	0.0	2147852	23	4.3
1527539187.15	4300	59.998141	0.0	2191074	24	4.3
1527539191.04	4300	59.998523	0.0	2286761	18	4.3
1527539195.43	4300	59.499418	0.0	2307787	22	4.3
1527539199.3	4300	59.748635	0.0	2143948	11	4.3
1527539203.2	4300	59.749244	0.0	1919781	23	4.3
1527539207.6	4300	59.748822	0.0	2147467	25	4.3
1527539211.5	4300	59.748991	0.0	2133870	18	4.3
1527539215.41	4300	59.748993	0.0	2146120	38	4.3
1527539219.29	4300	59.748432	0.0	2108491	17	4.3
1527539223.18	4300	59.748701	0.0	2184571	17	4.3
1527539227.08	4300	59.998394	0.0	2121928	24	4.3
1527539231.48	4300	59.748515	0.0	2219102	25	4.3
1527539235.37	4300	59.749173	0.0	2124950	18	4.3
1527539239.27	4300	59.998806	0.0	2246506	25	4.3
1527539243.15	4300	59.998879	0.0	1961140	21	4.3
1527539247.01	4300	59.998938	0.0	2155012	17	4.3
1527539248.86	4300	59.745893	0.0	1433658	17	4.3

1527539249.62	750	4	0.017	668286	4	-0.07309999999999994
1527539250.02	4300	7.956397	0.0	2123065	15	0.75
1527539250.41	4300	11.564051	0.0	2177073	30	4.3
1527539250.78	4300	15.186331	0.0	2160877	18	4.3
1527539251.17	4300	18.799756	0.0	2233056	23	4.3
1527539251.56	4300	22.41529	0.0	1941625	22	4.3
1527539251.93	4300	26.036978	0.0	2157535	20	4.3
1527539252.32	4300	29.654439	0.0	2290172	23	4.3
1527539252.7	4300	33.26918	0.0	2055469	24	4.3
1527539253.1	4300	36.877438	0.0	2169201	24	4.3
1527539253.48	4300	40.489932	0.0	2173522	23	4.3
1527539253.85	4300	44.125612	0.0	2102452	12	4.3
1527539254.23	4300	47.738921	0.0	2209463	24	4.3
1527539254.63	4300	51.336982	0.0	2275376	36	4.3
1527539255.02	4300	54.956084	0.0	2005399	23	4.3
1527539255.4	4300	58.566879	0.0	2152483	25	4.3
1527539258.3	4300	59.74886	0.0	2289689	27	4.3
1527539262.69	4300	59.749094	0.0	2059512	18	4.3
