1527423530.6	750	4	0.027	2354772	8	-0.11609999999999998
1527423530.94	4300	7.958471	0.0	2123065	26	0.75
1527423531.28	4300	11.621648	0.0	2177073	24	4.3
1527423531.59	4300	15.30208	0.0	2160877	13	4.3
1527423531.93	4300	18.965263	0.0	2233056	25	4.3
1527423532.26	4300	22.634887	0.0	1941625	21	4.3
1527423532.59	4300	26.311417	0.0	2157535	15	4.3
1527423532.92	4300	29.974519	0.0	2290172	25	4.3
1527423533.24	4300	33.653676	0.0	2055469	14	4.3
1527423533.56	4300	37.333157	0.0	2169201	14	4.3
1527423533.91	4300	40.985594	0.0	2173522	25	4.3
1527423534.29	4300	44.644429	0.0	2102452	27	4.3
1527423534.63	4300	48.269056	0.0	2209463	26	4.3
1527423534.97	4300	51.931205	0.0	2275376	24	4.3
1527423535.29	4300	55.610636	0.0	2005399	14	4.3
1527423535.68	4300	59.217458	0.0	2152483	23	4.3
1527423539.53	4300	59.49903	0.0	2289689	24	4.3
1527423543.38	4300	59.748696	0.0	2059512	23	4.3
1527423547.24	4300	59.997902	0.0	2220726	26	4.3
1527423551.59	4300	59.747684	0.0	2156729	26	4.3
1527423554.95	4300	59.998905	0.0	2039773	25	4.3
1527423559.29	4300	59.749058	0.0	2176469	20	4.3
1527423563.13	4300	59.998899	0.0	2221506	25	4.3
1527423566.98	4300	59.998951	0.0	2044075	19	4.3
1527423571.34	4300	59.748298	0.0	2186790	25	4.3
1527423575.19	4300	59.997663	0.0	2105231	25	4.3
1527423579.04	4300	59.997773	0.0	2395588	24	4.3
1527423583.41	4300	59.74825	0.0	1972048	19	4.3
1527423587.25	4300	59.998046	0.0	2134614	24	4.3
1527423591.1	4300	59.997953	0.0	2164140	23	4.3
1527423595.46	4300	59.748344	0.0	2113193	26	4.3
1527423599.31	4300	59.997607	0.0	2147852	26	4.3
1527423603.15	4300	59.747712	0.0	2191074	27	4.3
1527423607.0	4300	59.997096	0.0	2286761	23	4.3
1527423611.35	4300	59.748027	0.0	2307787	20	4.3
1527423615.19	4300	59.747537	0.0	2143948	18	4.3
1527423619.04	4300	59.999041	0.0	1919781	21	4.3
1527423623.4	4300	59.999025	0.0	2147467	25	4.3
1527423627.26	4300	59.748388	0.0	2133870	33	4.3
1527423631.11	4300	59.998619	0.0	2146120	26	4.3
1527423634.96	4300	59.99746	0.0	2108491	23	4.3
1527423639.31	4300	59.748784	0.0	2184571	19	4.3
1527423643.15	4300	59.748326	0.0	2121928	21	4.3
1527423646.99	4300	59.999033	0.0	2219102	18	4.3
1527423651.36	4300	59.748843	0.0	2124950	23	4.3
1527423655.2	4300	59.747283	0.0	2246506	24	4.3
1527423659.55	4300	59.749067	0.0	1961140	22	4.3
1527423663.4	4300	59.74736	0.0	2155012	24	4.3
1527423664.74	4300	59.928058	0.0	1433658	19	4.3

1527423665.48	750	4	0.024	2354772	7	-0.10319999999999996
1527423665.82	4300	7.95885	0.0	2123065	26	0.75
1527423666.16	4300	11.614978	0.0	2177073	25	4.3
1527423666.49	4300	15.292345	0.0	2160877	15	4.3
1527423666.82	4300	18.958812	0.0	2233056	22	4.3
1527423667.15	4300	22.630824	0.0	1941625	19	4.3
1527423667.48	4300	26.300707	0.0	2157535	20	4.3
1527423667.8	4300	29.97593	0.0	2290172	17	4.3
1527423668.14	4300	33.642212	0.0	2055469	21	4.3
1527423668.47	4300	37.312096	0.0	2169201	22	4.3
1527423668.8	4300	40.977968	0.0	2173522	21	4.3
1527423669.13	4300	44.645304	0.0	2102452	20	4.3
1527423669.46	4300	48.323172	0.0	2209463	16	4.3
1527423669.81	4300	51.971293	0.0	2275376	39	4.3
1527423670.14	4300	55.637965	0.0	2005399	23	4.3
1527423670.48	4300	59.303035	0.0	2152483	22	4.3
1527423674.32	4300	59.499431	0.0	2289689	21	4.3
1527423678.16	4300	59.748712	0.0	2059512	21	4.3
1527423682.01	4300	59.999351	0.0	2220726	21	4.3
1527423685.85	4300	59.998779	0.0	2156729	17	4.3
1527423690.18	4300	59.999435	0.0	2039773	16	4.3
1527423694.03	4300	59.749668	0.0	2176469	22	4.3
1527423698.37	4300	59.499383	0.0	2221506	19	4.3
1527423702.22	4300	59.997987	0.0	2044075	23	4.3
1527423706.06	4300	59.749524	0.0	2186790	22	4.3
1527423710.4	4300	59.748204	0.0	2105231	19	4.3
1527423714.25	4300	59.749423	0.0	2395588	24	4.3
1527423718.09	4300	59.748876	0.0	1972048	20	4.3
1527423722.48	4300	59.498938	0.0	2134614	21	4.3
1527423726.33	4300	59.748785	0.0	2164140	24	4.3
1527423730.17	4300	59.748844	0.0	2113193	23	4.3
1527423734.02	4300	59.999304	0.0	2147852	23	4.3
1527423737.86	4300	59.998864	0.0	2191074	22	4.3
1527423742.21	4300	59.749028	0.0	2286761	21	4.3
1527423746.06	4300	59.749055	0.0	2307787	24	4.3
1527423749.91	4300	59.998249	0.0	2143948	23	4.3
1527423754.25	4300	59.748012	0.0	1919781	23	4.3
1527423758.11	4300	59.997748	0.0	2147467	24	4.3
1527423761.95	4300	59.997715	0.0	2133870	22	4.3
1527423765.82	4300	59.999043	0.0	2146120	47	4.3
1527423770.16	4300	59.747917	0.0	2108491	21	4.3
1527423774.01	4300	59.998144	0.0	2184571	33	4.3
1527423777.85	4300	59.999288	0.0	2121928	18	4.3
1527423782.21	4300	59.997905	0.0	2219102	26	4.3
1527423786.06	4300	59.998401	0.0	2124950	25	4.3
1527423789.91	4300	59.997846	0.0	2246506	25	4.3
1527423794.25	4300	59.748468	0.0	1961140	19	4.3
1527423798.1	4300	59.997606	0.0	2155012	23	4.3
1527423799.94	4300	59.928328	0.0	1433658	17	4.3

1527423800.72	750	4	0.026	2354772	7	-0.11180000000000001
1527423801.06	4300	7.957704	0.0	2123065	25	0.75
1527423801.4	4300	11.621255	0.0	2177073	25	4.3
1527423801.72	4300	15.298074	0.0	2160877	13	4.3
1527423802.06	4300	18.958837	0.0	2233056	13	4.3
1527423802.39	4300	22.631863	0.0	1941625	18	4.3
1527423802.71	4300	26.308323	0.0	2157535	16	4.3
1527423803.02	4300	30.001181	0.0	2290172	7	4.3
1527423803.35	4300	33.670203	0.0	2055469	20	4.3
