1527491067.97	750	4	0.023	2354772	7	-0.09889999999999999
1527491068.35	4300	7.967304	0.0	2123065	18	0.75
1527491068.73	4300	11.582126	0.0	2177073	20	4.3
1527491069.1	4300	15.213371	0.0	2160877	12	4.3
1527491069.5	4300	18.820243	0.0	2233056	19	4.3
1527491069.88	4300	22.436927	0.0	1941625	18	4.3
1527491070.27	4300	26.045109	0.0	2157535	22	4.3
1527491070.66	4300	29.660309	0.0	2290172	23	4.3
1527491071.05	4300	33.271876	0.0	2055469	20	4.3
1527491071.43	4300	36.882639	0.0	2169201	23	4.3
1527491071.83	4300	40.486602	0.0	2173522	23	4.3
1527491072.27	4300	44.044786	0.0	2102452	21	4.3
1527491072.66	4300	47.655182	0.0	2209463	24	4.3
1527491073.03	4300	51.282451	0.0	2275376	6	4.3
1527491073.41	4300	54.909761	0.0	2005399	16	4.3
1527491073.8	4300	58.515964	0.0	2152483	24	4.3
1527491076.69	4300	59.748132	0.0	2289689	13	4.3
1527491080.59	4300	59.749023	0.0	2059512	23	4.3
1527491084.48	4300	59.999227	0.0	2220726	24	4.3
1527491088.88	4300	59.748846	0.0	2156729	25	4.3
1527491092.78	4300	59.74933	0.0	2039773	16	4.3
1527491096.67	4300	59.749549	0.0	2176469	21	4.3
1527491100.56	4300	59.997791	0.0	2221506	21	4.3
1527491104.96	4300	59.74834	0.0	2044075	23	4.3
1527491108.36	4300	59.998146	0.0	2186790	20	4.3
1527491112.76	4300	59.747658	0.0	2105231	23	4.3
1527491116.68	4300	59.749587	0.0	2395588	27	4.3
1527491120.57	4300	59.747717	0.0	1972048	21	4.3
1527491124.97	4300	59.74806	0.0	2134614	25	4.3
1527491128.37	4300	59.997444	0.0	2164140	25	4.3
1527491132.78	4300	59.748527	0.0	2113193	24	4.3
1527491136.66	4300	59.74949	0.0	2147852	12	4.3
1527491140.56	4300	59.997716	0.0	2191074	23	4.3
1527491144.96	4300	59.498325	0.0	2286761	23	4.3
1527491148.36	4300	59.997912	0.0	2307787	25	4.3
1527491152.76	4300	59.74946	0.0	2143948	21	4.3
1527491156.66	4300	59.748018	0.0	1919781	21	4.3
1527491160.57	4300	59.999244	0.0	2147467	22	4.3
1527491164.47	4300	59.999143	0.0	2133870	24	4.3
1527491168.38	4300	59.998294	0.0	2146120	22	4.3
1527491172.75	4300	59.998787	0.0	2108491	8	4.3
1527491176.66	4300	59.747832	0.0	2184571	29	4.3
1527491180.55	4300	59.997367	0.0	2121928	20	4.3
1527491184.95	4300	59.498047	0.0	2219102	20	4.3
1527491188.35	4300	59.997418	0.0	2124950	25	4.3
1527491192.74	4300	59.747706	0.0	2246506	28	4.3
1527491196.61	4300	59.748949	0.0	1961140	13	4.3
1527491200.49	4300	59.997536	0.0	2155012	19	4.3
1527491202.33	4300	59.67184	0.0	1433658	14	4.3

1527491203.1	750	4	0.015	668286	3	-0.0645
1527491203.51	4300	7.959745	0.0	2123065	13	0.75
1527491203.89	4300	11.580146	0.0	2177073	18	4.3
1527491204.28	4300	15.192315	0.0	2160877	25	4.3
1527491204.67	4300	18.799294	0.0	2233056	23	4.3
1527491205.05	4300	22.416878	0.0	1941625	16	4.3
1527491205.45	4300	26.022218	0.0	2157535	19	4.3
1527491205.83	4300	29.633645	0.0	2290172	25	4.3
1527491206.22	4300	33.24646	0.0	2055469	22	4.3
1527491206.61	4300	36.854225	0.0	2169201	25	4.3
1527491207.0	4300	40.464053	0.0	2173522	26	4.3
1527491207.4	4300	44.072914	0.0	2102452	27	4.3
1527491207.82	4300	47.646126	0.0	2209463	20	4.3
1527491208.21	4300	51.261375	0.0	2275376	25	4.3
1527491208.59	4300	54.876291	0.0	2005399	22	4.3
1527491208.99	4300	58.474453	0.0	2152483	39	4.3
1527491211.9	4300	59.749053	0.0	2289689	20	4.3
1527491215.79	4300	59.74915	0.0	2059512	23	4.3
1527491219.7	4300	59.998992	0.0	2220726	24	4.3
1527491223.59	4300	59.999314	0.0	2156729	24	4.3
1527491227.99	4300	59.498844	0.0	2039773	24	4.3
1527491231.9	4300	59.997946	0.0	2176469	25	4.3
1527491235.8	4300	59.748036	0.0	2221506	24	4.3
1527491239.7	4300	59.997752	0.0	2044075	22	4.3
1527491244.1	4300	59.498635	0.0	2186790	24	4.3
1527491247.49	4300	59.999147	0.0	2105231	19	4.3
1527491251.89	4300	59.999268	0.0	2395588	22	4.3
1527491255.78	4300	59.749529	0.0	1972048	21	4.3
1527491259.69	4300	59.998277	0.0	2134614	38	4.3
1527491263.58	4300	59.998803	0.0	2164140	23	4.3
1527491267.51	4300	59.998393	0.0	2113193	23	4.3
1527491271.91	4300	59.748192	0.0	2147852	24	4.3
1527491275.82	4300	59.747757	0.0	2191074	23	4.3
1527491279.72	4300	59.749042	0.0	2286761	25	4.3
1527491284.12	4300	59.498866	0.0	2307787	25	4.3
1527491287.54	4300	59.999242	0.0	2143948	23	4.3
1527491291.93	4300	59.747724	0.0	1919781	21	4.3
1527491295.82	4300	59.999466	0.0	2147467	15	4.3
1527491300.21	4300	59.749063	0.0	2133870	20	4.3
1527491303.62	4300	59.998875	0.0	2146120	23	4.3
1527491307.53	4300	59.999268	0.0	2108491	24	4.3
1527491311.94	4300	59.748822	0.0	2184571	24	4.3
1527491315.84	4300	59.998822	0.0	2121928	24	4.3
1527491319.72	4300	59.748852	0.0	2219102	18	4.3
1527491324.12	4300	59.497785	0.0	2124950	23	4.3
1527491327.5	4300	59.998125	0.0	2246506	22	4.3
1527491331.88	4300	59.7494	0.0	1961140	21	4.3
1527491335.77	4300	59.998008	0.0	2155012	24	4.3
1527491337.61	4300	59.676787	0.0	1433658	12	4.3

1527491338.4	750	4	0.015	668286	2	-0.0645
1527491338.82	4300	7.953506	0.0	2123065	15	0.75
1527491339.21	4300	11.566419	0.0	2177073	14	4.3
1527491339.58	4300	15.187539	0.0	2160877	15	4.3
1527491339.97	4300	18.800281	0.0	2233056	23	4.3
1527491340.37	4300	22.405343	0.0	1941625	19	4.3
1527491340.76	4300	26.010355	0.0	2157535	10	4.3
1527491341.15	4300	29.622344	0.0	2290172	18	4.3
1527491341.55	4300	33.224381	0.0	2055469	22	4.3
1527491341.95	4300	36.824451	0.0	2169201	23	4.3
1527491342.34	4300	40.436258	0.0	2173522	25	4.3
1527491342.71	4300	44.058758	0.0	2102452	13	4.3
1527491343.1	4300	47.671335	0.0	2209463	19	4.3
1527491343.49	4300	51.284272	0.0	2275376	21	4.3
1527491343.88	4300	54.894304	0.0	2005399	21	4.3
1527491344.27	4300	58.50601	0.0	2152483	12	4.3
1527491347.16	4300	59.748725	0.0	2289689	25	4.3
1527491351.06	4300	59.750631	0.0	2059512	24	4.3
1527491355.47	4300	59.749657	0.0	2220726	23	4.3
1527491358.88	4300	59.999049	0.0	2156729	25	4.3
1527491363.28	4300	59.499395	0.0	2039773	24	4.3
1527491367.17	4300	59.748631	0.0	2176469	24	4.3
1527491371.58	4300	59.250153	0.0	2221506	23	4.3
1527491374.98	4300	59.999424	0.0	2044075	22	4.3
1527491379.38	4300	59.748541	0.0	2186790	23	4.3
1527491383.27	4300	59.750279	0.0	2105231	18	4.3
1527491387.16	4300	59.750284	0.0	2395588	23	4.3
1527491391.56	4300	59.249983	0.0	1972048	21	4.3
1527491395.48	4300	59.499886	0.0	2134614	40	4.3
1527491398.87	4300	59.99913	0.0	2164140	22	4.3
1527491403.27	4300	59.749558	0.0	2113193	20	4.3
1527491407.17	4300	59.998717	0.0	2147852	23	4.3
1527491411.07	4300	59.749109	0.0	2191074	24	4.3
1527491414.97	4300	59.999187	0.0	2286761	26	4.3
1527491419.37	4300	59.749922	0.0	2307787	25	4.3
1527491423.26	4300	59.748886	0.0	2143948	19	4.3
1527491427.17	4300	59.750093	0.0	1919781	22	4.3
1527491431.06	4300	59.999436	0.0	2147467	17	4.3
1527491435.46	4300	59.749287	0.0	2133870	18	4.3
