1527380043.41	750	4	0.025	2354772	7	-0.10750000000000004
1527380043.74	4300	7.964792	0.0	2123065	17	0.75
1527380044.09	4300	11.622163	0.0	2177073	22	4.3
1527380044.42	4300	15.284175	0.0	2160877	24	4.3
1527380044.76	4300	18.950039	0.0	2233056	20	4.3
1527380045.1	4300	22.610165	0.0	1941625	22	4.3
1527380045.44	4300	26.269991	0.0	2157535	24	4.3
1527380045.77	4300	29.934102	0.0	2290172	22	4.3
1527380046.11	4300	33.593854	0.0	2055469	23	4.3
1527380046.46	4300	37.251478	0.0	2169201	25	4.3
1527380046.8	4300	40.910395	0.0	2173522	23	4.3
1527380047.14	4300	44.567627	0.0	2102452	27	4.3
1527380047.48	4300	48.226214	0.0	2209463	27	4.3
1527380047.82	4300	51.892084	0.0	2275376	22	4.3
1527380048.15	4300	55.560001	0.0	2005399	19	4.3
1527380048.5	4300	59.203134	0.0	2152483	21	4.3
1527380051.86	4300	59.998898	0.0	2289689	27	4.3
1527380056.21	4300	59.747821	0.0	2059512	22	4.3
1527380060.05	4300	59.748721	0.0	2220726	23	4.3
1527380063.9	4300	59.998804	0.0	2156729	19	4.3
1527380067.75	4300	59.99778	0.0	2039773	24	4.3
1527380072.1	4300	59.748546	0.0	2176469	24	4.3
1527380075.95	4300	59.999055	0.0	2221506	26	4.3
1527380080.31	4300	59.499006	0.0	2044075	18	4.3
1527380084.15	4300	59.749315	0.0	2186790	21	4.3
1527380088.0	4300	59.747521	0.0	2105231	23	4.3
1527380092.35	4300	59.499427	0.0	2395588	27	4.3
1527380096.2	4300	59.749509	0.0	1972048	31	4.3
1527380100.05	4300	59.999308	0.0	2134614	20	4.3
1527380103.89	4300	59.997536	0.0	2164140	18	4.3
1527380107.74	4300	59.999156	0.0	2113193	24	4.3
1527380112.09	4300	59.748122	0.0	2147852	24	4.3
1527380116.44	4300	59.497461	0.0	2191074	25	4.3
1527380119.79	4300	59.998557	0.0	2286761	25	4.3
1527380124.15	4300	59.748708	0.0	2307787	26	4.3
1527380128.0	4300	59.997545	0.0	2143948	25	4.3
1527380131.84	4300	59.998342	0.0	1919781	22	4.3
1527380136.18	4300	59.748811	0.0	2147467	21	4.3
1527380140.04	4300	59.749194	0.0	2133870	35	4.3
1527380143.89	4300	59.998483	0.0	2146120	24	4.3
1527380148.25	4300	59.748374	0.0	2108491	23	4.3
1527380152.09	4300	59.74905	0.0	2184571	23	4.3
1527380156.43	4300	59.498824	0.0	2121928	19	4.3
1527380159.78	4300	59.998852	0.0	2219102	26	4.3
1527380164.14	4300	59.998972	0.0	2124950	25	4.3
1527380167.99	4300	59.998397	0.0	2246506	25	4.3
1527380172.33	4300	59.748451	0.0	1961140	20	4.3
1527380176.18	4300	59.999151	0.0	2155012	24	4.3
1527380178.01	4300	59.428168	0.0	1433658	16	4.3

1527380178.75	750	4	0.015	450283	1	-0.0645
1527380179.12	4300	7.935304	0.0	2123065	20	0.75
1527380179.46	4300	11.588735	0.0	2177073	11	4.3
1527380179.8	4300	15.246703	0.0	2160877	25	4.3
1527380180.14	4300	18.911593	0.0	2233056	26	4.3
1527380180.47	4300	22.580697	0.0	1941625	21	4.3
1527380180.8	4300	26.248657	0.0	2157535	21	4.3
1527380181.15	4300	29.903816	0.0	2290172	28	4.3
1527380181.49	4300	33.565957	0.0	2055469	22	4.3
1527380181.82	4300	37.229783	0.0	2169201	27	4.3
1527380182.15	4300	40.899029	0.0	2173522	22	4.3
1527380182.49	4300	44.561355	0.0	2102452	22	4.3
1527380182.83	4300	48.220584	0.0	2209463	25	4.3
1527380183.18	4300	51.870826	0.0	2275376	31	4.3
1527380183.52	4300	55.533574	0.0	2005399	22	4.3
1527380183.86	4300	59.194451	0.0	2152483	23	4.3
1527380187.2	4300	59.998237	0.0	2289689	23	4.3
1527380191.55	4300	59.748173	0.0	2059512	23	4.3
1527380195.4	4300	59.998708	0.0	2220726	26	4.3
1527380199.25	4300	59.997837	0.0	2156729	24	4.3
1527380203.09	4300	59.998151	0.0	2039773	21	4.3
1527380207.44	4300	59.748272	0.0	2176469	21	4.3
1527380211.79	4300	59.49884	0.0	2221506	25	4.3
1527380215.13	4300	59.998376	0.0	2044075	22	4.3
1527380219.49	4300	59.999002	0.0	2186790	27	4.3
1527380223.34	4300	59.749315	0.0	2105231	25	4.3
1527380227.18	4300	59.998237	0.0	2395588	27	4.3
1527380231.53	4300	59.999143	0.0	1972048	18	4.3
1527380235.39	4300	59.749558	0.0	2134614	30	4.3
1527380239.74	4300	59.749259	0.0	2164140	25	4.3
1527380243.09	4300	59.998957	0.0	2113193	26	4.3
1527380247.43	4300	59.99881	0.0	2147852	20	4.3
1527380251.78	4300	59.747972	0.0	2191074	22	4.3
1527380255.12	4300	59.998571	0.0	2286761	23	4.3
1527380259.48	4300	59.747674	0.0	2307787	27	4.3
1527380263.33	4300	59.998281	0.0	2143948	25	4.3
1527380267.68	4300	59.748963	0.0	1919781	20	4.3
1527380271.53	4300	59.998515	0.0	2147467	24	4.3
1527380275.38	4300	59.748398	0.0	2133870	25	4.3
1527380279.74	4300	59.49779	0.0	2146120	25	4.3
1527380283.59	4300	59.748164	0.0	2108491	22	4.3
1527380287.43	4300	59.748417	0.0	2184571	25	4.3
1527380291.29	4300	59.99933	0.0	2121928	24	4.3
1527380295.14	4300	59.999163	0.0	2219102	25	4.3
1527380299.49	4300	59.997876	0.0	2124950	20	4.3
1527380303.35	4300	59.749229	0.0	2246506	26	4.3
1527380307.2	4300	59.998333	0.0	1961140	23	4.3
1527380311.53	4300	59.997548	0.0	2155012	15	4.3
1527380312.87	4300	59.929258	0.0	1433658	17	4.3

1527380313.62	750	4	0.026	2354772	7	-0.11180000000000001
1527380313.97	4300	7.954337	0.0	2123065	24	0.75
1527380314.31	4300	11.61618	0.0	2177073	26	4.3
1527380314.64	4300	15.27947	0.0	2160877	20	4.3
1527380315.0	4300	18.923447	0.0	2233056	45	4.3
1527380315.33	4300	22.59116	0.0	1941625	19	4.3
1527380315.67	4300	26.256484	0.0	2157535	20	4.3
1527380316.01	4300	29.913361	0.0	2290172	26	4.3
1527380316.34	4300	33.578574	0.0	2055469	23	4.3
1527380316.68	4300	37.240622	0.0	2169201	23	4.3
1527380317.01	4300	40.908457	0.0	2173522	21	4.3
1527380317.35	4300	44.575687	0.0	2102452	18	4.3
1527380317.7	4300	48.217795	0.0	2209463	27	4.3
1527380318.05	4300	51.868832	0.0	2275376	26	4.3
1527380318.39	4300	55.533351	0.0	2005399	12	4.3
1527380318.72	4300	59.200474	0.0	2152483	20	4.3
1527380322.58	4300	59.49795	0.0	2289689	27	4.3
