1527372330.36	750	4	0.028	2354772	7	-0.12039999999999995
1527372330.76	4300	7.95647	0.0	2123065	26	0.75
1527372331.16	4300	11.556857	0.0	2177073	16	4.3
1527372331.54	4300	15.170729	0.0	2160877	23	4.3
1527372331.93	4300	18.781948	0.0	2233056	24	4.3
1527372332.32	4300	22.396201	0.0	1941625	21	4.3
1527372332.71	4300	26.006727	0.0	2157535	23	4.3
1527372333.1	4300	29.614702	0.0	2290172	25	4.3
1527372333.48	4300	33.228016	0.0	2055469	24	4.3
1527372333.88	4300	36.835127	0.0	2169201	24	4.3
1527372334.28	4300	40.435249	0.0	2173522	22	4.3
1527372334.67	4300	44.047417	0.0	2102452	25	4.3
1527372335.05	4300	47.661017	0.0	2209463	25	4.3
1527372335.44	4300	51.273672	0.0	2275376	26	4.3
1527372335.83	4300	54.883044	0.0	2005399	21	4.3
1527372336.23	4300	58.479264	0.0	2152483	19	4.3
1527372339.14	4300	59.748828	0.0	2289689	26	4.3
1527372343.06	4300	59.749677	0.0	2059512	24	4.3
1527372347.47	4300	59.249535	0.0	2220726	34	4.3
1527372350.86	4300	59.999481	0.0	2156729	26	4.3
1527372355.26	4300	59.74893	0.0	2039773	23	4.3
1527372359.16	4300	59.998816	0.0	2176469	25	4.3
1527372363.07	4300	59.7491	0.0	2221506	23	4.3
1527372366.97	4300	59.747692	0.0	2044075	22	4.3
1527372371.37	4300	59.497904	0.0	2186790	25	4.3
1527372374.76	4300	59.999138	0.0	2105231	19	4.3
1527372379.2	4300	59.747816	0.0	2395588	25	4.3
1527372383.09	4300	59.747584	0.0	1972048	18	4.3
1527372386.99	4300	59.998565	0.0	2134614	33	4.3
1527372391.39	4300	59.498062	0.0	2164140	18	4.3
1527372395.29	4300	59.747687	0.0	2113193	23	4.3
1527372399.19	4300	59.747746	0.0	2147852	24	4.3
1527372403.09	4300	59.747911	0.0	2191074	25	4.3
1527372406.99	4300	59.998082	0.0	2286761	25	4.3
1527372410.89	4300	59.998729	0.0	2307787	26	4.3
1527372414.81	4300	59.998571	0.0	2143948	23	4.3
1527372419.21	4300	59.749018	0.0	1919781	21	4.3
1527372423.1	4300	59.99778	0.0	2147467	20	4.3
1527372427.0	4300	59.747531	0.0	2133870	24	4.3
1527372430.91	4300	59.998701	0.0	2146120	22	4.3
1527372434.8	4300	59.999394	0.0	2108491	24	4.3
1527372439.21	4300	59.748941	0.0	2184571	20	4.3
1527372443.11	4300	59.748344	0.0	2121928	25	4.3
1527372447.01	4300	59.748697	0.0	2219102	22	4.3
1527372450.92	4300	59.998952	0.0	2124950	23	4.3
1527372454.82	4300	59.999196	0.0	2246506	21	4.3
1527372459.2	4300	59.998217	0.0	1961140	22	4.3
1527372463.07	4300	59.998065	0.0	2155012	20	4.3
1527372464.92	4300	59.646356	0.0	1433658	17	4.3

1527372465.67	750	4	0.019	668286	2	-0.0817
1527372466.07	4300	7.945094	0.0	2123065	14	0.75
1527372466.48	4300	11.541756	0.0	2177073	21	4.3
1527372466.88	4300	15.142429	0.0	2160877	22	4.3
1527372467.27	4300	18.750684	0.0	2233056	23	4.3
1527372467.66	4300	22.360459	0.0	1941625	21	4.3
1527372468.04	4300	25.972119	0.0	2157535	12	4.3
1527372468.43	4300	29.587087	0.0	2290172	27	4.3
1527372468.82	4300	33.201995	0.0	2055469	23	4.3
1527372469.21	4300	36.811184	0.0	2169201	24	4.3
1527372469.6	4300	40.42185	0.0	2173522	23	4.3
1527372469.97	4300	44.050376	0.0	2102452	11	4.3
1527372470.35	4300	47.663343	0.0	2209463	23	4.3
1527372470.74	4300	51.275234	0.0	2275376	26	4.3
1527372471.14	4300	54.881254	0.0	2005399	19	4.3
1527372471.57	4300	58.452747	0.0	2152483	34	4.3
1527372474.46	4300	59.749341	0.0	2289689	20	4.3
1527372478.35	4300	59.749694	0.0	2059512	23	4.3
1527372482.26	4300	59.999269	0.0	2220726	25	4.3
1527372486.16	4300	59.998902	0.0	2156729	23	4.3
1527372490.09	4300	59.998413	0.0	2039773	22	4.3
1527372494.5	4300	59.748481	0.0	2176469	21	4.3
1527372498.4	4300	59.748769	0.0	2221506	24	4.3
1527372502.3	4300	59.749255	0.0	2044075	22	4.3
1527372506.22	4300	59.99875	0.0	2186790	24	4.3
1527372510.63	4300	59.74814	0.0	2105231	23	4.3
1527372514.52	4300	59.498537	0.0	2395588	22	4.3
1527372518.43	4300	59.998532	0.0	1972048	24	4.3
1527372522.34	4300	59.748196	0.0	2134614	23	4.3
1527372526.74	4300	59.748928	0.0	2164140	24	4.3
1527372530.15	4300	59.997679	0.0	2113193	23	4.3
1527372534.06	4300	59.998821	0.0	2147852	25	4.3
1527372538.46	4300	59.747737	0.0	2191074	18	4.3
1527372542.35	4300	59.997857	0.0	2286761	23	4.3
1527372546.75	4300	59.747698	0.0	2307787	26	4.3
1527372550.15	4300	59.997533	0.0	2143948	19	4.3
1527372554.55	4300	59.747863	0.0	1919781	22	4.3
1527372558.44	4300	59.99762	0.0	2147467	21	4.3
1527372562.34	4300	59.998131	0.0	2133870	23	4.3
1527372566.24	4300	59.998971	0.0	2146120	25	4.3
1527372570.14	4300	59.998457	0.0	2108491	21	4.3
1527372574.03	4300	59.998986	0.0	2184571	26	4.3
1527372578.43	4300	59.74914	0.0	2121928	22	4.3
1527372582.33	4300	59.748333	0.0	2219102	24	4.3
1527372586.72	4300	59.748419	0.0	2124950	19	4.3
1527372590.62	4300	59.497438	0.0	2246506	24	4.3
1527372594.5	4300	59.998472	0.0	1961140	22	4.3
