1527473669.73	750	4	0.026	2354772	9	-0.11180000000000001
1527473670.12	4300	7.960224	0.0	2123065	23	0.75
1527473670.51	4300	11.571793	0.0	2177073	25	4.3
1527473670.88	4300	15.200978	0.0	2160877	14	4.3
1527473671.26	4300	18.817585	0.0	2233056	23	4.3
1527473671.64	4300	22.432484	0.0	1941625	22	4.3
1527473672.03	4300	26.044077	0.0	2157535	25	4.3
1527473672.42	4300	29.655789	0.0	2290172	26	4.3
1527473672.81	4300	33.269191	0.0	2055469	23	4.3
1527473673.2	4300	36.877362	0.0	2169201	24	4.3
1527473673.6	4300	40.481437	0.0	2173522	23	4.3
1527473673.97	4300	44.103081	0.0	2102452	24	4.3
1527473674.34	4300	47.736269	0.0	2209463	15	4.3
1527473674.73	4300	51.343756	0.0	2275376	15	4.3
1527473675.12	4300	54.958334	0.0	2005399	22	4.3
1527473675.51	4300	58.56851	0.0	2152483	24	4.3
1527473678.42	4300	59.997685	0.0	2289689	27	4.3
1527473682.3	4300	59.993178	0.0	2059512	18	4.3
1527473686.2	4300	59.998745	0.0	2220726	23	4.3
1527473690.1	4300	59.998943	0.0	2156729	22	4.3
1527473694.5	4300	59.748566	0.0	2039773	23	4.3
1527473698.4	4300	59.747879	0.0	2176469	25	4.3
1527473702.3	4300	59.999168	0.0	2221506	24	4.3
1527473706.2	4300	59.997838	0.0	2044075	22	4.3
1527473710.1	4300	59.999311	0.0	2186790	25	4.3
1527473714.51	4300	59.749163	0.0	2105231	24	4.3
1527473718.41	4300	59.748437	0.0	2395588	28	4.3
1527473722.29	4300	59.998668	0.0	1972048	17	4.3
1527473726.69	4300	59.498418	0.0	2134614	23	4.3
1527473730.59	4300	59.498606	0.0	2164140	24	4.3
1527473734.5	4300	59.99874	0.0	2113193	37	4.3
1527473738.4	4300	59.748555	0.0	2147852	24	4.3
1527473742.8	4300	59.498783	0.0	2191074	25	4.3
1527473746.2	4300	59.998634	0.0	2286761	26	4.3
1527473750.6	4300	59.497576	0.0	2307787	27	4.3
1527473754.51	4300	59.998855	0.0	2143948	26	4.3
1527473758.4	4300	59.749378	0.0	1919781	23	4.3
1527473762.3	4300	59.997543	0.0	2147467	26	4.3
1527473766.7	4300	59.49892	0.0	2133870	23	4.3
1527473770.63	4300	59.748474	0.0	2146120	25	4.3
1527473774.52	4300	59.748845	0.0	2108491	22	4.3
1527473778.41	4300	59.998629	0.0	2184571	25	4.3
1527473782.81	4300	59.748624	0.0	2121928	25	4.3
1527473786.21	4300	59.998785	0.0	2219102	20	4.3
1527473790.6	4300	59.498462	0.0	2124950	17	4.3
1527473794.48	4300	59.748904	0.0	2246506	17	4.3
1527473798.34	4300	59.747993	0.0	1961140	13	4.3
1527473802.21	4300	59.998544	0.0	2155012	24	4.3
1527473804.56	4300	59.671743	0.0	1433658	16	4.3

1527473805.31	750	4	0.017	668286	2	-0.07309999999999994
1527473805.72	4300	7.94578	0.0	2123065	24	0.75
1527473806.11	4300	11.555764	0.0	2177073	21	4.3
1527473806.5	4300	15.168191	0.0	2160877	25	4.3
1527473806.88	4300	18.780002	0.0	2233056	25	4.3
1527473807.28	4300	22.386287	0.0	1941625	21	4.3
1527473807.67	4300	25.993854	0.0	2157535	33	4.3
1527473808.06	4300	29.60831	0.0	2290172	24	4.3
1527473808.45	4300	33.212117	0.0	2055469	21	4.3
1527473808.84	4300	36.827139	0.0	2169201	25	4.3
1527473809.23	4300	40.439553	0.0	2173522	25	4.3
1527473809.61	4300	44.056869	0.0	2102452	18	4.3
1527473810.0	4300	47.661087	0.0	2209463	25	4.3
1527473810.39	4300	51.271052	0.0	2275376	26	4.3
1527473810.78	4300	54.88468	0.0	2005399	22	4.3
1527473811.19	4300	58.480217	0.0	2152483	46	4.3
1527473814.08	4300	59.748827	0.0	2289689	24	4.3
1527473817.97	4300	59.999265	0.0	2059512	17	4.3
1527473822.37	4300	59.498603	0.0	2220726	25	4.3
1527473825.76	4300	59.998665	0.0	2156729	23	4.3
1527473830.16	4300	59.749363	0.0	2039773	21	4.3
1527473834.05	4300	59.998075	0.0	2176469	15	4.3
1527473837.95	4300	59.748868	0.0	2221506	23	4.3
1527473841.84	4300	59.999027	0.0	2044075	21	4.3
1527473845.74	4300	59.99895	0.0	2186790	22	4.3
1527473850.14	4300	59.748567	0.0	2105231	25	4.3
1527473854.04	4300	59.748703	0.0	2395588	28	4.3
1527473857.94	4300	59.748982	0.0	1972048	23	4.3
1527473862.33	4300	59.49757	0.0	2134614	21	4.3
1527473865.73	4300	59.998973	0.0	2164140	25	4.3
1527473870.13	4300	59.998653	0.0	2113193	25	4.3
1527473874.03	4300	59.998016	0.0	2147852	25	4.3
1527473877.93	4300	59.747722	0.0	2191074	26	4.3
1527473881.83	4300	59.998412	0.0	2286761	27	4.3
1527473885.73	4300	59.998803	0.0	2307787	27	4.3
1527473890.13	4300	59.748563	0.0	2143948	25	4.3
1527473894.02	4300	59.749012	0.0	1919781	16	4.3
1527473897.91	4300	59.99896	0.0	2147467	23	4.3
1527473901.81	4300	59.999327	0.0	2133870	25	4.3
1527473905.71	4300	59.999264	0.0	2146120	25	4.3
1527473910.12	4300	59.748292	0.0	2108491	24	4.3
1527473914.02	4300	59.748258	0.0	2184571	32	4.3
1527473917.92	4300	59.999002	0.0	2121928	24	4.3
1527473922.32	4300	59.498642	0.0	2219102	24	4.3
1527473925.73	4300	59.997449	0.0	2124950	14	4.3
1527473930.12	4300	59.749016	0.0	2246506	25	4.3
1527473933.99	4300	59.747927	0.0	1961140	21	4.3
1527473938.37	4300	59.747619	0.0	2155012	23	4.3
1527473939.72	4300	59.673099	0.0	1433658	16	4.3

1527473940.48	750	4	0.017	668286	4	-0.07309999999999994
1527473940.87	4300	7.961236	0.0	2123065	16	0.75
1527473941.26	4300	11.566948	0.0	2177073	22	4.3
1527473941.65	4300	15.178499	0.0	2160877	25	4.3
1527473942.04	4300	18.79019	0.0	2233056	24	4.3
1527473942.43	4300	22.395955	0.0	1941625	21	4.3
1527473942.83	4300	25.994681	0.0	2157535	42	4.3
1527473943.21	4300	29.611602	0.0	2290172	26	4.3
1527473943.62	4300	33.200738	0.0	2055469	21	4.3
1527473944.02	4300	36.807766	0.0	2169201	25	4.3
1527473944.41	4300	40.418072	0.0	2173522	25	4.3
1527473944.78	4300	44.043011	0.0	2102452	13	4.3
1527473945.16	4300	47.662189	0.0	2209463	23	4.3
1527473945.55	4300	51.274055	0.0	2275376	27	4.3
1527473945.94	4300	54.890381	0.0	2005399	23	4.3
1527473946.34	4300	58.482076	0.0	2152483	38	4.3
1527473949.24	4300	59.749871	0.0	2289689	22	4.3
1527473953.14	4300	59.749312	0.0	2059512	22	4.3
1527473957.53	4300	59.499166	0.0	2220726	25	4.3
1527473961.43	4300	59.499276	0.0	2156729	21	4.3
1527473965.32	4300	59.998576	0.0	2039773	22	4.3
1527473969.22	4300	59.748014	0.0	2176469	23	4.3
1527473973.12	4300	59.747866	0.0	2221506	25	4.3
1527473977.52	4300	59.748733	0.0	2044075	22	4.3
1527473980.91	4300	59.999419	0.0	2186790	22	4.3
1527473985.31	4300	59.749256	0.0	2105231	23	4.3
1527473989.2	4300	59.749744	0.0	2395588	25	4.3
1527473993.1	4300	59.749624	0.0	1972048	23	4.3
1527473997.5	4300	59.498829	0.0	2134614	24	4.3
1527474001.41	4300	59.748235	0.0	2164140	25	4.3
1527474005.31	4300	59.749341	0.0	2113193	23	4.3
1527474009.23	4300	59.749333	0.0	2147852	22	4.3
1527474013.13	4300	59.998841	0.0	2191074	13	4.3
1527474017.52	4300	59.498304	0.0	2286761	20	4.3
1527474020.92	4300	59.998992	0.0	2307787	26	4.3
1527474025.31	4300	59.748307	0.0	2143948	24	4.3
1527474029.21	4300	59.749421	0.0	1919781	22	4.3
1527474033.11	4300	59.749165	0.0	2147467	20	4.3
1527474036.99	4300	59.997847	0.0	2133870	24	4.3
1527474040.9	4300	59.997962	0.0	2146120	24	4.3
1527474045.29	4300	59.748735	0.0	2108491	25	4.3
