1527370858.21	750	4	0.027	2354772	9	-0.11609999999999998
1527370858.61	4300	7.959129	0.0	2123065	24	0.75
1527370859.0	4300	11.56834	0.0	2177073	20	4.3
1527370859.39	4300	15.17602	0.0	2160877	33	4.3
1527370859.78	4300	18.788039	0.0	2233056	24	4.3
1527370860.17	4300	22.401233	0.0	1941625	20	4.3
1527370860.56	4300	26.010813	0.0	2157535	24	4.3
1527370860.95	4300	29.61545	0.0	2290172	25	4.3
1527370861.34	4300	33.22872	0.0	2055469	23	4.3
1527370861.73	4300	36.839406	0.0	2169201	24	4.3
1527370862.13	4300	40.438817	0.0	2173522	25	4.3
1527370862.52	4300	44.048542	0.0	2102452	24	4.3
1527370862.91	4300	47.655803	0.0	2209463	22	4.3
1527370863.3	4300	51.270725	0.0	2275376	21	4.3
1527370863.69	4300	54.879066	0.0	2005399	22	4.3
1527370864.08	4300	58.490682	0.0	2152483	25	4.3
1527370866.97	4300	59.747805	0.0	2289689	25	4.3
1527370870.86	4300	59.749025	0.0	2059512	18	4.3
1527370874.76	4300	59.999108	0.0	2220726	22	4.3
1527370878.66	4300	59.997849	0.0	2156729	25	4.3
1527370883.06	4300	59.998958	0.0	2039773	23	4.3
1527370886.97	4300	59.748947	0.0	2176469	23	4.3
1527370890.87	4300	59.749207	0.0	2221506	25	4.3
1527370895.27	4300	59.498684	0.0	2044075	22	4.3
1527370899.17	4300	59.499426	0.0	2186790	25	4.3
1527370902.57	4300	59.998414	0.0	2105231	23	4.3
1527370906.97	4300	59.749314	0.0	2395588	23	4.3
1527370910.87	4300	59.999172	0.0	1972048	22	4.3
1527370915.29	4300	59.498587	0.0	2134614	35	4.3
1527370919.18	4300	59.498662	0.0	2164140	24	4.3
1527370922.58	4300	59.999036	0.0	2113193	22	4.3
1527370926.97	4300	59.997883	0.0	2147852	24	4.3
1527370930.87	4300	59.749106	0.0	2191074	19	4.3
1527370935.26	4300	59.748855	0.0	2286761	23	4.3
1527370939.16	4300	59.498693	0.0	2307787	25	4.3
1527370943.06	4300	59.999076	0.0	2143948	24	4.3
1527370946.96	4300	59.998803	0.0	1919781	21	4.3
1527370950.86	4300	59.748122	0.0	2147467	24	4.3
1527370955.26	4300	59.748979	0.0	2133870	23	4.3
1527370958.66	4300	59.999322	0.0	2146120	19	4.3
1527370963.06	4300	59.998491	0.0	2108491	22	4.3
1527370966.95	4300	59.749254	0.0	2184571	20	4.3
1527370970.85	4300	59.748548	0.0	2121928	25	4.3
1527370974.74	4300	59.997591	0.0	2219102	25	4.3
1527370979.14	4300	59.748416	0.0	2124950	23	4.3
1527370983.03	4300	59.749245	0.0	2246506	21	4.3
1527370986.9	4300	59.748318	0.0	1961140	19	4.3
1527370991.27	4300	59.748318	0.0	2155012	24	4.3
1527370992.62	4300	59.678463	0.0	1433658	16	4.3

1527370993.37	750	4	0.015	668286	3	-0.0645
1527370993.77	4300	7.948864	0.0	2123065	21	0.75
1527370994.15	4300	11.56194	0.0	2177073	27	4.3
1527370994.54	4300	15.172974	0.0	2160877	25	4.3
1527370994.93	4300	18.784541	0.0	2233056	25	4.3
1527370995.32	4300	22.391786	0.0	1941625	21	4.3
1527370995.72	4300	26.000377	0.0	2157535	16	4.3
1527370996.1	4300	29.613463	0.0	2290172	25	4.3
1527370996.49	4300	33.227796	0.0	2055469	23	4.3
1527370996.88	4300	36.837071	0.0	2169201	25	4.3
1527370997.27	4300	40.444755	0.0	2173522	25	4.3
1527370997.66	4300	44.059662	0.0	2102452	16	4.3
1527370998.04	4300	47.677045	0.0	2209463	18	4.3
1527370998.42	4300	51.293328	0.0	2275376	21	4.3
1527370998.81	4300	54.911443	0.0	2005399	22	4.3
1527370999.21	4300	58.508528	0.0	2152483	41	4.3
1527371002.1	4300	59.747775	0.0	2289689	22	4.3
1527371006.0	4300	59.749119	0.0	2059512	24	4.3
1527371009.9	4300	59.998373	0.0	2220726	24	4.3
1527371013.8	4300	59.999135	0.0	2156729	25	4.3
1527371018.2	4300	59.748942	0.0	2039773	22	4.3
1527371022.09	4300	59.997759	0.0	2176469	21	4.3
1527371025.99	4300	59.998792	0.0	2221506	24	4.3
1527371029.89	4300	59.998623	0.0	2044075	24	4.3
1527371033.78	4300	59.997834	0.0	2186790	24	4.3
1527371038.18	4300	59.748686	0.0	2105231	24	4.3
1527371042.08	4300	59.998851	0.0	2395588	22	4.3
1527371046.0	4300	59.997946	0.0	1972048	22	4.3
1527371049.9	4300	59.998976	0.0	2134614	23	4.3
1527371053.79	4300	59.999358	0.0	2164140	24	4.3
1527371058.19	4300	59.999267	0.0	2113193	23	4.3
1527371062.08	4300	59.748311	0.0	2147852	22	4.3
1527371065.98	4300	59.998699	0.0	2191074	24	4.3
1527371070.38	4300	59.498775	0.0	2286761	26	4.3
1527371073.76	4300	59.999244	0.0	2307787	19	4.3
1527371078.17	4300	59.74854	0.0	2143948	23	4.3
1527371082.07	4300	59.749267	0.0	1919781	19	4.3
1527371085.96	4300	59.99943	0.0	2147467	23	4.3
1527371089.85	4300	59.99895	0.0	2133870	24	4.3
1527371093.76	4300	59.998819	0.0	2146120	23	4.3
1527371098.16	4300	59.747961	0.0	2108491	25	4.3
1527371102.05	4300	59.747463	0.0	2184571	26	4.3
1527371105.94	4300	59.998907	0.0	2121928	21	4.3
1527371110.34	4300	59.498289	0.0	2219102	27	4.3
1527371113.74	4300	59.997553	0.0	2124950	24	4.3
1527371118.14	4300	59.997461	0.0	2246506	25	4.3
1527371122.02	4300	59.748414	0.0	1961140	22	4.3
1527371126.39	4300	59.498569	0.0	2155012	25	4.3
1527371127.74	4300	59.664612	0.0	1433658	17	4.3

1527371128.5	750	4	0.017	668286	3	-0.07309999999999994
1527371128.92	4300	7.95096	0.0	2123065	18	0.75
1527371129.31	4300	11.53743	0.0	2177073	21	4.3
1527371129.69	4300	15.151519	0.0	2160877	25	4.3
1527371130.09	4300	18.759407	0.0	2233056	25	4.3
1527371130.47	4300	22.369688	0.0	1941625	23	4.3
1527371130.87	4300	25.975948	0.0	2157535	34	4.3
1527371131.26	4300	29.588733	0.0	2290172	24	4.3
1527371131.64	4300	33.203992	0.0	2055469	21	4.3
1527371132.03	4300	36.814015	0.0	2169201	25	4.3
1527371132.42	4300	40.424786	0.0	2173522	25	4.3
1527371132.8	4300	44.047542	0.0	2102452	12	4.3
1527371133.18	4300	47.664996	0.0	2209463	24	4.3
1527371133.57	4300	51.278282	0.0	2275376	27	4.3
1527371133.95	4300	54.89235	0.0	2005399	23	4.3
1527371134.35	4300	58.500151	0.0	2152483	34	4.3
1527371137.24	4300	59.748428	0.0	2289689	26	4.3
1527371141.14	4300	59.749772	0.0	2059512	22	4.3
1527371145.04	4300	59.998793	0.0	2220726	21	4.3
