1527438479.95	750	4	0.012	450283	2	-0.05159999999999998
1527438480.34	4300	7.961145	0.0	2123065	13	0.75
1527438480.68	4300	11.621042	0.0	2177073	22	4.3
1527438481.0	4300	15.300809	0.0	2160877	12	4.3
1527438481.32	4300	18.982986	0.0	2233056	13	4.3
1527438481.65	4300	22.652507	0.0	1941625	16	4.3
1527438481.99	4300	26.306437	0.0	2157535	23	4.3
1527438482.33	4300	29.96998	0.0	2290172	23	4.3
1527438482.64	4300	33.65961	0.0	2055469	8	4.3
1527438482.97	4300	37.332705	0.0	2169201	17	4.3
1527438483.3	4300	41.003155	0.0	2173522	17	4.3
1527438483.64	4300	44.66117	0.0	2102452	24	4.3
1527438483.98	4300	48.318739	0.0	2209463	23	4.3
1527438484.32	4300	51.981051	0.0	2275376	26	4.3
1527438484.65	4300	55.647524	0.0	2005399	18	4.3
1527438484.99	4300	59.306336	0.0	2152483	25	4.3
1527438488.34	4300	59.997796	0.0	2289689	24	4.3
1527438492.69	4300	59.748407	0.0	2059512	22	4.3
1527438496.53	4300	59.997697	0.0	2220726	10	4.3
1527438500.37	4300	59.998766	0.0	2156729	18	4.3
1527438504.72	4300	59.749365	0.0	2039773	22	4.3
1527438508.58	4300	59.998992	0.0	2176469	26	4.3
1527438512.92	4300	59.498987	0.0	2221506	23	4.3
1527438516.77	4300	59.998523	0.0	2044075	22	4.3
1527438520.61	4300	59.998711	0.0	2186790	22	4.3
1527438524.46	4300	59.9976	0.0	2105231	23	4.3
1527438528.32	4300	59.999361	0.0	2395588	27	4.3
1527438532.67	4300	59.74874	0.0	1972048	20	4.3
1527438536.52	4300	59.998286	0.0	2134614	33	4.3
1527438540.87	4300	59.748147	0.0	2164140	24	4.3
1527438544.72	4300	59.998455	0.0	2113193	24	4.3
1527438548.57	4300	59.747746	0.0	2147852	23	4.3
1527438552.41	4300	59.99877	0.0	2191074	20	4.3
1527438556.77	4300	59.998536	0.0	2286761	21	4.3
1527438560.62	4300	59.998946	0.0	2307787	24	4.3
1527438564.47	4300	59.99816	0.0	2143948	24	4.3
1527438568.81	4300	59.497501	0.0	1919781	21	4.3
1527438572.66	4300	59.997534	0.0	2147467	25	4.3
1527438577.0	4300	59.747456	0.0	2133870	23	4.3
1527438580.36	4300	59.998248	0.0	2146120	35	4.3
1527438584.71	4300	59.7484	0.0	2108491	25	4.3
1527438588.56	4300	59.999041	0.0	2184571	26	4.3
1527438592.4	4300	59.997339	0.0	2121928	21	4.3
1527438596.76	4300	59.748617	0.0	2219102	19	4.3
1527438600.6	4300	59.748213	0.0	2124950	17	4.3
1527438604.45	4300	59.998483	0.0	2246506	24	4.3
1527438608.8	4300	59.998441	0.0	1961140	20	4.3
1527438612.65	4300	59.997819	0.0	2155012	24	4.3
1527438614.48	4300	59.927882	0.0	1433658	16	4.3

1527438615.23	750	4	0.016	668286	4	-0.06879999999999997
1527438615.58	4300	7.952857	0.0	2123065	17	0.75
1527438615.93	4300	11.604815	0.0	2177073	29	4.3
1527438616.27	4300	15.257118	0.0	2160877	13	4.3
1527438616.61	4300	18.919094	0.0	2233056	23	4.3
1527438616.95	4300	22.585412	0.0	1941625	21	4.3
1527438617.29	4300	26.244076	0.0	2157535	18	4.3
1527438617.63	4300	29.902184	0.0	2290172	25	4.3
1527438617.96	4300	33.568024	0.0	2055469	21	4.3
1527438618.29	4300	37.245597	0.0	2169201	14	4.3
1527438618.62	4300	40.90873	0.0	2173522	23	4.3
1527438618.96	4300	44.571528	0.0	2102452	19	4.3
1527438619.3	4300	48.227976	0.0	2209463	25	4.3
1527438619.65	4300	51.876495	0.0	2275376	35	4.3
1527438619.99	4300	55.537633	0.0	2005399	21	4.3
1527438620.33	4300	59.199341	0.0	2152483	23	4.3
1527438624.18	4300	59.499451	0.0	2289689	20	4.3
1527438628.02	4300	59.998001	0.0	2059512	15	4.3
1527438631.88	4300	59.748708	0.0	2220726	23	4.3
1527438635.72	4300	59.998878	0.0	2156729	23	4.3
1527438640.07	4300	59.497922	0.0	2039773	19	4.3
1527438643.91	4300	59.74953	0.0	2176469	22	4.3
1527438648.26	4300	59.749134	0.0	2221506	20	4.3
1527438652.1	4300	59.498123	0.0	2044075	20	4.3
1527438655.95	4300	59.747695	0.0	2186790	20	4.3
1527438659.8	4300	59.99903	0.0	2105231	25	4.3
1527438663.65	4300	59.999308	0.0	2395588	26	4.3
1527438668.0	4300	59.749214	0.0	1972048	20	4.3
1527438671.85	4300	59.747837	0.0	2134614	31	4.3
1527438676.21	4300	59.74948	0.0	2164140	24	4.3
1527438680.06	4300	59.74764	0.0	2113193	23	4.3
1527438683.91	4300	59.748043	0.0	2147852	21	4.3
1527438687.76	4300	59.997808	0.0	2191074	24	4.3
1527438692.11	4300	59.499043	0.0	2286761	25	4.3
1527438695.97	4300	59.749445	0.0	2307787	25	4.3
1527438699.83	4300	59.998774	0.0	2143948	24	4.3
1527438703.67	4300	59.999156	0.0	1919781	19	4.3
1527438708.02	4300	59.747744	0.0	2147467	20	4.3
1527438711.87	4300	59.748653	0.0	2133870	25	4.3
1527438715.72	4300	59.998542	0.0	2146120	29	4.3
1527438719.57	4300	59.998474	0.0	2108491	27	4.3
1527438723.92	4300	59.998185	0.0	2184571	23	4.3
1527438727.77	4300	59.999123	0.0	2121928	22	4.3
1527438732.11	4300	59.499188	0.0	2219102	20	4.3
1527438735.96	4300	59.748759	0.0	2124950	21	4.3
1527438739.82	4300	59.748865	0.0	2246506	26	4.3
1527438743.67	4300	59.998859	0.0	1961140	17	4.3
1527438748.01	4300	59.747615	0.0	2155012	20	4.3
1527438749.85	4300	59.677535	0.0	1433658	17	4.3

1527438750.61	750	4	0.016	668286	2	-0.06879999999999997
1527438750.96	4300	7.950924	0.0	2123065	22	0.75
1527438751.31	4300	11.602715	0.0	2177073	35	4.3
1527438751.62	4300	15.292326	0.0	2160877	8	4.3
1527438751.95	4300	18.958608	0.0	2233056	20	4.3
1527438752.28	4300	22.630263	0.0	1941625	17	4.3
1527438752.62	4300	26.285009	0.0	2157535	24	4.3
1527438752.96	4300	29.94609	0.0	2290172	26	4.3
1527438753.29	4300	33.615918	0.0	2055469	20	4.3
1527438753.63	4300	37.281722	0.0	2169201	21	4.3
1527438753.96	4300	40.948574	0.0	2173522	19	4.3
1527438754.29	4300	44.617174	0.0	2102452	18	4.3
1527438754.61	4300	48.297217	0.0	2209463	15	4.3
1527438754.96	4300	51.949521	0.0	2275376	36	4.3
1527438755.3	4300	55.610918	0.0	2005399	24	4.3
1527438755.63	4300	59.275105	0.0	2152483	23	4.3
1527438758.98	4300	59.997854	0.0	2289689	21	4.3
1527438763.33	4300	59.998011	0.0	2059512	23	4.3
1527438767.68	4300	59.248241	0.0	2220726	25	4.3
1527438771.53	4300	59.747916	0.0	2156729	24	4.3
1527438775.38	4300	59.99806	0.0	2039773	19	4.3
1527438779.22	4300	59.748886	0.0	2176469	19	4.3
