1527431253.95	750	4	0.015	450283	2	-0.0645
1527431254.34	4300	7.952376	0.0	2123065	18	0.75
1527431254.68	4300	11.611817	0.0	2177073	14	4.3
1527431255.02	4300	15.27121	0.0	2160877	26	4.3
1527431255.36	4300	18.931097	0.0	2233056	23	4.3
1527431255.7	4300	22.590369	0.0	1941625	22	4.3
1527431256.04	4300	26.250749	0.0	2157535	25	4.3
1527431256.38	4300	29.913837	0.0	2290172	23	4.3
1527431256.72	4300	33.568373	0.0	2055469	23	4.3
1527431257.06	4300	37.230714	0.0	2169201	25	4.3
1527431257.39	4300	40.895914	0.0	2173522	21	4.3
1527431257.73	4300	44.561335	0.0	2102452	20	4.3
1527431258.08	4300	48.209278	0.0	2209463	24	4.3
1527431258.43	4300	51.861419	0.0	2275376	11	4.3
1527431258.76	4300	55.523298	0.0	2005399	22	4.3
1527431259.13	4300	59.158109	0.0	2152483	22	4.3
1527431262.97	4300	59.498583	0.0	2289689	20	4.3
1527431266.83	4300	59.500526	0.0	2059512	21	4.3
1527431270.7	4300	59.749811	0.0	2220726	30	4.3
1527431274.55	4300	59.749884	0.0	2156729	25	4.3
1527431278.89	4300	59.499555	0.0	2039773	20	4.3
1527431282.74	4300	59.999254	0.0	2176469	23	4.3
1527431286.6	4300	59.749854	0.0	2221506	23	4.3
1527431290.95	4300	59.499698	0.0	2044075	26	4.3
1527431294.8	4300	59.498802	0.0	2186790	24	4.3
1527431298.64	4300	59.748935	0.0	2105231	20	4.3
1527431303.0	4300	59.500358	0.0	2395588	26	4.3
1527431306.86	4300	59.748563	0.0	1972048	22	4.3
1527431310.72	4300	59.999483	0.0	2134614	34	4.3
1527431314.57	4300	59.99841	0.0	2164140	25	4.3
1527431318.42	4300	59.998642	0.0	2113193	23	4.3
1527431322.77	4300	59.749707	0.0	2147852	24	4.3
1527431326.63	4300	59.749567	0.0	2191074	25	4.3
1527431330.97	4300	59.499308	0.0	2286761	22	4.3
1527431334.82	4300	59.749774	0.0	2307787	25	4.3
1527431338.66	4300	59.998582	0.0	2143948	20	4.3
1527431342.51	4300	59.999357	0.0	1919781	18	4.3
1527431346.36	4300	59.999207	0.0	2147467	25	4.3
1527431350.72	4300	59.750044	0.0	2133870	24	4.3
1527431354.57	4300	59.74831	0.0	2146120	35	4.3
1527431358.93	4300	59.748437	0.0	2108491	24	4.3
1527431362.75	4300	59.750082	0.0	2184571	8	4.3
1527431366.59	4300	59.999427	0.0	2121928	21	4.3
1527431370.94	4300	59.500244	0.0	2219102	22	4.3
1527431374.79	4300	59.499787	0.0	2124950	22	4.3
1527431378.64	4300	59.998527	0.0	2246506	26	4.3
1527431382.99	4300	59.499674	0.0	1961140	21	4.3
1527431386.84	4300	59.74829	0.0	2155012	23	4.3
1527431388.17	4300	59.929935	0.0	1433658	15	4.3

1527431388.94	750	4	0.017	668286	4	-0.07309999999999994
1527431389.29	4300	7.954439	0.0	2123065	16	0.75
1527431389.64	4300	11.60814	0.0	2177073	28	4.3
1527431389.98	4300	15.264551	0.0	2160877	13	4.3
1527431390.31	4300	18.93598	0.0	2233056	17	4.3
1527431390.65	4300	22.60054	0.0	1941625	21	4.3
1527431390.98	4300	26.26242	0.0	2157535	25	4.3
1527431391.32	4300	29.928704	0.0	2290172	21	4.3
1527431391.65	4300	33.599457	0.0	2055469	18	4.3
1527431391.97	4300	37.275494	0.0	2169201	16	4.3
1527431392.31	4300	40.939356	0.0	2173522	21	4.3
1527431392.63	4300	44.618504	0.0	2102452	15	4.3
1527431392.96	4300	48.28374	0.0	2209463	23	4.3
1527431393.28	4300	51.960669	0.0	2275376	16	4.3
1527431393.63	4300	55.619076	0.0	2005399	23	4.3
1527431393.96	4300	59.286283	0.0	2152483	20	4.3
1527431397.3	4300	59.999417	0.0	2289689	18	4.3
1527431401.65	4300	59.999003	0.0	2059512	22	4.3
1527431405.51	4300	59.748923	0.0	2220726	38	4.3
1527431409.36	4300	59.999047	0.0	2156729	24	4.3
1527431413.71	4300	59.999113	0.0	2039773	21	4.3
1527431417.56	4300	59.748928	0.0	2176469	24	4.3
1527431421.41	4300	59.998275	0.0	2221506	21	4.3
1527431425.76	4300	59.749622	0.0	2044075	21	4.3
1527431429.61	4300	59.748877	0.0	2186790	25	4.3
1527431433.46	4300	59.998844	0.0	2105231	24	4.3
1527431437.81	4300	59.748616	0.0	2395588	24	4.3
1527431441.65	4300	59.998624	0.0	1972048	21	4.3
1527431445.51	4300	59.998913	0.0	2134614	30	4.3
1527431449.36	4300	59.997621	0.0	2164140	23	4.3
1527431453.7	4300	59.999104	0.0	2113193	23	4.3
1527431457.55	4300	59.749411	0.0	2147852	24	4.3
1527431461.89	4300	59.749351	0.0	2191074	24	4.3
1527431465.74	4300	59.748989	0.0	2286761	26	4.3
1527431469.58	4300	59.748881	0.0	2307787	22	4.3
1527431473.93	4300	59.498837	0.0	2143948	21	4.3
1527431477.27	4300	59.999387	0.0	1919781	21	4.3
1527431481.63	4300	59.997668	0.0	2147467	23	4.3
1527431485.48	4300	59.998779	0.0	2133870	24	4.3
1527431489.33	4300	59.997804	0.0	2146120	31	4.3
1527431493.69	4300	59.748091	0.0	2108491	23	4.3
1527431497.54	4300	59.747802	0.0	2184571	25	4.3
1527431501.89	4300	59.748307	0.0	2121928	24	4.3
1527431505.73	4300	59.748974	0.0	2219102	25	4.3
1527431509.58	4300	59.997799	0.0	2124950	20	4.3
1527431513.43	4300	59.99878	0.0	2246506	26	4.3
1527431517.28	4300	59.99884	0.0	1961140	22	4.3
1527431521.62	4300	59.748963	0.0	2155012	22	4.3
1527431523.46	4300	59.678378	0.0	1433658	15	4.3

1527431524.22	750	4	0.016	668286	2	-0.06879999999999997
1527431524.57	4300	7.945495	0.0	2123065	24	0.75
1527431524.93	4300	11.602787	0.0	2177073	22	4.3
1527431525.26	4300	15.259447	0.0	2160877	12	4.3
1527431525.6	4300	18.923929	0.0	2233056	22	4.3
1527431525.93	4300	22.591485	0.0	1941625	20	4.3
1527431526.26	4300	26.260552	0.0	2157535	17	4.3
1527431526.59	4300	29.929581	0.0	2290172	18	4.3
1527431526.92	4300	33.5986	0.0	2055469	18	4.3
1527431527.25	4300	37.266773	0.0	2169201	19	4.3
1527431527.6	4300	40.918965	0.0	2173522	24	4.3
1527431527.94	4300	44.583729	0.0	2102452	23	4.3
1527431528.27	4300	48.24691	0.0	2209463	20	4.3
1527431528.61	4300	51.905486	0.0	2275376	23	4.3
1527431528.95	4300	55.568237	0.0	2005399	22	4.3
1527431529.28	4300	59.243508	0.0	2152483	15	4.3
1527431532.62	4300	59.999447	0.0	2289689	24	4.3
