1527433119.2	750	4	0.011	450283	2	-0.04730000000000001
1527433119.6	4300	7.954091	0.0	2123065	11	0.75
1527433119.98	4300	11.570369	0.0	2177073	24	4.3
1527433120.37	4300	15.181967	0.0	2160877	25	4.3
1527433120.75	4300	18.79588	0.0	2233056	25	4.3
1527433121.14	4300	22.408159	0.0	1941625	22	4.3
1527433121.54	4300	26.015635	0.0	2157535	23	4.3
1527433121.93	4300	29.620079	0.0	2290172	24	4.3
1527433122.32	4300	33.230643	0.0	2055469	22	4.3
1527433122.71	4300	36.845089	0.0	2169201	24	4.3
1527433123.09	4300	40.456257	0.0	2173522	25	4.3
1527433123.48	4300	44.072228	0.0	2102452	18	4.3
1527433123.87	4300	47.683393	0.0	2209463	21	4.3
1527433124.25	4300	51.296458	0.0	2275376	11	4.3
1527433124.63	4300	54.919695	0.0	2005399	20	4.3
1527433125.02	4300	58.535919	0.0	2152483	23	4.3
1527433127.91	4300	59.998669	0.0	2289689	26	4.3
1527433131.8	4300	59.998936	0.0	2059512	22	4.3
1527433135.7	4300	59.998969	0.0	2220726	24	4.3
1527433140.1	4300	59.748798	0.0	2156729	24	4.3
1527433143.99	4300	59.74902	0.0	2039773	19	4.3
1527433147.88	4300	59.748886	0.0	2176469	21	4.3
1527433151.82	4300	59.998477	0.0	2221506	24	4.3
1527433155.71	4300	59.998979	0.0	2044075	24	4.3
1527433159.61	4300	59.998589	0.0	2186790	24	4.3
1527433164.01	4300	59.998612	0.0	2105231	24	4.3
1527433167.9	4300	59.749553	0.0	2395588	21	4.3
1527433171.79	4300	59.998422	0.0	1972048	22	4.3
1527433176.19	4300	59.498465	0.0	2134614	23	4.3
1527433179.58	4300	59.997602	0.0	2164140	20	4.3
1527433183.99	4300	59.998601	0.0	2113193	23	4.3
1527433187.87	4300	59.997524	0.0	2147852	20	4.3
1527433191.77	4300	59.999204	0.0	2191074	24	4.3
1527433195.67	4300	59.999252	0.0	2286761	26	4.3
1527433199.57	4300	59.998679	0.0	2307787	27	4.3
1527433203.97	4300	59.997646	0.0	2143948	23	4.3
1527433207.85	4300	59.748514	0.0	1919781	18	4.3
1527433212.25	4300	59.748514	0.0	2147467	24	4.3
1527433216.14	4300	59.497634	0.0	2133870	18	4.3
1527433220.04	4300	59.749467	0.0	2146120	23	4.3
1527433223.94	4300	59.998624	0.0	2108491	21	4.3
1527433227.83	4300	59.748757	0.0	2184571	26	4.3
1527433231.73	4300	59.998538	0.0	2121928	23	4.3
1527433235.63	4300	59.999301	0.0	2219102	24	4.3
1527433240.03	4300	59.997748	0.0	2124950	23	4.3
1527433243.92	4300	59.748051	0.0	2246506	18	4.3
1527433247.8	4300	59.998835	0.0	1961140	22	4.3
1527433251.67	4300	59.997662	0.0	2155012	24	4.3
1527433253.52	4300	59.896651	0.0	1433658	15	4.3

1527433254.31	750	4	0.016	668286	2	-0.06879999999999997
1527433254.7	4300	7.953019	0.0	2123065	14	0.75
1527433255.1	4300	11.551908	0.0	2177073	23	4.3
1527433255.5	4300	15.156425	0.0	2160877	15	4.3
1527433255.88	4300	18.773098	0.0	2233056	24	4.3
1527433256.27	4300	22.388861	0.0	1941625	22	4.3
1527433256.66	4300	25.999091	0.0	2157535	23	4.3
1527433257.05	4300	29.606003	0.0	2290172	24	4.3
1527433257.44	4300	33.219153	0.0	2055469	21	4.3
1527433257.82	4300	36.83139	0.0	2169201	25	4.3
1527433258.22	4300	40.439435	0.0	2173522	25	4.3
1527433258.59	4300	44.062287	0.0	2102452	13	4.3
1527433258.99	4300	47.667577	0.0	2209463	34	4.3
1527433259.37	4300	51.283312	0.0	2275376	21	4.3
1527433259.75	4300	54.904098	0.0	2005399	23	4.3
1527433260.14	4300	58.517761	0.0	2152483	23	4.3
1527433263.04	4300	59.748049	0.0	2289689	25	4.3
1527433266.94	4300	59.748147	0.0	2059512	24	4.3
1527433270.84	4300	59.999125	0.0	2220726	30	4.3
1527433274.73	4300	59.999145	0.0	2156729	20	4.3
1527433279.12	4300	59.748279	0.0	2039773	22	4.3
1527433283.02	4300	59.997738	0.0	2176469	27	4.3
1527433286.93	4300	59.748929	0.0	2221506	25	4.3
1527433290.83	4300	59.998665	0.0	2044075	23	4.3
1527433294.73	4300	59.999051	0.0	2186790	24	4.3
1527433299.13	4300	59.749369	0.0	2105231	24	4.3
1527433303.02	4300	59.998706	0.0	2395588	24	4.3
1527433306.92	4300	59.74864	0.0	1972048	20	4.3
1527433311.31	4300	59.749099	0.0	2134614	24	4.3
1527433315.2	4300	59.498848	0.0	2164140	21	4.3
1527433319.1	4300	59.998684	0.0	2113193	22	4.3
1527433323.0	4300	59.74809	0.0	2147852	21	4.3
1527433327.39	4300	59.748035	0.0	2191074	25	4.3
1527433330.78	4300	59.998845	0.0	2286761	20	4.3
1527433335.17	4300	59.748539	0.0	2307787	20	4.3
1527433339.07	4300	59.99767	0.0	2143948	25	4.3
1527433342.96	4300	59.748075	0.0	1919781	20	4.3
1527433346.85	4300	59.999367	0.0	2147467	19	4.3
1527433350.75	4300	59.999402	0.0	2133870	23	4.3
1527433355.16	4300	59.998761	0.0	2146120	23	4.3
1527433359.05	4300	59.749017	0.0	2108491	22	4.3
1527433362.96	4300	59.748929	0.0	2184571	36	4.3
1527433367.36	4300	59.749094	0.0	2121928	20	4.3
1527433371.26	4300	59.748244	0.0	2219102	25	4.3
1527433375.16	4300	59.499108	0.0	2124950	24	4.3
1527433379.04	4300	59.748003	0.0	2246506	20	4.3
1527433382.93	4300	59.749237	0.0	1961140	21	4.3
1527433387.3	4300	59.747629	0.0	2155012	24	4.3
1527433388.66	4300	59.895332	0.0	1433658	16	4.3

1527433389.44	750	4	0.016	668286	3	-0.06879999999999997
1527433389.84	4300	7.948645	0.0	2123065	20	0.75
1527433390.25	4300	11.564442	0.0	2177073	22	4.3
1527433390.64	4300	15.14767	0.0	2160877	26	4.3
1527433391.04	4300	18.750698	0.0	2233056	25	4.3
1527433391.42	4300	22.365333	0.0	1941625	22	4.3
1527433391.82	4300	25.972799	0.0	2157535	33	4.3
1527433392.2	4300	29.587022	0.0	2290172	25	4.3
1527433392.59	4300	33.202238	0.0	2055469	22	4.3
1527433392.96	4300	36.824158	0.0	2169201	18	4.3
1527433393.35	4300	40.436922	0.0	2173522	20	4.3
1527433393.74	4300	44.053835	0.0	2102452	24	4.3
1527433394.12	4300	47.666148	0.0	2209463	28	4.3
1527433394.51	4300	51.280138	0.0	2275376	25	4.3
1527433394.89	4300	54.896427	0.0	2005399	23	4.3
1527433395.3	4300	58.48614	0.0	2152483	38	4.3
1527433398.19	4300	59.998801	0.0	2289689	26	4.3
1527433402.1	4300	59.748718	0.0	2059512	22	4.3
1527433406.5	4300	59.498473	0.0	2220726	27	4.3
1527433410.39	4300	59.497871	0.0	2156729	22	4.3
1527433414.29	4300	59.74926	0.0	2039773	21	4.3
1527433418.18	4300	59.997807	0.0	2176469	23	4.3
1527433422.08	4300	59.998039	0.0	2221506	24	4.3
1527433425.96	4300	59.997964	0.0	2044075	17	4.3
1527433429.85	4300	59.99827	0.0	2186790	24	4.3
1527433434.25	4300	59.997835	0.0	2105231	25	4.3
1527433438.16	4300	59.99763	0.0	2395588	27	4.3
1527433442.06	4300	59.748526	0.0	1972048	23	4.3
1527433445.96	4300	59.998549	0.0	2134614	24	4.3
1527433449.85	4300	59.998034	0.0	2164140	17	4.3
1527433454.24	4300	59.999052	0.0	2113193	22	4.3
1527433458.14	4300	59.747502	0.0	2147852	25	4.3
1527433462.54	4300	59.748507	0.0	2191074	25	4.3
