1527377099.39	750	4	0.027	2354772	6	-0.11609999999999998
1527377099.73	4300	7.959323	0.0	2123065	24	0.75
1527377100.06	4300	11.626321	0.0	2177073	18	4.3
1527377100.41	4300	15.277009	0.0	2160877	27	4.3
1527377100.74	4300	18.940708	0.0	2233056	22	4.3
1527377101.08	4300	22.608913	0.0	1941625	19	4.3
1527377101.41	4300	26.272359	0.0	2157535	20	4.3
1527377101.76	4300	29.928219	0.0	2290172	24	4.3
1527377102.1	4300	33.586368	0.0	2055469	22	4.3
1527377102.44	4300	37.240561	0.0	2169201	26	4.3
1527377102.79	4300	40.897351	0.0	2173522	25	4.3
1527377103.13	4300	44.56029	0.0	2102452	26	4.3
1527377103.47	4300	48.217827	0.0	2209463	26	4.3
1527377103.81	4300	51.876945	0.0	2275376	24	4.3
1527377104.14	4300	55.546052	0.0	2005399	20	4.3
1527377104.48	4300	59.199949	0.0	2152483	25	4.3
1527377107.83	4300	59.998511	0.0	2289689	26	4.3
1527377112.18	4300	59.748754	0.0	2059512	22	4.3
1527377116.04	4300	59.998675	0.0	2220726	25	4.3
1527377119.88	4300	59.999262	0.0	2156729	21	4.3
1527377123.73	4300	59.999042	0.0	2039773	20	4.3
1527377128.07	4300	59.748623	0.0	2176469	20	4.3
1527377131.92	4300	59.997843	0.0	2221506	23	4.3
1527377135.77	4300	59.998619	0.0	2044075	24	4.3
1527377140.12	4300	59.998852	0.0	2186790	25	4.3
1527377143.97	4300	59.749559	0.0	2105231	26	4.3
1527377148.32	4300	59.499098	0.0	2395588	26	4.3
1527377152.17	4300	59.749116	0.0	1972048	28	4.3
1527377156.03	4300	59.997556	0.0	2134614	26	4.3
1527377159.88	4300	59.999174	0.0	2164140	24	4.3
1527377163.72	4300	59.999414	0.0	2113193	21	4.3
1527377168.08	4300	59.748592	0.0	2147852	24	4.3
1527377171.93	4300	59.99898	0.0	2191074	25	4.3
1527377176.27	4300	59.749039	0.0	2286761	25	4.3
1527377180.13	4300	59.747684	0.0	2307787	26	4.3
1527377183.97	4300	59.998618	0.0	2143948	21	4.3
1527377187.82	4300	59.998467	0.0	1919781	21	4.3
1527377192.17	4300	59.748811	0.0	2147467	25	4.3
1527377196.03	4300	59.747841	0.0	2133870	35	4.3
1527377199.87	4300	59.997695	0.0	2146120	20	4.3
1527377203.73	4300	59.99805	0.0	2108491	26	4.3
1527377208.08	4300	59.748037	0.0	2184571	26	4.3
1527377212.43	4300	59.497768	0.0	2121928	23	4.3
1527377216.28	4300	59.499222	0.0	2219102	24	4.3
1527377220.12	4300	59.997652	0.0	2124950	19	4.3
1527377223.98	4300	59.747598	0.0	2246506	26	4.3
1527377227.82	4300	59.997265	0.0	1961140	22	4.3
1527377232.17	4300	59.748839	0.0	2155012	21	4.3
1527377233.5	4300	59.927705	0.0	1433658	17	4.3

1527377234.26	750	4	0.024	2354772	8	-0.10319999999999996
1527377234.62	4300	7.943306	0.0	2123065	34	0.75
1527377234.96	4300	11.599929	0.0	2177073	26	4.3
1527377235.3	4300	15.263759	0.0	2160877	22	4.3
1527377235.63	4300	18.931749	0.0	2233056	21	4.3
1527377235.96	4300	22.602349	0.0	1941625	18	4.3
1527377236.29	4300	26.271772	0.0	2157535	19	4.3
1527377236.63	4300	29.926497	0.0	2290172	25	4.3
1527377236.97	4300	33.591127	0.0	2055469	24	4.3
1527377237.3	4300	37.255303	0.0	2169201	25	4.3
1527377237.63	4300	40.924636	0.0	2173522	22	4.3
1527377237.97	4300	44.594616	0.0	2102452	21	4.3
1527377238.3	4300	48.262378	0.0	2209463	22	4.3
1527377238.64	4300	51.921335	0.0	2275376	26	4.3
1527377238.98	4300	55.581851	0.0	2005399	25	4.3
1527377239.31	4300	59.246644	0.0	2152483	25	4.3
1527377243.16	4300	59.749023	0.0	2289689	24	4.3
1527377247.01	4300	59.748819	0.0	2059512	23	4.3
1527377250.86	4300	59.748448	0.0	2220726	24	4.3
1527377254.71	4300	59.999125	0.0	2156729	23	4.3
1527377259.05	4300	59.749761	0.0	2039773	22	4.3
1527377262.9	4300	59.748959	0.0	2176469	24	4.3
1527377266.74	4300	59.998414	0.0	2221506	21	4.3
1527377270.58	4300	59.998431	0.0	2044075	21	4.3
1527377274.94	4300	59.999368	0.0	2186790	27	4.3
1527377278.78	4300	59.998622	0.0	2105231	17	4.3
1527377283.14	4300	59.498839	0.0	2395588	26	4.3
1527377286.99	4300	59.998726	0.0	1972048	24	4.3
1527377290.85	4300	59.748824	0.0	2134614	28	4.3
1527377294.69	4300	59.997755	0.0	2164140	24	4.3
1527377299.04	4300	59.749506	0.0	2113193	20	4.3
1527377302.89	4300	59.997735	0.0	2147852	25	4.3
1527377306.73	4300	59.998196	0.0	2191074	20	4.3
1527377310.58	4300	59.998046	0.0	2286761	21	4.3
1527377314.93	4300	59.748783	0.0	2307787	27	4.3
1527377318.78	4300	59.997778	0.0	2143948	23	4.3
1527377322.63	4300	59.997761	0.0	1919781	22	4.3
1527377326.97	4300	59.74882	0.0	2147467	20	4.3
1527377330.82	4300	59.748529	0.0	2133870	24	4.3
1527377335.17	4300	59.499039	0.0	2146120	29	4.3
1527377339.02	4300	59.748937	0.0	2108491	19	4.3
1527377342.87	4300	59.997658	0.0	2184571	26	4.3
1527377347.22	4300	59.748626	0.0	2121928	24	4.3
1527377351.07	4300	59.748978	0.0	2219102	23	4.3
1527377354.91	4300	59.997737	0.0	2124950	21	4.3
1527377359.26	4300	59.749272	0.0	2246506	24	4.3
1527377363.1	4300	59.749302	0.0	1961140	19	4.3
1527377366.96	4300	59.748919	0.0	2155012	23	4.3
1527377368.8	4300	59.928742	0.0	1433658	19	4.3

1527377369.56	750	4	0.028	2354772	6	-0.12039999999999995
1527377369.92	4300	7.640281	0.0	2123065	44	0.75
1527377370.26	4300	11.296379	0.0	2177073	25	4.3
1527377370.6	4300	14.961937	0.0	2160877	25	4.3
1527377370.93	4300	18.626056	0.0	2233056	24	4.3
1527377371.28	4300	22.281764	0.0	1941625	23	4.3
1527377371.62	4300	25.94204	0.0	2157535	25	4.3
1527377371.96	4300	29.605838	0.0	2290172	22	4.3
1527377372.3	4300	33.260411	0.0	2055469	23	4.3
1527377372.64	4300	36.917477	0.0	2169201	18	4.3
1527377372.98	4300	40.58319	0.0	2173522	20	4.3
1527377373.32	4300	44.23878	0.0	2102452	27	4.3
1527377373.67	4300	47.890841	0.0	2209463	32	4.3
1527377374.01	4300	51.547342	0.0	2275376	24	4.3
1527377374.35	4300	55.213012	0.0	2005399	24	4.3
1527377374.68	4300	58.880153	0.0	2152483	22	4.3
1527377378.02	4300	59.999401	0.0	2289689	23	4.3
1527377381.87	4300	59.749126	0.0	2059512	22	4.3
1527377385.72	4300	59.999302	0.0	2220726	26	4.3
1527377389.57	4300	59.998089	0.0	2156729	19	4.3
1527377393.92	4300	59.748849	0.0	2039773	23	4.3
1527377397.77	4300	59.99925	0.0	2176469	24	4.3
1527377401.62	4300	59.998878	0.0	2221506	24	4.3
1527377405.96	4300	59.747823	0.0	2044075	21	4.3
1527377409.82	4300	59.748825	0.0	2186790	23	4.3
1527377414.16	4300	59.497827	0.0	2105231	18	4.3
1527377418.01	4300	59.74957	0.0	2395588	23	4.3
1527377421.86	4300	59.998462	0.0	1972048	22	4.3
1527377425.71	4300	59.999227	0.0	2134614	23	4.3
