1527454933.78	750	4	0.026	2354772	7	-0.11180000000000001
1527454934.17	4300	7.96104	0.0	2123065	23	0.75
1527454934.56	4300	11.571173	0.0	2177073	27	4.3
1527454934.95	4300	15.181016	0.0	2160877	24	4.3
1527454935.34	4300	18.794599	0.0	2233056	25	4.3
1527454935.72	4300	22.409857	0.0	1941625	21	4.3
1527454936.12	4300	26.0088	0.0	2157535	24	4.3
1527454936.51	4300	29.620788	0.0	2290172	25	4.3
1527454936.9	4300	33.232739	0.0	2055469	22	4.3
1527454937.29	4300	36.843897	0.0	2169201	25	4.3
1527454937.68	4300	40.448599	0.0	2173522	25	4.3
1527454938.08	4300	44.052229	0.0	2102452	11	4.3
1527454938.46	4300	47.665164	0.0	2209463	22	4.3
1527454938.85	4300	51.275122	0.0	2275376	24	4.3
1527454939.24	4300	54.887755	0.0	2005399	20	4.3
1527454939.63	4300	58.499247	0.0	2152483	23	4.3
1527454942.52	4300	59.999289	0.0	2289689	25	4.3
1527454946.41	4300	59.749065	0.0	2059512	20	4.3
1527454950.33	4300	59.99835	0.0	2220726	24	4.3
1527454954.22	4300	59.998405	0.0	2156729	20	4.3
1527454958.61	4300	59.99899	0.0	2039773	21	4.3
1527454962.5	4300	59.747694	0.0	2176469	17	4.3
1527454966.4	4300	59.998571	0.0	2221506	23	4.3
1527454970.29	4300	59.998665	0.0	2044075	23	4.3
1527454974.19	4300	59.998216	0.0	2186790	24	4.3
1527454978.59	4300	59.997995	0.0	2105231	23	4.3
1527454982.5	4300	59.749383	0.0	2395588	27	4.3
1527454986.4	4300	59.747671	0.0	1972048	22	4.3
1527454990.3	4300	59.998982	0.0	2134614	24	4.3
1527454994.2	4300	59.998546	0.0	2164140	25	4.3
1527454998.6	4300	59.997923	0.0	2113193	22	4.3
1527455002.51	4300	59.748564	0.0	2147852	25	4.3
1527455006.41	4300	59.997944	0.0	2191074	25	4.3
1527455010.31	4300	59.998129	0.0	2286761	24	4.3
1527455014.21	4300	59.99873	0.0	2307787	26	4.3
1527455018.61	4300	59.748268	0.0	2143948	22	4.3
1527455022.51	4300	59.749279	0.0	1919781	18	4.3
1527455026.4	4300	59.747539	0.0	2147467	19	4.3
1527455030.3	4300	59.99872	0.0	2133870	21	4.3
1527455034.71	4300	59.497618	0.0	2146120	22	4.3
1527455038.61	4300	59.998223	0.0	2108491	23	4.3
1527455042.51	4300	59.748011	0.0	2184571	32	4.3
1527455046.41	4300	59.747896	0.0	2121928	24	4.3
1527455050.81	4300	59.748874	0.0	2219102	24	4.3
1527455054.72	4300	59.498439	0.0	2124950	23	4.3
1527455058.61	4300	59.998593	0.0	2246506	25	4.3
1527455062.49	4300	59.748756	0.0	1961140	22	4.3
1527455066.36	4300	59.99869	0.0	2155012	21	4.3
1527455068.21	4300	59.670541	0.0	1433658	17	4.3

1527455068.99	750	4	0.016	668286	3	-0.06879999999999997
1527455069.39	4300	7.944882	0.0	2123065	21	0.75
1527455069.77	4300	11.559354	0.0	2177073	20	4.3
1527455070.14	4300	15.193532	0.0	2160877	13	4.3
1527455070.53	4300	18.804697	0.0	2233056	22	4.3
1527455070.92	4300	22.415812	0.0	1941625	21	4.3
1527455071.31	4300	26.022536	0.0	2157535	12	4.3
1527455071.7	4300	29.637964	0.0	2290172	23	4.3
1527455072.08	4300	33.250333	0.0	2055469	22	4.3
1527455072.48	4300	36.8593	0.0	2169201	24	4.3
1527455072.86	4300	40.473061	0.0	2173522	24	4.3
1527455073.26	4300	44.080361	0.0	2102452	27	4.3
1527455073.65	4300	47.686459	0.0	2209463	24	4.3
1527455074.03	4300	51.307212	0.0	2275376	12	4.3
1527455074.41	4300	54.929758	0.0	2005399	15	4.3
1527455074.79	4300	58.548557	0.0	2152483	10	4.3
1527455077.68	4300	59.74891	0.0	2289689	26	4.3
1527455081.57	4300	59.999338	0.0	2059512	19	4.3
1527455085.47	4300	59.999302	0.0	2220726	23	4.3
1527455089.87	4300	59.748125	0.0	2156729	23	4.3
1527455093.77	4300	59.749007	0.0	2039773	23	4.3
1527455097.67	4300	59.74886	0.0	2176469	25	4.3
1527455102.08	4300	59.747986	0.0	2221506	25	4.3
1527455105.98	4300	59.497869	0.0	2044075	23	4.3
1527455109.38	4300	59.998051	0.0	2186790	24	4.3
1527455113.77	4300	59.749491	0.0	2105231	23	4.3
1527455117.68	4300	59.749102	0.0	2395588	27	4.3
1527455121.57	4300	59.998181	0.0	1972048	16	4.3
1527455125.46	4300	59.998858	0.0	2134614	22	4.3
1527455129.36	4300	59.997996	0.0	2164140	25	4.3
1527455133.76	4300	59.748773	0.0	2113193	23	4.3
1527455137.66	4300	59.999306	0.0	2147852	24	4.3
1527455141.56	4300	59.997785	0.0	2191074	25	4.3
1527455145.47	4300	59.999161	0.0	2286761	26	4.3
1527455149.36	4300	59.998924	0.0	2307787	26	4.3
1527455153.77	4300	59.99909	0.0	2143948	25	4.3
1527455157.65	4300	59.748842	0.0	1919781	17	4.3
1527455161.55	4300	59.997672	0.0	2147467	23	4.3
1527455165.96	4300	59.498795	0.0	2133870	20	4.3
1527455169.35	4300	59.999058	0.0	2146120	18	4.3
1527455173.76	4300	59.998748	0.0	2108491	23	4.3
1527455177.68	4300	59.748817	0.0	2184571	25	4.3
1527455182.09	4300	59.498385	0.0	2121928	24	4.3
1527455186.0	4300	59.49924	0.0	2219102	26	4.3
1527455189.9	4300	59.498615	0.0	2124950	23	4.3
1527455193.78	4300	59.748904	0.0	2246506	19	4.3
1527455197.66	4300	59.998668	0.0	1961140	20	4.3
1527455202.03	4300	59.498997	0.0	2155012	23	4.3
1527455203.38	4300	59.666794	0.0	1433658	17	4.3

1527455204.14	750	4	0.014	668286	3	-0.06020000000000003
1527455204.54	4300	7.950518	0.0	2123065	19	0.75
