1527457743.59	750	4	0.025	2354772	7	-0.10750000000000004
1527457743.98	4300	7.963302	0.0	2123065	22	0.75
1527457744.38	4300	11.566956	0.0	2177073	21	4.3
1527457744.76	4300	15.182582	0.0	2160877	23	4.3
1527457745.12	4300	18.81866	0.0	2233056	12	4.3
1527457745.5	4300	22.437004	0.0	1941625	23	4.3
1527457745.87	4300	26.067082	0.0	2157535	14	4.3
1527457746.26	4300	29.68153	0.0	2290172	23	4.3
1527457746.65	4300	33.295013	0.0	2055469	25	4.3
1527457747.04	4300	36.901493	0.0	2169201	23	4.3
1527457747.42	4300	40.52413	0.0	2173522	14	4.3
1527457747.79	4300	44.152937	0.0	2102452	19	4.3
1527457748.18	4300	47.76369	0.0	2209463	24	4.3
1527457748.57	4300	51.375653	0.0	2275376	26	4.3
1527457748.95	4300	54.988905	0.0	2005399	22	4.3
1527457749.34	4300	58.597822	0.0	2152483	22	4.3
1527457752.24	4300	59.748453	0.0	2289689	24	4.3
1527457756.64	4300	59.749485	0.0	2059512	21	4.3
1527457760.04	4300	59.999208	0.0	2220726	22	4.3
1527457764.43	4300	59.748573	0.0	2156729	22	4.3
1527457768.33	4300	59.998774	0.0	2039773	22	4.3
1527457772.24	4300	59.749452	0.0	2176469	24	4.3
1527457776.64	4300	59.749386	0.0	2221506	24	4.3
1527457780.04	4300	59.998548	0.0	2044075	23	4.3
1527457784.44	4300	59.997784	0.0	2186790	23	4.3
1527457788.32	4300	59.998597	0.0	2105231	20	4.3
1527457792.22	4300	59.747689	0.0	2395588	25	4.3
1527457796.13	4300	59.997926	0.0	1972048	17	4.3
1527457800.52	4300	59.748542	0.0	2134614	20	4.3
1527457804.43	4300	59.998638	0.0	2164140	21	4.3
1527457808.35	4300	59.74923	0.0	2113193	23	4.3
1527457812.25	4300	59.999068	0.0	2147852	23	4.3
1527457816.66	4300	59.498878	0.0	2191074	25	4.3
1527457820.07	4300	59.998381	0.0	2286761	26	4.3
1527457824.46	4300	59.497914	0.0	2307787	25	4.3
1527457828.36	4300	59.748746	0.0	2143948	24	4.3
1527457832.26	4300	59.997929	0.0	1919781	20	4.3
1527457836.67	4300	59.748771	0.0	2147467	25	4.3
1527457840.11	4300	59.99837	0.0	2133870	24	4.3
1527457844.51	4300	59.747368	0.0	2146120	18	4.3
1527457848.41	4300	59.748018	0.0	2108491	23	4.3
1527457852.31	4300	59.748745	0.0	2184571	25	4.3
1527457856.21	4300	59.74795	0.0	2121928	23	4.3
1527457860.11	4300	59.99815	0.0	2219102	24	4.3
1527457864.01	4300	59.998628	0.0	2124950	24	4.3
1527457868.41	4300	59.998318	0.0	2246506	26	4.3
1527457872.29	4300	59.747386	0.0	1961140	23	4.3
1527457876.66	4300	59.747437	0.0	2155012	24	4.3
1527457878.01	4300	59.677569	0.0	1433658	14	4.3

1527457878.75	750	4	0.017	668286	3	-0.07309999999999994
1527457879.14	4300	7.956747	0.0	2123065	14	0.75
1527457879.52	4300	11.572852	0.0	2177073	22	4.3
1527457879.91	4300	15.183946	0.0	2160877	26	4.3
1527457880.31	4300	18.784032	0.0	2233056	38	4.3
1527457880.69	4300	22.405204	0.0	1941625	18	4.3
1527457881.08	4300	26.014191	0.0	2157535	23	4.3
1527457881.47	4300	29.62569	0.0	2290172	23	4.3
1527457881.86	4300	33.241175	0.0	2055469	24	4.3
1527457882.25	4300	36.851571	0.0	2169201	25	4.3
1527457882.64	4300	40.459206	0.0	2173522	24	4.3
1527457883.03	4300	44.064646	0.0	2102452	25	4.3
1527457883.42	4300	47.676655	0.0	2209463	26	4.3
1527457883.82	4300	51.274267	0.0	2275376	38	4.3
1527457884.2	4300	54.891928	0.0	2005399	18	4.3
1527457884.59	4300	58.506895	0.0	2152483	25	4.3
1527457887.48	4300	59.748014	0.0	2289689	25	4.3
1527457891.38	4300	59.999149	0.0	2059512	18	4.3
1527457895.31	4300	59.998129	0.0	2220726	19	4.3
1527457899.7	4300	59.498101	0.0	2156729	22	4.3
1527457903.1	4300	59.997848	0.0	2039773	22	4.3
1527457907.5	4300	59.749096	0.0	2176469	23	4.3
1527457911.39	4300	59.748016	0.0	2221506	18	4.3
1527457915.28	4300	59.998705	0.0	2044075	21	4.3
1527457919.68	4300	59.498429	0.0	2186790	23	4.3
1527457923.58	4300	59.748709	0.0	2105231	22	4.3
1527457927.48	4300	59.74826	0.0	2395588	18	4.3
1527457931.36	4300	59.749451	0.0	1972048	19	4.3
1527457935.77	4300	59.749009	0.0	2134614	25	4.3
1527457939.16	4300	59.997894	0.0	2164140	25	4.3
1527457943.56	4300	59.747804	0.0	2113193	24	4.3
1527457947.46	4300	59.998629	0.0	2147852	25	4.3
1527457951.36	4300	59.749452	0.0	2191074	24	4.3
1527457955.77	4300	59.749116	0.0	2286761	27	4.3
1527457959.67	4300	59.498282	0.0	2307787	14	4.3
1527457963.56	4300	59.748857	0.0	2143948	21	4.3
1527457967.45	4300	59.997763	0.0	1919781	20	4.3
1527457971.35	4300	59.999	0.0	2147467	28	4.3
1527457975.25	4300	59.997771	0.0	2133870	27	4.3
1527457979.15	4300	59.998235	0.0	2146120	16	4.3
1527457983.55	4300	59.7479	0.0	2108491	22	4.3
1527457987.44	4300	59.748706	0.0	2184571	25	4.3
1527457991.83	4300	59.499178	0.0	2121928	21	4.3
1527457995.74	4300	59.498603	0.0	2219102	25	4.3
1527457999.14	4300	59.997479	0.0	2124950	25	4.3
1527458003.53	4300	59.748818	0.0	2246506	24	4.3
1527458007.41	4300	59.747597	0.0	1961140	22	4.3
1527458011.28	4300	59.998312	0.0	2155012	23	4.3
1527458013.14	4300	59.663984	0.0	1433658	17	4.3

1527458013.89	750	4	0.017	668286	4	-0.07309999999999994
1527458014.29	4300	7.950052	0.0	2123065	17	0.75
1527458014.68	4300	11.558488	0.0	2177073	15	4.3
1527458015.07	4300	15.164621	0.0	2160877	18	4.3
1527458015.47	4300	18.762653	0.0	2233056	25	4.3
1527458015.87	4300	22.366867	0.0	1941625	20	4.3
1527458016.27	4300	25.970339	0.0	2157535	32	4.3
1527458016.65	4300	29.58347	0.0	2290172	24	4.3
1527458017.04	4300	33.196083	0.0	2055469	22	4.3
1527458017.43	4300	36.809761	0.0	2169201	23	4.3
1527458017.82	4300	40.418602	0.0	2173522	23	4.3
1527458018.19	4300	44.04376	0.0	2102452	12	4.3
1527458018.56	4300	47.676812	0.0	2209463	13	4.3
1527458018.96	4300	51.278176	0.0	2275376	26	4.3
1527458019.35	4300	54.888985	0.0	2005399	22	4.3
1527458019.75	4300	58.487364	0.0	2152483	40	4.3
1527458022.63	4300	59.99816	0.0	2289689	16	4.3
1527458026.53	4300	59.998026	0.0	2059512	20	4.3
1527458030.42	4300	59.999364	0.0	2220726	23	4.3
1527458034.82	4300	59.498032	0.0	2156729	25	4.3
1527458038.71	4300	59.747838	0.0	2039773	19	4.3
1527458042.6	4300	59.748008	0.0	2176469	24	4.3
1527458046.5	4300	59.748844	0.0	2221506	24	4.3
1527458050.4	4300	59.999494	0.0	2044075	23	4.3
1527458054.29	4300	59.99898	0.0	2186790	17	4.3
1527458058.67	4300	59.748756	0.0	2105231	20	4.3
1527458062.58	4300	59.749139	0.0	2395588	27	4.3
1527458066.98	4300	59.49863	0.0	1972048	22	4.3
1527458070.89	4300	59.748251	0.0	2134614	33	4.3
1527458074.84	4300	59.747848	0.0	2164140	25	4.3
1527458078.73	4300	59.749185	0.0	2113193	16	4.3
1527458082.62	4300	59.749052	0.0	2147852	22	4.3
1527458086.52	4300	59.748791	0.0	2191074	25	4.3
1527458090.42	4300	59.999439	0.0	2286761	21	4.3
1527458094.32	4300	59.997653	0.0	2307787	27	4.3
1527458098.72	4300	59.99897	0.0	2143948	24	4.3
1527458102.61	4300	59.998195	0.0	1919781	17	4.3
