1527389728.48	750	4	0.019	668286	2	-0.0817
1527389728.88	4300	7.944136	0.0	2123065	22	0.75
1527389729.27	4300	11.555074	0.0	2177073	19	4.3
1527389729.66	4300	15.167367	0.0	2160877	26	4.3
1527389730.03	4300	18.796273	0.0	2233056	14	4.3
1527389730.43	4300	22.393116	0.0	1941625	22	4.3
1527389730.82	4300	26.005169	0.0	2157535	24	4.3
1527389731.21	4300	29.614449	0.0	2290172	25	4.3
1527389731.59	4300	33.237879	0.0	2055469	18	4.3
1527389731.97	4300	36.850395	0.0	2169201	20	4.3
1527389732.36	4300	40.465861	0.0	2173522	23	4.3
1527389732.75	4300	44.075592	0.0	2102452	26	4.3
1527389733.15	4300	47.676726	0.0	2209463	24	4.3
1527389733.54	4300	51.282321	0.0	2275376	23	4.3
1527389733.92	4300	54.902046	0.0	2005399	20	4.3
1527389734.31	4300	58.516706	0.0	2152483	22	4.3
1527389737.2	4300	59.748255	0.0	2289689	27	4.3
1527389741.09	4300	59.749797	0.0	2059512	19	4.3
1527389745.49	4300	59.749446	0.0	2220726	21	4.3
1527389748.87	4300	59.99936	0.0	2156729	13	4.3
1527389753.26	4300	59.74861	0.0	2039773	22	4.3
1527389757.16	4300	59.748232	0.0	2176469	24	4.3
1527389761.55	4300	59.748632	0.0	2221506	19	4.3
1527389764.94	4300	59.998889	0.0	2044075	21	4.3
1527389768.84	4300	59.999047	0.0	2186790	25	4.3
1527389773.23	4300	59.748297	0.0	2105231	23	4.3
1527389777.14	4300	59.749504	0.0	2395588	25	4.3
1527389781.04	4300	59.999182	0.0	1972048	22	4.3
1527389784.94	4300	59.998193	0.0	2134614	22	4.3
1527389788.84	4300	59.99801	0.0	2164140	24	4.3
1527389793.24	4300	59.747808	0.0	2113193	22	4.3
1527389797.13	4300	59.747882	0.0	2147852	20	4.3
1527389801.02	4300	59.997867	0.0	2191074	23	4.3
1527389804.92	4300	59.997925	0.0	2286761	25	4.3
1527389809.32	4300	59.748919	0.0	2307787	26	4.3
1527389813.21	4300	59.999184	0.0	2143948	21	4.3
1527389817.11	4300	59.747862	0.0	1919781	16	4.3
1527389821.51	4300	59.749364	0.0	2147467	22	4.3
1527389824.91	4300	59.998828	0.0	2133870	22	4.3
1527389829.32	4300	59.748505	0.0	2146120	23	4.3
1527389833.22	4300	59.749106	0.0	2108491	22	4.3
1527389837.12	4300	59.748306	0.0	2184571	29	4.3
1527389841.52	4300	59.498887	0.0	2121928	23	4.3
1527389845.42	4300	59.748031	0.0	2219102	23	4.3
1527389849.32	4300	59.749046	0.0	2124950	24	4.3
1527389853.21	4300	59.749525	0.0	2246506	20	4.3
1527389857.09	4300	59.748732	0.0	1961140	21	4.3
1527389861.46	4300	59.498543	0.0	2155012	25	4.3
1527389862.81	4300	59.847797	0.0	1433658	16	4.3

1527389863.56	750	4	0.017	668286	2	-0.07309999999999994
1527389863.95	4300	7.956462	0.0	2123065	15	0.75
1527389864.33	4300	11.573486	0.0	2177073	25	4.3
1527389864.71	4300	15.190507	0.0	2160877	25	4.3
1527389865.1	4300	18.803205	0.0	2233056	25	4.3
1527389865.49	4300	22.410692	0.0	1941625	21	4.3
1527389865.89	4300	26.016201	0.0	2157535	34	4.3
1527389866.27	4300	29.631278	0.0	2290172	25	4.3
1527389866.65	4300	33.257528	0.0	2055469	17	4.3
1527389867.03	4300	36.877228	0.0	2169201	24	4.3
1527389867.41	4300	40.491024	0.0	2173522	23	4.3
1527389867.8	4300	44.103352	0.0	2102452	23	4.3
1527389868.18	4300	47.725534	0.0	2209463	18	4.3
1527389868.56	4300	51.345025	0.0	2275376	24	4.3
1527389868.95	4300	54.957293	0.0	2005399	22	4.3
1527389869.34	4300	58.566458	0.0	2152483	19	4.3
1527389872.23	4300	59.999333	0.0	2289689	25	4.3
1527389876.12	4300	59.998243	0.0	2059512	22	4.3
1527389880.51	4300	59.748186	0.0	2220726	24	4.3
1527389884.4	4300	59.748107	0.0	2156729	20	4.3
1527389888.3	4300	59.747788	0.0	2039773	22	4.3
1527389892.19	4300	59.749182	0.0	2176469	23	4.3
1527389896.07	4300	59.997835	0.0	2221506	15	4.3
1527389900.46	4300	59.498146	0.0	2044075	23	4.3
1527389904.35	4300	59.7484	0.0	2186790	20	4.3
1527389908.24	4300	59.747835	0.0	2105231	23	4.3
1527389912.64	4300	59.497834	0.0	2395588	25	4.3
1527389916.03	4300	59.999357	0.0	1972048	18	4.3
1527389919.93	4300	59.998767	0.0	2134614	22	4.3
1527389924.32	4300	59.747823	0.0	2164140	23	4.3
1527389928.22	4300	59.749096	0.0	2113193	24	4.3
1527389932.12	4300	59.999201	0.0	2147852	25	4.3
1527389936.5	4300	59.498654	0.0	2191074	19	4.3
1527389940.4	4300	59.748886	0.0	2286761	25	4.3
1527389944.3	4300	59.748262	0.0	2307787	25	4.3
1527389948.2	4300	59.747532	0.0	2143948	24	4.3
1527389952.59	4300	59.498364	0.0	1919781	16	4.3
1527389955.99	4300	59.998909	0.0	2147467	20	4.3
1527389960.38	4300	59.747447	0.0	2133870	22	4.3
1527389964.28	4300	59.747698	0.0	2146120	24	4.3
1527389968.19	4300	59.998078	0.0	2108491	24	4.3
1527389972.59	4300	59.498849	0.0	2184571	25	4.3
1527389975.98	4300	59.998551	0.0	2121928	21	4.3
1527389980.37	4300	59.997834	0.0	2219102	21	4.3
1527389984.28	4300	59.74882	0.0	2124950	25	4.3
