1527384324.89	750	4	0.025	2354772	8	-0.10750000000000004
1527384325.23	4300	7.953347	0.0	2123065	26	0.75
1527384325.57	4300	11.614209	0.0	2177073	24	4.3
1527384325.9	4300	15.281469	0.0	2160877	19	4.3
1527384326.25	4300	18.936775	0.0	2233056	26	4.3
1527384326.59	4300	22.599927	0.0	1941625	23	4.3
1527384326.92	4300	26.265153	0.0	2157535	23	4.3
1527384327.26	4300	29.930613	0.0	2290172	22	4.3
1527384327.6	4300	33.58806	0.0	2055469	24	4.3
1527384327.94	4300	37.250547	0.0	2169201	23	4.3
1527384328.28	4300	40.908024	0.0	2173522	22	4.3
1527384328.63	4300	44.558623	0.0	2102452	21	4.3
1527384328.96	4300	48.225708	0.0	2209463	21	4.3
1527384329.29	4300	51.893501	0.0	2275376	22	4.3
1527384329.64	4300	55.551252	0.0	2005399	24	4.3
1527384330.0	4300	59.184171	0.0	2152483	26	4.3
1527384333.85	4300	59.749378	0.0	2289689	24	4.3
1527384337.19	4300	59.997873	0.0	2059512	20	4.3
1527384341.55	4300	59.748686	0.0	2220726	39	4.3
1527384345.4	4300	59.999388	0.0	2156729	24	4.3
1527384349.24	4300	59.998194	0.0	2039773	20	4.3
1527384353.59	4300	59.748824	0.0	2176469	21	4.3
1527384357.94	4300	59.498694	0.0	2221506	21	4.3
1527384361.28	4300	59.99833	0.0	2044075	22	4.3
1527384365.64	4300	59.748739	0.0	2186790	25	4.3
1527384369.48	4300	59.998145	0.0	2105231	23	4.3
1527384373.34	4300	59.997641	0.0	2395588	27	4.3
1527384377.69	4300	59.498824	0.0	1972048	22	4.3
1527384381.56	4300	59.998499	0.0	2134614	30	4.3
1527384385.41	4300	59.997957	0.0	2164140	27	4.3
1527384389.76	4300	59.748069	0.0	2113193	22	4.3
1527384393.61	4300	59.748541	0.0	2147852	26	4.3
1527384397.46	4300	59.749341	0.0	2191074	21	4.3
1527384401.31	4300	59.998944	0.0	2286761	27	4.3
1527384405.66	4300	59.749198	0.0	2307787	26	4.3
1527384409.51	4300	59.998679	0.0	2143948	25	4.3
1527384413.85	4300	59.747847	0.0	1919781	21	4.3
1527384417.2	4300	59.998141	0.0	2147467	24	4.3
1527384421.56	4300	59.747502	0.0	2133870	26	4.3
1527384425.41	4300	59.998189	0.0	2146120	25	4.3
1527384429.76	4300	59.748059	0.0	2108491	21	4.3
1527384433.61	4300	59.748575	0.0	2184571	31	4.3
1527384437.46	4300	59.749227	0.0	2121928	23	4.3
1527384441.31	4300	59.997863	0.0	2219102	26	4.3
1527384445.66	4300	59.997357	0.0	2124950	22	4.3
1527384449.5	4300	59.747392	0.0	2246506	20	4.3
1527384453.35	4300	59.9993	0.0	1961140	22	4.3
1527384457.71	4300	59.747765	0.0	2155012	24	4.3
1527384459.04	4300	59.927721	0.0	1433658	15	4.3

1527384459.78	750	4	0.023	2354772	6	-0.09889999999999999
1527384460.12	4300	7.959902	0.0	2123065	25	0.75
1527384460.45	4300	11.623951	0.0	2177073	24	4.3
1527384460.78	4300	15.292859	0.0	2160877	21	4.3
1527384461.13	4300	18.94563	0.0	2233056	37	4.3
1527384461.47	4300	22.608798	0.0	1941625	21	4.3
1527384461.8	4300	26.276713	0.0	2157535	23	4.3
1527384462.14	4300	29.941635	0.0	2290172	24	4.3
1527384462.48	4300	33.598471	0.0	2055469	25	4.3
1527384462.82	4300	37.260039	0.0	2169201	25	4.3
1527384463.15	4300	40.92652	0.0	2173522	23	4.3
1527384463.48	4300	44.594338	0.0	2102452	22	4.3
1527384463.82	4300	48.259911	0.0	2209463	21	4.3
1527384464.17	4300	51.911027	0.0	2275376	25	4.3
1527384464.5	4300	55.575744	0.0	2005399	12	4.3
1527384464.84	4300	59.242024	0.0	2152483	20	4.3
1527384468.69	4300	59.497921	0.0	2289689	21	4.3
1527384472.54	4300	59.99879	0.0	2059512	24	4.3
1527384476.39	4300	59.997799	0.0	2220726	30	4.3
1527384480.74	4300	59.497729	0.0	2156729	25	4.3
1527384484.59	4300	59.498517	0.0	2039773	22	4.3
1527384488.44	4300	59.998562	0.0	2176469	25	4.3
1527384492.78	4300	59.499382	0.0	2221506	25	4.3
1527384496.13	4300	59.998953	0.0	2044075	24	4.3
1527384500.48	4300	59.998314	0.0	2186790	23	4.3
1527384504.33	4300	59.997615	0.0	2105231	24	4.3
1527384508.18	4300	59.998307	0.0	2395588	27	4.3
1527384512.53	4300	59.748307	0.0	1972048	19	4.3
1527384516.38	4300	59.998607	0.0	2134614	31	4.3
1527384520.74	4300	59.498422	0.0	2164140	26	4.3
1527384524.59	4300	59.74868	0.0	2113193	23	4.3
1527384528.43	4300	59.747843	0.0	2147852	24	4.3
1527384532.28	4300	59.997825	0.0	2191074	20	4.3
1527384536.12	4300	59.998817	0.0	2286761	22	4.3
1527384540.48	4300	59.99837	0.0	2307787	36	4.3
1527384544.83	4300	59.498988	0.0	2143948	26	4.3
1527384548.18	4300	59.997589	0.0	1919781	22	4.3
1527384552.52	4300	59.747871	0.0	2147467	20	4.3
1527384556.37	4300	59.7487	0.0	2133870	21	4.3
1527384560.23	4300	59.999283	0.0	2146120	34	4.3
1527384564.58	4300	59.998733	0.0	2108491	23	4.3
1527384568.42	4300	59.748389	0.0	2184571	24	4.3
1527384572.77	4300	59.498577	0.0	2121928	21	4.3
1527384576.61	4300	59.49885	0.0	2219102	22	4.3
1527384580.46	4300	59.997477	0.0	2124950	22	4.3
1527384584.8	4300	59.498043	0.0	2246506	20	4.3
1527384588.64	4300	59.498588	0.0	1961140	19	4.3
1527384592.48	4300	59.74733	0.0	2155012	21	4.3
1527384594.32	4300	59.67903	0.0	1433658	18	4.3

1527384595.07	750	4	0.027	2354772	8	-0.11609999999999998
1527384595.41	4300	7.951087	0.0	2123065	35	0.75
1527384595.75	4300	11.612822	0.0	2177073	28	4.3
1527384596.09	4300	15.278623	0.0	2160877	21	4.3
1527384596.42	4300	18.944927	0.0	2233056	22	4.3
1527384596.75	4300	22.617238	0.0	1941625	18	4.3
1527384597.08	4300	26.28564	0.0	2157535	21	4.3
1527384597.41	4300	29.953862	0.0	2290172	21	4.3
1527384597.74	4300	33.625783	0.0	2055469	17	4.3
1527384598.07	4300	37.293384	0.0	2169201	19	4.3
1527384598.42	4300	40.949258	0.0	2173522	26	4.3
1527384598.75	4300	44.614011	0.0	2102452	24	4.3
1527384599.08	4300	48.279946	0.0	2209463	25	4.3
1527384599.43	4300	51.934577	0.0	2275376	30	4.3
1527384599.75	4300	55.615476	0.0	2005399	13	4.3
1527384600.08	4300	59.284114	0.0	2152483	20	4.3
1527384603.92	4300	59.748311	0.0	2289689	20	4.3
1527384607.76	4300	59.998866	0.0	2059512	20	4.3
1527384611.61	4300	59.99804	0.0	2220726	25	4.3
1527384615.97	4300	59.497783	0.0	2156729	26	4.3
1527384619.81	4300	59.748731	0.0	2039773	25	4.3
1527384623.65	4300	59.749689	0.0	2176469	23	4.3
1527384628.0	4300	59.749285	0.0	2221506	23	4.3
1527384631.84	4300	59.747755	0.0	2044075	23	4.3
1527384635.69	4300	59.748439	0.0	2186790	23	4.3
1527384639.55	4300	59.999361	0.0	2105231	24	4.3
1527384643.4	4300	59.999122	0.0	2395588	26	4.3
1527384647.74	4300	59.748983	0.0	1972048	20	4.3
1527384651.6	4300	59.998933	0.0	2134614	33	4.3
1527384655.45	4300	59.998651	0.0	2164140	26	4.3
1527384659.8	4300	59.999306	0.0	2113193	23	4.3
1527384663.65	4300	59.998177	0.0	2147852	25	4.3
1527384667.49	4300	59.998658	0.0	2191074	22	4.3
1527384671.85	4300	59.997872	0.0	2286761	28	4.3
