1527472332.67	750	4	0.027	2354772	8	-0.11609999999999998
1527472333.06	4300	7.967551	0.0	2123065	19	0.75
1527472333.44	4300	11.583212	0.0	2177073	18	4.3
1527472333.82	4300	15.198349	0.0	2160877	25	4.3
1527472334.19	4300	18.833553	0.0	2233056	13	4.3
1527472334.57	4300	22.449333	0.0	1941625	22	4.3
1527472334.96	4300	26.062212	0.0	2157535	25	4.3
1527472335.35	4300	29.670092	0.0	2290172	26	4.3
1527472335.74	4300	33.280983	0.0	2055469	23	4.3
1527472336.13	4300	36.889017	0.0	2169201	24	4.3
1527472336.53	4300	40.49419	0.0	2173522	24	4.3
1527472336.93	4300	44.094993	0.0	2102452	26	4.3
1527472337.34	4300	47.68554	0.0	2209463	23	4.3
1527472337.71	4300	51.315857	0.0	2275376	15	4.3
1527472338.07	4300	54.950639	0.0	2005399	14	4.3
1527472338.44	4300	58.582026	0.0	2152483	14	4.3
1527472341.34	4300	59.749194	0.0	2289689	25	4.3
1527472345.23	4300	59.998089	0.0	2059512	20	4.3
1527472349.12	4300	59.998982	0.0	2220726	24	4.3
1527472353.52	4300	59.749616	0.0	2156729	23	4.3
1527472357.42	4300	59.748745	0.0	2039773	18	4.3
1527472361.31	4300	59.749578	0.0	2176469	22	4.3
1527472365.7	4300	59.748801	0.0	2221506	24	4.3
1527472369.61	4300	59.748408	0.0	2044075	23	4.3
1527472373.51	4300	59.748496	0.0	2186790	25	4.3
1527472377.41	4300	59.747815	0.0	2105231	23	4.3
1527472381.31	4300	59.748314	0.0	2395588	28	4.3
1527472385.71	4300	59.748782	0.0	1972048	21	4.3
1527472389.11	4300	59.99881	0.0	2134614	24	4.3
1527472393.52	4300	59.748768	0.0	2164140	24	4.3
1527472397.41	4300	59.749644	0.0	2113193	20	4.3
1527472401.3	4300	59.748078	0.0	2147852	23	4.3
1527472405.2	4300	59.998456	0.0	2191074	20	4.3
1527472409.6	4300	59.749473	0.0	2286761	24	4.3
1527472413.51	4300	59.749571	0.0	2307787	26	4.3
1527472417.4	4300	59.747878	0.0	2143948	24	4.3
1527472421.29	4300	59.749472	0.0	1919781	16	4.3
1527472425.68	4300	59.497984	0.0	2147467	22	4.3
1527472429.58	4300	59.748564	0.0	2133870	26	4.3
1527472433.5	4300	59.748763	0.0	2146120	42	4.3
1527472437.39	4300	59.748757	0.0	2108491	24	4.3
1527472441.3	4300	59.748562	0.0	2184571	18	4.3
1527472445.7	4300	59.497994	0.0	2121928	20	4.3
1527472449.1	4300	59.998282	0.0	2219102	19	4.3
1527472453.49	4300	59.747918	0.0	2124950	22	4.3
1527472457.38	4300	59.748651	0.0	2246506	16	4.3
1527472461.76	4300	59.498794	0.0	1961140	21	4.3
1527472465.15	4300	59.99943	0.0	2155012	23	4.3
1527472467.0	4300	59.844085	0.0	1433658	16	4.3

1527472467.74	750	4	0.02	668286	2	-0.08599999999999997
1527472468.15	4300	7.949139	0.0	2123065	19	0.75
1527472468.55	4300	11.540392	0.0	2177073	22	4.3
1527472468.95	4300	15.147562	0.0	2160877	25	4.3
1527472469.32	4300	18.778194	0.0	2233056	12	4.3
1527472469.71	4300	22.388358	0.0	1941625	21	4.3
1527472470.1	4300	25.998248	0.0	2157535	28	4.3
1527472470.48	4300	29.613542	0.0	2290172	24	4.3
1527472470.87	4300	33.227845	0.0	2055469	23	4.3
1527472471.26	4300	36.839739	0.0	2169201	24	4.3
1527472471.64	4300	40.449022	0.0	2173522	26	4.3
1527472472.03	4300	44.068245	0.0	2102452	14	4.3
1527472472.43	4300	47.668597	0.0	2209463	27	4.3
1527472472.83	4300	51.267563	0.0	2275376	21	4.3
1527472473.21	4300	54.886715	0.0	2005399	21	4.3
1527472473.62	4300	58.471142	0.0	2152483	37	4.3
1527472476.52	4300	59.749508	0.0	2289689	26	4.3
1527472480.44	4300	59.749128	0.0	2059512	23	4.3
1527472484.33	4300	59.999055	0.0	2220726	26	4.3
1527472488.23	4300	59.998627	0.0	2156729	22	4.3
1527472492.13	4300	59.999089	0.0	2039773	22	4.3
1527472496.54	4300	59.997803	0.0	2176469	23	4.3
1527472500.43	4300	59.748145	0.0	2221506	20	4.3
1527472504.82	4300	59.497719	0.0	2044075	21	4.3
1527472508.22	4300	59.998313	0.0	2186790	24	4.3
1527472512.12	4300	59.999145	0.0	2105231	22	4.3
1527472516.55	4300	59.747472	0.0	2395588	28	4.3
1527472520.44	4300	59.747808	0.0	1972048	17	4.3
1527472524.35	4300	59.998516	0.0	2134614	38	4.3
1527472528.24	4300	59.998686	0.0	2164140	19	4.3
1527472532.13	4300	59.998008	0.0	2113193	22	4.3
1527472536.54	4300	59.747994	0.0	2147852	22	4.3
1527472540.44	4300	59.748836	0.0	2191074	23	4.3
1527472544.34	4300	59.998387	0.0	2286761	27	4.3
1527472548.24	4300	59.99905	0.0	2307787	26	4.3
1527472552.64	4300	59.748604	0.0	2143948	25	4.3
1527472556.54	4300	59.998731	0.0	1919781	22	4.3
1527472560.45	4300	59.997762	0.0	2147467	25	4.3
1527472564.35	4300	59.998591	0.0	2133870	24	4.3
1527472568.26	4300	59.999362	0.0	2146120	25	4.3
1527472572.15	4300	59.997581	0.0	2108491	23	4.3
1527472576.55	4300	59.748472	0.0	2184571	25	4.3
1527472580.45	4300	59.74833	0.0	2121928	18	4.3
1527472584.84	4300	59.498451	0.0	2219102	22	4.3
1527472588.74	4300	59.49856	0.0	2124950	25	4.3
1527472592.14	4300	59.998808	0.0	2246506	26	4.3
