1527429781.81	750	4	0.03	2354772	8	-0.129
1527429782.19	4300	7.963318	0.0	2123065	22	0.75
1527429782.53	4300	11.63114	0.0	2177073	18	4.3
1527429782.86	4300	15.295627	0.0	2160877	21	4.3
1527429783.19	4300	18.964663	0.0	2233056	19	4.3
1527429783.53	4300	22.625805	0.0	1941625	23	4.3
1527429783.87	4300	26.283552	0.0	2157535	25	4.3
1527429784.21	4300	29.949529	0.0	2290172	23	4.3
1527429784.54	4300	33.615316	0.0	2055469	16	4.3
1527429784.88	4300	37.282357	0.0	2169201	20	4.3
1527429785.22	4300	40.933987	0.0	2173522	23	4.3
1527429785.56	4300	44.593738	0.0	2102452	10	4.3
1527429785.91	4300	48.249554	0.0	2209463	23	4.3
1527429786.24	4300	51.911903	0.0	2275376	24	4.3
1527429786.57	4300	55.581984	0.0	2005399	19	4.3
1527429786.91	4300	59.248498	0.0	2152483	22	4.3
1527429790.25	4300	59.999201	0.0	2289689	20	4.3
1527429794.6	4300	59.748345	0.0	2059512	22	4.3
1527429798.45	4300	59.749405	0.0	2220726	24	4.3
1527429802.8	4300	59.498197	0.0	2156729	20	4.3
1527429806.64	4300	59.998467	0.0	2039773	22	4.3
1527429810.49	4300	59.749218	0.0	2176469	24	4.3
1527429814.35	4300	59.999262	0.0	2221506	26	4.3
1527429818.19	4300	59.999394	0.0	2044075	23	4.3
1527429822.54	4300	59.998896	0.0	2186790	21	4.3
1527429826.89	4300	59.497444	0.0	2105231	23	4.3
1527429830.74	4300	59.49765	0.0	2395588	25	4.3
1527429834.6	4300	59.74882	0.0	1972048	28	4.3
1527429838.44	4300	59.997519	0.0	2134614	25	4.3
1527429842.29	4300	59.997887	0.0	2164140	23	4.3
1527429846.65	4300	59.749361	0.0	2113193	23	4.3
1527429850.51	4300	59.997604	0.0	2147852	24	4.3
1527429854.86	4300	59.498428	0.0	2191074	21	4.3
1527429858.71	4300	59.748391	0.0	2286761	21	4.3
1527429862.56	4300	59.998821	0.0	2307787	25	4.3
1527429866.41	4300	59.997564	0.0	2143948	24	4.3
1527429870.75	4300	59.498221	0.0	1919781	18	4.3
1527429874.6	4300	59.749016	0.0	2147467	23	4.3
1527429878.46	4300	59.749009	0.0	2133870	32	4.3
1527429882.31	4300	59.998101	0.0	2146120	23	4.3
1527429886.16	4300	59.99798	0.0	2108491	22	4.3
1527429890.52	4300	59.997988	0.0	2184571	26	4.3
1527429894.87	4300	59.498621	0.0	2121928	20	4.3
1527429898.22	4300	59.99889	0.0	2219102	24	4.3
1527429902.57	4300	59.749066	0.0	2124950	23	4.3
1527429906.43	4300	59.747374	0.0	2246506	24	4.3
1527429910.77	4300	59.74879	0.0	1961140	19	4.3
1527429914.62	4300	59.998827	0.0	2155012	21	4.3
1527429915.95	4300	59.928993	0.0	1433658	13	4.3

1527429916.72	750	4	0.015	668286	3	-0.0645
1527429917.08	4300	7.940322	0.0	2123065	26	0.75
1527429917.4	4300	11.617065	0.0	2177073	10	4.3
1527429917.74	4300	15.282073	0.0	2160877	25	4.3
1527429918.07	4300	18.947786	0.0	2233056	23	4.3
1527429918.4	4300	22.619359	0.0	1941625	16	4.3
1527429918.74	4300	26.27983	0.0	2157535	20	4.3
1527429919.08	4300	29.938255	0.0	2290172	25	4.3
1527429919.41	4300	33.603876	0.0	2055469	22	4.3
1527429919.75	4300	37.269638	0.0	2169201	22	4.3
1527429920.09	4300	40.932281	0.0	2173522	20	4.3
1527429920.43	4300	44.590698	0.0	2102452	24	4.3
1527429920.77	4300	48.252825	0.0	2209463	24	4.3
1527429921.1	4300	51.921765	0.0	2275376	22	4.3
1527429921.43	4300	55.585498	0.0	2005399	15	4.3
1527429921.78	4300	59.245106	0.0	2152483	24	4.3
1527429925.12	4300	59.999461	0.0	2289689	24	4.3
1527429929.48	4300	59.749728	0.0	2059512	23	4.3
1527429933.34	4300	59.74953	0.0	2220726	24	4.3
1527429937.68	4300	59.497707	0.0	2156729	19	4.3
1527429941.03	4300	59.99879	0.0	2039773	22	4.3
1527429945.38	4300	59.748907	0.0	2176469	24	4.3
1527429949.74	4300	59.749026	0.0	2221506	24	4.3
1527429953.59	4300	59.498199	0.0	2044075	27	4.3
1527429957.44	4300	59.747968	0.0	2186790	21	4.3
1527429961.29	4300	59.998082	0.0	2105231	25	4.3
1527429965.64	4300	59.749144	0.0	2395588	26	4.3
1527429969.48	4300	59.748238	0.0	1972048	21	4.3
1527429973.34	4300	59.748717	0.0	2134614	33	4.3
1527429977.19	4300	59.997807	0.0	2164140	24	4.3
1527429981.04	4300	59.999119	0.0	2113193	24	4.3
1527429985.38	4300	59.748798	0.0	2147852	21	4.3
1527429989.23	4300	59.999076	0.0	2191074	24	4.3
1527429993.08	4300	59.998871	0.0	2286761	21	4.3
1527429997.42	4300	59.99851	0.0	2307787	13	4.3
1527430001.76	4300	59.748773	0.0	2143948	22	4.3
1527430005.1	4300	59.998891	0.0	1919781	21	4.3
1527430009.45	4300	59.748935	0.0	2147467	19	4.3
1527430013.29	4300	59.748803	0.0	2133870	20	4.3
1527430017.16	4300	59.999081	0.0	2146120	36	4.3
1527430021.5	4300	59.997612	0.0	2108491	22	4.3
1527430025.35	4300	59.748921	0.0	2184571	22	4.3
1527430029.19	4300	59.997652	0.0	2121928	19	4.3
1527430033.54	4300	59.749109	0.0	2219102	19	4.3
1527430037.4	4300	59.747457	0.0	2124950	20	4.3
1527430041.25	4300	59.997651	0.0	2246506	26	4.3
1527430045.6	4300	59.498569	0.0	1961140	13	4.3
1527430049.44	4300	59.747501	0.0	2155012	23	4.3
1527430051.28	4300	59.427238	0.0	1433658	11	4.3

1527430052.01	750	4	0.017	668286	3	-0.07309999999999994
1527430052.37	4300	7.94338	0.0	2123065	20	0.75
1527430052.71	4300	11.596502	0.0	2177073	21	4.3
1527430053.03	4300	15.275015	0.0	2160877	12	4.3
1527430053.37	4300	18.936997	0.0	2233056	25	4.3
1527430053.69	4300	22.616754	0.0	1941625	12	4.3
1527430054.03	4300	26.277742	0.0	2157535	25	4.3
1527430054.36	4300	29.942146	0.0	2290172	22	4.3
1527430054.7	4300	33.610263	0.0	2055469	19	4.3
1527430055.04	4300	37.26269	0.0	2169201	26	4.3
1527430055.38	4300	40.925697	0.0	2173522	24	4.3
1527430055.72	4300	44.586625	0.0	2102452	22	4.3
1527430056.04	4300	48.264613	0.0	2209463	12	4.3
1527430056.36	4300	51.940822	0.0	2275376	17	4.3
1527430056.7	4300	55.605998	0.0	2005399	22	4.3
1527430057.03	4300	59.270781	0.0	2152483	22	4.3
1527430060.38	4300	59.9994	0.0	2289689	19	4.3
1527430064.73	4300	59.998694	0.0	2059512	23	4.3
1527430068.57	4300	59.74875	0.0	2220726	15	4.3
1527430072.92	4300	59.748109	0.0	2156729	24	4.3
1527430076.77	4300	59.998186	0.0	2039773	22	4.3
1527430080.61	4300	59.747842	0.0	2176469	23	4.3
