1527507128.19	750	4	0.027	2354772	9	-0.11609999999999998
1527507128.58	4300	7.963596	0.0	2123065	24	0.75
1527507128.97	4300	11.574428	0.0	2177073	23	4.3
1527507129.35	4300	15.186187	0.0	2160877	25	4.3
1527507129.75	4300	18.794799	0.0	2233056	25	4.3
1527507130.13	4300	22.409415	0.0	1941625	21	4.3
1527507130.52	4300	26.017421	0.0	2157535	24	4.3
1527507130.92	4300	29.6255	0.0	2290172	25	4.3
1527507131.3	4300	33.238215	0.0	2055469	23	4.3
1527507131.7	4300	36.844299	0.0	2169201	24	4.3
1527507132.09	4300	40.45027	0.0	2173522	27	4.3
1527507132.48	4300	44.058936	0.0	2102452	12	4.3
1527507132.87	4300	47.673774	0.0	2209463	24	4.3
1527507133.26	4300	51.282568	0.0	2275376	26	4.3
1527507133.64	4300	54.896841	0.0	2005399	23	4.3
1527507134.03	4300	58.508712	0.0	2152483	23	4.3
1527507136.93	4300	59.747962	0.0	2289689	24	4.3
1527507140.84	4300	59.748563	0.0	2059512	23	4.3
1527507145.25	4300	59.499159	0.0	2220726	31	4.3
1527507148.65	4300	59.997697	0.0	2156729	23	4.3
1527507152.55	4300	59.998008	0.0	2039773	22	4.3
1527507156.94	4300	59.748788	0.0	2176469	23	4.3
1527507160.85	4300	59.7486	0.0	2221506	24	4.3
1527507165.26	4300	59.748604	0.0	2044075	23	4.3
1527507168.66	4300	59.998977	0.0	2186790	24	4.3
1527507172.55	4300	59.999293	0.0	2105231	23	4.3
1527507176.96	4300	59.748356	0.0	2395588	26	4.3
1527507180.84	4300	59.749246	0.0	1972048	16	4.3
1527507184.76	4300	59.998492	0.0	2134614	43	4.3
1527507188.66	4300	59.99858	0.0	2164140	24	4.3
1527507193.04	4300	59.747971	0.0	2113193	12	4.3
1527507196.94	4300	59.998253	0.0	2147852	23	4.3
1527507200.85	4300	59.997787	0.0	2191074	25	4.3
1527507204.75	4300	59.997546	0.0	2286761	24	4.3
1527507208.64	4300	59.99821	0.0	2307787	24	4.3
1527507213.04	4300	59.498163	0.0	2143948	22	4.3
1527507216.94	4300	59.997584	0.0	1919781	21	4.3
1527507220.83	4300	59.747932	0.0	2147467	22	4.3
1527507225.24	4300	59.497675	0.0	2133870	22	4.3
1527507229.16	4300	59.747457	0.0	2146120	22	4.3
1527507233.05	4300	59.498746	0.0	2108491	17	4.3
1527507236.95	4300	59.747518	0.0	2184571	20	4.3
1527507240.84	4300	59.997322	0.0	2121928	20	4.3
1527507244.74	4300	59.998827	0.0	2219102	23	4.3
1527507248.64	4300	59.998725	0.0	2124950	25	4.3
1527507252.55	4300	59.999137	0.0	2246506	24	4.3
1527507256.92	4300	59.748892	0.0	1961140	16	4.3
1527507260.79	4300	59.998506	0.0	2155012	23	4.3
1527507262.64	4300	59.680371	0.0	1433658	16	4.3

1527507263.39	750	4	0.015	668286	3	-0.0645
1527507263.8	4300	7.942957	0.0	2123065	19	0.75
1527507264.18	4300	11.558828	0.0	2177073	18	4.3
1527507264.57	4300	15.171356	0.0	2160877	25	4.3
1527507264.96	4300	18.783934	0.0	2233056	25	4.3
1527507265.36	4300	22.388299	0.0	1941625	21	4.3
1527507265.74	4300	25.996375	0.0	2157535	20	4.3
1527507266.13	4300	29.611773	0.0	2290172	22	4.3
1527507266.51	4300	33.22685	0.0	2055469	22	4.3
1527507266.9	4300	36.837029	0.0	2169201	24	4.3
1527507267.3	4300	40.445402	0.0	2173522	25	4.3
1527507267.68	4300	44.063837	0.0	2102452	14	4.3
1527507268.06	4300	47.680192	0.0	2209463	20	4.3
1527507268.44	4300	51.296282	0.0	2275376	22	4.3
1527507268.83	4300	54.91092	0.0	2005399	22	4.3
1527507269.22	4300	58.525892	0.0	2152483	28	4.3
1527507272.12	4300	59.74904	0.0	2289689	23	4.3
1527507276.02	4300	59.998891	0.0	2059512	22	4.3
1527507280.43	4300	59.499298	0.0	2220726	26	4.3
1527507283.83	4300	59.998777	0.0	2156729	23	4.3
1527507288.23	4300	59.997702	0.0	2039773	19	4.3
1527507292.13	4300	59.748736	0.0	2176469	23	4.3
1527507296.04	4300	59.999497	0.0	2221506	24	4.3
1527507300.44	4300	59.749074	0.0	2044075	23	4.3
1527507304.34	4300	59.749153	0.0	2186790	24	4.3
1527507308.24	4300	59.997666	0.0	2105231	24	4.3
1527507312.14	4300	59.998622	0.0	2395588	26	4.3
1527507316.04	4300	59.748962	0.0	1972048	22	4.3
1527507319.94	4300	59.998806	0.0	2134614	24	4.3
1527507323.85	4300	59.999439	0.0	2164140	23	4.3
1527507328.25	4300	59.749102	0.0	2113193	23	4.3
1527507332.14	4300	59.749143	0.0	2147852	18	4.3
1527507336.03	4300	59.74788	0.0	2191074	21	4.3
1527507340.43	4300	59.498134	0.0	2286761	24	4.3
1527507343.84	4300	59.999487	0.0	2307787	25	4.3
1527507348.23	4300	59.748226	0.0	2143948	20	4.3
1527507352.13	4300	59.748246	0.0	1919781	20	4.3
1527507356.04	4300	59.749214	0.0	2147467	25	4.3
1527507360.46	4300	59.498618	0.0	2133870	25	4.3
1527507363.87	4300	59.998324	0.0	2146120	31	4.3
1527507367.77	4300	59.997829	0.0	2108491	23	4.3
1527507372.17	4300	59.747738	0.0	2184571	26	4.3
1527507376.06	4300	59.747553	0.0	2121928	17	4.3
