1527385796.96	750	4	0.024	2354772	6	-0.10319999999999996
1527385797.3	4300	7.961305	0.0	2123065	25	0.75
1527385797.63	4300	11.624508	0.0	2177073	22	4.3
1527385797.97	4300	15.288848	0.0	2160877	20	4.3
1527385798.31	4300	18.945553	0.0	2233056	28	4.3
1527385798.65	4300	22.609447	0.0	1941625	22	4.3
1527385798.98	4300	26.276913	0.0	2157535	20	4.3
1527385799.32	4300	29.941058	0.0	2290172	21	4.3
1527385799.67	4300	33.591759	0.0	2055469	25	4.3
1527385800.0	4300	37.25451	0.0	2169201	22	4.3
1527385800.35	4300	40.906202	0.0	2173522	25	4.3
1527385800.69	4300	44.566034	0.0	2102452	13	4.3
1527385801.03	4300	48.222064	0.0	2209463	19	4.3
1527385801.37	4300	51.881971	0.0	2275376	27	4.3
1527385801.71	4300	55.550323	0.0	2005399	22	4.3
1527385802.09	4300	59.168889	0.0	2152483	23	4.3
1527385805.44	4300	59.99878	0.0	2289689	26	4.3
1527385809.29	4300	59.998005	0.0	2059512	22	4.3
1527385813.65	4300	59.748712	0.0	2220726	30	4.3
1527385817.99	4300	59.748849	0.0	2156729	20	4.3
1527385821.83	4300	59.747918	0.0	2039773	22	4.3
1527385825.69	4300	59.748385	0.0	2176469	24	4.3
1527385829.54	4300	59.997448	0.0	2221506	26	4.3
1527385833.38	4300	59.998422	0.0	2044075	25	4.3
1527385837.73	4300	59.998048	0.0	2186790	23	4.3
1527385841.57	4300	59.747545	0.0	2105231	25	4.3
1527385845.42	4300	59.997888	0.0	2395588	16	4.3
1527385849.28	4300	59.998712	0.0	1972048	23	4.3
1527385853.64	4300	59.997483	0.0	2134614	24	4.3
1527385857.48	4300	59.997497	0.0	2164140	20	4.3
1527385861.33	4300	59.998706	0.0	2113193	25	4.3
1527385865.69	4300	59.748127	0.0	2147852	25	4.3
1527385869.53	4300	59.748885	0.0	2191074	26	4.3
1527385873.38	4300	59.998816	0.0	2286761	24	4.3
1527385877.72	4300	59.7474	0.0	2307787	22	4.3
1527385881.57	4300	59.99822	0.0	2143948	22	4.3
1527385885.91	4300	59.747099	0.0	1919781	20	4.3
1527385889.76	4300	59.99804	0.0	2147467	26	4.3
1527385893.6	4300	59.748148	0.0	2133870	21	4.3
1527385897.46	4300	59.99828	0.0	2146120	25	4.3
1527385901.81	4300	59.747939	0.0	2108491	25	4.3
1527385905.66	4300	59.997298	0.0	2184571	26	4.3
1527385909.5	4300	59.998656	0.0	2121928	23	4.3
1527385913.86	4300	59.748025	0.0	2219102	26	4.3
1527385917.72	4300	59.747316	0.0	2124950	25	4.3
1527385921.56	4300	59.747221	0.0	2246506	23	4.3
1527385925.91	4300	59.747118	0.0	1961140	19	4.3
1527385929.75	4300	59.997286	0.0	2155012	21	4.3
1527385931.08	4300	59.927099	0.0	1433658	16	4.3

1527385931.83	750	4	0.024	2354772	9	-0.10319999999999996
1527385932.18	4300	7.958853	0.0	2123065	26	0.75
1527385932.51	4300	11.62169	0.0	2177073	25	4.3
1527385932.85	4300	15.287521	0.0	2160877	20	4.3
1527385933.18	4300	18.955405	0.0	2233056	21	4.3
1527385933.52	4300	22.617082	0.0	1941625	22	4.3
1527385933.85	4300	26.278211	0.0	2157535	24	4.3
1527385934.2	4300	29.935286	0.0	2290172	26	4.3
1527385934.54	4300	33.598341	0.0	2055469	24	4.3
1527385934.87	4300	37.257472	0.0	2169201	24	4.3
1527385935.22	4300	40.913557	0.0	2173522	23	4.3
1527385935.56	4300	44.570938	0.0	2102452	25	4.3
1527385935.9	4300	48.231444	0.0	2209463	26	4.3
1527385936.23	4300	51.900213	0.0	2275376	21	4.3
1527385936.57	4300	55.562463	0.0	2005399	22	4.3
1527385936.91	4300	59.220621	0.0	2152483	26	4.3
1527385940.76	4300	59.748043	0.0	2289689	26	4.3
1527385944.61	4300	59.998604	0.0	2059512	22	4.3
1527385948.46	4300	59.999405	0.0	2220726	26	4.3
1527385952.81	4300	59.749412	0.0	2156729	23	4.3
1527385956.65	4300	59.497941	0.0	2039773	24	4.3
1527385960.5	4300	59.747793	0.0	2176469	23	4.3
1527385964.34	4300	59.998731	0.0	2221506	23	4.3
1527385968.68	4300	59.747849	0.0	2044075	21	4.3
1527385972.53	4300	59.74845	0.0	2186790	29	4.3
1527385976.88	4300	59.498339	0.0	2105231	21	4.3
1527385980.22	4300	59.998965	0.0	2395588	25	4.3
1527385984.57	4300	59.749108	0.0	1972048	23	4.3
1527385988.43	4300	59.748884	0.0	2134614	23	4.3
1527385992.78	4300	59.499264	0.0	2164140	31	4.3
1527385996.63	4300	59.998862	0.0	2113193	22	4.3
1527386000.48	4300	59.999314	0.0	2147852	26	4.3
1527386004.83	4300	59.748537	0.0	2191074	24	4.3
1527386008.68	4300	59.49807	0.0	2286761	28	4.3
1527386012.54	4300	59.748	0.0	2307787	26	4.3
1527386016.39	4300	59.749096	0.0	2143948	23	4.3
1527386020.73	4300	59.499287	0.0	1919781	23	4.3
1527386024.58	4300	59.997844	0.0	2147467	25	4.3
1527386028.43	4300	59.749489	0.0	2133870	24	4.3
1527386032.29	4300	59.997916	0.0	2146120	25	4.3
1527386036.14	4300	59.998857	0.0	2108491	36	4.3
1527386040.5	4300	59.749292	0.0	2184571	25	4.3
1527386044.85	4300	59.498048	0.0	2121928	33	4.3
1527386048.2	4300	59.999206	0.0	2219102	26	4.3
1527386052.56	4300	59.748963	0.0	2124950	25	4.3
1527386056.42	4300	59.747915	0.0	2246506	25	4.3
1527386060.77	4300	59.74821	0.0	1961140	23	4.3
1527386064.61	4300	59.748857	0.0	2155012	18	4.3
1527386065.95	4300	59.929006	0.0	1433658	15	4.3

1527386066.55	750	4	0.027	2354772	6	-0.11609999999999998
1527386066.89	4300	7.963777	0.0	2123065	20	0.75
1527386067.22	4300	11.627743	0.0	2177073	18	4.3
1527386067.57	4300	15.283576	0.0	2160877	25	4.3
1527386067.9	4300	18.948036	0.0	2233056	24	4.3
1527386068.24	4300	22.604555	0.0	1941625	32	4.3
1527386068.57	4300	26.275838	0.0	2157535	15	4.3
1527386068.92	4300	29.934227	0.0	2290172	27	4.3
1527386069.25	4300	33.600245	0.0	2055469	23	4.3
1527386069.58	4300	37.267608	0.0	2169201	21	4.3
1527386069.91	4300	40.936178	0.0	2173522	20	4.3
1527386070.24	4300	44.606282	0.0	2102452	20	4.3
1527386070.58	4300	48.273588	0.0	2209463	21	4.3
1527386070.92	4300	51.930773	0.0	2275376	26	4.3
1527386071.25	4300	55.599406	0.0	2005399	12	4.3
1527386071.59	4300	59.258185	0.0	2152483	30	4.3
1527386075.44	4300	59.49947	0.0	2289689	24	4.3
1527386079.29	4300	59.749689	0.0	2059512	24	4.3
1527386083.14	4300	59.749594	0.0	2220726	26	4.3
1527386087.48	4300	59.499063	0.0	2156729	24	4.3
1527386091.33	4300	59.749569	0.0	2039773	23	4.3
1527386095.18	4300	59.749061	0.0	2176469	22	4.3
1527386099.52	4300	59.498573	0.0	2221506	22	4.3
1527386103.37	4300	59.498939	0.0	2044075	22	4.3
1527386107.21	4300	59.748963	0.0	2186790	20	4.3
1527386111.06	4300	59.998783	0.0	2105231	23	4.3
1527386115.41	4300	59.748622	0.0	2395588	28	4.3
1527386119.26	4300	59.74884	0.0	1972048	23	4.3
