1527483447.47	750	4	0.029	2354772	8	-0.12470000000000003
1527483447.85	4300	7.955894	0.0	2123065	27	0.75
1527483448.19	4300	11.615015	0.0	2177073	22	4.3
1527483448.54	4300	15.267291	0.0	2160877	28	4.3
1527483448.88	4300	18.930823	0.0	2233056	22	4.3
1527483449.21	4300	22.597579	0.0	1941625	18	4.3
1527483449.54	4300	26.262966	0.0	2157535	20	4.3
1527483449.89	4300	29.916402	0.0	2290172	25	4.3
1527483450.22	4300	33.582637	0.0	2055469	23	4.3
1527483450.56	4300	37.245437	0.0	2169201	21	4.3
1527483450.89	4300	40.915288	0.0	2173522	14	4.3
1527483451.24	4300	44.570315	0.0	2102452	29	4.3
1527483451.58	4300	48.229718	0.0	2209463	25	4.3
1527483451.9	4300	51.905706	0.0	2275376	15	4.3
1527483452.22	4300	55.584901	0.0	2005399	13	4.3
1527483452.56	4300	59.244506	0.0	2152483	25	4.3
1527483455.9	4300	59.999248	0.0	2289689	23	4.3
1527483460.26	4300	59.999183	0.0	2059512	23	4.3
1527483464.11	4300	59.748924	0.0	2220726	25	4.3
1527483468.46	4300	59.498186	0.0	2156729	23	4.3
1527483472.3	4300	59.748081	0.0	2039773	23	4.3
1527483476.15	4300	59.748119	0.0	2176469	20	4.3
1527483480.49	4300	59.499207	0.0	2221506	18	4.3
1527483483.84	4300	59.998727	0.0	2044075	21	4.3
1527483488.19	4300	59.749005	0.0	2186790	24	4.3
1527483492.54	4300	59.748797	0.0	2105231	25	4.3
1527483496.39	4300	59.499009	0.0	2395588	27	4.3
1527483500.25	4300	59.998777	0.0	1972048	31	4.3
1527483504.1	4300	59.747692	0.0	2134614	23	4.3
1527483507.95	4300	59.997966	0.0	2164140	22	4.3
1527483512.3	4300	59.748065	0.0	2113193	17	4.3
1527483516.14	4300	59.998517	0.0	2147852	21	4.3
1527483519.99	4300	59.99858	0.0	2191074	24	4.3
1527483524.34	4300	59.498867	0.0	2286761	26	4.3
1527483528.19	4300	59.747911	0.0	2307787	26	4.3
1527483532.04	4300	59.99874	0.0	2143948	21	4.3
1527483535.89	4300	59.998741	0.0	1919781	22	4.3
1527483540.25	4300	59.998525	0.0	2147467	25	4.3
1527483544.09	4300	59.998699	0.0	2133870	29	4.3
1527483547.94	4300	59.998644	0.0	2146120	23	4.3
1527483552.28	4300	59.998272	0.0	2108491	19	4.3
1527483556.13	4300	59.748265	0.0	2184571	22	4.3
1527483559.97	4300	59.99838	0.0	2121928	20	4.3
1527483563.82	4300	59.997735	0.0	2219102	19	4.3
1527483568.18	4300	59.997887	0.0	2124950	25	4.3
1527483572.03	4300	59.999272	0.0	2246506	24	4.3
1527483575.87	4300	59.997572	0.0	1961140	19	4.3
1527483580.22	4300	59.747548	0.0	2155012	18	4.3
1527483582.05	4300	59.927252	0.0	1433658	16	4.3

1527483582.81	750	4	0.014	668286	3	-0.06020000000000003
1527483583.16	4300	7.94284	0.0	2123065	23	0.75
1527483583.51	4300	11.597328	0.0	2177073	25	4.3
1527483583.82	4300	15.286142	0.0	2160877	9	4.3
1527483584.15	4300	18.953644	0.0	2233056	21	4.3
1527483584.49	4300	22.616388	0.0	1941625	21	4.3
1527483584.83	4300	26.274583	0.0	2157535	25	4.3
1527483585.17	4300	29.939214	0.0	2290172	21	4.3
1527483585.49	4300	33.617994	0.0	2055469	14	4.3
1527483585.82	4300	37.283154	0.0	2169201	25	4.3
1527483586.16	4300	40.945589	0.0	2173522	22	4.3
1527483586.51	4300	44.601642	0.0	2102452	23	4.3
1527483586.84	4300	48.262082	0.0	2209463	25	4.3
1527483587.17	4300	51.930997	0.0	2275376	20	4.3
1527483587.51	4300	55.594663	0.0	2005399	19	4.3
1527483587.86	4300	59.250002	0.0	2152483	24	4.3
1527483591.2	4300	59.998087	0.0	2289689	25	4.3
1527483595.56	4300	59.748315	0.0	2059512	23	4.3
1527483599.42	4300	59.749341	0.0	2220726	23	4.3
1527483603.76	4300	59.498839	0.0	2156729	21	4.3
1527483607.61	4300	59.747931	0.0	2039773	22	4.3
1527483611.45	4300	59.998688	0.0	2176469	21	4.3
1527483615.3	4300	59.997879	0.0	2221506	19	4.3
1527483619.15	4300	59.998815	0.0	2044075	22	4.3
1527483623.5	4300	59.748792	0.0	2186790	24	4.3
1527483627.35	4300	59.999227	0.0	2105231	24	4.3
1527483631.69	4300	59.499204	0.0	2395588	21	4.3
1527483635.54	4300	59.998392	0.0	1972048	21	4.3
1527483639.39	4300	59.998665	0.0	2134614	33	4.3
1527483643.74	4300	59.748853	0.0	2164140	26	4.3
1527483647.59	4300	59.748601	0.0	2113193	24	4.3
1527483651.44	4300	59.998886	0.0	2147852	22	4.3
1527483655.28	4300	59.999417	0.0	2191074	19	4.3
1527483659.64	4300	59.498603	0.0	2286761	25	4.3
1527483663.49	4300	59.998871	0.0	2307787	26	4.3
1527483667.84	4300	59.497829	0.0	2143948	23	4.3
1527483671.18	4300	59.998033	0.0	1919781	21	4.3
1527483675.54	4300	59.998096	0.0	2147467	25	4.3
1527483679.39	4300	59.749452	0.0	2133870	24	4.3
1527483683.25	4300	59.998712	0.0	2146120	28	4.3
1527483687.6	4300	59.748583	0.0	2108491	23	4.3
1527483691.46	4300	59.997622	0.0	2184571	23	4.3
1527483695.31	4300	59.998843	0.0	2121928	21	4.3
1527483699.66	4300	59.749084	0.0	2219102	25	4.3
1527483703.51	4300	59.998551	0.0	2124950	24	4.3
