1527532693.48	750	4	0.014	450283	1	-0.06020000000000003
1527532693.87	4300	7.951137	0.0	2123065	14	0.75
1527532694.21	4300	11.607316	0.0	2177073	22	4.3
1527532694.54	4300	15.274136	0.0	2160877	20	4.3
1527532694.87	4300	18.940663	0.0	2233056	19	4.3
1527532695.2	4300	22.611878	0.0	1941625	17	4.3
1527532695.55	4300	26.26625	0.0	2157535	25	4.3
1527532695.89	4300	29.923319	0.0	2290172	24	4.3
1527532696.22	4300	33.591646	0.0	2055469	20	4.3
1527532696.56	4300	37.255037	0.0	2169201	18	4.3
1527532696.9	4300	40.913354	0.0	2173522	24	4.3
1527532697.24	4300	44.577019	0.0	2102452	22	4.3
1527532697.58	4300	48.237948	0.0	2209463	21	4.3
1527532697.93	4300	51.884358	0.0	2275376	26	4.3
1527532698.26	4300	55.551529	0.0	2005399	20	4.3
1527532698.59	4300	59.219998	0.0	2152483	19	4.3
1527532702.45	4300	59.499573	0.0	2289689	27	4.3
1527532706.3	4300	59.748862	0.0	2059512	23	4.3
1527532710.15	4300	59.998318	0.0	2220726	23	4.3
1527532714.5	4300	59.499832	0.0	2156729	23	4.3
1527532717.85	4300	59.998824	0.0	2039773	23	4.3
1527532722.21	4300	59.748532	0.0	2176469	23	4.3
1527532726.06	4300	59.999286	0.0	2221506	25	4.3
1527532729.91	4300	59.999413	0.0	2044075	22	4.3
1527532734.25	4300	59.748515	0.0	2186790	21	4.3
1527532738.1	4300	59.749277	0.0	2105231	25	4.3
1527532742.45	4300	59.499071	0.0	2395588	24	4.3
1527532746.29	4300	59.99902	0.0	1972048	21	4.3
1527532750.14	4300	59.998949	0.0	2134614	31	4.3
1527532754.5	4300	59.499638	0.0	2164140	23	4.3
1527532758.34	4300	59.747966	0.0	2113193	23	4.3
1527532762.19	4300	59.748816	0.0	2147852	22	4.3
1527532766.53	4300	59.499156	0.0	2191074	22	4.3
1527532770.38	4300	59.498836	0.0	2286761	26	4.3
1527532774.23	4300	59.748817	0.0	2307787	23	4.3
1527532778.08	4300	59.748061	0.0	2143948	23	4.3
1527532781.92	4300	59.998853	0.0	1919781	20	4.3
1527532786.27	4300	59.749093	0.0	2147467	24	4.3
1527532790.12	4300	59.99854	0.0	2133870	24	4.3
1527532794.47	4300	59.748086	0.0	2146120	33	4.3
1527532798.31	4300	59.749073	0.0	2108491	18	4.3
1527532802.15	4300	59.998666	0.0	2184571	20	4.3
1527532806.51	4300	59.498901	0.0	2121928	23	4.3
1527532809.86	4300	59.999229	0.0	2219102	26	4.3
1527532814.21	4300	59.748635	0.0	2124950	21	4.3
1527532818.55	4300	59.749072	0.0	2246506	22	4.3
1527532822.41	4300	59.748772	0.0	1961140	22	4.3
1527532826.28	4300	59.749318	0.0	2155012	16	4.3
1527532828.12	4300	59.678093	0.0	1433658	16	4.3

1527532828.87	750	4	0.017	668286	3	-0.07309999999999994
1527532829.22	4300	7.95393	0.0	2123065	19	0.75
1527532829.58	4300	11.596449	0.0	2177073	40	4.3
1527532829.93	4300	15.246002	0.0	2160877	25	4.3
1527532830.26	4300	18.908832	0.0	2233056	23	4.3
1527532830.61	4300	22.566494	0.0	1941625	21	4.3
1527532830.95	4300	26.225079	0.0	2157535	24	4.3
1527532831.27	4300	29.905598	0.0	2290172	13	4.3
1527532831.61	4300	33.566713	0.0	2055469	22	4.3
1527532831.94	4300	37.231173	0.0	2169201	23	4.3
1527532832.29	4300	40.884475	0.0	2173522	25	4.3
1527532832.63	4300	44.545828	0.0	2102452	25	4.3
1527532832.96	4300	48.212219	0.0	2209463	21	4.3
1527532833.31	4300	51.861169	0.0	2275376	26	4.3
1527532833.64	4300	55.532722	0.0	2005399	16	4.3
1527532833.97	4300	59.203311	0.0	2152483	17	4.3
1527532837.82	4300	59.499793	0.0	2289689	28	4.3
1527532841.67	4300	59.739471	0.0	2059512	19	4.3
1527532845.52	4300	59.749065	0.0	2220726	24	4.3
1527532849.87	4300	59.749198	0.0	2156729	23	4.3
1527532853.69	4300	59.497792	0.0	2039773	8	4.3
1527532857.54	4300	59.74873	0.0	2176469	21	4.3
1527532861.4	4300	59.999314	0.0	2221506	24	4.3
1527532865.24	4300	59.999065	0.0	2044075	22	4.3
1527532869.59	4300	59.748564	0.0	2186790	22	4.3
1527532873.44	4300	59.999066	0.0	2105231	21	4.3
1527532877.3	4300	59.998884	0.0	2395588	27	4.3
1527532881.64	4300	59.998782	0.0	1972048	21	4.3
1527532885.5	4300	59.74775	0.0	2134614	35	4.3
1527532889.86	4300	59.748219	0.0	2164140	23	4.3
1527532893.7	4300	59.499475	0.0	2113193	24	4.3
1527532897.55	4300	59.999298	0.0	2147852	23	4.3
1527532901.4	4300	59.998768	0.0	2191074	20	4.3
1527532905.26	4300	59.999141	0.0	2286761	24	4.3
1527532909.61	4300	59.748697	0.0	2307787	24	4.3
1527532913.46	4300	59.748888	0.0	2143948	22	4.3
1527532917.81	4300	59.499484	0.0	1919781	11	4.3
1527532921.66	4300	59.999019	0.0	2147467	24	4.3
1527532925.51	4300	59.748732	0.0	2133870	24	4.3
1527532929.36	4300	59.998677	0.0	2146120	21	4.3
1527532933.72	4300	59.498096	0.0	2108491	24	4.3
1527532937.58	4300	59.748607	0.0	2184571	33	4.3
1527532941.43	4300	59.747486	0.0	2121928	25	4.3
1527532945.28	4300	59.998523	0.0	2219102	24	4.3
1527532949.63	4300	59.748627	0.0	2124950	20	4.3
1527532953.48	4300	59.74909	0.0	2246506	22	4.3
1527532957.33	4300	59.998733	0.0	1961140	21	4.3
1527532961.18	4300	59.99884	0.0	2155012	23	4.3
1527532963.52	4300	59.428515	0.0	1433658	18	4.3

1527532964.25	750	4	0.017	668286	2	-0.07309999999999994
1527532964.61	4300	7.948415	0.0	2123065	24	0.75
1527532964.94	4300	11.615659	0.0	2177073	15	4.3
1527532965.27	4300	15.282993	0.0	2160877	19	4.3
1527532965.62	4300	18.938876	0.0	2233056	24	4.3
1527532965.95	4300	22.604056	0.0	1941625	20	4.3
1527532966.28	4300	26.269398	0.0	2157535	29	4.3
1527532966.62	4300	29.936946	0.0	2290172	21	4.3
1527532966.95	4300	33.606225	0.0	2055469	18	4.3
1527532967.29	4300	37.26439	0.0	2169201	25	4.3
1527532967.63	4300	40.923183	0.0	2173522	24	4.3
1527532967.96	4300	44.591202	0.0	2102452	21	4.3
1527532968.3	4300	48.253113	0.0	2209463	21	4.3
1527532968.63	4300	51.922045	0.0	2275376	18	4.3
1527532968.97	4300	55.578786	0.0	2005399	26	4.3
1527532969.32	4300	59.231976	0.0	2152483	36	4.3
1527532973.18	4300	59.749027	0.0	2289689	25	4.3
1527532977.02	4300	59.748336	0.0	2059512	21	4.3
1527532981.37	4300	59.498987	0.0	2220726	23	4.3
