1527464970.34	750	4	0.026	2354772	9	-0.11180000000000001
1527464970.73	4300	7.963092	0.0	2123065	23	0.75
1527464971.12	4300	11.571303	0.0	2177073	19	4.3
1527464971.5	4300	15.194289	0.0	2160877	13	4.3
1527464971.9	4300	18.796146	0.0	2233056	24	4.3
1527464972.29	4300	22.402363	0.0	1941625	18	4.3
1527464972.68	4300	26.012942	0.0	2157535	21	4.3
1527464973.07	4300	29.62273	0.0	2290172	23	4.3
1527464973.51	4300	33.233627	0.0	2055469	21	4.3
1527464973.91	4300	36.782507	0.0	2169201	23	4.3
1527464974.31	4300	40.385206	0.0	2173522	22	4.3
1527464974.7	4300	43.990643	0.0	2102452	12	4.3
1527464975.1	4300	47.5918	0.0	2209463	24	4.3
1527464975.5	4300	51.198722	0.0	2275376	23	4.3
1527464975.89	4300	54.8079	0.0	2005399	21	4.3
1527464976.28	4300	58.414137	0.0	2152483	23	4.3
1527464979.19	4300	59.74802	0.0	2289689	20	4.3
1527464983.12	4300	59.749226	0.0	2059512	23	4.3
1527464987.03	4300	59.749631	0.0	2220726	31	4.3
1527464991.43	4300	59.749067	0.0	2156729	22	4.3
1527464994.83	4300	59.998581	0.0	2039773	24	4.3
1527464999.23	4300	59.747782	0.0	2176469	22	4.3
1527465003.13	4300	59.74898	0.0	2221506	25	4.3
1527465007.03	4300	59.74772	0.0	2044075	22	4.3
1527465011.44	4300	59.498025	0.0	2186790	22	4.3
1527465015.34	4300	59.748953	0.0	2105231	23	4.3
1527465019.24	4300	59.497578	0.0	2395588	26	4.3
1527465023.15	4300	59.748858	0.0	1972048	22	4.3
1527465027.06	4300	59.998537	0.0	2134614	22	4.3
1527465030.97	4300	59.748462	0.0	2164140	25	4.3
1527465034.92	4300	59.998774	0.0	2113193	24	4.3
1527465038.83	4300	59.999039	0.0	2147852	23	4.3
1527465042.72	4300	59.99782	0.0	2191074	22	4.3
1527465047.18	4300	59.997885	0.0	2286761	27	4.3
1527465051.08	4300	59.998242	0.0	2307787	24	4.3
1527465054.98	4300	59.748635	0.0	2143948	19	4.3
1527465058.87	4300	59.998741	0.0	1919781	19	4.3
1527465062.77	4300	59.999075	0.0	2147467	25	4.3
1527465067.17	4300	59.748161	0.0	2133870	23	4.3
1527465071.08	4300	59.998637	0.0	2146120	20	4.3
1527465074.98	4300	59.748701	0.0	2108491	18	4.3
1527465078.91	4300	59.99795	0.0	2184571	20	4.3
1527465082.79	4300	59.998838	0.0	2121928	10	4.3
1527465087.19	4300	59.748984	0.0	2219102	21	4.3
1527465091.09	4300	59.998384	0.0	2124950	24	4.3
1527465094.98	4300	59.998777	0.0	2246506	20	4.3
1527465098.86	4300	59.999227	0.0	1961140	21	4.3
1527465102.73	4300	59.998383	0.0	2155012	24	4.3
1527465104.59	4300	59.92768	0.0	1433658	16	4.3

1527465105.33	750	4	0.017	668286	3	-0.07309999999999994
1527465105.72	4300	7.954447	0.0	2123065	14	0.75
1527465106.11	4300	11.567689	0.0	2177073	18	4.3
1527465106.49	4300	15.188101	0.0	2160877	19	4.3
1527465106.88	4300	18.80072	0.0	2233056	23	4.3
1527465107.26	4300	22.418017	0.0	1941625	21	4.3
1527465107.65	4300	26.025821	0.0	2157535	23	4.3
1527465108.05	4300	29.62406	0.0	2290172	37	4.3
1527465108.44	4300	33.242165	0.0	2055469	21	4.3
1527465108.82	4300	36.854205	0.0	2169201	25	4.3
1527465109.21	4300	40.46791	0.0	2173522	25	4.3
1527465109.61	4300	44.061836	0.0	2102452	17	4.3
1527465110.0	4300	47.680171	0.0	2209463	21	4.3
1527465110.38	4300	51.293115	0.0	2275376	24	4.3
1527465110.77	4300	54.908388	0.0	2005399	22	4.3
1527465111.14	4300	58.532062	0.0	2152483	16	4.3
1527465114.05	4300	59.749602	0.0	2289689	24	4.3
1527465117.95	4300	59.997921	0.0	2059512	20	4.3
1527465122.35	4300	59.749256	0.0	2220726	21	4.3
1527465126.25	4300	59.748727	0.0	2156729	23	4.3
1527465130.15	4300	59.749211	0.0	2039773	23	4.3
1527465134.05	4300	59.749072	0.0	2176469	23	4.3
1527465137.99	4300	59.74845	0.0	2221506	24	4.3
1527465141.89	4300	59.998102	0.0	2044075	19	4.3
1527465145.79	4300	59.998002	0.0	2186790	20	4.3
1527465149.7	4300	59.998967	0.0	2105231	24	4.3
1527465154.11	4300	59.748123	0.0	2395588	28	4.3
1527465158.02	4300	59.748913	0.0	1972048	22	4.3
1527465161.93	4300	59.747923	0.0	2134614	37	4.3
1527465166.33	4300	59.74953	0.0	2164140	20	4.3
1527465169.73	4300	59.999407	0.0	2113193	24	4.3
1527465174.13	4300	59.749207	0.0	2147852	21	4.3
1527465178.03	4300	59.748826	0.0	2191074	25	4.3
1527465181.93	4300	59.749102	0.0	2286761	23	4.3
1527465186.34	4300	59.498862	0.0	2307787	26	4.3
1527465189.74	4300	59.997996	0.0	2143948	26	4.3
1527465194.14	4300	59.749119	0.0	1919781	22	4.3
1527465198.04	4300	59.749239	0.0	2147467	24	4.3
1527465201.94	4300	59.998593	0.0	2133870	23	4.3
1527465205.85	4300	59.998821	0.0	2146120	24	4.3
1527465209.74	4300	59.998663	0.0	2108491	24	4.3
1527465214.14	4300	59.748065	0.0	2184571	24	4.3
1527465218.04	4300	59.999355	0.0	2121928	25	4.3
1527465221.95	4300	59.747906	0.0	2219102	24	4.3
1527465225.85	4300	59.998207	0.0	2124950	24	4.3
1527465229.73	4300	59.998488	0.0	2246506	21	4.3
1527465234.12	4300	59.749094	0.0	1961140	22	4.3
1527465237.98	4300	59.998466	0.0	2155012	17	4.3
1527465239.84	4300	59.651157	0.0	1433658	16	4.3

1527465240.61	750	4	0.015	668286	2	-0.0645
1527465241.01	4300	7.950793	0.0	2123065	17	0.75
1527465241.4	4300	11.560077	0.0	2177073	13	4.3
1527465241.79	4300	15.175371	0.0	2160877	21	4.3
1527465242.18	4300	18.787585	0.0	2233056	24	4.3
1527465242.57	4300	22.397331	0.0	1941625	20	4.3
1527465242.96	4300	26.003562	0.0	2157535	13	4.3
1527465243.36	4300	29.611483	0.0	2290172	21	4.3
1527465243.73	4300	33.235735	0.0	2055469	15	4.3
1527465244.12	4300	36.843707	0.0	2169201	22	4.3
1527465244.54	4300	40.424983	0.0	2173522	25	4.3
1527465244.92	4300	44.044978	0.0	2102452	13	4.3
1527465245.3	4300	47.663976	0.0	2209463	19	4.3
1527465245.69	4300	51.276577	0.0	2275376	24	4.3
1527465246.08	4300	54.887737	0.0	2005399	22	4.3
1527465246.46	4300	58.497652	0.0	2152483	18	4.3
1527465249.36	4300	59.749109	0.0	2289689	24	4.3
1527465253.27	4300	59.748683	0.0	2059512	21	4.3
1527465257.18	4300	59.999151	0.0	2220726	23	4.3
1527465261.07	4300	59.997643	0.0	2156729	23	4.3
1527465265.47	4300	59.747916	0.0	2039773	22	4.3
1527465269.37	4300	59.749526	0.0	2176469	20	4.3
1527465273.26	4300	59.749247	0.0	2221506	19	4.3
1527465277.16	4300	59.998989	0.0	2044075	20	4.3
1527465281.05	4300	59.998233	0.0	2186790	25	4.3
1527465285.45	4300	59.749518	0.0	2105231	23	4.3
1527465289.35	4300	59.748752	0.0	2395588	19	4.3
1527465293.26	4300	59.749444	0.0	1972048	24	4.3
1527465297.16	4300	59.998327	0.0	2134614	22	4.3
1527465301.07	4300	59.998438	0.0	2164140	21	4.3
1527465304.97	4300	59.999388	0.0	2113193	17	4.3
1527465309.37	4300	59.99814	0.0	2147852	23	4.3
1527465313.27	4300	59.99769	0.0	2191074	23	4.3
1527465317.2	4300	59.99801	0.0	2286761	27	4.3
1527465321.11	4300	59.998722	0.0	2307787	25	4.3
1527465325.51	4300	59.748382	0.0	2143948	22	4.3
1527465329.41	4300	59.749385	0.0	1919781	21	4.3
1527465333.31	4300	59.99757	0.0	2147467	25	4.3
1527465337.19	4300	59.998652	0.0	2133870	12	4.3
1527465341.62	4300	59.748663	0.0	2146120	24	4.3
1527465345.03	4300	59.998292	0.0	2108491	24	4.3
1527465349.44	4300	59.748649	0.0	2184571	24	4.3
