1527451988.72	750	4	0.027	2354772	8	-0.11609999999999998
1527451989.1	4300	7.959757	0.0	2123065	22	0.75
1527451989.49	4300	11.572768	0.0	2177073	26	4.3
1527451989.85	4300	15.20859	0.0	2160877	12	4.3
1527451990.24	4300	18.818586	0.0	2233056	25	4.3
1527451990.63	4300	22.438803	0.0	1941625	21	4.3
1527451991.01	4300	26.049502	0.0	2157535	26	4.3
1527451991.41	4300	29.658867	0.0	2290172	25	4.3
1527451991.79	4300	33.272176	0.0	2055469	23	4.3
1527451992.17	4300	36.891911	0.0	2169201	20	4.3
1527451992.56	4300	40.505576	0.0	2173522	23	4.3
1527451992.94	4300	44.121475	0.0	2102452	16	4.3
1527451993.33	4300	47.730218	0.0	2209463	23	4.3
1527451993.72	4300	51.346045	0.0	2275376	25	4.3
1527451994.1	4300	54.958705	0.0	2005399	23	4.3
1527451994.49	4300	58.57279	0.0	2152483	23	4.3
1527451997.39	4300	59.749089	0.0	2289689	22	4.3
1527452001.78	4300	59.497885	0.0	2059512	22	4.3
1527452005.66	4300	59.74972	0.0	2220726	15	4.3
1527452009.56	4300	59.748185	0.0	2156729	24	4.3
1527452013.45	4300	59.74891	0.0	2039773	23	4.3
1527452017.35	4300	59.748889	0.0	2176469	25	4.3
1527452021.24	4300	59.998111	0.0	2221506	19	4.3
1527452025.14	4300	59.99865	0.0	2044075	21	4.3
1527452029.53	4300	59.748276	0.0	2186790	23	4.3
1527452033.43	4300	59.998642	0.0	2105231	24	4.3
1527452037.34	4300	59.997957	0.0	2395588	26	4.3
1527452041.24	4300	59.998372	0.0	1972048	22	4.3
1527452045.63	4300	59.747712	0.0	2134614	17	4.3
1527452049.53	4300	59.747943	0.0	2164140	25	4.3
1527452053.42	4300	59.747948	0.0	2113193	25	4.3
1527452057.32	4300	59.747555	0.0	2147852	23	4.3
1527452061.7	4300	59.749392	0.0	2191074	16	4.3
1527452065.6	4300	59.747916	0.0	2286761	24	4.3
1527452069.5	4300	59.748823	0.0	2307787	25	4.3
1527452073.4	4300	59.749113	0.0	2143948	25	4.3
1527452077.29	4300	59.997662	0.0	1919781	20	4.3
1527452081.7	4300	59.499098	0.0	2147467	18	4.3
1527452085.1	4300	59.999266	0.0	2133870	23	4.3
1527452089.5	4300	59.998462	0.0	2146120	24	4.3
1527452093.39	4300	59.749125	0.0	2108491	21	4.3
1527452097.29	4300	59.998993	0.0	2184571	23	4.3
1527452101.18	4300	59.999053	0.0	2121928	23	4.3
1527452105.08	4300	59.997956	0.0	2219102	25	4.3
1527452109.49	4300	59.748581	0.0	2124950	23	4.3
1527452113.37	4300	59.998464	0.0	2246506	19	4.3
1527452117.24	4300	59.997344	0.0	1961140	18	4.3
1527452121.61	4300	59.498531	0.0	2155012	23	4.3
1527452123.46	4300	59.428169	0.0	1433658	16	4.3

1527452124.2	750	4	0.018	668286	3	-0.07740000000000002
1527452124.59	4300	7.952106	0.0	2123065	17	0.75
1527452124.97	4300	11.567272	0.0	2177073	20	4.3
1527452125.36	4300	15.180592	0.0	2160877	26	4.3
1527452125.76	4300	18.778762	0.0	2233056	43	4.3
1527452126.14	4300	22.404757	0.0	1941625	18	4.3
1527452126.51	4300	26.027363	0.0	2157535	19	4.3
1527452126.89	4300	29.650544	0.0	2290172	20	4.3
1527452127.28	4300	33.266356	0.0	2055469	22	4.3
1527452127.66	4300	36.887494	0.0	2169201	18	4.3
1527452128.04	4300	40.499807	0.0	2173522	15	4.3
1527452128.45	4300	44.094294	0.0	2102452	26	4.3
1527452128.84	4300	47.703557	0.0	2209463	25	4.3
1527452129.25	4300	51.292593	0.0	2275376	35	4.3
1527452129.63	4300	54.912871	0.0	2005399	19	4.3
1527452130.01	4300	58.528282	0.0	2152483	23	4.3
1527452132.92	4300	59.749523	0.0	2289689	22	4.3
1527452136.82	4300	59.748995	0.0	2059512	23	4.3
1527452140.72	4300	59.999081	0.0	2220726	25	4.3
1527452145.12	4300	59.749539	0.0	2156729	23	4.3
1527452149.01	4300	59.748688	0.0	2039773	20	4.3
1527452152.9	4300	59.748761	0.0	2176469	23	4.3
1527452156.8	4300	59.997583	0.0	2221506	24	4.3
1527452160.68	4300	59.998793	0.0	2044075	17	4.3
1527452165.05	4300	59.747915	0.0	2186790	6	4.3
1527452168.94	4300	59.997961	0.0	2105231	23	4.3
1527452172.83	4300	59.997992	0.0	2395588	19	4.3
1527452176.72	4300	59.998337	0.0	1972048	21	4.3
1527452180.62	4300	59.998286	0.0	2134614	24	4.3
1527452185.02	4300	59.997696	0.0	2164140	23	4.3
1527452188.91	4300	59.748167	0.0	2113193	17	4.3
1527452192.81	4300	59.747683	0.0	2147852	23	4.3
1527452196.7	4300	59.999414	0.0	2191074	25	4.3
1527452200.6	4300	59.99921	0.0	2286761	26	4.3
1527452205.0	4300	59.997513	0.0	2307787	28	4.3
1527452208.91	4300	59.997547	0.0	2143948	24	4.3
1527452212.81	4300	59.749043	0.0	1919781	21	4.3
1527452216.7	4300	59.998729	0.0	2147467	20	4.3
1527452220.59	4300	59.997611	0.0	2133870	19	4.3
1527452225.01	4300	59.998855	0.0	2146120	21	4.3
1527452228.9	4300	59.997559	0.0	2108491	22	4.3
1527452232.8	4300	59.99854	0.0	2184571	31	4.3
1527452237.2	4300	59.747417	0.0	2121928	23	4.3
1527452240.59	4300	59.998987	0.0	2219102	19	4.3
1527452245.0	4300	59.749141	0.0	2124950	23	4.3
1527452248.89	4300	59.998755	0.0	2246506	20	4.3
1527452252.77	4300	59.999206	0.0	1961140	21	4.3
1527452257.15	4300	59.747618	0.0	2155012	24	4.3
1527452258.49	4300	59.844467	0.0	1433658	13	4.3

1527452259.26	750	4	0.016	668286	3	-0.06879999999999997
1527452259.65	4300	7.950841	0.0	2123065	18	0.75
1527452260.04	4300	11.566203	0.0	2177073	21	4.3
1527452260.43	4300	15.171324	0.0	2160877	24	4.3
1527452260.82	4300	18.782591	0.0	2233056	23	4.3
1527452261.21	4300	22.396864	0.0	1941625	21	4.3
1527452261.6	4300	26.004432	0.0	2157535	32	4.3
1527452261.99	4300	29.610761	0.0	2290172	21	4.3
1527452262.37	4300	33.227874	0.0	2055469	22	4.3
1527452262.75	4300	36.8525	0.0	2169201	14	4.3
1527452263.13	4300	40.474788	0.0	2173522	15	4.3
1527452263.52	4300	44.084722	0.0	2102452	24	4.3
1527452263.91	4300	47.690317	0.0	2209463	25	4.3
1527452264.3	4300	51.306358	0.0	2275376	24	4.3
1527452264.69	4300	54.9108	0.0	2005399	22	4.3
1527452265.09	4300	58.512329	0.0	2152483	10	4.3
1527452267.98	4300	59.999205	0.0	2289689	20	4.3
1527452271.88	4300	59.749055	0.0	2059512	21	4.3
1527452276.29	4300	59.499515	0.0	2220726	20	4.3
1527452279.69	4300	59.999414	0.0	2156729	23	4.3
1527452283.61	4300	59.998954	0.0	2039773	24	4.3
1527452288.01	4300	59.7488	0.0	2176469	23	4.3
1527452291.9	4300	59.74877	0.0	2221506	19	4.3
1527452295.8	4300	59.999156	0.0	2044075	21	4.3
1527452299.7	4300	59.99827	0.0	2186790	24	4.3
1527452304.09	4300	59.74835	0.0	2105231	23	4.3
