1527383837.84	750	4	0.015	450283	2	-0.0645
1527383838.24	4300	7.945818	0.0	2123065	22	0.75
1527383838.63	4300	11.556608	0.0	2177073	22	4.3
1527383839.02	4300	15.17037	0.0	2160877	24	4.3
1527383839.4	4300	18.782705	0.0	2233056	26	4.3
1527383839.79	4300	22.400816	0.0	1941625	21	4.3
1527383840.17	4300	26.022012	0.0	2157535	19	4.3
1527383840.55	4300	29.639036	0.0	2290172	26	4.3
1527383840.93	4300	33.25209	0.0	2055469	23	4.3
1527383841.32	4300	36.86561	0.0	2169201	25	4.3
1527383841.71	4300	40.476083	0.0	2173522	24	4.3
1527383842.1	4300	44.084011	0.0	2102452	25	4.3
1527383842.49	4300	47.696838	0.0	2209463	17	4.3
1527383842.88	4300	51.309422	0.0	2275376	13	4.3
1527383843.26	4300	54.926694	0.0	2005399	21	4.3
1527383843.64	4300	58.547113	0.0	2152483	22	4.3
1527383846.54	4300	59.747921	0.0	2289689	30	4.3
1527383850.43	4300	59.999271	0.0	2059512	18	4.3
1527383854.32	4300	59.999421	0.0	2220726	22	4.3
1527383858.21	4300	59.999207	0.0	2156729	25	4.3
1527383862.62	4300	59.748864	0.0	2039773	24	4.3
1527383866.5	4300	59.749235	0.0	2176469	22	4.3
1527383870.4	4300	59.997997	0.0	2221506	25	4.3
1527383874.29	4300	59.999141	0.0	2044075	22	4.3
1527383878.69	4300	59.997934	0.0	2186790	24	4.3
1527383882.58	4300	59.749163	0.0	2105231	23	4.3
1527383886.47	4300	59.747805	0.0	2395588	27	4.3
1527383890.37	4300	59.99908	0.0	1972048	21	4.3
1527383894.26	4300	59.999056	0.0	2134614	20	4.3
1527383898.65	4300	59.747744	0.0	2164140	21	4.3
1527383902.55	4300	59.747731	0.0	2113193	24	4.3
1527383906.44	4300	59.748966	0.0	2147852	19	4.3
1527383910.33	4300	59.998624	0.0	2191074	22	4.3
1527383914.73	4300	59.74947	0.0	2286761	26	4.3
1527383918.64	4300	59.749665	0.0	2307787	26	4.3
1527383922.54	4300	59.749375	0.0	2143948	24	4.3
1527383926.43	4300	59.998741	0.0	1919781	21	4.3
1527383930.81	4300	59.499228	0.0	2147467	14	4.3
1527383934.22	4300	59.998948	0.0	2133870	24	4.3
1527383938.62	4300	59.998551	0.0	2146120	24	4.3
1527383942.52	4300	59.749461	0.0	2108491	25	4.3
1527383946.43	4300	59.999151	0.0	2184571	37	4.3
1527383950.32	4300	59.999277	0.0	2121928	23	4.3
1527383954.22	4300	59.997941	0.0	2219102	24	4.3
1527383958.62	4300	59.998866	0.0	2124950	24	4.3
1527383962.51	4300	59.997916	0.0	2246506	23	4.3
1527383966.39	4300	59.998917	0.0	1961140	21	4.3
1527383970.77	4300	59.498548	0.0	2155012	24	4.3
1527383972.62	4300	59.661499	0.0	1433658	16	4.3

1527383973.37	750	4	0.019	668286	2	-0.0817
1527383973.76	4300	7.954046	0.0	2123065	18	0.75
1527383974.15	4300	11.569319	0.0	2177073	24	4.3
1527383974.53	4300	15.185138	0.0	2160877	25	4.3
1527383974.92	4300	18.798493	0.0	2233056	25	4.3
1527383975.31	4300	22.406556	0.0	1941625	21	4.3
1527383975.7	4300	26.014077	0.0	2157535	34	4.3
1527383976.09	4300	29.627109	0.0	2290172	26	4.3
1527383976.47	4300	33.240751	0.0	2055469	23	4.3
1527383976.86	4300	36.850131	0.0	2169201	25	4.3
1527383977.25	4300	40.461513	0.0	2173522	26	4.3
1527383977.63	4300	44.081674	0.0	2102452	18	4.3
1527383978.01	4300	47.70108	0.0	2209463	23	4.3
1527383978.4	4300	51.317416	0.0	2275376	25	4.3
1527383978.79	4300	54.924968	0.0	2005399	23	4.3
1527383979.18	4300	58.533307	0.0	2152483	18	4.3
1527383982.07	4300	59.998921	0.0	2289689	25	4.3
1527383986.46	4300	59.499131	0.0	2059512	22	4.3
1527383989.85	4300	59.998747	0.0	2220726	20	4.3
1527383994.24	4300	59.748448	0.0	2156729	21	4.3
1527383998.14	4300	59.748535	0.0	2039773	23	4.3
1527384002.04	4300	59.748134	0.0	2176469	24	4.3
1527384006.44	4300	59.498978	0.0	2221506	25	4.3
1527384010.32	4300	59.499153	0.0	2044075	22	4.3
1527384014.22	4300	59.499177	0.0	2186790	23	4.3
1527384018.11	4300	59.748616	0.0	2105231	24	4.3
1527384022.01	4300	59.749521	0.0	2395588	26	4.3
1527384025.91	4300	59.998487	0.0	1972048	22	4.3
1527384030.3	4300	59.749127	0.0	2134614	19	4.3
1527384034.2	4300	59.748746	0.0	2164140	24	4.3
1527384038.09	4300	59.99875	0.0	2113193	18	4.3
1527384041.98	4300	59.998745	0.0	2147852	21	4.3
1527384046.37	4300	59.498597	0.0	2191074	25	4.3
1527384050.26	4300	59.49937	0.0	2286761	21	4.3
1527384054.15	4300	59.999035	0.0	2307787	25	4.3
1527384058.05	4300	59.748503	0.0	2143948	25	4.3
1527384062.45	4300	59.748954	0.0	1919781	21	4.3
1527384065.83	4300	59.999208	0.0	2147467	20	4.3
1527384069.73	4300	59.998422	0.0	2133870	23	4.3
1527384074.13	4300	59.747721	0.0	2146120	23	4.3
1527384078.03	4300	59.748772	0.0	2108491	24	4.3
1527384081.93	4300	59.99859	0.0	2184571	23	4.3
1527384085.83	4300	59.999376	0.0	2121928	24	4.3
1527384090.24	4300	59.49901	0.0	2219102	28	4.3
1527384094.15	4300	59.748547	0.0	2124950	25	4.3
1527384098.04	4300	59.748328	0.0	2246506	24	4.3
1527384102.41	4300	59.748471	0.0	1961140	23	4.3
1527384105.79	4300	59.99875	0.0	2155012	24	4.3
1527384108.14	4300	59.427738	0.0	1433658	17	4.3

1527384108.89	750	4	0.018	668286	2	-0.07740000000000002
1527384109.28	4300	7.952994	0.0	2123065	16	0.75
1527384109.67	4300	11.572249	0.0	2177073	16	4.3
1527384110.05	4300	15.188621	0.0	2160877	22	4.3
1527384110.43	4300	18.803778	0.0	2233056	24	4.3
1527384110.82	4300	22.413345	0.0	1941625	22	4.3
1527384111.22	4300	26.02151	0.0	2157535	16	4.3
1527384111.6	4300	29.635349	0.0	2290172	26	4.3
1527384111.99	4300	33.24847	0.0	2055469	22	4.3
1527384112.38	4300	36.859776	0.0	2169201	26	4.3
1527384112.77	4300	40.469333	0.0	2173522	24	4.3
1527384113.16	4300	44.078095	0.0	2102452	26	4.3
1527384113.54	4300	47.698408	0.0	2209463	19	4.3
1527384113.92	4300	51.316372	0.0	2275376	22	4.3
1527384114.31	4300	54.929054	0.0	2005399	22	4.3
1527384114.7	4300	58.541432	0.0	2152483	15	4.3
1527384117.59	4300	59.997861	0.0	2289689	26	4.3
1527384121.48	4300	59.999228	0.0	2059512	21	4.3
1527384125.37	4300	59.999357	0.0	2220726	25	4.3
1527384129.77	4300	59.498858	0.0	2156729	23	4.3
1527384133.66	4300	59.998984	0.0	2039773	19	4.3
1527384137.56	4300	59.749036	0.0	2176469	25	4.3
1527384141.45	4300	59.999273	0.0	2221506	24	4.3
1527384145.85	4300	59.749181	0.0	2044075	21	4.3
1527384149.74	4300	59.748873	0.0	2186790	22	4.3
1527384153.63	4300	59.748848	0.0	2105231	23	4.3
1527384157.53	4300	59.748821	0.0	2395588	27	4.3
1527384161.43	4300	59.99929	0.0	1972048	21	4.3
1527384165.83	4300	59.498449	0.0	2134614	25	4.3
1527384169.72	4300	59.998699	0.0	2164140	22	4.3
1527384173.61	4300	59.747807	0.0	2113193	24	4.3
1527384177.51	4300	59.998275	0.0	2147852	24	4.3
1527384181.41	4300	59.998564	0.0	2191074	24	4.3
1527384185.81	4300	59.749267	0.0	2286761	26	4.3
