1527474748.39	750	4	0.028	2354772	9	-0.12039999999999995
1527474748.77	4300	7.959101	0.0	2123065	26	0.75
1527474749.11	4300	11.619702	0.0	2177073	21	4.3
1527474749.46	4300	15.270548	0.0	2160877	27	4.3
1527474749.8	4300	18.933708	0.0	2233056	23	4.3
1527474750.13	4300	22.603465	0.0	1941625	19	4.3
1527474750.46	4300	26.270142	0.0	2157535	19	4.3
1527474750.8	4300	29.93096	0.0	2290172	20	4.3
1527474751.14	4300	33.589	0.0	2055469	24	4.3
1527474751.48	4300	37.252648	0.0	2169201	22	4.3
1527474751.8	4300	40.927391	0.0	2173522	13	4.3
1527474752.14	4300	44.588476	0.0	2102452	26	4.3
1527474752.49	4300	48.241431	0.0	2209463	25	4.3
1527474752.83	4300	51.904225	0.0	2275376	23	4.3
1527474753.16	4300	55.568036	0.0	2005399	20	4.3
1527474753.51	4300	59.224712	0.0	2152483	14	4.3
1527474756.86	4300	59.999376	0.0	2289689	25	4.3
1527474761.21	4300	59.749488	0.0	2059512	22	4.3
1527474765.04	4300	59.998394	0.0	2220726	12	4.3
1527474768.89	4300	59.997815	0.0	2156729	21	4.3
1527474772.74	4300	59.998166	0.0	2039773	23	4.3
1527474777.09	4300	59.749655	0.0	2176469	23	4.3
1527474781.44	4300	59.748337	0.0	2221506	24	4.3
1527474784.78	4300	59.998753	0.0	2044075	22	4.3
1527474789.13	4300	59.748024	0.0	2186790	19	4.3
1527474792.97	4300	59.998843	0.0	2105231	20	4.3
1527474797.33	4300	59.497964	0.0	2395588	25	4.3
1527474801.2	4300	59.749521	0.0	1972048	38	4.3
1527474805.04	4300	59.998609	0.0	2134614	18	4.3
1527474808.89	4300	59.998604	0.0	2164140	16	4.3
1527474813.24	4300	59.498437	0.0	2113193	23	4.3
1527474817.06	4300	59.749164	0.0	2147852	6	4.3
1527474821.41	4300	59.498928	0.0	2191074	21	4.3
1527474825.25	4300	59.499122	0.0	2286761	22	4.3
1527474829.1	4300	59.998721	0.0	2307787	20	4.3
1527474832.95	4300	59.999318	0.0	2143948	24	4.3
1527474837.3	4300	59.49786	0.0	1919781	21	4.3
1527474841.15	4300	59.998338	0.0	2147467	23	4.3
1527474844.99	4300	59.748627	0.0	2133870	16	4.3
1527474848.84	4300	59.998765	0.0	2146120	18	4.3
1527474853.2	4300	59.748639	0.0	2108491	25	4.3
1527474857.05	4300	59.998077	0.0	2184571	23	4.3
1527474861.4	4300	59.499147	0.0	2121928	21	4.3
1527474864.74	4300	59.999118	0.0	2219102	23	4.3
1527474869.1	4300	59.747428	0.0	2124950	25	4.3
1527474872.95	4300	59.999468	0.0	2246506	24	4.3
1527474876.79	4300	59.998535	0.0	1961140	18	4.3
1527474881.14	4300	59.997328	0.0	2155012	21	4.3
1527474882.97	4300	59.679055	0.0	1433658	17	4.3

1527474883.73	750	4	0.015	668286	4	-0.0645
1527474884.07	4300	7.95271	0.0	2123065	16	0.75
1527474884.42	4300	11.60775	0.0	2177073	14	4.3
1527474884.76	4300	15.26538	0.0	2160877	25	4.3
1527474885.1	4300	18.929558	0.0	2233056	23	4.3
1527474885.43	4300	22.598497	0.0	1941625	20	4.3
1527474885.76	4300	26.266161	0.0	2157535	19	4.3
1527474886.09	4300	29.934928	0.0	2290172	18	4.3
1527474886.41	4300	33.62025	0.0	2055469	11	4.3
1527474886.75	4300	37.281095	0.0	2169201	24	4.3
1527474887.08	4300	40.946067	0.0	2173522	20	4.3
1527474887.43	4300	44.60301	0.0	2102452	23	4.3
1527474887.76	4300	48.264492	0.0	2209463	25	4.3
1527474888.1	4300	51.931093	0.0	2275376	30	4.3
1527474888.43	4300	55.594435	0.0	2005399	18	4.3
1527474888.77	4300	59.263188	0.0	2152483	20	4.3
1527474892.61	4300	59.498751	0.0	2289689	18	4.3
1527474896.47	4300	59.748074	0.0	2059512	24	4.3
1527474900.32	4300	59.749049	0.0	2220726	21	4.3
1527474904.67	4300	59.498275	0.0	2156729	22	4.3
1527474908.53	4300	59.749837	0.0	2039773	25	4.3
1527474912.38	4300	59.749733	0.0	2176469	22	4.3
1527474916.72	4300	59.748963	0.0	2221506	19	4.3
1527474920.57	4300	59.497961	0.0	2044075	18	4.3
1527474924.41	4300	59.749609	0.0	2186790	17	4.3
1527474928.76	4300	59.498439	0.0	2105231	25	4.3
1527474932.62	4300	59.748652	0.0	2395588	26	4.3
1527474936.46	4300	59.749002	0.0	1972048	20	4.3
1527474940.31	4300	59.749275	0.0	2134614	21	4.3
1527474944.65	4300	59.748592	0.0	2164140	20	4.3
1527474948.5	4300	59.999426	0.0	2113193	18	4.3
1527474952.35	4300	59.74879	0.0	2147852	24	4.3
1527474956.7	4300	59.497907	0.0	2191074	24	4.3
1527474960.05	4300	59.998988	0.0	2286761	24	4.3
1527474964.39	4300	59.748759	0.0	2307787	19	4.3
1527474968.74	4300	59.747754	0.0	2143948	24	4.3
1527474972.09	4300	59.999419	0.0	1919781	18	4.3
1527474976.43	4300	59.748834	0.0	2147467	24	4.3
1527474980.29	4300	59.748686	0.0	2133870	26	4.3
1527474984.13	4300	59.998764	0.0	2146120	23	4.3
1527474988.48	4300	59.748908	0.0	2108491	18	4.3
1527474992.32	4300	59.74804	0.0	2184571	23	4.3
1527474996.68	4300	59.749311	0.0	2121928	14	4.3
1527475000.52	4300	59.998932	0.0	2219102	17	4.3
1527475004.37	4300	59.749274	0.0	2124950	25	4.3
1527475008.72	4300	59.498388	0.0	2246506	25	4.3
