1527470860.12	750	4	0.015	450283	2	-0.0645
1527470860.51	4300	7.951322	0.0	2123065	21	0.75
1527470860.9	4300	11.563974	0.0	2177073	27	4.3
1527470861.27	4300	15.198295	0.0	2160877	13	4.3
1527470861.65	4300	18.813435	0.0	2233056	22	4.3
1527470862.04	4300	22.429681	0.0	1941625	22	4.3
1527470862.43	4300	26.03904	0.0	2157535	23	4.3
1527470862.82	4300	29.647388	0.0	2290172	25	4.3
1527470863.2	4300	33.260195	0.0	2055469	23	4.3
1527470863.59	4300	36.871045	0.0	2169201	23	4.3
1527470863.98	4300	40.481446	0.0	2173522	24	4.3
1527470864.38	4300	44.086925	0.0	2102452	25	4.3
1527470864.76	4300	47.711513	0.0	2209463	12	4.3
1527470865.14	4300	51.327553	0.0	2275376	10	4.3
1527470865.52	4300	54.944947	0.0	2005399	19	4.3
1527470865.89	4300	58.575594	0.0	2152483	13	4.3
1527470868.76	4300	59.99844	0.0	2289689	11	4.3
1527470873.15	4300	59.748882	0.0	2059512	21	4.3
1527470876.56	4300	59.999363	0.0	2220726	42	4.3
1527470880.96	4300	59.748962	0.0	2156729	24	4.3
1527470884.86	4300	59.749124	0.0	2039773	23	4.3
1527470888.77	4300	59.998822	0.0	2176469	23	4.3
1527470893.17	4300	59.499348	0.0	2221506	25	4.3
1527470897.06	4300	59.499312	0.0	2044075	20	4.3
1527470900.95	4300	59.749546	0.0	2186790	26	4.3
1527470904.85	4300	59.998819	0.0	2105231	25	4.3
1527470908.75	4300	59.748745	0.0	2395588	28	4.3
1527470913.14	4300	59.499237	0.0	1972048	21	4.3
1527470917.08	4300	59.748153	0.0	2134614	37	4.3
1527470920.48	4300	59.998271	0.0	2164140	24	4.3
1527470924.88	4300	59.998493	0.0	2113193	22	4.3
1527470928.77	4300	59.997662	0.0	2147852	19	4.3
1527470933.16	4300	59.497842	0.0	2191074	23	4.3
1527470936.55	4300	59.999378	0.0	2286761	19	4.3
1527470940.94	4300	59.748874	0.0	2307787	21	4.3
1527470944.84	4300	59.748185	0.0	2143948	25	4.3
1527470948.74	4300	59.748501	0.0	1919781	21	4.3
1527470953.12	4300	59.748521	0.0	2147467	18	4.3
1527470956.52	4300	59.999429	0.0	2133870	24	4.3
1527470960.92	4300	59.997642	0.0	2146120	37	4.3
1527470964.82	4300	59.748318	0.0	2108491	23	4.3
1527470968.72	4300	59.748938	0.0	2184571	34	4.3
1527470973.12	4300	59.748798	0.0	2121928	23	4.3
1527470976.52	4300	59.998082	0.0	2219102	18	4.3
1527470980.92	4300	59.748709	0.0	2124950	25	4.3
1527470984.8	4300	59.74846	0.0	2246506	26	4.3
1527470989.18	4300	59.498688	0.0	1961140	18	4.3
1527470992.55	4300	59.99927	0.0	2155012	22	4.3
1527470994.9	4300	59.428948	0.0	1433658	17	4.3

1527470995.66	750	4	0.016	668286	3	-0.06879999999999997
1527470996.06	4300	7.950684	0.0	2123065	18	0.75
1527470996.44	4300	11.56647	0.0	2177073	26	4.3
1527470996.83	4300	15.182563	0.0	2160877	25	4.3
1527470997.22	4300	18.795571	0.0	2233056	25	4.3
1527470997.61	4300	22.404047	0.0	1941625	21	4.3
1527470998.01	4300	26.005557	0.0	2157535	15	4.3
1527470998.39	4300	29.621136	0.0	2290172	24	4.3
1527470998.76	4300	33.248378	0.0	2055469	16	4.3
1527470999.15	4300	36.862332	0.0	2169201	24	4.3
1527470999.53	4300	40.479886	0.0	2173522	25	4.3
1527470999.92	4300	44.092382	0.0	2102452	25	4.3
1527471000.31	4300	47.703255	0.0	2209463	26	4.3
1527471000.7	4300	51.313748	0.0	2275376	26	4.3
1527471001.07	4300	54.941195	0.0	2005399	14	4.3
1527471001.44	4300	58.576051	0.0	2152483	16	4.3
1527471004.32	4300	59.749206	0.0	2289689	23	4.3
1527471008.21	4300	59.998661	0.0	2059512	19	4.3
1527471012.6	4300	59.499366	0.0	2220726	25	4.3
1527471016.5	4300	59.998804	0.0	2156729	23	4.3
1527471020.39	4300	59.749631	0.0	2039773	18	4.3
1527471024.28	4300	59.998345	0.0	2176469	24	4.3
1527471028.18	4300	59.999482	0.0	2221506	25	4.3
1527471032.58	4300	59.498894	0.0	2044075	23	4.3
1527471036.47	4300	59.997703	0.0	2186790	21	4.3
1527471040.36	4300	59.998624	0.0	2105231	25	4.3
1527471044.26	4300	59.999188	0.0	2395588	27	4.3
1527471048.17	4300	59.997888	0.0	1972048	20	4.3
1527471052.57	4300	59.499221	0.0	2134614	25	4.3
1527471056.47	4300	59.747742	0.0	2164140	26	4.3
1527471060.37	4300	59.748771	0.0	2113193	24	4.3
1527471064.27	4300	59.749487	0.0	2147852	27	4.3
1527471068.67	4300	59.747756	0.0	2191074	24	4.3
1527471072.06	4300	59.997835	0.0	2286761	24	4.3
1527471076.45	4300	59.998595	0.0	2307787	22	4.3
1527471080.35	4300	59.749228	0.0	2143948	23	4.3
1527471084.24	4300	59.999004	0.0	1919781	21	4.3
1527471088.15	4300	59.998253	0.0	2147467	24	4.3
1527471092.05	4300	59.999263	0.0	2133870	23	4.3
1527471096.46	4300	59.748055	0.0	2146120	24	4.3
1527471100.36	4300	59.747724	0.0	2108491	24	4.3
1527471104.26	4300	59.998985	0.0	2184571	23	4.3
1527471108.66	4300	59.498329	0.0	2121928	23	4.3
1527471112.06	4300	59.997884	0.0	2219102	23	4.3
1527471116.46	4300	59.998346	0.0	2124950	23	4.3
1527471120.35	4300	59.747795	0.0	2246506	22	4.3
1527471124.74	4300	59.747777	0.0	1961140	21	4.3
1527471128.6	4300	59.498668	0.0	2155012	21	4.3
1527471129.95	4300	59.843237	0.0	1433658	17	4.3

1527471130.73	750	4	0.018	668286	3	-0.07740000000000002
1527471131.12	4300	7.95213	0.0	2123065	17	0.75
1527471131.51	4300	11.565577	0.0	2177073	26	4.3
1527471131.87	4300	15.200397	0.0	2160877	13	4.3
1527471132.26	4300	18.812344	0.0	2233056	20	4.3
1527471132.65	4300	22.426254	0.0	1941625	22	4.3
1527471133.04	4300	26.035748	0.0	2157535	32	4.3
1527471133.43	4300	29.650029	0.0	2290172	25	4.3
1527471133.81	4300	33.262083	0.0	2055469	24	4.3
1527471134.2	4300	36.874966	0.0	2169201	25	4.3
1527471134.59	4300	40.480886	0.0	2173522	25	4.3
1527471134.98	4300	44.091775	0.0	2102452	26	4.3
1527471135.37	4300	47.699737	0.0	2209463	28	4.3
1527471135.76	4300	51.313982	0.0	2275376	24	4.3
1527471136.15	4300	54.919218	0.0	2005399	21	4.3
1527471136.54	4300	58.529886	0.0	2152483	19	4.3
1527471139.44	4300	59.99881	0.0	2289689	26	4.3
1527471143.33	4300	59.999072	0.0	2059512	18	4.3
