1527541788.73	750	4	0.026	2354772	9	-0.11180000000000001
1527541789.12	4300	7.966429	0.0	2123065	19	0.75
1527541789.53	4300	11.55553	0.0	2177073	26	4.3
1527541789.92	4300	15.16392	0.0	2160877	24	4.3
1527541790.31	4300	18.768579	0.0	2233056	24	4.3
1527541790.7	4300	22.378123	0.0	1941625	22	4.3
1527541791.09	4300	25.990653	0.0	2157535	23	4.3
1527541791.48	4300	29.597344	0.0	2290172	23	4.3
1527541791.86	4300	33.217864	0.0	2055469	14	4.3
1527541792.24	4300	36.838013	0.0	2169201	18	4.3
1527541792.63	4300	40.449846	0.0	2173522	20	4.3
1527541793.02	4300	44.062779	0.0	2102452	27	4.3
1527541793.41	4300	47.674929	0.0	2209463	23	4.3
1527541793.79	4300	51.295676	0.0	2275376	15	4.3
1527541794.18	4300	54.908111	0.0	2005399	22	4.3
1527541794.56	4300	58.527979	0.0	2152483	17	4.3
1527541797.45	4300	59.749532	0.0	2289689	22	4.3
1527541801.35	4300	59.748935	0.0	2059512	21	4.3
1527541805.25	4300	59.997922	0.0	2220726	25	4.3
1527541809.65	4300	59.748826	0.0	2156729	23	4.3
1527541813.55	4300	59.748187	0.0	2039773	22	4.3
1527541817.46	4300	59.749694	0.0	2176469	24	4.3
1527541821.36	4300	59.748916	0.0	2221506	26	4.3
1527541825.76	4300	59.74944	0.0	2044075	23	4.3
1527541829.65	4300	59.748872	0.0	2186790	20	4.3
1527541833.55	4300	59.99833	0.0	2105231	19	4.3
1527541837.45	4300	59.748744	0.0	2395588	25	4.3
1527541841.35	4300	59.748793	0.0	1972048	19	4.3
1527541845.24	4300	59.998599	0.0	2134614	23	4.3
1527541849.14	4300	59.998099	0.0	2164140	25	4.3
1527541853.54	4300	59.749453	0.0	2113193	24	4.3
1527541857.45	4300	59.748468	0.0	2147852	23	4.3
1527541861.35	4300	59.998233	0.0	2191074	24	4.3
1527541865.24	4300	59.997963	0.0	2286761	27	4.3
1527541869.13	4300	59.998094	0.0	2307787	18	4.3
1527541873.53	4300	59.747913	0.0	2143948	21	4.3
1527541877.42	4300	59.748055	0.0	1919781	21	4.3
1527541881.31	4300	59.998833	0.0	2147467	18	4.3
1527541885.2	4300	59.99874	0.0	2133870	22	4.3
1527541889.61	4300	59.49852	0.0	2146120	23	4.3
1527541893.51	4300	59.748244	0.0	2108491	24	4.3
1527541897.41	4300	59.997562	0.0	2184571	23	4.3
1527541901.81	4300	59.748875	0.0	2121928	25	4.3
1527541905.2	4300	59.997931	0.0	2219102	21	4.3
1527541909.6	4300	59.497463	0.0	2124950	20	4.3
1527541913.49	4300	59.749408	0.0	2246506	23	4.3
1527541917.37	4300	59.747763	0.0	1961140	18	4.3
1527541921.74	4300	59.748518	0.0	2155012	22	4.3
1527541923.58	4300	59.427521	0.0	1433658	13	4.3

1527541924.35	750	4	0.016	668286	3	-0.06879999999999997
1527541924.75	4300	7.948914	0.0	2123065	23	0.75
1527541925.13	4300	11.559946	0.0	2177073	26	4.3
1527541925.52	4300	15.172954	0.0	2160877	25	4.3
1527541925.91	4300	18.783993	0.0	2233056	24	4.3
1527541926.28	4300	22.410535	0.0	1941625	13	4.3
1527541926.67	4300	26.023137	0.0	2157535	27	4.3
1527541927.05	4300	29.639365	0.0	2290172	25	4.3
1527541927.44	4300	33.256643	0.0	2055469	23	4.3
1527541927.83	4300	36.867767	0.0	2169201	24	4.3
1527541928.22	4300	40.476435	0.0	2173522	23	4.3
1527541928.61	4300	44.083405	0.0	2102452	27	4.3
1527541928.98	4300	47.715154	0.0	2209463	11	4.3
1527541929.37	4300	51.32821	0.0	2275376	25	4.3
1527541929.77	4300	54.924571	0.0	2005399	17	4.3
1527541930.15	4300	58.541995	0.0	2152483	12	4.3
1527541933.04	4300	59.749897	0.0	2289689	24	4.3
1527541937.44	4300	59.498438	0.0	2059512	22	4.3
1527541941.36	4300	59.748946	0.0	2220726	26	4.3
1527541944.77	4300	59.999269	0.0	2156729	22	4.3
1527541949.16	4300	59.748904	0.0	2039773	22	4.3
1527541953.06	4300	59.749605	0.0	2176469	23	4.3
1527541956.96	4300	59.749247	0.0	2221506	23	4.3
1527541960.86	4300	59.998475	0.0	2044075	23	4.3
1527541964.76	4300	59.9982	0.0	2186790	24	4.3
1527541969.16	4300	59.748072	0.0	2105231	24	4.3
1527541973.07	4300	59.749238	0.0	2395588	26	4.3
1527541976.97	4300	59.749098	0.0	1972048	22	4.3
1527541981.37	4300	59.498846	0.0	2134614	23	4.3
1527541985.27	4300	59.499008	0.0	2164140	21	4.3
1527541989.16	4300	59.749168	0.0	2113193	20	4.3
1527541993.06	4300	59.748904	0.0	2147852	20	4.3
1527541996.96	4300	59.99937	0.0	2191074	24	4.3
1527542001.36	4300	59.498337	0.0	2286761	24	4.3
1527542005.26	4300	59.499278	0.0	2307787	26	4.3
1527542009.16	4300	59.998384	0.0	2143948	25	4.3
1527542013.06	4300	59.998255	0.0	1919781	21	4.3
1527542016.96	4300	59.998082	0.0	2147467	25	4.3
1527542020.86	4300	59.998489	0.0	2133870	23	4.3
1527542024.77	4300	59.997992	0.0	2146120	25	4.3
1527542029.17	4300	59.748214	0.0	2108491	24	4.3
1527542033.09	4300	59.748749	0.0	2184571	38	4.3
1527542036.98	4300	59.749405	0.0	2121928	21	4.3
1527542040.88	4300	59.999175	0.0	2219102	25	4.3
1527542044.78	4300	59.998731	0.0	2124950	25	4.3
1527542049.19	4300	59.749384	0.0	2246506	18	4.3
1527542053.06	4300	59.748634	0.0	1961140	19	4.3
1527542056.93	4300	59.998607	0.0	2155012	22	4.3
1527542058.78	4300	59.641981	0.0	1433658	18	4.3

1527542059.54	750	4	0.014	668286	3	-0.06020000000000003
1527542059.94	4300	7.956067	0.0	2123065	16	0.75
1527542060.32	4300	11.573439	0.0	2177073	19	4.3
1527542060.71	4300	15.179395	0.0	2160877	18	4.3
1527542061.1	4300	18.794447	0.0	2233056	24	4.3
1527542061.48	4300	22.407812	0.0	1941625	22	4.3
1527542061.87	4300	26.0217	0.0	2157535	23	4.3
1527542062.25	4300	29.641899	0.0	2290172	18	4.3
1527542062.63	4300	33.264942	0.0	2055469	21	4.3
1527542063.01	4300	36.877592	0.0	2169201	24	4.3
1527542063.41	4300	40.486033	0.0	2173522	24	4.3
1527542063.79	4300	44.099419	0.0	2102452	24	4.3
1527542064.17	4300	47.720902	0.0	2209463	17	4.3
1527542064.55	4300	51.339303	0.0	2275376	21	4.3
1527542064.94	4300	54.949765	0.0	2005399	21	4.3
1527542065.33	4300	58.559514	0.0	2152483	12	4.3
1527542068.22	4300	59.749643	0.0	2289689	27	4.3
1527542072.61	4300	59.749028	0.0	2059512	19	4.3
1527542076.5	4300	59.499408	0.0	2220726	19	4.3
1527542080.39	4300	59.747789	0.0	2156729	22	4.3
1527542084.28	4300	59.749088	0.0	2039773	21	4.3
1527542088.18	4300	59.748274	0.0	2176469	23	4.3
1527542092.08	4300	59.998167	0.0	2221506	24	4.3
1527542095.98	4300	59.998628	0.0	2044075	24	4.3
1527542100.37	4300	59.749128	0.0	2186790	20	4.3
1527542104.26	4300	59.998664	0.0	2105231	25	4.3
1527542108.16	4300	59.749083	0.0	2395588	26	4.3
1527542112.06	4300	59.99838	0.0	1972048	22	4.3
1527542115.96	4300	59.998469	0.0	2134614	23	4.3
1527542120.36	4300	59.997713	0.0	2164140	25	4.3
1527542124.25	4300	59.997713	0.0	2113193	20	4.3
1527542128.15	4300	59.749042	0.0	2147852	25	4.3
1527542132.55	4300	59.498991	0.0	2191074	26	4.3
1527542135.94	4300	59.999337	0.0	2286761	20	4.3
1527542140.32	4300	59.747651	0.0	2307787	20	4.3
1527542144.23	4300	59.747627	0.0	2143948	23	4.3
1527542148.63	4300	59.497637	0.0	1919781	21	4.3
1527542152.03	4300	59.99852	0.0	2147467	24	4.3
1527542155.93	4300	59.999362	0.0	2133870	25	4.3
1527542160.33	4300	59.999228	0.0	2146120	24	4.3
