1527447178.87	750	4	0.028	2354772	8	-0.12039999999999995
1527447179.24	4300	7.963757	0.0	2123065	20	0.75
1527447179.59	4300	11.616749	0.0	2177073	28	4.3
1527447179.92	4300	15.27914	0.0	2160877	23	4.3
1527447180.26	4300	18.94268	0.0	2233056	20	4.3
1527447180.57	4300	22.631332	0.0	1941625	9	4.3
1527447180.91	4300	26.291208	0.0	2157535	23	4.3
1527447181.24	4300	29.967024	0.0	2290172	16	4.3
1527447181.57	4300	33.632433	0.0	2055469	20	4.3
1527447181.91	4300	37.295988	0.0	2169201	21	4.3
1527447182.25	4300	40.955016	0.0	2173522	20	4.3
1527447182.59	4300	44.609257	0.0	2102452	16	4.3
1527447182.93	4300	48.274213	0.0	2209463	21	4.3
1527447183.25	4300	51.954264	0.0	2275376	14	4.3
1527447183.58	4300	55.622423	0.0	2005399	20	4.3
1527447183.91	4300	59.288276	0.0	2152483	23	4.3
1527447187.76	4300	59.499095	0.0	2289689	21	4.3
1527447191.62	4300	59.998227	0.0	2059512	23	4.3
1527447195.46	4300	59.747788	0.0	2220726	23	4.3
1527447199.81	4300	59.748653	0.0	2156729	20	4.3
1527447203.66	4300	59.74853	0.0	2039773	20	4.3
1527447207.5	4300	59.748635	0.0	2176469	19	4.3
1527447211.84	4300	59.748297	0.0	2221506	17	4.3
1527447215.69	4300	59.747719	0.0	2044075	19	4.3
1527447219.54	4300	59.997956	0.0	2186790	24	4.3
1527447223.89	4300	59.498392	0.0	2105231	22	4.3
1527447227.74	4300	59.497677	0.0	2395588	27	4.3
1527447231.59	4300	59.748181	0.0	1972048	30	4.3
1527447235.95	4300	59.498447	0.0	2134614	25	4.3
1527447239.8	4300	59.49791	0.0	2164140	24	4.3
1527447243.64	4300	59.749462	0.0	2113193	23	4.3
1527447247.48	4300	59.997631	0.0	2147852	20	4.3
1527447251.33	4300	59.997531	0.0	2191074	21	4.3
1527447255.67	4300	59.998862	0.0	2286761	18	4.3
1527447259.52	4300	59.748454	0.0	2307787	22	4.3
1527447263.86	4300	59.748366	0.0	2143948	18	4.3
1527447267.71	4300	59.498787	0.0	1919781	19	4.3
1527447271.55	4300	59.99855	0.0	2147467	20	4.3
1527447275.92	4300	59.747544	0.0	2133870	44	4.3
1527447279.27	4300	59.999415	0.0	2146120	22	4.3
1527447283.62	4300	59.74846	0.0	2108491	23	4.3
1527447287.47	4300	59.748418	0.0	2184571	24	4.3
1527447291.83	4300	59.498412	0.0	2121928	21	4.3
1527447295.69	4300	59.748827	0.0	2219102	25	4.3
1527447299.53	4300	59.997574	0.0	2124950	24	4.3
1527447303.38	4300	59.998201	0.0	2246506	21	4.3
1527447307.73	4300	59.497666	0.0	1961140	20	4.3
1527447311.59	4300	59.748465	0.0	2155012	24	4.3
1527447313.42	4300	59.927363	0.0	1433658	17	4.3

1527447314.18	750	4	0.015	668286	3	-0.0645
1527447314.54	4300	7.948293	0.0	2123065	23	0.75
1527447314.87	4300	11.609576	0.0	2177073	18	4.3
1527447315.2	4300	15.283637	0.0	2160877	15	4.3
1527447315.56	4300	18.922829	0.0	2233056	47	4.3
1527447315.9	4300	22.580055	0.0	1941625	21	4.3
1527447316.24	4300	26.242038	0.0	2157535	25	4.3
1527447316.57	4300	29.907914	0.0	2290172	23	4.3
1527447316.91	4300	33.575107	0.0	2055469	21	4.3
1527447317.23	4300	37.249605	0.0	2169201	16	4.3
1527447317.57	4300	40.914754	0.0	2173522	21	4.3
1527447317.92	4300	44.56611	0.0	2102452	24	4.3
1527447318.25	4300	48.229565	0.0	2209463	23	4.3
1527447318.61	4300	51.875697	0.0	2275376	31	4.3
1527447318.94	4300	55.541062	0.0	2005399	22	4.3
1527447319.28	4300	59.207556	0.0	2152483	22	4.3
1527447322.61	4300	59.999409	0.0	2289689	16	4.3
1527447326.95	4300	59.999236	0.0	2059512	16	4.3
1527447330.8	4300	59.748482	0.0	2220726	23	4.3
1527447335.15	4300	59.748249	0.0	2156729	25	4.3
1527447339.0	4300	59.749512	0.0	2039773	24	4.3
1527447342.85	4300	59.999049	0.0	2176469	24	4.3
1527447347.2	4300	59.748503	0.0	2221506	22	4.3
1527447350.55	4300	59.999413	0.0	2044075	23	4.3
1527447354.9	4300	59.997974	0.0	2186790	25	4.3
1527447358.75	4300	59.748957	0.0	2105231	24	4.3
1527447362.59	4300	59.999259	0.0	2395588	25	4.3
1527447366.94	4300	59.748546	0.0	1972048	22	4.3
1527447370.79	4300	59.749277	0.0	2134614	31	4.3
1527447374.65	4300	59.998273	0.0	2164140	25	4.3
1527447378.49	4300	59.99847	0.0	2113193	23	4.3
1527447382.88	4300	59.748118	0.0	2147852	21	4.3
1527447386.72	4300	59.998003	0.0	2191074	21	4.3
1527447391.08	4300	59.498115	0.0	2286761	25	4.3
1527447394.93	4300	59.998103	0.0	2307787	27	4.3
1527447398.78	4300	59.997747	0.0	2143948	23	4.3
1527447402.62	4300	59.997163	0.0	1919781	18	4.3
1527447406.96	4300	59.748434	0.0	2147467	18	4.3
1527447410.81	4300	59.748644	0.0	2133870	24	4.3
1527447414.66	4300	59.999237	0.0	2146120	28	4.3
1527447418.51	4300	59.998139	0.0	2108491	23	4.3
1527447422.86	4300	59.747307	0.0	2184571	23	4.3
1527447426.71	4300	59.998807	0.0	2121928	23	4.3
1527447430.56	4300	59.998397	0.0	2219102	21	4.3
1527447434.91	4300	59.997697	0.0	2124950	24	4.3
1527447438.76	4300	59.997827	0.0	2246506	28	4.3
1527447443.11	4300	59.74882	0.0	1961140	21	4.3
1527447446.96	4300	59.747701	0.0	2155012	23	4.3
1527447448.79	4300	59.678617	0.0	1433658	16	4.3

1527447449.55	750	4	0.016	668286	3	-0.06879999999999997
1527447449.9	4300	7.949556	0.0	2123065	20	0.75
1527447450.25	4300	11.601955	0.0	2177073	32	4.3
1527447450.56	4300	15.290345	0.0	2160877	7	4.3
1527447450.89	4300	18.956528	0.0	2233056	21	4.3
1527447451.23	4300	22.617853	0.0	1941625	21	4.3
1527447451.57	4300	26.276001	0.0	2157535	27	4.3
1527447451.91	4300	29.935404	0.0	2290172	21	4.3
1527447452.25	4300	33.595403	0.0	2055469	22	4.3
1527447452.59	4300	37.25555	0.0	2169201	25	4.3
1527447452.93	4300	40.919323	0.0	2173522	22	4.3
1527447453.26	4300	44.587242	0.0	2102452	20	4.3
1527447453.61	4300	48.243913	0.0	2209463	24	4.3
1527447453.95	4300	51.894351	0.0	2275376	32	4.3
1527447454.3	4300	55.553109	0.0	2005399	22	4.3
1527447454.63	4300	59.214495	0.0	2152483	24	4.3
1527447458.48	4300	59.498045	0.0	2289689	24	4.3
1527447462.32	4300	59.749083	0.0	2059512	18	4.3
1527447466.16	4300	59.748146	0.0	2220726	19	4.3
1527447470.52	4300	59.498204	0.0	2156729	24	4.3
1527447473.86	4300	59.998173	0.0	2039773	23	4.3
