1527391547.51	750	4	0.026	2354772	9	-0.11180000000000001
1527391547.84	4300	7.96509	0.0	2123065	20	0.75
1527391548.18	4300	11.621107	0.0	2177073	22	4.3
1527391548.52	4300	15.283845	0.0	2160877	25	4.3
1527391548.86	4300	18.949246	0.0	2233056	24	4.3
1527391549.19	4300	22.620367	0.0	1941625	19	4.3
1527391549.52	4300	26.285585	0.0	2157535	18	4.3
1527391549.86	4300	29.942978	0.0	2290172	27	4.3
1527391550.2	4300	33.605202	0.0	2055469	24	4.3
1527391550.53	4300	37.272801	0.0	2169201	22	4.3
1527391550.87	4300	40.93404	0.0	2173522	20	4.3
1527391551.22	4300	44.586698	0.0	2102452	21	4.3
1527391551.56	4300	48.246747	0.0	2209463	23	4.3
1527391551.9	4300	51.903371	0.0	2275376	26	4.3
1527391552.24	4300	55.563723	0.0	2005399	24	4.3
1527391552.57	4300	59.231751	0.0	2152483	21	4.3
1527391556.42	4300	59.498091	0.0	2289689	21	4.3
1527391560.77	4300	59.498203	0.0	2059512	23	4.3
1527391564.12	4300	59.749448	0.0	2220726	26	4.3
1527391568.46	4300	59.498518	0.0	2156729	23	4.3
1527391572.3	4300	59.748528	0.0	2039773	23	4.3
1527391576.15	4300	59.749519	0.0	2176469	25	4.3
1527391580.0	4300	59.997771	0.0	2221506	23	4.3
1527391583.83	4300	59.998645	0.0	2044075	19	4.3
1527391588.18	4300	59.74878	0.0	2186790	21	4.3
1527391592.53	4300	59.748496	0.0	2105231	25	4.3
1527391595.87	4300	59.999346	0.0	2395588	25	4.3
1527391600.22	4300	59.749426	0.0	1972048	23	4.3
1527391604.08	4300	59.998629	0.0	2134614	24	4.3
1527391608.42	4300	59.498605	0.0	2164140	24	4.3
1527391612.27	4300	59.998852	0.0	2113193	24	4.3
1527391616.12	4300	59.998935	0.0	2147852	21	4.3
1527391619.98	4300	59.999486	0.0	2191074	25	4.3
1527391623.82	4300	59.999205	0.0	2286761	24	4.3
1527391628.17	4300	59.748973	0.0	2307787	21	4.3
1527391632.02	4300	59.998532	0.0	2143948	22	4.3
1527391635.87	4300	59.999126	0.0	1919781	20	4.3
1527391640.23	4300	59.74898	0.0	2147467	23	4.3
1527391644.09	4300	59.999436	0.0	2133870	37	4.3
1527391648.44	4300	59.74763	0.0	2146120	26	4.3
1527391652.3	4300	59.998362	0.0	2108491	25	4.3
1527391656.14	4300	59.998239	0.0	2184571	22	4.3
1527391659.98	4300	59.997902	0.0	2121928	17	4.3
1527391664.33	4300	59.497977	0.0	2219102	20	4.3
1527391668.18	4300	59.748701	0.0	2124950	20	4.3
1527391672.03	4300	59.998773	0.0	2246506	26	4.3
1527391676.37	4300	59.498521	0.0	1961140	22	4.3
1527391680.22	4300	59.74849	0.0	2155012	25	4.3
1527391682.05	4300	59.678493	0.0	1433658	18	4.3

1527391682.81	750	4	0.026	2354772	9	-0.11180000000000001
1527391683.16	4300	7.951891	0.0	2123065	28	0.75
1527391683.5	4300	11.610837	0.0	2177073	19	4.3
1527391683.83	4300	15.278297	0.0	2160877	18	4.3
1527391684.18	4300	18.93403	0.0	2233056	26	4.3
1527391684.51	4300	22.599494	0.0	1941625	21	4.3
1527391684.85	4300	26.264045	0.0	2157535	22	4.3
1527391685.18	4300	29.928946	0.0	2290172	21	4.3
1527391685.52	4300	33.587994	0.0	2055469	22	4.3
1527391685.87	4300	37.246932	0.0	2169201	23	4.3
1527391686.2	4300	40.910219	0.0	2173522	21	4.3
1527391686.55	4300	44.565633	0.0	2102452	26	4.3
1527391686.88	4300	48.227256	0.0	2209463	26	4.3
1527391687.23	4300	51.875964	0.0	2275376	32	4.3
1527391687.57	4300	55.540357	0.0	2005399	24	4.3
1527391687.91	4300	59.205074	0.0	2152483	22	4.3
1527391691.75	4300	59.499066	0.0	2289689	22	4.3
1527391695.61	4300	59.998086	0.0	2059512	23	4.3
1527391699.46	4300	59.998693	0.0	2220726	23	4.3
1527391703.82	4300	59.748081	0.0	2156729	23	4.3
1527391707.67	4300	59.49797	0.0	2039773	23	4.3
1527391711.52	4300	59.749046	0.0	2176469	24	4.3
1527391715.86	4300	59.248945	0.0	2221506	21	4.3
1527391719.71	4300	59.748537	0.0	2044075	19	4.3
1527391723.56	4300	59.748746	0.0	2186790	26	4.3
1527391727.41	4300	59.748673	0.0	2105231	23	4.3
1527391731.76	4300	59.748983	0.0	2395588	23	4.3
1527391735.61	4300	59.748749	0.0	1972048	24	4.3
1527391739.47	4300	59.747937	0.0	2134614	31	4.3
1527391743.81	4300	59.747655	0.0	2164140	26	4.3
1527391747.16	4300	59.997681	0.0	2113193	23	4.3
1527391751.52	4300	59.747621	0.0	2147852	24	4.3
1527391755.37	4300	59.748171	0.0	2191074	27	4.3
1527391759.22	4300	59.998474	0.0	2286761	23	4.3
1527391763.56	4300	59.998292	0.0	2307787	18	4.3
1527391767.41	4300	59.99785	0.0	2143948	23	4.3
1527391771.76	4300	59.747732	0.0	1919781	13	4.3
1527391775.62	4300	59.748024	0.0	2147467	24	4.3
1527391779.47	4300	59.997325	0.0	2133870	24	4.3
1527391783.83	4300	59.749003	0.0	2146120	40	4.3
1527391787.18	4300	59.998975	0.0	2108491	24	4.3
1527391791.53	4300	59.748409	0.0	2184571	19	4.3
1527391795.37	4300	59.998858	0.0	2121928	21	4.3
1527391799.22	4300	59.999333	0.0	2219102	20	4.3
1527391803.58	4300	59.748547	0.0	2124950	25	4.3
1527391807.41	4300	59.74924	0.0	2246506	13	4.3
1527391811.76	4300	59.497617	0.0	1961140	22	4.3
1527391815.61	4300	59.748372	0.0	2155012	26	4.3
1527391816.94	4300	59.928962	0.0	1433658	18	4.3

1527391817.56	750	4	0.025	2354772	9	-0.10750000000000004
1527391817.89	4300	7.960283	0.0	2123065	26	0.75
1527391818.23	4300	11.62383	0.0	2177073	25	4.3
1527391818.56	4300	15.292117	0.0	2160877	20	4.3
1527391818.91	4300	18.946548	0.0	2233056	33	4.3
1527391819.24	4300	22.612023	0.0	1941625	24	4.3
1527391819.59	4300	26.268665	0.0	2157535	24	4.3
1527391819.92	4300	29.935831	0.0	2290172	19	4.3
1527391820.26	4300	33.593467	0.0	2055469	24	4.3
1527391820.6	4300	37.257388	0.0	2169201	25	4.3
1527391820.93	4300	40.923459	0.0	2173522	23	4.3
1527391821.27	4300	44.588863	0.0	2102452	18	4.3
1527391821.61	4300	48.248107	0.0	2209463	24	4.3
1527391821.95	4300	51.901386	0.0	2275376	27	4.3
1527391822.29	4300	55.568018	0.0	2005399	9	4.3
1527391822.63	4300	59.227039	0.0	2152483	25	4.3
1527391826.48	4300	59.749284	0.0	2289689	26	4.3
1527391830.33	4300	59.998392	0.0	2059512	23	4.3
1527391834.19	4300	59.748995	0.0	2220726	39	4.3
1527391838.55	4300	59.749244	0.0	2156729	24	4.3
1527391841.9	4300	59.999261	0.0	2039773	24	4.3
1527391846.24	4300	59.748683	0.0	2176469	20	4.3
1527391850.6	4300	59.498956	0.0	2221506	24	4.3
1527391854.44	4300	59.749172	0.0	2044075	23	4.3
1527391858.29	4300	59.749378	0.0	2186790	25	4.3
1527391862.14	4300	59.748879	0.0	2105231	23	4.3
1527391866.49	4300	59.498214	0.0	2395588	26	4.3
1527391870.33	4300	59.999	0.0	1972048	24	4.3
1527391874.19	4300	59.99893	0.0	2134614	34	4.3
1527391878.04	4300	59.998308	0.0	2164140	24	4.3
1527391881.88	4300	59.998994	0.0	2113193	24	4.3
1527391886.23	4300	59.998315	0.0	2147852	25	4.3
1527391890.08	4300	59.999071	0.0	2191074	24	4.3
1527391893.92	4300	59.997742	0.0	2286761	24	4.3
1527391898.27	4300	59.99898	0.0	2307787	23	4.3
1527391902.11	4300	59.748122	0.0	2143948	22	4.3
1527391906.45	4300	59.748706	0.0	1919781	19	4.3
1527391910.3	4300	59.998829	0.0	2147467	25	4.3
1527391914.14	4300	59.747354	0.0	2133870	21	4.3
1527391917.99	4300	59.998608	0.0	2146120	20	4.3
