1527459662.33	750	4	0.026	2354772	9	-0.11180000000000001
1527459662.68	4300	7.956843	0.0	2123065	26	0.75
1527459663.01	4300	11.620323	0.0	2177073	26	4.3
1527459663.35	4300	15.287556	0.0	2160877	20	4.3
1527459663.68	4300	18.954083	0.0	2233056	19	4.3
1527459664.0	4300	22.62756	0.0	1941625	18	4.3
1527459664.34	4300	26.296749	0.0	2157535	20	4.3
1527459664.67	4300	29.963355	0.0	2290172	22	4.3
1527459664.99	4300	33.64257	0.0	2055469	14	4.3
1527459665.32	4300	37.309981	0.0	2169201	23	4.3
1527459665.66	4300	40.97008	0.0	2173522	21	4.3
1527459666.01	4300	44.622959	0.0	2102452	20	4.3
1527459666.35	4300	48.288628	0.0	2209463	24	4.3
1527459666.67	4300	51.964482	0.0	2275376	17	4.3
1527459667.0	4300	55.632207	0.0	2005399	22	4.3
1527459667.32	4300	59.312995	0.0	2152483	14	4.3
1527459671.17	4300	59.497865	0.0	2289689	25	4.3
1527459675.01	4300	59.997961	0.0	2059512	21	4.3
1527459678.86	4300	59.998374	0.0	2220726	23	4.3
1527459682.71	4300	59.998385	0.0	2156729	24	4.3
1527459687.06	4300	59.748244	0.0	2039773	22	4.3
1527459690.91	4300	59.998232	0.0	2176469	25	4.3
1527459695.26	4300	59.748084	0.0	2221506	25	4.3
1527459699.11	4300	59.747901	0.0	2044075	24	4.3
1527459702.95	4300	59.749587	0.0	2186790	21	4.3
1527459706.8	4300	59.9994	0.0	2105231	16	4.3
1527459710.66	4300	59.999359	0.0	2395588	28	4.3
1527459715.0	4300	59.748751	0.0	1972048	20	4.3
1527459719.35	4300	59.747773	0.0	2134614	25	4.3
1527459722.69	4300	59.99884	0.0	2164140	26	4.3
1527459727.05	4300	59.998757	0.0	2113193	24	4.3
1527459730.9	4300	59.748344	0.0	2147852	24	4.3
1527459734.74	4300	59.997439	0.0	2191074	26	4.3
1527459739.09	4300	59.747952	0.0	2286761	23	4.3
1527459742.94	4300	59.747738	0.0	2307787	26	4.3
1527459746.78	4300	59.997578	0.0	2143948	23	4.3
1527459751.12	4300	59.747515	0.0	1919781	17	4.3
1527459754.96	4300	59.749352	0.0	2147467	21	4.3
1527459759.32	4300	59.747753	0.0	2133870	32	4.3
1527459762.66	4300	59.99934	0.0	2146120	21	4.3
1527459767.01	4300	59.99769	0.0	2108491	24	4.3
1527459770.86	4300	59.997434	0.0	2184571	25	4.3
1527459774.71	4300	59.999305	0.0	2121928	24	4.3
1527459779.05	4300	59.74825	0.0	2219102	19	4.3
1527459782.9	4300	59.998607	0.0	2124950	23	4.3
1527459786.75	4300	59.998691	0.0	2246506	25	4.3
1527459791.1	4300	59.747454	0.0	1961140	24	4.3
1527459794.95	4300	59.747515	0.0	2155012	25	4.3
1527459796.79	4300	59.927814	0.0	1433658	17	4.3

1527459797.53	750	4	0.027	2354772	7	-0.11609999999999998
1527459797.89	4300	7.946192	0.0	2123065	32	0.75
1527459798.23	4300	11.608939	0.0	2177073	27	4.3
1527459798.54	4300	15.290596	0.0	2160877	13	4.3
1527459798.86	4300	18.972877	0.0	2233056	13	4.3
1527459799.19	4300	22.643719	0.0	1941625	18	4.3
1527459799.51	4300	26.325419	0.0	2157535	13	4.3
1527459799.85	4300	29.98716	0.0	2290172	27	4.3
1527459800.16	4300	33.668883	0.0	2055469	13	4.3
1527459800.5	4300	37.329374	0.0	2169201	25	4.3
1527459800.83	4300	41.008235	0.0	2173522	15	4.3
1527459801.15	4300	44.686149	0.0	2102452	15	4.3
1527459801.47	4300	48.362583	0.0	2209463	15	4.3
1527459801.8	4300	52.030961	0.0	2275376	16	4.3
1527459802.14	4300	55.695736	0.0	2005399	11	4.3
1527459802.48	4300	59.354857	0.0	2152483	24	4.3
1527459806.33	4300	59.997754	0.0	2289689	27	4.3
1527459810.17	4300	59.998989	0.0	2059512	20	4.3
1527459814.02	4300	59.999153	0.0	2220726	29	4.3
1527459817.87	4300	59.998887	0.0	2156729	25	4.3
1527459822.19	4300	59.997878	0.0	2039773	6	4.3
1527459826.54	4300	59.499047	0.0	2176469	23	4.3
1527459829.88	4300	59.99769	0.0	2221506	24	4.3
1527459834.24	4300	59.997689	0.0	2044075	24	4.3
1527459838.09	4300	59.748843	0.0	2186790	25	4.3
1527459842.44	4300	59.748552	0.0	2105231	25	4.3
1527459846.29	4300	59.998696	0.0	2395588	28	4.3
1527459850.13	4300	59.998066	0.0	1972048	20	4.3
1527459853.97	4300	59.99927	0.0	2134614	23	4.3
1527459858.32	4300	59.99852	0.0	2164140	20	4.3
1527459862.17	4300	59.999328	0.0	2113193	25	4.3
1527459866.52	4300	59.49882	0.0	2147852	25	4.3
1527459870.37	4300	59.499155	0.0	2191074	24	4.3
1527459874.21	4300	59.998765	0.0	2286761	25	4.3
1527459878.57	4300	59.748658	0.0	2307787	18	4.3
1527459881.91	4300	59.998238	0.0	2143948	21	4.3
1527459886.26	4300	59.748627	0.0	1919781	21	4.3
1527459890.11	4300	59.747652	0.0	2147467	24	4.3
1527459893.96	4300	59.998468	0.0	2133870	25	4.3
1527459898.31	4300	59.99751	0.0	2146120	22	4.3
1527459902.15	4300	59.997594	0.0	2108491	19	4.3
1527459906.0	4300	59.999014	0.0	2184571	28	4.3
1527459910.33	4300	59.747642	0.0	2121928	14	4.3
1527459914.18	4300	59.747783	0.0	2219102	25	4.3
1527459918.52	4300	59.497919	0.0	2124950	21	4.3
1527459922.37	4300	59.748922	0.0	2246506	24	4.3
1527459926.21	4300	59.747222	0.0	1961140	20	4.3
1527459930.55	4300	59.747916	0.0	2155012	20	4.3
1527459931.89	4300	59.927653	0.0	1433658	18	4.3

1527459932.65	750	4	0.024	2354772	8	-0.10319999999999996
1527459932.98	4300	7.96098	0.0	2123065	25	0.75
1527459933.32	4300	11.62707	0.0	2177073	21	4.3
1527459933.63	4300	15.309236	0.0	2160877	13	4.3
1527459933.99	4300	18.956644	0.0	2233056	43	4.3
1527459934.3	4300	22.641739	0.0	1941625	12	4.3
1527459934.64	4300	26.307083	0.0	2157535	24	4.3
1527459934.97	4300	29.973766	0.0	2290172	22	4.3
1527459935.31	4300	33.634875	0.0	2055469	22	4.3
1527459935.65	4300	37.294756	0.0	2169201	25	4.3
1527459935.99	4300	40.958575	0.0	2173522	26	4.3
1527459936.32	4300	44.626262	0.0	2102452	22	4.3
1527459936.63	4300	48.310256	0.0	2209463	13	4.3
1527459936.98	4300	51.964976	0.0	2275376	26	4.3
1527459937.3	4300	55.640747	0.0	2005399	11	4.3
1527459937.64	4300	59.306584	0.0	2152483	25	4.3
1527459940.96	4300	59.997813	0.0	2289689	13	4.3
1527459945.31	4300	59.747812	0.0	2059512	22	4.3
1527459949.17	4300	59.998719	0.0	2220726	36	4.3
1527459953.52	4300	59.499379	0.0	2156729	25	4.3
1527459957.37	4300	59.998769	0.0	2039773	23	4.3
1527459961.22	4300	59.999051	0.0	2176469	27	4.3
1527459965.59	4300	59.497974	0.0	2221506	22	4.3
1527459969.43	4300	59.749508	0.0	2044075	22	4.3
1527459973.28	4300	59.749037	0.0	2186790	25	4.3
1527459977.62	4300	59.498292	0.0	2105231	21	4.3
1527459981.47	4300	59.747727	0.0	2395588	25	4.3
1527459985.31	4300	59.749541	0.0	1972048	20	4.3
1527459989.15	4300	59.997899	0.0	2134614	21	4.3
1527459993.0	4300	59.998788	0.0	2164140	21	4.3
1527459997.35	4300	59.747647	0.0	2113193	25	4.3
1527460001.2	4300	59.74858	0.0	2147852	27	4.3
1527460005.05	4300	59.998589	0.0	2191074	24	4.3
1527460009.4	4300	59.749354	0.0	2286761	23	4.3
1527460013.24	4300	59.748258	0.0	2307787	23	4.3
1527460017.58	4300	59.748582	0.0	2143948	20	4.3
1527460021.42	4300	59.749031	0.0	1919781	22	4.3
1527460025.26	4300	59.748455	0.0	2147467	18	4.3
1527460029.11	4300	59.998128	0.0	2133870	28	4.3
1527460033.47	4300	59.498475	0.0	2146120	35	4.3
