1527488704.78	750	4	0.025	2354772	8	-0.10750000000000004
1527488705.13	4300	7.953996	0.0	2123065	23	0.75
1527488705.46	4300	11.617666	0.0	2177073	22	4.3
1527488705.81	4300	15.276684	0.0	2160877	26	4.3
1527488706.14	4300	18.93918	0.0	2233056	21	4.3
1527488706.46	4300	22.618499	0.0	1941625	14	4.3
1527488706.79	4300	26.293141	0.0	2157535	16	4.3
1527488707.13	4300	29.955963	0.0	2290172	27	4.3
1527488707.45	4300	33.632442	0.0	2055469	12	4.3
1527488707.79	4300	37.294329	0.0	2169201	25	4.3
1527488708.13	4300	40.956449	0.0	2173522	21	4.3
1527488708.47	4300	44.612595	0.0	2102452	14	4.3
1527488708.81	4300	48.272998	0.0	2209463	26	4.3
1527488709.13	4300	51.95224	0.0	2275376	14	4.3
1527488709.46	4300	55.617911	0.0	2005399	22	4.3
1527488709.78	4300	59.296891	0.0	2152483	13	4.3
1527488713.11	4300	59.998986	0.0	2289689	13	4.3
1527488717.46	4300	59.999145	0.0	2059512	23	4.3
1527488721.81	4300	59.498739	0.0	2220726	25	4.3
1527488725.67	4300	59.49843	0.0	2156729	24	4.3
1527488729.51	4300	59.999457	0.0	2039773	19	4.3
1527488733.35	4300	59.998906	0.0	2176469	21	4.3
1527488737.2	4300	59.999093	0.0	2221506	25	4.3
1527488741.55	4300	59.999306	0.0	2044075	21	4.3
1527488745.4	4300	59.997624	0.0	2186790	24	4.3
1527488749.75	4300	59.747619	0.0	2105231	26	4.3
1527488753.6	4300	59.498221	0.0	2395588	20	4.3
1527488757.46	4300	59.748158	0.0	1972048	31	4.3
1527488761.31	4300	59.997635	0.0	2134614	24	4.3
1527488765.65	4300	59.747538	0.0	2164140	21	4.3
1527488769.49	4300	59.74816	0.0	2113193	21	4.3
1527488773.34	4300	59.749052	0.0	2147852	23	4.3
1527488777.18	4300	59.998105	0.0	2191074	19	4.3
1527488781.53	4300	59.748775	0.0	2286761	22	4.3
1527488785.37	4300	59.998853	0.0	2307787	24	4.3
1527488789.73	4300	59.748994	0.0	2143948	24	4.3
1527488793.58	4300	59.748441	0.0	1919781	21	4.3
1527488797.43	4300	59.748942	0.0	2147467	26	4.3
1527488801.79	4300	59.499202	0.0	2133870	37	4.3
1527488805.14	4300	59.999446	0.0	2146120	25	4.3
1527488809.49	4300	59.749112	0.0	2108491	20	4.3
1527488813.83	4300	59.498484	0.0	2184571	22	4.3
1527488817.18	4300	59.99935	0.0	2121928	23	4.3
1527488821.53	4300	59.998423	0.0	2219102	26	4.3
1527488825.38	4300	59.999022	0.0	2124950	23	4.3
1527488829.23	4300	59.998391	0.0	2246506	24	4.3
1527488833.57	4300	59.749221	0.0	1961140	19	4.3
1527488837.42	4300	59.748782	0.0	2155012	25	4.3
1527488839.25	4300	59.678312	0.0	1433658	17	4.3

1527488840.02	750	4	0.026	2354772	6	-0.11180000000000001
1527488840.36	4300	7.959418	0.0	2123065	26	0.75
1527488840.7	4300	11.611275	0.0	2177073	33	4.3
1527488841.04	4300	15.279812	0.0	2160877	18	4.3
1527488841.38	4300	18.934563	0.0	2233056	26	4.3
1527488841.69	4300	22.626578	0.0	1941625	7	4.3
1527488841.99	4300	26.319747	0.0	2157535	8	4.3
1527488842.33	4300	29.983864	0.0	2290172	19	4.3
1527488842.64	4300	33.675946	0.0	2055469	7	4.3
1527488842.98	4300	37.34038	0.0	2169201	18	4.3
1527488843.29	4300	41.019561	0.0	2173522	11	4.3
1527488846.17	4300	42.149308	0.0	2102452	11	4.3
1527488846.48	4300	45.832658	0.0	2209463	15	4.3
1527488846.86	4300	49.496009	0.0	2275376	22	4.3
1527488847.18	4300	53.135175	0.0	2005399	12	4.3
1527488847.5	4300	56.816671	0.0	2152483	12	4.3
1527488848.84	4300	59.499178	0.0	2289689	22	4.3
1527488852.66	4300	59.998012	0.0	2059512	13	4.3
1527488856.52	4300	59.999016	0.0	2220726	25	4.3
1527488860.87	4300	59.498168	0.0	2156729	27	4.3
1527488864.72	4300	59.749093	0.0	2039773	23	4.3
1527488868.56	4300	59.997621	0.0	2176469	24	4.3
1527488872.41	4300	59.999219	0.0	2221506	21	4.3
1527488876.76	4300	59.747607	0.0	2044075	24	4.3
1527488880.61	4300	59.997944	0.0	2186790	26	4.3
1527488884.46	4300	59.99894	0.0	2105231	25	4.3
1527488888.81	4300	59.747627	0.0	2395588	21	4.3
1527488892.65	4300	59.74891	0.0	1972048	22	4.3
1527488896.5	4300	59.99907	0.0	2134614	33	4.3
1527488900.36	4300	59.997927	0.0	2164140	27	4.3
1527488904.7	4300	59.748512	0.0	2113193	25	4.3
1527488908.55	4300	59.998409	0.0	2147852	25	4.3
1527488912.4	4300	59.997682	0.0	2191074	21	4.3
1527488916.73	4300	59.998909	0.0	2286761	17	4.3
1527488920.58	4300	59.749451	0.0	2307787	25	4.3
1527488924.42	4300	59.999464	0.0	2143948	21	4.3
1527488928.77	4300	59.748501	0.0	1919781	19	4.3
1527488932.61	4300	59.748638	0.0	2147467	23	4.3
1527488936.45	4300	59.99889	0.0	2133870	22	4.3
1527488940.8	4300	59.748856	0.0	2146120	20	4.3
1527488944.65	4300	59.748355	0.0	2108491	21	4.3
1527488949.0	4300	59.747646	0.0	2184571	26	4.3
1527488952.35	4300	59.99828	0.0	2121928	23	4.3
1527488956.69	4300	59.997712	0.0	2219102	21	4.3
1527488961.04	4300	59.498025	0.0	2124950	24	4.3
1527488964.39	4300	59.997533	0.0	2246506	32	4.3
1527488968.73	4300	59.747874	0.0	1961140	17	4.3
1527488972.57	4300	59.749266	0.0	2155012	21	4.3
1527488974.39	4300	59.606121	0.0	1433658	11	4.3

1527488975.18	750	4	0.027	2354772	7	-0.11609999999999998
1527488975.52	4300	7.662158	0.0	2123065	22	0.75
1527488975.83	4300	11.341249	0.0	2177073	13	4.3
1527488976.18	4300	14.998567	0.0	2160877	24	4.3
1527488976.5	4300	18.67151	0.0	2233056	10	4.3
1527488976.83	4300	22.34758	0.0	1941625	17	4.3
1527488977.16	4300	26.011399	0.0	2157535	23	4.3
1527488977.5	4300	29.675671	0.0	2290172	24	4.3
1527488977.82	4300	33.353045	0.0	2055469	15	4.3
1527488978.16	4300	37.017475	0.0	2169201	21	4.3
1527488978.49	4300	40.680886	0.0	2173522	19	4.3
1527488978.84	4300	44.337883	0.0	2102452	25	4.3
1527488979.18	4300	47.999323	0.0	2209463	24	4.3
1527488979.52	4300	51.656461	0.0	2275376	21	4.3
1527488979.86	4300	55.313377	0.0	2005399	16	4.3
1527488980.2	4300	58.979337	0.0	2152483	22	4.3
1527488983.54	4300	59.749092	0.0	2289689	22	4.3
1527488987.89	4300	59.498829	0.0	2059512	24	4.3
1527488991.25	4300	59.998747	0.0	2220726	34	4.3
1527488995.6	4300	59.749426	0.0	2156729	25	4.3
1527488999.45	4300	59.998193	0.0	2039773	22	4.3
1527489003.29	4300	59.99746	0.0	2176469	23	4.3
1527489007.64	4300	59.748619	0.0	2221506	22	4.3
1527489011.49	4300	59.748295	0.0	2044075	22	4.3
1527489015.33	4300	59.998827	0.0	2186790	20	4.3
1527489019.69	4300	59.499202	0.0	2105231	23	4.3
