1527446681.88	750	4	0.027	2354772	8	-0.11609999999999998
1527446682.21	4300	7.965428	0.0	2123065	19	0.75
1527446682.53	4300	11.645296	0.0	2177073	13	4.3
1527446682.87	4300	15.309013	0.0	2160877	26	4.3
1527446683.21	4300	18.973996	0.0	2233056	23	4.3
1527446683.53	4300	22.646393	0.0	1941625	17	4.3
1527446683.87	4300	26.311933	0.0	2157535	20	4.3
1527446684.21	4300	29.964177	0.0	2290172	27	4.3
1527446684.55	4300	33.634042	0.0	2055469	23	4.3
1527446684.88	4300	37.29931	0.0	2169201	24	4.3
1527446685.22	4300	40.959926	0.0	2173522	21	4.3
1527446685.56	4300	44.61751	0.0	2102452	13	4.3
1527446685.9	4300	48.279456	0.0	2209463	23	4.3
1527446686.23	4300	51.946608	0.0	2275376	22	4.3
1527446686.56	4300	55.617361	0.0	2005399	18	4.3
1527446686.9	4300	59.279736	0.0	2152483	13	4.3
1527446690.25	4300	59.999037	0.0	2289689	20	4.3
1527446694.59	4300	59.748627	0.0	2059512	23	4.3
1527446698.44	4300	59.747986	0.0	2220726	25	4.3
1527446702.8	4300	59.748905	0.0	2156729	25	4.3
1527446706.65	4300	59.747649	0.0	2039773	22	4.3
1527446710.5	4300	59.748629	0.0	2176469	24	4.3
1527446714.34	4300	59.998848	0.0	2221506	23	4.3
1527446718.19	4300	59.999184	0.0	2044075	20	4.3
1527446722.53	4300	59.747681	0.0	2186790	20	4.3
1527446726.88	4300	59.749321	0.0	2105231	22	4.3
1527446730.72	4300	59.498195	0.0	2395588	23	4.3
1527446734.57	4300	59.748644	0.0	1972048	31	4.3
1527446738.92	4300	59.748368	0.0	2134614	26	4.3
1527446742.27	4300	59.998233	0.0	2164140	27	4.3
1527446746.61	4300	59.998043	0.0	2113193	15	4.3
1527446750.46	4300	59.748965	0.0	2147852	26	4.3
1527446754.79	4300	59.748482	0.0	2191074	14	4.3
1527446758.63	4300	59.748489	0.0	2286761	21	4.3
1527446762.49	4300	59.748223	0.0	2307787	25	4.3
1527446766.33	4300	59.999011	0.0	2143948	23	4.3
1527446770.67	4300	59.74878	0.0	1919781	19	4.3
1527446774.52	4300	59.74919	0.0	2147467	25	4.3
1527446778.38	4300	59.997832	0.0	2133870	35	4.3
1527446782.2	4300	59.998925	0.0	2146120	11	4.3
1527446786.55	4300	59.747497	0.0	2108491	21	4.3
1527446790.4	4300	59.99769	0.0	2184571	21	4.3
1527446794.24	4300	59.998304	0.0	2121928	22	4.3
1527446798.59	4300	59.748821	0.0	2219102	20	4.3
1527446802.45	4300	59.748033	0.0	2124950	24	4.3
1527446806.29	4300	59.99698	0.0	2246506	23	4.3
1527446810.64	4300	59.998461	0.0	1961140	19	4.3
1527446814.49	4300	59.748672	0.0	2155012	24	4.3
1527446816.32	4300	59.678884	0.0	1433658	17	4.3

1527446817.12	750	4	0.028	2354772	8	-0.12039999999999995
1527446817.48	4300	7.642312	0.0	2123065	29	0.75
1527446817.8	4300	11.311154	0.0	2177073	18	4.3
1527446818.14	4300	14.973274	0.0	2160877	25	4.3
1527446818.47	4300	18.649813	0.0	2233056	16	4.3
1527446818.8	4300	22.313877	0.0	1941625	24	4.3
1527446819.14	4300	25.979782	0.0	2157535	21	4.3
1527446819.47	4300	29.64132	0.0	2290172	18	4.3
1527446819.81	4300	33.301302	0.0	2055469	25	4.3
1527446820.13	4300	36.983781	0.0	2169201	9	4.3
1527446820.46	4300	40.652786	0.0	2173522	19	4.3
1527446820.81	4300	44.308061	0.0	2102452	24	4.3
1527446821.16	4300	47.959467	0.0	2209463	36	4.3
1527446821.5	4300	51.618493	0.0	2275376	26	4.3
1527446821.83	4300	55.284227	0.0	2005399	24	4.3
1527446822.15	4300	58.961568	0.0	2152483	15	4.3
1527446825.5	4300	59.748839	0.0	2289689	25	4.3
1527446829.34	4300	59.999	0.0	2059512	20	4.3
1527446833.2	4300	59.997874	0.0	2220726	26	4.3
1527446837.55	4300	59.748671	0.0	2156729	26	4.3
1527446841.39	4300	59.749123	0.0	2039773	22	4.3
1527446845.74	4300	59.748896	0.0	2176469	22	4.3
1527446849.59	4300	59.99902	0.0	2221506	24	4.3
1527446853.43	4300	59.748649	0.0	2044075	19	4.3
1527446857.77	4300	59.499107	0.0	2186790	20	4.3
1527446861.62	4300	59.999081	0.0	2105231	22	4.3
1527446865.46	4300	59.747922	0.0	2395588	21	4.3
1527446869.81	4300	59.498521	0.0	1972048	21	4.3
1527446873.67	4300	59.498084	0.0	2134614	21	4.3
1527446877.52	4300	59.748519	0.0	2164140	22	4.3
1527446881.36	4300	59.999423	0.0	2113193	21	4.3
1527446885.22	4300	59.998318	0.0	2147852	27	4.3
1527446889.57	4300	59.747741	0.0	2191074	24	4.3
1527446893.42	4300	59.749304	0.0	2286761	24	4.3
1527446897.78	4300	59.497524	0.0	2307787	27	4.3
1527446901.61	4300	59.748603	0.0	2143948	15	4.3
1527446905.46	4300	59.748485	0.0	1919781	21	4.3
1527446909.82	4300	59.498436	0.0	2147467	25	4.3
1527446913.66	4300	59.749269	0.0	2133870	28	4.3
1527446917.52	4300	59.749374	0.0	2146120	32	4.3
1527446921.37	4300	59.998847	0.0	2108491	26	4.3
1527446925.22	4300	59.998266	0.0	2184571	25	4.3
1527446929.58	4300	59.998889	0.0	2121928	26	4.3
1527446933.43	4300	59.748411	0.0	2219102	25	4.3
1527446937.28	4300	59.998499	0.0	2124950	22	4.3
1527446941.63	4300	59.498281	0.0	2246506	16	4.3
1527446945.47	4300	59.748754	0.0	1961140	19	4.3
1527446949.32	4300	59.997878	0.0	2155012	20	4.3
1527446951.14	4300	59.679102	0.0	1433658	14	4.3

1527446951.9	750	4	0.024	2354772	8	-0.10319999999999996
1527446952.26	4300	7.942988	0.0	2123065	38	0.75
1527446952.6	4300	11.60044	0.0	2177073	22	4.3
1527446952.92	4300	15.276018	0.0	2160877	16	4.3
1527446953.26	4300	18.936177	0.0	2233056	26	4.3
1527446953.59	4300	22.605299	0.0	1941625	21	4.3
1527446953.93	4300	26.271556	0.0	2157535	22	4.3
1527446954.26	4300	29.940356	0.0	2290172	21	4.3
1527446954.59	4300	33.611937	0.0	2055469	20	4.3
1527446954.92	4300	37.279301	0.0	2169201	21	4.3
1527446955.24	4300	40.960596	0.0	2173522	15	4.3
1527446955.57	4300	44.623518	0.0	2102452	26	4.3
1527446955.91	4300	48.290762	0.0	2209463	23	4.3
1527446956.25	4300	51.943742	0.0	2275376	37	4.3
1527446956.57	4300	55.624724	0.0	2005399	13	4.3
1527446956.92	4300	59.278654	0.0	2152483	25	4.3
1527446960.77	4300	59.749147	0.0	2289689	25	4.3
1527446964.61	4300	59.998124	0.0	2059512	20	4.3
1527446968.45	4300	59.74893	0.0	2220726	17	4.3
1527446972.81	4300	59.49824	0.0	2156729	24	4.3
1527446976.66	4300	59.748541	0.0	2039773	23	4.3
1527446980.51	4300	59.998392	0.0	2176469	23	4.3
1527446984.35	4300	59.998154	0.0	2221506	21	4.3
1527446988.68	4300	59.748319	0.0	2044075	14	4.3
