1527500348.38	750	4	0.028	2354772	8	-0.12039999999999995
1527500348.73	4300	7.955823	0.0	2123065	26	0.75
1527500349.07	4300	11.615321	0.0	2177073	20	4.3
1527500349.38	4300	15.297747	0.0	2160877	12	4.3
1527500349.72	4300	18.961631	0.0	2233056	25	4.3
1527500350.05	4300	22.6316	0.0	1941625	20	4.3
1527500350.38	4300	26.299217	0.0	2157535	23	4.3
1527500350.72	4300	29.96381	0.0	2290172	22	4.3
1527500351.04	4300	33.641095	0.0	2055469	15	4.3
1527500351.38	4300	37.306951	0.0	2169201	20	4.3
1527500351.71	4300	40.974257	0.0	2173522	15	4.3
1527500352.05	4300	44.633941	0.0	2102452	24	4.3
1527500352.39	4300	48.295264	0.0	2209463	26	4.3
1527500352.73	4300	51.956886	0.0	2275376	24	4.3
1527500353.05	4300	55.635588	0.0	2005399	14	4.3
1527500353.41	4300	59.269844	0.0	2152483	23	4.3
1527500357.26	4300	59.497906	0.0	2289689	21	4.3
1527500361.11	4300	59.747902	0.0	2059512	24	4.3
1527500364.96	4300	59.74792	0.0	2220726	26	4.3
1527500369.31	4300	59.748015	0.0	2156729	21	4.3
1527500373.15	4300	59.997832	0.0	2039773	22	4.3
1527500376.98	4300	59.749431	0.0	2176469	15	4.3
1527500380.84	4300	59.998786	0.0	2221506	26	4.3
1527500385.18	4300	59.747934	0.0	2044075	18	4.3
1527500389.03	4300	59.998729	0.0	2186790	22	4.3
1527500392.87	4300	59.998808	0.0	2105231	20	4.3
1527500397.21	4300	59.497999	0.0	2395588	20	4.3
1527500401.06	4300	59.747649	0.0	1972048	23	4.3
1527500404.92	4300	59.997704	0.0	2134614	24	4.3
1527500408.76	4300	59.998181	0.0	2164140	24	4.3
1527500413.11	4300	59.998027	0.0	2113193	21	4.3
1527500416.95	4300	59.748594	0.0	2147852	24	4.3
1527500420.8	4300	59.999387	0.0	2191074	20	4.3
1527500425.14	4300	59.749501	0.0	2286761	22	4.3
1527500428.99	4300	59.747867	0.0	2307787	22	4.3
1527500432.83	4300	59.998775	0.0	2143948	20	4.3
1527500437.17	4300	59.998455	0.0	1919781	16	4.3
1527500441.02	4300	59.9982	0.0	2147467	23	4.3
1527500444.89	4300	59.998649	0.0	2133870	29	4.3
1527500448.73	4300	59.999242	0.0	2146120	19	4.3
1527500453.09	4300	59.749335	0.0	2108491	23	4.3
1527500456.94	4300	59.748551	0.0	2184571	27	4.3
1527500461.28	4300	59.749017	0.0	2121928	24	4.3
1527500465.13	4300	59.749109	0.0	2219102	27	4.3
1527500468.99	4300	59.748798	0.0	2124950	19	4.3
1527500473.34	4300	59.748934	0.0	2246506	24	4.3
1527500477.19	4300	59.499041	0.0	1961140	20	4.3
1527500481.03	4300	59.747845	0.0	2155012	24	4.3
1527500482.87	4300	59.678864	0.0	1433658	18	4.3

1527500483.62	750	4	0.026	2354772	8	-0.11180000000000001
1527500483.95	4300	7.966703	0.0	2123065	20	0.75
1527500484.28	4300	11.633596	0.0	2177073	16	4.3
1527500484.63	4300	15.289449	0.0	2160877	24	4.3
1527500484.97	4300	18.948932	0.0	2233056	25	4.3
1527500485.3	4300	22.620846	0.0	1941625	18	4.3
1527500485.61	4300	26.299973	0.0	2157535	14	4.3
1527500485.94	4300	29.97699	0.0	2290172	16	4.3
1527500486.28	4300	33.63831	0.0	2055469	25	4.3
1527500486.61	4300	37.304217	0.0	2169201	25	4.3
1527500486.95	4300	40.962065	0.0	2173522	23	4.3
1527500487.3	4300	44.616453	0.0	2102452	19	4.3
1527500487.64	4300	48.281591	0.0	2209463	22	4.3
1527500487.97	4300	51.945997	0.0	2275376	22	4.3
1527500488.29	4300	55.623	0.0	2005399	13	4.3
1527500488.63	4300	59.288161	0.0	2152483	21	4.3
1527500491.96	4300	59.999425	0.0	2289689	16	4.3
1527500496.3	4300	59.999157	0.0	2059512	19	4.3
1527500500.65	4300	59.748781	0.0	2220726	23	4.3
1527500504.49	4300	59.749397	0.0	2156729	25	4.3
1527500508.33	4300	59.748648	0.0	2039773	22	4.3
1527500512.18	4300	59.749549	0.0	2176469	23	4.3
1527500516.53	4300	59.499047	0.0	2221506	22	4.3
1527500520.37	4300	59.998912	0.0	2044075	19	4.3
1527500524.23	4300	59.999193	0.0	2186790	25	4.3
1527500528.07	4300	59.999301	0.0	2105231	23	4.3
1527500532.42	4300	59.748882	0.0	2395588	23	4.3
1527500536.28	4300	59.749414	0.0	1972048	33	4.3
1527500540.13	4300	59.998964	0.0	2134614	25	4.3
1527500543.98	4300	59.998981	0.0	2164140	25	4.3
1527500548.32	4300	59.997793	0.0	2113193	19	4.3
1527500552.67	4300	59.749084	0.0	2147852	22	4.3
1527500556.51	4300	59.498241	0.0	2191074	24	4.3
1527500560.35	4300	59.748826	0.0	2286761	24	4.3
1527500564.2	4300	59.749306	0.0	2307787	22	4.3
1527500568.04	4300	59.998601	0.0	2143948	21	4.3
1527500572.38	4300	59.998431	0.0	1919781	17	4.3
1527500576.22	4300	59.747794	0.0	2147467	21	4.3
1527500580.08	4300	59.999383	0.0	2133870	32	4.3
1527500583.93	4300	59.999181	0.0	2146120	24	4.3
1527500588.27	4300	59.998068	0.0	2108491	24	4.3
1527500592.62	4300	59.499363	0.0	2184571	25	4.3
1527500595.97	4300	59.998298	0.0	2121928	25	4.3
1527500600.33	4300	59.747778	0.0	2219102	28	4.3
1527500604.18	4300	59.749403	0.0	2124950	23	4.3
1527500608.0	4300	59.99883	0.0	2246506	8	4.3
1527500612.34	4300	59.74849	0.0	1961140	20	4.3
