1527390210.9	750	4	0.031	2354772	10	-0.13329999999999997
1527390211.24	4300	7.961818	0.0	2123065	25	0.75
1527390211.58	4300	11.626846	0.0	2177073	20	4.3
1527390211.9	4300	15.307298	0.0	2160877	15	4.3
1527390212.23	4300	18.969857	0.0	2233056	25	4.3
1527390212.56	4300	22.640352	0.0	1941625	20	4.3
1527390212.9	4300	26.306858	0.0	2157535	22	4.3
1527390213.23	4300	29.976117	0.0	2290172	21	4.3
1527390213.56	4300	33.645008	0.0	2055469	19	4.3
1527390213.9	4300	37.305784	0.0	2169201	19	4.3
1527390214.24	4300	40.958612	0.0	2173522	26	4.3
1527390214.58	4300	44.620684	0.0	2102452	26	4.3
1527390214.93	4300	48.277574	0.0	2209463	25	4.3
1527390215.26	4300	51.938321	0.0	2275376	26	4.3
1527390215.6	4300	55.606855	0.0	2005399	21	4.3
1527390215.96	4300	59.245567	0.0	2152483	20	4.3
1527390219.8	4300	59.498909	0.0	2289689	23	4.3
1527390224.16	4300	59.249753	0.0	2059512	23	4.3
1527390227.48	4300	59.749905	0.0	2220726	12	4.3
1527390231.84	4300	59.749142	0.0	2156729	25	4.3
1527390235.69	4300	59.748674	0.0	2039773	26	4.3
1527390239.54	4300	59.749114	0.0	2176469	23	4.3
1527390243.88	4300	59.499056	0.0	2221506	21	4.3
1527390247.73	4300	59.499253	0.0	2044075	23	4.3
1527390251.57	4300	59.749098	0.0	2186790	22	4.3
1527390255.93	4300	59.749256	0.0	2105231	26	4.3
1527390259.78	4300	59.749021	0.0	2395588	28	4.3
1527390263.63	4300	59.998814	0.0	1972048	30	4.3
1527390267.49	4300	59.748441	0.0	2134614	25	4.3
1527390271.84	4300	59.748852	0.0	2164140	24	4.3
1527390275.69	4300	59.998679	0.0	2113193	24	4.3
1527390280.05	4300	59.499047	0.0	2147852	25	4.3
1527390283.39	4300	59.999	0.0	2191074	24	4.3
1527390287.74	4300	59.749529	0.0	2286761	21	4.3
1527390291.59	4300	59.748258	0.0	2307787	23	4.3
1527390295.43	4300	59.997511	0.0	2143948	22	4.3
1527390299.78	4300	59.748287	0.0	1919781	22	4.3
1527390303.64	4300	59.747883	0.0	2147467	26	4.3
1527390307.5	4300	59.747923	0.0	2133870	35	4.3
1527390311.35	4300	59.99809	0.0	2146120	26	4.3
1527390315.7	4300	59.748954	0.0	2108491	24	4.3
1527390319.55	4300	59.749598	0.0	2184571	22	4.3
1527390323.9	4300	59.499436	0.0	2121928	21	4.3
1527390327.74	4300	59.49974	0.0	2219102	22	4.3
1527390331.6	4300	59.749747	0.0	2124950	23	4.3
1527390335.45	4300	59.99943	0.0	2246506	25	4.3
1527390339.79	4300	59.749499	0.0	1961140	18	4.3
1527390343.64	4300	59.749501	0.0	2155012	23	4.3
1527390345.48	4300	59.677936	0.0	1433658	19	4.3

1527390346.09	750	4	0.027	2354772	7	-0.11609999999999998
1527390346.43	4300	7.961175	0.0	2123065	22	0.75
1527390346.76	4300	11.62965	0.0	2177073	17	4.3
1527390347.09	4300	15.297864	0.0	2160877	19	4.3
1527390347.42	4300	18.968447	0.0	2233056	19	4.3
1527390347.75	4300	22.63989	0.0	1941625	18	4.3
1527390348.08	4300	26.307634	0.0	2157535	21	4.3
1527390348.42	4300	29.970697	0.0	2290172	20	4.3
1527390348.76	4300	33.630068	0.0	2055469	25	4.3
1527390349.1	4300	37.291778	0.0	2169201	24	4.3
1527390349.43	4300	40.95387	0.0	2173522	21	4.3
1527390349.77	4300	44.617066	0.0	2102452	12	4.3
1527390350.11	4300	48.276458	0.0	2209463	27	4.3
1527390350.45	4300	51.941495	0.0	2275376	23	4.3
1527390350.78	4300	55.6099	0.0	2005399	20	4.3
1527390351.11	4300	59.277139	0.0	2152483	21	4.3
1527390354.97	4300	59.49944	0.0	2289689	27	4.3
1527390358.81	4300	59.747786	0.0	2059512	25	4.3
1527390362.66	4300	59.998894	0.0	2220726	23	4.3
1527390366.51	4300	59.999069	0.0	2156729	24	4.3
1527390370.86	4300	59.998789	0.0	2039773	21	4.3
1527390374.71	4300	59.997705	0.0	2176469	24	4.3
1527390378.56	4300	59.998828	0.0	2221506	18	4.3
1527390382.91	4300	59.498886	0.0	2044075	18	4.3
1527390386.75	4300	59.99797	0.0	2186790	22	4.3
1527390390.6	4300	59.997748	0.0	2105231	24	4.3
1527390394.46	4300	59.998999	0.0	2395588	29	4.3
1527390398.8	4300	59.747948	0.0	1972048	20	4.3
1527390402.65	4300	59.748622	0.0	2134614	24	4.3
1527390406.49	4300	59.997851	0.0	2164140	21	4.3
1527390410.84	4300	59.998172	0.0	2113193	20	4.3
1527390414.68	4300	59.749236	0.0	2147852	19	4.3
1527390419.03	4300	59.49896	0.0	2191074	21	4.3
1527390422.89	4300	59.748729	0.0	2286761	28	4.3
1527390426.74	4300	59.999193	0.0	2307787	27	4.3
1527390430.59	4300	59.999063	0.0	2143948	23	4.3
1527390434.44	4300	59.99877	0.0	1919781	23	4.3
1527390438.79	4300	59.998846	0.0	2147467	24	4.3
1527390442.65	4300	59.747495	0.0	2133870	36	4.3
1527390446.51	4300	59.99811	0.0	2146120	23	4.3
1527390450.85	4300	59.997757	0.0	2108491	22	4.3
1527390454.7	4300	59.748779	0.0	2184571	23	4.3
1527390458.55	4300	59.9988	0.0	2121928	21	4.3
1527390462.4	4300	59.998634	0.0	2219102	26	4.3
1527390466.75	4300	59.999351	0.0	2124950	23	4.3
