1527494955.79	750	4	0.027	2354772	9	-0.11609999999999998
1527494956.16	4300	7.967676	0.0	2123065	18	0.75
1527494956.49	4300	11.630282	0.0	2177073	14	4.3
1527494956.83	4300	15.286461	0.0	2160877	25	4.3
1527494957.17	4300	18.949416	0.0	2233056	23	4.3
1527494957.51	4300	22.618104	0.0	1941625	18	4.3
1527494957.85	4300	26.269846	0.0	2157535	25	4.3
1527494958.19	4300	29.93062	0.0	2290172	23	4.3
1527494958.54	4300	33.588856	0.0	2055469	21	4.3
1527494958.88	4300	37.245295	0.0	2169201	25	4.3
1527494959.22	4300	40.90156	0.0	2173522	21	4.3
1527494959.56	4300	44.56633	0.0	2102452	12	4.3
1527494959.88	4300	48.239202	0.0	2209463	16	4.3
1527494960.23	4300	51.89652	0.0	2275376	26	4.3
1527494960.56	4300	55.561405	0.0	2005399	20	4.3
1527494960.89	4300	59.228514	0.0	2152483	19	4.3
1527494964.24	4300	59.999255	0.0	2289689	20	4.3
1527494968.59	4300	59.998892	0.0	2059512	24	4.3
1527494972.44	4300	59.749296	0.0	2220726	24	4.3
1527494976.79	4300	59.748629	0.0	2156729	20	4.3
1527494980.13	4300	59.999283	0.0	2039773	19	4.3
1527494984.47	4300	59.748851	0.0	2176469	18	4.3
1527494988.31	4300	59.998375	0.0	2221506	18	4.3
1527494992.16	4300	59.998059	0.0	2044075	19	4.3
1527494996.52	4300	59.748924	0.0	2186790	25	4.3
1527495000.35	4300	59.998848	0.0	2105231	14	4.3
1527495004.71	4300	59.498149	0.0	2395588	27	4.3
1527495008.57	4300	59.749249	0.0	1972048	34	4.3
1527495012.42	4300	59.99824	0.0	2134614	25	4.3
1527495016.27	4300	59.999204	0.0	2164140	22	4.3
1527495020.62	4300	59.749198	0.0	2113193	16	4.3
1527495024.46	4300	59.749055	0.0	2147852	20	4.3
1527495028.8	4300	59.748541	0.0	2191074	20	4.3
1527495032.15	4300	59.998421	0.0	2286761	23	4.3
1527495036.5	4300	59.748979	0.0	2307787	26	4.3
1527495040.86	4300	59.498763	0.0	2143948	23	4.3
1527495044.21	4300	59.997595	0.0	1919781	22	4.3
1527495048.56	4300	59.749163	0.0	2147467	24	4.3
1527495052.42	4300	59.998714	0.0	2133870	25	4.3
1527495056.77	4300	59.748237	0.0	2146120	20	4.3
1527495060.62	4300	59.74867	0.0	2108491	27	4.3
1527495064.46	4300	59.748376	0.0	2184571	17	4.3
1527495068.31	4300	59.998739	0.0	2121928	24	4.3
1527495072.16	4300	59.998191	0.0	2219102	24	4.3
1527495076.51	4300	59.749223	0.0	2124950	20	4.3
1527495080.35	4300	59.997879	0.0	2246506	22	4.3
1527495084.2	4300	59.997826	0.0	1961140	18	4.3
1527495088.55	4300	59.997543	0.0	2155012	18	4.3
1527495090.38	4300	59.678655	0.0	1433658	17	4.3

1527495091.15	750	4	0.015	668286	4	-0.0645
1527495091.5	4300	7.95548	0.0	2123065	16	0.75
1527495091.84	4300	11.614424	0.0	2177073	28	4.3
1527495092.15	4300	15.299717	0.0	2160877	12	4.3
1527495092.51	4300	18.943327	0.0	2233056	38	4.3
1527495092.84	4300	22.614661	0.0	1941625	16	4.3
1527495093.17	4300	26.282523	0.0	2157535	18	4.3
1527495093.52	4300	29.935387	0.0	2290172	25	4.3
1527495093.85	4300	33.599877	0.0	2055469	21	4.3
1527495094.2	4300	37.25567	0.0	2169201	25	4.3
1527495094.54	4300	40.915117	0.0	2173522	24	4.3
1527495094.87	4300	44.581563	0.0	2102452	23	4.3
1527495095.21	4300	48.247628	0.0	2209463	21	4.3
1527495095.56	4300	51.895741	0.0	2275376	24	4.3
1527495095.88	4300	55.576193	0.0	2005399	14	4.3
1527495096.22	4300	59.236314	0.0	2152483	24	4.3
1527495099.54	4300	59.998463	0.0	2289689	13	4.3
1527495103.89	4300	59.749015	0.0	2059512	22	4.3
1527495108.24	4300	59.248937	0.0	2220726	24	4.3
1527495112.09	4300	59.748526	0.0	2156729	23	4.3
1527495115.93	4300	59.998671	0.0	2039773	20	4.3
1527495119.77	4300	59.749375	0.0	2176469	20	4.3
1527495123.62	4300	59.998933	0.0	2221506	20	4.3
1527495127.47	4300	59.999267	0.0	2044075	23	4.3
1527495131.82	4300	59.999467	0.0	2186790	24	4.3
1527495136.17	4300	59.49905	0.0	2105231	25	4.3
1527495140.02	4300	59.749323	0.0	2395588	26	4.3
1527495143.87	4300	59.749699	0.0	1972048	20	4.3
1527495147.71	4300	59.998738	0.0	2134614	19	4.3
1527495152.05	4300	59.49837	0.0	2164140	16	4.3
1527495155.89	4300	59.748666	0.0	2113193	21	4.3
1527495159.74	4300	59.998878	0.0	2147852	22	4.3
1527495164.09	4300	59.748203	0.0	2191074	25	4.3
1527495167.95	4300	59.748535	0.0	2286761	25	4.3
1527495171.8	4300	59.748666	0.0	2307787	23	4.3
1527495175.63	4300	59.999403	0.0	2143948	19	4.3
1527495179.97	4300	59.747926	0.0	1919781	17	4.3
1527495183.82	4300	59.99832	0.0	2147467	25	4.3
1527495187.68	4300	59.999269	0.0	2133870	24	4.3
1527495191.52	4300	59.998911	0.0	2146120	24	4.3
1527495195.87	4300	59.998495	0.0	2108491	25	4.3
1527495199.74	4300	59.998627	0.0	2184571	25	4.3
1527495203.59	4300	59.99919	0.0	2121928	23	4.3
1527495207.94	4300	59.99777	0.0	2219102	23	4.3
1527495211.78	4300	59.74804	0.0	2124950	23	4.3
1527495215.62	4300	59.998778	0.0	2246506	19	4.3
1527495219.97	4300	59.747952	0.0	1961140	20	4.3
1527495223.82	4300	59.748834	0.0	2155012	22	4.3
1527495225.65	4300	59.678955	0.0	1433658	15	4.3

1527495226.4	750	4	0.017	668286	3	-0.07309999999999994
1527495226.76	4300	7.94239	0.0	2123065	21	0.75
1527495227.11	4300	11.595583	0.0	2177073	24	4.3
1527495227.44	4300	15.258435	0.0	2160877	23	4.3
1527495227.78	4300	18.922141	0.0	2233056	21	4.3
1527495228.11	4300	22.592402	0.0	1941625	17	4.3
1527495228.44	4300	26.259979	0.0	2157535	18	4.3
1527495228.79	4300	29.916736	0.0	2290172	25	4.3
1527495229.12	4300	33.582548	0.0	2055469	22	4.3
1527495229.46	4300	37.248555	0.0	2169201	22	4.3
1527495229.8	4300	40.902456	0.0	2173522	24	4.3
1527495230.14	4300	44.560245	0.0	2102452	25	4.3
1527495230.48	4300	48.225132	0.0	2209463	22	4.3
1527495230.83	4300	51.876261	0.0	2275376	23	4.3
1527495231.16	4300	55.54175	0.0	2005399	22	4.3
1527495231.49	4300	59.208007	0.0	2152483	21	4.3
1527495235.34	4300	59.497949	0.0	2289689	22	4.3
1527495239.19	4300	59.747953	0.0	2059512	23	4.3
1527495243.04	4300	59.998045	0.0	2220726	25	4.3
1527495247.39	4300	59.749313	0.0	2156729	21	4.3
1527495250.73	4300	59.999233	0.0	2039773	22	4.3
1527495255.09	4300	59.747977	0.0	2176469	25	4.3
1527495259.44	4300	59.498144	0.0	2221506	24	4.3
1527495262.79	4300	59.998216	0.0	2044075	22	4.3
1527495267.13	4300	59.749145	0.0	2186790	20	4.3
1527495271.01	4300	59.749034	0.0	2105231	21	4.3
1527495275.38	4300	59.499008	0.0	2395588	21	4.3
1527495279.23	4300	59.498855	0.0	1972048	19	4.3
1527495283.08	4300	59.749544	0.0	2134614	28	4.3
1527495286.93	4300	59.998139	0.0	2164140	24	4.3
1527495291.29	4300	59.748841	0.0	2113193	21	4.3
1527495295.13	4300	59.998098	0.0	2147852	21	4.3
1527495298.98	4300	59.74785	0.0	2191074	23	4.3
