1527396955.33	750	4	0.028	2354772	10	-0.12039999999999995
1527396955.71	4300	7.968368	0.0	2123065	17	0.75
1527396956.09	4300	11.579858	0.0	2177073	21	4.3
1527396956.48	4300	15.195739	0.0	2160877	26	4.3
1527396956.85	4300	18.821262	0.0	2233056	15	4.3
1527396957.23	4300	22.443448	0.0	1941625	20	4.3
1527396957.62	4300	26.056822	0.0	2157535	25	4.3
1527396958.01	4300	29.669597	0.0	2290172	27	4.3
1527396958.39	4300	33.280582	0.0	2055469	23	4.3
1527396958.79	4300	36.889004	0.0	2169201	24	4.3
1527396959.18	4300	40.493862	0.0	2173522	26	4.3
1527396959.57	4300	44.101382	0.0	2102452	32	4.3
1527396959.95	4300	47.728365	0.0	2209463	7	4.3
1527396960.33	4300	51.345245	0.0	2275376	20	4.3
1527396960.71	4300	54.964221	0.0	2005399	20	4.3
1527396961.1	4300	58.576857	0.0	2152483	23	4.3
1527396963.99	4300	59.748806	0.0	2289689	26	4.3
1527396967.88	4300	59.983773	0.0	2059512	20	4.3
1527396972.28	4300	59.498755	0.0	2220726	25	4.3
1527396976.18	4300	59.748974	0.0	2156729	25	4.3
1527396980.08	4300	59.749006	0.0	2039773	25	4.3
1527396983.99	4300	59.749268	0.0	2176469	24	4.3
1527396988.39	4300	59.498918	0.0	2221506	25	4.3
1527396992.28	4300	59.498731	0.0	2044075	19	4.3
1527396996.18	4300	59.749403	0.0	2186790	21	4.3
1527397000.07	4300	59.749352	0.0	2105231	23	4.3
1527397003.97	4300	59.747571	0.0	2395588	26	4.3
1527397007.87	4300	59.997879	0.0	1972048	21	4.3
1527397011.77	4300	59.99844	0.0	2134614	23	4.3
1527397016.17	4300	59.748691	0.0	2164140	23	4.3
1527397020.06	4300	59.748851	0.0	2113193	18	4.3
1527397023.95	4300	59.998008	0.0	2147852	23	4.3
1527397027.85	4300	59.998586	0.0	2191074	23	4.3
1527397031.75	4300	59.998085	0.0	2286761	26	4.3
1527397036.15	4300	59.747844	0.0	2307787	26	4.3
1527397040.04	4300	59.99752	0.0	2143948	18	4.3
1527397043.93	4300	59.998721	0.0	1919781	20	4.3
1527397048.33	4300	59.497524	0.0	2147467	24	4.3
1527397051.73	4300	59.997527	0.0	2133870	23	4.3
1527397056.13	4300	59.748939	0.0	2146120	23	4.3
1527397060.04	4300	59.748926	0.0	2108491	24	4.3
1527397063.96	4300	59.747893	0.0	2184571	33	4.3
1527397067.84	4300	59.999148	0.0	2121928	19	4.3
1527397071.74	4300	59.997411	0.0	2219102	25	4.3
1527397076.14	4300	59.748503	0.0	2124950	24	4.3
1527397080.04	4300	59.998802	0.0	2246506	21	4.3
1527397084.42	4300	59.498186	0.0	1961140	23	4.3
1527397088.3	4300	59.747763	0.0	2155012	24	4.3
1527397090.13	4300	59.428598	0.0	1433658	11	4.3

1527397090.91	750	4	0.018	668286	2	-0.07740000000000002
1527397091.3	4300	7.953426	0.0	2123065	21	0.75
1527397091.69	4300	11.569087	0.0	2177073	21	4.3
1527397092.07	4300	15.182892	0.0	2160877	24	4.3
1527397092.46	4300	18.794603	0.0	2233056	24	4.3
1527397092.86	4300	22.397969	0.0	1941625	22	4.3
1527397093.25	4300	26.003072	0.0	2157535	33	4.3
1527397093.64	4300	29.618858	0.0	2290172	24	4.3
1527397094.02	4300	33.23258	0.0	2055469	23	4.3
1527397094.41	4300	36.843629	0.0	2169201	23	4.3
1527397094.79	4300	40.465645	0.0	2173522	16	4.3
1527397095.18	4300	44.083565	0.0	2102452	22	4.3
1527397095.55	4300	47.704864	0.0	2209463	18	4.3
1527397095.94	4300	51.313937	0.0	2275376	25	4.3
1527397096.34	4300	54.912158	0.0	2005399	31	4.3
1527397096.73	4300	58.524363	0.0	2152483	16	4.3
1527397099.62	4300	59.748313	0.0	2289689	25	4.3
1527397103.51	4300	59.749704	0.0	2059512	19	4.3
1527397107.41	4300	59.998796	0.0	2220726	29	4.3
1527397111.81	4300	59.49827	0.0	2156729	25	4.3
1527397115.7	4300	59.749255	0.0	2039773	20	4.3
1527397119.59	4300	59.748866	0.0	2176469	25	4.3
1527397123.49	4300	59.998054	0.0	2221506	24	4.3
1527397127.88	4300	59.498181	0.0	2044075	22	4.3
1527397131.77	4300	59.498694	0.0	2186790	22	4.3
1527397135.67	4300	59.748221	0.0	2105231	24	4.3
1527397139.59	4300	59.748609	0.0	2395588	25	4.3
1527397143.47	4300	59.999213	0.0	1972048	13	4.3
1527397147.87	4300	59.747832	0.0	2134614	25	4.3
1527397151.76	4300	59.749237	0.0	2164140	20	4.3
1527397155.67	4300	59.749424	0.0	2113193	22	4.3
1527397159.56	4300	59.999408	0.0	2147852	19	4.3
1527397163.96	4300	59.497917	0.0	2191074	23	4.3
1527397167.86	4300	59.747788	0.0	2286761	24	4.3
1527397171.75	4300	59.999297	0.0	2307787	26	4.3
1527397175.64	4300	59.997863	0.0	2143948	18	4.3
1527397179.53	4300	59.997865	0.0	1919781	20	4.3
1527397183.93	4300	59.499195	0.0	2147467	25	4.3
1527397187.32	4300	59.998931	0.0	2133870	22	4.3
1527397191.71	4300	59.74914	0.0	2146120	18	4.3
1527397195.61	4300	59.748511	0.0	2108491	22	4.3
1527397199.52	4300	59.74852	0.0	2184571	29	4.3
1527397203.42	4300	59.998653	0.0	2121928	20	4.3
1527397207.82	4300	59.498995	0.0	2219102	27	4.3
1527397211.73	4300	59.748204	0.0	2124950	25	4.3
1527397215.62	4300	59.997873	0.0	2246506	25	4.3
1527397219.5	4300	59.998882	0.0	1961140	20	4.3
1527397223.86	4300	59.498474	0.0	2155012	23	4.3
1527397225.22	4300	59.928539	0.0	1433658	17	4.3

1527397225.99	750	4	0.017	668286	5	-0.07309999999999994
1527397226.38	4300	7.957488	0.0	2123065	15	0.75
1527397226.76	4300	11.576302	0.0	2177073	18	4.3
1527397227.14	4300	15.190838	0.0	2160877	25	4.3
1527397227.53	4300	18.803307	0.0	2233056	25	4.3
1527397227.91	4300	22.42377	0.0	1941625	17	4.3
1527397228.3	4300	26.035461	0.0	2157535	26	4.3
1527397228.68	4300	29.655501	0.0	2290172	22	4.3
1527397229.06	4300	33.271974	0.0	2055469	22	4.3
1527397229.45	4300	36.883287	0.0	2169201	25	4.3
1527397229.84	4300	40.495159	0.0	2173522	25	4.3
1527397230.23	4300	44.106051	0.0	2102452	23	4.3
1527397230.62	4300	47.711793	0.0	2209463	24	4.3
1527397231.01	4300	51.321201	0.0	2275376	25	4.3
1527397231.41	4300	54.927209	0.0	2005399	23	4.3
1527397231.79	4300	58.538343	0.0	2152483	18	4.3
