1527536975.71	750	4	0.028	2354772	8	-0.12039999999999995
1527536976.1	4300	7.962816	0.0	2123065	23	0.75
1527536976.44	4300	11.623007	0.0	2177073	18	4.3
1527536976.78	4300	15.277036	0.0	2160877	25	4.3
1527536977.12	4300	18.93632	0.0	2233056	21	4.3
1527536977.44	4300	22.613331	0.0	1941625	13	4.3
1527536977.78	4300	26.278884	0.0	2157535	19	4.3
1527536978.12	4300	29.938501	0.0	2290172	20	4.3
1527536978.44	4300	33.615252	0.0	2055469	13	4.3
1527536978.79	4300	37.269412	0.0	2169201	25	4.3
1527536979.13	4300	40.926422	0.0	2173522	21	4.3
1527536979.48	4300	44.580933	0.0	2102452	17	4.3
1527536979.82	4300	48.242901	0.0	2209463	24	4.3
1527536980.15	4300	51.906665	0.0	2275376	20	4.3
1527536980.5	4300	55.562718	0.0	2005399	21	4.3
1527536980.86	4300	59.202344	0.0	2152483	23	4.3
1527536984.71	4300	59.498028	0.0	2289689	25	4.3
1527536988.56	4300	59.749189	0.0	2059512	23	4.3
1527536992.41	4300	59.749565	0.0	2220726	25	4.3
1527536996.76	4300	59.748026	0.0	2156729	23	4.3
1527537000.61	4300	59.747868	0.0	2039773	21	4.3
1527537004.47	4300	59.749316	0.0	2176469	23	4.3
1527537008.32	4300	59.748546	0.0	2221506	25	4.3
1527537012.66	4300	59.498665	0.0	2044075	18	4.3
1527537016.51	4300	59.749155	0.0	2186790	24	4.3
1527537020.35	4300	59.748341	0.0	2105231	19	4.3
1527537024.21	4300	59.998785	0.0	2395588	26	4.3
1527537028.56	4300	59.997906	0.0	1972048	20	4.3
1527537032.41	4300	59.749549	0.0	2134614	22	4.3
1527537036.76	4300	59.498474	0.0	2164140	20	4.3
1527537040.1	4300	59.998655	0.0	2113193	19	4.3
1527537044.45	4300	59.747461	0.0	2147852	25	4.3
1527537048.3	4300	59.997611	0.0	2191074	25	4.3
1527537052.65	4300	59.498886	0.0	2286761	22	4.3
1527537056.5	4300	59.748607	0.0	2307787	24	4.3
1527537060.35	4300	59.748493	0.0	2143948	20	4.3
1527537064.2	4300	59.999273	0.0	1919781	22	4.3
1527537068.55	4300	59.748984	0.0	2147467	22	4.3
1527537072.41	4300	59.749278	0.0	2133870	37	4.3
1527537076.76	4300	59.498024	0.0	2146120	24	4.3
1527537080.62	4300	59.748293	0.0	2108491	23	4.3
1527537084.46	4300	59.997824	0.0	2184571	19	4.3
1527537088.3	4300	59.999142	0.0	2121928	19	4.3
1527537092.65	4300	59.4982	0.0	2219102	18	4.3
1527537096.5	4300	59.748405	0.0	2124950	18	4.3
1527537100.35	4300	59.74819	0.0	2246506	25	4.3
1527537104.2	4300	59.99713	0.0	1961140	22	4.3
1527537108.56	4300	59.748547	0.0	2155012	24	4.3
1527537110.41	4300	59.677331	0.0	1433658	22	4.3

1527537111.2	750	4	0.014	668286	2	-0.06020000000000003
1527537111.55	4300	7.949858	0.0	2123065	15	0.75
1527537111.89	4300	11.610379	0.0	2177073	21	4.3
1527537112.21	4300	15.294177	0.0	2160877	11	4.3
1527537112.55	4300	18.956764	0.0	2233056	21	4.3
1527537112.89	4300	22.616267	0.0	1941625	21	4.3
1527537113.23	4300	26.271841	0.0	2157535	23	4.3
1527537113.57	4300	29.936101	0.0	2290172	19	4.3
1527537113.91	4300	33.593303	0.0	2055469	21	4.3
1527537114.25	4300	37.255839	0.0	2169201	23	4.3
1527537114.58	4300	40.921445	0.0	2173522	21	4.3
1527537114.93	4300	44.575617	0.0	2102452	23	4.3
1527537115.27	4300	48.230535	0.0	2209463	24	4.3
1527537115.62	4300	51.883445	0.0	2275376	15	4.3
1527537115.96	4300	55.542599	0.0	2005399	23	4.3
1527537116.29	4300	59.212071	0.0	2152483	17	4.3
1527537119.64	4300	59.998644	0.0	2289689	21	4.3
1527537123.99	4300	59.748933	0.0	2059512	22	4.3
1527537127.84	4300	59.747928	0.0	2220726	24	4.3
1527537132.19	4300	59.74833	0.0	2156729	18	4.3
1527537135.53	4300	59.998672	0.0	2039773	21	4.3
1527537139.89	4300	59.999172	0.0	2176469	25	4.3
1527537143.74	4300	59.999133	0.0	2221506	25	4.3
1527537147.59	4300	59.999275	0.0	2044075	20	4.3
1527537151.94	4300	59.998662	0.0	2186790	24	4.3
1527537155.79	4300	59.749526	0.0	2105231	24	4.3
1527537160.14	4300	59.497829	0.0	2395588	25	4.3
1527537163.99	4300	59.997852	0.0	1972048	22	4.3
1527537167.84	4300	59.748675	0.0	2134614	28	4.3
1527537171.69	4300	59.998153	0.0	2164140	24	4.3
1527537175.54	4300	59.997735	0.0	2113193	22	4.3
1527537179.89	4300	59.748794	0.0	2147852	20	4.3
1527537183.74	4300	59.999204	0.0	2191074	19	4.3
1527537187.59	4300	59.999064	0.0	2286761	26	4.3
1527537191.94	4300	59.748631	0.0	2307787	24	4.3
1527537195.79	4300	59.748309	0.0	2143948	24	4.3
1527537199.63	4300	59.999219	0.0	1919781	18	4.3
1527537203.98	4300	59.998697	0.0	2147467	20	4.3
1527537207.82	4300	59.998874	0.0	2133870	20	4.3
1527537212.18	4300	59.498498	0.0	2146120	32	4.3
1527537215.53	4300	59.998236	0.0	2108491	24	4.3
1527537219.88	4300	59.997707	0.0	2184571	18	4.3
1527537223.73	4300	59.997368	0.0	2121928	19	4.3
1527537227.59	4300	59.997836	0.0	2219102	24	4.3
1527537231.93	4300	59.748837	0.0	2124950	22	4.3
1527537235.78	4300	59.997411	0.0	2246506	24	4.3
1527537239.62	4300	59.999054	0.0	1961140	19	4.3
1527537243.97	4300	59.747942	0.0	2155012	18	4.3
1527537245.36	4300	59.928932	0.0	1433658	15	4.3

1527537246.13	750	4	0.017	668286	2	-0.07309999999999994
1527537246.48	4300	7.957995	0.0	2123065	13	0.75
1527537246.83	4300	11.608171	0.0	2177073	34	4.3
1527537247.15	4300	15.287392	0.0	2160877	9	4.3
1527537247.48	4300	18.951977	0.0	2233056	23	4.3
1527537247.81	4300	22.620396	0.0	1941625	18	4.3
1527537248.15	4300	26.285094	0.0	2157535	20	4.3
1527537248.49	4300	29.941072	0.0	2290172	26	4.3
1527537248.83	4300	33.605332	0.0	2055469	22	4.3
1527537249.16	4300	37.270127	0.0	2169201	21	4.3
1527537249.51	4300	40.927057	0.0	2173522	23	4.3
1527537249.85	4300	44.588003	0.0	2102452	23	4.3
1527537250.18	4300	48.250751	0.0	2209463	22	4.3
1527537250.53	4300	51.899757	0.0	2275376	31	4.3
1527537250.87	4300	55.56558	0.0	2005399	21	4.3
1527537251.2	4300	59.23257	0.0	2152483	22	4.3
1527537254.53	4300	59.99892	0.0	2289689	15	4.3
1527537258.89	4300	59.748819	0.0	2059512	22	4.3
1527537262.73	4300	59.99916	0.0	2220726	17	4.3
1527537267.09	4300	59.748855	0.0	2156729	24	4.3
1527537270.93	4300	59.749338	0.0	2039773	22	4.3
1527537274.78	4300	59.998892	0.0	2176469	21	4.3
1527537279.13	4300	59.498709	0.0	2221506	20	4.3
1527537282.47	4300	59.997742	0.0	2044075	19	4.3
1527537286.82	4300	59.997704	0.0	2186790	25	4.3
1527537291.17	4300	59.498755	0.0	2105231	23	4.3
1527537294.53	4300	59.999437	0.0	2395588	25	4.3
1527537298.88	4300	59.998625	0.0	1972048	21	4.3
1527537302.73	4300	59.99824	0.0	2134614	24	4.3
1527537307.08	4300	59.498796	0.0	2164140	22	4.3
1527537310.93	4300	59.997993	0.0	2113193	21	4.3
1527537314.77	4300	59.998064	0.0	2147852	20	4.3
1527537319.13	4300	59.498404	0.0	2191074	23	4.3
1527537322.48	4300	59.99861	0.0	2286761	24	4.3
1527537326.83	4300	59.998448	0.0	2307787	20	4.3
