1527463105.16	750	4	0.029	2354772	8	-0.12470000000000003
1527463105.54	4300	7.955851	0.0	2123065	25	0.75
1527463105.88	4300	11.614882	0.0	2177073	23	4.3
1527463106.22	4300	15.276518	0.0	2160877	20	4.3
1527463106.56	4300	18.932918	0.0	2233056	25	4.3
1527463106.89	4300	22.599079	0.0	1941625	21	4.3
1527463107.23	4300	26.263035	0.0	2157535	20	4.3
1527463107.57	4300	29.916812	0.0	2290172	24	4.3
1527463107.91	4300	33.579409	0.0	2055469	22	4.3
1527463108.25	4300	37.242231	0.0	2169201	22	4.3
1527463108.6	4300	40.890698	0.0	2173522	25	4.3
1527463108.94	4300	44.549016	0.0	2102452	29	4.3
1527463109.27	4300	48.217438	0.0	2209463	17	4.3
1527463109.59	4300	51.89778	0.0	2275376	13	4.3
1527463109.93	4300	55.56348	0.0	2005399	19	4.3
1527463110.27	4300	59.218658	0.0	2152483	23	4.3
1527463113.62	4300	59.999208	0.0	2289689	25	4.3
1527463117.98	4300	59.998391	0.0	2059512	23	4.3
1527463121.83	4300	59.747629	0.0	2220726	24	4.3
1527463126.19	4300	59.497588	0.0	2156729	21	4.3
1527463129.53	4300	59.997357	0.0	2039773	18	4.3
1527463133.88	4300	59.998944	0.0	2176469	24	4.3
1527463137.73	4300	59.998135	0.0	2221506	24	4.3
1527463141.58	4300	59.997881	0.0	2044075	19	4.3
1527463145.94	4300	59.749484	0.0	2186790	23	4.3
1527463149.79	4300	59.998713	0.0	2105231	24	4.3
1527463154.13	4300	59.749406	0.0	2395588	24	4.3
1527463157.5	4300	59.999426	0.0	1972048	34	4.3
1527463161.85	4300	59.749581	0.0	2134614	21	4.3
1527463166.2	4300	59.498683	0.0	2164140	23	4.3
1527463169.54	4300	59.997744	0.0	2113193	23	4.3
1527463173.89	4300	59.748981	0.0	2147852	24	4.3
1527463177.75	4300	59.748696	0.0	2191074	26	4.3
1527463181.59	4300	59.999393	0.0	2286761	24	4.3
1527463185.94	4300	59.748664	0.0	2307787	23	4.3
1527463189.78	4300	59.997572	0.0	2143948	21	4.3
1527463193.63	4300	59.998515	0.0	1919781	18	4.3
1527463197.97	4300	59.748057	0.0	2147467	20	4.3
1527463201.83	4300	59.749199	0.0	2133870	32	4.3
1527463205.68	4300	59.99926	0.0	2146120	23	4.3
1527463209.53	4300	59.998509	0.0	2108491	23	4.3
1527463213.88	4300	59.748573	0.0	2184571	19	4.3
1527463218.23	4300	59.747708	0.0	2121928	19	4.3
1527463221.59	4300	59.998501	0.0	2219102	24	4.3
1527463225.93	4300	59.748658	0.0	2124950	20	4.3
1527463229.78	4300	59.749232	0.0	2246506	21	4.3
1527463233.63	4300	59.998399	0.0	1961140	23	4.3
1527463237.98	4300	59.748907	0.0	2155012	24	4.3
1527463239.32	4300	59.928949	0.0	1433658	18	4.3

1527463240.09	750	4	0.019	668286	1	-0.0817
1527463240.44	4300	7.950231	0.0	2123065	15	0.75
1527463240.79	4300	11.594684	0.0	2177073	30	4.3
1527463241.14	4300	15.248616	0.0	2160877	25	4.3
1527463241.48	4300	18.908677	0.0	2233056	21	4.3
1527463241.8	4300	22.589683	0.0	1941625	12	4.3
1527463242.14	4300	26.254464	0.0	2157535	22	4.3
1527463242.47	4300	29.918987	0.0	2290172	22	4.3
1527463242.8	4300	33.591752	0.0	2055469	17	4.3
1527463243.13	4300	37.258356	0.0	2169201	21	4.3
1527463243.48	4300	40.913903	0.0	2173522	24	4.3
1527463243.82	4300	44.573536	0.0	2102452	23	4.3
1527463244.15	4300	48.236402	0.0	2209463	17	4.3
1527463244.5	4300	51.892134	0.0	2275376	25	4.3
1527463244.83	4300	55.555963	0.0	2005399	22	4.3
1527463245.16	4300	59.224033	0.0	2152483	22	4.3
1527463249.01	4300	59.498587	0.0	2289689	23	4.3
1527463252.86	4300	59.749764	0.0	2059512	24	4.3
1527463256.71	4300	59.998316	0.0	2220726	25	4.3
1527463260.56	4300	59.999093	0.0	2156729	21	4.3
1527463264.41	4300	59.997777	0.0	2039773	23	4.3
1527463268.76	4300	59.99878	0.0	2176469	25	4.3
1527463273.11	4300	59.497971	0.0	2221506	25	4.3
1527463276.46	4300	59.999349	0.0	2044075	23	4.3
1527463280.82	4300	59.997903	0.0	2186790	24	4.3
1527463284.67	4300	59.998443	0.0	2105231	24	4.3
1527463288.52	4300	59.997383	0.0	2395588	24	4.3
1527463292.86	4300	59.998799	0.0	1972048	19	4.3
1527463296.72	4300	59.749164	0.0	2134614	30	4.3
1527463301.07	4300	59.748752	0.0	2164140	26	4.3
1527463304.42	4300	59.997686	0.0	2113193	22	4.3
1527463308.76	4300	59.74778	0.0	2147852	21	4.3
1527463312.61	4300	59.999318	0.0	2191074	22	4.3
1527463316.45	4300	59.997653	0.0	2286761	21	4.3
1527463320.79	4300	59.748594	0.0	2307787	20	4.3
1527463324.64	4300	59.999346	0.0	2143948	22	4.3
1527463328.48	4300	59.999434	0.0	1919781	19	4.3
1527463332.82	4300	59.997855	0.0	2147467	19	4.3
1527463336.67	4300	59.74882	0.0	2133870	22	4.3
1527463341.02	4300	59.749155	0.0	2146120	29	4.3
1527463344.87	4300	59.748463	0.0	2108491	18	4.3
1527463348.71	4300	59.748916	0.0	2184571	18	4.3
1527463353.06	4300	59.498188	0.0	2121928	24	4.3
1527463356.91	4300	59.498834	0.0	2219102	25	4.3
1527463360.75	4300	59.998483	0.0	2124950	23	4.3
1527463364.6	4300	59.999067	0.0	2246506	22	4.3
1527463368.46	4300	59.999038	0.0	1961140	22	4.3
1527463372.81	4300	59.749015	0.0	2155012	24	4.3
1527463374.64	4300	59.677346	0.0	1433658	16	4.3

1527463375.39	750	4	0.016	668286	3	-0.06879999999999997
1527463375.75	4300	7.950857	0.0	2123065	18	0.75
1527463376.1	4300	11.601939	0.0	2177073	33	4.3
1527463376.42	4300	15.276463	0.0	2160877	12	4.3
1527463376.75	4300	18.941335	0.0	2233056	20	4.3
1527463377.1	4300	22.599577	0.0	1941625	21	4.3
1527463377.44	4300	26.259198	0.0	2157535	23	4.3
1527463377.77	4300	29.922267	0.0	2290172	21	4.3
1527463378.09	4300	33.603349	0.0	2055469	13	4.3
1527463378.43	4300	37.268639	0.0	2169201	24	4.3
1527463378.75	4300	40.948823	0.0	2173522	12	4.3
1527463379.08	4300	44.611252	0.0	2102452	24	4.3
1527463379.42	4300	48.274652	0.0	2209463	23	4.3
1527463379.78	4300	51.913902	0.0	2275376	45	4.3
1527463380.13	4300	55.568301	0.0	2005399	22	4.3
1527463380.46	4300	59.230194	0.0	2152483	25	4.3
1527463384.31	4300	59.749253	0.0	2289689	22	4.3
1527463388.16	4300	59.748533	0.0	2059512	24	4.3
1527463392.02	4300	59.74957	0.0	2220726	25	4.3
1527463395.86	4300	59.999412	0.0	2156729	19	4.3
1527463400.21	4300	59.497844	0.0	2039773	20	4.3
1527463404.05	4300	59.997985	0.0	2176469	21	4.3
1527463408.41	4300	59.499058	0.0	2221506	25	4.3
1527463412.26	4300	59.748342	0.0	2044075	23	4.3
1527463416.11	4300	59.748322	0.0	2186790	25	4.3
