1527382852.74	750	4	0.029	2354772	6	-0.12470000000000003
1527382853.08	4300	7.963556	0.0	2123065	23	0.75
1527382853.41	4300	11.628339	0.0	2177073	17	4.3
1527382853.75	4300	15.293737	0.0	2160877	19	4.3
1527382854.09	4300	18.950643	0.0	2233056	26	4.3
1527382854.43	4300	22.611599	0.0	1941625	22	4.3
1527382854.76	4300	26.278669	0.0	2157535	20	4.3
1527382855.11	4300	29.933292	0.0	2290172	25	4.3
1527382855.45	4300	33.596495	0.0	2055469	22	4.3
1527382855.78	4300	37.258857	0.0	2169201	21	4.3
1527382856.12	4300	40.918714	0.0	2173522	20	4.3
1527382856.47	4300	44.573867	0.0	2102452	33	4.3
1527382856.81	4300	48.234424	0.0	2209463	14	4.3
1527382857.15	4300	51.891316	0.0	2275376	26	4.3
1527382857.49	4300	55.554423	0.0	2005399	22	4.3
1527382857.85	4300	59.196299	0.0	2152483	26	4.3
1527382861.7	4300	59.74824	0.0	2289689	22	4.3
1527382865.04	4300	59.99861	0.0	2059512	23	4.3
1527382869.4	4300	59.749112	0.0	2220726	29	4.3
1527382873.25	4300	59.997978	0.0	2156729	21	4.3
1527382877.1	4300	59.999499	0.0	2039773	24	4.3
1527382881.45	4300	59.998049	0.0	2176469	27	4.3
1527382885.3	4300	59.747367	0.0	2221506	25	4.3
1527382889.64	4300	59.747915	0.0	2044075	20	4.3
1527382893.49	4300	59.748741	0.0	2186790	23	4.3
1527382897.33	4300	59.998683	0.0	2105231	23	4.3
1527382901.68	4300	59.749284	0.0	2395588	23	4.3
1527382905.52	4300	59.998854	0.0	1972048	19	4.3
1527382909.38	4300	59.99913	0.0	2134614	30	4.3
1527382913.73	4300	59.748403	0.0	2164140	26	4.3
1527382917.08	4300	59.997744	0.0	2113193	22	4.3
1527382921.43	4300	59.998334	0.0	2147852	25	4.3
1527382925.78	4300	59.748256	0.0	2191074	27	4.3
1527382929.13	4300	59.999113	0.0	2286761	27	4.3
1527382933.48	4300	59.748571	0.0	2307787	21	4.3
1527382937.33	4300	59.747829	0.0	2143948	19	4.3
1527382941.17	4300	59.997995	0.0	1919781	22	4.3
1527382945.53	4300	59.747718	0.0	2147467	24	4.3
1527382949.38	4300	59.997807	0.0	2133870	23	4.3
1527382953.22	4300	59.998511	0.0	2146120	25	4.3
1527382957.07	4300	59.998285	0.0	2108491	21	4.3
1527382961.42	4300	59.748479	0.0	2184571	25	4.3
1527382965.27	4300	59.998007	0.0	2121928	26	4.3
1527382969.12	4300	59.997889	0.0	2219102	25	4.3
1527382973.46	4300	59.748901	0.0	2124950	23	4.3
1527382977.31	4300	59.747546	0.0	2246506	25	4.3
1527382981.15	4300	59.999139	0.0	1961140	19	4.3
1527382985.5	4300	59.748409	0.0	2155012	20	4.3
1527382987.34	4300	59.42777	0.0	1433658	19	4.3

1527382988.12	750	4	0.024	2354772	7	-0.10319999999999996
1527382988.46	4300	7.95588	0.0	2123065	26	0.75
1527382988.8	4300	11.619955	0.0	2177073	25	4.3
1527382989.13	4300	15.286741	0.0	2160877	21	4.3
1527382989.48	4300	18.938971	0.0	2233056	35	4.3
1527382989.82	4300	22.602327	0.0	1941625	22	4.3
1527382990.15	4300	26.267661	0.0	2157535	23	4.3
1527382990.5	4300	29.923367	0.0	2290172	25	4.3
1527382990.84	4300	33.584602	0.0	2055469	24	4.3
1527382991.17	4300	37.250217	0.0	2169201	23	4.3
1527382991.5	4300	40.915445	0.0	2173522	23	4.3
1527382991.84	4300	44.581677	0.0	2102452	20	4.3
1527382992.18	4300	48.236418	0.0	2209463	27	4.3
1527382992.53	4300	51.891628	0.0	2275376	26	4.3
1527382992.87	4300	55.553757	0.0	2005399	12	4.3
1527382993.21	4300	59.213224	0.0	2152483	26	4.3
1527382997.05	4300	59.498561	0.0	2289689	23	4.3
1527383000.9	4300	59.748866	0.0	2059512	19	4.3
1527383004.75	4300	59.998966	0.0	2220726	31	4.3
1527383008.6	4300	59.998737	0.0	2156729	24	4.3
1527383012.95	4300	59.499462	0.0	2039773	21	4.3
1527383016.79	4300	59.749535	0.0	2176469	23	4.3
1527383021.14	4300	59.49839	0.0	2221506	20	4.3
1527383024.98	4300	59.498563	0.0	2044075	20	4.3
1527383028.82	4300	59.749685	0.0	2186790	22	4.3
1527383032.68	4300	59.748795	0.0	2105231	26	4.3
1527383037.03	4300	59.74806	0.0	2395588	30	4.3
1527383040.88	4300	59.747984	0.0	1972048	24	4.3
1527383044.74	4300	59.748727	0.0	2134614	31	4.3
1527383048.59	4300	59.998678	0.0	2164140	27	4.3
1527383052.44	4300	59.998156	0.0	2113193	20	4.3
1527383056.8	4300	59.747859	0.0	2147852	23	4.3
1527383060.65	4300	59.998178	0.0	2191074	25	4.3
1527383064.99	4300	59.498271	0.0	2286761	25	4.3
1527383068.84	4300	59.748389	0.0	2307787	27	4.3
1527383072.69	4300	59.998961	0.0	2143948	21	4.3
1527383077.04	4300	59.498605	0.0	1919781	23	4.3
1527383080.9	4300	59.997696	0.0	2147467	24	4.3
1527383084.75	4300	59.998709	0.0	2133870	24	4.3
1527383089.11	4300	59.747427	0.0	2146120	37	4.3
1527383092.46	4300	59.997877	0.0	2108491	23	4.3
1527383096.81	4300	59.749068	0.0	2184571	24	4.3
1527383100.67	4300	59.998537	0.0	2121928	24	4.3
1527383105.02	4300	59.497206	0.0	2219102	23	4.3
1527383108.88	4300	59.997751	0.0	2124950	16	4.3
1527383112.73	4300	59.997363	0.0	2246506	27	4.3
1527383117.07	4300	59.749019	0.0	1961140	21	4.3
1527383120.92	4300	59.747729	0.0	2155012	26	4.3
1527383122.25	4300	59.927806	0.0	1433658	17	4.3

1527383123.01	750	4	0.024	2354772	9	-0.10319999999999996
1527383123.35	4300	7.960538	0.0	2123065	26	0.75
1527383123.69	4300	11.624887	0.0	2177073	22	4.3
1527383124.02	4300	15.293409	0.0	2160877	19	4.3
1527383124.37	4300	18.944893	0.0	2233056	38	4.3
1527383124.7	4300	22.610513	0.0	1941625	22	4.3
1527383125.01	4300	26.302832	0.0	2157535	7	4.3
1527383125.35	4300	29.960258	0.0	2290172	26	4.3
1527383125.69	4300	33.621407	0.0	2055469	24	4.3
1527383126.01	4300	37.302635	0.0	2169201	13	4.3
1527383126.35	4300	40.964027	0.0	2173522	25	4.3
1527383126.68	4300	44.628783	0.0	2102452	21	4.3
1527383127.02	4300	48.294043	0.0	2209463	22	4.3
1527383127.37	4300	51.942781	0.0	2275376	27	4.3
1527383127.71	4300	55.60823	0.0	2005399	11	4.3
1527383128.04	4300	59.274977	0.0	2152483	22	4.3
1527383131.38	4300	59.998579	0.0	2289689	21	4.3
1527383135.73	4300	59.74777	0.0	2059512	23	4.3
1527383139.59	4300	59.749205	0.0	2220726	37	4.3
1527383143.93	4300	59.498615	0.0	2156729	19	4.3
1527383147.77	4300	59.748363	0.0	2039773	23	4.3
1527383151.62	4300	59.748755	0.0	2176469	28	4.3
1527383155.48	4300	59.998454	0.0	2221506	26	4.3
1527383159.32	4300	59.997953	0.0	2044075	23	4.3
1527383163.67	4300	59.747831	0.0	2186790	22	4.3
1527383167.52	4300	59.998621	0.0	2105231	23	4.3
1527383171.86	4300	59.748732	0.0	2395588	23	4.3
1527383175.71	4300	59.749549	0.0	1972048	21	4.3
1527383180.07	4300	59.248795	0.0	2134614	31	4.3
1527383183.42	4300	59.998823	0.0	2164140	25	4.3
1527383187.77	4300	59.747691	0.0	2113193	25	4.3
1527383191.63	4300	59.748961	0.0	2147852	24	4.3
1527383195.97	4300	59.498608	0.0	2191074	26	4.3
1527383199.32	4300	59.997443	0.0	2286761	25	4.3
1527383203.68	4300	59.997815	0.0	2307787	25	4.3
1527383208.03	4300	59.748251	0.0	2143948	27	4.3
1527383211.37	4300	59.997542	0.0	1919781	22	4.3
1527383215.72	4300	59.748347	0.0	2147467	21	4.3
1527383219.57	4300	59.748539	0.0	2133870	21	4.3
