1527381029.01	750	4	0.024	2354772	9	-0.10319999999999996
1527381029.41	4300	7.954486	0.0	2123065	24	0.75
1527381029.79	4300	11.571251	0.0	2177073	18	4.3
1527381030.17	4300	15.193952	0.0	2160877	21	4.3
1527381030.55	4300	18.808116	0.0	2233056	24	4.3
1527381030.94	4300	22.420348	0.0	1941625	26	4.3
1527381031.33	4300	26.030654	0.0	2157535	26	4.3
1527381031.72	4300	29.640709	0.0	2290172	27	4.3
1527381032.11	4300	33.253236	0.0	2055469	22	4.3
1527381032.5	4300	36.864488	0.0	2169201	25	4.3
1527381032.88	4300	40.477314	0.0	2173522	19	4.3
1527381033.27	4300	44.087512	0.0	2102452	27	4.3
1527381033.65	4300	47.709119	0.0	2209463	19	4.3
1527381034.04	4300	51.325736	0.0	2275376	23	4.3
1527381034.41	4300	54.954131	0.0	2005399	13	4.3
1527381034.77	4300	58.585102	0.0	2152483	6	4.3
1527381037.68	4300	59.748131	0.0	2289689	24	4.3
1527381042.07	4300	59.498491	0.0	2059512	22	4.3
1527381045.47	4300	59.998011	0.0	2220726	24	4.3
1527381049.37	4300	59.999168	0.0	2156729	24	4.3
1527381053.76	4300	59.99896	0.0	2039773	20	4.3
1527381057.65	4300	59.749671	0.0	2176469	18	4.3
1527381062.07	4300	59.499414	0.0	2221506	23	4.3
1527381065.46	4300	59.998529	0.0	2044075	21	4.3
1527381069.85	4300	59.748137	0.0	2186790	23	4.3
1527381073.75	4300	59.998705	0.0	2105231	24	4.3
1527381077.65	4300	59.748296	0.0	2395588	31	4.3
1527381081.55	4300	59.998633	0.0	1972048	23	4.3
1527381085.45	4300	59.997621	0.0	2134614	24	4.3
1527381089.85	4300	59.748143	0.0	2164140	25	4.3
1527381093.74	4300	59.749005	0.0	2113193	22	4.3
1527381097.64	4300	59.748079	0.0	2147852	23	4.3
1527381101.53	4300	59.998572	0.0	2191074	25	4.3
1527381105.43	4300	59.998665	0.0	2286761	26	4.3
1527381109.83	4300	59.748755	0.0	2307787	26	4.3
1527381113.71	4300	59.748716	0.0	2143948	23	4.3
1527381118.11	4300	59.498383	0.0	1919781	22	4.3
1527381121.51	4300	59.99911	0.0	2147467	25	4.3
1527381125.42	4300	59.998565	0.0	2133870	24	4.3
1527381129.82	4300	59.998403	0.0	2146120	24	4.3
1527381133.71	4300	59.748425	0.0	2108491	22	4.3
1527381137.6	4300	59.99747	0.0	2184571	21	4.3
1527381142.0	4300	59.748033	0.0	2121928	25	4.3
1527381145.4	4300	59.998744	0.0	2219102	24	4.3
1527381149.8	4300	59.997386	0.0	2124950	24	4.3
1527381153.68	4300	59.748938	0.0	2246506	23	4.3
1527381157.57	4300	59.998376	0.0	1961140	22	4.3
1527381161.44	4300	59.999003	0.0	2155012	24	4.3
1527381163.29	4300	59.927742	0.0	1433658	17	4.3

1527381164.05	750	4	0.015	668286	3	-0.0645
1527381164.45	4300	7.942336	0.0	2123065	24	0.75
1527381164.84	4300	11.555652	0.0	2177073	24	4.3
1527381165.22	4300	15.16659	0.0	2160877	26	4.3
1527381165.63	4300	18.763209	0.0	2233056	40	4.3
1527381166.0	4300	22.385854	0.0	1941625	22	4.3
1527381166.39	4300	25.999878	0.0	2157535	22	4.3
1527381166.78	4300	29.609029	0.0	2290172	25	4.3
1527381167.17	4300	33.221813	0.0	2055469	23	4.3
1527381167.56	4300	36.831525	0.0	2169201	25	4.3
1527381167.95	4300	40.441538	0.0	2173522	24	4.3
1527381168.33	4300	44.061613	0.0	2102452	18	4.3
1527381168.71	4300	47.680209	0.0	2209463	21	4.3
1527381169.1	4300	51.288781	0.0	2275376	27	4.3
1527381169.49	4300	54.903181	0.0	2005399	14	4.3
1527381169.87	4300	58.517115	0.0	2152483	24	4.3
1527381172.77	4300	59.749163	0.0	2289689	26	4.3
1527381176.66	4300	59.748953	0.0	2059512	22	4.3
1527381180.56	4300	59.998793	0.0	2220726	25	4.3
1527381184.96	4300	59.499766	0.0	2156729	24	4.3
1527381188.86	4300	59.999323	0.0	2039773	23	4.3
1527381192.76	4300	59.74929	0.0	2176469	29	4.3
1527381196.66	4300	59.748962	0.0	2221506	27	4.3
1527381200.56	4300	59.998939	0.0	2044075	23	4.3
1527381204.95	4300	59.498494	0.0	2186790	18	4.3
1527381208.85	4300	59.748838	0.0	2105231	18	4.3
1527381212.75	4300	59.998421	0.0	2395588	28	4.3
1527381216.64	4300	59.997708	0.0	1972048	22	4.3
1527381220.54	4300	59.998735	0.0	2134614	24	4.3
1527381224.94	4300	59.498731	0.0	2164140	25	4.3
1527381228.83	4300	59.998191	0.0	2113193	21	4.3
1527381232.72	4300	59.748905	0.0	2147852	25	4.3
1527381236.62	4300	59.999396	0.0	2191074	25	4.3
1527381241.02	4300	59.748268	0.0	2286761	25	4.3
1527381244.91	4300	59.748699	0.0	2307787	22	4.3
1527381248.81	4300	59.749591	0.0	2143948	25	4.3
1527381252.7	4300	59.997804	0.0	1919781	20	4.3
1527381256.6	4300	59.999466	0.0	2147467	23	4.3
1527381260.5	4300	59.99937	0.0	2133870	22	4.3
1527381264.9	4300	59.74871	0.0	2146120	25	4.3
1527381268.79	4300	59.748735	0.0	2108491	23	4.3
1527381272.68	4300	59.749019	0.0	2184571	23	4.3
1527381276.58	4300	59.999443	0.0	2121928	22	4.3
1527381280.99	4300	59.747532	0.0	2219102	27	4.3
1527381284.88	4300	59.998049	0.0	2124950	20	4.3
1527381288.77	4300	59.998053	0.0	2246506	25	4.3
