1527508070.45	750	4	0.019	450283	2	-0.0817
1527508070.84	4300	7.946853	0.0	2123065	25	0.75
1527508071.17	4300	11.611765	0.0	2177073	17	4.3
1527508071.51	4300	15.275945	0.0	2160877	19	4.3
1527508071.85	4300	18.932891	0.0	2233056	25	4.3
1527508072.17	4300	22.615463	0.0	1941625	11	4.3
1527508072.51	4300	26.27184	0.0	2157535	25	4.3
1527508072.85	4300	29.93619	0.0	2290172	21	4.3
1527508073.18	4300	33.60291	0.0	2055469	19	4.3
1527508073.51	4300	37.277113	0.0	2169201	13	4.3
1527508073.85	4300	40.936349	0.0	2173522	21	4.3
1527508074.19	4300	44.593372	0.0	2102452	23	4.3
1527508074.53	4300	48.250612	0.0	2209463	24	4.3
1527508074.88	4300	51.903644	0.0	2275376	16	4.3
1527508075.22	4300	55.567286	0.0	2005399	22	4.3
1527508075.55	4300	59.231707	0.0	2152483	20	4.3
1527508078.91	4300	59.999365	0.0	2289689	27	4.3
1527508083.25	4300	59.748895	0.0	2059512	16	4.3
1527508087.1	4300	59.748782	0.0	2220726	22	4.3
1527508091.45	4300	59.498686	0.0	2156729	19	4.3
1527508095.29	4300	59.747894	0.0	2039773	19	4.3
1527508099.15	4300	59.74787	0.0	2176469	26	4.3
1527508103.0	4300	59.998136	0.0	2221506	23	4.3
1527508106.84	4300	59.998366	0.0	2044075	21	4.3
1527508111.19	4300	59.748828	0.0	2186790	19	4.3
1527508115.01	4300	59.998423	0.0	2105231	7	4.3
1527508118.86	4300	59.99726	0.0	2395588	28	4.3
1527508123.24	4300	59.747603	0.0	1972048	23	4.3
1527508127.1	4300	59.999096	0.0	2134614	32	4.3
1527508130.95	4300	59.998787	0.0	2164140	26	4.3
1527508135.3	4300	59.498707	0.0	2113193	24	4.3
1527508139.15	4300	59.749212	0.0	2147852	25	4.3
1527508142.99	4300	59.999217	0.0	2191074	23	4.3
1527508146.84	4300	59.99833	0.0	2286761	20	4.3
1527508151.2	4300	59.998635	0.0	2307787	25	4.3
1527508155.05	4300	59.997539	0.0	2143948	24	4.3
1527508159.39	4300	59.498639	0.0	1919781	17	4.3
1527508163.24	4300	59.748961	0.0	2147467	22	4.3
1527508167.09	4300	59.748076	0.0	2133870	19	4.3
1527508170.95	4300	59.998581	0.0	2146120	25	4.3
1527508175.3	4300	59.498669	0.0	2108491	20	4.3
1527508179.15	4300	59.748474	0.0	2184571	27	4.3
1527508183.0	4300	59.998657	0.0	2121928	23	4.3
1527508186.85	4300	59.997731	0.0	2219102	25	4.3
1527508191.2	4300	59.74715	0.0	2124950	19	4.3
1527508195.05	4300	59.74761	0.0	2246506	20	4.3
1527508199.4	4300	59.498304	0.0	1961140	20	4.3
1527508203.26	4300	59.997346	0.0	2155012	25	4.3
1527508204.59	4300	59.928557	0.0	1433658	16	4.3

1527508205.34	750	4	0.018	668286	2	-0.07740000000000002
1527508205.69	4300	7.949975	0.0	2123065	24	0.75
1527508206.02	4300	11.614825	0.0	2177073	22	4.3
1527508206.36	4300	15.283256	0.0	2160877	16	4.3
1527508206.69	4300	18.950076	0.0	2233056	20	4.3
1527508207.03	4300	22.612564	0.0	1941625	21	4.3
1527508207.38	4300	26.257285	0.0	2157535	39	4.3
1527508207.72	4300	29.915211	0.0	2290172	24	4.3
1527508208.05	4300	33.59304	0.0	2055469	12	4.3
1527508208.39	4300	37.252731	0.0	2169201	23	4.3
1527508208.72	4300	40.918776	0.0	2173522	22	4.3
1527508209.05	4300	44.585609	0.0	2102452	21	4.3
1527508209.39	4300	48.246201	0.0	2209463	20	4.3
1527508209.72	4300	51.921242	0.0	2275376	15	4.3
1527508210.04	4300	55.600953	0.0	2005399	15	4.3
1527508210.37	4300	59.265163	0.0	2152483	31	4.3
1527508213.72	4300	59.99887	0.0	2289689	22	4.3
1527508218.07	4300	59.998173	0.0	2059512	24	4.3
1527508221.92	4300	59.749698	0.0	2220726	26	4.3
1527508225.76	4300	59.998371	0.0	2156729	22	4.3
1527508230.11	4300	59.749451	0.0	2039773	20	4.3
1527508233.95	4300	59.998741	0.0	2176469	19	4.3
1527508237.79	4300	59.999313	0.0	2221506	16	4.3
1527508242.13	4300	59.748442	0.0	2044075	20	4.3
1527508245.98	4300	59.998922	0.0	2186790	24	4.3
1527508250.34	4300	59.498345	0.0	2105231	23	4.3
1527508253.69	4300	59.997977	0.0	2395588	27	4.3
1527508258.04	4300	59.748849	0.0	1972048	20	4.3
1527508261.89	4300	59.999391	0.0	2134614	22	4.3
1527508265.72	4300	59.999217	0.0	2164140	15	4.3
1527508270.07	4300	59.749277	0.0	2113193	20	4.3
1527508273.91	4300	59.748743	0.0	2147852	21	4.3
1527508277.75	4300	59.998711	0.0	2191074	20	4.3
1527508282.1	4300	59.748825	0.0	2286761	19	4.3
1527508285.95	4300	59.74894	0.0	2307787	22	4.3
1527508290.3	4300	59.498438	0.0	2143948	25	4.3
1527508294.14	4300	59.9988	0.0	1919781	15	4.3
1527508297.98	4300	59.99845	0.0	2147467	19	4.3
1527508301.82	4300	59.998269	0.0	2133870	18	4.3
1527508305.72	4300	59.999339	0.0	2146120	24	4.3
1527508310.08	4300	59.998645	0.0	2108491	23	4.3
1527508313.93	4300	59.99773	0.0	2184571	25	4.3
1527508317.77	4300	59.998163	0.0	2121928	24	4.3
1527508322.12	4300	59.748525	0.0	2219102	19	4.3
1527508325.96	4300	59.748607	0.0	2124950	24	4.3
1527508330.3	4300	59.498906	0.0	2246506	12	4.3
1527508334.15	4300	59.498747	0.0	1961140	23	4.3
1527508337.97	4300	59.997451	0.0	2155012	12	4.3
1527508339.81	4300	59.92771	0.0	1433658	16	4.3

1527508340.6	750	4	0.016	668286	2	-0.06879999999999997
1527508340.95	4300	7.950997	0.0	2123065	17	0.75
1527508341.29	4300	11.607999	0.0	2177073	28	4.3
1527508341.61	4300	15.289503	0.0	2160877	10	4.3
1527508341.95	4300	18.949838	0.0	2233056	26	4.3
1527508342.28	4300	22.617584	0.0	1941625	20	4.3
1527508342.62	4300	26.284905	0.0	2157535	20	4.3
1527508342.94	4300	29.958789	0.0	2290172	17	4.3
1527508343.28	4300	33.623862	0.0	2055469	20	4.3
1527508343.63	4300	37.277289	0.0	2169201	24	4.3
1527508343.96	4300	40.93905	0.0	2173522	23	4.3
1527508344.29	4300	44.615932	0.0	2102452	14	4.3
1527508344.63	4300	48.270355	0.0	2209463	23	4.3
1527508344.97	4300	51.929683	0.0	2275376	14	4.3
