1527495931.56	750	4	0.026	2354772	10	-0.11180000000000001
1527495931.9	4300	7.965681	0.0	2123065	20	0.75
1527495932.24	4300	11.619333	0.0	2177073	28	4.3
1527495932.57	4300	15.293219	0.0	2160877	16	4.3
1527495932.91	4300	18.956677	0.0	2233056	25	4.3
1527495933.22	4300	22.640963	0.0	1941625	11	4.3
1527495933.54	4300	26.323307	0.0	2157535	12	4.3
1527495933.87	4300	29.991528	0.0	2290172	22	4.3
1527495934.21	4300	33.656337	0.0	2055469	19	4.3
1527495934.55	4300	37.314412	0.0	2169201	24	4.3
1527495934.89	4300	40.969671	0.0	2173522	25	4.3
1527495935.23	4300	44.63041	0.0	2102452	12	4.3
1527495935.58	4300	48.288353	0.0	2209463	26	4.3
1527495935.91	4300	51.953932	0.0	2275376	24	4.3
1527495936.23	4300	55.635749	0.0	2005399	12	4.3
1527495936.57	4300	59.2966	0.0	2152483	24	4.3
1527495939.91	4300	59.999147	0.0	2289689	23	4.3
1527495944.26	4300	59.749495	0.0	2059512	23	4.3
1527495948.62	4300	59.498075	0.0	2220726	25	4.3
1527495951.96	4300	59.999222	0.0	2156729	25	4.3
1527495956.31	4300	59.748281	0.0	2039773	18	4.3
1527495960.14	4300	59.748066	0.0	2176469	15	4.3
1527495963.99	4300	59.999011	0.0	2221506	26	4.3
1527495968.33	4300	59.998597	0.0	2044075	20	4.3
1527495972.18	4300	59.749288	0.0	2186790	23	4.3
1527495976.52	4300	59.497892	0.0	2105231	21	4.3
1527495979.87	4300	59.999219	0.0	2395588	26	4.3
1527495984.22	4300	59.747956	0.0	1972048	23	4.3
1527495988.08	4300	59.998733	0.0	2134614	24	4.3
1527495991.92	4300	59.998915	0.0	2164140	21	4.3
1527495996.27	4300	59.747871	0.0	2113193	19	4.3
1527496000.61	4300	59.749213	0.0	2147852	24	4.3
1527496003.96	4300	59.998557	0.0	2191074	24	4.3
1527496008.31	4300	59.99783	0.0	2286761	26	4.3
1527496012.17	4300	59.998129	0.0	2307787	27	4.3
1527496016.01	4300	59.998894	0.0	2143948	24	4.3
1527496020.36	4300	59.749496	0.0	1919781	19	4.3
1527496024.2	4300	59.749047	0.0	2147467	20	4.3
1527496028.06	4300	59.998747	0.0	2133870	33	4.3
1527496031.91	4300	59.998084	0.0	2146120	25	4.3
1527496036.25	4300	59.997847	0.0	2108491	22	4.3
1527496040.1	4300	59.997903	0.0	2184571	26	4.3
1527496044.45	4300	59.498329	0.0	2121928	19	4.3
1527496048.3	4300	59.74824	0.0	2219102	22	4.3
1527496052.14	4300	59.748812	0.0	2124950	21	4.3
1527496056.49	4300	59.748147	0.0	2246506	25	4.3
1527496060.34	4300	59.749047	0.0	1961140	23	4.3
1527496064.19	4300	59.747549	0.0	2155012	24	4.3
1527496066.02	4300	59.928179	0.0	1433658	15	4.3

1527496066.78	750	4	0.025	2354772	7	-0.10750000000000004
1527496067.14	4300	7.943333	0.0	2123065	39	0.75
1527496067.47	4300	11.614623	0.0	2177073	11	4.3
1527496067.8	4300	15.280519	0.0	2160877	20	4.3
1527496068.14	4300	18.936549	0.0	2233056	25	4.3
1527496068.48	4300	22.60577	0.0	1941625	21	4.3
1527496068.81	4300	26.271486	0.0	2157535	23	4.3
1527496069.14	4300	29.937943	0.0	2290172	21	4.3
1527496069.46	4300	33.618605	0.0	2055469	13	4.3
1527496069.8	4300	37.282162	0.0	2169201	23	4.3
1527496070.12	4300	40.961383	0.0	2173522	15	4.3
1527496070.44	4300	44.641855	0.0	2102452	14	4.3
1527496070.78	4300	48.299099	0.0	2209463	25	4.3
1527496071.12	4300	51.961769	0.0	2275376	15	4.3
1527496071.44	4300	55.642175	0.0	2005399	14	4.3
1527496071.77	4300	59.306919	0.0	2152483	23	4.3
1527496075.6	4300	59.748012	0.0	2289689	13	4.3
1527496079.45	4300	59.749649	0.0	2059512	24	4.3
1527496083.8	4300	59.499512	0.0	2220726	25	4.3
1527496087.65	4300	59.498648	0.0	2156729	25	4.3
1527496091.49	4300	59.999159	0.0	2039773	22	4.3
1527496095.83	4300	59.499128	0.0	2176469	23	4.3
1527496099.18	4300	59.999127	0.0	2221506	24	4.3
1527496103.53	4300	59.749614	0.0	2044075	23	4.3
1527496107.38	4300	59.748579	0.0	2186790	23	4.3
1527496111.23	4300	59.998763	0.0	2105231	24	4.3
1527496115.58	4300	59.998202	0.0	2395588	24	4.3
1527496119.42	4300	59.748696	0.0	1972048	23	4.3
1527496123.78	4300	59.748169	0.0	2134614	34	4.3
1527496127.12	4300	59.999272	0.0	2164140	19	4.3
1527496131.47	4300	59.747991	0.0	2113193	26	4.3
1527496135.82	4300	59.498637	0.0	2147852	23	4.3
1527496139.17	4300	59.998602	0.0	2191074	24	4.3
1527496143.52	4300	59.997596	0.0	2286761	26	4.3
1527496147.38	4300	59.998626	0.0	2307787	26	4.3
1527496151.22	4300	59.99924	0.0	2143948	24	4.3
1527496155.56	4300	59.749486	0.0	1919781	20	4.3
1527496159.41	4300	59.998272	0.0	2147467	25	4.3
1527496163.25	4300	59.998573	0.0	2133870	22	4.3
1527496167.61	4300	59.747896	0.0	2146120	34	4.3
1527496171.45	4300	59.998105	0.0	2108491	20	4.3
1527496175.31	4300	59.998816	0.0	2184571	43	4.3
1527496179.15	4300	59.999136	0.0	2121928	22	4.3
1527496183.49	4300	59.748575	0.0	2219102	22	4.3
1527496187.34	4300	59.747845	0.0	2124950	26	4.3
1527496191.18	4300	59.997718	0.0	2246506	16	4.3
1527496195.52	4300	59.748137	0.0	1961140	23	4.3
1527496199.37	4300	59.998179	0.0	2155012	25	4.3
1527496201.2	4300	59.678871	0.0	1433658	19	4.3

1527496202.0	750	4	0.029	2354772	8	-0.12470000000000003
1527496202.33	4300	7.666013	0.0	2123065	14	0.75
1527496202.68	4300	11.321734	0.0	2177073	18	4.3
1527496203.01	4300	14.987085	0.0	2160877	21	4.3
1527496203.36	4300	18.63508	0.0	2233056	25	4.3
1527496203.7	4300	22.297142	0.0	1941625	29	4.3
1527496204.05	4300	25.953053	0.0	2157535	25	4.3
1527496204.38	4300	29.616273	0.0	2290172	26	4.3
1527496204.72	4300	33.280772	0.0	2055469	20	4.3
1527496205.04	4300	36.954709	0.0	2169201	16	4.3
1527496205.38	4300	40.622621	0.0	2173522	20	4.3
1527496205.71	4300	44.290712	0.0	2102452	19	4.3
1527496206.06	4300	47.945802	0.0	2209463	25	4.3
1527496206.39	4300	51.605552	0.0	2275376	25	4.3
1527496206.72	4300	55.278941	0.0	2005399	14	4.3
1527496207.06	4300	58.941605	0.0	2152483	12	4.3
1527496210.41	4300	59.998497	0.0	2289689	25	4.3
1527496214.26	4300	59.998533	0.0	2059512	21	4.3
1527496218.11	4300	59.998744	0.0	2220726	23	4.3
1527496222.46	4300	59.748538	0.0	2156729	26	4.3
1527496226.31	4300	59.748048	0.0	2039773	24	4.3
1527496230.66	4300	59.748988	0.0	2176469	21	4.3
1527496234.5	4300	59.748043	0.0	2221506	22	4.3
1527496238.35	4300	59.747734	0.0	2044075	22	4.3
1527496242.7	4300	59.497902	0.0	2186790	22	4.3
1527496246.03	4300	59.998135	0.0	2105231	19	4.3
1527496250.37	4300	59.748864	0.0	2395588	16	4.3
1527496254.21	4300	59.998651	0.0	1972048	22	4.3
1527496258.07	4300	59.998846	0.0	2134614	32	4.3
1527496262.42	4300	59.997587	0.0	2164140	24	4.3
1527496266.27	4300	59.997818	0.0	2113193	25	4.3
