1527482950.53	750	4	0.026	2354772	8	-0.11180000000000001
1527482950.87	4300	7.964715	0.0	2123065	22	0.75
1527482951.2	4300	11.631021	0.0	2177073	18	4.3
1527482951.53	4300	15.299796	0.0	2160877	19	4.3
1527482951.88	4300	18.953939	0.0	2233056	28	4.3
1527482952.21	4300	22.617851	0.0	1941625	24	4.3
1527482952.55	4300	26.283935	0.0	2157535	21	4.3
1527482952.88	4300	29.950057	0.0	2290172	21	4.3
1527482953.2	4300	33.628171	0.0	2055469	14	4.3
1527482953.53	4300	37.304679	0.0	2169201	15	4.3
1527482953.87	4300	40.95962	0.0	2173522	24	4.3
1527482954.22	4300	44.608475	0.0	2102452	35	4.3
1527482954.56	4300	48.271219	0.0	2209463	23	4.3
1527482954.9	4300	51.932324	0.0	2275376	19	4.3
1527482955.24	4300	55.594117	0.0	2005399	22	4.3
1527482955.59	4300	59.244305	0.0	2152483	17	4.3
1527482958.94	4300	59.999098	0.0	2289689	26	4.3
1527482963.28	4300	59.998737	0.0	2059512	20	4.3
1527482967.13	4300	59.998023	0.0	2220726	23	4.3
1527482970.97	4300	59.998795	0.0	2156729	19	4.3
1527482975.33	4300	59.748141	0.0	2039773	24	4.3
1527482979.18	4300	59.748858	0.0	2176469	26	4.3
1527482983.03	4300	59.999491	0.0	2221506	25	4.3
1527482986.86	4300	59.999384	0.0	2044075	20	4.3
1527482991.22	4300	59.998866	0.0	2186790	20	4.3
1527482995.56	4300	59.749386	0.0	2105231	20	4.3
1527482999.41	4300	59.498964	0.0	2395588	24	4.3
1527483003.26	4300	59.749205	0.0	1972048	21	4.3
1527483007.11	4300	59.99906	0.0	2134614	25	4.3
1527483010.94	4300	59.999278	0.0	2164140	10	4.3
1527483015.29	4300	59.747934	0.0	2113193	24	4.3
1527483019.15	4300	59.748004	0.0	2147852	25	4.3
1527483023.0	4300	59.999228	0.0	2191074	22	4.3
1527483026.85	4300	59.998472	0.0	2286761	25	4.3
1527483031.2	4300	59.748317	0.0	2307787	24	4.3
1527483035.05	4300	59.997715	0.0	2143948	26	4.3
1527483038.89	4300	59.998812	0.0	1919781	19	4.3
1527483043.24	4300	59.748953	0.0	2147467	19	4.3
1527483047.1	4300	59.748194	0.0	2133870	43	4.3
1527483050.95	4300	59.998381	0.0	2146120	24	4.3
1527483055.29	4300	59.998586	0.0	2108491	21	4.3
1527483059.14	4300	59.998849	0.0	2184571	25	4.3
1527483063.0	4300	59.99921	0.0	2121928	27	4.3
1527483067.35	4300	59.748583	0.0	2219102	25	4.3
1527483071.2	4300	59.74942	0.0	2124950	25	4.3
1527483075.54	4300	59.748676	0.0	2246506	23	4.3
1527483079.39	4300	59.748191	0.0	1961140	21	4.3
1527483083.23	4300	59.748514	0.0	2155012	20	4.3
1527483085.06	4300	59.678138	0.0	1433658	17	4.3

1527483085.81	750	4	0.025	2354772	7	-0.10750000000000004
1527483086.16	4300	7.952299	0.0	2123065	27	0.75
1527483086.49	4300	11.613079	0.0	2177073	27	4.3
1527483086.81	4300	15.295721	0.0	2160877	13	4.3
1527483087.15	4300	18.954759	0.0	2233056	27	4.3
1527483087.48	4300	22.623141	0.0	1941625	21	4.3
1527483087.8	4300	26.303349	0.0	2157535	15	4.3
1527483088.14	4300	29.9638	0.0	2290172	25	4.3
1527483088.48	4300	33.632089	0.0	2055469	23	4.3
1527483088.81	4300	37.299805	0.0	2169201	23	4.3
1527483089.14	4300	40.966264	0.0	2173522	21	4.3
1527483089.46	4300	44.646882	0.0	2102452	15	4.3
1527483089.8	4300	48.309588	0.0	2209463	27	4.3
1527483090.15	4300	51.959879	0.0	2275376	23	4.3
1527483090.47	4300	55.634337	0.0	2005399	17	4.3
1527483090.81	4300	59.296695	0.0	2152483	25	4.3
1527483094.66	4300	59.748272	0.0	2289689	24	4.3
1527483098.5	4300	59.748576	0.0	2059512	20	4.3
1527483102.34	4300	59.998576	0.0	2220726	22	4.3
1527483106.18	4300	59.998169	0.0	2156729	20	4.3
1527483110.52	4300	59.998719	0.0	2039773	19	4.3
1527483114.37	4300	59.998884	0.0	2176469	22	4.3
1527483118.21	4300	59.998917	0.0	2221506	21	4.3
1527483122.55	4300	59.748516	0.0	2044075	20	4.3
1527483126.4	4300	59.998291	0.0	2186790	26	4.3
1527483130.24	4300	59.998528	0.0	2105231	22	4.3
1527483134.58	4300	59.7481	0.0	2395588	22	4.3
1527483138.43	4300	59.998686	0.0	1972048	22	4.3
1527483142.29	4300	59.998834	0.0	2134614	28	4.3
1527483146.14	4300	59.999169	0.0	2164140	25	4.3
1527483150.48	4300	59.998201	0.0	2113193	22	4.3
1527483154.83	4300	59.498745	0.0	2147852	23	4.3
1527483158.68	4300	59.497645	0.0	2191074	26	4.3
1527483162.52	4300	59.74812	0.0	2286761	22	4.3
1527483166.38	4300	59.999184	0.0	2307787	26	4.3
1527483170.23	4300	59.997583	0.0	2143948	24	4.3
1527483174.59	4300	59.99901	0.0	1919781	23	4.3
1527483178.44	4300	59.998114	0.0	2147467	26	4.3
1527483182.28	4300	59.999049	0.0	2133870	24	4.3
1527483186.14	4300	59.999142	0.0	2146120	37	4.3
1527483190.49	4300	59.997919	0.0	2108491	24	4.3
1527483194.85	4300	59.748085	0.0	2184571	38	4.3
1527483198.7	4300	59.748845	0.0	2121928	24	4.3
1527483202.54	4300	59.998311	0.0	2219102	22	4.3
1527483206.39	4300	59.997964	0.0	2124950	19	4.3
1527483210.22	4300	59.997452	0.0	2246506	15	4.3
1527483214.56	4300	59.748918	0.0	1961140	19	4.3
1527483218.41	4300	59.997651	0.0	2155012	23	4.3
1527483220.24	4300	59.927701	0.0	1433658	18	4.3

1527483220.99	750	4	0.027	2354772	8	-0.11609999999999998
1527483221.32	4300	7.965818	0.0	2123065	20	0.75
1527483221.64	4300	11.647501	0.0	2177073	12	4.3
1527483221.98	4300	15.305533	0.0	2160877	26	4.3
1527483222.32	4300	18.966999	0.0	2233056	25	4.3
1527483222.66	4300	22.629288	0.0	1941625	23	4.3
1527483223.0	4300	26.292313	0.0	2157535	25	4.3
1527483223.33	4300	29.957631	0.0	2290172	23	4.3
1527483223.65	4300	33.63996	0.0	2055469	13	4.3
1527483223.99	4300	37.301508	0.0	2169201	25	4.3
1527483224.32	4300	40.968362	0.0	2173522	22	4.3
