1527439008.05	750	4	0.014	450283	2	-0.06020000000000003
1527439008.44	4300	7.952127	0.0	2123065	19	0.75
1527439008.83	4300	11.563823	0.0	2177073	24	4.3
1527439009.21	4300	15.18042	0.0	2160877	25	4.3
1527439009.61	4300	18.786665	0.0	2233056	22	4.3
1527439009.99	4300	22.402432	0.0	1941625	20	4.3
1527439010.38	4300	26.014132	0.0	2157535	23	4.3
1527439010.77	4300	29.624592	0.0	2290172	24	4.3
1527439011.16	4300	33.236229	0.0	2055469	22	4.3
1527439011.55	4300	36.84661	0.0	2169201	23	4.3
1527439011.94	4300	40.456732	0.0	2173522	25	4.3
1527439012.32	4300	44.075803	0.0	2102452	19	4.3
1527439012.71	4300	47.685171	0.0	2209463	20	4.3
1527439013.1	4300	51.297962	0.0	2275376	26	4.3
1527439013.48	4300	54.912578	0.0	2005399	22	4.3
1527439013.86	4300	58.528501	0.0	2152483	23	4.3
1527439016.76	4300	59.998072	0.0	2289689	28	4.3
1527439020.65	4300	59.748965	0.0	2059512	19	4.3
1527439025.04	4300	59.49907	0.0	2220726	26	4.3
1527439028.43	4300	59.999168	0.0	2156729	19	4.3
1527439032.84	4300	59.749023	0.0	2039773	23	4.3
1527439036.73	4300	59.748034	0.0	2176469	22	4.3
1527439041.14	4300	59.749217	0.0	2221506	24	4.3
1527439045.03	4300	59.749474	0.0	2044075	22	4.3
1527439048.93	4300	59.749358	0.0	2186790	25	4.3
1527439052.83	4300	59.748584	0.0	2105231	22	4.3
1527439056.73	4300	59.749627	0.0	2395588	26	4.3
1527439061.13	4300	59.749661	0.0	1972048	22	4.3
1527439064.53	4300	59.998981	0.0	2134614	22	4.3
1527439068.43	4300	59.999234	0.0	2164140	24	4.3
1527439072.83	4300	59.747732	0.0	2113193	24	4.3
1527439076.72	4300	59.997827	0.0	2147852	20	4.3
1527439080.62	4300	59.99866	0.0	2191074	26	4.3
1527439085.01	4300	59.748264	0.0	2286761	25	4.3
1527439088.91	4300	59.498645	0.0	2307787	17	4.3
1527439092.8	4300	59.749014	0.0	2143948	22	4.3
1527439097.2	4300	59.248807	0.0	1919781	21	4.3
1527439100.6	4300	59.999244	0.0	2147467	23	4.3
1527439104.5	4300	59.999416	0.0	2133870	24	4.3
1527439108.9	4300	59.498758	0.0	2146120	23	4.3
1527439112.8	4300	59.748788	0.0	2108491	23	4.3
1527439116.71	4300	59.748969	0.0	2184571	35	4.3
1527439120.6	4300	59.999092	0.0	2121928	23	4.3
1527439125.0	4300	59.498053	0.0	2219102	25	4.3
1527439128.89	4300	59.748485	0.0	2124950	18	4.3
1527439132.78	4300	59.749267	0.0	2246506	25	4.3
1527439136.66	4300	59.998279	0.0	1961140	19	4.3
1527439141.03	4300	59.747843	0.0	2155012	23	4.3
1527439142.87	4300	59.677999	0.0	1433658	17	4.3

1527439143.61	750	4	0.017	668286	3	-0.07309999999999994
1527439144.0	4300	7.957276	0.0	2123065	15	0.75
1527439144.38	4300	11.578809	0.0	2177073	16	4.3
1527439144.76	4300	15.1967	0.0	2160877	22	4.3
1527439145.14	4300	18.8129	0.0	2233056	25	4.3
1527439145.53	4300	22.424089	0.0	1941625	23	4.3
1527439145.92	4300	26.035651	0.0	2157535	24	4.3
1527439146.3	4300	29.65593	0.0	2290172	18	4.3
1527439146.68	4300	33.276792	0.0	2055469	20	4.3
1527439147.06	4300	36.892765	0.0	2169201	24	4.3
1527439147.45	4300	40.506071	0.0	2173522	25	4.3
1527439147.82	4300	44.132793	0.0	2102452	18	4.3
1527439148.21	4300	47.750559	0.0	2209463	24	4.3
1527439148.59	4300	51.362682	0.0	2275376	26	4.3
1527439148.98	4300	54.972137	0.0	2005399	24	4.3
1527439149.38	4300	58.581904	0.0	2152483	21	4.3
1527439152.27	4300	59.749319	0.0	2289689	25	4.3
1527439156.66	4300	59.498842	0.0	2059512	21	4.3
1527439160.56	4300	59.749255	0.0	2220726	24	4.3
1527439164.46	4300	59.998828	0.0	2156729	24	4.3
1527439168.34	4300	59.749044	0.0	2039773	18	4.3
1527439172.24	4300	59.749121	0.0	2176469	26	4.3
1527439176.14	4300	59.999038	0.0	2221506	23	4.3
1527439180.03	4300	59.998239	0.0	2044075	22	4.3
1527439184.44	4300	59.748793	0.0	2186790	25	4.3
1527439188.32	4300	59.749363	0.0	2105231	19	4.3
1527439192.22	4300	59.748687	0.0	2395588	26	4.3
1527439196.11	4300	59.999305	0.0	1972048	22	4.3
1527439200.02	4300	59.999257	0.0	2134614	24	4.3
1527439204.41	4300	59.998287	0.0	2164140	26	4.3
1527439208.3	4300	59.749511	0.0	2113193	21	4.3
1527439212.19	4300	59.998903	0.0	2147852	24	4.3
1527439216.09	4300	59.998889	0.0	2191074	24	4.3
1527439220.0	4300	59.999493	0.0	2286761	21	4.3
1527439224.4	4300	59.999002	0.0	2307787	23	4.3
1527439228.3	4300	59.998838	0.0	2143948	25	4.3
1527439232.2	4300	59.997786	0.0	1919781	22	4.3
1527439236.59	4300	59.749153	0.0	2147467	20	4.3
1527439240.48	4300	59.748961	0.0	2133870	22	4.3
1527439244.38	4300	59.747619	0.0	2146120	30	4.3
1527439248.27	4300	59.747392	0.0	2108491	22	4.3
1527439252.66	4300	59.748036	0.0	2184571	21	4.3
1527439256.57	4300	59.499111	0.0	2121928	22	4.3
1527439260.47	4300	59.498708	0.0	2219102	22	4.3
