1527514802.1	750	4	0.025	2354772	6	-0.10750000000000004
1527514802.44	4300	7.959572	0.0	2123065	25	0.75
1527514802.78	4300	11.621466	0.0	2177073	22	4.3
1527514803.09	4300	15.303943	0.0	2160877	12	4.3
1527514803.46	4300	18.937142	0.0	2233056	23	4.3
1527514803.78	4300	22.616826	0.0	1941625	12	4.3
1527514804.13	4300	26.272561	0.0	2157535	25	4.3
1527514804.45	4300	29.951703	0.0	2290172	15	4.3
1527514804.81	4300	33.61773	0.0	2055469	23	4.3
1527514805.15	4300	37.251152	0.0	2169201	16	4.3
1527514805.49	4300	40.910534	0.0	2173522	20	4.3
1527514805.83	4300	44.566017	0.0	2102452	32	4.3
1527514806.17	4300	48.229383	0.0	2209463	22	4.3
1527514806.5	4300	51.897555	0.0	2275376	21	4.3
1527514806.84	4300	55.554482	0.0	2005399	26	4.3
1527514807.18	4300	59.217636	0.0	2152483	23	4.3
1527514810.53	4300	59.999211	0.0	2289689	23	4.3
1527514814.88	4300	59.748966	0.0	2059512	21	4.3
1527514818.73	4300	59.749108	0.0	2220726	27	4.3
1527514823.08	4300	59.498423	0.0	2156729	20	4.3
1527514826.93	4300	59.498505	0.0	2039773	23	4.3
1527514830.77	4300	59.997888	0.0	2176469	21	4.3
1527514834.63	4300	59.998968	0.0	2221506	26	4.3
1527514838.47	4300	59.998723	0.0	2044075	22	4.3
1527514842.82	4300	59.747906	0.0	2186790	19	4.3
1527514846.66	4300	59.999133	0.0	2105231	22	4.3
1527514851.01	4300	59.748461	0.0	2395588	23	4.3
1527514854.87	4300	59.749226	0.0	1972048	29	4.3
1527514858.72	4300	59.748747	0.0	2134614	25	4.3
1527514863.07	4300	59.498709	0.0	2164140	24	4.3
1527514866.41	4300	59.998841	0.0	2113193	21	4.3
1527514870.75	4300	59.748702	0.0	2147852	17	4.3
1527514875.1	4300	59.497629	0.0	2191074	20	4.3
1527514878.44	4300	59.998166	0.0	2286761	24	4.3
1527514882.8	4300	59.749259	0.0	2307787	27	4.3
1527514887.15	4300	59.498909	0.0	2143948	23	4.3
1527514890.5	4300	59.999355	0.0	1919781	21	4.3
1527514894.84	4300	59.748493	0.0	2147467	20	4.3
1527514898.69	4300	59.74849	0.0	2133870	25	4.3
1527514902.55	4300	59.998384	0.0	2146120	24	4.3
1527514906.9	4300	59.997653	0.0	2108491	24	4.3
1527514910.74	4300	59.748166	0.0	2184571	24	4.3
1527514914.59	4300	59.997705	0.0	2121928	21	4.3
1527514918.92	4300	59.497482	0.0	2219102	12	4.3
1527514922.77	4300	59.99798	0.0	2124950	23	4.3
1527514926.62	4300	59.99792	0.0	2246506	24	4.3
1527514930.46	4300	59.99895	0.0	1961140	19	4.3
1527514934.81	4300	59.997741	0.0	2155012	26	4.3
1527514936.65	4300	59.927735	0.0	1433658	18	4.3

1527514937.42	750	4	0.023	2354772	9	-0.09889999999999999
1527514937.77	4300	7.954555	0.0	2123065	25	0.75
1527514938.11	4300	11.609595	0.0	2177073	20	4.3
1527514938.43	4300	15.288142	0.0	2160877	19	4.3
1527514938.77	4300	18.952956	0.0	2233056	25	4.3
1527514939.1	4300	22.635429	0.0	1941625	13	4.3
1527514939.42	4300	26.29514	0.0	2157535	18	4.3
1527514939.76	4300	29.962246	0.0	2290172	23	4.3
1527514940.1	4300	33.621215	0.0	2055469	23	4.3
1527514940.42	4300	37.298659	0.0	2169201	15	4.3
1527514940.75	4300	40.968768	0.0	2173522	19	4.3
1527514941.09	4300	44.6258	0.0	2102452	25	4.3
1527514941.43	4300	48.287285	0.0	2209463	26	4.3
1527514941.78	4300	51.937588	0.0	2275376	25	4.3
1527514942.12	4300	55.602568	0.0	2005399	22	4.3
1527514942.45	4300	59.264786	0.0	2152483	26	4.3
1527514946.3	4300	59.748029	0.0	2289689	20	4.3
1527514950.14	4300	59.749268	0.0	2059512	20	4.3
1527514953.99	4300	59.998116	0.0	2220726	26	4.3
1527514958.34	4300	59.748236	0.0	2156729	25	4.3
1527514962.19	4300	59.99772	0.0	2039773	24	4.3
1527514966.03	4300	59.748697	0.0	2176469	23	4.3
1527514969.88	4300	59.998974	0.0	2221506	24	4.3
1527514973.73	4300	59.998228	0.0	2044075	23	4.3
1527514978.08	4300	59.748411	0.0	2186790	26	4.3
1527514981.93	4300	59.998447	0.0	2105231	26	4.3
1527514986.26	4300	59.497597	0.0	2395588	10	4.3
1527514990.1	4300	59.747651	0.0	1972048	18	4.3
1527514994.45	4300	59.499105	0.0	2134614	30	4.3
1527514997.79	4300	59.9994	0.0	2164140	20	4.3
1527515002.14	4300	59.749263	0.0	2113193	25	4.3
1527515005.99	4300	59.74909	0.0	2147852	25	4.3
1527515009.84	4300	59.998902	0.0	2191074	24	4.3
1527515014.18	4300	59.997548	0.0	2286761	22	4.3
1527515018.03	4300	59.748716	0.0	2307787	23	4.3
1527515021.87	4300	59.998557	0.0	2143948	21	4.3
1527515026.21	4300	59.998638	0.0	1919781	18	4.3
1527515030.06	4300	59.749095	0.0	2147467	24	4.3
1527515033.9	4300	59.999136	0.0	2133870	18	4.3
1527515037.75	4300	59.999174	0.0	2146120	21	4.3
1527515042.1	4300	59.749141	0.0	2108491	24	4.3
1527515045.96	4300	59.998999	0.0	2184571	35	4.3
1527515050.31	4300	59.748254	0.0	2121928	24	4.3
1527515054.16	4300	59.748504	0.0	2219102	19	4.3
1527515058.01	4300	59.749322	0.0	2124950	24	4.3
1527515062.35	4300	59.748582	0.0	2246506	27	4.3
1527515066.2	4300	59.997436	0.0	1961140	22	4.3
1527515070.04	4300	59.748337	0.0	2155012	24	4.3
1527515071.88	4300	59.928866	0.0	1433658	18	4.3

1527515072.64	750	4	0.027	2354772	7	-0.11609999999999998
1527515072.98	4300	7.95447	0.0	2123065	26	0.75
1527515073.32	4300	11.61726	0.0	2177073	23	4.3
1527515073.64	4300	15.298726	0.0	2160877	12	4.3
1527515073.99	4300	18.943493	0.0	2233056	41	4.3
1527515074.33	4300	22.605925	0.0	1941625	22	4.3
1527515074.67	4300	26.269531	0.0	2157535	24	4.3
1527515075.0	4300	29.936053	0.0	2290172	23	4.3
1527515075.33	4300	33.607263	0.0	2055469	19	4.3
1527515075.67	4300	37.270921	0.0	2169201	22	4.3
1527515076.01	4300	40.927106	0.0	2173522	24	4.3
1527515076.35	4300	44.590025	0.0	2102452	24	4.3
1527515076.67	4300	48.264889	0.0	2209463	15	4.3
1527515077.01	4300	51.922855	0.0	2275376	26	4.3
1527515077.36	4300	55.57314	0.0	2005399	34	4.3
1527515077.7	4300	59.234858	0.0	2152483	24	4.3
1527515081.05	4300	59.998425	0.0	2289689	22	4.3
1527515085.4	4300	59.749459	0.0	2059512	25	4.3
1527515089.26	4300	59.997997	0.0	2220726	39	4.3
1527515093.61	4300	59.497889	0.0	2156729	25	4.3
1527515096.96	4300	59.997898	0.0	2039773	23	4.3
1527515101.31	4300	59.749574	0.0	2176469	22	4.3
1527515105.65	4300	59.498734	0.0	2221506	23	4.3
