1527397435.59	750	4	0.027	2354772	6	-0.11609999999999998
1527397435.93	4300	7.955535	0.0	2123065	26	0.75
1527397436.27	4300	11.618961	0.0	2177073	22	4.3
1527397436.6	4300	15.285089	0.0	2160877	20	4.3
1527397436.94	4300	18.946488	0.0	2233056	20	4.3
1527397437.28	4300	22.608959	0.0	1941625	22	4.3
1527397437.61	4300	26.272354	0.0	2157535	26	4.3
1527397437.95	4300	29.939307	0.0	2290172	23	4.3
1527397438.28	4300	33.607522	0.0	2055469	19	4.3
1527397438.63	4300	37.260073	0.0	2169201	26	4.3
1527397438.97	4300	40.914627	0.0	2173522	25	4.3
1527397439.31	4300	44.57345	0.0	2102452	27	4.3
1527397439.65	4300	48.232685	0.0	2209463	26	4.3
1527397439.97	4300	51.918933	0.0	2275376	10	4.3
1527397440.31	4300	55.573221	0.0	2005399	24	4.3
1527397440.65	4300	59.238987	0.0	2152483	22	4.3
1527397443.99	4300	59.998881	0.0	2289689	23	4.3
1527397448.34	4300	59.749685	0.0	2059512	25	4.3
1527397452.19	4300	59.747881	0.0	2220726	24	4.3
1527397456.54	4300	59.748794	0.0	2156729	24	4.3
1527397460.39	4300	59.748856	0.0	2039773	22	4.3
1527397464.23	4300	59.997737	0.0	2176469	22	4.3
1527397468.09	4300	59.99883	0.0	2221506	25	4.3
1527397472.44	4300	59.49888	0.0	2044075	24	4.3
1527397476.29	4300	59.749	0.0	2186790	26	4.3
1527397480.64	4300	59.498782	0.0	2105231	20	4.3
1527397484.48	4300	59.498843	0.0	2395588	23	4.3
1527397488.34	4300	59.749548	0.0	1972048	27	4.3
1527397492.18	4300	59.998736	0.0	2134614	24	4.3
1527397496.02	4300	59.998517	0.0	2164140	22	4.3
1527397500.37	4300	59.747555	0.0	2113193	21	4.3
1527397504.22	4300	59.99798	0.0	2147852	24	4.3
1527397508.06	4300	59.998673	0.0	2191074	21	4.3
1527397511.91	4300	59.999088	0.0	2286761	20	4.3
1527397516.26	4300	59.997785	0.0	2307787	27	4.3
1527397520.11	4300	59.999073	0.0	2143948	26	4.3
1527397523.95	4300	59.999447	0.0	1919781	22	4.3
1527397528.3	4300	59.749247	0.0	2147467	21	4.3
1527397532.16	4300	59.997759	0.0	2133870	33	4.3
1527397536.01	4300	59.999411	0.0	2146120	22	4.3
1527397540.36	4300	59.747653	0.0	2108491	24	4.3
1527397544.21	4300	59.74878	0.0	2184571	23	4.3
1527397548.56	4300	59.497819	0.0	2121928	19	4.3
1527397552.4	4300	59.497588	0.0	2219102	21	4.3
1527397556.25	4300	59.748446	0.0	2124950	19	4.3
1527397560.1	4300	59.998765	0.0	2246506	24	4.3
1527397563.95	4300	59.99777	0.0	1961140	24	4.3
1527397568.3	4300	59.747617	0.0	2155012	20	4.3
1527397570.14	4300	59.678667	0.0	1433658	19	4.3

1527397570.91	750	4	0.016	450283	2	-0.06879999999999997
1527397571.27	4300	7.945397	0.0	2123065	23	0.75
1527397571.62	4300	11.595829	0.0	2177073	26	4.3
1527397571.96	4300	15.258848	0.0	2160877	25	4.3
1527397572.3	4300	18.919299	0.0	2233056	23	4.3
1527397572.64	4300	22.578374	0.0	1941625	22	4.3
1527397572.98	4300	26.237024	0.0	2157535	25	4.3
1527397573.31	4300	29.901275	0.0	2290172	23	4.3
1527397573.65	4300	33.567734	0.0	2055469	18	4.3
1527397573.99	4300	37.221302	0.0	2169201	26	4.3
1527397574.33	4300	40.885598	0.0	2173522	24	4.3
1527397574.66	4300	44.554128	0.0	2102452	20	4.3
1527397575.0	4300	48.218726	0.0	2209463	21	4.3
1527397575.39	4300	51.858864	0.0	2275376	40	4.3
1527397575.73	4300	55.483711	0.0	2005399	24	4.3
1527397576.07	4300	59.147656	0.0	2152483	24	4.3
1527397579.91	4300	59.748828	0.0	2289689	23	4.3
1527397583.27	4300	59.998565	0.0	2059512	24	4.3
1527397587.63	4300	59.999457	0.0	2220726	32	4.3
1527397591.48	4300	59.998817	0.0	2156729	24	4.3
1527397595.33	4300	59.998697	0.0	2039773	22	4.3
1527397599.67	4300	59.749625	0.0	2176469	20	4.3
1527397603.52	4300	59.998934	0.0	2221506	23	4.3
1527397607.36	4300	59.998826	0.0	2044075	21	4.3
1527397611.72	4300	59.748784	0.0	2186790	24	4.3
1527397615.57	4300	59.748896	0.0	2105231	24	4.3
1527397619.92	4300	59.498391	0.0	2395588	27	4.3
1527397623.27	4300	59.996903	0.0	1972048	22	4.3
1527397627.62	4300	59.748817	0.0	2134614	24	4.3
1527397631.47	4300	59.749386	0.0	2164140	26	4.3
1527397635.83	4300	59.748697	0.0	2113193	17	4.3
1527397639.67	4300	59.748404	0.0	2147852	22	4.3
1527397643.52	4300	59.748362	0.0	2191074	20	4.3
1527397647.87	4300	59.499337	0.0	2286761	25	4.3
1527397651.26	4300	59.999269	0.0	2307787	26	4.3
1527397655.61	4300	59.748716	0.0	2143948	24	4.3
1527397659.96	4300	59.499225	0.0	1919781	21	4.3
1527397663.31	4300	59.998846	0.0	2147467	26	4.3
1527397667.66	4300	59.998184	0.0	2133870	20	4.3
1527397671.5	4300	59.748879	0.0	2146120	22	4.3
1527397675.34	4300	59.998236	0.0	2108491	19	4.3
1527397679.69	4300	59.997682	0.0	2184571	22	4.3
1527397683.54	4300	59.747458	0.0	2121928	13	4.3
1527397687.9	4300	59.498502	0.0	2219102	27	4.3
1527397691.74	4300	59.499241	0.0	2124950	23	4.3
1527397695.59	4300	59.74914	0.0	2246506	25	4.3
1527397699.43	4300	59.997839	0.0	1961140	21	4.3
1527397703.77	4300	59.747416	0.0	2155012	23	4.3
1527397705.61	4300	59.678874	0.0	1433658	17	4.3

1527397706.38	750	4	0.024	2354772	8	-0.10319999999999996
1527397706.69	4300	7.985475	0.0	2123065	6	0.75
1527397707.03	4300	11.651665	0.0	2177073	21	4.3
1527397707.37	4300	15.306161	0.0	2160877	26	4.3
1527397707.72	4300	18.958653	0.0	2233056	37	4.3
1527397708.05	4300	22.629118	0.0	1941625	15	4.3
1527397708.38	4300	26.300595	0.0	2157535	16	4.3
1527397708.71	4300	29.964459	0.0	2290172	20	4.3
1527397709.05	4300	33.624309	0.0	2055469	25	4.3
1527397709.39	4300	37.287003	0.0	2169201	25	4.3
1527397709.73	4300	40.948556	0.0	2173522	21	4.3
1527397710.06	4300	44.619624	0.0	2102452	17	4.3
1527397710.4	4300	48.280119	0.0	2209463	18	4.3
1527397710.74	4300	51.935679	0.0	2275376	27	4.3
1527397711.07	4300	55.601181	0.0	2005399	11	4.3
1527397711.41	4300	59.267729	0.0	2152483	21	4.3
1527397715.27	4300	59.749198	0.0	2289689	27	4.3
