1527391065.45	750	4	0.017	450283	1	-0.07309999999999994
1527391065.85	4300	7.949565	0.0	2123065	18	0.75
1527391066.24	4300	11.564632	0.0	2177073	24	4.3
1527391066.62	4300	15.176555	0.0	2160877	24	4.3
1527391067.01	4300	18.786744	0.0	2233056	26	4.3
1527391067.4	4300	22.399954	0.0	1941625	20	4.3
1527391067.79	4300	26.010664	0.0	2157535	24	4.3
1527391068.18	4300	29.618251	0.0	2290172	25	4.3
1527391068.57	4300	33.230352	0.0	2055469	25	4.3
1527391068.96	4300	36.840369	0.0	2169201	25	4.3
1527391069.35	4300	40.4496	0.0	2173522	25	4.3
1527391069.74	4300	44.06422	0.0	2102452	17	4.3
1527391070.15	4300	47.661927	0.0	2209463	25	4.3
1527391070.53	4300	51.26558	0.0	2275376	19	4.3
1527391070.91	4300	54.883985	0.0	2005399	21	4.3
1527391071.31	4300	58.488153	0.0	2152483	22	4.3
1527391074.2	4300	59.748871	0.0	2289689	23	4.3
1527391078.1	4300	59.747683	0.0	2059512	22	4.3
1527391082.01	4300	59.999266	0.0	2220726	31	4.3
1527391085.91	4300	59.998944	0.0	2156729	22	4.3
1527391090.31	4300	59.498745	0.0	2039773	23	4.3
1527391094.2	4300	59.998911	0.0	2176469	20	4.3
1527391098.09	4300	59.997852	0.0	2221506	21	4.3
1527391101.99	4300	59.999111	0.0	2044075	22	4.3
1527391105.89	4300	59.997867	0.0	2186790	24	4.3
1527391110.29	4300	59.747815	0.0	2105231	23	4.3
1527391114.18	4300	59.748511	0.0	2395588	20	4.3
1527391118.07	4300	59.748712	0.0	1972048	22	4.3
1527391121.97	4300	59.998739	0.0	2134614	25	4.3
1527391126.37	4300	59.748478	0.0	2164140	24	4.3
1527391130.27	4300	59.748538	0.0	2113193	23	4.3
1527391134.17	4300	59.998711	0.0	2147852	24	4.3
1527391138.08	4300	59.748596	0.0	2191074	24	4.3
1527391141.98	4300	59.998569	0.0	2286761	25	4.3
1527391145.88	4300	59.9975	0.0	2307787	25	4.3
1527391150.28	4300	59.997979	0.0	2143948	22	4.3
1527391154.18	4300	59.748408	0.0	1919781	20	4.3
1527391158.08	4300	59.747703	0.0	2147467	24	4.3
1527391162.49	4300	59.49881	0.0	2133870	24	4.3
1527391165.89	4300	59.998851	0.0	2146120	21	4.3
1527391170.29	4300	59.998349	0.0	2108491	23	4.3
1527391174.2	4300	59.748417	0.0	2184571	23	4.3
1527391178.1	4300	59.748485	0.0	2121928	23	4.3
1527391182.0	4300	59.998101	0.0	2219102	25	4.3
1527391185.9	4300	59.998856	0.0	2124950	23	4.3
1527391190.28	4300	59.748993	0.0	2246506	20	4.3
1527391194.16	4300	59.749049	0.0	1961140	19	4.3
1527391198.03	4300	59.998527	0.0	2155012	22	4.3
1527391199.88	4300	59.66693	0.0	1433658	17	4.3

1527391200.61	750	4	0.018	668286	2	-0.07740000000000002
1527391201.01	4300	7.955295	0.0	2123065	15	0.75
1527391201.41	4300	11.553923	0.0	2177073	40	4.3
1527391201.82	4300	15.163742	0.0	2160877	26	4.3
1527391202.2	4300	18.76017	0.0	2233056	21	4.3
1527391202.58	4300	22.381154	0.0	1941625	20	4.3
1527391202.97	4300	25.992023	0.0	2157535	24	4.3
1527391203.36	4300	29.603854	0.0	2290172	24	4.3
1527391203.74	4300	33.217747	0.0	2055469	22	4.3
1527391204.13	4300	36.828611	0.0	2169201	27	4.3
1527391204.52	4300	40.439503	0.0	2173522	25	4.3
1527391204.9	4300	44.05895	0.0	2102452	16	4.3
1527391205.3	4300	47.659456	0.0	2209463	29	4.3
1527391205.7	4300	51.265464	0.0	2275376	26	4.3
1527391206.08	4300	54.879618	0.0	2005399	23	4.3
1527391206.46	4300	58.501709	0.0	2152483	21	4.3
1527391209.36	4300	59.748482	0.0	2289689	23	4.3
1527391213.25	4300	59.74956	0.0	2059512	23	4.3
1527391217.17	4300	59.998144	0.0	2220726	45	4.3
1527391221.57	4300	59.498996	0.0	2156729	22	4.3
1527391225.47	4300	59.747836	0.0	2039773	22	4.3
1527391229.37	4300	59.748017	0.0	2176469	24	4.3
1527391233.26	4300	59.749866	0.0	2221506	24	4.3
1527391237.15	4300	59.999354	0.0	2044075	17	4.3
1527391241.04	4300	59.999215	0.0	2186790	23	4.3
1527391245.44	4300	59.748892	0.0	2105231	24	4.3
1527391249.33	4300	59.749394	0.0	2395588	19	4.3
1527391253.22	4300	59.999171	0.0	1972048	21	4.3
1527391257.12	4300	59.99806	0.0	2134614	26	4.3
1527391261.52	4300	59.499346	0.0	2164140	24	4.3
1527391265.42	4300	59.748169	0.0	2113193	23	4.3
1527391269.32	4300	59.999004	0.0	2147852	23	4.3
1527391273.23	4300	59.74818	0.0	2191074	23	4.3
1527391277.13	4300	59.998112	0.0	2286761	25	4.3
1527391281.53	4300	59.749345	0.0	2307787	25	4.3
1527391285.42	4300	59.747795	0.0	2143948	20	4.3
1527391289.31	4300	59.748043	0.0	1919781	21	4.3
1527391293.71	4300	59.748869	0.0	2147467	24	4.3
1527391297.62	4300	59.499248	0.0	2133870	25	4.3
1527391301.52	4300	59.498624	0.0	2146120	28	4.3
1527391305.42	4300	59.748687	0.0	2108491	24	4.3
1527391309.33	4300	59.749071	0.0	2184571	25	4.3
1527391313.23	4300	59.747951	0.0	2121928	24	4.3
1527391317.13	4300	59.998981	0.0	2219102	25	4.3
1527391321.03	4300	59.998928	0.0	2124950	23	4.3
1527391325.42	4300	59.748103	0.0	2246506	26	4.3
1527391329.3	4300	59.748755	0.0	1961140	23	4.3
1527391333.17	4300	59.998868	0.0	2155012	26	4.3
1527391335.03	4300	59.663597	0.0	1433658	16	4.3

1527391335.76	750	4	0.017	668286	3	-0.07309999999999994
1527391336.16	4300	7.956617	0.0	2123065	16	0.75
1527391336.55	4300	11.565821	0.0	2177073	21	4.3
1527391336.93	4300	15.177275	0.0	2160877	11	4.3
1527391337.32	4300	18.796759	0.0	2233056	23	4.3
1527391337.7	4300	22.408206	0.0	1941625	21	4.3
1527391338.09	4300	26.021178	0.0	2157535	24	4.3
1527391338.48	4300	29.630345	0.0	2290172	26	4.3
1527391338.87	4300	33.243497	0.0	2055469	23	4.3
1527391339.26	4300	36.853206	0.0	2169201	26	4.3
1527391339.65	4300	40.462423	0.0	2173522	25	4.3
1527391340.05	4300	44.066031	0.0	2102452	28	4.3
1527391340.44	4300	47.674743	0.0	2209463	24	4.3
1527391340.84	4300	51.276431	0.0	2275376	32	4.3
1527391341.21	4300	54.897252	0.0	2005399	21	4.3
1527391341.6	4300	58.51194	0.0	2152483	22	4.3
1527391344.5	4300	59.748861	0.0	2289689	25	4.3
1527391348.39	4300	59.749504	0.0	2059512	20	4.3
1527391352.78	4300	59.499054	0.0	2220726	25	4.3
1527391356.68	4300	59.748721	0.0	2156729	24	4.3
1527391360.58	4300	59.74861	0.0	2039773	23	4.3
1527391364.48	4300	59.748522	0.0	2176469	19	4.3
1527391368.37	4300	59.748838	0.0	2221506	24	4.3
1527391372.76	4300	59.499442	0.0	2044075	21	4.3
1527391376.16	4300	59.998209	0.0	2186790	25	4.3
1527391380.56	4300	59.998709	0.0	2105231	24	4.3
1527391384.47	4300	59.747798	0.0	2395588	26	4.3
1527391388.37	4300	59.748165	0.0	1972048	24	4.3
1527391392.27	4300	59.998801	0.0	2134614	25	4.3
1527391396.67	4300	59.497873	0.0	2164140	25	4.3
1527391400.56	4300	59.998528	0.0	2113193	20	4.3
1527391404.45	4300	59.998482	0.0	2147852	24	4.3
1527391408.85	4300	59.748459	0.0	2191074	22	4.3
1527391412.24	4300	59.998727	0.0	2286761	18	4.3
1527391416.13	4300	59.998658	0.0	2307787	22	4.3
1527391420.52	4300	59.748741	0.0	2143948	24	4.3
1527391424.42	4300	59.748926	0.0	1919781	21	4.3
1527391428.81	4300	59.499031	0.0	2147467	21	4.3
1527391432.21	4300	59.997791	0.0	2133870	24	4.3
