1527529256.61	750	4	0.026	2354772	9	-0.11180000000000001
1527529256.95	4300	7.955329	0.0	2123065	26	0.75
1527529257.29	4300	11.618055	0.0	2177073	27	4.3
1527529257.61	4300	15.29903	0.0	2160877	13	4.3
1527529257.95	4300	18.96105	0.0	2233056	25	4.3
1527529258.28	4300	22.629543	0.0	1941625	20	4.3
1527529258.61	4300	26.297105	0.0	2157535	22	4.3
1527529258.95	4300	29.96164	0.0	2290172	22	4.3
1527529259.27	4300	33.641194	0.0	2055469	14	4.3
1527529259.6	4300	37.308517	0.0	2169201	23	4.3
1527529259.94	4300	40.969853	0.0	2173522	22	4.3
1527529260.26	4300	44.648502	0.0	2102452	10	4.3
1527529260.59	4300	48.317977	0.0	2209463	22	4.3
1527529260.93	4300	51.983781	0.0	2275376	23	4.3
1527529261.25	4300	55.653825	0.0	2005399	18	4.3
1527529261.58	4300	59.325396	0.0	2152483	13	4.3
1527529264.92	4300	59.998767	0.0	2289689	21	4.3
1527529269.28	4300	59.748057	0.0	2059512	24	4.3
1527529273.63	4300	59.747599	0.0	2220726	26	4.3
1527529277.48	4300	59.497812	0.0	2156729	24	4.3
1527529281.32	4300	59.997934	0.0	2039773	23	4.3
1527529285.17	4300	59.999073	0.0	2176469	22	4.3
1527529289.01	4300	59.998561	0.0	2221506	19	4.3
1527529293.35	4300	59.998589	0.0	2044075	20	4.3
1527529297.19	4300	59.749157	0.0	2186790	22	4.3
1527529301.03	4300	59.997772	0.0	2105231	21	4.3
1527529305.39	4300	59.748454	0.0	2395588	23	4.3
1527529309.23	4300	59.74914	0.0	1972048	25	4.3
1527529313.58	4300	59.497601	0.0	2134614	26	4.3
1527529317.44	4300	59.498622	0.0	2164140	24	4.3
1527529321.28	4300	59.74767	0.0	2113193	22	4.3
1527529325.63	4300	59.747634	0.0	2147852	22	4.3
1527529328.97	4300	59.998873	0.0	2191074	25	4.3
1527529333.32	4300	59.998326	0.0	2286761	24	4.3
1527529337.18	4300	59.997868	0.0	2307787	27	4.3
1527529341.02	4300	59.99949	0.0	2143948	24	4.3
1527529345.36	4300	59.749089	0.0	1919781	21	4.3
1527529349.21	4300	59.999036	0.0	2147467	26	4.3
1527529353.06	4300	59.999015	0.0	2133870	30	4.3
1527529357.42	4300	59.747753	0.0	2146120	27	4.3
1527529361.27	4300	59.747903	0.0	2108491	24	4.3
1527529365.62	4300	59.747602	0.0	2184571	23	4.3
1527529369.46	4300	59.498079	0.0	2121928	22	4.3
1527529373.3	4300	59.749208	0.0	2219102	22	4.3
1527529377.66	4300	59.498558	0.0	2124950	20	4.3
1527529381.49	4300	59.747462	0.0	2246506	16	4.3
1527529385.34	4300	59.748711	0.0	1961140	20	4.3
1527529389.18	4300	59.998606	0.0	2155012	19	4.3
1527529391.01	4300	59.679366	0.0	1433658	15	4.3

1527529391.95	750	4	0.023	2354772	9	-0.09889999999999999
1527529392.29	4300	7.961126	0.0	2123065	25	0.75
1527529392.64	4300	11.617962	0.0	2177073	30	4.3
1527529392.98	4300	15.27416	0.0	2160877	26	4.3
1527529393.31	4300	18.939351	0.0	2233056	24	4.3
1527529393.63	4300	22.621402	0.0	1941625	14	4.3
1527529393.97	4300	26.283418	0.0	2157535	28	4.3
1527529394.31	4300	29.944167	0.0	2290172	17	4.3
1527529394.65	4300	33.606002	0.0	2055469	23	4.3
1527529394.98	4300	37.267607	0.0	2169201	25	4.3
1527529395.32	4300	40.932949	0.0	2173522	24	4.3
1527529395.66	4300	44.600642	0.0	2102452	23	4.3
1527529395.99	4300	48.26469	0.0	2209463	20	4.3
1527529396.33	4300	51.924012	0.0	2275376	24	4.3
1527529396.65	4300	55.599934	0.0	2005399	16	4.3
1527529396.98	4300	59.272754	0.0	2152483	19	4.3
1527529400.33	4300	59.997761	0.0	2289689	26	4.3
1527529404.68	4300	59.747921	0.0	2059512	21	4.3
1527529408.53	4300	59.997448	0.0	2220726	26	4.3
1527529412.87	4300	59.497951	0.0	2156729	22	4.3
1527529416.71	4300	59.748903	0.0	2039773	25	4.3
1527529420.55	4300	59.749236	0.0	2176469	21	4.3
1527529424.4	4300	59.997896	0.0	2221506	21	4.3
1527529428.74	4300	59.74734	0.0	2044075	20	4.3
1527529432.59	4300	59.747593	0.0	2186790	22	4.3
1527529436.43	4300	59.998295	0.0	2105231	18	4.3
1527529440.29	4300	59.997483	0.0	2395588	28	4.3
1527529444.63	4300	59.998655	0.0	1972048	21	4.3
1527529448.99	4300	59.498488	0.0	2134614	36	4.3
1527529452.33	4300	59.997289	0.0	2164140	14	4.3
1527529456.67	4300	59.998747	0.0	2113193	23	4.3
1527529460.52	4300	59.998728	0.0	2147852	23	4.3
1527529464.36	4300	59.998294	0.0	2191074	12	4.3
1527529468.71	4300	59.747431	0.0	2286761	21	4.3
1527529472.55	4300	59.997548	0.0	2307787	21	4.3
1527529476.39	4300	59.998457	0.0	2143948	21	4.3
1527529480.73	4300	59.998335	0.0	1919781	16	4.3
1527529484.58	4300	59.748696	0.0	2147467	23	4.3
1527529488.92	4300	59.748853	0.0	2133870	20	4.3
1527529492.77	4300	59.49829	0.0	2146120	32	4.3
1527529496.62	4300	59.998026	0.0	2108491	25	4.3
1527529500.97	4300	59.498995	0.0	2184571	26	4.3
1527529504.82	4300	59.497441	0.0	2121928	24	4.3
1527529508.67	4300	59.747705	0.0	2219102	25	4.3
1527529512.52	4300	59.748099	0.0	2124950	20	4.3
1527529516.86	4300	59.747346	0.0	2246506	18	4.3
1527529520.71	4300	59.748475	0.0	1961140	22	4.3
1527529524.56	4300	59.747337	0.0	2155012	23	4.3
1527529526.39	4300	59.928174	0.0	1433658	17	4.3

1527529527.13	750	4	0.023	2354772	7	-0.09889999999999999
1527529527.49	4300	7.944636	0.0	2123065	35	0.75
1527529527.81	4300	11.621376	0.0	2177073	14	4.3
1527529528.13	4300	15.301597	0.0	2160877	16	4.3
1527529528.47	4300	18.96654	0.0	2233056	24	4.3
1527529528.8	4300	22.634447	0.0	1941625	19	4.3
1527529529.13	4300	26.300305	0.0	2157535	21	4.3
1527529529.46	4300	29.969065	0.0	2290172	20	4.3
1527529529.81	4300	33.627805	0.0	2055469	25	4.3
1527529530.15	4300	37.281482	0.0	2169201	26	4.3
1527529530.49	4300	40.938174	0.0	2173522	25	4.3
1527529530.83	4300	44.600607	0.0	2102452	25	4.3
1527529531.17	4300	48.265824	0.0	2209463	24	4.3
1527529531.51	4300	51.919838	0.0	2275376	30	4.3
1527529531.84	4300	55.587815	0.0	2005399	19	4.3
1527529532.18	4300	59.251371	0.0	2152483	24	4.3
1527529535.52	4300	59.997903	0.0	2289689	24	4.3
1527529539.86	4300	59.748301	0.0	2059512	18	4.3
1527529543.71	4300	59.747971	0.0	2220726	22	4.3
1527529547.55	4300	59.998107	0.0	2156729	22	4.3
1527529551.89	4300	59.747942	0.0	2039773	20	4.3
1527529555.74	4300	59.999153	0.0	2176469	23	4.3
1527529560.08	4300	59.749193	0.0	2221506	22	4.3
1527529563.92	4300	59.749567	0.0	2044075	24	4.3
1527529567.77	4300	59.748759	0.0	2186790	22	4.3
1527529572.11	4300	59.74805	0.0	2105231	20	4.3
1527529575.46	4300	59.999063	0.0	2395588	26	4.3
1527529579.79	4300	59.748431	0.0	1972048	17	4.3
1527529584.14	4300	59.749073	0.0	2134614	21	4.3
1527529587.49	4300	59.998894	0.0	2164140	24	4.3
1527529591.82	4300	59.748967	0.0	2113193	16	4.3
1527529596.17	4300	59.747789	0.0	2147852	24	4.3
1527529599.52	4300	59.997627	0.0	2191074	24	4.3
