1527525466.84	750	4	0.017	450283	3	-0.07309999999999994
1527525467.22	4300	7.95907	0.0	2123065	14	0.75
1527525467.54	4300	11.638591	0.0	2177073	12	4.3
1527525467.87	4300	15.306409	0.0	2160877	19	4.3
1527525468.22	4300	18.957541	0.0	2233056	24	4.3
1527525468.55	4300	22.621732	0.0	1941625	23	4.3
1527525468.89	4300	26.287445	0.0	2157535	22	4.3
1527525469.22	4300	29.951259	0.0	2290172	20	4.3
1527525469.57	4300	33.608844	0.0	2055469	23	4.3
1527525469.91	4300	37.266507	0.0	2169201	26	4.3
1527525470.25	4300	40.931399	0.0	2173522	20	4.3
1527525470.59	4300	44.585213	0.0	2102452	23	4.3
1527525470.93	4300	48.243765	0.0	2209463	24	4.3
1527525471.27	4300	51.901228	0.0	2275376	12	4.3
1527525471.61	4300	55.562609	0.0	2005399	25	4.3
1527525471.95	4300	59.227372	0.0	2152483	22	4.3
1527525475.28	4300	59.999257	0.0	2289689	15	4.3
1527525479.62	4300	59.999397	0.0	2059512	20	4.3
1527525483.47	4300	59.749735	0.0	2220726	24	4.3
1527525487.81	4300	59.748241	0.0	2156729	20	4.3
1527525491.66	4300	59.998284	0.0	2039773	22	4.3
1527525495.51	4300	59.749245	0.0	2176469	18	4.3
1527525499.35	4300	59.998141	0.0	2221506	18	4.3
1527525503.2	4300	59.99906	0.0	2044075	22	4.3
1527525507.55	4300	59.99901	0.0	2186790	22	4.3
1527525511.4	4300	59.998096	0.0	2105231	24	4.3
1527525515.25	4300	59.998865	0.0	2395588	23	4.3
1527525519.6	4300	59.999	0.0	1972048	21	4.3
1527525523.46	4300	59.999248	0.0	2134614	36	4.3
1527525527.81	4300	59.499243	0.0	2164140	19	4.3
1527525531.67	4300	59.749211	0.0	2113193	23	4.3
1527525535.52	4300	59.748497	0.0	2147852	25	4.3
1527525539.86	4300	59.499395	0.0	2191074	23	4.3
1527525543.71	4300	59.74811	0.0	2286761	23	4.3
1527525547.57	4300	59.999165	0.0	2307787	26	4.3
1527525551.42	4300	59.999132	0.0	2143948	25	4.3
1527525555.77	4300	59.498281	0.0	1919781	18	4.3
1527525559.61	4300	59.74843	0.0	2147467	22	4.3
1527525563.46	4300	59.998767	0.0	2133870	18	4.3
1527525567.82	4300	59.7476	0.0	2146120	23	4.3
1527525571.67	4300	59.748481	0.0	2108491	24	4.3
1527525575.52	4300	59.748482	0.0	2184571	24	4.3
1527525579.37	4300	59.999268	0.0	2121928	23	4.3
1527525583.22	4300	59.999008	0.0	2219102	24	4.3
1527525587.57	4300	59.99827	0.0	2124950	18	4.3
1527525591.42	4300	59.99734	0.0	2246506	20	4.3
1527525595.27	4300	59.997494	0.0	1961140	20	4.3
1527525599.62	4300	59.74771	0.0	2155012	25	4.3
1527525600.95	4300	59.92863	0.0	1433658	16	4.3

1527525601.71	750	4	0.016	668286	4	-0.06879999999999997
1527525602.05	4300	7.958389	0.0	2123065	15	0.75
1527525602.39	4300	11.617258	0.0	2177073	24	4.3
1527525602.71	4300	15.299409	0.0	2160877	12	4.3
1527525603.04	4300	18.961851	0.0	2233056	26	4.3
1527525603.38	4300	22.631001	0.0	1941625	20	4.3
1527525603.72	4300	26.283748	0.0	2157535	36	4.3
1527525604.06	4300	29.944171	0.0	2290172	26	4.3
1527525604.4	4300	33.611537	0.0	2055469	22	4.3
1527525604.73	4300	37.276376	0.0	2169201	22	4.3
1527525605.06	4300	40.944258	0.0	2173522	19	4.3
1527525605.38	4300	44.623575	0.0	2102452	14	4.3
1527525605.71	4300	48.298803	0.0	2209463	15	4.3
1527525606.03	4300	51.975847	0.0	2275376	16	4.3
1527525606.37	4300	55.63519	0.0	2005399	23	4.3
1527525606.72	4300	59.28708	0.0	2152483	36	4.3
1527525610.57	4300	59.49783	0.0	2289689	26	4.3
1527525614.42	4300	59.999446	0.0	2059512	23	4.3
1527525618.26	4300	59.998984	0.0	2220726	20	4.3
1527525622.6	4300	59.49935	0.0	2156729	18	4.3
1527525626.45	4300	59.749762	0.0	2039773	22	4.3
1527525630.29	4300	59.748458	0.0	2176469	21	4.3
1527525634.64	4300	59.497874	0.0	2221506	20	4.3
1527525638.48	4300	59.748137	0.0	2044075	20	4.3
1527525642.32	4300	59.998232	0.0	2186790	19	4.3
1527525646.67	4300	59.749016	0.0	2105231	17	4.3
1527525650.02	4300	59.999404	0.0	2395588	20	4.3
1527525654.37	4300	59.747816	0.0	1972048	22	4.3
1527525658.22	4300	59.998001	0.0	2134614	24	4.3
1527525662.56	4300	59.748947	0.0	2164140	20	4.3
1527525666.41	4300	59.747872	0.0	2113193	24	4.3
1527525670.76	4300	59.498709	0.0	2147852	22	4.3
1527525674.6	4300	59.499275	0.0	2191074	22	4.3
1527525678.44	4300	59.999227	0.0	2286761	20	4.3
1527525682.29	4300	59.747789	0.0	2307787	21	4.3
1527525686.14	4300	59.99922	0.0	2143948	23	4.3
1527525690.49	4300	59.998199	0.0	1919781	20	4.3
1527525694.34	4300	59.999175	0.0	2147467	24	4.3
1527525698.19	4300	59.998644	0.0	2133870	32	4.3
1527525702.04	4300	59.998919	0.0	2146120	23	4.3
1527525706.39	4300	59.747532	0.0	2108491	24	4.3
1527525710.74	4300	59.748927	0.0	2184571	23	4.3
1527525714.09	4300	59.99808	0.0	2121928	22	4.3
1527525718.43	4300	59.998212	0.0	2219102	19	4.3
1527525722.28	4300	59.748973	0.0	2124950	20	4.3
1527525726.09	4300	59.999169	0.0	2246506	8	4.3
1527525730.44	4300	59.998261	0.0	1961140	22	4.3
1527525734.3	4300	59.748386	0.0	2155012	26	4.3
1527525736.13	4300	59.928294	0.0	1433658	16	4.3

