1527451461.26	750	4	0.029	2354772	7	-0.12470000000000003
1527451461.64	4300	7.957748	0.0	2123065	24	0.75
1527451461.98	4300	11.620767	0.0	2177073	24	4.3
1527451462.31	4300	15.286155	0.0	2160877	20	4.3
1527451462.64	4300	18.953081	0.0	2233056	21	4.3
1527451462.96	4300	22.634595	0.0	1941625	13	4.3
1527451463.3	4300	26.301378	0.0	2157535	24	4.3
1527451463.63	4300	29.963476	0.0	2290172	21	4.3
1527451463.97	4300	33.62396	0.0	2055469	21	4.3
1527451464.31	4300	37.283656	0.0	2169201	25	4.3
1527451464.65	4300	40.94391	0.0	2173522	21	4.3
1527451464.99	4300	44.603479	0.0	2102452	25	4.3
1527451465.32	4300	48.272928	0.0	2209463	19	4.3
1527451465.66	4300	51.934179	0.0	2275376	25	4.3
1527451466.0	4300	55.600787	0.0	2005399	21	4.3
1527451466.33	4300	59.267702	0.0	2152483	21	4.3
1527451470.17	4300	59.498922	0.0	2289689	19	4.3
1527451474.01	4300	59.997884	0.0	2059512	18	4.3
1527451477.84	4300	59.998432	0.0	2220726	11	4.3
1527451481.68	4300	59.998662	0.0	2156729	23	4.3
1527451486.03	4300	59.997645	0.0	2039773	20	4.3
1527451489.88	4300	59.748316	0.0	2176469	24	4.3
1527451494.22	4300	59.747656	0.0	2221506	21	4.3
1527451498.07	4300	59.747669	0.0	2044075	20	4.3
1527451501.93	4300	59.749566	0.0	2186790	24	4.3
1527451505.78	4300	59.999428	0.0	2105231	24	4.3
1527451510.13	4300	59.749019	0.0	2395588	22	4.3
1527451513.98	4300	59.998702	0.0	1972048	24	4.3
1527451517.83	4300	59.997508	0.0	2134614	24	4.3
1527451521.68	4300	59.998309	0.0	2164140	25	4.3
1527451526.02	4300	59.748088	0.0	2113193	20	4.3
1527451529.87	4300	59.748824	0.0	2147852	24	4.3
1527451534.21	4300	59.747586	0.0	2191074	21	4.3
1527451538.06	4300	59.749047	0.0	2286761	24	4.3
1527451541.9	4300	59.749206	0.0	2307787	22	4.3
1527451545.74	4300	59.997764	0.0	2143948	18	4.3
1527451550.09	4300	59.747867	0.0	1919781	20	4.3
1527451553.94	4300	59.998654	0.0	2147467	20	4.3
1527451557.81	4300	59.997771	0.0	2133870	39	4.3
1527451561.66	4300	59.998653	0.0	2146120	23	4.3
1527451566.01	4300	59.748316	0.0	2108491	22	4.3
1527451569.86	4300	59.748458	0.0	2184571	23	4.3
1527451573.7	4300	59.998716	0.0	2121928	21	4.3
1527451578.05	4300	59.748918	0.0	2219102	20	4.3
1527451581.9	4300	59.748579	0.0	2124950	19	4.3
1527451586.25	4300	59.498029	0.0	2246506	24	4.3
1527451590.1	4300	59.49857	0.0	1961140	20	4.3
1527451593.95	4300	59.747548	0.0	2155012	23	4.3
1527451595.79	4300	59.67844	0.0	1433658	14	4.3

1527451596.55	750	4	0.016	668286	4	-0.06879999999999997
1527451596.9	4300	7.957134	0.0	2123065	17	0.75
1527451597.24	4300	11.61159	0.0	2177073	28	4.3
1527451597.58	4300	15.274295	0.0	2160877	23	4.3
1527451597.91	4300	18.94009	0.0	2233056	21	4.3
1527451598.26	4300	22.600255	0.0	1941625	21	4.3
1527451598.6	4300	26.257683	0.0	2157535	25	4.3
1527451598.93	4300	29.921117	0.0	2290172	21	4.3
1527451599.25	4300	33.599514	0.0	2055469	14	4.3
1527451599.59	4300	37.266114	0.0	2169201	23	4.3
1527451599.92	4300	40.932844	0.0	2173522	21	4.3
1527451600.25	4300	44.601878	0.0	2102452	19	4.3
1527451600.6	4300	48.259579	0.0	2209463	20	4.3
1527451600.94	4300	51.913516	0.0	2275376	17	4.3
1527451601.26	4300	55.595802	0.0	2005399	12	4.3
1527451601.6	4300	59.258603	0.0	2152483	24	4.3
1527451604.94	4300	59.998392	0.0	2289689	22	4.3
1527451609.3	4300	59.74916	0.0	2059512	22	4.3
1527451613.15	4300	59.748583	0.0	2220726	23	4.3
1527451617.49	4300	59.749677	0.0	2156729	21	4.3
1527451621.34	4300	59.748944	0.0	2039773	23	4.3
1527451625.18	4300	59.999122	0.0	2176469	23	4.3
1527451629.03	4300	59.999107	0.0	2221506	20	4.3
1527451633.38	4300	59.497772	0.0	2044075	23	4.3
1527451637.23	4300	59.997616	0.0	2186790	24	4.3
1527451641.08	4300	59.999021	0.0	2105231	22	4.3
1527451645.43	4300	59.748756	0.0	2395588	20	4.3
1527451649.27	4300	59.748739	0.0	1972048	19	4.3
1527451653.13	4300	59.998545	0.0	2134614	34	4.3
1527451656.98	4300	59.997923	0.0	2164140	24	4.3
1527451661.33	4300	59.998763	0.0	2113193	20	4.3
1527451665.17	4300	59.748535	0.0	2147852	23	4.3
1527451669.52	4300	59.49885	0.0	2191074	21	4.3
1527451672.87	4300	59.99766	0.0	2286761	22	4.3
1527451677.22	4300	59.998828	0.0	2307787	25	4.3
1527451681.57	4300	59.749222	0.0	2143948	25	4.3
1527451684.91	4300	59.998725	0.0	1919781	22	4.3
1527451689.26	4300	59.747811	0.0	2147467	20	4.3
1527451693.61	4300	59.490491	0.0	2133870	22	4.3
1527451697.45	4300	59.498536	0.0	2146120	23	4.3
1527451701.3	4300	59.748539	0.0	2108491	19	4.3
1527451705.15	4300	59.74907	0.0	2184571	24	4.3
1527451709.5	4300	59.747711	0.0	2121928	23	4.3
1527451713.35	4300	59.998938	0.0	2219102	24	4.3
1527451717.19	4300	59.74829	0.0	2124950	21	4.3
1527451721.04	4300	59.997937	0.0	2246506	19	4.3
1527451725.39	4300	59.748677	0.0	1961140	21	4.3
1527451729.24	4300	59.748783	0.0	2155012	22	4.3
1527451731.08	4300	59.928964	0.0	1433658	16	4.3

1527451731.83	750	4	0.015	668286	2	-0.0645
1527451732.18	4300	7.953062	0.0	2123065	16	0.75
1527451732.53	4300	11.603632	0.0	2177073	26	4.3
1527451732.88	4300	15.253932	0.0	2160877	22	4.3
1527451733.22	4300	18.91354	0.0	2233056	22	4.3
1527451733.56	4300	22.570984	0.0	1941625	21	4.3
1527451733.9	4300	26.233795	0.0	2157535	25	4.3
1527451734.24	4300	29.898009	0.0	2290172	23	4.3
1527451734.57	4300	33.569004	0.0	2055469	17	4.3
1527451734.9	4300	37.23563	0.0	2169201	21	4.3
1527451735.24	4300	40.890594	0.0	2173522	26	4.3
1527451735.58	4300	44.553143	0.0	2102452	24	4.3
1527451735.92	4300	48.217345	0.0	2209463	21	4.3
1527451736.28	4300	51.855593	0.0	2275376	42	4.3
1527451736.62	4300	55.513019	0.0	2005399	22	4.3
1527451736.96	4300	59.172853	0.0	2152483	24	4.3
1527451740.81	4300	59.498359	0.0	2289689	21	4.3
1527451744.16	4300	59.998715	0.0	2059512	23	4.3
1527451748.53	4300	59.74971	0.0	2220726	35	4.3
1527451752.87	4300	59.749078	0.0	2156729	19	4.3
1527451756.23	4300	59.997933	0.0	2039773	22	4.3
1527451760.56	4300	59.998924	0.0	2176469	13	4.3
1527451764.41	4300	59.748725	0.0	2221506	25	4.3
1527451768.25	4300	59.999451	0.0	2044075	22	4.3
1527451772.6	4300	59.747925	0.0	2186790	21	4.3
1527451776.45	4300	59.999172	0.0	2105231	19	4.3
1527451780.29	4300	59.998281	0.0	2395588	20	4.3
1527451784.14	4300	59.999063	0.0	1972048	21	4.3
1527451788.49	4300	59.749441	0.0	2134614	24	4.3
1527451792.84	4300	59.498923	0.0	2164140	24	4.3
1527451796.69	4300	59.498654	0.0	2113193	23	4.3
1527451800.54	4300	59.998767	0.0	2147852	23	4.3
1527451804.88	4300	59.498796	0.0	2191074	20	4.3
1527451808.23	4300	59.998413	0.0	2286761	21	4.3
1527451812.58	4300	59.99779	0.0	2307787	25	4.3
1527451816.43	4300	59.749465	0.0	2143948	23	4.3
1527451820.28	4300	59.999432	0.0	1919781	18	4.3
