1527402213.89	750	4	0.027	2354772	8	-0.11609999999999998
1527402214.26	4300	7.968328	0.0	2123065	18	0.75
1527402214.59	4300	11.635461	0.0	2177073	14	4.3
1527402214.93	4300	15.291727	0.0	2160877	25	4.3
1527402215.27	4300	18.955791	0.0	2233056	24	4.3
1527402215.6	4300	22.624259	0.0	1941625	20	4.3
1527402215.93	4300	26.292299	0.0	2157535	21	4.3
1527402216.27	4300	29.956922	0.0	2290172	22	4.3
1527402216.61	4300	33.61609	0.0	2055469	22	4.3
1527402216.95	4300	37.276584	0.0	2169201	24	4.3
1527402217.29	4300	40.936767	0.0	2173522	21	4.3
1527402217.63	4300	44.598912	0.0	2102452	24	4.3
1527402217.97	4300	48.257688	0.0	2209463	26	4.3
1527402218.3	4300	51.92401	0.0	2275376	21	4.3
1527402218.63	4300	55.592645	0.0	2005399	21	4.3
1527402218.97	4300	59.259856	0.0	2152483	21	4.3
1527402222.32	4300	59.999265	0.0	2289689	25	4.3
1527402226.66	4300	59.748817	0.0	2059512	19	4.3
1527402230.51	4300	59.74819	0.0	2220726	25	4.3
1527402234.86	4300	59.498015	0.0	2156729	21	4.3
1527402238.7	4300	59.749369	0.0	2039773	21	4.3
1527402242.54	4300	59.747729	0.0	2176469	22	4.3
1527402246.89	4300	59.498587	0.0	2221506	20	4.3
1527402250.73	4300	59.499388	0.0	2044075	21	4.3
1527402254.58	4300	59.99861	0.0	2186790	21	4.3
1527402258.93	4300	59.498689	0.0	2105231	23	4.3
1527402262.29	4300	59.998384	0.0	2395588	27	4.3
1527402266.63	4300	59.999049	0.0	1972048	16	4.3
1527402270.47	4300	59.998826	0.0	2134614	22	4.3
1527402274.32	4300	59.997932	0.0	2164140	21	4.3
1527402278.68	4300	59.749369	0.0	2113193	25	4.3
1527402282.53	4300	59.748936	0.0	2147852	22	4.3
1527402286.88	4300	59.498257	0.0	2191074	22	4.3
1527402290.73	4300	59.748007	0.0	2286761	22	4.3
1527402294.57	4300	59.997838	0.0	2307787	19	4.3
1527402298.43	4300	59.997732	0.0	2143948	24	4.3
1527402302.77	4300	59.498036	0.0	1919781	21	4.3
1527402306.62	4300	59.997489	0.0	2147467	24	4.3
1527402310.48	4300	59.748611	0.0	2133870	34	4.3
1527402314.84	4300	59.497582	0.0	2146120	23	4.3
1527402318.69	4300	59.747951	0.0	2108491	25	4.3
1527402322.53	4300	59.998507	0.0	2184571	20	4.3
1527402326.39	4300	59.998896	0.0	2121928	23	4.3
1527402330.24	4300	59.998269	0.0	2219102	24	4.3
1527402334.59	4300	59.748605	0.0	2124950	20	4.3
1527402338.45	4300	59.998366	0.0	2246506	25	4.3
1527402342.29	4300	59.999098	0.0	1961140	22	4.3
1527402346.64	4300	59.99852	0.0	2155012	20	4.3
1527402348.49	4300	59.677606	0.0	1433658	21	4.3

1527402349.25	750	4	0.02	668286	3	-0.08599999999999997
1527402349.6	4300	7.955393	0.0	2123065	14	0.75
1527402349.94	4300	11.611899	0.0	2177073	24	4.3
1527402350.28	4300	15.271995	0.0	2160877	17	4.3
1527402350.62	4300	18.937659	0.0	2233056	18	4.3
1527402350.98	4300	22.598701	0.0	1941625	21	4.3
1527402351.32	4300	26.230635	0.0	2157535	24	4.3
1527402351.66	4300	29.890948	0.0	2290172	23	4.3
1527402351.99	4300	33.560516	0.0	2055469	18	4.3
1527402352.33	4300	37.218279	0.0	2169201	25	4.3
1527402352.67	4300	40.881132	0.0	2173522	23	4.3
1527402353.01	4300	44.546939	0.0	2102452	22	4.3
1527402353.35	4300	48.204415	0.0	2209463	22	4.3
1527402353.69	4300	51.861847	0.0	2275376	27	4.3
1527402354.03	4300	55.527763	0.0	2005399	21	4.3
1527402354.36	4300	59.193294	0.0	2152483	21	4.3
1527402357.7	4300	59.999041	0.0	2289689	20	4.3
1527402362.05	4300	59.748787	0.0	2059512	22	4.3
1527402365.91	4300	59.999213	0.0	2220726	32	4.3
1527402369.76	4300	59.999497	0.0	2156729	21	4.3
1527402374.11	4300	59.749152	0.0	2039773	23	4.3
1527402377.96	4300	59.748547	0.0	2176469	23	4.3
1527402381.81	4300	59.748518	0.0	2221506	24	4.3
1527402386.15	4300	59.747719	0.0	2044075	19	4.3
1527402389.99	4300	59.998716	0.0	2186790	22	4.3
1527402393.84	4300	59.748923	0.0	2105231	22	4.3
1527402398.2	4300	59.748738	0.0	2395588	26	4.3
1527402402.05	4300	59.749408	0.0	1972048	23	4.3
1527402405.91	4300	59.997855	0.0	2134614	37	4.3
1527402409.76	4300	59.999271	0.0	2164140	24	4.3
1527402414.11	4300	59.749128	0.0	2113193	23	4.3
1527402417.96	4300	59.748795	0.0	2147852	23	4.3
1527402421.81	4300	59.997688	0.0	2191074	21	4.3
1527402425.66	4300	59.997775	0.0	2286761	24	4.3
1527402430.01	4300	59.74875	0.0	2307787	24	4.3
1527402433.86	4300	59.749016	0.0	2143948	23	4.3
1527402438.2	4300	59.498425	0.0	1919781	17	4.3
1527402442.05	4300	59.9974	0.0	2147467	24	4.3
1527402445.89	4300	59.749111	0.0	2133870	20	4.3
1527402449.75	4300	59.997501	0.0	2146120	34	4.3
1527402453.6	4300	59.997447	0.0	2108491	21	4.3
1527402457.95	4300	59.997524	0.0	2184571	20	4.3
1527402461.8	4300	59.999182	0.0	2121928	19	4.3
1527402465.65	4300	59.997447	0.0	2219102	25	4.3
1527402470.0	4300	59.749155	0.0	2124950	23	4.3
1527402473.85	4300	59.748052	0.0	2246506	25	4.3
1527402478.2	4300	59.498866	0.0	1961140	19	4.3
1527402482.04	4300	59.74869	0.0	2155012	22	4.3
1527402483.37	4300	59.928223	0.0	1433658	15	4.3

1527402484.15	750	4	0.015	668286	2	-0.0645
1527402484.5	4300	7.950887	0.0	2123065	21	0.75
1527402484.84	4300	11.613277	0.0	2177073	21	4.3
1527402485.18	4300	15.270531	0.0	2160877	24	4.3
1527402485.52	4300	18.933417	0.0	2233056	22	4.3
1527402485.86	4300	22.593128	0.0	1941625	21	4.3
1527402486.22	4300	26.237321	0.0	2157535	39	4.3
1527402486.56	4300	29.894738	0.0	2290172	25	4.3
1527402486.9	4300	33.557405	0.0	2055469	22	4.3
1527402487.23	4300	37.221939	0.0	2169201	20	4.3
1527402487.58	4300	40.87595	0.0	2173522	24	4.3
1527402487.92	4300	44.537316	0.0	2102452	22	4.3
1527402488.26	4300	48.200659	0.0	2209463	20	4.3
1527402488.59	4300	51.866349	0.0	2275376	17	4.3
1527402488.93	4300	55.520405	0.0	2005399	21	4.3
1527402489.27	4300	59.182273	0.0	2152483	27	4.3
1527402493.12	4300	59.498874	0.0	2289689	19	4.3
1527402496.98	4300	59.749217	0.0	2059512	22	4.3
1527402500.82	4300	59.998894	0.0	2220726	21	4.3
1527402505.17	4300	59.49918	0.0	2156729	21	4.3
1527402509.01	4300	59.498816	0.0	2039773	19	4.3
1527402512.87	4300	59.99877	0.0	2176469	24	4.3
1527402516.72	4300	59.749141	0.0	2221506	25	4.3
1527402521.06	4300	59.748014	0.0	2044075	20	4.3
1527402524.93	4300	59.749064	0.0	2186790	23	4.3
1527402528.77	4300	59.99913	0.0	2105231	25	4.3
1527402532.62	4300	59.997764	0.0	2395588	25	4.3
1527402536.96	4300	59.74809	0.0	1972048	19	4.3
1527402540.82	4300	59.747991	0.0	2134614	34	4.3
1527402544.67	4300	59.999409	0.0	2164140	25	4.3
