1527466442.58	750	4	0.025	2354772	7	-0.10750000000000004
1527466442.97	4300	7.962733	0.0	2123065	22	0.75
1527466443.36	4300	11.57163	0.0	2177073	27	4.3
1527466443.75	4300	15.183712	0.0	2160877	24	4.3
1527466444.13	4300	18.795387	0.0	2233056	25	4.3
1527466444.52	4300	22.409699	0.0	1941625	21	4.3
1527466444.91	4300	26.017944	0.0	2157535	23	4.3
1527466445.3	4300	29.627505	0.0	2290172	25	4.3
1527466445.69	4300	33.238765	0.0	2055469	24	4.3
1527466446.08	4300	36.848874	0.0	2169201	27	4.3
1527466446.48	4300	40.45084	0.0	2173522	24	4.3
1527466446.87	4300	44.06032	0.0	2102452	14	4.3
1527466447.26	4300	47.674856	0.0	2209463	26	4.3
1527466447.65	4300	51.284626	0.0	2275376	27	4.3
1527466448.03	4300	54.896544	0.0	2005399	22	4.3
1527466448.42	4300	58.506484	0.0	2152483	24	4.3
1527466451.32	4300	59.749084	0.0	2289689	26	4.3
1527466455.21	4300	59.749158	0.0	2059512	18	4.3
1527466459.12	4300	59.998877	0.0	2220726	22	4.3
1527466463.52	4300	59.748477	0.0	2156729	19	4.3
1527466467.41	4300	59.749524	0.0	2039773	22	4.3
1527466471.31	4300	59.748808	0.0	2176469	23	4.3
1527466475.21	4300	59.749031	0.0	2221506	25	4.3
1527466479.61	4300	59.749116	0.0	2044075	21	4.3
1527466483.0	4300	59.999069	0.0	2186790	18	4.3
1527466487.4	4300	59.99856	0.0	2105231	19	4.3
1527466491.3	4300	59.747982	0.0	2395588	26	4.3
1527466495.2	4300	59.998154	0.0	1972048	22	4.3
1527466499.1	4300	59.998322	0.0	2134614	23	4.3
1527466503.0	4300	59.998025	0.0	2164140	24	4.3
1527466507.4	4300	59.748498	0.0	2113193	24	4.3
1527466511.3	4300	59.99863	0.0	2147852	24	4.3
1527466515.21	4300	59.74906	0.0	2191074	25	4.3
1527466519.62	4300	59.748818	0.0	2286761	25	4.3
1527466523.51	4300	59.748696	0.0	2307787	24	4.3
1527466527.42	4300	59.747967	0.0	2143948	24	4.3
1527466531.31	4300	59.74898	0.0	1919781	20	4.3
1527466535.21	4300	59.748843	0.0	2147467	25	4.3
1527466539.11	4300	59.997849	0.0	2133870	24	4.3
1527466543.02	4300	59.997885	0.0	2146120	25	4.3
1527466547.42	4300	59.997833	0.0	2108491	23	4.3
1527466551.31	4300	59.747618	0.0	2184571	28	4.3
1527466555.21	4300	59.748745	0.0	2121928	21	4.3
1527466559.1	4300	59.999211	0.0	2219102	21	4.3
1527466563.51	4300	59.747428	0.0	2124950	24	4.3
1527466567.39	4300	59.998375	0.0	2246506	20	4.3
1527466571.27	4300	59.74744	0.0	1961140	22	4.3
1527466575.15	4300	59.998311	0.0	2155012	25	4.3
1527466577.0	4300	59.675614	0.0	1433658	17	4.3

1527466577.73	750	4	0.014	668286	2	-0.06020000000000003
1527466578.13	4300	7.954079	0.0	2123065	19	0.75
1527466578.51	4300	11.56634	0.0	2177073	22	4.3
1527466578.9	4300	15.185461	0.0	2160877	25	4.3
1527466579.29	4300	18.795393	0.0	2233056	24	4.3
1527466579.68	4300	22.401945	0.0	1941625	21	4.3
1527466580.07	4300	26.010666	0.0	2157535	18	4.3
1527466580.46	4300	29.621392	0.0	2290172	25	4.3
1527466580.85	4300	33.232548	0.0	2055469	24	4.3
1527466581.24	4300	36.836777	0.0	2169201	20	4.3
1527466581.63	4300	40.45088	0.0	2173522	23	4.3
1527466582.01	4300	44.070913	0.0	2102452	15	4.3
1527466582.39	4300	47.690371	0.0	2209463	19	4.3
1527466582.77	4300	51.309942	0.0	2275376	23	4.3
1527466583.16	4300	54.918924	0.0	2005399	21	4.3
1527466583.56	4300	58.526679	0.0	2152483	12	4.3
1527466586.48	4300	59.999189	0.0	2289689	25	4.3
1527466590.36	4300	59.749111	0.0	2059512	19	4.3
1527466594.26	4300	59.999407	0.0	2220726	24	4.3
1527466598.16	4300	59.999376	0.0	2156729	24	4.3
1527466602.58	4300	59.749314	0.0	2039773	22	4.3
1527466606.49	4300	59.998548	0.0	2176469	24	4.3
1527466610.38	4300	59.749104	0.0	2221506	17	4.3
1527466614.27	4300	59.999334	0.0	2044075	22	4.3
1527466618.67	4300	59.748109	0.0	2186790	25	4.3
1527466622.56	4300	59.749203	0.0	2105231	20	4.3
1527466626.43	4300	59.749668	0.0	2395588	8	4.3
1527466630.82	4300	59.499276	0.0	1972048	21	4.3
1527466634.72	4300	59.748948	0.0	2134614	31	4.3
1527466638.63	4300	59.748828	0.0	2164140	25	4.3
1527466642.52	4300	59.749149	0.0	2113193	24	4.3
1527466646.42	4300	59.998588	0.0	2147852	24	4.3
1527466650.81	4300	59.499083	0.0	2191074	19	4.3
1527466654.21	4300	59.998891	0.0	2286761	26	4.3
1527466658.1	4300	59.997905	0.0	2307787	26	4.3
1527466662.5	4300	59.749281	0.0	2143948	24	4.3
1527466666.39	4300	59.7496	0.0	1919781	17	4.3
1527466670.79	4300	59.748732	0.0	2147467	24	4.3
1527466674.19	4300	59.999021	0.0	2133870	25	4.3
1527466678.1	4300	59.999141	0.0	2146120	38	4.3
1527466682.49	4300	59.998837	0.0	2108491	17	4.3
1527466686.39	4300	59.748307	0.0	2184571	35	4.3
1527466690.79	4300	59.748671	0.0	2121928	25	4.3
1527466694.18	4300	59.997889	0.0	2219102	19	4.3
1527466698.58	4300	59.748335	0.0	2124950	16	4.3
1527466702.47	4300	59.997862	0.0	2246506	24	4.3
1527466706.36	4300	59.99804	0.0	1961140	20	4.3
1527466710.26	4300	59.998799	0.0	2155012	24	4.3
1527466712.11	4300	59.660571	0.0	1433658	16	4.3

1527466712.86	750	4	0.016	668286	2	-0.06879999999999997
1527466713.25	4300	7.957298	0.0	2123065	15	0.75
1527466713.64	4300	11.566839	0.0	2177073	20	4.3
1527466714.02	4300	15.183923	0.0	2160877	22	4.3
1527466714.41	4300	18.794431	0.0	2233056	24	4.3
1527466714.8	4300	22.407261	0.0	1941625	22	4.3
1527466715.2	4300	26.011956	0.0	2157535	29	4.3
1527466715.58	4300	29.627633	0.0	2290172	26	4.3
1527466715.97	4300	33.241654	0.0	2055469	23	4.3
1527466716.35	4300	36.852834	0.0	2169201	24	4.3
1527466716.75	4300	40.462392	0.0	2173522	25	4.3
1527466717.14	4300	44.06891	0.0	2102452	26	4.3
1527466717.53	4300	47.677908	0.0	2209463	27	4.3
1527466717.92	4300	51.290515	0.0	2275376	27	4.3
1527466718.3	4300	54.912225	0.0	2005399	13	4.3
1527466718.68	4300	58.528422	0.0	2152483	9	4.3
1527466721.57	4300	59.749023	0.0	2289689	24	4.3
1527466725.48	4300	59.998552	0.0	2059512	23	4.3
1527466729.88	4300	59.748351	0.0	2220726	25	4.3
1527466733.77	4300	59.498435	0.0	2156729	21	4.3
1527466737.66	4300	59.998258	0.0	2039773	20	4.3
1527466741.56	4300	59.999166	0.0	2176469	25	4.3
1527466745.46	4300	59.748118	0.0	2221506	25	4.3
1527466749.86	4300	59.497787	0.0	2044075	22	4.3
1527466753.76	4300	59.499401	0.0	2186790	26	4.3
1527466757.65	4300	59.749557	0.0	2105231	17	4.3
1527466761.54	4300	59.998095	0.0	2395588	26	4.3
1527466765.44	4300	59.998797	0.0	1972048	21	4.3
1527466769.34	4300	59.999424	0.0	2134614	24	4.3
1527466773.74	4300	59.749035	0.0	2164140	24	4.3
1527466777.64	4300	59.74885	0.0	2113193	22	4.3
1527466781.53	4300	59.748155	0.0	2147852	19	4.3
1527466785.43	4300	59.998113	0.0	2191074	23	4.3
1527466789.32	4300	59.997939	0.0	2286761	23	4.3
1527466793.22	4300	59.999397	0.0	2307787	25	4.3
1527466797.62	4300	59.74938	0.0	2143948	23	4.3
