1527426837.82	750	4	0.028	2354772	7	-0.12039999999999995
1527426838.2	4300	7.962893	0.0	2123065	23	0.75
1527426838.53	4300	11.626467	0.0	2177073	21	4.3
1527426838.87	4300	15.290318	0.0	2160877	19	4.3
1527426839.21	4300	18.946382	0.0	2233056	25	4.3
1527426839.55	4300	22.611523	0.0	1941625	20	4.3
1527426839.88	4300	26.277894	0.0	2157535	19	4.3
1527426840.22	4300	29.937019	0.0	2290172	20	4.3
1527426840.54	4300	33.623574	0.0	2055469	10	4.3
1527426840.88	4300	37.285616	0.0	2169201	21	4.3
1527426841.22	4300	40.934354	0.0	2173522	24	4.3
1527426841.57	4300	44.592225	0.0	2102452	11	4.3
1527426841.91	4300	48.24707	0.0	2209463	25	4.3
1527426842.25	4300	51.910214	0.0	2275376	23	4.3
1527426842.58	4300	55.575417	0.0	2005399	18	4.3
1527426842.92	4300	59.242822	0.0	2152483	19	4.3
1527426846.77	4300	59.498836	0.0	2289689	26	4.3
1527426850.62	4300	59.998315	0.0	2059512	23	4.3
1527426854.47	4300	59.749139	0.0	2220726	21	4.3
1527426858.83	4300	59.747779	0.0	2156729	27	4.3
1527426862.67	4300	59.747858	0.0	2039773	14	4.3
1527426866.52	4300	59.749064	0.0	2176469	25	4.3
1527426870.87	4300	59.497677	0.0	2221506	21	4.3
1527426874.72	4300	59.498931	0.0	2044075	24	4.3
1527426878.58	4300	59.749338	0.0	2186790	26	4.3
1527426882.42	4300	59.749523	0.0	2105231	21	4.3
1527426886.27	4300	59.998035	0.0	2395588	21	4.3
1527426890.62	4300	59.749479	0.0	1972048	23	4.3
1527426894.48	4300	59.748878	0.0	2134614	25	4.3
1527426898.83	4300	59.748944	0.0	2164140	23	4.3
1527426902.17	4300	59.998687	0.0	2113193	19	4.3
1527426906.52	4300	59.749547	0.0	2147852	23	4.3
1527426910.38	4300	59.999352	0.0	2191074	25	4.3
1527426914.73	4300	59.498887	0.0	2286761	23	4.3
1527426918.59	4300	59.749063	0.0	2307787	18	4.3
1527426922.44	4300	59.749494	0.0	2143948	24	4.3
1527426926.28	4300	59.998744	0.0	1919781	20	4.3
1527426930.63	4300	59.747697	0.0	2147467	21	4.3
1527426934.49	4300	59.747844	0.0	2133870	33	4.3
1527426938.34	4300	59.999319	0.0	2146120	24	4.3
1527426942.19	4300	59.998937	0.0	2108491	21	4.3
1527426946.55	4300	59.748957	0.0	2184571	25	4.3
1527426950.4	4300	59.998638	0.0	2121928	24	4.3
1527426954.24	4300	59.997808	0.0	2219102	23	4.3
1527426958.59	4300	59.997628	0.0	2124950	21	4.3
1527426962.44	4300	59.749431	0.0	2246506	24	4.3
1527426966.8	4300	59.499245	0.0	1961140	21	4.3
1527426970.65	4300	59.748632	0.0	2155012	24	4.3
1527426971.99	4300	59.928734	0.0	1433658	21	4.3

1527426972.75	750	4	0.016	668286	5	-0.06879999999999997
1527426973.1	4300	7.952571	0.0	2123065	18	0.75
1527426973.44	4300	11.609151	0.0	2177073	28	4.3
1527426973.76	4300	15.290667	0.0	2160877	12	4.3
1527426974.1	4300	18.950645	0.0	2233056	25	4.3
1527426974.43	4300	22.617091	0.0	1941625	20	4.3
1527426974.77	4300	26.281637	0.0	2157535	20	4.3
1527426975.11	4300	29.936578	0.0	2290172	26	4.3
1527426975.45	4300	33.600338	0.0	2055469	21	4.3
1527426975.79	4300	37.263406	0.0	2169201	23	4.3
1527426976.12	4300	40.930936	0.0	2173522	17	4.3
1527426976.46	4300	44.587124	0.0	2102452	23	4.3
1527426976.81	4300	48.240773	0.0	2209463	24	4.3
1527426977.15	4300	51.896189	0.0	2275376	15	4.3
1527426977.49	4300	55.56119	0.0	2005399	22	4.3
1527426977.82	4300	59.226669	0.0	2152483	21	4.3
1527426981.18	4300	59.998498	0.0	2289689	25	4.3
1527426985.53	4300	59.749254	0.0	2059512	17	4.3
1527426989.38	4300	59.999182	0.0	2220726	23	4.3
1527426993.73	4300	59.749399	0.0	2156729	22	4.3
1527426997.08	4300	59.998329	0.0	2039773	24	4.3
1527427001.43	4300	59.99804	0.0	2176469	20	4.3
1527427005.27	4300	59.999394	0.0	2221506	21	4.3
1527427009.62	4300	59.749123	0.0	2044075	17	4.3
1527427013.47	4300	59.749412	0.0	2186790	22	4.3
1527427017.31	4300	59.998156	0.0	2105231	18	4.3
1527427021.65	4300	59.749459	0.0	2395588	18	4.3
1527427025.5	4300	59.998991	0.0	1972048	18	4.3
1527427029.35	4300	59.74881	0.0	2134614	30	4.3
1527427033.2	4300	59.998146	0.0	2164140	24	4.3
1527427037.54	4300	59.748285	0.0	2113193	18	4.3
1527427041.39	4300	59.748938	0.0	2147852	23	4.3
1527427045.73	4300	59.497938	0.0	2191074	19	4.3
1527427049.08	4300	59.998829	0.0	2286761	26	4.3
1527427053.44	4300	59.997956	0.0	2307787	26	4.3
1527427057.29	4300	59.998962	0.0	2143948	24	4.3
1527427061.13	4300	59.998425	0.0	1919781	21	4.3
1527427065.48	4300	59.749299	0.0	2147467	21	4.3
1527427069.34	4300	59.998066	0.0	2133870	19	4.3
1527427073.2	4300	59.999447	0.0	2146120	39	4.3
1527427077.06	4300	59.998196	0.0	2108491	24	4.3
1527427081.41	4300	59.749247	0.0	2184571	23	4.3
1527427085.26	4300	59.999099	0.0	2121928	23	4.3
1527427089.62	4300	59.498677	0.0	2219102	26	4.3
1527427093.45	4300	59.748568	0.0	2124950	11	4.3
1527427097.31	4300	59.749282	0.0	2246506	27	4.3
1527427101.15	4300	59.999299	0.0	1961140	20	4.3
1527427105.5	4300	59.748579	0.0	2155012	20	4.3
1527427107.34	4300	59.428592	0.0	1433658	16	4.3

1527427108.09	750	4	0.014	668286	4	-0.06020000000000003
1527427108.47	4300	7.949234	0.0	2123065	24	0.75
1527427108.82	4300	11.582196	0.0	2177073	27	4.3
1527427109.13	4300	15.26801	0.0	2160877	8	4.3
1527427109.46	4300	18.931361	0.0	2233056	24	4.3
1527427109.79	4300	22.600992	0.0	1941625	20	4.3
1527427110.13	4300	26.261478	0.0	2157535	22	4.3
1527427110.46	4300	29.93088	0.0	2290172	17	4.3
1527427110.8	4300	33.590805	0.0	2055469	23	4.3
1527427111.14	4300	37.252504	0.0	2169201	23	4.3
1527427111.48	4300	40.919564	0.0	2173522	21	4.3
1527427111.82	4300	44.575355	0.0	2102452	25	4.3
1527427112.16	4300	48.234378	0.0	2209463	25	4.3
1527427112.49	4300	51.901887	0.0	2275376	22	4.3
1527427112.82	4300	55.571538	0.0	2005399	20	4.3
1527427113.16	4300	59.238598	0.0	2152483	21	4.3
1527427116.5	4300	59.998143	0.0	2289689	21	4.3
1527427120.85	4300	59.748981	0.0	2059512	23	4.3
1527427124.7	4300	59.747939	0.0	2220726	24	4.3
1527427129.04	4300	59.499395	0.0	2156729	21	4.3
1527427132.89	4300	59.748066	0.0	2039773	23	4.3
1527427136.74	4300	59.998082	0.0	2176469	21	4.3
1527427141.1	4300	59.49853	0.0	2221506	25	4.3
1527427144.44	4300	59.999014	0.0	2044075	23	4.3
1527427148.79	4300	59.74933	0.0	2186790	20	4.3
1527427153.13	4300	59.499251	0.0	2105231	22	4.3
1527427156.98	4300	59.747989	0.0	2395588	26	4.3
1527427160.82	4300	59.749422	0.0	1972048	18	4.3
1527427164.67	4300	59.748501	0.0	2134614	21	4.3
1527427168.51	4300	59.999356	0.0	2164140	18	4.3
1527427172.87	4300	59.999167	0.0	2113193	23	4.3
1527427176.72	4300	59.747764	0.0	2147852	24	4.3
1527427180.57	4300	59.998909	0.0	2191074	20	4.3
1527427184.93	4300	59.499448	0.0	2286761	26	4.3
