1527526938.85	750	4	0.029	2354772	7	-0.12470000000000003
1527526939.23	4300	7.958744	0.0	2123065	26	0.75
1527526939.56	4300	11.624677	0.0	2177073	20	4.3
1527526939.89	4300	15.292576	0.0	2160877	22	4.3
1527526940.24	4300	18.946512	0.0	2233056	26	4.3
1527526940.57	4300	22.61073	0.0	1941625	21	4.3
1527526940.91	4300	26.275488	0.0	2157535	22	4.3
1527526941.24	4300	29.940998	0.0	2290172	22	4.3
1527526941.57	4300	33.612751	0.0	2055469	19	4.3
1527526941.89	4300	37.296127	0.0	2169201	13	4.3
1527526942.2	4300	40.980771	0.0	2173522	8	4.3
1527526942.55	4300	44.636556	0.0	2102452	10	4.3
1527526942.89	4300	48.296879	0.0	2209463	26	4.3
1527526943.22	4300	51.962612	0.0	2275376	23	4.3
1527526943.55	4300	55.631821	0.0	2005399	21	4.3
1527526943.87	4300	59.311459	0.0	2152483	14	4.3
1527526947.22	4300	59.99821	0.0	2289689	26	4.3
1527526951.57	4300	59.998951	0.0	2059512	23	4.3
1527526955.41	4300	59.998867	0.0	2220726	16	4.3
1527526959.73	4300	59.748379	0.0	2156729	7	4.3
1527526963.56	4300	59.749034	0.0	2039773	16	4.3
1527526967.91	4300	59.498726	0.0	2176469	20	4.3
1527526971.25	4300	59.999159	0.0	2221506	23	4.3
1527526975.6	4300	59.748374	0.0	2044075	22	4.3
1527526979.45	4300	59.998952	0.0	2186790	25	4.3
1527526983.31	4300	59.998599	0.0	2105231	19	4.3
1527526987.65	4300	59.749117	0.0	2395588	22	4.3
1527526991.5	4300	59.997767	0.0	1972048	30	4.3
1527526995.86	4300	59.499181	0.0	2134614	24	4.3
1527526999.71	4300	59.748541	0.0	2164140	31	4.3
1527527003.56	4300	59.998681	0.0	2113193	19	4.3
1527527007.91	4300	59.498715	0.0	2147852	26	4.3
1527527011.26	4300	59.997421	0.0	2191074	26	4.3
1527527015.61	4300	59.74884	0.0	2286761	21	4.3
1527527019.46	4300	59.74877	0.0	2307787	24	4.3
1527527023.3	4300	59.998803	0.0	2143948	18	4.3
1527527027.64	4300	59.748264	0.0	1919781	17	4.3
1527527031.49	4300	59.749148	0.0	2147467	20	4.3
1527527035.35	4300	59.998686	0.0	2133870	34	4.3
1527527039.69	4300	59.498193	0.0	2146120	24	4.3
1527527043.54	4300	59.74762	0.0	2108491	24	4.3
1527527047.89	4300	59.748294	0.0	2184571	20	4.3
1527527051.23	4300	59.997627	0.0	2121928	23	4.3
1527527055.59	4300	59.997562	0.0	2219102	25	4.3
1527527059.44	4300	59.998697	0.0	2124950	24	4.3
1527527063.79	4300	59.497654	0.0	2246506	19	4.3
1527527067.63	4300	59.997206	0.0	1961140	19	4.3
1527527071.46	4300	59.748925	0.0	2155012	8	4.3
1527527073.3	4300	59.677708	0.0	1433658	16	4.3

1527527074.05	750	4	0.018	668286	2	-0.07740000000000002
1527527074.4	4300	7.952225	0.0	2123065	17	0.75
1527527074.74	4300	11.60937	0.0	2177073	23	4.3
1527527075.08	4300	15.274138	0.0	2160877	21	4.3
1527527075.43	4300	18.924053	0.0	2233056	24	4.3
1527527075.76	4300	22.589157	0.0	1941625	22	4.3
1527527076.1	4300	26.255664	0.0	2157535	20	4.3
1527527076.44	4300	29.910538	0.0	2290172	24	4.3
1527527076.79	4300	33.565835	0.0	2055469	25	4.3
1527527077.13	4300	37.219344	0.0	2169201	25	4.3
1527527077.47	4300	40.880932	0.0	2173522	24	4.3
1527527077.8	4300	44.547972	0.0	2102452	20	4.3
1527527078.14	4300	48.208994	0.0	2209463	20	4.3
1527527078.5	4300	51.853754	0.0	2275376	15	4.3
1527527078.84	4300	55.51244	0.0	2005399	13	4.3
1527527079.18	4300	59.172632	0.0	2152483	23	4.3
1527527082.53	4300	59.998487	0.0	2289689	23	4.3
1527527086.88	4300	59.739249	0.0	2059512	22	4.3
1527527090.74	4300	59.748762	0.0	2220726	25	4.3
1527527094.57	4300	59.998649	0.0	2156729	18	4.3
1527527098.41	4300	59.997767	0.0	2039773	14	4.3
1527527102.75	4300	59.998848	0.0	2176469	24	4.3
1527527106.6	4300	59.99938	0.0	2221506	26	4.3
1527527110.45	4300	59.998925	0.0	2044075	20	4.3
1527527114.8	4300	59.749205	0.0	2186790	20	4.3
1527527118.64	4300	59.99905	0.0	2105231	19	4.3
1527527122.5	4300	59.997773	0.0	2395588	25	4.3
1527527126.85	4300	59.999235	0.0	1972048	20	4.3
1527527130.71	4300	59.74867	0.0	2134614	32	4.3
1527527134.56	4300	59.999203	0.0	2164140	25	4.3
1527527138.41	4300	59.99936	0.0	2113193	21	4.3
1527527143.0	4300	59.997829	0.0	2147852	18	4.3
1527527146.7	4300	59.748157	0.0	2191074	18	4.3
1527527150.55	4300	59.998664	0.0	2286761	25	4.3
1527527154.9	4300	59.747914	0.0	2307787	23	4.3
1527527158.75	4300	59.747536	0.0	2143948	21	4.3
1527527162.59	4300	59.997693	0.0	1919781	19	4.3
1527527166.43	4300	59.998501	0.0	2147467	21	4.3
1527527170.79	4300	59.749199	0.0	2133870	23	4.3
1527527174.66	4300	59.748075	0.0	2146120	44	4.3
1527527178.51	4300	59.998475	0.0	2108491	23	4.3
1527527182.86	4300	59.498425	0.0	2184571	21	4.3
