1527368891.34	750	4	0.016	450283	2	-0.06879999999999997
1527368893.83	4300	6.156622	0.0	2123065	1453	0.75
1527368894.48	4300	9.50515	0.0	2177073	169	4.3
1527368895.16	1850	12.826429	0.0	933276	20	-0.6000000000000001
1527368895.87	4300	16.118929	0.0	2233056	209	1.8499999999999996
1527368896.39	1850	19.600121	0.0	801058	24	-0.6000000000000001
1527368897.0	1850	22.994692	0.0	905515	142	1.85
1527368897.61	1850	26.382035	0.0	1060487	143	1.85
1527368898.09	1850	29.894953	0.0	852833	23	1.85
1527368898.77	4300	33.221179	0.0	2169201	191	1.8499999999999996
1527368899.4	4300	36.585357	0.0	2173522	162	4.3
1527368900.06	4300	39.964497	0.0	2102452	148	4.3
1527368900.68	4300	43.308651	0.0	2209463	148	4.3
1527368901.31	4300	46.675839	0.0	2275376	152	4.3
1527368901.96	4300	50.026596	0.0	2005399	169	4.3
1527368902.6	4300	53.385468	0.0	2152483	167	4.3
1527368903.53	4300	56.460684	0.0	2289689	450	4.3
1527368904.16	4300	59.824981	0.0	2059512	177	4.3
1527368908.47	4300	59.749344	0.0	2220726	306	4.3
1527368912.49	4300	59.749024	0.0	2156729	1016	4.3
1527368916.47	4300	59.749257	0.0	2039773	1018	4.3
1527368920.47	4300	59.99929	0.0	2176469	1020	4.3
1527368924.47	4300	59.748526	0.0	2221506	1021	4.3
1527368928.46	4300	59.749732	0.0	2044075	1015	4.3
1527368932.45	4300	59.749491	0.0	2186790	1017	4.3
1527368936.44	4300	59.998108	0.0	2105231	1016	4.3
1527368940.09	4300	59.997831	0.0	2395588	1168	4.3
1527368944.08	4300	59.999132	0.0	1972048	1014	4.3
1527368948.57	4300	59.748814	0.0	2134614	1023	4.3
1527368952.09	4300	59.998776	0.0	2164140	1017	4.3
1527368956.58	4300	59.749078	0.0	2113193	1019	4.3
1527368960.59	4300	59.498924	0.0	2147852	1016	4.3
1527368964.57	4300	59.74798	0.0	2191074	1018	4.3
1527368968.06	4300	59.999133	0.0	2286761	1018	4.3
1527368972.06	4300	59.998257	0.0	2307787	1019	4.3
1527368976.69	4300	59.498957	0.0	2143948	1155	4.3
1527368980.66	4300	59.498068	0.0	1919781	1007	4.3
1527368984.29	4300	59.748604	0.0	2147467	1151	4.3
1527368988.27	4300	59.998134	0.0	2133870	1014	4.3
1527368992.29	4300	59.997628	0.0	2146120	1014	4.3
1527368996.27	4300	59.998793	0.0	2108491	1012	4.3
1527369000.26	4300	59.999236	0.0	2184571	1013	4.3
1527369004.25	4300	59.748567	0.0	2121928	1012	4.3
1527369008.24	4300	59.999495	0.0	2219102	1016	4.3
1527369012.23	4300	59.999243	0.0	2124950	1012	4.3
1527369016.24	4300	59.99894	0.0	2246506	1018	4.3
1527369020.72	4300	59.747948	0.0	1961140	1010	4.3
1527369024.21	4300	59.999354	0.0	2155012	1012	4.3
1527369026.06	4300	59.928368	0.0	1433658	877	4.3

1527369027.99	750	4	1.197	668286	999	-5.147099999999999
1527369028.8	1850	7.495141	0.0	957685	290	0.75
1527369029.14	4300	11.147368	0.0	2177073	15	1.8499999999999996
1527369030.07	4300	14.219461	0.0	2160877	431	4.3
1527369030.41	4300	17.88022	0.0	2233056	24	4.3
1527369031.18	4300	21.109534	0.0	1941625	289	4.3
1527369031.81	4300	24.475865	0.0	2157535	166	4.3
1527369032.46	4300	27.835452	0.0	2290172	170	4.3
1527369032.8	1850	31.492458	0.0	852833	12	-0.6000000000000001
1527369033.14	4300	35.150627	0.0	2169201	24	1.8499999999999996
1527369033.48	4300	38.814559	0.0	2173522	20	4.3
1527369033.82	4300	42.469782	0.0	2102452	24	4.3
1527369034.16	4300	46.131117	0.0	2209463	23	4.3
1527369034.5	4300	49.79125	0.0	2275376	21	4.3
1527369034.84	4300	53.449112	0.0	2005399	23	4.3
1527369035.18	4300	57.112585	0.0	2152483	24	4.3
1527369037.02	4300	59.499119	0.0	2289689	21	4.3
1527369040.37	4300	59.998428	0.0	2059512	22	4.3
1527369044.74	4300	59.748488	0.0	2220726	24	4.3
1527369048.59	4300	59.99789	0.0	2156729	23	4.3
1527369052.94	4300	59.498732	0.0	2039773	30	4.3
1527369056.8	4300	59.498311	0.0	2176469	23	4.3
1527369060.65	4300	59.99782	0.0	2221506	25	4.3
1527369065.0	4300	59.747787	0.0	2044075	21	4.3
1527369068.84	4300	59.748964	0.0	2186790	21	4.3
1527369072.7	4300	59.749603	0.0	2105231	24	4.3
1527369076.55	4300	59.749213	0.0	2395588	26	4.3
1527369080.39	4300	59.999214	0.0	1972048	20	4.3
1527369084.74	4300	59.74863	0.0	2134614	19	4.3
1527369088.58	4300	59.748631	0.0	2164140	21	4.3
1527369092.99	4300	59.747544	0.0	2113193	43	4.3
1527369096.33	4300	59.997994	0.0	2147852	18	4.3
1527369100.69	4300	59.748781	0.0	2191074	24	4.3
1527369105.04	4300	59.498536	0.0	2286761	27	4.3
1527369108.39	4300	59.9988	0.0	2307787	26	4.3
1527369112.75	4300	59.749235	0.0	2143948	24	4.3
1527369116.6	4300	59.748125	0.0	1919781	20	4.3
1527369120.45	4300	59.998477	0.0	2147467	21	4.3
1527369124.8	4300	59.499046	0.0	2133870	25	4.3
1527369128.65	4300	59.747997	0.0	2146120	25	4.3
1527369133.0	4300	59.498903	0.0	2108491	22	4.3
1527369136.36	4300	59.999241	0.0	2184571	35	4.3
1527369140.72	4300	59.748747	0.0	2121928	23	4.3
1527369144.56	4300	59.748687	0.0	2219102	22	4.3
1527369148.42	4300	59.998712	0.0	2124950	24	4.3
1527369152.77	4300	59.748225	0.0	2246506	24	4.3
1527369156.62	4300	59.749226	0.0	1961140	23	4.3
1527369160.46	4300	59.997437	0.0	2155012	20	4.3
1527369162.29	4300	59.678691	0.0	1433658	15	4.3

1527369163.05	750	4	0.019	668286	5	-0.0817
1527369163.4	4300	7.945227	0.0	2123065	25	0.75
1527369163.74	4300	11.609708	0.0	2177073	18	4.3
1527369164.08	4300	15.264275	0.0	2160877	25	4.3
1527369164.42	4300	18.927147	0.0	2233056	24	4.3
1527369164.76	4300	22.588685	0.0	1941625	20	4.3
1527369165.1	4300	26.246933	0.0	2157535	24	4.3
1527369165.44	4300	29.908236	0.0	2290172	25	4.3
1527369167.39	4300	31.962393	0.0	2055469	1457	4.3
1527369167.72	4300	35.623499	0.0	2169201	22	4.3
1527369168.06	4300	39.286576	0.0	2173522	19	4.3
1527369168.4	4300	42.94164	0.0	2102452	24	4.3
1527369168.74	4300	46.603198	0.0	2209463	23	4.3
1527369169.08	4300	50.268052	0.0	2275376	21	4.3
1527369169.42	4300	53.926593	0.0	2005399	24	4.3
1527369169.77	4300	57.579436	0.0	2152483	29	4.3
1527369171.62	4300	59.748201	0.0	2289689	25	4.3
1527369175.47	4300	59.997954	0.0	2059512	20	4.3
1527369179.82	4300	59.749407	0.0	2220726	24	4.3
1527369183.68	4300	59.998682	0.0	2156729	24	4.3
1527369188.03	4300	59.747977	0.0	2039773	20	4.3
1527369191.87	4300	59.499023	0.0	2176469	24	4.3
1527369195.71	4300	59.998921	0.0	2221506	20	4.3
1527369200.13	4300	59.498787	0.0	2044075	23	4.3
1527369203.48	4300	59.998521	0.0	2186790	25	4.3
1527369207.83	4300	59.747854	0.0	2105231	19	4.3
1527369211.69	4300	59.749233	0.0	2395588	20	4.3
