1527510879.86	750	4	0.032	2354772	8	-0.13759999999999994
1527510880.23	4300	7.962456	0.0	2123065	20	0.75
1527510880.57	4300	11.620655	0.0	2177073	22	4.3
1527510880.91	4300	15.28458	0.0	2160877	22	4.3
1527510881.24	4300	18.949487	0.0	2233056	20	4.3
1527510881.59	4300	22.607917	0.0	1941625	21	4.3
1527510881.92	4300	26.26859	0.0	2157535	24	4.3
1527510882.27	4300	29.928306	0.0	2290172	21	4.3
1527510882.58	4300	33.610465	0.0	2055469	13	4.3
1527510882.92	4300	37.271701	0.0	2169201	22	4.3
1527510883.27	4300	40.921482	0.0	2173522	23	4.3
1527510883.61	4300	44.580529	0.0	2102452	26	4.3
1527510883.96	4300	48.233974	0.0	2209463	25	4.3
1527510884.3	4300	51.895577	0.0	2275376	24	4.3
1527510884.64	4300	55.557555	0.0	2005399	20	4.3
1527510884.96	4300	59.232615	0.0	2152483	15	4.3
1527510888.32	4300	59.998099	0.0	2289689	26	4.3
1527510892.67	4300	59.998348	0.0	2059512	21	4.3
1527510896.51	4300	59.998995	0.0	2220726	20	4.3
1527510900.86	4300	59.497828	0.0	2156729	18	4.3
1527510904.21	4300	59.999125	0.0	2039773	21	4.3
1527510908.56	4300	59.74902	0.0	2176469	22	4.3
1527510912.91	4300	59.499409	0.0	2221506	23	4.3
1527510916.26	4300	59.999173	0.0	2044075	22	4.3
1527510920.6	4300	59.7486	0.0	2186790	17	4.3
1527510924.44	4300	59.998734	0.0	2105231	20	4.3
1527510928.3	4300	59.999186	0.0	2395588	25	4.3
1527510932.65	4300	59.998637	0.0	1972048	22	4.3
1527510936.5	4300	59.748532	0.0	2134614	25	4.3
1527510940.35	4300	59.998629	0.0	2164140	21	4.3
1527510944.2	4300	59.998614	0.0	2113193	23	4.3
1527510948.55	4300	59.997905	0.0	2147852	23	4.3
1527510952.9	4300	59.498113	0.0	2191074	21	4.3
1527510956.75	4300	59.747854	0.0	2286761	24	4.3
1527510960.6	4300	59.998736	0.0	2307787	21	4.3
1527510964.45	4300	59.747687	0.0	2143948	23	4.3
1527510968.8	4300	59.748241	0.0	1919781	21	4.3
1527510972.65	4300	59.748518	0.0	2147467	24	4.3
1527510976.51	4300	59.997658	0.0	2133870	30	4.3
1527510980.36	4300	59.997341	0.0	2146120	26	4.3
1527510984.7	4300	59.498924	0.0	2108491	21	4.3
1527510988.55	4300	59.748849	0.0	2184571	22	4.3
1527510992.39	4300	59.998568	0.0	2121928	20	4.3
1527510996.74	4300	59.748375	0.0	2219102	21	4.3
1527511000.59	4300	59.747546	0.0	2124950	20	4.3
1527511004.44	4300	59.998236	0.0	2246506	25	4.3
1527511008.29	4300	59.998007	0.0	1961140	23	4.3
1527511012.63	4300	59.748273	0.0	2155012	15	4.3
1527511013.97	4300	59.927552	0.0	1433658	16	4.3

1527511014.73	750	4	0.016	668286	4	-0.06879999999999997
1527511015.13	4300	7.952272	0.0	2123065	11	0.75
1527511015.47	4300	11.564102	0.0	2177073	26	4.3
1527511015.81	4300	15.224708	0.0	2160877	26	4.3
1527511016.15	4300	18.886218	0.0	2233056	25	4.3
1527511016.48	4300	22.556516	0.0	1941625	19	4.3
1527511016.82	4300	26.223079	0.0	2157535	20	4.3
1527511017.16	4300	29.878151	0.0	2290172	25	4.3
1527511017.5	4300	33.543342	0.0	2055469	23	4.3
1527511017.83	4300	37.208332	0.0	2169201	23	4.3
1527511018.16	4300	40.8762	0.0	2173522	19	4.3
1527511018.49	4300	44.545102	0.0	2102452	21	4.3
1527511018.84	4300	48.2031	0.0	2209463	25	4.3
1527511019.18	4300	51.855838	0.0	2275376	30	4.3
1527511019.51	4300	55.528147	0.0	2005399	17	4.3
1527511019.84	4300	59.197145	0.0	2152483	20	4.3
1527511023.19	4300	59.99786	0.0	2289689	21	4.3
1527511027.54	4300	59.735236	0.0	2059512	22	4.3
1527511031.39	4300	59.748922	0.0	2220726	23	4.3
1527511035.73	4300	59.498909	0.0	2156729	21	4.3
1527511039.58	4300	59.498903	0.0	2039773	22	4.3
1527511043.42	4300	59.749124	0.0	2176469	22	4.3
1527511047.77	4300	59.498747	0.0	2221506	20	4.3
1527511051.61	4300	59.749276	0.0	2044075	22	4.3
1527511055.46	4300	59.749198	0.0	2186790	22	4.3
1527511059.31	4300	59.999146	0.0	2105231	23	4.3
1527511063.16	4300	59.998711	0.0	2395588	25	4.3
1527511067.5	4300	59.998817	0.0	1972048	18	4.3
1527511071.36	4300	59.998631	0.0	2134614	34	4.3
1527511075.2	4300	59.998756	0.0	2164140	19	4.3
1527511079.05	4300	59.998227	0.0	2113193	22	4.3
1527511083.4	4300	59.748348	0.0	2147852	24	4.3
1527511087.75	4300	59.748684	0.0	2191074	25	4.3
1527511091.1	4300	59.998632	0.0	2286761	25	4.3
1527511095.46	4300	59.749064	0.0	2307787	25	4.3
1527511099.34	4300	59.747952	0.0	2143948	23	4.3
1527511103.18	4300	59.998638	0.0	1919781	18	4.3
1527511107.53	4300	59.998963	0.0	2147467	19	4.3
1527511111.37	4300	59.748995	0.0	2133870	21	4.3
1527511115.23	4300	59.999313	0.0	2146120	33	4.3
1527511119.08	4300	59.998182	0.0	2108491	24	4.3
1527511123.43	4300	59.747748	0.0	2184571	20	4.3
1527511127.28	4300	59.997498	0.0	2121928	20	4.3
1527511131.12	4300	59.997438	0.0	2219102	19	4.3
1527511135.48	4300	59.998408	0.0	2124950	23	4.3
1527511139.34	4300	59.748144	0.0	2246506	33	4.3
1527511143.22	4300	59.99904	0.0	1961140	24	4.3
1527511147.07	4300	59.997471	0.0	2155012	24	4.3
1527511149.41	4300	59.67891	0.0	1433658	17	4.3

1527511150.15	750	4	0.014	668286	4	-0.06020000000000003
1527511150.51	4300	7.947335	0.0	2123065	13	0.75
1527511150.85	4300	11.605228	0.0	2177073	20	4.3
1527511151.2	4300	15.2532	0.0	2160877	37	4.3
1527511151.54	4300	18.913658	0.0	2233056	26	4.3
1527511151.87	4300	22.584261	0.0	1941625	19	4.3
1527511152.21	4300	26.25048	0.0	2157535	21	4.3
1527511152.54	4300	29.916109	0.0	2290172	20	4.3
1527511152.88	4300	33.576852	0.0	2055469	22	4.3
1527511153.25	4300	37.237666	0.0	2169201	23	4.3
1527511153.59	4300	40.868442	0.0	2173522	20	4.3
1527511153.92	4300	44.536954	0.0	2102452	19	4.3
1527511154.26	4300	48.194176	0.0	2209463	24	4.3
1527511154.62	4300	51.83807	0.0	2275376	36	4.3
1527511154.96	4300	55.499525	0.0	2005399	23	4.3
1527511155.3	4300	59.160046	0.0	2152483	24	4.3
1527511159.14	4300	59.498236	0.0	2289689	20	4.3
1527511162.98	4300	59.498343	0.0	2059512	18	4.3
1527511166.82	4300	59.747832	0.0	2220726	17	4.3
1527511170.66	4300	59.999037	0.0	2156729	19	4.3
1527511175.01	4300	59.748022	0.0	2039773	19	4.3
1527511178.85	4300	59.747818	0.0	2176469	20	4.3
1527511182.69	4300	59.999188	0.0	2221506	21	4.3
1527511187.04	4300	59.749383	0.0	2044075	23	4.3
1527511190.9	4300	59.747977	0.0	2186790	25	4.3
1527511194.75	4300	59.749559	0.0	2105231	21	4.3
1527511199.1	4300	59.748893	0.0	2395588	21	4.3
1527511202.94	4300	59.748661	0.0	1972048	19	4.3
1527511206.79	4300	59.749414	0.0	2134614	27	4.3
1527511210.64	4300	59.999425	0.0	2164140	24	4.3
1527511214.99	4300	59.499101	0.0	2113193	22	4.3
1527511218.84	4300	59.74919	0.0	2147852	24	4.3
1527511222.68	4300	59.997864	0.0	2191074	19	4.3
1527511226.52	4300	59.999137	0.0	2286761	20	4.3
1527511230.88	4300	59.748215	0.0	2307787	24	4.3
1527511234.73	4300	59.997743	0.0	2143948	25	4.3
1527511238.57	4300	59.997751	0.0	1919781	21	4.3
1527511242.92	4300	59.998163	0.0	2147467	21	4.3
