1527399269.11	750	4	0.027	2354772	7	-0.11609999999999998
1527399269.48	4300	7.966096	0.0	2123065	18	0.75
1527399269.82	4300	11.622803	0.0	2177073	23	4.3
1527399270.16	4300	15.285093	0.0	2160877	22	4.3
1527399270.51	4300	18.938431	0.0	2233056	26	4.3
1527399270.84	4300	22.602035	0.0	1941625	21	4.3
1527399271.18	4300	26.264898	0.0	2157535	22	4.3
1527399271.52	4300	29.929136	0.0	2290172	20	4.3
1527399271.86	4300	33.585164	0.0	2055469	23	4.3
1527399272.2	4300	37.247334	0.0	2169201	24	4.3
1527399272.54	4300	40.904547	0.0	2173522	20	4.3
1527399272.89	4300	44.557941	0.0	2102452	33	4.3
1527399273.22	4300	48.221534	0.0	2209463	20	4.3
1527399273.57	4300	51.874562	0.0	2275376	25	4.3
1527399273.91	4300	55.539178	0.0	2005399	22	4.3
1527399274.24	4300	59.202887	0.0	2152483	21	4.3
1527399277.6	4300	59.998974	0.0	2289689	26	4.3
1527399281.46	4300	59.998066	0.0	2059512	22	4.3
1527399285.83	4300	59.747729	0.0	2220726	44	4.3
1527399290.18	4300	59.748362	0.0	2156729	24	4.3
1527399293.53	4300	59.999056	0.0	2039773	22	4.3
1527399297.88	4300	59.749583	0.0	2176469	21	4.3
1527399301.74	4300	59.749474	0.0	2221506	19	4.3
1527399305.59	4300	59.997764	0.0	2044075	22	4.3
1527399309.95	4300	59.749241	0.0	2186790	23	4.3
1527399313.81	4300	59.999193	0.0	2105231	24	4.3
1527399317.65	4300	59.998179	0.0	2395588	23	4.3
1527399322.0	4300	59.498908	0.0	1972048	20	4.3
1527399325.85	4300	59.998657	0.0	2134614	30	4.3
1527399329.71	4300	59.749415	0.0	2164140	25	4.3
1527399333.55	4300	59.99761	0.0	2113193	21	4.3
1527399337.91	4300	59.749467	0.0	2147852	23	4.3
1527399341.77	4300	59.748028	0.0	2191074	24	4.3
1527399345.62	4300	59.998746	0.0	2286761	24	4.3
1527399349.47	4300	59.998795	0.0	2307787	26	4.3
1527399353.82	4300	59.998495	0.0	2143948	24	4.3
1527399357.67	4300	59.998273	0.0	1919781	18	4.3
1527399361.52	4300	59.998066	0.0	2147467	21	4.3
1527399365.88	4300	59.747731	0.0	2133870	27	4.3
1527399369.74	4300	59.748948	0.0	2146120	36	4.3
1527399374.09	4300	59.497719	0.0	2108491	24	4.3
1527399377.95	4300	59.748967	0.0	2184571	24	4.3
1527399381.79	4300	59.997697	0.0	2121928	22	4.3
1527399385.64	4300	59.998918	0.0	2219102	19	4.3
1527399389.49	4300	59.998212	0.0	2124950	23	4.3
1527399393.84	4300	59.748799	0.0	2246506	22	4.3
1527399398.19	4300	59.498942	0.0	1961140	22	4.3
1527399401.54	4300	59.99893	0.0	2155012	24	4.3
1527399403.38	4300	59.928886	0.0	1433658	16	4.3

1527399404.14	750	4	0.018	668286	2	-0.07740000000000002
1527399404.5	4300	7.946146	0.0	2123065	26	0.75
1527399404.83	4300	11.608878	0.0	2177073	18	4.3
1527399405.18	4300	15.259014	0.0	2160877	36	4.3
1527399405.52	4300	18.920588	0.0	2233056	24	4.3
1527399405.86	4300	22.589031	0.0	1941625	19	4.3
1527399406.19	4300	26.254215	0.0	2157535	18	4.3
1527399406.53	4300	29.909299	0.0	2290172	25	4.3
1527399406.87	4300	33.574149	0.0	2055469	21	4.3
1527399407.2	4300	37.238546	0.0	2169201	22	4.3
1527399407.55	4300	40.895483	0.0	2173522	26	4.3
1527399407.89	4300	44.556371	0.0	2102452	24	4.3
1527399408.22	4300	48.220622	0.0	2209463	21	4.3
1527399408.58	4300	51.868879	0.0	2275376	33	4.3
1527399408.91	4300	55.534338	0.0	2005399	22	4.3
1527399409.24	4300	59.19993	0.0	2152483	22	4.3
1527399412.59	4300	59.999322	0.0	2289689	20	4.3
1527399416.94	4300	59.749776	0.0	2059512	22	4.3
1527399420.79	4300	59.998878	0.0	2220726	24	4.3
1527399424.64	4300	59.999013	0.0	2156729	20	4.3
1527399428.49	4300	59.999344	0.0	2039773	23	4.3
1527399432.84	4300	59.749501	0.0	2176469	24	4.3
1527399437.19	4300	59.499829	0.0	2221506	25	4.3
1527399441.04	4300	59.498803	0.0	2044075	23	4.3
1527399444.89	4300	59.749653	0.0	2186790	21	4.3
1527399448.74	4300	59.998108	0.0	2105231	23	4.3
1527399453.1	4300	59.498177	0.0	2395588	25	4.3
1527399456.94	4300	59.749458	0.0	1972048	21	4.3
1527399460.8	4300	59.998978	0.0	2134614	31	4.3
1527399464.66	4300	59.997762	0.0	2164140	23	4.3
1527399468.5	4300	59.999294	0.0	2113193	19	4.3
1527399472.86	4300	59.7495	0.0	2147852	23	4.3
1527399476.71	4300	59.74968	0.0	2191074	24	4.3
1527399481.06	4300	59.498267	0.0	2286761	22	4.3
1527399484.91	4300	59.74795	0.0	2307787	23	4.3
1527399488.76	4300	59.748182	0.0	2143948	23	4.3
1527399492.61	4300	59.999328	0.0	1919781	23	4.3
1527399496.46	4300	59.999419	0.0	2147467	20	4.3
1527399500.82	4300	59.998404	0.0	2133870	27	4.3
1527399504.68	4300	59.998589	0.0	2146120	35	4.3
1527399508.54	4300	59.997746	0.0	2108491	26	4.3
1527399512.89	4300	59.997731	0.0	2184571	23	4.3
1527399516.73	4300	59.997595	0.0	2121928	21	4.3
1527399520.59	4300	59.998884	0.0	2219102	21	4.3
1527399524.94	4300	59.998309	0.0	2124950	23	4.3
1527399528.79	4300	59.747662	0.0	2246506	24	4.3
1527399533.14	4300	59.498405	0.0	1961140	16	4.3
1527399536.98	4300	59.749136	0.0	2155012	24	4.3
1527399538.32	4300	59.929029	0.0	1433658	16	4.3

1527399539.09	750	4	0.016	668286	3	-0.06879999999999997
1527399539.44	4300	7.947622	0.0	2123065	26	0.75
1527399539.78	4300	11.612826	0.0	2177073	16	4.3
1527399540.13	4300	15.258327	0.0	2160877	39	4.3
1527399540.47	4300	18.917022	0.0	2233056	23	4.3
1527399540.81	4300	22.574598	0.0	1941625	23	4.3
1527399541.15	4300	26.236156	0.0	2157535	25	4.3
1527399541.49	4300	29.898495	0.0	2290172	23	4.3
1527399541.83	4300	33.556428	0.0	2055469	23	4.3
1527399542.17	4300	37.216597	0.0	2169201	24	4.3
1527399542.51	4300	40.877394	0.0	2173522	21	4.3
1527399542.85	4300	44.534807	0.0	2102452	23	4.3
1527399543.19	4300	48.19675	0.0	2209463	24	4.3
1527399543.54	4300	51.844903	0.0	2275376	30	4.3
1527399543.88	4300	55.507327	0.0	2005399	23	4.3
1527399544.22	4300	59.170651	0.0	2152483	21	4.3
1527399547.56	4300	59.998047	0.0	2289689	20	4.3
1527399551.42	4300	59.99936	0.0	2059512	23	4.3
1527399556.27	4300	59.497983	0.0	2220726	29	4.3
1527399559.62	4300	59.999148	0.0	2156729	22	4.3
1527399563.97	4300	59.498984	0.0	2039773	25	4.3
1527399567.82	4300	59.998456	0.0	2176469	24	4.3
1527399571.67	4300	59.748997	0.0	2221506	23	4.3
1527399576.02	4300	59.499244	0.0	2044075	23	4.3
1527399579.88	4300	59.998914	0.0	2186790	25	4.3
1527399583.73	4300	59.74918	0.0	2105231	22	4.3
1527399588.09	4300	59.748874	0.0	2395588	24	4.3
1527399591.94	4300	59.748644	0.0	1972048	22	4.3
1527399595.8	4300	59.749345	0.0	2134614	40	4.3
1527399599.65	4300	59.749526	0.0	2164140	24	4.3
1527399603.99	4300	59.497869	0.0	2113193	14	4.3
1527399607.84	4300	59.748919	0.0	2147852	26	4.3
1527399611.69	4300	59.998048	0.0	2191074	22	4.3
1527399616.04	4300	59.748771	0.0	2286761	19	4.3
1527399619.89	4300	59.748736	0.0	2307787	20	4.3
1527399623.74	4300	59.998803	0.0	2143948	24	4.3
1527399628.09	4300	59.498709	0.0	1919781	19	4.3
1527399631.94	4300	59.499001	0.0	2147467	22	4.3
1527399635.8	4300	59.99768	0.0	2133870	23	4.3
1527399639.65	4300	59.998717	0.0	2146120	24	4.3
1527399643.49	4300	59.998705	0.0	2108491	20	4.3
1527399647.85	4300	59.747897	0.0	2184571	25	4.3
