1527415823.21	750	4	0.016	450283	2	-0.06879999999999997
1527415823.61	4300	7.946142	0.0	2123065	25	0.75
1527415824.0	4300	11.555161	0.0	2177073	30	4.3
1527415824.39	4300	15.167189	0.0	2160877	25	4.3
1527415824.75	4300	18.804215	0.0	2233056	12	4.3
1527415825.12	4300	22.433863	0.0	1941625	11	4.3
1527415825.51	4300	26.05123	0.0	2157535	22	4.3
1527415825.88	4300	29.679396	0.0	2290172	12	4.3
1527415826.26	4300	33.295816	0.0	2055469	20	4.3
1527415826.65	4300	36.9114	0.0	2169201	23	4.3
1527415827.02	4300	40.532384	0.0	2173522	15	4.3
1527415827.41	4300	44.15047	0.0	2102452	15	4.3
1527415827.81	4300	47.749767	0.0	2209463	23	4.3
1527415828.2	4300	51.35132	0.0	2275376	19	4.3
1527415828.59	4300	54.967626	0.0	2005399	21	4.3
1527415828.98	4300	58.576782	0.0	2152483	23	4.3
1527415831.88	4300	59.747997	0.0	2289689	24	4.3
1527415835.78	4300	59.998606	0.0	2059512	13	4.3
1527415839.67	4300	59.999431	0.0	2220726	22	4.3
1527415843.56	4300	59.999229	0.0	2156729	23	4.3
1527415847.96	4300	59.998318	0.0	2039773	22	4.3
1527415851.85	4300	59.749713	0.0	2176469	20	4.3
1527415855.74	4300	59.998553	0.0	2221506	23	4.3
1527415859.64	4300	59.998751	0.0	2044075	23	4.3
1527415864.04	4300	59.749347	0.0	2186790	24	4.3
1527415867.95	4300	59.748921	0.0	2105231	23	4.3
1527415871.85	4300	59.748721	0.0	2395588	27	4.3
1527415876.25	4300	59.499584	0.0	1972048	20	4.3
1527415880.16	4300	59.749344	0.0	2134614	30	4.3
1527415884.06	4300	59.748022	0.0	2164140	23	4.3
1527415887.96	4300	59.747692	0.0	2113193	23	4.3
1527415891.86	4300	59.749272	0.0	2147852	22	4.3
1527415895.77	4300	59.997979	0.0	2191074	23	4.3
1527415900.16	4300	59.498656	0.0	2286761	15	4.3
1527415904.05	4300	59.747891	0.0	2307787	16	4.3
1527415907.97	4300	59.74793	0.0	2143948	24	4.3
1527415911.87	4300	59.749188	0.0	1919781	21	4.3
1527415916.27	4300	59.749044	0.0	2147467	23	4.3
1527415920.17	4300	59.74832	0.0	2133870	19	4.3
1527415924.07	4300	59.497957	0.0	2146120	31	4.3
1527415927.97	4300	59.998951	0.0	2108491	17	4.3
1527415931.92	4300	59.997428	0.0	2184571	20	4.3
1527415935.81	4300	59.748936	0.0	2121928	23	4.3
1527415939.71	4300	59.999033	0.0	2219102	24	4.3
1527415943.61	4300	59.998616	0.0	2124950	25	4.3
1527415948.0	4300	59.997749	0.0	2246506	22	4.3
1527415951.88	4300	59.74891	0.0	1961140	18	4.3
1527415956.25	4300	59.498703	0.0	2155012	20	4.3
1527415957.6	4300	59.664752	0.0	1433658	16	4.3

1527415958.36	750	4	0.015	668286	3	-0.0645
1527415958.76	4300	7.955625	0.0	2123065	15	0.75
1527415959.15	4300	11.564318	0.0	2177073	19	4.3
1527415959.54	4300	15.171155	0.0	2160877	14	4.3
1527415959.93	4300	18.779979	0.0	2233056	25	4.3
1527415960.32	4300	22.395165	0.0	1941625	21	4.3
1527415960.71	4300	26.000007	0.0	2157535	23	4.3
1527415961.1	4300	29.610327	0.0	2290172	26	4.3
1527415961.49	4300	33.222224	0.0	2055469	22	4.3
1527415961.88	4300	36.832707	0.0	2169201	25	4.3
1527415962.25	4300	40.461033	0.0	2173522	16	4.3
1527415962.64	4300	44.072993	0.0	2102452	26	4.3
1527415963.04	4300	47.671313	0.0	2209463	40	4.3
1527415963.44	4300	51.267185	0.0	2275376	13	4.3
1527415963.83	4300	54.880663	0.0	2005399	24	4.3
1527415964.22	4300	58.489757	0.0	2152483	25	4.3
1527415967.12	4300	59.749359	0.0	2289689	26	4.3
1527415971.01	4300	59.999422	0.0	2059512	18	4.3
1527415975.42	4300	59.747961	0.0	2220726	37	4.3
1527415978.81	4300	59.997797	0.0	2156729	25	4.3
1527415983.21	4300	59.499727	0.0	2039773	22	4.3
1527415987.61	4300	59.498959	0.0	2176469	24	4.3
1527415991.0	4300	59.749429	0.0	2221506	20	4.3
1527415995.39	4300	59.749632	0.0	2044075	20	4.3
1527415999.29	4300	59.749045	0.0	2186790	24	4.3
1527416003.19	4300	59.998934	0.0	2105231	25	4.3
1527416007.09	4300	59.998393	0.0	2395588	26	4.3
1527416010.99	4300	59.749735	0.0	1972048	23	4.3
1527416014.89	4300	59.99937	0.0	2134614	24	4.3
1527416018.79	4300	59.998617	0.0	2164140	24	4.3
1527416023.19	4300	59.998293	0.0	2113193	23	4.3
1527416027.08	4300	59.74813	0.0	2147852	20	4.3
1527416030.98	4300	59.997948	0.0	2191074	24	4.3
1527416035.38	4300	59.748718	0.0	2286761	27	4.3
1527416038.78	4300	59.998904	0.0	2307787	27	4.3
1527416043.17	4300	59.748504	0.0	2143948	24	4.3
1527416047.07	4300	59.747693	0.0	1919781	21	4.3
1527416050.96	4300	59.998693	0.0	2147467	18	4.3
1527416054.88	4300	59.9988	0.0	2133870	26	4.3
1527416058.79	4300	59.998991	0.0	2146120	24	4.3
1527416063.18	4300	59.748042	0.0	2108491	23	4.3
1527416067.1	4300	59.74904	0.0	2184571	23	4.3
1527416071.0	4300	59.747594	0.0	2121928	26	4.3
