1527370364.93	750	4	0.03	2354772	7	-0.129
1527370365.31	4300	7.956171	0.0	2123065	24	0.75
1527370365.65	4300	11.618589	0.0	2177073	23	4.3
1527370365.99	4300	15.274691	0.0	2160877	16	4.3
1527370366.33	4300	18.934468	0.0	2233056	26	4.3
1527370366.66	4300	22.6016	0.0	1941625	20	4.3
1527370367.0	4300	26.269452	0.0	2157535	21	4.3
1527370367.33	4300	29.935834	0.0	2290172	19	4.3
1527370367.67	4300	33.592031	0.0	2055469	22	4.3
1527370368.01	4300	37.252952	0.0	2169201	25	4.3
1527370368.36	4300	40.909124	0.0	2173522	21	4.3
1527370368.7	4300	44.560663	0.0	2102452	34	4.3
1527370369.04	4300	48.22662	0.0	2209463	20	4.3
1527370369.39	4300	51.880045	0.0	2275376	24	4.3
1527370369.72	4300	55.543306	0.0	2005399	21	4.3
1527370370.06	4300	59.206927	0.0	2152483	22	4.3
1527370373.42	4300	59.998123	0.0	2289689	26	4.3
1527370377.76	4300	59.749463	0.0	2059512	20	4.3
1527370381.61	4300	59.749399	0.0	2220726	23	4.3
1527370385.97	4300	59.748712	0.0	2156729	23	4.3
1527370389.32	4300	59.998998	0.0	2039773	23	4.3
1527370393.68	4300	59.99775	0.0	2176469	24	4.3
1527370397.53	4300	59.748834	0.0	2221506	25	4.3
1527370401.88	4300	59.749263	0.0	2044075	22	4.3
1527370405.73	4300	59.99784	0.0	2186790	23	4.3
1527370409.59	4300	59.748907	0.0	2105231	24	4.3
1527370413.94	4300	59.497579	0.0	2395588	23	4.3
1527370417.8	4300	59.497571	0.0	1972048	44	4.3
1527370421.65	4300	59.747642	0.0	2134614	22	4.3
1527370425.5	4300	59.998678	0.0	2164140	23	4.3
1527370429.34	4300	59.999371	0.0	2113193	20	4.3
1527370433.7	4300	59.748889	0.0	2147852	24	4.3
1527370437.55	4300	59.999112	0.0	2191074	25	4.3
1527370441.4	4300	59.997936	0.0	2286761	24	4.3
1527370445.75	4300	59.748123	0.0	2307787	21	4.3
1527370449.6	4300	59.998792	0.0	2143948	21	4.3
1527370453.95	4300	59.498812	0.0	1919781	20	4.3
1527370457.3	4300	59.998507	0.0	2147467	25	4.3
1527370461.66	4300	59.748528	0.0	2133870	20	4.3
1527370465.51	4300	59.997589	0.0	2146120	23	4.3
1527370469.87	4300	59.497763	0.0	2108491	27	4.3
1527370473.71	4300	59.998957	0.0	2184571	21	4.3
1527370477.57	4300	59.748495	0.0	2121928	23	4.3
1527370481.42	4300	59.997981	0.0	2219102	24	4.3
1527370485.27	4300	59.99738	0.0	2124950	21	4.3
1527370489.62	4300	59.998433	0.0	2246506	26	4.3
1527370493.47	4300	59.999333	0.0	1961140	22	4.3
1527370497.82	4300	59.748338	0.0	2155012	24	4.3
1527370499.15	4300	59.928519	0.0	1433658	16	4.3

1527370499.91	750	4	0.02	668286	2	-0.08599999999999997
1527370500.26	4300	7.952396	0.0	2123065	19	0.75
1527370500.6	4300	11.61937	0.0	2177073	15	4.3
1527370500.94	4300	15.27091	0.0	2160877	26	4.3
1527370501.29	4300	18.920167	0.0	2233056	38	4.3
1527370501.63	4300	22.582119	0.0	1941625	21	4.3
1527370501.97	4300	26.243031	0.0	2157535	23	4.3
1527370502.32	4300	29.897141	0.0	2290172	26	4.3
1527370502.66	4300	33.559965	0.0	2055469	23	4.3
1527370502.99	4300	37.222912	0.0	2169201	22	4.3
1527370503.33	4300	40.888545	0.0	2173522	20	4.3
1527370503.66	4300	44.556666	0.0	2102452	17	4.3
1527370504.0	4300	48.21319	0.0	2209463	24	4.3
1527370504.35	4300	51.861805	0.0	2275376	33	4.3
1527370504.69	4300	55.52204	0.0	2005399	22	4.3
1527370505.03	4300	59.179693	0.0	2152483	28	4.3
1527370508.39	4300	59.998212	0.0	2289689	26	4.3
1527370512.23	4300	59.998561	0.0	2059512	19	4.3
1527370516.62	4300	59.748586	0.0	2220726	45	4.3
1527370520.47	4300	59.748132	0.0	2156729	24	4.3
1527370524.82	4300	59.498397	0.0	2039773	22	4.3
1527370528.67	4300	59.749344	0.0	2176469	23	4.3
1527370532.53	4300	59.999206	0.0	2221506	23	4.3
1527370536.88	4300	59.499209	0.0	2044075	23	4.3
1527370540.22	4300	59.99923	0.0	2186790	25	4.3
1527370544.57	4300	59.748295	0.0	2105231	19	4.3
1527370548.43	4300	59.998406	0.0	2395588	25	4.3
1527370552.78	4300	59.749229	0.0	1972048	21	4.3
1527370556.64	4300	59.99893	0.0	2134614	38	4.3
1527370560.5	4300	59.749	0.0	2164140	24	4.3
1527370564.35	4300	59.998904	0.0	2113193	19	4.3
1527370568.7	4300	59.749097	0.0	2147852	24	4.3
1527370572.55	4300	59.999412	0.0	2191074	23	4.3
1527370576.9	4300	59.4988	0.0	2286761	22	4.3
1527370580.25	4300	59.999091	0.0	2307787	26	4.3
1527370584.6	4300	59.748623	0.0	2143948	24	4.3
1527370588.96	4300	59.749066	0.0	1919781	21	4.3
1527370592.3	4300	59.999489	0.0	2147467	23	4.3
1527370596.66	4300	59.998703	0.0	2133870	25	4.3
1527370600.52	4300	59.74786	0.0	2146120	25	4.3
1527370604.36	4300	59.998733	0.0	2108491	23	4.3
1527370608.72	4300	59.748918	0.0	2184571	25	4.3
1527370612.57	4300	59.749185	0.0	2121928	25	4.3
1527370616.42	4300	59.99761	0.0	2219102	23	4.3
1527370620.78	4300	59.748433	0.0	2124950	23	4.3
1527370624.63	4300	59.999059	0.0	2246506	25	4.3
1527370628.48	4300	59.998922	0.0	1961140	24	4.3
1527370632.33	4300	59.999303	0.0	2155012	18	4.3
1527370634.67	4300	59.42852	0.0	1433658	17	4.3

1527370635.42	750	4	0.017	668286	3	-0.07309999999999994
1527370635.78	4300	7.947985	0.0	2123065	20	0.75
1527370636.11	4300	11.611023	0.0	2177073	16	4.3
1527370636.45	4300	15.268672	0.0	2160877	26	4.3
1527370636.79	4300	18.930309	0.0	2233056	24	4.3
1527370637.14	4300	22.590228	0.0	1941625	21	4.3
1527370637.49	4300	26.235884	0.0	2157535	40	4.3
1527370637.83	4300	29.889683	0.0	2290172	25	4.3
1527370638.17	4300	33.555221	0.0	2055469	23	4.3
1527370638.5	4300	37.218911	0.0	2169201	21	4.3
1527370638.84	4300	40.885155	0.0	2173522	19	4.3
1527370639.18	4300	44.54182	0.0	2102452	23	4.3
1527370639.52	4300	48.203338	0.0	2209463	24	4.3
1527370639.86	4300	51.867785	0.0	2275376	18	4.3
1527370640.21	4300	55.518012	0.0	2005399	22	4.3
1527370640.55	4300	59.176245	0.0	2152483	27	4.3
1527370644.39	4300	59.749433	0.0	2289689	19	4.3
1527370647.74	4300	59.997993	0.0	2059512	23	4.3
1527370652.09	4300	59.998246	0.0	2220726	21	4.3
1527370655.94	4300	59.999412	0.0	2156729	20	4.3
1527370660.3	4300	59.747639	0.0	2039773	24	4.3
