1527378083.82	750	4	0.026	2354772	8	-0.11180000000000001
1527378084.2	4300	7.969253	0.0	2123065	16	0.75
1527378084.58	4300	11.585692	0.0	2177073	21	4.3
1527378084.97	4300	15.19779	0.0	2160877	26	4.3
1527378085.36	4300	18.809559	0.0	2233056	24	4.3
1527378085.75	4300	22.421513	0.0	1941625	20	4.3
1527378086.14	4300	26.030359	0.0	2157535	24	4.3
1527378086.53	4300	29.640604	0.0	2290172	26	4.3
1527378086.91	4300	33.25429	0.0	2055469	23	4.3
1527378087.3	4300	36.864594	0.0	2169201	24	4.3
1527378087.7	4300	40.46484	0.0	2173522	26	4.3
1527378088.09	4300	44.072724	0.0	2102452	33	4.3
1527378088.48	4300	47.687428	0.0	2209463	25	4.3
1527378088.87	4300	51.298402	0.0	2275376	26	4.3
1527378089.25	4300	54.913103	0.0	2005399	22	4.3
1527378089.64	4300	58.522878	0.0	2152483	23	4.3
1527378092.55	4300	59.997722	0.0	2289689	26	4.3
1527378096.44	4300	59.748904	0.0	2059512	21	4.3
1527378100.34	4300	59.99879	0.0	2220726	24	4.3
1527378104.23	4300	59.999023	0.0	2156729	23	4.3
1527378108.63	4300	59.747874	0.0	2039773	23	4.3
1527378112.54	4300	59.998993	0.0	2176469	25	4.3
1527378116.44	4300	59.749393	0.0	2221506	24	4.3
1527378120.34	4300	59.998587	0.0	2044075	23	4.3
1527378124.24	4300	59.998197	0.0	2186790	25	4.3
1527378128.64	4300	59.747913	0.0	2105231	23	4.3
1527378132.53	4300	59.747934	0.0	2395588	20	4.3
1527378136.43	4300	59.748737	0.0	1972048	20	4.3
1527378140.33	4300	59.998455	0.0	2134614	24	4.3
1527378144.22	4300	59.998771	0.0	2164140	25	4.3
1527378148.62	4300	59.74862	0.0	2113193	24	4.3
1527378152.52	4300	59.74818	0.0	2147852	25	4.3
1527378156.43	4300	59.748816	0.0	2191074	24	4.3
1527378160.83	4300	59.497806	0.0	2286761	25	4.3
1527378164.23	4300	59.998816	0.0	2307787	26	4.3
1527378168.63	4300	59.74764	0.0	2143948	27	4.3
1527378172.52	4300	59.747702	0.0	1919781	19	4.3
1527378176.42	4300	59.998485	0.0	2147467	25	4.3
1527378180.31	4300	59.999281	0.0	2133870	23	4.3
1527378184.73	4300	59.497309	0.0	2146120	25	4.3
1527378188.63	4300	59.748523	0.0	2108491	23	4.3
1527378192.53	4300	59.997798	0.0	2184571	32	4.3
1527378196.42	4300	59.747726	0.0	2121928	23	4.3
1527378200.32	4300	59.99755	0.0	2219102	25	4.3
1527378204.73	4300	59.74845	0.0	2124950	23	4.3
1527378208.61	4300	59.998519	0.0	2246506	18	4.3
1527378212.5	4300	59.748707	0.0	1961140	22	4.3
1527378216.87	4300	59.498892	0.0	2155012	25	4.3
1527378218.23	4300	59.675124	0.0	1433658	17	4.3

1527378218.98	750	4	0.018	668286	3	-0.07740000000000002
1527378219.38	4300	7.949758	0.0	2123065	18	0.75
1527378219.77	4300	11.561417	0.0	2177073	24	4.3
1527378220.15	4300	15.176298	0.0	2160877	25	4.3
1527378220.54	4300	18.788267	0.0	2233056	24	4.3
1527378220.93	4300	22.402062	0.0	1941625	20	4.3
1527378221.33	4300	26.000014	0.0	2157535	44	4.3
1527378221.72	4300	29.613696	0.0	2290172	25	4.3
1527378222.1	4300	33.228781	0.0	2055469	23	4.3
1527378222.49	4300	36.839708	0.0	2169201	24	4.3
1527378222.88	4300	40.449942	0.0	2173522	24	4.3
1527378223.27	4300	44.056591	0.0	2102452	25	4.3
1527378223.66	4300	47.666914	0.0	2209463	25	4.3
1527378224.05	4300	51.278099	0.0	2275376	24	4.3
1527378224.44	4300	54.891544	0.0	2005399	23	4.3
1527378224.84	4300	58.486859	0.0	2152483	45	4.3
1527378227.74	4300	59.748013	0.0	2289689	23	4.3
1527378231.63	4300	59.748831	0.0	2059512	22	4.3
1527378235.54	4300	59.998417	0.0	2220726	25	4.3
1527378239.95	4300	59.497679	0.0	2156729	22	4.3
1527378243.85	4300	59.749279	0.0	2039773	22	4.3
1527378247.75	4300	59.747717	0.0	2176469	25	4.3
1527378251.65	4300	59.998593	0.0	2221506	23	4.3
1527378255.55	4300	59.997893	0.0	2044075	22	4.3
1527378259.45	4300	59.999147	0.0	2186790	23	4.3
1527378263.35	4300	59.99948	0.0	2105231	24	4.3
1527378267.75	4300	59.749463	0.0	2395588	25	4.3
1527378271.65	4300	59.748891	0.0	1972048	22	4.3
1527378276.06	4300	59.748743	0.0	2134614	30	4.3
1527378279.45	4300	59.998728	0.0	2164140	22	4.3
1527378283.35	4300	59.998069	0.0	2113193	21	4.3
1527378287.74	4300	59.748258	0.0	2147852	20	4.3
1527378291.64	4300	59.998498	0.0	2191074	24	4.3
1527378296.04	4300	59.498207	0.0	2286761	25	4.3
1527378299.45	4300	59.997669	0.0	2307787	26	4.3
1527378303.35	4300	59.997672	0.0	2143948	24	4.3
1527378307.75	4300	59.748416	0.0	1919781	22	4.3
1527378311.65	4300	59.747771	0.0	2147467	24	4.3
1527378315.55	4300	59.998317	0.0	2133870	25	4.3
1527378319.46	4300	59.997855	0.0	2146120	23	4.3
1527378323.86	4300	59.498713	0.0	2108491	24	4.3
1527378327.77	4300	59.749137	0.0	2184571	40	4.3
1527378331.66	4300	59.997509	0.0	2121928	24	4.3
1527378336.07	4300	59.748951	0.0	2219102	25	4.3
1527378339.98	4300	59.747939	0.0	2124950	24	4.3
1527378343.36	4300	59.998964	0.0	2246506	17	4.3
1527378347.74	4300	59.748309	0.0	1961140	21	4.3
1527378351.62	4300	59.747755	0.0	2155012	26	4.3
1527378353.47	4300	59.667991	0.0	1433658	20	4.3

1527378354.21	750	4	0.016	668286	2	-0.06879999999999997
1527378354.62	4300	7.946085	0.0	2123065	24	0.75
1527378355.01	4300	11.557442	0.0	2177073	27	4.3
1527378355.39	4300	15.168955	0.0	2160877	24	4.3
1527378355.78	4300	18.781065	0.0	2233056	25	4.3
1527378356.17	4300	22.390308	0.0	1941625	21	4.3
1527378356.57	4300	25.995808	0.0	2157535	35	4.3
1527378356.95	4300	29.60979	0.0	2290172	24	4.3
1527378357.34	4300	33.222268	0.0	2055469	24	4.3
1527378357.73	4300	36.834452	0.0	2169201	24	4.3
1527378358.12	4300	40.444533	0.0	2173522	24	4.3
1527378358.5	4300	44.064151	0.0	2102452	17	4.3
1527378358.88	4300	47.681962	0.0	2209463	23	4.3
1527378359.27	4300	51.296381	0.0	2275376	26	4.3
1527378359.65	4300	54.911831	0.0	2005399	23	4.3
1527378360.05	4300	58.508584	0.0	2152483	40	4.3
1527378362.95	4300	59.748427	0.0	2289689	25	4.3
1527378366.85	4300	59.749445	0.0	2059512	23	4.3
1527378370.75	4300	59.998041	0.0	2220726	25	4.3
1527378374.65	4300	59.999242	0.0	2156729	25	4.3
1527378379.05	4300	59.748088	0.0	2039773	23	4.3
1527378382.94	4300	59.997819	0.0	2176469	21	4.3
1527378386.84	4300	59.999277	0.0	2221506	24	4.3
1527378390.74	4300	59.998972	0.0	2044075	23	4.3
