1527444762.41	750	4	0.025	2354772	9	-0.10750000000000004
1527444762.79	4300	7.968568	0.0	2123065	17	0.75
1527444763.17	4300	11.582825	0.0	2177073	22	4.3
1527444763.56	4300	15.192833	0.0	2160877	25	4.3
1527444763.95	4300	18.805944	0.0	2233056	23	4.3
1527444764.33	4300	22.423753	0.0	1941625	20	4.3
1527444764.71	4300	26.044948	0.0	2157535	17	4.3
1527444765.1	4300	29.657598	0.0	2290172	25	4.3
1527444765.48	4300	33.275567	0.0	2055469	22	4.3
1527444765.87	4300	36.887219	0.0	2169201	23	4.3
1527444766.26	4300	40.491734	0.0	2173522	25	4.3
1527444766.65	4300	44.100853	0.0	2102452	19	4.3
1527444767.02	4300	47.7403	0.0	2209463	12	4.3
1527444767.4	4300	51.352682	0.0	2275376	26	4.3
1527444767.79	4300	54.96725	0.0	2005399	22	4.3
1527444768.18	4300	58.577013	0.0	2152483	25	4.3
1527444771.07	4300	59.998341	0.0	2289689	24	4.3
1527444775.47	4300	59.498469	0.0	2059512	23	4.3
1527444778.87	4300	59.997789	0.0	2220726	25	4.3
1527444782.76	4300	59.999355	0.0	2156729	24	4.3
1527444787.16	4300	59.748489	0.0	2039773	23	4.3
1527444791.05	4300	59.997535	0.0	2176469	20	4.3
1527444795.45	4300	59.499119	0.0	2221506	23	4.3
1527444799.33	4300	59.748699	0.0	2044075	15	4.3
1527444803.22	4300	59.748677	0.0	2186790	23	4.3
1527444807.12	4300	59.74953	0.0	2105231	24	4.3
1527444811.02	4300	59.748707	0.0	2395588	25	4.3
1527444814.9	4300	59.999479	0.0	1972048	18	4.3
1527444818.79	4300	59.998624	0.0	2134614	25	4.3
1527444823.19	4300	59.999056	0.0	2164140	25	4.3
1527444827.08	4300	59.748578	0.0	2113193	21	4.3
1527444831.47	4300	59.497705	0.0	2147852	24	4.3
1527444834.86	4300	59.998783	0.0	2191074	21	4.3
1527444839.26	4300	59.749198	0.0	2286761	19	4.3
1527444843.15	4300	59.999085	0.0	2307787	25	4.3
1527444847.05	4300	59.747692	0.0	2143948	23	4.3
1527444851.43	4300	59.498663	0.0	1919781	15	4.3
1527444855.33	4300	59.74894	0.0	2147467	27	4.3
1527444859.23	4300	59.74792	0.0	2133870	24	4.3
1527444863.13	4300	59.998195	0.0	2146120	24	4.3
1527444867.03	4300	59.747686	0.0	2108491	23	4.3
1527444871.4	4300	59.49884	0.0	2184571	7	4.3
1527444875.29	4300	59.748725	0.0	2121928	21	4.3
1527444879.19	4300	59.748326	0.0	2219102	23	4.3
1527444883.09	4300	59.998738	0.0	2124950	23	4.3
1527444886.99	4300	59.99871	0.0	2246506	26	4.3
1527444891.36	4300	59.748661	0.0	1961140	18	4.3
1527444895.24	4300	59.747924	0.0	2155012	26	4.3
1527444896.59	4300	59.928677	0.0	1433658	19	4.3

1527444897.37	750	4	0.015	668286	2	-0.0645
1527444897.76	4300	7.950615	0.0	2123065	22	0.75
1527444898.16	4300	11.555423	0.0	2177073	14	4.3
1527444898.54	4300	15.172554	0.0	2160877	23	4.3
1527444898.94	4300	18.772679	0.0	2233056	42	4.3
1527444899.32	4300	22.386893	0.0	1941625	15	4.3
1527444899.71	4300	26.00274	0.0	2157535	23	4.3
1527444900.1	4300	29.616181	0.0	2290172	25	4.3
1527444900.48	4300	33.228918	0.0	2055469	22	4.3
1527444900.86	4300	36.850452	0.0	2169201	15	4.3
1527444901.24	4300	40.469944	0.0	2173522	20	4.3
1527444901.63	4300	44.082437	0.0	2102452	26	4.3
1527444902.02	4300	47.69357	0.0	2209463	26	4.3
1527444902.42	4300	51.294933	0.0	2275376	41	4.3
1527444902.8	4300	54.914835	0.0	2005399	22	4.3
1527444903.18	4300	58.528103	0.0	2152483	23	4.3
1527444906.08	4300	59.748865	0.0	2289689	27	4.3
1527444909.98	4300	59.749655	0.0	2059512	17	4.3
1527444914.37	4300	59.749091	0.0	2220726	23	4.3
1527444917.76	4300	59.998899	0.0	2156729	18	4.3
1527444922.16	4300	59.99908	0.0	2039773	23	4.3
1527444926.05	4300	59.749452	0.0	2176469	24	4.3
1527444929.95	4300	59.998502	0.0	2221506	25	4.3
1527444934.34	4300	59.74925	0.0	2044075	22	4.3
1527444938.23	4300	59.49846	0.0	2186790	20	4.3
1527444942.13	4300	59.748838	0.0	2105231	24	4.3
1527444946.03	4300	59.748047	0.0	2395588	24	4.3
1527444949.92	4300	59.999002	0.0	1972048	23	4.3
1527444953.81	4300	59.999362	0.0	2134614	18	4.3
1527444957.72	4300	59.998882	0.0	2164140	24	4.3
1527444962.12	4300	59.749438	0.0	2113193	23	4.3
1527444966.01	4300	59.749539	0.0	2147852	22	4.3
1527444969.91	4300	59.999108	0.0	2191074	23	4.3
1527444973.81	4300	59.998836	0.0	2286761	26	4.3
1527444978.2	4300	59.748893	0.0	2307787	26	4.3
1527444982.09	4300	59.998907	0.0	2143948	20	4.3
1527444985.98	4300	59.748939	0.0	1919781	21	4.3
1527444989.87	4300	59.998134	0.0	2147467	17	4.3
1527444993.77	4300	59.999487	0.0	2133870	23	4.3
1527444998.17	4300	59.747571	0.0	2146120	22	4.3
1527445002.06	4300	59.748652	0.0	2108491	23	4.3
1527445006.46	4300	59.498728	0.0	2184571	25	4.3
1527445010.35	4300	59.747964	0.0	2121928	23	4.3
1527445013.75	4300	59.998626	0.0	2219102	24	4.3
1527445018.15	4300	59.99849	0.0	2124950	21	4.3
1527445022.04	4300	59.998106	0.0	2246506	25	4.3
1527445025.91	4300	59.99778	0.0	1961140	12	4.3
1527445030.29	4300	59.747577	0.0	2155012	23	4.3
1527445031.63	4300	59.928793	0.0	1433658	16	4.3

1527445032.41	750	4	0.017	668286	2	-0.07309999999999994
1527445032.81	4300	7.950859	0.0	2123065	16	0.75
1527445033.19	4300	11.566499	0.0	2177073	19	4.3
1527445033.58	4300	15.181062	0.0	2160877	20	4.3
1527445033.96	4300	18.800613	0.0	2233056	25	4.3
1527445034.35	4300	22.410824	0.0	1941625	21	4.3
1527445034.74	4300	26.017517	0.0	2157535	35	4.3
1527445035.13	4300	29.633163	0.0	2290172	25	4.3
1527445035.51	4300	33.244325	0.0	2055469	23	4.3
1527445035.91	4300	36.853795	0.0	2169201	25	4.3
1527445036.3	4300	40.463494	0.0	2173522	25	4.3
1527445036.68	4300	44.074648	0.0	2102452	26	4.3
1527445037.07	4300	47.685164	0.0	2209463	26	4.3
1527445037.46	4300	51.298038	0.0	2275376	24	4.3
1527445037.85	4300	54.914039	0.0	2005399	18	4.3
1527445038.23	4300	58.532198	0.0	2152483	11	4.3
1527445041.1	4300	59.749296	0.0	2289689	12	4.3
1527445045.0	4300	59.998819	0.0	2059512	23	4.3
1527445049.39	4300	59.499161	0.0	2220726	25	4.3
1527445052.79	4300	59.998241	0.0	2156729	21	4.3
1527445057.17	4300	59.998259	0.0	2039773	20	4.3
