1527482369.6	750	4	0.025	2354772	6	-0.10750000000000004
1527482369.99	4300	7.965229	0.0	2123065	17	0.75
1527482370.39	4300	11.560308	0.0	2177073	26	4.3
1527482370.79	4300	15.162458	0.0	2160877	24	4.3
1527482371.18	4300	18.770895	0.0	2233056	22	4.3
1527482371.57	4300	22.382679	0.0	1941625	22	4.3
1527482371.96	4300	25.996079	0.0	2157535	24	4.3
1527482372.34	4300	29.604825	0.0	2290172	24	4.3
1527482372.73	4300	33.217723	0.0	2055469	23	4.3
1527482373.15	4300	36.829712	0.0	2169201	25	4.3
1527482373.55	4300	40.398102	0.0	2173522	23	4.3
1527482373.94	4300	44.007173	0.0	2102452	10	4.3
1527482374.33	4300	47.622757	0.0	2209463	22	4.3
1527482374.72	4300	51.232895	0.0	2275376	24	4.3
1527482375.11	4300	54.839777	0.0	2005399	21	4.3
1527482375.5	4300	58.453974	0.0	2152483	24	4.3
1527482378.39	4300	59.998829	0.0	2289689	26	4.3
1527482382.3	4300	59.997968	0.0	2059512	22	4.3
1527482386.21	4300	59.999006	0.0	2220726	32	4.3
1527482390.61	4300	59.498399	0.0	2156729	21	4.3
1527482394.04	4300	59.999036	0.0	2039773	21	4.3
1527482398.44	4300	59.747908	0.0	2176469	24	4.3
1527482402.34	4300	59.749479	0.0	2221506	23	4.3
1527482406.24	4300	59.748506	0.0	2044075	22	4.3
1527482410.64	4300	59.748213	0.0	2186790	23	4.3
1527482414.05	4300	59.998851	0.0	2105231	22	4.3
1527482418.45	4300	59.749247	0.0	2395588	25	4.3
1527482422.35	4300	59.999145	0.0	1972048	21	4.3
1527482426.27	4300	59.747768	0.0	2134614	33	4.3
1527482430.17	4300	59.999365	0.0	2164140	19	4.3
1527482434.56	4300	59.498496	0.0	2113193	19	4.3
1527482438.46	4300	59.749165	0.0	2147852	22	4.3
1527482442.37	4300	59.748233	0.0	2191074	25	4.3
1527482446.27	4300	59.997479	0.0	2286761	23	4.3
1527482450.17	4300	59.999385	0.0	2307787	25	4.3
1527482454.57	4300	59.498165	0.0	2143948	23	4.3
1527482457.97	4300	59.998888	0.0	1919781	21	4.3
1527482462.37	4300	59.747589	0.0	2147467	23	4.3
1527482466.26	4300	59.998772	0.0	2133870	17	4.3
1527482470.16	4300	59.998281	0.0	2146120	19	4.3
1527482474.06	4300	59.99915	0.0	2108491	18	4.3
1527482477.95	4300	59.998847	0.0	2184571	23	4.3
1527482482.35	4300	59.749286	0.0	2121928	23	4.3
1527482486.25	4300	59.747495	0.0	2219102	25	4.3
1527482490.14	4300	59.998328	0.0	2124950	17	4.3
1527482494.03	4300	59.998924	0.0	2246506	24	4.3
1527482498.4	4300	59.749299	0.0	1961140	19	4.3
1527482502.27	4300	59.748356	0.0	2155012	24	4.3
1527482504.13	4300	59.67842	0.0	1433658	17	4.3

1527482504.87	750	4	0.017	668286	3	-0.07309999999999994
1527482505.26	4300	7.951146	0.0	2123065	14	0.75
1527482505.67	4300	11.549434	0.0	2177073	21	4.3
1527482506.05	4300	15.161914	0.0	2160877	26	4.3
1527482506.45	4300	18.769945	0.0	2233056	24	4.3
1527482506.83	4300	22.379694	0.0	1941625	22	4.3
1527482507.23	4300	25.987646	0.0	2157535	34	4.3
1527482507.61	4300	29.601951	0.0	2290172	24	4.3
1527482508.0	4300	33.217229	0.0	2055469	22	4.3
1527482508.38	4300	36.839485	0.0	2169201	20	4.3
1527482508.76	4300	40.457891	0.0	2173522	24	4.3
1527482509.15	4300	44.070455	0.0	2102452	26	4.3
1527482509.52	4300	47.698177	0.0	2209463	17	4.3
1527482509.9	4300	51.312255	0.0	2275376	23	4.3
1527482510.28	4300	54.933771	0.0	2005399	21	4.3
1527482510.68	4300	58.533797	0.0	2152483	43	4.3
1527482513.57	4300	59.747976	0.0	2289689	25	4.3
1527482517.46	4300	59.999268	0.0	2059512	19	4.3
1527482521.36	4300	59.9978	0.0	2220726	25	4.3
1527482525.26	4300	59.998369	0.0	2156729	24	4.3
1527482529.65	4300	59.997982	0.0	2039773	22	4.3
1527482533.55	4300	59.747946	0.0	2176469	22	4.3
1527482537.94	4300	59.748902	0.0	2221506	24	4.3
1527482541.84	4300	59.748211	0.0	2044075	22	4.3
1527482545.22	4300	59.997753	0.0	2186790	19	4.3
1527482549.61	4300	59.749629	0.0	2105231	20	4.3
1527482553.51	4300	59.749405	0.0	2395588	26	4.3
1527482557.41	4300	59.997901	0.0	1972048	21	4.3
1527482561.8	4300	59.74855	0.0	2134614	17	4.3
1527482565.7	4300	59.748709	0.0	2164140	23	4.3
1527482569.6	4300	59.748121	0.0	2113193	24	4.3
1527482573.49	4300	59.749284	0.0	2147852	24	4.3
1527482577.39	4300	59.998639	0.0	2191074	25	4.3
1527482581.79	4300	59.748654	0.0	2286761	21	4.3
1527482585.68	4300	59.998798	0.0	2307787	25	4.3
1527482589.57	4300	59.749367	0.0	2143948	23	4.3
1527482593.46	4300	59.998562	0.0	1919781	17	4.3
1527482597.88	4300	59.747576	0.0	2147467	24	4.3
1527482601.77	4300	59.498595	0.0	2133870	20	4.3
1527482605.67	4300	59.998677	0.0	2146120	26	4.3
1527482609.56	4300	59.748975	0.0	2108491	22	4.3
1527482613.45	4300	59.9985	0.0	2184571	24	4.3
1527482617.85	4300	59.748706	0.0	2121928	24	4.3
1527482621.25	4300	59.999204	0.0	2219102	22	4.3
1527482625.65	4300	59.747741	0.0	2124950	25	4.3
1527482629.51	4300	59.748707	0.0	2246506	7	4.3
1527482633.38	4300	59.998505	0.0	1961140	19	4.3
1527482637.75	4300	59.498351	0.0	2155012	24	4.3
1527482639.1	4300	59.927415	0.0	1433658	16	4.3

1527482639.87	750	4	0.016	668286	2	-0.06879999999999997
1527482640.26	4300	7.953679	0.0	2123065	16	0.75
1527482640.65	4300	11.56271	0.0	2177073	18	4.3
1527482641.04	4300	15.169361	0.0	2160877	11	4.3
1527482641.42	4300	18.796334	0.0	2233056	16	4.3
1527482641.8	4300	22.410242	0.0	1941625	20	4.3
1527482642.2	4300	26.015617	0.0	2157535	24	4.3
1527482642.59	4300	29.621733	0.0	2290172	22	4.3
1527482642.97	4300	33.246929	0.0	2055469	13	4.3
1527482643.35	4300	36.866757	0.0	2169201	18	4.3
1527482643.73	4300	40.482831	0.0	2173522	23	4.3
1527482644.12	4300	44.095414	0.0	2102452	26	4.3
1527482644.51	4300	47.706777	0.0	2209463	25	4.3
1527482644.91	4300	51.307659	0.0	2275376	35	4.3
1527482645.29	4300	54.922511	0.0	2005399	22	4.3
1527482645.68	4300	58.534462	0.0	2152483	23	4.3
1527482648.58	4300	59.74932	0.0	2289689	26	4.3
1527482652.47	4300	59.749045	0.0	2059512	18	4.3
1527482656.87	4300	59.499493	0.0	2220726	25	4.3
1527482660.76	4300	59.49864	0.0	2156729	24	4.3
1527482664.67	4300	59.999007	0.0	2039773	23	4.3
1527482668.6	4300	59.998001	0.0	2176469	23	4.3
1527482672.5	4300	59.748441	0.0	2221506	23	4.3
1527482676.4	4300	59.999325	0.0	2044075	19	4.3
1527482680.3	4300	59.99852	0.0	2186790	23	4.3
1527482684.7	4300	59.748932	0.0	2105231	23	4.3
1527482689.09	4300	59.498315	0.0	2395588	20	4.3
1527482692.49	4300	59.997644	0.0	1972048	22	4.3
1527482696.89	4300	59.748753	0.0	2134614	23	4.3
1527482700.28	4300	59.99809	0.0	2164140	24	4.3
1527482704.66	4300	59.749602	0.0	2113193	7	4.3
1527482708.56	4300	59.998712	0.0	2147852	25	4.3
1527482712.44	4300	59.997581	0.0	2191074	18	4.3
1527482716.33	4300	59.999226	0.0	2286761	23	4.3
1527482720.23	4300	59.998958	0.0	2307787	27	4.3
1527482724.63	4300	59.749397	0.0	2143948	23	4.3
1527482728.53	4300	59.748972	0.0	1919781	21	4.3
1527482732.42	4300	59.998883	0.0	2147467	17	4.3
1527482736.32	4300	59.998559	0.0	2133870	23	4.3
1527482740.71	4300	59.74914	0.0	2146120	23	4.3
