1527393515.7	750	4	0.017	450283	4	-0.07309999999999994
1527393516.09	4300	7.948482	0.0	2123065	20	0.75
1527393516.42	4300	11.61525	0.0	2177073	11	4.3
1527393516.77	4300	15.271295	0.0	2160877	27	4.3
1527393517.1	4300	18.935293	0.0	2233056	23	4.3
1527393517.43	4300	22.603447	0.0	1941625	19	4.3
1527393517.77	4300	26.267583	0.0	2157535	20	4.3
1527393518.1	4300	29.933989	0.0	2290172	17	4.3
1527393518.44	4300	33.594497	0.0	2055469	22	4.3
1527393518.79	4300	37.252096	0.0	2169201	19	4.3
1527393519.13	4300	40.909546	0.0	2173522	23	4.3
1527393519.47	4300	44.568478	0.0	2102452	23	4.3
1527393519.81	4300	48.226945	0.0	2209463	23	4.3
1527393520.17	4300	51.869163	0.0	2275376	21	4.3
1527393520.51	4300	55.528919	0.0	2005399	23	4.3
1527393520.85	4300	59.189651	0.0	2152483	23	4.3
1527393524.7	4300	59.748821	0.0	2289689	22	4.3
1527393528.05	4300	59.999264	0.0	2059512	21	4.3
1527393532.41	4300	59.748324	0.0	2220726	30	4.3
1527393536.75	4300	59.498237	0.0	2156729	16	4.3
1527393540.59	4300	59.748167	0.0	2039773	19	4.3
1527393544.45	4300	59.748834	0.0	2176469	24	4.3
1527393548.3	4300	59.748854	0.0	2221506	24	4.3
1527393552.65	4300	59.498986	0.0	2044075	14	4.3
1527393556.5	4300	59.748804	0.0	2186790	21	4.3
1527393560.35	4300	59.998061	0.0	2105231	22	4.3
1527393564.71	4300	59.748967	0.0	2395588	27	4.3
1527393568.06	4300	59.998732	0.0	1972048	22	4.3
1527393572.41	4300	59.747652	0.0	2134614	23	4.3
1527393576.76	4300	59.498896	0.0	2164140	25	4.3
1527393580.11	4300	59.998673	0.0	2113193	25	4.3
1527393584.47	4300	59.99817	0.0	2147852	25	4.3
1527393588.32	4300	59.748921	0.0	2191074	24	4.3
1527393592.16	4300	59.99796	0.0	2286761	22	4.3
1527393596.52	4300	59.74839	0.0	2307787	22	4.3
1527393600.37	4300	59.747747	0.0	2143948	24	4.3
1527393604.22	4300	59.997684	0.0	1919781	21	4.3
1527393608.09	4300	59.998284	0.0	2147467	21	4.3
1527393612.44	4300	59.748712	0.0	2133870	22	4.3
1527393616.29	4300	59.748501	0.0	2146120	32	4.3
1527393620.65	4300	59.748762	0.0	2108491	23	4.3
1527393624.5	4300	59.74859	0.0	2184571	26	4.3
1527393628.35	4300	59.748361	0.0	2121928	23	4.3
1527393632.19	4300	59.998163	0.0	2219102	21	4.3
1527393636.56	4300	59.749146	0.0	2124950	22	4.3
1527393640.41	4300	59.749249	0.0	2246506	24	4.3
1527393644.26	4300	59.99788	0.0	1961140	21	4.3
1527393648.11	4300	59.997565	0.0	2155012	25	4.3
1527393650.45	4300	59.428396	0.0	1433658	14	4.3

1527393651.21	750	4	0.012	668286	3	-0.05159999999999998
1527393651.55	4300	7.953357	0.0	2123065	14	0.75
1527393651.89	4300	11.615596	0.0	2177073	22	4.3
1527393652.24	4300	15.268883	0.0	2160877	33	4.3
1527393652.58	4300	18.927596	0.0	2233056	25	4.3
1527393652.92	4300	22.593558	0.0	1941625	21	4.3
1527393653.25	4300	26.259137	0.0	2157535	20	4.3
1527393653.6	4300	29.913468	0.0	2290172	26	4.3
1527393653.93	4300	33.576536	0.0	2055469	22	4.3
1527393654.27	4300	37.242254	0.0	2169201	23	4.3
1527393654.6	4300	40.908553	0.0	2173522	21	4.3
1527393654.93	4300	44.57691	0.0	2102452	19	4.3
1527393655.28	4300	48.234217	0.0	2209463	26	4.3
1527393655.63	4300	51.883848	0.0	2275376	31	4.3
1527393655.97	4300	55.543116	0.0	2005399	22	4.3
1527393656.3	4300	59.206605	0.0	2152483	24	4.3
1527393659.65	4300	59.998894	0.0	2289689	22	4.3
1527393664.0	4300	59.749127	0.0	2059512	22	4.3
1527393667.85	4300	59.749213	0.0	2220726	24	4.3
1527393672.19	4300	59.749088	0.0	2156729	23	4.3
1527393676.04	4300	59.498593	0.0	2039773	22	4.3
1527393679.89	4300	59.749016	0.0	2176469	21	4.3
1527393684.23	4300	59.499066	0.0	2221506	20	4.3
1527393687.58	4300	59.998588	0.0	2044075	20	4.3
1527393691.93	4300	59.748445	0.0	2186790	23	4.3
1527393695.78	4300	59.998407	0.0	2105231	24	4.3
1527393700.13	4300	59.49831	0.0	2395588	24	4.3
1527393703.97	4300	59.74757	0.0	1972048	20	4.3
1527393707.83	4300	59.749344	0.0	2134614	31	4.3
1527393712.18	4300	59.747711	0.0	2164140	24	4.3
1527393715.53	4300	59.997748	0.0	2113193	25	4.3
1527393719.89	4300	59.749524	0.0	2147852	24	4.3
1527393724.24	4300	59.747777	0.0	2191074	24	4.3
1527393727.59	4300	59.998847	0.0	2286761	25	4.3
1527393731.95	4300	59.749439	0.0	2307787	27	4.3
1527393735.8	4300	59.748473	0.0	2143948	23	4.3
1527393739.65	4300	59.997278	0.0	1919781	19	4.3
1527393744.01	4300	59.749161	0.0	2147467	23	4.3
1527393747.86	4300	59.749135	0.0	2133870	24	4.3
1527393751.72	4300	59.99799	0.0	2146120	30	4.3
1527393755.57	4300	59.998512	0.0	2108491	24	4.3
1527393759.92	4300	59.998582	0.0	2184571	23	4.3
1527393763.77	4300	59.748615	0.0	2121928	21	4.3
1527393767.62	4300	59.998466	0.0	2219102	19	4.3
1527393771.98	4300	59.749021	0.0	2124950	23	4.3
1527393775.83	4300	59.998605	0.0	2246506	24	4.3
1527393779.67	4300	59.998658	0.0	1961140	19	4.3
1527393783.53	4300	59.998368	0.0	2155012	24	4.3
1527393785.36	4300	59.927902	0.0	1433658	16	4.3

1527393786.12	750	4	0.019	668286	2	-0.0817
1527393786.48	4300	7.947562	0.0	2123065	23	0.75
1527393786.82	4300	11.605428	0.0	2177073	23	4.3
1527393787.18	4300	15.247524	0.0	2160877	42	4.3
1527393787.52	4300	18.905159	0.0	2233056	25	4.3
1527393787.85	4300	22.570468	0.0	1941625	22	4.3
1527393788.19	4300	26.235717	0.0	2157535	21	4.3
1527393788.53	4300	29.896897	0.0	2290172	22	4.3
1527393788.87	4300	33.553035	0.0	2055469	23	4.3
1527393789.21	4300	37.217043	0.0	2169201	23	4.3
1527393789.54	4300	40.881698	0.0	2173522	21	4.3
1527393789.88	4300	44.550187	0.0	2102452	19	4.3
1527393790.24	4300	48.205227	0.0	2209463	26	4.3
1527393790.6	4300	51.828204	0.0	2275376	40	4.3
1527393790.94	4300	55.490444	0.0	2005399	21	4.3
1527393791.27	4300	59.151181	0.0	2152483	23	4.3
1527393795.11	4300	59.498071	0.0	2289689	22	4.3
1527393798.96	4300	59.498755	0.0	2059512	21	4.3
1527393802.8	4300	59.748265	0.0	2220726	21	4.3
1527393807.16	4300	59.749026	0.0	2156729	25	4.3
1527393811.01	4300	59.749223	0.0	2039773	23	4.3
1527393814.86	4300	59.998218	0.0	2176469	25	4.3
1527393818.71	4300	59.998706	0.0	2221506	21	4.3
1527393823.05	4300	59.748713	0.0	2044075	21	4.3
1527393826.91	4300	59.749424	0.0	2186790	24	4.3
1527393830.76	4300	59.748659	0.0	2105231	23	4.3
1527393835.11	4300	59.747835	0.0	2395588	17	4.3
1527393838.45	4300	59.999281	0.0	1972048	18	4.3
1527393842.81	4300	59.998098	0.0	2134614	24	4.3
1527393846.65	4300	59.998748	0.0	2164140	25	4.3
1527393850.5	4300	59.998058	0.0	2113193	22	4.3
