1527461134.61	750	4	0.027	2354772	10	-0.11609999999999998
1527461134.95	4300	7.962199	0.0	2123065	25	0.75
1527461135.28	4300	11.627231	0.0	2177073	23	4.3
1527461135.6	4300	15.309654	0.0	2160877	12	4.3
1527461135.94	4300	18.971528	0.0	2233056	26	4.3
1527461136.27	4300	22.640266	0.0	1941625	20	4.3
1527461136.62	4300	26.285054	0.0	2157535	26	4.3
1527461136.96	4300	29.950625	0.0	2290172	23	4.3
1527461137.28	4300	33.632645	0.0	2055469	12	4.3
1527461137.62	4300	37.293519	0.0	2169201	24	4.3
1527461137.95	4300	40.954304	0.0	2173522	24	4.3
1527461138.29	4300	44.620329	0.0	2102452	24	4.3
1527461138.62	4300	48.289747	0.0	2209463	18	4.3
1527461138.95	4300	51.958983	0.0	2275376	19	4.3
1527461139.27	4300	55.638711	0.0	2005399	14	4.3
1527461139.59	4300	59.317707	0.0	2152483	15	4.3
1527461143.43	4300	59.499534	0.0	2289689	17	4.3
1527461147.28	4300	59.748924	0.0	2059512	26	4.3
1527461151.62	4300	59.749051	0.0	2220726	22	4.3
1527461154.97	4300	59.99828	0.0	2156729	24	4.3
1527461159.31	4300	59.998496	0.0	2039773	19	4.3
1527461163.66	4300	59.498104	0.0	2176469	23	4.3
1527461167.5	4300	59.498081	0.0	2221506	22	4.3
1527461171.84	4300	59.24886	0.0	2044075	21	4.3
1527461175.19	4300	59.998328	0.0	2186790	24	4.3
1527461179.03	4300	59.998526	0.0	2105231	20	4.3
1527461183.38	4300	59.747993	0.0	2395588	26	4.3
1527461187.25	4300	59.749169	0.0	1972048	39	4.3
1527461191.1	4300	59.999129	0.0	2134614	24	4.3
1527461194.95	4300	59.999147	0.0	2164140	26	4.3
1527461199.29	4300	59.997741	0.0	2113193	22	4.3
1527461203.14	4300	59.999163	0.0	2147852	25	4.3
1527461207.49	4300	59.497722	0.0	2191074	24	4.3
1527461211.33	4300	59.749044	0.0	2286761	24	4.3
1527461215.18	4300	59.748104	0.0	2307787	22	4.3
1527461219.02	4300	59.997814	0.0	2143948	19	4.3
1527461223.36	4300	59.997796	0.0	1919781	17	4.3
1527461227.21	4300	59.74769	0.0	2147467	23	4.3
1527461231.57	4300	59.748211	0.0	2133870	34	4.3
1527461235.42	4300	59.748678	0.0	2146120	24	4.3
1527461239.26	4300	59.74874	0.0	2108491	23	4.3
1527461243.61	4300	59.499004	0.0	2184571	23	4.3
1527461246.95	4300	59.998155	0.0	2121928	25	4.3
1527461251.31	4300	59.748505	0.0	2219102	24	4.3
1527461255.16	4300	59.997512	0.0	2124950	24	4.3
1527461259.51	4300	59.499537	0.0	2246506	23	4.3
1527461263.37	4300	59.747893	0.0	1961140	31	4.3
1527461267.22	4300	59.748413	0.0	2155012	24	4.3
1527461269.05	4300	59.928759	0.0	1433658	16	4.3

1527461269.81	750	4	0.025	2354772	8	-0.10750000000000004
1527461270.16	4300	7.955344	0.0	2123065	25	0.75
1527461270.49	4300	11.625413	0.0	2177073	23	4.3
1527461270.8	4300	15.315426	0.0	2160877	9	4.3
1527461271.13	4300	18.982829	0.0	2233056	22	4.3
1527461271.47	4300	22.645277	0.0	1941625	23	4.3
1527461271.81	4300	26.304419	0.0	2157535	27	4.3
1527461272.14	4300	29.96858	0.0	2290172	24	4.3
1527461272.46	4300	33.653885	0.0	2055469	11	4.3
1527461272.8	4300	37.315313	0.0	2169201	23	4.3
1527461273.13	4300	40.980956	0.0	2173522	25	4.3
1527461273.46	4300	44.647439	0.0	2102452	23	4.3
1527461273.8	4300	48.317229	0.0	2209463	21	4.3
1527461274.11	4300	51.999583	0.0	2275376	13	4.3
1527461274.45	4300	55.659649	0.0	2005399	29	4.3
1527461274.79	4300	59.325134	0.0	2152483	23	4.3
1527461278.13	4300	59.99888	0.0	2289689	21	4.3
1527461282.98	4300	59.49959	0.0	2059512	22	4.3
1527461286.83	4300	59.74896	0.0	2220726	27	4.3
1527461290.18	4300	59.999395	0.0	2156729	25	4.3
1527461294.52	4300	59.749246	0.0	2039773	19	4.3
1527461298.36	4300	59.99878	0.0	2176469	24	4.3
1527461302.21	4300	59.998996	0.0	2221506	22	4.3
1527461306.55	4300	59.749559	0.0	2044075	19	4.3
1527461310.39	4300	59.749087	0.0	2186790	26	4.3
1527461314.74	4300	59.748741	0.0	2105231	21	4.3
1527461318.59	4300	59.748798	0.0	2395588	27	4.3
1527461322.43	4300	59.998931	0.0	1972048	19	4.3
1527461326.28	4300	59.998954	0.0	2134614	26	4.3
1527461330.63	4300	59.748741	0.0	2164140	26	4.3
1527461334.48	4300	59.748601	0.0	2113193	25	4.3
1527461338.83	4300	59.749129	0.0	2147852	25	4.3
1527461342.67	4300	59.747892	0.0	2191074	25	4.3
1527461346.52	4300	59.998901	0.0	2286761	24	4.3
1527461350.36	4300	59.999313	0.0	2307787	21	4.3
1527461354.71	4300	59.499357	0.0	2143948	20	4.3
1527461358.55	4300	59.999318	0.0	1919781	19	4.3
1527461362.4	4300	59.749198	0.0	2147467	27	4.3
1527461366.25	4300	59.998884	0.0	2133870	25	4.3
1527461370.61	4300	59.748514	0.0	2146120	35	4.3
1527461374.45	4300	59.998186	0.0	2108491	18	4.3
1527461378.82	4300	59.497434	0.0	2184571	38	4.3
1527461382.16	4300	59.999038	0.0	2121928	25	4.3
1527461386.52	4300	59.748594	0.0	2219102	25	4.3
1527461390.37	4300	59.747535	0.0	2124950	24	4.3
1527461394.72	4300	59.498718	0.0	2246506	26	4.3
1527461398.57	4300	59.748419	0.0	1961140	23	4.3
1527461402.41	4300	59.748597	0.0	2155012	20	4.3
1527461404.25	4300	59.679052	0.0	1433658	16	4.3

1527461405.03	750	4	0.024	2354772	6	-0.10319999999999996
1527461405.37	4300	7.957424	0.0	2123065	26	0.75
1527461405.71	4300	11.621432	0.0	2177073	24	4.3
1527461406.04	4300	15.289492	0.0	2160877	26	4.3
1527461406.35	4300	18.977878	0.0	2233056	9	4.3
1527461406.69	4300	22.641049	0.0	1941625	21	4.3
1527461407.03	4300	26.30321	0.0	2157535	22	4.3
1527461407.37	4300	29.965402	0.0	2290172	16	4.3
1527461407.71	4300	33.623441	0.0	2055469	23	4.3
1527461408.05	4300	37.282209	0.0	2169201	26	4.3
1527461408.38	4300	40.948425	0.0	2173522	19	4.3
1527461408.72	4300	44.612924	0.0	2102452	15	4.3
1527461409.06	4300	48.271143	0.0	2209463	26	4.3
1527461409.41	4300	51.923852	0.0	2275376	36	4.3
1527461409.75	4300	55.579916	0.0	2005399	24	4.3
1527461410.09	4300	59.244839	0.0	2152483	24	4.3
1527461413.93	4300	59.74799	0.0	2289689	22	4.3
1527461417.79	4300	59.998391	0.0	2059512	22	4.3
1527461421.64	4300	59.747536	0.0	2220726	25	4.3
1527461425.48	4300	59.998161	0.0	2156729	20	4.3
1527461429.82	4300	59.748492	0.0	2039773	19	4.3
1527461433.67	4300	59.748087	0.0	2176469	23	4.3
1527461437.53	4300	59.998149	0.0	2221506	26	4.3
1527461441.38	4300	59.998776	0.0	2044075	18	4.3
1527461445.72	4300	59.748548	0.0	2186790	21	4.3
1527461449.56	4300	59.998652	0.0	2105231	22	4.3
1527461453.91	4300	59.498331	0.0	2395588	23	4.3
1527461457.76	4300	59.998597	0.0	1972048	21	4.3
1527461461.61	4300	59.997988	0.0	2134614	31	4.3
1527461465.47	4300	59.999126	0.0	2164140	26	4.3
1527461469.81	4300	59.747582	0.0	2113193	22	4.3
1527461473.66	4300	59.998454	0.0	2147852	24	4.3
1527461478.0	4300	59.748257	0.0	2191074	21	4.3
1527461481.34	4300	59.997794	0.0	2286761	25	4.3
