1527467023.88	750	4	0.025	2354772	8	-0.10750000000000004
1527467024.22	4300	7.956179	0.0	2123065	25	0.75
1527467024.56	4300	11.619765	0.0	2177073	25	4.3
1527467024.9	4300	15.284565	0.0	2160877	20	4.3
1527467025.22	4300	18.963308	0.0	2233056	14	4.3
1527467025.55	4300	22.631892	0.0	1941625	20	4.3
1527467025.89	4300	26.293687	0.0	2157535	21	4.3
1527467026.23	4300	29.949166	0.0	2290172	26	4.3
1527467026.57	4300	33.614347	0.0	2055469	23	4.3
1527467026.9	4300	37.279862	0.0	2169201	22	4.3
1527467027.24	4300	40.941627	0.0	2173522	19	4.3
1527467027.56	4300	44.618831	0.0	2102452	18	4.3
1527467027.91	4300	48.273104	0.0	2209463	25	4.3
1527467028.25	4300	51.932597	0.0	2275376	26	4.3
1527467028.58	4300	55.599855	0.0	2005399	22	4.3
1527467028.94	4300	59.241205	0.0	2152483	25	4.3
1527467032.28	4300	59.998818	0.0	2289689	19	4.3
1527467036.63	4300	59.749264	0.0	2059512	23	4.3
1527467040.49	4300	59.749453	0.0	2220726	24	4.3
1527467044.33	4300	59.999422	0.0	2156729	22	4.3
1527467048.67	4300	59.999225	0.0	2039773	20	4.3
1527467052.52	4300	59.749278	0.0	2176469	26	4.3
1527467056.37	4300	59.998918	0.0	2221506	19	4.3
1527467060.22	4300	59.998697	0.0	2044075	24	4.3
1527467064.57	4300	59.748462	0.0	2186790	24	4.3
1527467068.42	4300	59.998621	0.0	2105231	25	4.3
1527467072.27	4300	59.998204	0.0	2395588	24	4.3
1527467076.62	4300	59.748496	0.0	1972048	22	4.3
1527467080.47	4300	59.748926	0.0	2134614	26	4.3
1527467084.33	4300	59.998081	0.0	2164140	27	4.3
1527467088.67	4300	59.99817	0.0	2113193	17	4.3
1527467092.52	4300	59.997826	0.0	2147852	21	4.3
1527467096.86	4300	59.74912	0.0	2191074	20	4.3
1527467100.21	4300	59.999343	0.0	2286761	24	4.3
1527467104.56	4300	59.999053	0.0	2307787	27	4.3
1527467108.41	4300	59.99768	0.0	2143948	25	4.3
1527467112.75	4300	59.497642	0.0	1919781	22	4.3
1527467116.6	4300	59.748747	0.0	2147467	26	4.3
1527467120.46	4300	59.997839	0.0	2133870	22	4.3
1527467124.81	4300	59.498982	0.0	2146120	24	4.3
1527467128.66	4300	59.998725	0.0	2108491	24	4.3
1527467132.5	4300	59.99761	0.0	2184571	23	4.3
1527467136.85	4300	59.497527	0.0	2121928	22	4.3
1527467140.19	4300	59.99924	0.0	2219102	24	4.3
1527467144.55	4300	59.747929	0.0	2124950	25	4.3
1527467148.9	4300	59.498315	0.0	2246506	27	4.3
1527467152.24	4300	59.999216	0.0	1961140	24	4.3
1527467156.59	4300	59.74795	0.0	2155012	22	4.3
1527467158.42	4300	59.679428	0.0	1433658	16	4.3

1527467159.17	750	4	0.025	2354772	7	-0.10750000000000004
1527467159.51	4300	7.951243	0.0	2123065	22	0.75
1527467159.85	4300	11.608529	0.0	2177073	27	4.3
1527467160.19	4300	15.272941	0.0	2160877	23	4.3
1527467160.52	4300	18.938642	0.0	2233056	23	4.3
1527467160.84	4300	22.622115	0.0	1941625	12	4.3
1527467161.18	4300	26.284436	0.0	2157535	26	4.3
1527467161.52	4300	29.947224	0.0	2290172	24	4.3
1527467161.85	4300	33.617108	0.0	2055469	20	4.3
1527467162.18	4300	37.285026	0.0	2169201	19	4.3
1527467162.5	4300	40.966814	0.0	2173522	14	4.3
1527467162.82	4300	44.646986	0.0	2102452	13	4.3
1527467163.15	4300	48.316648	0.0	2209463	20	4.3
1527467163.5	4300	51.959439	0.0	2275376	43	4.3
1527467163.83	4300	55.634009	0.0	2005399	16	4.3
1527467164.17	4300	59.291628	0.0	2152483	26	4.3
1527467167.52	4300	59.998184	0.0	2289689	27	4.3
1527467171.86	4300	59.748182	0.0	2059512	19	4.3
1527467175.71	4300	59.997722	0.0	2220726	21	4.3
1527467179.56	4300	59.999091	0.0	2156729	24	4.3
1527467183.91	4300	59.749323	0.0	2039773	23	4.3
1527467187.76	4300	59.749325	0.0	2176469	24	4.3
1527467192.09	4300	59.498729	0.0	2221506	12	4.3
1527467195.93	4300	59.99878	0.0	2044075	19	4.3
1527467199.77	4300	59.749022	0.0	2186790	21	4.3
1527467203.61	4300	59.998923	0.0	2105231	19	4.3
1527467207.95	4300	59.748768	0.0	2395588	21	4.3
1527467211.79	4300	59.999197	0.0	1972048	22	4.3
1527467215.64	4300	59.99907	0.0	2134614	34	4.3
1527467219.5	4300	59.99909	0.0	2164140	26	4.3
1527467223.84	4300	59.74857	0.0	2113193	23	4.3
1527467227.69	4300	59.997936	0.0	2147852	24	4.3
1527467232.04	4300	59.498163	0.0	2191074	22	4.3
1527467235.88	4300	59.997914	0.0	2286761	24	4.3
1527467239.73	4300	59.748369	0.0	2307787	21	4.3
1527467244.07	4300	59.747707	0.0	2143948	19	4.3
1527467247.91	4300	59.748941	0.0	1919781	22	4.3
1527467251.76	4300	59.748519	0.0	2147467	25	4.3
1527467255.6	4300	59.998897	0.0	2133870	21	4.3
1527467259.95	4300	59.748728	0.0	2146120	34	4.3
1527467263.81	4300	59.748785	0.0	2108491	24	4.3
1527467268.16	4300	59.498795	0.0	2184571	31	4.3
1527467271.5	4300	59.999139	0.0	2121928	23	4.3
1527467275.86	4300	59.998716	0.0	2219102	25	4.3
1527467280.22	4300	59.748779	0.0	2124950	23	4.3
