1527499372.74	750	4	0.03	2354772	10	-0.129
1527499373.1	4300	7.966956	0.0	2123065	19	0.75
1527499373.43	4300	11.633737	0.0	2177073	16	4.3
1527499373.78	4300	15.28822	0.0	2160877	25	4.3
1527499374.11	4300	18.950073	0.0	2233056	24	4.3
1527499374.45	4300	22.617181	0.0	1941625	18	4.3
1527499374.79	4300	26.280976	0.0	2157535	19	4.3
1527499375.13	4300	29.936862	0.0	2290172	25	4.3
1527499375.46	4300	33.602138	0.0	2055469	22	4.3
1527499375.8	4300	37.265674	0.0	2169201	22	4.3
1527499376.14	4300	40.924952	0.0	2173522	19	4.3
1527499376.48	4300	44.590136	0.0	2102452	24	4.3
1527499376.82	4300	48.251383	0.0	2209463	23	4.3
1527499377.15	4300	51.916821	0.0	2275376	19	4.3
1527499377.49	4300	55.573631	0.0	2005399	24	4.3
1527499377.83	4300	59.232604	0.0	2152483	24	4.3
1527499381.18	4300	59.999343	0.0	2289689	22	4.3
1527499385.53	4300	59.748255	0.0	2059512	23	4.3
1527499389.38	4300	59.999127	0.0	2220726	25	4.3
1527499393.72	4300	59.498653	0.0	2156729	15	4.3
1527499397.57	4300	59.498193	0.0	2039773	22	4.3
1527499401.42	4300	59.997861	0.0	2176469	23	4.3
1527499405.26	4300	59.998348	0.0	2221506	20	4.3
1527499409.62	4300	59.748501	0.0	2044075	23	4.3
1527499413.47	4300	59.748938	0.0	2186790	25	4.3
1527499417.32	4300	59.998917	0.0	2105231	22	4.3
1527499421.68	4300	59.498677	0.0	2395588	27	4.3
1527499425.54	4300	59.748126	0.0	1972048	36	4.3
1527499429.4	4300	59.749152	0.0	2134614	25	4.3
1527499433.24	4300	59.998739	0.0	2164140	23	4.3
1527499437.59	4300	59.499111	0.0	2113193	20	4.3
1527499441.43	4300	59.749289	0.0	2147852	24	4.3
1527499445.78	4300	59.749136	0.0	2191074	22	4.3
1527499449.63	4300	59.747758	0.0	2286761	23	4.3
1527499453.47	4300	59.998048	0.0	2307787	22	4.3
1527499457.32	4300	59.997869	0.0	2143948	20	4.3
1527499461.67	4300	59.497488	0.0	1919781	21	4.3
1527499465.52	4300	59.997553	0.0	2147467	24	4.3
1527499469.38	4300	59.748686	0.0	2133870	32	4.3
1527499473.73	4300	59.498674	0.0	2146120	24	4.3
1527499477.08	4300	59.999319	0.0	2108491	23	4.3
1527499481.44	4300	59.748626	0.0	2184571	25	4.3
1527499485.29	4300	59.998874	0.0	2121928	24	4.3
1527499489.64	4300	59.497937	0.0	2219102	24	4.3
1527499493.49	4300	59.748579	0.0	2124950	22	4.3
1527499497.34	4300	59.747407	0.0	2246506	20	4.3
1527499501.18	4300	59.998216	0.0	1961140	16	4.3
1527499505.53	4300	59.99839	0.0	2155012	23	4.3
1527499506.88	4300	59.928094	0.0	1433658	20	4.3

1527499507.65	750	4	0.017	668286	2	-0.07309999999999994
1527499508.0	4300	7.943773	0.0	2123065	26	0.75
1527499508.34	4300	11.607751	0.0	2177073	19	4.3
1527499508.66	4300	15.28815	0.0	2160877	12	4.3
1527499509.0	4300	18.951134	0.0	2233056	25	4.3
1527499509.33	4300	22.620235	0.0	1941625	20	4.3
1527499509.66	4300	26.287314	0.0	2157535	19	4.3
1527499510.0	4300	29.953063	0.0	2290172	21	4.3
1527499510.31	4300	33.633631	0.0	2055469	13	4.3
1527499510.65	4300	37.300529	0.0	2169201	22	4.3
1527499510.98	4300	40.965677	0.0	2173522	20	4.3
1527499511.32	4300	44.623984	0.0	2102452	23	4.3
1527499511.68	4300	48.275681	0.0	2209463	27	4.3
1527499512.0	4300	51.946345	0.0	2275376	16	4.3
1527499512.33	4300	55.616706	0.0	2005399	16	4.3
1527499512.66	4300	59.286391	0.0	2152483	17	4.3
1527499516.51	4300	59.748927	0.0	2289689	21	4.3
1527499520.36	4300	59.748476	0.0	2059512	22	4.3
1527499524.21	4300	59.748474	0.0	2220726	32	4.3
1527499528.56	4300	59.499647	0.0	2156729	19	4.3
1527499532.41	4300	59.748314	0.0	2039773	20	4.3
1527499536.25	4300	59.7498	0.0	2176469	17	4.3
1527499540.6	4300	59.748929	0.0	2221506	25	4.3
1527499544.45	4300	59.499077	0.0	2044075	22	4.3
1527499548.29	4300	59.748913	0.0	2186790	24	4.3
1527499552.14	4300	59.999302	0.0	2105231	22	4.3
1527499555.99	4300	59.999437	0.0	2395588	21	4.3
1527499560.34	4300	59.999385	0.0	1972048	21	4.3
1527499564.69	4300	59.74879	0.0	2134614	20	4.3
1527499568.54	4300	59.497952	0.0	2164140	23	4.3
1527499572.39	4300	59.998757	0.0	2113193	22	4.3
1527499576.24	4300	59.748644	0.0	2147852	23	4.3
1527499580.59	4300	59.498656	0.0	2191074	23	4.3
1527499584.44	4300	59.748508	0.0	2286761	25	4.3
1527499588.29	4300	59.748041	0.0	2307787	22	4.3
1527499592.64	4300	59.498966	0.0	2143948	18	4.3
1527499596.48	4300	59.499088	0.0	1919781	21	4.3
1527499600.33	4300	59.74927	0.0	2147467	21	4.3
1527499604.68	4300	59.749469	0.0	2133870	24	4.3
1527499608.55	4300	59.499399	0.0	2146120	38	4.3
1527499612.4	4300	59.749099	0.0	2108491	25	4.3
1527499616.25	4300	59.749203	0.0	2184571	24	4.3
1527499620.1	4300	59.999076	0.0	2121928	19	4.3
1527499623.95	4300	59.998738	0.0	2219102	24	4.3
1527499628.3	4300	59.748934	0.0	2124950	24	4.3
1527499632.15	4300	59.998372	0.0	2246506	23	4.3
1527499635.99	4300	59.9977	0.0	1961140	19	4.3
1527499640.34	4300	59.998466	0.0	2155012	22	4.3
1527499642.17	4300	59.678157	0.0	1433658	16	4.3

1527499642.92	750	4	0.016	668286	4	-0.06879999999999997
1527499643.27	4300	7.952601	0.0	2123065	15	0.75
1527499643.61	4300	11.611945	0.0	2177073	31	4.3
1527499643.95	4300	15.272311	0.0	2160877	21	4.3
1527499644.3	4300	18.928365	0.0	2233056	24	4.3
1527499644.63	4300	22.595485	0.0	1941625	20	4.3
1527499644.96	4300	26.26147	0.0	2157535	19	4.3
1527499645.31	4300	29.914432	0.0	2290172	25	4.3
1527499645.65	4300	33.575252	0.0	2055469	22	4.3
1527499645.98	4300	37.24105	0.0	2169201	20	4.3
1527499646.33	4300	40.896599	0.0	2173522	24	4.3
1527499646.67	4300	44.556977	0.0	2102452	24	4.3
1527499646.99	4300	48.23199	0.0	2209463	15	4.3
1527499647.32	4300	51.900421	0.0	2275376	20	4.3
1527499647.66	4300	55.565801	0.0	2005399	21	4.3
1527499647.98	4300	59.246742	0.0	2152483	12	4.3
