1527393019.72	750	4	0.026	2354772	10	-0.11180000000000001
1527393020.06	4300	7.964808	0.0	2123065	20	0.75
1527393020.39	4300	11.628148	0.0	2177073	19	4.3
1527393020.74	4300	15.283898	0.0	2160877	27	4.3
1527393021.07	4300	18.947391	0.0	2233056	24	4.3
1527393021.4	4300	22.615777	0.0	1941625	19	4.3
1527393021.74	4300	26.282843	0.0	2157535	20	4.3
1527393022.08	4300	29.936265	0.0	2290172	23	4.3
1527393022.42	4300	33.600571	0.0	2055469	23	4.3
1527393022.75	4300	37.266195	0.0	2169201	23	4.3
1527393023.09	4300	40.92591	0.0	2173522	20	4.3
1527393023.44	4300	44.578545	0.0	2102452	18	4.3
1527393023.78	4300	48.243708	0.0	2209463	22	4.3
1527393024.13	4300	51.892991	0.0	2275376	34	4.3
1527393024.46	4300	55.559778	0.0	2005399	22	4.3
1527393024.8	4300	59.221231	0.0	2152483	22	4.3
1527393028.64	4300	59.49949	0.0	2289689	20	4.3
1527393032.49	4300	59.99912	0.0	2059512	23	4.3
1527393036.34	4300	59.749441	0.0	2220726	25	4.3
1527393040.68	4300	59.498143	0.0	2156729	16	4.3
1527393044.53	4300	59.498269	0.0	2039773	22	4.3
1527393048.38	4300	59.748301	0.0	2176469	23	4.3
1527393052.24	4300	59.997762	0.0	2221506	27	4.3
1527393056.09	4300	59.998834	0.0	2044075	22	4.3
1527393060.44	4300	59.997686	0.0	2186790	24	4.3
1527393064.29	4300	59.997818	0.0	2105231	27	4.3
1527393068.64	4300	59.498257	0.0	2395588	26	4.3
1527393072.5	4300	59.997859	0.0	1972048	29	4.3
1527393076.36	4300	59.999366	0.0	2134614	25	4.3
1527393080.21	4300	59.999361	0.0	2164140	22	4.3
1527393084.06	4300	59.998596	0.0	2113193	26	4.3
1527393088.41	4300	59.998079	0.0	2147852	25	4.3
1527393092.26	4300	59.999296	0.0	2191074	26	4.3
1527393096.11	4300	59.998169	0.0	2286761	22	4.3
1527393100.46	4300	59.997806	0.0	2307787	21	4.3
1527393104.3	4300	59.998567	0.0	2143948	21	4.3
1527393108.65	4300	59.74789	0.0	1919781	23	4.3
1527393112.51	4300	59.748466	0.0	2147467	24	4.3
1527393116.37	4300	59.998499	0.0	2133870	33	4.3
1527393120.72	4300	59.498791	0.0	2146120	24	4.3
1527393124.57	4300	59.498981	0.0	2108491	24	4.3
1527393128.42	4300	59.997547	0.0	2184571	23	4.3
1527393132.76	4300	59.749139	0.0	2121928	21	4.3
1527393136.11	4300	59.997723	0.0	2219102	22	4.3
1527393140.47	4300	59.747509	0.0	2124950	24	4.3
1527393144.32	4300	59.749318	0.0	2246506	22	4.3
1527393148.16	4300	59.997474	0.0	1961140	18	4.3
1527393152.5	4300	59.747748	0.0	2155012	22	4.3
1527393154.34	4300	59.677902	0.0	1433658	16	4.3

1527393155.11	750	4	0.029	2354772	7	-0.12470000000000003
1527393155.46	4300	7.950177	0.0	2123065	29	0.75
1527393155.8	4300	11.605318	0.0	2177073	27	4.3
1527393156.14	4300	15.271044	0.0	2160877	22	4.3
1527393156.47	4300	18.938261	0.0	2233056	21	4.3
1527393156.81	4300	22.598658	0.0	1941625	21	4.3
1527393157.15	4300	26.255558	0.0	2157535	25	4.3
1527393157.49	4300	29.918052	0.0	2290172	23	4.3
1527393157.82	4300	33.586538	0.0	2055469	20	4.3
1527393158.17	4300	37.241087	0.0	2169201	24	4.3
1527393158.51	4300	40.903056	0.0	2173522	25	4.3
1527393158.84	4300	44.567425	0.0	2102452	19	4.3
1527393159.18	4300	48.23098	0.0	2209463	12	4.3
1527393159.53	4300	51.873901	0.0	2275376	39	4.3
1527393159.88	4300	55.531627	0.0	2005399	22	4.3
1527393160.21	4300	59.19418	0.0	2152483	23	4.3
1527393164.06	4300	59.49886	0.0	2289689	23	4.3
1527393167.9	4300	59.998321	0.0	2059512	21	4.3
1527393171.76	4300	59.749281	0.0	2220726	27	4.3
1527393176.11	4300	59.748387	0.0	2156729	24	4.3
1527393179.95	4300	59.749057	0.0	2039773	24	4.3
1527393183.8	4300	59.997891	0.0	2176469	23	4.3
1527393187.66	4300	59.999337	0.0	2221506	27	4.3
1527393192.02	4300	59.748793	0.0	2044075	23	4.3
1527393195.86	4300	59.747907	0.0	2186790	19	4.3
1527393199.7	4300	59.999106	0.0	2105231	20	4.3
1527393204.06	4300	59.49826	0.0	2395588	25	4.3
1527393207.91	4300	59.748092	0.0	1972048	23	4.3
1527393211.76	4300	59.748663	0.0	2134614	34	4.3
1527393216.12	4300	59.499057	0.0	2164140	24	4.3
1527393219.47	4300	59.999067	0.0	2113193	26	4.3
1527393223.83	4300	59.748934	0.0	2147852	24	4.3
1527393227.68	4300	59.997757	0.0	2191074	26	4.3
1527393231.53	4300	59.998552	0.0	2286761	26	4.3
1527393235.87	4300	59.748867	0.0	2307787	21	4.3
1527393239.72	4300	59.748821	0.0	2143948	22	4.3
1527393243.56	4300	59.999311	0.0	1919781	19	4.3
1527393247.91	4300	59.998507	0.0	2147467	21	4.3
1527393251.75	4300	59.747405	0.0	2133870	22	4.3
1527393255.61	4300	59.998003	0.0	2146120	33	4.3
1527393259.45	4300	59.999226	0.0	2108491	24	4.3
1527393263.8	4300	59.74888	0.0	2184571	16	4.3
1527393268.15	4300	59.748724	0.0	2121928	22	4.3
1527393271.5	4300	59.997994	0.0	2219102	25	4.3
1527393275.85	4300	59.997725	0.0	2124950	24	4.3
1527393279.7	4300	59.748259	0.0	2246506	28	4.3
1527393284.05	4300	59.749018	0.0	1961140	23	4.3
1527393287.9	4300	59.748789	0.0	2155012	24	4.3
1527393289.23	4300	59.928442	0.0	1433658	17	4.3

1527393289.86	750	4	0.027	2354772	7	-0.11609999999999998
1527393290.22	4300	7.946612	0.0	2123065	39	0.75
1527393290.56	4300	11.59955	0.0	2177073	26	4.3
1527393290.9	4300	15.262222	0.0	2160877	22	4.3
1527393291.23	4300	18.928335	0.0	2233056	20	4.3
1527393291.57	4300	22.596846	0.0	1941625	18	4.3
1527393291.91	4300	26.250546	0.0	2157535	28	4.3
1527393292.25	4300	29.913018	0.0	2290172	24	4.3
1527393292.58	4300	33.58001	0.0	2055469	19	4.3
1527393292.92	4300	37.246194	0.0	2169201	19	4.3
1527393293.26	4300	40.900672	0.0	2173522	28	4.3
1527393293.6	4300	44.563162	0.0	2102452	22	4.3
1527393293.93	4300	48.228451	0.0	2209463	20	4.3
1527393294.28	4300	51.882656	0.0	2275376	25	4.3
1527393294.62	4300	55.547473	0.0	2005399	22	4.3
1527393294.95	4300	59.211901	0.0	2152483	22	4.3
1527393298.8	4300	59.498407	0.0	2289689	21	4.3
1527393302.65	4300	59.998052	0.0	2059512	22	4.3
1527393306.5	4300	59.74884	0.0	2220726	27	4.3
1527393310.36	4300	59.99919	0.0	2156729	26	4.3
1527393314.21	4300	59.998861	0.0	2039773	23	4.3
1527393318.55	4300	59.749302	0.0	2176469	21	4.3
1527393322.4	4300	59.998777	0.0	2221506	24	4.3
1527393326.74	4300	59.748409	0.0	2044075	20	4.3
1527393330.59	4300	59.749025	0.0	2186790	26	4.3
1527393334.43	4300	59.997896	0.0	2105231	22	4.3
1527393338.28	4300	59.998043	0.0	2395588	22	4.3
1527393342.63	4300	59.748278	0.0	1972048	22	4.3
1527393346.5	4300	59.99878	0.0	2134614	39	4.3
1527393350.35	4300	59.997577	0.0	2164140	23	4.3
1527393354.2	4300	59.998315	0.0	2113193	24	4.3
1527393358.55	4300	59.748207	0.0	2147852	20	4.3
1527393362.89	4300	59.747766	0.0	2191074	23	4.3
1527393366.75	4300	59.748548	0.0	2286761	27	4.3
