1527420586.34	750	4	0.026	2354772	6	-0.11180000000000001
1527420586.67	4300	7.965868	0.0	2123065	21	0.75
1527420587.0	4300	11.631408	0.0	2177073	17	4.3
1527420587.34	4300	15.29933	0.0	2160877	19	4.3
1527420587.68	4300	18.954964	0.0	2233056	27	4.3
1527420588.02	4300	22.620114	0.0	1941625	21	4.3
1527420588.35	4300	26.286059	0.0	2157535	20	4.3
1527420588.68	4300	29.95343	0.0	2290172	21	4.3
1527420589.01	4300	33.622935	0.0	2055469	18	4.3
1527420589.36	4300	37.27831	0.0	2169201	23	4.3
1527420589.7	4300	40.933233	0.0	2173522	24	4.3
1527420590.03	4300	44.604283	0.0	2102452	9	4.3
1527420590.36	4300	48.279115	0.0	2209463	18	4.3
1527420590.7	4300	51.937289	0.0	2275376	19	4.3
1527420591.04	4300	55.595902	0.0	2005399	22	4.3
1527420591.43	4300	59.207318	0.0	2152483	24	4.3
1527420595.28	4300	59.749185	0.0	2289689	26	4.3
1527420599.12	4300	59.747676	0.0	2059512	19	4.3
1527420602.96	4300	59.748917	0.0	2220726	22	4.3
1527420606.79	4300	59.998205	0.0	2156729	9	4.3
1527420611.14	4300	59.74851	0.0	2039773	25	4.3
1527420614.97	4300	59.997688	0.0	2176469	15	4.3
1527420618.83	4300	59.999236	0.0	2221506	27	4.3
1527420622.67	4300	59.998502	0.0	2044075	20	4.3
1527420627.02	4300	59.748798	0.0	2186790	20	4.3
1527420630.86	4300	59.999159	0.0	2105231	21	4.3
1527420634.71	4300	59.998671	0.0	2395588	23	4.3
1527420639.06	4300	59.748561	0.0	1972048	21	4.3
1527420642.91	4300	59.999343	0.0	2134614	25	4.3
1527420646.76	4300	59.998858	0.0	2164140	23	4.3
1527420651.1	4300	59.998528	0.0	2113193	21	4.3
1527420654.95	4300	59.747369	0.0	2147852	24	4.3
1527420659.3	4300	59.747676	0.0	2191074	21	4.3
1527420663.14	4300	59.748988	0.0	2286761	24	4.3
1527420666.99	4300	59.997723	0.0	2307787	20	4.3
1527420670.82	4300	59.997726	0.0	2143948	18	4.3
1527420674.67	4300	59.997435	0.0	1919781	18	4.3
1527420679.01	4300	59.997316	0.0	2147467	18	4.3
1527420682.86	4300	59.99734	0.0	2133870	31	4.3
1527420686.71	4300	59.998344	0.0	2146120	25	4.3
1527420691.06	4300	59.749018	0.0	2108491	24	4.3
1527420694.96	4300	59.748062	0.0	2184571	25	4.3
1527420698.81	4300	59.999217	0.0	2121928	25	4.3
1527420703.16	4300	59.498217	0.0	2219102	22	4.3
1527420707.01	4300	59.997973	0.0	2124950	19	4.3
1527420711.36	4300	59.748973	0.0	2246506	24	4.3
1527420715.21	4300	59.748918	0.0	1961140	22	4.3
1527420719.06	4300	59.99783	0.0	2155012	25	4.3
1527420720.89	4300	59.678626	0.0	1433658	16	4.3

1527420721.66	750	4	0.023	2354772	7	-0.09889999999999999
1527420721.96	4300	7.98636	0.0	2123065	7	0.75
1527420722.29	4300	11.658127	0.0	2177073	19	4.3
1527420722.61	4300	15.346863	0.0	2160877	10	4.3
1527420722.95	4300	19.001402	0.0	2233056	28	4.3
1527420723.29	4300	22.662841	0.0	1941625	22	4.3
1527420723.62	4300	26.330442	0.0	2157535	21	4.3
1527420723.94	4300	30.007936	0.0	2290172	16	4.3
1527420724.28	4300	33.675861	0.0	2055469	22	4.3
1527420724.61	4300	37.343178	0.0	2169201	22	4.3
1527420724.96	4300	40.992577	0.0	2173522	37	4.3
1527420725.3	4300	44.657493	0.0	2102452	23	4.3
1527420725.63	4300	48.323455	0.0	2209463	23	4.3
1527420725.95	4300	52.000676	0.0	2275376	15	4.3
1527420726.29	4300	55.666645	0.0	2005399	25	4.3
1527420726.61	4300	59.342968	0.0	2152483	13	4.3
1527420730.46	4300	59.498723	0.0	2289689	25	4.3
1527420734.3	4300	59.998801	0.0	2059512	22	4.3
1527420738.64	4300	59.748859	0.0	2220726	21	4.3
1527420741.99	4300	59.99775	0.0	2156729	24	4.3
1527420746.34	4300	59.748858	0.0	2039773	23	4.3
1527420750.18	4300	59.998031	0.0	2176469	18	4.3
1527420754.53	4300	59.749191	0.0	2221506	27	4.3
1527420758.38	4300	59.747818	0.0	2044075	22	4.3
1527420762.22	4300	59.749142	0.0	2186790	26	4.3
1527420766.07	4300	59.999055	0.0	2105231	23	4.3
1527420770.41	4300	59.748604	0.0	2395588	25	4.3
1527420774.27	4300	59.749458	0.0	1972048	32	4.3
1527420778.13	4300	59.998021	0.0	2134614	25	4.3
1527420781.97	4300	59.998298	0.0	2164140	22	4.3
1527420786.29	4300	59.997792	0.0	2113193	11	4.3
1527420790.63	4300	59.499277	0.0	2147852	20	4.3
1527420793.98	4300	59.997797	0.0	2191074	25	4.3
1527420798.32	4300	59.998491	0.0	2286761	19	4.3
1527420802.66	4300	59.748862	0.0	2307787	22	4.3
1527420806.01	4300	59.998287	0.0	2143948	24	4.3
1527420810.35	4300	59.74821	0.0	1919781	14	4.3
1527420814.19	4300	59.997379	0.0	2147467	21	4.3
1527420818.05	4300	59.999325	0.0	2133870	33	4.3
1527420822.4	4300	59.747799	0.0	2146120	23	4.3
1527420826.25	4300	59.748725	0.0	2108491	24	4.3
1527420830.09	4300	59.998276	0.0	2184571	24	4.3
1527420834.44	4300	59.748336	0.0	2121928	21	4.3
1527420838.29	4300	59.748779	0.0	2219102	25	4.3
1527420842.15	4300	59.997607	0.0	2124950	26	4.3
1527420845.99	4300	59.998655	0.0	2246506	25	4.3
1527420850.33	4300	59.748213	0.0	1961140	20	4.3
1527420854.18	4300	59.998426	0.0	2155012	23	4.3
1527420856.01	4300	59.678929	0.0	1433658	18	4.3

1527420856.79	750	4	0.028	2354772	6	-0.12039999999999995
1527420857.14	4300	7.950836	0.0	2123065	26	0.75
1527420857.48	4300	11.61198	0.0	2177073	26	4.3
1527420857.82	4300	15.275543	0.0	2160877	22	4.3
1527420858.16	4300	18.93102	0.0	2233056	26	4.3
1527420858.48	4300	22.6109	0.0	1941625	12	4.3
1527420858.82	4300	26.278513	0.0	2157535	18	4.3
1527420859.16	4300	29.935225	0.0	2290172	26	4.3
1527420859.5	4300	33.594912	0.0	2055469	22	4.3
1527420859.82	4300	37.275694	0.0	2169201	16	4.3
1527420860.14	4300	40.954538	0.0	2173522	15	4.3
1527420860.46	4300	44.631734	0.0	2102452	14	4.3
1527420860.78	4300	48.310943	0.0	2209463	14	4.3
1527420861.13	4300	51.960172	0.0	2275376	22	4.3
1527420861.47	4300	55.624795	0.0	2005399	23	4.3
1527420861.79	4300	59.301506	0.0	2152483	12	4.3
1527420865.64	4300	59.499201	0.0	2289689	27	4.3
1527420869.48	4300	59.999023	0.0	2059512	21	4.3
1527420873.32	4300	59.999195	0.0	2220726	20	4.3
1527420877.67	4300	59.498604	0.0	2156729	21	4.3
1527420881.51	4300	59.74915	0.0	2039773	22	4.3
1527420885.36	4300	59.748731	0.0	2176469	22	4.3
1527420889.2	4300	59.999299	0.0	2221506	20	4.3
1527420893.55	4300	59.747681	0.0	2044075	25	4.3
1527420897.39	4300	59.749553	0.0	2186790	18	4.3
1527420901.74	4300	59.748215	0.0	2105231	24	4.3
