1527453461.2	750	4	0.014	450283	2	-0.06020000000000003
1527453461.6	4300	7.948671	0.0	2123065	17	0.75
1527453461.99	4300	11.562361	0.0	2177073	18	4.3
1527453462.38	4300	15.16465	0.0	2160877	16	4.3
1527453462.79	4300	18.757778	0.0	2233056	26	4.3
1527453463.18	4300	22.364575	0.0	1941625	19	4.3
1527453463.58	4300	25.971357	0.0	2157535	20	4.3
1527453463.97	4300	29.581651	0.0	2290172	21	4.3
1527453464.36	4300	33.196179	0.0	2055469	21	4.3
1527453464.75	4300	36.801806	0.0	2169201	22	4.3
1527453465.12	4300	40.423148	0.0	2173522	15	4.3
1527453465.51	4300	44.034727	0.0	2102452	13	4.3
1527453465.92	4300	47.627351	0.0	2209463	40	4.3
1527453466.33	4300	51.216399	0.0	2275376	24	4.3
1527453466.73	4300	54.816091	0.0	2005399	16	4.3
1527453467.12	4300	58.430307	0.0	2152483	15	4.3
1527453470.01	4300	59.998868	0.0	2289689	20	4.3
1527453473.91	4300	59.748175	0.0	2059512	21	4.3
1527453477.84	4300	59.749807	0.0	2220726	32	4.3
1527453481.75	4300	59.998015	0.0	2156729	23	4.3
1527453486.15	4300	59.498162	0.0	2039773	23	4.3
1527453490.06	4300	59.498	0.0	2176469	23	4.3
1527453493.96	4300	59.749428	0.0	2221506	22	4.3
1527453497.86	4300	59.998855	0.0	2044075	22	4.3
1527453502.26	4300	59.749078	0.0	2186790	24	4.3
1527453506.17	4300	59.747861	0.0	2105231	23	4.3
1527453509.57	4300	59.999184	0.0	2395588	25	4.3
1527453513.98	4300	59.747918	0.0	1972048	21	4.3
1527453517.88	4300	59.748897	0.0	2134614	21	4.3
1527453522.27	4300	59.498656	0.0	2164140	24	4.3
1527453525.67	4300	59.999249	0.0	2113193	24	4.3
1527453529.57	4300	59.997662	0.0	2147852	23	4.3
1527453533.98	4300	59.748937	0.0	2191074	19	4.3
1527453537.88	4300	59.749562	0.0	2286761	26	4.3
1527453542.28	4300	59.498737	0.0	2307787	27	4.3
1527453545.68	4300	59.999273	0.0	2143948	24	4.3
1527453550.08	4300	59.749248	0.0	1919781	21	4.3
1527453553.98	4300	59.999316	0.0	2147467	24	4.3
1527453557.89	4300	59.998825	0.0	2133870	24	4.3
1527453561.8	4300	59.998092	0.0	2146120	24	4.3
1527453565.72	4300	59.998715	0.0	2108491	23	4.3
1527453570.12	4300	59.49855	0.0	2184571	24	4.3
1527453574.03	4300	59.748791	0.0	2121928	22	4.3
1527453577.93	4300	59.998795	0.0	2219102	25	4.3
1527453581.84	4300	59.749258	0.0	2124950	24	4.3
1527453586.23	4300	59.497722	0.0	2246506	26	4.3
1527453590.12	4300	59.497831	0.0	1961140	20	4.3
1527453593.99	4300	59.998122	0.0	2155012	22	4.3
1527453595.84	4300	59.428249	0.0	1433658	17	4.3

1527453596.6	750	4	0.017	668286	3	-0.07309999999999994
1527453597.0	4300	7.955268	0.0	2123065	14	0.75
1527453597.39	4300	11.563131	0.0	2177073	16	4.3
1527453597.78	4300	15.175956	0.0	2160877	20	4.3
1527453598.16	4300	18.788849	0.0	2233056	15	4.3
1527453598.55	4300	22.399495	0.0	1941625	19	4.3
1527453598.94	4300	26.00864	0.0	2157535	27	4.3
1527453599.35	4300	29.599344	0.0	2290172	24	4.3
1527453599.74	4300	33.2051	0.0	2055469	22	4.3
1527453600.12	4300	36.830773	0.0	2169201	14	4.3
1527453600.5	4300	40.45387	0.0	2173522	15	4.3
1527453600.89	4300	44.062576	0.0	2102452	25	4.3
1527453601.26	4300	47.690987	0.0	2209463	15	4.3
1527453601.65	4300	51.304378	0.0	2275376	20	4.3
1527453602.05	4300	54.895319	0.0	2005399	23	4.3
1527453602.45	4300	58.504814	0.0	2152483	16	4.3
1527453605.34	4300	59.998959	0.0	2289689	25	4.3
1527453609.24	4300	59.998546	0.0	2059512	23	4.3
1527453613.65	4300	59.498656	0.0	2220726	26	4.3
1527453617.04	4300	59.998603	0.0	2156729	21	4.3
1527453621.43	4300	59.748689	0.0	2039773	18	4.3
1527453625.34	4300	59.748479	0.0	2176469	23	4.3
1527453629.24	4300	59.748329	0.0	2221506	24	4.3
1527453633.15	4300	59.997679	0.0	2044075	22	4.3
1527453637.06	4300	59.998529	0.0	2186790	23	4.3
1527453640.96	4300	59.998363	0.0	2105231	24	4.3
1527453645.36	4300	59.747965	0.0	2395588	27	4.3
1527453649.27	4300	59.748021	0.0	1972048	21	4.3
1527453653.68	4300	59.747683	0.0	2134614	38	4.3
1527453657.58	4300	59.499184	0.0	2164140	23	4.3
1527453661.49	4300	59.748412	0.0	2113193	23	4.3
1527453665.39	4300	59.998055	0.0	2147852	25	4.3
1527453669.29	4300	59.748454	0.0	2191074	23	4.3
1527453673.69	4300	59.747572	0.0	2286761	24	4.3
1527453677.59	4300	59.74895	0.0	2307787	26	4.3
1527453680.99	4300	59.999417	0.0	2143948	24	4.3
1527453685.38	4300	59.747574	0.0	1919781	22	4.3
1527453689.28	4300	59.998909	0.0	2147467	20	4.3
1527453693.68	4300	59.499285	0.0	2133870	18	4.3
1527453697.07	4300	59.99838	0.0	2146120	12	4.3
1527453700.97	4300	59.998988	0.0	2108491	23	4.3
1527453705.37	4300	59.998549	0.0	2184571	25	4.3
1527453709.27	4300	59.748849	0.0	2121928	24	4.3
1527453713.67	4300	59.498509	0.0	2219102	24	4.3
1527453717.56	4300	59.498389	0.0	2124950	22	4.3
1527453721.45	4300	59.749279	0.0	2246506	25	4.3
1527453725.33	4300	59.748566	0.0	1961140	20	4.3
1527453729.7	4300	59.498544	0.0	2155012	24	4.3
1527453731.06	4300	59.647772	0.0	1433658	17	4.3

1527453731.84	750	4	0.016	668286	3	-0.06879999999999997
1527453732.24	4300	7.952045	0.0	2123065	18	0.75
1527453732.63	4300	11.566933	0.0	2177073	16	4.3
1527453733.01	4300	15.179984	0.0	2160877	16	4.3
1527453733.4	4300	18.795148	0.0	2233056	22	4.3
1527453733.79	4300	22.405617	0.0	1941625	20	4.3
1527453734.18	4300	26.01331	0.0	2157535	13	4.3
1527453734.57	4300	29.624792	0.0	2290172	23	4.3
1527453734.96	4300	33.239259	0.0	2055469	24	4.3
1527453735.34	4300	36.850165	0.0	2169201	26	4.3
1527453735.73	4300	40.459967	0.0	2173522	24	4.3
1527453736.13	4300	44.065191	0.0	2102452	26	4.3
1527453736.52	4300	47.674744	0.0	2209463	26	4.3
1527453736.91	4300	51.281777	0.0	2275376	25	4.3
1527453737.3	4300	54.891502	0.0	2005399	21	4.3
1527453737.69	4300	58.5031	0.0	2152483	14	4.3
1527453740.59	4300	59.998851	0.0	2289689	24	4.3
1527453744.49	4300	59.998641	0.0	2059512	22	4.3
1527453748.89	4300	59.498644	0.0	2220726	26	4.3
1527453752.28	4300	59.998899	0.0	2156729	20	4.3
