1527503157.48	750	4	0.027	2354772	7	-0.11609999999999998
1527503157.85	4300	7.966344	0.0	2123065	19	0.75
1527503158.2	4300	11.586531	0.0	2177073	23	4.3
1527503158.53	4300	15.251196	0.0	2160877	24	4.3
1527503158.86	4300	18.916211	0.0	2233056	22	4.3
1527503159.18	4300	22.596573	0.0	1941625	14	4.3
1527503159.52	4300	26.262785	0.0	2157535	24	4.3
1527503159.85	4300	29.928358	0.0	2290172	23	4.3
1527503160.18	4300	33.597497	0.0	2055469	20	4.3
1527503160.5	4300	37.277191	0.0	2169201	15	4.3
1527503160.84	4300	40.936403	0.0	2173522	24	4.3
1527503161.19	4300	44.595851	0.0	2102452	28	4.3
1527503161.53	4300	48.255833	0.0	2209463	25	4.3
1527503161.86	4300	51.918464	0.0	2275376	24	4.3
1527503162.19	4300	55.589773	0.0	2005399	18	4.3
1527503162.54	4300	59.243912	0.0	2152483	13	4.3
1527503165.89	4300	59.998944	0.0	2289689	27	4.3
1527503170.23	4300	59.999365	0.0	2059512	20	4.3
1527503174.09	4300	59.998946	0.0	2220726	26	4.3
1527503177.94	4300	59.998165	0.0	2156729	25	4.3
1527503182.28	4300	59.998034	0.0	2039773	23	4.3
1527503186.13	4300	59.998904	0.0	2176469	26	4.3
1527503189.98	4300	59.998106	0.0	2221506	23	4.3
1527503193.81	4300	59.998755	0.0	2044075	19	4.3
1527503198.16	4300	59.998001	0.0	2186790	13	4.3
1527503202.5	4300	59.747557	0.0	2105231	23	4.3
1527503205.85	4300	59.998511	0.0	2395588	27	4.3
1527503210.2	4300	59.748151	0.0	1972048	22	4.3
1527503214.04	4300	59.998818	0.0	2134614	18	4.3
1527503217.9	4300	59.999437	0.0	2164140	23	4.3
1527503222.25	4300	59.999088	0.0	2113193	23	4.3
1527503226.09	4300	59.748701	0.0	2147852	23	4.3
1527503229.93	4300	59.999218	0.0	2191074	21	4.3
1527503234.28	4300	59.748259	0.0	2286761	25	4.3
1527503238.13	4300	59.999136	0.0	2307787	25	4.3
1527503242.48	4300	59.747518	0.0	2143948	20	4.3
1527503245.81	4300	59.998539	0.0	1919781	19	4.3
1527503250.17	4300	59.747481	0.0	2147467	25	4.3
1527503254.02	4300	59.998586	0.0	2133870	26	4.3
1527503258.36	4300	59.49836	0.0	2146120	21	4.3
1527503262.22	4300	59.749283	0.0	2108491	33	4.3
1527503266.07	4300	59.748709	0.0	2184571	25	4.3
1527503269.92	4300	59.997535	0.0	2121928	24	4.3
1527503274.26	4300	59.998556	0.0	2219102	24	4.3
1527503278.12	4300	59.749256	0.0	2124950	24	4.3
1527503281.96	4300	59.998349	0.0	2246506	17	4.3
1527503285.81	4300	59.998872	0.0	1961140	23	4.3
1527503290.16	4300	59.997683	0.0	2155012	23	4.3
1527503292.0	4300	59.678585	0.0	1433658	17	4.3

1527503292.79	750	4	0.026	2354772	7	-0.11180000000000001
1527503293.16	4300	7.965549	0.0	2123065	16	0.75
1527503293.49	4300	11.595119	0.0	2177073	12	4.3
1527503293.84	4300	15.248382	0.0	2160877	31	4.3
1527503294.17	4300	18.917362	0.0	2233056	20	4.3
1527503294.5	4300	22.586054	0.0	1941625	20	4.3
1527503294.84	4300	26.251044	0.0	2157535	19	4.3
1527503295.16	4300	29.922749	0.0	2290172	16	4.3
1527503295.5	4300	33.580439	0.0	2055469	24	4.3
1527503295.84	4300	37.242902	0.0	2169201	25	4.3
1527503296.17	4300	40.908712	0.0	2173522	22	4.3
1527503296.5	4300	44.58803	0.0	2102452	15	4.3
1527503296.83	4300	48.250748	0.0	2209463	25	4.3
1527503297.17	4300	51.919367	0.0	2275376	26	4.3
1527503297.5	4300	55.587187	0.0	2005399	21	4.3
1527503297.88	4300	59.250814	0.0	2152483	20	4.3
1527503301.73	4300	59.498902	0.0	2289689	26	4.3
1527503305.58	4300	59.748298	0.0	2059512	24	4.3
1527503309.44	4300	59.997891	0.0	2220726	34	4.3
1527503313.29	4300	59.999243	0.0	2156729	26	4.3
1527503317.64	4300	59.499648	0.0	2039773	24	4.3
1527503321.49	4300	59.998268	0.0	2176469	25	4.3
1527503325.34	4300	59.998001	0.0	2221506	21	4.3
1527503329.18	4300	59.998553	0.0	2044075	18	4.3
1527503333.52	4300	59.749442	0.0	2186790	19	4.3
1527503337.36	4300	59.748171	0.0	2105231	21	4.3
1527503341.21	4300	59.998231	0.0	2395588	23	4.3
1527503345.55	4300	59.749064	0.0	1972048	15	4.3
1527503349.4	4300	59.74931	0.0	2134614	30	4.3
1527503353.26	4300	59.999231	0.0	2164140	25	4.3
1527503357.11	4300	59.998405	0.0	2113193	21	4.3
1527503361.45	4300	59.998573	0.0	2147852	21	4.3
1527503365.3	4300	59.998338	0.0	2191074	22	4.3
1527503369.64	4300	59.747999	0.0	2286761	21	4.3
1527503373.49	4300	59.997886	0.0	2307787	23	4.3
1527503377.83	4300	59.497938	0.0	2143948	21	4.3
1527503381.67	4300	59.498706	0.0	1919781	22	4.3
1527503385.52	4300	59.998607	0.0	2147467	21	4.3
1527503389.37	4300	59.748144	0.0	2133870	22	4.3
1527503393.24	4300	59.998946	0.0	2146120	39	4.3
1527503397.59	4300	59.497506	0.0	2108491	24	4.3
1527503401.45	4300	59.747531	0.0	2184571	32	4.3
1527503405.29	4300	59.998285	0.0	2121928	20	4.3
1527503409.15	4300	59.997654	0.0	2219102	25	4.3
1527503413.49	4300	59.997664	0.0	2124950	22	4.3
1527503417.34	4300	59.747802	0.0	2246506	27	4.3
1527503421.69	4300	59.747438	0.0	1961140	22	4.3
1527503425.53	4300	59.74739	0.0	2155012	24	4.3
1527503427.36	4300	59.677779	0.0	1433658	17	4.3

1527503428.15	750	4	0.028	2354772	8	-0.12039999999999995
1527503428.48	4300	7.664324	0.0	2123065	19	0.75
1527503428.82	4300	11.330575	0.0	2177073	18	4.3
1527503429.16	4300	14.987188	0.0	2160877	24	4.3
1527503429.51	4300	18.636023	0.0	2233056	39	4.3
1527503429.85	4300	22.298015	0.0	1941625	22	4.3
1527503430.16	4300	25.983083	0.0	2157535	11	4.3
1527503430.51	4300	29.635745	0.0	2290172	28	4.3
1527503430.84	4300	33.301586	0.0	2055469	25	4.3
1527503431.17	4300	36.975774	0.0	2169201	15	4.3
1527503431.51	4300	40.639226	0.0	2173522	24	4.3
1527503431.84	4300	44.304604	0.0	2102452	22	4.3
1527503432.18	4300	47.966803	0.0	2209463	20	4.3
1527503432.52	4300	51.624816	0.0	2275376	27	4.3
1527503432.87	4300	55.27756	0.0	2005399	35	4.3
1527503433.19	4300	58.952669	0.0	2152483	16	4.3
1527503436.55	4300	59.748501	0.0	2289689	26	4.3
1527503440.39	4300	59.998911	0.0	2059512	21	4.3
1527503444.24	4300	59.99935	0.0	2220726	20	4.3
1527503448.6	4300	59.747604	0.0	2156729	24	4.3
1527503452.44	4300	59.749117	0.0	2039773	23	4.3
1527503456.29	4300	59.999256	0.0	2176469	23	4.3
1527503460.63	4300	59.74874	0.0	2221506	21	4.3
1527503464.48	4300	59.998325	0.0	2044075	25	4.3
1527503468.82	4300	59.498647	0.0	2186790	20	4.3
1527503472.17	4300	59.99805	0.0	2105231	24	4.3
1527503476.53	4300	59.998594	0.0	2395588	28	4.3
1527503480.38	4300	59.999403	0.0	1972048	21	4.3
1527503484.23	4300	59.999142	0.0	2134614	34	4.3
1527503488.58	4300	59.748717	0.0	2164140	26	4.3
1527503492.43	4300	59.999102	0.0	2113193	25	4.3
1527503496.78	4300	59.748737	0.0	2147852	25	4.3
1527503500.62	4300	59.747967	0.0	2191074	25	4.3
1527503504.47	4300	59.74841	0.0	2286761	21	4.3
1527503508.82	4300	59.748587	0.0	2307787	23	4.3
1527503512.16	4300	59.998755	0.0	2143948	22	4.3
