1527442762.2	750	4	0.027	2354772	8	-0.11609999999999998
1527442762.58	4300	7.957839	0.0	2123065	25	0.75
1527442762.91	4300	11.618694	0.0	2177073	24	4.3
1527442763.25	4300	15.281376	0.0	2160877	21	4.3
1527442763.6	4300	18.937732	0.0	2233056	25	4.3
1527442763.93	4300	22.601563	0.0	1941625	20	4.3
1527442764.26	4300	26.269021	0.0	2157535	20	4.3
1527442764.61	4300	29.91986	0.0	2290172	26	4.3
1527442764.95	4300	33.583951	0.0	2055469	23	4.3
1527442765.29	4300	37.247455	0.0	2169201	22	4.3
1527442765.63	4300	40.906845	0.0	2173522	19	4.3
1527442765.97	4300	44.559558	0.0	2102452	30	4.3
1527442766.31	4300	48.224812	0.0	2209463	20	4.3
1527442766.64	4300	51.898085	0.0	2275376	16	4.3
1527442766.97	4300	55.567848	0.0	2005399	16	4.3
1527442767.28	4300	59.249672	0.0	2152483	13	4.3
1527442770.63	4300	59.99781	0.0	2289689	26	4.3
1527442774.97	4300	59.748939	0.0	2059512	16	4.3
1527442778.79	4300	59.748697	0.0	2220726	7	4.3
1527442783.15	4300	59.498867	0.0	2156729	24	4.3
1527442787.0	4300	59.998648	0.0	2039773	24	4.3
1527442790.85	4300	59.998808	0.0	2176469	21	4.3
1527442795.2	4300	59.498551	0.0	2221506	25	4.3
1527442798.55	4300	59.998668	0.0	2044075	21	4.3
1527442802.9	4300	59.99867	0.0	2186790	22	4.3
1527442807.25	4300	59.747831	0.0	2105231	20	4.3
1527442811.1	4300	59.748858	0.0	2395588	24	4.3
1527442814.96	4300	59.998823	0.0	1972048	43	4.3
1527442818.81	4300	59.99883	0.0	2134614	21	4.3
1527442822.67	4300	59.999179	0.0	2164140	24	4.3
1527442827.01	4300	59.998924	0.0	2113193	23	4.3
1527442830.86	4300	59.998388	0.0	2147852	25	4.3
1527442834.71	4300	59.998669	0.0	2191074	20	4.3
1527442839.07	4300	59.748756	0.0	2286761	24	4.3
1527442842.92	4300	59.999136	0.0	2307787	25	4.3
1527442847.27	4300	59.748728	0.0	2143948	22	4.3
1527442850.61	4300	59.999024	0.0	1919781	19	4.3
1527442854.97	4300	59.748733	0.0	2147467	23	4.3
1527442858.83	4300	59.997706	0.0	2133870	25	4.3
1527442862.67	4300	59.999037	0.0	2146120	21	4.3
1527442867.03	4300	59.998093	0.0	2108491	23	4.3
1527442870.89	4300	59.748698	0.0	2184571	25	4.3
1527442874.73	4300	59.998022	0.0	2121928	20	4.3
1527442879.09	4300	59.74816	0.0	2219102	26	4.3
1527442882.95	4300	59.747492	0.0	2124950	24	4.3
1527442886.8	4300	59.997596	0.0	2246506	25	4.3
1527442890.65	4300	59.999365	0.0	1961140	20	4.3
1527442895.0	4300	59.748287	0.0	2155012	20	4.3
1527442896.83	4300	59.677925	0.0	1433658	16	4.3

1527442897.56	750	4	0.014	668286	4	-0.06020000000000003
1527442897.91	4300	7.956267	0.0	2123065	16	0.75
1527442898.25	4300	11.614109	0.0	2177073	24	4.3
1527442898.57	4300	15.294417	0.0	2160877	12	4.3
1527442898.92	4300	18.944144	0.0	2233056	38	4.3
1527442899.24	4300	22.620186	0.0	1941625	15	4.3
1527442899.58	4300	26.28627	0.0	2157535	16	4.3
1527442899.92	4300	29.944823	0.0	2290172	26	4.3
1527442900.25	4300	33.611583	0.0	2055469	21	4.3
1527442900.58	4300	37.277426	0.0	2169201	23	4.3
1527442900.91	4300	40.946051	0.0	2173522	20	4.3
1527442901.24	4300	44.616794	0.0	2102452	19	4.3
1527442901.58	4300	48.282981	0.0	2209463	22	4.3
1527442901.91	4300	51.950147	0.0	2275376	16	4.3
1527442902.25	4300	55.60907	0.0	2005399	14	4.3
1527442902.59	4300	59.269822	0.0	2152483	25	4.3
1527442905.95	4300	59.998181	0.0	2289689	22	4.3
1527442910.29	4300	59.749835	0.0	2059512	24	4.3
1527442914.15	4300	59.749532	0.0	2220726	37	4.3
1527442918.01	4300	59.997762	0.0	2156729	24	4.3
1527442922.35	4300	59.749384	0.0	2039773	21	4.3
1527442926.2	4300	59.99922	0.0	2176469	24	4.3
1527442930.04	4300	59.998937	0.0	2221506	21	4.3
1527442933.89	4300	59.997831	0.0	2044075	20	4.3
1527442938.25	4300	59.748087	0.0	2186790	24	4.3
1527442942.1	4300	59.997991	0.0	2105231	25	4.3
1527442945.95	4300	59.999107	0.0	2395588	26	4.3
1527442950.29	4300	59.749518	0.0	1972048	20	4.3
1527442954.15	4300	59.998984	0.0	2134614	34	4.3
1527442957.99	4300	59.999121	0.0	2164140	25	4.3
1527442962.34	4300	59.998557	0.0	2113193	23	4.3
1527442966.19	4300	59.749242	0.0	2147852	24	4.3
1527442970.04	4300	59.999171	0.0	2191074	21	4.3
1527442973.88	4300	59.997926	0.0	2286761	20	4.3
1527442978.23	4300	59.748634	0.0	2307787	20	4.3
1527442982.57	4300	59.749042	0.0	2143948	21	4.3
1527442985.91	4300	59.998513	0.0	1919781	20	4.3
1527442990.27	4300	59.998695	0.0	2147467	23	4.3
1527442994.12	4300	59.748451	0.0	2133870	25	4.3
1527442998.48	4300	59.499376	0.0	2146120	30	4.3
1527443002.32	4300	59.9985	0.0	2108491	19	4.3
1527443006.17	4300	59.998273	0.0	2184571	18	4.3
1527443010.02	4300	59.998345	0.0	2121928	23	4.3
1527443013.87	4300	59.997702	0.0	2219102	23	4.3
1527443018.21	4300	59.74934	0.0	2124950	21	4.3
1527443022.56	4300	59.749412	0.0	2246506	25	4.3
1527443025.9	4300	59.999202	0.0	1961140	23	4.3
1527443030.25	4300	59.748443	0.0	2155012	19	4.3
1527443032.08	4300	59.679504	0.0	1433658	17	4.3

1527443032.83	750	4	0.016	668286	2	-0.06879999999999997
1527443033.18	4300	7.95794	0.0	2123065	15	0.75
1527443033.53	4300	11.609445	0.0	2177073	28	4.3
1527443033.85	4300	15.282366	0.0	2160877	11	4.3
1527443034.2	4300	18.934737	0.0	2233056	26	4.3
1527443034.55	4300	22.585591	0.0	1941625	18	4.3
1527443034.89	4300	26.244547	0.0	2157535	24	4.3
1527443035.23	4300	29.907725	0.0	2290172	23	4.3
1527443035.56	4300	33.576322	0.0	2055469	20	4.3
1527443035.89	4300	37.243384	0.0	2169201	22	4.3
1527443036.22	4300	40.911804	0.0	2173522	19	4.3
1527443036.57	4300	44.570536	0.0	2102452	24	4.3
1527443036.9	4300	48.230282	0.0	2209463	24	4.3
1527443037.24	4300	51.895675	0.0	2275376	24	4.3
1527443037.57	4300	55.564052	0.0	2005399	20	4.3
1527443037.9	4300	59.240686	0.0	2152483	16	4.3
1527443041.26	4300	59.99869	0.0	2289689	23	4.3
1527443045.6	4300	59.749065	0.0	2059512	20	4.3
1527443049.45	4300	59.748118	0.0	2220726	23	4.3
1527443053.29	4300	59.997955	0.0	2156729	21	4.3
1527443057.64	4300	59.749058	0.0	2039773	18	4.3
1527443061.49	4300	59.998449	0.0	2176469	21	4.3
1527443065.84	4300	59.497764	0.0	2221506	26	4.3
1527443069.19	4300	59.998706	0.0	2044075	25	4.3
1527443073.53	4300	59.747927	0.0	2186790	19	4.3
1527443077.38	4300	59.999058	0.0	2105231	21	4.3
1527443081.22	4300	59.998085	0.0	2395588	23	4.3
1527443085.56	4300	59.997722	0.0	1972048	19	4.3
1527443089.42	4300	59.749178	0.0	2134614	33	4.3
1527443093.78	4300	59.498684	0.0	2164140	25	4.3
1527443097.62	4300	59.748487	0.0	2113193	24	4.3
1527443101.47	4300	59.999117	0.0	2147852	23	4.3
1527443105.31	4300	59.999116	0.0	2191074	19	4.3
1527443109.15	4300	59.998599	0.0	2286761	22	4.3
1527443113.49	4300	59.747992	0.0	2307787	15	4.3
1527443117.34	4300	59.998182	0.0	2143948	23	4.3
1527443121.18	4300	59.998122	0.0	1919781	18	4.3
1527443125.53	4300	59.747803	0.0	2147467	21	4.3
