1527437982.13	750	4	0.025	2354772	7	-0.10750000000000004
1527437982.48	4300	7.95559	0.0	2123065	25	0.75
1527437982.82	4300	11.618255	0.0	2177073	21	4.3
1527437983.13	4300	15.298191	0.0	2160877	12	4.3
1527437983.47	4300	18.961329	0.0	2233056	25	4.3
1527437983.79	4300	22.647366	0.0	1941625	10	4.3
1527437984.13	4300	26.305331	0.0	2157535	27	4.3
1527437984.45	4300	29.980981	0.0	2290172	15	4.3
1527437984.78	4300	33.654752	0.0	2055469	17	4.3
1527437985.12	4300	37.314563	0.0	2169201	24	4.3
1527437985.46	4300	40.973432	0.0	2173522	25	4.3
1527437985.78	4300	44.650022	0.0	2102452	20	4.3
1527437986.12	4300	48.315998	0.0	2209463	24	4.3
1527437986.44	4300	51.995812	0.0	2275376	15	4.3
1527437986.78	4300	55.65707	0.0	2005399	24	4.3
1527437987.13	4300	59.305756	0.0	2152483	15	4.3
1527437990.48	4300	59.999268	0.0	2289689	25	4.3
1527437994.83	4300	59.748846	0.0	2059512	22	4.3
1527437999.18	4300	59.49959	0.0	2220726	26	4.3
1527438003.03	4300	59.499546	0.0	2156729	24	4.3
1527438006.87	4300	59.998892	0.0	2039773	22	4.3
1527438010.72	4300	59.749157	0.0	2176469	22	4.3
1527438014.56	4300	59.999131	0.0	2221506	21	4.3
1527438018.9	4300	59.748785	0.0	2044075	16	4.3
1527438022.75	4300	59.999064	0.0	2186790	24	4.3
1527438026.59	4300	59.998519	0.0	2105231	21	4.3
1527438030.94	4300	59.748018	0.0	2395588	23	4.3
1527438034.79	4300	59.998766	0.0	1972048	32	4.3
1527438038.64	4300	59.997519	0.0	2134614	25	4.3
1527438042.49	4300	59.998725	0.0	2164140	24	4.3
1527438046.84	4300	59.749476	0.0	2113193	24	4.3
1527438050.7	4300	59.997866	0.0	2147852	25	4.3
1527438055.04	4300	59.747559	0.0	2191074	25	4.3
1527438058.89	4300	59.997903	0.0	2286761	28	4.3
1527438062.74	4300	59.74767	0.0	2307787	25	4.3
1527438067.09	4300	59.49912	0.0	2143948	22	4.3
1527438070.93	4300	59.748909	0.0	1919781	20	4.3
1527438074.77	4300	59.748518	0.0	2147467	21	4.3
1527438078.62	4300	59.99889	0.0	2133870	32	4.3
1527438082.47	4300	59.997939	0.0	2146120	24	4.3
1527438086.82	4300	59.748837	0.0	2108491	27	4.3
1527438090.67	4300	59.999371	0.0	2184571	25	4.3
1527438095.01	4300	59.499222	0.0	2121928	22	4.3
1527438098.86	4300	59.7481	0.0	2219102	24	4.3
1527438102.7	4300	59.999004	0.0	2124950	23	4.3
1527438106.54	4300	59.999098	0.0	2246506	21	4.3
1527438110.9	4300	59.998635	0.0	1961140	22	4.3
1527438114.75	4300	59.997521	0.0	2155012	24	4.3
1527438116.58	4300	59.678411	0.0	1433658	17	4.3

1527438117.35	750	4	0.024	2354772	6	-0.10319999999999996
1527438117.69	4300	7.95336	0.0	2123065	25	0.75
1527438118.05	4300	11.59297	0.0	2177073	43	4.3
1527438118.38	4300	15.261596	0.0	2160877	19	4.3
1527438118.72	4300	18.924353	0.0	2233056	27	4.3
1527438119.05	4300	22.593151	0.0	1941625	22	4.3
1527438119.39	4300	26.260123	0.0	2157535	20	4.3
1527438119.72	4300	29.925493	0.0	2290172	20	4.3
1527438120.06	4300	33.586383	0.0	2055469	24	4.3
1527438120.4	4300	37.246685	0.0	2169201	24	4.3
1527438120.73	4300	40.912133	0.0	2173522	20	4.3
1527438121.07	4300	44.575493	0.0	2102452	20	4.3
1527438121.41	4300	48.232448	0.0	2209463	26	4.3
1527438121.76	4300	51.886792	0.0	2275376	27	4.3
1527438122.08	4300	55.564642	0.0	2005399	15	4.3
1527438122.4	4300	59.241587	0.0	2152483	15	4.3
1527438125.75	4300	59.999211	0.0	2289689	26	4.3
1527438130.1	4300	59.998098	0.0	2059512	22	4.3
1527438133.95	4300	59.998712	0.0	2220726	26	4.3
1527438138.3	4300	59.748578	0.0	2156729	24	4.3
1527438141.65	4300	59.998882	0.0	2039773	23	4.3
1527438146.0	4300	59.749097	0.0	2176469	23	4.3
1527438149.86	4300	59.998088	0.0	2221506	26	4.3
1527438154.2	4300	59.497946	0.0	2044075	23	4.3
1527438158.05	4300	59.747789	0.0	2186790	26	4.3
1527438161.89	4300	59.998813	0.0	2105231	20	4.3
1527438166.25	4300	59.748063	0.0	2395588	20	4.3
1527438170.09	4300	59.74791	0.0	1972048	19	4.3
1527438173.94	4300	59.997841	0.0	2134614	27	4.3
1527438178.29	4300	59.749215	0.0	2164140	26	4.3
1527438182.14	4300	59.997715	0.0	2113193	24	4.3
1527438185.99	4300	59.748234	0.0	2147852	23	4.3
1527438189.83	4300	59.999182	0.0	2191074	20	4.3
1527438193.67	4300	59.998564	0.0	2286761	19	4.3
1527438198.03	4300	59.997899	0.0	2307787	27	4.3
1527438201.88	4300	59.997633	0.0	2143948	25	4.3
1527438205.72	4300	59.998186	0.0	1919781	22	4.3
1527438210.07	4300	59.748674	0.0	2147467	22	4.3
1527438213.91	4300	59.998259	0.0	2133870	22	4.3
1527438217.75	4300	59.999156	0.0	2146120	21	4.3
1527438222.1	4300	59.748311	0.0	2108491	21	4.3
1527438225.95	4300	59.748019	0.0	2184571	21	4.3
1527438230.29	4300	59.747762	0.0	2121928	18	4.3
1527438234.14	4300	59.749329	0.0	2219102	22	4.3
1527438237.98	4300	59.997816	0.0	2124950	20	4.3
1527438241.84	4300	59.998792	0.0	2246506	25	4.3
1527438245.68	4300	59.999137	0.0	1961140	22	4.3
1527438250.03	4300	59.748451	0.0	2155012	23	4.3
1527438251.86	4300	59.928344	0.0	1433658	16	4.3

1527438252.62	750	4	0.026	2354772	9	-0.11180000000000001
1527438252.95	4300	7.967969	0.0	2123065	19	0.75
1527438253.3	4300	11.623474	0.0	2177073	23	4.3
1527438253.64	4300	15.28222	0.0	2160877	30	4.3
1527438253.99	4300	18.933246	0.0	2233056	26	4.3
1527438254.32	4300	22.601492	0.0	1941625	22	4.3
1527438254.65	4300	26.268161	0.0	2157535	22	4.3
1527438254.98	4300	29.935383	0.0	2290172	22	4.3
1527438255.31	4300	33.607539	0.0	2055469	20	4.3
1527438255.63	4300	37.291598	0.0	2169201	11	4.3
1527438255.97	4300	40.95298	0.0	2173522	27	4.3
1527438256.3	4300	44.619588	0.0	2102452	23	4.3
1527438256.63	4300	48.285068	0.0	2209463	25	4.3
1527438256.96	4300	51.959627	0.0	2275376	16	4.3
1527438257.29	4300	55.626455	0.0	2005399	11	4.3
1527438257.63	4300	59.29176	0.0	2152483	20	4.3
1527438261.47	4300	59.748251	0.0	2289689	21	4.3
1527438265.32	4300	59.748428	0.0	2059512	24	4.3
1527438269.18	4300	59.748375	0.0	2220726	37	4.3
1527438273.53	4300	59.748962	0.0	2156729	24	4.3
1527438277.38	4300	59.749406	0.0	2039773	23	4.3
1527438281.23	4300	59.749449	0.0	2176469	25	4.3
1527438285.58	4300	59.749119	0.0	2221506	24	4.3
1527438289.42	4300	59.749088	0.0	2044075	23	4.3
1527438293.26	4300	59.749384	0.0	2186790	22	4.3
