1527461633.42	750	4	0.03	2354772	9	-0.129
1527461633.79	4300	7.966216	0.0	2123065	18	0.75
1527461634.13	4300	11.629845	0.0	2177073	16	4.3
1527461634.47	4300	15.286051	0.0	2160877	26	4.3
1527461634.81	4300	18.945661	0.0	2233056	23	4.3
1527461635.14	4300	22.616206	0.0	1941625	16	4.3
1527461635.49	4300	26.270528	0.0	2157535	26	4.3
1527461635.83	4300	29.930338	0.0	2290172	23	4.3
1527461636.16	4300	33.596768	0.0	2055469	18	4.3
1527461636.51	4300	37.251111	0.0	2169201	24	4.3
1527461636.85	4300	40.905171	0.0	2173522	25	4.3
1527461637.2	4300	44.554753	0.0	2102452	36	4.3
1527461637.54	4300	48.21578	0.0	2209463	21	4.3
1527461637.89	4300	51.869784	0.0	2275376	27	4.3
1527461638.23	4300	55.533631	0.0	2005399	22	4.3
1527461638.56	4300	59.199622	0.0	2152483	20	4.3
1527461642.41	4300	59.748714	0.0	2289689	21	4.3
1527461646.26	4300	59.747774	0.0	2059512	23	4.3
1527461650.11	4300	59.748869	0.0	2220726	24	4.3
1527461654.48	4300	59.747809	0.0	2156729	23	4.3
1527461657.82	4300	59.99833	0.0	2039773	24	4.3
1527461662.17	4300	59.747799	0.0	2176469	18	4.3
1527461666.03	4300	59.998779	0.0	2221506	23	4.3
1527461669.88	4300	59.998456	0.0	2044075	22	4.3
1527461674.23	4300	59.998925	0.0	2186790	20	4.3
1527461678.07	4300	59.998294	0.0	2105231	20	4.3
1527461682.42	4300	59.748344	0.0	2395588	22	4.3
1527461685.77	4300	59.997665	0.0	1972048	26	4.3
1527461690.12	4300	59.997725	0.0	2134614	21	4.3
1527461694.48	4300	59.498832	0.0	2164140	21	4.3
1527461697.83	4300	59.999387	0.0	2113193	21	4.3
1527461702.18	4300	59.747669	0.0	2147852	23	4.3
1527461706.03	4300	59.748659	0.0	2191074	24	4.3
1527461709.87	4300	59.999128	0.0	2286761	20	4.3
1527461714.22	4300	59.998578	0.0	2307787	19	4.3
1527461718.07	4300	59.997553	0.0	2143948	16	4.3
1527461722.42	4300	59.499194	0.0	1919781	21	4.3
1527461726.28	4300	59.498451	0.0	2147467	23	4.3
1527461730.13	4300	59.748038	0.0	2133870	24	4.3
1527461733.98	4300	59.998882	0.0	2146120	24	4.3
1527461737.83	4300	59.999278	0.0	2108491	22	4.3
1527461742.18	4300	59.998662	0.0	2184571	20	4.3
1527461746.02	4300	59.998749	0.0	2121928	19	4.3
1527461749.87	4300	59.999149	0.0	2219102	17	4.3
1527461754.21	4300	59.749034	0.0	2124950	17	4.3
1527461758.05	4300	59.748249	0.0	2246506	22	4.3
1527461762.39	4300	59.748192	0.0	1961140	18	4.3
1527461766.24	4300	59.748718	0.0	2155012	23	4.3
1527461767.57	4300	59.928332	0.0	1433658	15	4.3

1527461768.34	750	4	0.018	668286	5	-0.07740000000000002
1527461768.69	4300	7.949652	0.0	2123065	16	0.75
1527461769.04	4300	11.602885	0.0	2177073	17	4.3
1527461769.35	4300	15.286522	0.0	2160877	11	4.3
1527461769.69	4300	18.947454	0.0	2233056	24	4.3
1527461770.01	4300	22.632878	0.0	1941625	11	4.3
1527461770.35	4300	26.295315	0.0	2157535	25	4.3
1527461770.68	4300	29.959856	0.0	2290172	23	4.3
1527461771.01	4300	33.625879	0.0	2055469	18	4.3
1527461771.34	4300	37.302818	0.0	2169201	14	4.3
1527461771.67	4300	40.968254	0.0	2173522	21	4.3
1527461772.0	4300	44.635717	0.0	2102452	21	4.3
1527461772.35	4300	48.292197	0.0	2209463	25	4.3
1527461772.68	4300	51.956133	0.0	2275376	23	4.3
1527461773.02	4300	55.619406	0.0	2005399	23	4.3
1527461773.35	4300	59.286076	0.0	2152483	20	4.3
1527461776.71	4300	59.998281	0.0	2289689	26	4.3
1527461781.07	4300	59.998093	0.0	2059512	22	4.3
1527461784.93	4300	59.998089	0.0	2220726	25	4.3
1527461788.77	4300	59.998274	0.0	2156729	22	4.3
1527461793.11	4300	59.998356	0.0	2039773	19	4.3
1527461796.96	4300	59.748937	0.0	2176469	25	4.3
1527461800.81	4300	59.998785	0.0	2221506	17	4.3
1527461805.16	4300	59.749038	0.0	2044075	23	4.3
1527461809.01	4300	59.749054	0.0	2186790	25	4.3
1527461813.36	4300	59.499289	0.0	2105231	23	4.3
1527461817.21	4300	59.498423	0.0	2395588	27	4.3
1527461821.06	4300	59.748997	0.0	1972048	19	4.3
1527461824.92	4300	59.999216	0.0	2134614	26	4.3
1527461828.76	4300	59.998813	0.0	2164140	22	4.3
1527461833.1	4300	59.748241	0.0	2113193	20	4.3
1527461836.95	4300	59.998197	0.0	2147852	23	4.3
1527461840.8	4300	59.999185	0.0	2191074	20	4.3
1527461845.15	4300	59.4994	0.0	2286761	26	4.3
1527461849.0	4300	59.74928	0.0	2307787	27	4.3
1527461852.85	4300	59.998936	0.0	2143948	23	4.3
1527461856.69	4300	59.999132	0.0	1919781	21	4.3
1527461861.04	4300	59.748646	0.0	2147467	20	4.3
1527461864.89	4300	59.747801	0.0	2133870	32	4.3
1527461868.75	4300	59.999347	0.0	2146120	24	4.3
1527461873.1	4300	59.998711	0.0	2108491	22	4.3
1527461876.95	4300	59.998288	0.0	2184571	22	4.3
1527461881.3	4300	59.748757	0.0	2121928	25	4.3
1527461884.66	4300	59.998341	0.0	2219102	24	4.3
1527461889.01	4300	59.74773	0.0	2124950	24	4.3
1527461892.86	4300	59.999483	0.0	2246506	26	4.3
1527461897.21	4300	59.74854	0.0	1961140	22	4.3
1527461901.06	4300	59.997707	0.0	2155012	25	4.3
1527461902.4	4300	59.929151	0.0	1433658	17	4.3

1527461903.18	750	4	0.018	668286	2	-0.07740000000000002
1527461903.53	4300	7.949561	0.0	2123065	17	0.75
1527461903.88	4300	11.602976	0.0	2177073	29	4.3
1527461904.21	4300	15.267213	0.0	2160877	22	4.3
1527461904.55	4300	18.929248	0.0	2233056	15	4.3
1527461904.88	4300	22.602029	0.0	1941625	15	4.3
1527461905.23	4300	26.254148	0.0	2157535	26	4.3
1527461905.57	4300	29.912832	0.0	2290172	22	4.3
1527461905.91	4300	33.57585	0.0	2055469	15	4.3
1527461906.25	4300	37.235466	0.0	2169201	23	4.3
1527461906.58	4300	40.899769	0.0	2173522	23	4.3
1527461906.92	4300	44.564346	0.0	2102452	20	4.3
1527461907.27	4300	48.213448	0.0	2209463	25	4.3
1527461907.61	4300	51.867747	0.0	2275376	13	4.3
1527461907.96	4300	55.526839	0.0	2005399	22	4.3
1527461908.3	4300	59.183958	0.0	2152483	15	4.3
1527461912.16	4300	59.748829	0.0	2289689	26	4.3
1527461916.0	4300	59.499225	0.0	2059512	23	4.3
1527461919.85	4300	59.998652	0.0	2220726	22	4.3
1527461923.71	4300	59.998931	0.0	2156729	27	4.3
1527461927.56	4300	59.999024	0.0	2039773	19	4.3
1527461931.9	4300	59.749456	0.0	2176469	20	4.3
1527461935.75	4300	59.999007	0.0	2221506	21	4.3
1527461939.6	4300	59.997787	0.0	2044075	22	4.3
1527461943.95	4300	59.748671	0.0	2186790	24	4.3
1527461947.8	4300	59.748457	0.0	2105231	23	4.3
1527461952.15	4300	59.498709	0.0	2395588	23	4.3
1527461955.49	4300	59.998681	0.0	1972048	21	4.3
1527461959.85	4300	59.74841	0.0	2134614	24	4.3
1527461963.71	4300	59.998329	0.0	2164140	21	4.3
1527461967.55	4300	59.998626	0.0	2113193	18	4.3
