1527395483.17	750	4	0.029	2354772	10	-0.12470000000000003
1527395483.55	4300	7.960724	0.0	2123065	23	0.75
1527395483.94	4300	11.572542	0.0	2177073	26	4.3
1527395484.34	4300	15.172203	0.0	2160877	20	4.3
1527395484.72	4300	18.78966	0.0	2233056	25	4.3
1527395485.11	4300	22.40343	0.0	1941625	24	4.3
1527395485.5	4300	26.014045	0.0	2157535	23	4.3
1527395485.89	4300	29.626074	0.0	2290172	25	4.3
1527395486.28	4300	33.23691	0.0	2055469	24	4.3
1527395486.67	4300	36.845615	0.0	2169201	25	4.3
1527395487.06	4300	40.448172	0.0	2173522	25	4.3
1527395487.46	4300	44.055476	0.0	2102452	29	4.3
1527395487.85	4300	47.669537	0.0	2209463	25	4.3
1527395488.23	4300	51.283967	0.0	2275376	26	4.3
1527395488.61	4300	54.899374	0.0	2005399	23	4.3
1527395489.01	4300	58.506387	0.0	2152483	25	4.3
1527395491.91	4300	59.748074	0.0	2289689	24	4.3
1527395495.8	4300	59.998142	0.0	2059512	10	4.3
1527395500.23	4300	59.748387	0.0	2220726	33	4.3
1527395504.11	4300	59.749036	0.0	2156729	17	4.3
1527395508.0	4300	59.748312	0.0	2039773	19	4.3
1527395511.9	4300	59.997981	0.0	2176469	23	4.3
1527395515.8	4300	59.998587	0.0	2221506	24	4.3
1527395519.7	4300	59.999069	0.0	2044075	22	4.3
1527395523.6	4300	59.997876	0.0	2186790	25	4.3
1527395528.0	4300	59.747564	0.0	2105231	22	4.3
1527395531.89	4300	59.748144	0.0	2395588	21	4.3
1527395535.78	4300	59.998522	0.0	1972048	22	4.3
1527395539.68	4300	59.998734	0.0	2134614	26	4.3
1527395544.08	4300	59.498846	0.0	2164140	25	4.3
1527395547.98	4300	59.999014	0.0	2113193	19	4.3
1527395551.87	4300	59.748615	0.0	2147852	21	4.3
1527395555.77	4300	59.998766	0.0	2191074	24	4.3
1527395560.2	4300	59.747444	0.0	2286761	25	4.3
1527395563.6	4300	59.998529	0.0	2307787	24	4.3
1527395568.0	4300	59.749139	0.0	2143948	20	4.3
1527395571.89	4300	59.747472	0.0	1919781	20	4.3
1527395575.8	4300	59.749395	0.0	2147467	24	4.3
1527395579.68	4300	59.999265	0.0	2133870	17	4.3
1527395583.59	4300	59.999255	0.0	2146120	22	4.3
1527395587.98	4300	59.998531	0.0	2108491	22	4.3
1527395591.9	4300	59.748071	0.0	2184571	30	4.3
1527395595.81	4300	59.998814	0.0	2121928	24	4.3
1527395600.21	4300	59.49853	0.0	2219102	25	4.3
1527395604.1	4300	59.747914	0.0	2124950	20	4.3
1527395608.0	4300	59.749276	0.0	2246506	32	4.3
1527395611.87	4300	59.99765	0.0	1961140	19	4.3
1527395616.24	4300	59.498325	0.0	2155012	21	4.3
1527395617.6	4300	59.671023	0.0	1433658	17	4.3

1527395618.37	750	4	0.014	668286	2	-0.06020000000000003
1527395618.77	4300	7.95062	0.0	2123065	22	0.75
1527395619.15	4300	11.563224	0.0	2177073	27	4.3
1527395619.55	4300	15.169063	0.0	2160877	23	4.3
1527395619.94	4300	18.774608	0.0	2233056	20	4.3
1527395620.32	4300	22.392822	0.0	1941625	21	4.3
1527395620.72	4300	25.99223	0.0	2157535	43	4.3
1527395621.1	4300	29.612492	0.0	2290172	25	4.3
1527395621.49	4300	33.226972	0.0	2055469	25	4.3
1527395621.88	4300	36.839216	0.0	2169201	24	4.3
1527395622.24	4300	40.475752	0.0	2173522	14	4.3
1527395622.63	4300	44.087003	0.0	2102452	26	4.3
1527395623.02	4300	47.69646	0.0	2209463	28	4.3
1527395623.41	4300	51.30912	0.0	2275376	26	4.3
1527395623.79	4300	54.924975	0.0	2005399	21	4.3
1527395624.18	4300	58.535155	0.0	2152483	31	4.3
1527395627.07	4300	59.748612	0.0	2289689	22	4.3
1527395631.47	4300	59.498248	0.0	2059512	24	4.3
1527395635.36	4300	59.498894	0.0	2220726	22	4.3
1527395639.25	4300	59.749461	0.0	2156729	23	4.3
1527395643.15	4300	59.749724	0.0	2039773	22	4.3
1527395647.05	4300	59.997929	0.0	2176469	25	4.3
1527395650.95	4300	59.999071	0.0	2221506	26	4.3
1527395655.35	4300	59.749069	0.0	2044075	23	4.3
1527395658.76	4300	59.998728	0.0	2186790	23	4.3
1527395663.15	4300	59.998328	0.0	2105231	25	4.3
1527395667.06	4300	59.998963	0.0	2395588	27	4.3
1527395670.95	4300	59.998246	0.0	1972048	22	4.3
1527395675.34	4300	59.49799	0.0	2134614	20	4.3
1527395678.74	4300	59.999073	0.0	2164140	24	4.3
1527395683.14	4300	59.998978	0.0	2113193	22	4.3
1527395687.0	4300	59.998527	0.0	2147852	6	4.3
1527395691.42	4300	59.747725	0.0	2191074	24	4.3
1527395695.31	4300	59.748229	0.0	2286761	20	4.3
1527395699.2	4300	59.748312	0.0	2307787	23	4.3
1527395703.09	4300	59.748843	0.0	2143948	24	4.3
1527395706.99	4300	59.747805	0.0	1919781	21	4.3
1527395710.89	4300	59.998249	0.0	2147467	25	4.3
1527395715.28	4300	59.748998	0.0	2133870	16	4.3
1527395719.19	4300	59.748728	0.0	2146120	38	4.3
1527395723.08	4300	59.749234	0.0	2108491	21	4.3
1527395726.95	4300	59.998667	0.0	2184571	8	4.3
1527395730.84	4300	59.999357	0.0	2121928	25	4.3
1527395735.24	4300	59.748747	0.0	2219102	25	4.3
1527395739.13	4300	59.748087	0.0	2124950	20	4.3
1527395743.02	4300	59.998548	0.0	2246506	25	4.3
1527395747.4	4300	59.498916	0.0	1961140	20	4.3
1527395750.77	4300	59.99814	0.0	2155012	25	4.3
1527395753.12	4300	59.42839	0.0	1433658	15	4.3

1527395753.89	750	4	0.017	668286	3	-0.07309999999999994
1527395754.28	4300	7.952715	0.0	2123065	17	0.75
1527395754.67	4300	11.562761	0.0	2177073	26	4.3
1527395755.06	4300	15.172757	0.0	2160877	30	4.3
1527395755.44	4300	18.791173	0.0	2233056	26	4.3
1527395755.83	4300	22.407187	0.0	1941625	21	4.3
1527395756.22	4300	26.019161	0.0	2157535	23	4.3
1527395756.6	4300	29.639963	0.0	2290172	21	4.3
1527395756.98	4300	33.252263	0.0	2055469	24	4.3
1527395757.36	4300	36.871234	0.0	2169201	26	4.3
1527395757.74	4300	40.49771	0.0	2173522	16	4.3
1527395758.14	4300	44.091476	0.0	2102452	25	4.3
1527395758.53	4300	47.704636	0.0	2209463	28	4.3
1527395758.93	4300	51.306348	0.0	2275376	37	4.3
1527395759.31	4300	54.923999	0.0	2005399	22	4.3
1527395759.7	4300	58.537021	0.0	2152483	24	4.3
1527395762.6	4300	59.998716	0.0	2289689	27	4.3
1527395766.5	4300	59.997921	0.0	2059512	23	4.3
1527395770.39	4300	59.99848	0.0	2220726	24	4.3
1527395774.79	4300	59.749209	0.0	2156729	23	4.3
1527395778.67	4300	59.748487	0.0	2039773	20	4.3
1527395782.57	4300	59.749024	0.0	2176469	25	4.3
