1527473276.16	750	4	0.015	450283	1	-0.0645
1527473276.54	4300	7.952172	0.0	2123065	15	0.75
1527473276.88	4300	11.613543	0.0	2177073	22	4.3
1527473277.19	4300	15.300517	0.0	2160877	10	4.3
1527473277.54	4300	18.955269	0.0	2233056	26	4.3
1527473277.87	4300	22.618495	0.0	1941625	21	4.3
1527473278.21	4300	26.285062	0.0	2157535	19	4.3
1527473278.54	4300	29.950854	0.0	2290172	22	4.3
1527473278.87	4300	33.62013	0.0	2055469	16	4.3
1527473279.22	4300	37.276286	0.0	2169201	24	4.3
1527473279.55	4300	40.938783	0.0	2173522	24	4.3
1527473279.88	4300	44.606235	0.0	2102452	20	4.3
1527473280.22	4300	48.268924	0.0	2209463	20	4.3
1527473280.57	4300	51.924554	0.0	2275376	11	4.3
1527473280.9	4300	55.588881	0.0	2005399	24	4.3
1527473281.24	4300	59.24795	0.0	2152483	20	4.3
1527473285.1	4300	59.748246	0.0	2289689	25	4.3
1527473288.94	4300	59.748863	0.0	2059512	22	4.3
1527473292.79	4300	59.749776	0.0	2220726	23	4.3
1527473296.64	4300	59.997813	0.0	2156729	18	4.3
1527473300.99	4300	59.748654	0.0	2039773	22	4.3
1527473304.84	4300	59.748502	0.0	2176469	25	4.3
1527473308.68	4300	59.99904	0.0	2221506	22	4.3
1527473312.53	4300	59.999024	0.0	2044075	20	4.3
1527473316.87	4300	59.747766	0.0	2186790	22	4.3
1527473321.22	4300	59.498823	0.0	2105231	20	4.3
1527473325.07	4300	59.498032	0.0	2395588	20	4.3
1527473328.92	4300	59.998746	0.0	1972048	16	4.3
1527473332.77	4300	59.748665	0.0	2134614	24	4.3
1527473336.62	4300	59.997999	0.0	2164140	22	4.3
1527473340.97	4300	59.99904	0.0	2113193	18	4.3
1527473344.81	4300	59.748935	0.0	2147852	20	4.3
1527473349.15	4300	59.748529	0.0	2191074	20	4.3
1527473352.5	4300	59.999036	0.0	2286761	22	4.3
1527473356.86	4300	59.748932	0.0	2307787	26	4.3
1527473361.21	4300	59.748052	0.0	2143948	24	4.3
1527473365.05	4300	59.499155	0.0	1919781	21	4.3
1527473368.9	4300	59.997634	0.0	2147467	23	4.3
1527473372.74	4300	59.999429	0.0	2133870	21	4.3
1527473376.6	4300	59.998215	0.0	2146120	23	4.3
1527473380.95	4300	59.749141	0.0	2108491	23	4.3
1527473384.8	4300	59.997709	0.0	2184571	24	4.3
1527473389.16	4300	59.498767	0.0	2121928	24	4.3
1527473393.0	4300	59.748176	0.0	2219102	17	4.3
1527473396.85	4300	59.747999	0.0	2124950	24	4.3
1527473401.2	4300	59.74907	0.0	2246506	23	4.3
1527473405.04	4300	59.498823	0.0	1961140	15	4.3
1527473408.89	4300	59.997946	0.0	2155012	23	4.3
1527473410.72	4300	59.928405	0.0	1433658	15	4.3

1527473411.48	750	4	0.017	668286	2	-0.07309999999999994
1527473411.83	4300	7.947818	0.0	2123065	23	0.75
1527473412.17	4300	11.610813	0.0	2177073	16	4.3
1527473412.5	4300	15.275806	0.0	2160877	18	4.3
1527473412.84	4300	18.933723	0.0	2233056	24	4.3
1527473413.18	4300	22.600403	0.0	1941625	22	4.3
1527473413.51	4300	26.262283	0.0	2157535	19	4.3
1527473413.86	4300	29.91661	0.0	2290172	24	4.3
1527473414.2	4300	33.581309	0.0	2055469	22	4.3
1527473414.53	4300	37.244822	0.0	2169201	21	4.3
1527473414.88	4300	40.90027	0.0	2173522	25	4.3
1527473415.22	4300	44.56036	0.0	2102452	24	4.3
1527473415.56	4300	48.218989	0.0	2209463	21	4.3
1527473415.91	4300	51.864688	0.0	2275376	16	4.3
1527473416.26	4300	55.52143	0.0	2005399	21	4.3
1527473416.59	4300	59.180991	0.0	2152483	23	4.3
1527473420.44	4300	59.749239	0.0	2289689	22	4.3
1527473423.78	4300	59.99867	0.0	2059512	19	4.3
1527473428.15	4300	59.748889	0.0	2220726	40	4.3
1527473432.5	4300	59.747775	0.0	2156729	20	4.3
1527473436.34	4300	59.748968	0.0	2039773	19	4.3
1527473440.19	4300	59.998534	0.0	2176469	13	4.3
1527473444.04	4300	59.998627	0.0	2221506	25	4.3
1527473447.88	4300	59.998827	0.0	2044075	22	4.3
1527473452.24	4300	59.748884	0.0	2186790	23	4.3
1527473456.08	4300	59.749149	0.0	2105231	18	4.3
1527473459.92	4300	59.997957	0.0	2395588	18	4.3
1527473464.28	4300	59.99807	0.0	1972048	22	4.3
1527473468.15	4300	59.998904	0.0	2134614	41	4.3
1527473472.51	4300	59.748234	0.0	2164140	24	4.3
1527473475.86	4300	59.999273	0.0	2113193	23	4.3
1527473480.21	4300	59.999274	0.0	2147852	25	4.3
1527473484.06	4300	59.748232	0.0	2191074	24	4.3
1527473487.91	4300	59.998836	0.0	2286761	24	4.3
1527473492.26	4300	59.997607	0.0	2307787	20	4.3
1527473496.11	4300	59.748911	0.0	2143948	22	4.3
1527473499.96	4300	59.999132	0.0	1919781	21	4.3
1527473503.81	4300	59.9985	0.0	2147467	24	4.3
1527473508.16	4300	59.997697	0.0	2133870	21	4.3
1527473512.02	4300	59.998655	0.0	2146120	41	4.3
1527473515.87	4300	59.997813	0.0	2108491	22	4.3
1527473520.23	4300	59.997702	0.0	2184571	25	4.3
1527473524.09	4300	59.748819	0.0	2121928	23	4.3
1527473527.91	4300	59.998862	0.0	2219102	7	4.3
1527473532.26	4300	59.748892	0.0	2124950	24	4.3
1527473536.11	4300	59.748527	0.0	2246506	26	4.3
1527473539.96	4300	59.998709	0.0	1961140	21	4.3
1527473543.81	4300	59.998414	0.0	2155012	21	4.3
1527473545.65	4300	59.928013	0.0	1433658	17	4.3

1527473546.43	750	4	0.015	668286	2	-0.0645
1527473546.78	4300	7.946351	0.0	2123065	19	0.75
1527473547.14	4300	11.590839	0.0	2177073	32	4.3
1527473547.46	4300	15.266208	0.0	2160877	11	4.3
1527473547.8	4300	18.931145	0.0	2233056	20	4.3
1527473548.12	4300	22.612396	0.0	1941625	14	4.3
1527473548.46	4300	26.271671	0.0	2157535	22	4.3
1527473548.8	4300	29.926973	0.0	2290172	25	4.3
1527473549.14	4300	33.590688	0.0	2055469	22	4.3
1527473549.48	4300	37.254072	0.0	2169201	22	4.3
1527473549.81	4300	40.918937	0.0	2173522	18	4.3
1527473550.15	4300	44.576381	0.0	2102452	25	4.3
1527473550.49	4300	48.238814	0.0	2209463	24	4.3
1527473550.84	4300	51.887988	0.0	2275376	31	4.3
1527473551.18	4300	55.551902	0.0	2005399	22	4.3
1527473551.51	4300	59.217501	0.0	2152483	20	4.3
1527473555.36	4300	59.747862	0.0	2289689	20	4.3
1527473559.21	4300	59.749188	0.0	2059512	22	4.3
