1527441817.86	750	4	0.022	2354772	8	-0.09460000000000002
1527441818.25	4300	7.96105	0.0	2123065	23	0.75
1527441818.64	4300	11.570072	0.0	2177073	25	4.3
1527441819.03	4300	15.179873	0.0	2160877	26	4.3
1527441819.42	4300	18.791349	0.0	2233056	26	4.3
1527441819.81	4300	22.403397	0.0	1941625	22	4.3
1527441820.2	4300	26.012223	0.0	2157535	24	4.3
1527441820.59	4300	29.622159	0.0	2290172	26	4.3
1527441820.97	4300	33.232827	0.0	2055469	23	4.3
1527441821.37	4300	36.842261	0.0	2169201	25	4.3
1527441821.76	4300	40.447588	0.0	2173522	23	4.3
1527441822.15	4300	44.056279	0.0	2102452	33	4.3
1527441822.54	4300	47.669687	0.0	2209463	26	4.3
1527441822.94	4300	51.267205	0.0	2275376	23	4.3
1527441823.32	4300	54.887852	0.0	2005399	22	4.3
1527441823.71	4300	58.501691	0.0	2152483	24	4.3
1527441826.6	4300	59.748324	0.0	2289689	26	4.3
1527441830.49	4300	59.748369	0.0	2059512	20	4.3
1527441834.4	4300	59.998178	0.0	2220726	27	4.3
1527441838.29	4300	59.998938	0.0	2156729	21	4.3
1527441842.69	4300	59.99797	0.0	2039773	23	4.3
1527441846.58	4300	59.997992	0.0	2176469	17	4.3
1527441850.47	4300	59.997913	0.0	2221506	23	4.3
1527441854.37	4300	59.997734	0.0	2044075	23	4.3
1527441858.27	4300	59.998895	0.0	2186790	24	4.3
1527441862.65	4300	59.749169	0.0	2105231	17	4.3
1527441866.55	4300	59.998128	0.0	2395588	26	4.3
1527441870.45	4300	59.998495	0.0	1972048	23	4.3
1527441874.35	4300	59.998526	0.0	2134614	25	4.3
1527441878.75	4300	59.49879	0.0	2164140	25	4.3
1527441882.64	4300	59.999101	0.0	2113193	21	4.3
1527441886.53	4300	59.748469	0.0	2147852	24	4.3
1527441890.93	4300	59.749262	0.0	2191074	25	4.3
1527441894.82	4300	59.49929	0.0	2286761	22	4.3
1527441898.21	4300	59.998743	0.0	2307787	23	4.3
1527441902.61	4300	59.998542	0.0	2143948	20	4.3
1527441906.51	4300	59.998115	0.0	1919781	22	4.3
1527441910.9	4300	59.497777	0.0	2147467	17	4.3
1527441914.8	4300	59.498966	0.0	2133870	25	4.3
1527441918.71	4300	59.998212	0.0	2146120	24	4.3
1527441922.6	4300	59.749168	0.0	2108491	20	4.3
1527441926.49	4300	59.997816	0.0	2184571	24	4.3
1527441930.39	4300	59.998203	0.0	2121928	23	4.3
1527441934.29	4300	59.999497	0.0	2219102	25	4.3
1527441938.69	4300	59.747569	0.0	2124950	23	4.3
1527441942.58	4300	59.749491	0.0	2246506	25	4.3
1527441946.46	4300	59.998915	0.0	1961140	21	4.3
1527441950.33	4300	59.998713	0.0	2155012	18	4.3
1527441952.67	4300	59.428876	0.0	1433658	16	4.3

1527441953.41	750	4	0.016	668286	2	-0.06879999999999997
1527441953.81	4300	7.954153	0.0	2123065	17	0.75
1527441954.18	4300	11.58445	0.0	2177073	13	4.3
1527441954.55	4300	15.207645	0.0	2160877	18	4.3
1527441954.94	4300	18.821996	0.0	2233056	17	4.3
1527441955.32	4300	22.436815	0.0	1941625	21	4.3
1527441955.72	4300	26.045503	0.0	2157535	34	4.3
1527441956.1	4300	29.660024	0.0	2290172	25	4.3
1527441956.49	4300	33.273972	0.0	2055469	23	4.3
1527441956.88	4300	36.883522	0.0	2169201	25	4.3
1527441957.25	4300	40.509727	0.0	2173522	19	4.3
1527441957.63	4300	44.128127	0.0	2102452	24	4.3
1527441958.01	4300	47.75213	0.0	2209463	14	4.3
1527441958.39	4300	51.37413	0.0	2275376	21	4.3
1527441958.78	4300	54.984262	0.0	2005399	22	4.3
1527441959.16	4300	58.596507	0.0	2152483	18	4.3
1527441962.06	4300	59.998569	0.0	2289689	25	4.3
1527441966.45	4300	59.49817	0.0	2059512	20	4.3
1527441970.35	4300	59.49887	0.0	2220726	25	4.3
1527441974.25	4300	59.999215	0.0	2156729	25	4.3
1527441978.14	4300	59.749372	0.0	2039773	22	4.3
1527441982.03	4300	59.999287	0.0	2176469	18	4.3
1527441986.42	4300	59.748874	0.0	2221506	25	4.3
1527441990.32	4300	59.49882	0.0	2044075	23	4.3
1527441994.22	4300	59.747821	0.0	2186790	16	4.3
1527441998.11	4300	59.74903	0.0	2105231	20	4.3
1527442002.5	4300	59.498567	0.0	2395588	26	4.3
1527442005.89	4300	59.999284	0.0	1972048	22	4.3
1527442009.8	4300	59.998698	0.0	2134614	23	4.3
1527442014.2	4300	59.748824	0.0	2164140	24	4.3
1527442018.09	4300	59.748705	0.0	2113193	23	4.3
1527442022.48	4300	59.315101	0.0	2147852	24	4.3
1527442025.89	4300	59.998996	0.0	2191074	24	4.3
1527442030.29	4300	59.749355	0.0	2286761	27	4.3
1527442034.19	4300	59.748771	0.0	2307787	27	4.3
1527442038.09	4300	59.998534	0.0	2143948	24	4.3
1527442042.49	4300	59.748904	0.0	1919781	21	4.3
1527442045.89	4300	59.998423	0.0	2147467	20	4.3
1527442050.29	4300	59.749113	0.0	2133870	25	4.3
1527442054.2	4300	59.748991	0.0	2146120	22	4.3
1527442058.08	4300	59.998237	0.0	2108491	18	4.3
1527442061.98	4300	59.998991	0.0	2184571	24	4.3
1527442065.87	4300	59.997688	0.0	2121928	24	4.3
1527442069.77	4300	59.997947	0.0	2219102	25	4.3
1527442074.17	4300	59.998554	0.0	2124950	24	4.3
1527442078.06	4300	59.749369	0.0	2246506	24	4.3
1527442082.43	4300	59.49761	0.0	1961140	20	4.3
1527442086.3	4300	59.49788	0.0	2155012	25	4.3
1527442087.66	4300	59.927946	0.0	1433658	16	4.3

1527442088.41	750	4	0.015	668286	2	-0.0645
1527442088.81	4300	7.955791	0.0	2123065	14	0.75
1527442089.19	4300	11.584852	0.0	2177073	16	4.3
1527442089.57	4300	15.193491	0.0	2160877	26	4.3
1527442089.96	4300	18.804823	0.0	2233056	24	4.3
1527442090.35	4300	22.411266	0.0	1941625	23	4.3
1527442090.75	4300	26.017628	0.0	2157535	33	4.3
1527442091.13	4300	29.63189	0.0	2290172	27	4.3
1527442091.52	4300	33.243431	0.0	2055469	22	4.3
1527442091.89	4300	36.87215	0.0	2169201	15	4.3
1527442092.27	4300	40.489982	0.0	2173522	24	4.3
1527442092.66	4300	44.103878	0.0	2102452	24	4.3
1527442093.05	4300	47.714072	0.0	2209463	26	4.3
1527442093.45	4300	51.314991	0.0	2275376	21	4.3
1527442093.84	4300	54.926675	0.0	2005399	21	4.3
1527442094.23	4300	58.537435	0.0	2152483	18	4.3
1527442097.13	4300	59.998616	0.0	2289689	19	4.3
1527442101.02	4300	59.748276	0.0	2059512	16	4.3
1527442105.41	4300	59.49922	0.0	2220726	22	4.3
1527442109.31	4300	59.499196	0.0	2156729	25	4.3
1527442113.21	4300	59.749436	0.0	2039773	24	4.3
1527442117.11	4300	59.997801	0.0	2176469	25	4.3
1527442121.01	4300	59.998423	0.0	2221506	26	4.3
1527442124.91	4300	59.999186	0.0	2044075	23	4.3
1527442129.31	4300	59.499162	0.0	2186790	24	4.3
1527442133.2	4300	59.749487	0.0	2105231	21	4.3
1527442137.1	4300	59.997806	0.0	2395588	27	4.3
1527442140.99	4300	59.998921	0.0	1972048	22	4.3
1527442145.39	4300	59.498902	0.0	2134614	23	4.3
1527442148.78	4300	59.998095	0.0	2164140	21	4.3
1527442153.17	4300	59.997566	0.0	2113193	20	4.3
1527442157.06	4300	59.748717	0.0	2147852	17	4.3
1527442160.95	4300	59.999063	0.0	2191074	21	4.3
