1527519084.83	750	4	0.026	2354772	9	-0.11180000000000001
1527519085.16	4300	7.967184	0.0	2123065	20	0.75
1527519085.49	4300	11.636795	0.0	2177073	16	4.3
1527519085.81	4300	15.315033	0.0	2160877	15	4.3
1527519086.15	4300	18.979852	0.0	2233056	23	4.3
1527519086.46	4300	22.665004	0.0	1941625	11	4.3
1527519086.79	4300	26.338739	0.0	2157535	17	4.3
1527519087.13	4300	29.996801	0.0	2290172	25	4.3
1527519087.46	4300	33.662811	0.0	2055469	22	4.3
1527519087.8	4300	37.324003	0.0	2169201	23	4.3
1527519088.13	4300	40.990582	0.0	2173522	28	4.3
1527519088.46	4300	44.660388	0.0	2102452	19	4.3
1527519088.81	4300	48.319772	0.0	2209463	24	4.3
1527519089.15	4300	51.977494	0.0	2275376	26	4.3
1527519089.46	4300	55.658999	0.0	2005399	13	4.3
1527519089.8	4300	59.323273	0.0	2152483	24	4.3
1527519093.65	4300	59.748125	0.0	2289689	26	4.3
1527519097.5	4300	59.74947	0.0	2059512	23	4.3
1527519101.35	4300	59.998194	0.0	2220726	26	4.3
1527519105.2	4300	59.998555	0.0	2156729	24	4.3
1527519109.54	4300	59.998135	0.0	2039773	22	4.3
1527519113.39	4300	59.747976	0.0	2176469	26	4.3
1527519117.21	4300	59.997993	0.0	2221506	15	4.3
1527519121.56	4300	59.998725	0.0	2044075	24	4.3
1527519125.39	4300	59.748575	0.0	2186790	14	4.3
1527519129.73	4300	59.747937	0.0	2105231	19	4.3
1527519133.58	4300	59.749048	0.0	2395588	24	4.3
1527519137.43	4300	59.749421	0.0	1972048	27	4.3
1527519141.28	4300	59.998903	0.0	2134614	25	4.3
1527519145.62	4300	59.749001	0.0	2164140	23	4.3
1527519149.45	4300	59.749006	0.0	2113193	15	4.3
1527519153.79	4300	59.748492	0.0	2147852	20	4.3
1527519157.14	4300	59.999269	0.0	2191074	24	4.3
1527519161.49	4300	59.749401	0.0	2286761	26	4.3
1527519165.34	4300	59.997587	0.0	2307787	26	4.3
1527519169.19	4300	59.999378	0.0	2143948	25	4.3
1527519173.55	4300	59.747612	0.0	1919781	20	4.3
1527519177.4	4300	59.749056	0.0	2147467	25	4.3
1527519181.26	4300	59.999416	0.0	2133870	35	4.3
1527519185.61	4300	59.748817	0.0	2146120	24	4.3
1527519189.46	4300	59.74837	0.0	2108491	26	4.3
1527519193.31	4300	59.998835	0.0	2184571	24	4.3
1527519197.65	4300	59.748751	0.0	2121928	21	4.3
1527519201.5	4300	59.748915	0.0	2219102	26	4.3
1527519205.84	4300	59.497851	0.0	2124950	22	4.3
1527519209.19	4300	59.998306	0.0	2246506	26	4.3
1527519213.54	4300	59.997988	0.0	1961140	23	4.3
1527519217.39	4300	59.749176	0.0	2155012	24	4.3
1527519219.23	4300	59.927448	0.0	1433658	17	4.3

1527519219.99	750	4	0.028	2354772	7	-0.12039999999999995
1527519220.35	4300	7.942041	0.0	2123065	36	0.75
1527519220.69	4300	11.597958	0.0	2177073	21	4.3
1527519221.03	4300	15.26161	0.0	2160877	24	4.3
1527519221.36	4300	18.926652	0.0	2233056	22	4.3
1527519221.69	4300	22.606476	0.0	1941625	13	4.3
1527519222.02	4300	26.271355	0.0	2157535	23	4.3
1527519222.36	4300	29.931507	0.0	2290172	22	4.3
1527519222.7	4300	33.590956	0.0	2055469	25	4.3
1527519223.04	4300	37.255286	0.0	2169201	24	4.3
1527519223.37	4300	40.924104	0.0	2173522	22	4.3
1527519223.7	4300	44.592697	0.0	2102452	21	4.3
1527519224.04	4300	48.252778	0.0	2209463	20	4.3
1527519224.39	4300	51.896906	0.0	2275376	37	4.3
1527519224.74	4300	55.555169	0.0	2005399	22	4.3
1527519225.08	4300	59.216853	0.0	2152483	23	4.3
1527519228.91	4300	59.749445	0.0	2289689	14	4.3
1527519233.26	4300	59.248364	0.0	2059512	24	4.3
1527519236.61	4300	59.999171	0.0	2220726	25	4.3
1527519240.46	4300	59.99935	0.0	2156729	24	4.3
1527519244.3	4300	59.998784	0.0	2039773	23	4.3
1527519248.64	4300	59.74913	0.0	2176469	18	4.3
1527519253.0	4300	59.747944	0.0	2221506	23	4.3
1527519256.85	4300	59.748606	0.0	2044075	22	4.3
1527519260.69	4300	59.997908	0.0	2186790	23	4.3
1527519264.55	4300	59.74767	0.0	2105231	25	4.3
1527519268.4	4300	59.998778	0.0	2395588	26	4.3
1527519272.75	4300	59.748626	0.0	1972048	20	4.3
1527519276.59	4300	59.74759	0.0	2134614	20	4.3
1527519280.94	4300	59.498415	0.0	2164140	19	4.3
1527519284.78	4300	59.999058	0.0	2113193	22	4.3
1527519288.62	4300	59.748687	0.0	2147852	21	4.3
1527519292.46	4300	59.997971	0.0	2191074	21	4.3
1527519296.32	4300	59.99863	0.0	2286761	26	4.3
1527519300.67	4300	59.748415	0.0	2307787	26	4.3
1527519305.01	4300	59.497469	0.0	2143948	25	4.3
1527519308.36	4300	59.998697	0.0	1919781	22	4.3
1527519312.72	4300	59.748654	0.0	2147467	22	4.3
1527519316.57	4300	59.997972	0.0	2133870	23	4.3
1527519320.42	4300	59.999296	0.0	2146120	25	4.3
1527519324.76	4300	59.997781	0.0	2108491	21	4.3
1527519328.61	4300	59.997565	0.0	2184571	21	4.3
1527519332.45	4300	59.998313	0.0	2121928	22	4.3
1527519336.8	4300	59.498656	0.0	2219102	20	4.3
1527519340.65	4300	59.997811	0.0	2124950	22	4.3
1527519344.49	4300	59.998785	0.0	2246506	19	4.3
1527519348.34	4300	59.998999	0.0	1961140	23	4.3
1527519352.69	4300	59.747752	0.0	2155012	26	4.3
1527519354.52	4300	59.929013	0.0	1433658	17	4.3

1527519355.27	750	4	0.024	2354772	9	-0.10319999999999996
1527519355.61	4300	7.959027	0.0	2123065	25	0.75
1527519355.95	4300	11.616087	0.0	2177073	25	4.3
1527519356.29	4300	15.273607	0.0	2160877	25	4.3
1527519356.63	4300	18.934489	0.0	2233056	27	4.3
1527519356.96	4300	22.602455	0.0	1941625	20	4.3
1527519357.29	4300	26.271059	0.0	2157535	21	4.3
1527519357.63	4300	29.938452	0.0	2290172	21	4.3
1527519357.94	4300	33.619459	0.0	2055469	14	4.3
1527519358.28	4300	37.284765	0.0	2169201	26	4.3
1527519358.61	4300	40.952343	0.0	2173522	22	4.3
1527519358.95	4300	44.620386	0.0	2102452	22	4.3
1527519359.26	4300	48.29845	0.0	2209463	16	4.3
1527519359.6	4300	51.962781	0.0	2275376	25	4.3
1527519359.94	4300	55.626312	0.0	2005399	22	4.3
1527519360.28	4300	59.282862	0.0	2152483	24	4.3
1527519363.63	4300	59.99804	0.0	2289689	25	4.3
1527519367.97	4300	59.748344	0.0	2059512	24	4.3
1527519371.83	4300	59.749383	0.0	2220726	36	4.3
1527519375.68	4300	59.999373	0.0	2156729	23	4.3
1527519380.02	4300	59.747867	0.0	2039773	24	4.3
1527519383.87	4300	59.747919	0.0	2176469	23	4.3
1527519387.71	4300	59.999234	0.0	2221506	24	4.3
1527519392.03	4300	59.998805	0.0	2044075	7	4.3
1527519395.88	4300	59.748621	0.0	2186790	20	4.3
1527519399.73	4300	59.999104	0.0	2105231	26	4.3
1527519403.58	4300	59.997892	0.0	2395588	27	4.3
1527519407.93	4300	59.748088	0.0	1972048	22	4.3
1527519411.78	4300	59.999257	0.0	2134614	33	4.3
1527519415.63	4300	59.999308	0.0	2164140	28	4.3
1527519419.98	4300	59.749427	0.0	2113193	24	4.3
1527519423.83	4300	59.997729	0.0	2147852	27	4.3
1527519427.67	4300	59.998551	0.0	2191074	24	4.3
1527519432.03	4300	59.998155	0.0	2286761	21	4.3
1527519435.88	4300	59.747935	0.0	2307787	27	4.3
1527519439.73	4300	59.998918	0.0	2143948	24	4.3
1527519444.07	4300	59.499028	0.0	1919781	23	4.3
1527519447.92	4300	59.998044	0.0	2147467	25	4.3
1527519452.26	4300	59.498396	0.0	2133870	25	4.3
1527519455.62	4300	59.998585	0.0	2146120	35	4.3
