1527394988.11	750	4	0.03	2354772	9	-0.129
1527394988.49	4300	7.954517	0.0	2123065	26	0.75
1527394988.83	4300	11.614563	0.0	2177073	25	4.3
1527394989.16	4300	15.280825	0.0	2160877	20	4.3
1527394989.5	4300	18.947783	0.0	2233056	19	4.3
1527394989.85	4300	22.607136	0.0	1941625	21	4.3
1527394990.19	4300	26.259981	0.0	2157535	19	4.3
1527394990.53	4300	29.914019	0.0	2290172	25	4.3
1527394990.87	4300	33.577334	0.0	2055469	22	4.3
1527394991.22	4300	37.228294	0.0	2169201	25	4.3
1527394991.56	4300	40.882473	0.0	2173522	24	4.3
1527394991.9	4300	44.540626	0.0	2102452	11	4.3
1527394992.24	4300	48.201461	0.0	2209463	24	4.3
1527394992.58	4300	51.866279	0.0	2275376	23	4.3
1527394992.91	4300	55.53311	0.0	2005399	19	4.3
1527394993.26	4300	59.187643	0.0	2152483	23	4.3
1527394997.11	4300	59.747939	0.0	2289689	24	4.3
1527395000.45	4300	59.999103	0.0	2059512	19	4.3
1527395004.81	4300	59.748383	0.0	2220726	35	4.3
1527395009.16	4300	59.49892	0.0	2156729	21	4.3
1527395012.51	4300	59.999253	0.0	2039773	22	4.3
1527395016.86	4300	59.998964	0.0	2176469	23	4.3
1527395020.71	4300	59.749413	0.0	2221506	24	4.3
1527395025.06	4300	59.748713	0.0	2044075	21	4.3
1527395029.41	4300	59.498641	0.0	2186790	23	4.3
1527395032.76	4300	59.998269	0.0	2105231	24	4.3
1527395036.61	4300	59.999002	0.0	2395588	27	4.3
1527395040.96	4300	59.49828	0.0	1972048	21	4.3
1527395044.82	4300	59.749301	0.0	2134614	34	4.3
1527395048.68	4300	59.998329	0.0	2164140	24	4.3
1527395053.03	4300	59.497998	0.0	2113193	19	4.3
1527395056.87	4300	59.74815	0.0	2147852	21	4.3
1527395060.72	4300	59.749086	0.0	2191074	21	4.3
1527395065.07	4300	59.747912	0.0	2286761	26	4.3
1527395068.92	4300	59.997825	0.0	2307787	26	4.3
1527395072.77	4300	59.749323	0.0	2143948	23	4.3
1527395076.61	4300	59.998666	0.0	1919781	19	4.3
1527395080.45	4300	59.999486	0.0	2147467	21	4.3
1527395084.8	4300	59.74935	0.0	2133870	19	4.3
1527395088.65	4300	59.999071	0.0	2146120	30	4.3
1527395092.5	4300	59.999386	0.0	2108491	24	4.3
1527395096.86	4300	59.748612	0.0	2184571	23	4.3
1527395100.71	4300	59.998408	0.0	2121928	18	4.3
1527395104.56	4300	59.998584	0.0	2219102	23	4.3
1527395108.91	4300	59.998837	0.0	2124950	23	4.3
1527395112.76	4300	59.747728	0.0	2246506	21	4.3
1527395117.11	4300	59.498212	0.0	1961140	19	4.3
1527395120.95	4300	59.748227	0.0	2155012	21	4.3
1527395122.28	4300	59.928525	0.0	1433658	15	4.3

1527395123.05	750	4	0.016	668286	2	-0.06879999999999997
1527395123.4	4300	7.953728	0.0	2123065	14	0.75
1527395123.74	4300	11.609493	0.0	2177073	23	4.3
1527395124.08	4300	15.261154	0.0	2160877	33	4.3
1527395124.43	4300	18.921266	0.0	2233056	25	4.3
1527395124.76	4300	22.589436	0.0	1941625	21	4.3
1527395125.09	4300	26.255762	0.0	2157535	21	4.3
1527395125.44	4300	29.910927	0.0	2290172	25	4.3
1527395125.78	4300	33.572411	0.0	2055469	23	4.3
1527395126.11	4300	37.237618	0.0	2169201	23	4.3
1527395126.44	4300	40.903901	0.0	2173522	21	4.3
1527395126.78	4300	44.571563	0.0	2102452	20	4.3
1527395127.12	4300	48.229086	0.0	2209463	26	4.3
1527395127.47	4300	51.873686	0.0	2275376	36	4.3
1527395127.81	4300	55.534438	0.0	2005399	23	4.3
1527395128.15	4300	59.199172	0.0	2152483	22	4.3
1527395131.99	4300	59.498754	0.0	2289689	21	4.3
1527395135.83	4300	59.9993	0.0	2059512	19	4.3
1527395139.67	4300	59.998529	0.0	2220726	18	4.3
1527395143.53	4300	59.998617	0.0	2156729	24	4.3
1527395147.38	4300	59.999147	0.0	2039773	24	4.3
1527395151.72	4300	59.998488	0.0	2176469	24	4.3
1527395156.07	4300	59.749188	0.0	2221506	24	4.3
1527395159.92	4300	59.749194	0.0	2044075	23	4.3
1527395163.76	4300	59.748134	0.0	2186790	21	4.3
1527395167.6	4300	59.749532	0.0	2105231	20	4.3
1527395171.46	4300	59.998062	0.0	2395588	25	4.3
1527395175.81	4300	59.749343	0.0	1972048	22	4.3
1527395179.67	4300	59.998836	0.0	2134614	34	4.3
1527395184.01	4300	59.499328	0.0	2164140	19	4.3
1527395187.85	4300	59.498037	0.0	2113193	20	4.3
1527395191.7	4300	59.748117	0.0	2147852	21	4.3
1527395195.56	4300	59.999378	0.0	2191074	24	4.3
1527395199.4	4300	59.998462	0.0	2286761	22	4.3
1527395203.76	4300	59.998985	0.0	2307787	24	4.3
1527395207.61	4300	59.748969	0.0	2143948	25	4.3
1527395211.46	4300	59.997909	0.0	1919781	20	4.3
1527395215.81	4300	59.749461	0.0	2147467	20	4.3
1527395219.65	4300	59.749519	0.0	2133870	22	4.3
1527395224.0	4300	59.747616	0.0	2146120	27	4.3
1527395227.86	4300	59.497807	0.0	2108491	23	4.3
1527395231.71	4300	59.748344	0.0	2184571	24	4.3
1527395235.56	4300	59.998894	0.0	2121928	20	4.3
1527395239.41	4300	59.997703	0.0	2219102	18	4.3
1527395243.76	4300	59.998784	0.0	2124950	24	4.3
1527395247.62	4300	59.998596	0.0	2246506	25	4.3
1527395251.46	4300	59.999091	0.0	1961140	16	4.3
1527395255.82	4300	59.749538	0.0	2155012	25	4.3
1527395257.15	4300	59.929181	0.0	1433658	16	4.3

1527395257.93	750	4	0.018	668286	3	-0.07740000000000002
1527395258.28	4300	7.947748	0.0	2123065	13	0.75
1527395258.63	4300	11.596382	0.0	2177073	32	4.3
1527395258.98	4300	15.248172	0.0	2160877	26	4.3
1527395259.32	4300	18.908824	0.0	2233056	23	4.3
1527395259.66	4300	22.565931	0.0	1941625	22	4.3
1527395260.0	4300	26.224379	0.0	2157535	23	4.3
1527395260.34	4300	29.885982	0.0	2290172	22	4.3
1527395260.69	4300	33.540697	0.0	2055469	22	4.3
1527395261.02	4300	37.203692	0.0	2169201	23	4.3
1527395261.36	4300	40.867488	0.0	2173522	21	4.3
1527395261.71	4300	44.522407	0.0	2102452	22	4.3
1527395262.04	4300	48.185329	0.0	2209463	24	4.3
1527395262.39	4300	51.83291	0.0	2275376	28	4.3
1527395262.73	4300	55.495985	0.0	2005399	22	4.3
1527395263.06	4300	59.16217	0.0	2152483	21	4.3
1527395266.41	4300	59.998577	0.0	2289689	20	4.3
1527395270.26	4300	59.998228	0.0	2059512	22	4.3
1527395274.62	4300	59.998292	0.0	2220726	25	4.3
1527395278.46	4300	59.998035	0.0	2156729	20	4.3
1527395282.32	4300	59.997995	0.0	2039773	22	4.3
1527395286.67	4300	59.998117	0.0	2176469	21	4.3
1527395290.52	4300	59.997991	0.0	2221506	21	4.3
1527395294.85	4300	59.498597	0.0	2044075	17	4.3
1527395298.7	4300	59.749072	0.0	2186790	25	4.3
