1527419113.27	750	4	0.026	2354772	7	-0.11180000000000001
1527419113.61	4300	7.956499	0.0	2123065	27	0.75
1527419113.95	4300	11.620555	0.0	2177073	23	4.3
1527419114.27	4300	15.303301	0.0	2160877	13	4.3
1527419114.61	4300	18.964529	0.0	2233056	25	4.3
1527419114.94	4300	22.630958	0.0	1941625	23	4.3
1527419115.28	4300	26.295178	0.0	2157535	22	4.3
1527419115.61	4300	29.964609	0.0	2290172	19	4.3
1527419115.93	4300	33.637106	0.0	2055469	19	4.3
1527419116.26	4300	37.315434	0.0	2169201	16	4.3
1527419116.58	4300	40.985946	0.0	2173522	16	4.3
1527419116.92	4300	44.654137	0.0	2102452	16	4.3
1527419117.25	4300	48.318515	0.0	2209463	23	4.3
1527419117.58	4300	51.99669	0.0	2275376	15	4.3
1527419117.91	4300	55.664536	0.0	2005399	23	4.3
1527419118.27	4300	59.303462	0.0	2152483	28	4.3
1527419121.61	4300	59.998643	0.0	2289689	23	4.3
1527419125.96	4300	59.748078	0.0	2059512	24	4.3
1527419129.82	4300	59.998028	0.0	2220726	26	4.3
1527419133.64	4300	59.998887	0.0	2156729	12	4.3
1527419137.99	4300	59.997797	0.0	2039773	24	4.3
1527419141.84	4300	59.997763	0.0	2176469	26	4.3
1527419146.19	4300	59.748662	0.0	2221506	24	4.3
1527419150.04	4300	59.998818	0.0	2044075	25	4.3
1527419153.89	4300	59.748895	0.0	2186790	23	4.3
1527419158.23	4300	59.499219	0.0	2105231	19	4.3
1527419162.07	4300	59.748661	0.0	2395588	26	4.3
1527419165.93	4300	59.99805	0.0	1972048	30	4.3
1527419170.28	4300	59.498827	0.0	2134614	24	4.3
1527419174.13	4300	59.748622	0.0	2164140	26	4.3
1527419177.97	4300	59.998161	0.0	2113193	22	4.3
1527419181.82	4300	59.997773	0.0	2147852	23	4.3
1527419185.67	4300	59.99788	0.0	2191074	22	4.3
1527419190.02	4300	59.748487	0.0	2286761	27	4.3
1527419193.87	4300	59.748504	0.0	2307787	26	4.3
1527419197.71	4300	59.999199	0.0	2143948	25	4.3
1527419202.05	4300	59.747771	0.0	1919781	21	4.3
1527419205.91	4300	59.748765	0.0	2147467	25	4.3
1527419209.77	4300	59.997615	0.0	2133870	35	4.3
1527419213.62	4300	59.998999	0.0	2146120	24	4.3
1527419217.96	4300	59.749255	0.0	2108491	21	4.3
1527419222.31	4300	59.498709	0.0	2184571	23	4.3
1527419226.15	4300	59.747342	0.0	2121928	21	4.3
1527419230.0	4300	59.748643	0.0	2219102	24	4.3
1527419233.85	4300	59.747549	0.0	2124950	18	4.3
1527419237.7	4300	59.998315	0.0	2246506	24	4.3
1527419242.05	4300	59.748178	0.0	1961140	22	4.3
1527419245.9	4300	59.997372	0.0	2155012	23	4.3
1527419247.74	4300	59.679188	0.0	1433658	21	4.3

1527419249.13	750	4	0.023	2354772	7	-0.09889999999999999
1527419249.47	4300	7.965125	0.0	2123065	22	0.75
1527419249.8	4300	11.625986	0.0	2177073	22	4.3
1527419250.15	4300	15.28247	0.0	2160877	26	4.3
1527419250.48	4300	18.946648	0.0	2233056	24	4.3
1527419250.81	4300	22.617455	0.0	1941625	20	4.3
1527419251.14	4300	26.286466	0.0	2157535	22	4.3
1527419251.48	4300	29.955076	0.0	2290172	23	4.3
1527419251.79	4300	33.637179	0.0	2055469	13	4.3
1527419252.13	4300	37.300639	0.0	2169201	24	4.3
1527419252.47	4300	40.961073	0.0	2173522	23	4.3
1527419252.81	4300	44.616586	0.0	2102452	11	4.3
1527419253.15	4300	48.279126	0.0	2209463	25	4.3
1527419253.49	4300	51.945108	0.0	2275376	23	4.3
1527419253.82	4300	55.615831	0.0	2005399	19	4.3
1527419254.15	4300	59.27629	0.0	2152483	22	4.3
1527419257.51	4300	59.999274	0.0	2289689	28	4.3
1527419261.85	4300	59.749522	0.0	2059512	21	4.3
1527419265.7	4300	59.74966	0.0	2220726	24	4.3
1527419270.04	4300	59.498849	0.0	2156729	21	4.3
1527419273.88	4300	59.998895	0.0	2039773	25	4.3
1527419277.73	4300	59.749424	0.0	2176469	21	4.3
1527419281.57	4300	59.998755	0.0	2221506	22	4.3
1527419285.92	4300	59.74912	0.0	2044075	22	4.3
1527419289.77	4300	59.998152	0.0	2186790	19	4.3
1527419293.62	4300	59.998349	0.0	2105231	23	4.3
1527419297.47	4300	59.997792	0.0	2395588	27	4.3
1527419301.8	4300	59.999079	0.0	1972048	19	4.3
1527419306.16	4300	59.747916	0.0	2134614	28	4.3
1527419309.5	4300	59.998518	0.0	2164140	25	4.3
1527419313.84	4300	59.997993	0.0	2113193	20	4.3
1527419317.69	4300	59.997537	0.0	2147852	23	4.3
1527419322.03	4300	59.747984	0.0	2191074	21	4.3
1527419325.88	4300	59.748564	0.0	2286761	23	4.3
1527419329.72	4300	59.748572	0.0	2307787	22	4.3
1527419333.56	4300	59.997488	0.0	2143948	19	4.3
1527419337.91	4300	59.997989	0.0	1919781	23	4.3
1527419341.75	4300	59.747717	0.0	2147467	20	4.3
1527419345.61	4300	59.998464	0.0	2133870	36	4.3
1527419349.46	4300	59.999062	0.0	2146120	24	4.3
1527419353.8	4300	59.749006	0.0	2108491	21	4.3
1527419358.14	4300	59.498239	0.0	2184571	22	4.3
1527419361.49	4300	59.998823	0.0	2121928	24	4.3
1527419365.84	4300	59.998549	0.0	2219102	21	4.3
1527419369.68	4300	59.997635	0.0	2124950	20	4.3
1527419374.04	4300	59.497699	0.0	2246506	24	4.3
1527419377.89	4300	59.749038	0.0	1961140	24	4.3
1527419381.74	4300	59.748395	0.0	2155012	22	4.3
1527419383.57	4300	59.927849	0.0	1433658	15	4.3

1527419384.34	750	4	0.026	2354772	9	-0.11180000000000001
1527419384.68	4300	7.959815	0.0	2123065	26	0.75
1527419385.0	4300	11.636625	0.0	2177073	10	4.3
1527419385.33	4300	15.305962	0.0	2160877	19	4.3
1527419385.67	4300	18.968033	0.0	2233056	25	4.3
1527419385.98	4300	22.649635	0.0	1941625	13	4.3
1527419386.32	4300	26.319154	0.0	2157535	18	4.3
1527419386.66	4300	29.979357	0.0	2290172	28	4.3
1527419386.99	4300	33.644349	0.0	2055469	20	4.3
1527419387.31	4300	37.320481	0.0	2169201	12	4.3
1527419387.64	4300	40.997267	0.0	2173522	11	4.3
1527419387.98	4300	44.654761	0.0	2102452	12	4.3
1527419388.3	4300	48.33801	0.0	2209463	11	4.3
1527419388.61	4300	52.020761	0.0	2275376	11	4.3
1527419388.95	4300	55.688286	0.0	2005399	18	4.3
1527419389.29	4300	59.342669	0.0	2152483	26	4.3
1527419393.12	4300	59.748055	0.0	2289689	13	4.3
1527419396.97	4300	59.999024	0.0	2059512	24	4.3
1527419401.32	4300	59.749065	0.0	2220726	24	4.3
1527419404.67	4300	59.999481	0.0	2156729	23	4.3
1527419409.02	4300	59.749186	0.0	2039773	22	4.3
1527419413.37	4300	59.49851	0.0	2176469	25	4.3
1527419417.23	4300	59.498118	0.0	2221506	26	4.3
1527419421.08	4300	59.748142	0.0	2044075	22	4.3
1527419424.93	4300	59.749421	0.0	2186790	24	4.3
1527419428.78	4300	59.998025	0.0	2105231	23	4.3
1527419433.13	4300	59.74886	0.0	2395588	22	4.3
1527419436.98	4300	59.7489	0.0	1972048	30	4.3
1527419440.83	4300	59.998809	0.0	2134614	24	4.3
1527419444.68	4300	59.998349	0.0	2164140	24	4.3
1527419449.03	4300	59.74939	0.0	2113193	19	4.3
1527419452.87	4300	59.998626	0.0	2147852	24	4.3
