1527516275.22	750	4	0.026	2354772	8	-0.11180000000000001
1527516275.57	4300	7.952459	0.0	2123065	25	0.75
1527516275.91	4300	11.613223	0.0	2177073	25	4.3
1527516276.24	4300	15.279117	0.0	2160877	20	4.3
1527516276.56	4300	18.961957	0.0	2233056	13	4.3
1527516276.89	4300	22.629089	0.0	1941625	24	4.3
1527516277.23	4300	26.296373	0.0	2157535	24	4.3
1527516277.56	4300	29.959809	0.0	2290172	23	4.3
1527516277.91	4300	33.608723	0.0	2055469	23	4.3
1527516278.25	4300	37.272898	0.0	2169201	24	4.3
1527516278.59	4300	40.933416	0.0	2173522	20	4.3
1527516278.93	4300	44.592997	0.0	2102452	13	4.3
1527516279.26	4300	48.262308	0.0	2209463	20	4.3
1527516279.6	4300	51.923368	0.0	2275376	25	4.3
1527516279.93	4300	55.593541	0.0	2005399	19	4.3
1527516280.26	4300	59.259582	0.0	2152483	23	4.3
1527516284.11	4300	59.499209	0.0	2289689	21	4.3
1527516287.96	4300	59.748347	0.0	2059512	24	4.3
1527516291.81	4300	59.749051	0.0	2220726	26	4.3
1527516295.65	4300	59.998026	0.0	2156729	22	4.3
1527516299.98	4300	59.998255	0.0	2039773	13	4.3
1527516303.84	4300	59.748167	0.0	2176469	24	4.3
1527516308.18	4300	59.497993	0.0	2221506	23	4.3
1527516312.03	4300	59.74795	0.0	2044075	23	4.3
1527516315.87	4300	59.998683	0.0	2186790	22	4.3
1527516319.73	4300	59.998539	0.0	2105231	24	4.3
1527516324.08	4300	59.747732	0.0	2395588	28	4.3
1527516327.94	4300	59.748686	0.0	1972048	27	4.3
1527516331.79	4300	59.998517	0.0	2134614	25	4.3
1527516336.14	4300	59.498643	0.0	2164140	24	4.3
1527516339.99	4300	59.748754	0.0	2113193	24	4.3
1527516343.83	4300	59.74949	0.0	2147852	21	4.3
1527516348.18	4300	59.498306	0.0	2191074	20	4.3
1527516352.02	4300	59.748602	0.0	2286761	23	4.3
1527516355.88	4300	59.74836	0.0	2307787	27	4.3
1527516359.73	4300	59.998098	0.0	2143948	23	4.3
1527516364.07	4300	59.497563	0.0	1919781	20	4.3
1527516367.92	4300	59.998884	0.0	2147467	24	4.3
1527516371.77	4300	59.999276	0.0	2133870	35	4.3
1527516375.62	4300	59.999345	0.0	2146120	24	4.3
1527516379.97	4300	59.748231	0.0	2108491	24	4.3
1527516383.82	4300	59.747589	0.0	2184571	25	4.3
1527516387.67	4300	59.998642	0.0	2121928	22	4.3
1527516392.02	4300	59.747514	0.0	2219102	25	4.3
1527516395.87	4300	59.999174	0.0	2124950	26	4.3
1527516399.72	4300	59.99926	0.0	2246506	26	4.3
1527516403.56	4300	59.998783	0.0	1961140	20	4.3
1527516407.9	4300	59.747262	0.0	2155012	20	4.3
1527516409.75	4300	59.677536	0.0	1433658	23	4.3

1527516410.5	750	4	0.014	450283	2	-0.06020000000000003
1527516410.85	4300	7.947755	0.0	2123065	23	0.75
1527516411.17	4300	11.628369	0.0	2177073	11	4.3
1527516411.51	4300	15.290538	0.0	2160877	26	4.3
1527516411.84	4300	18.957528	0.0	2233056	24	4.3
1527516412.17	4300	22.629696	0.0	1941625	20	4.3
1527516412.5	4300	26.297568	0.0	2157535	20	4.3
1527516412.84	4300	29.962075	0.0	2290172	22	4.3
1527516413.16	4300	33.641029	0.0	2055469	15	4.3
1527516413.49	4300	37.308854	0.0	2169201	24	4.3
1527516413.82	4300	40.975079	0.0	2173522	23	4.3
1527516414.16	4300	44.636103	0.0	2102452	21	4.3
1527516414.51	4300	48.28981	0.0	2209463	26	4.3
1527516414.83	4300	51.967011	0.0	2275376	15	4.3
1527516415.16	4300	55.635719	0.0	2005399	17	4.3
1527516415.5	4300	59.301687	0.0	2152483	25	4.3
1527516418.84	4300	59.999297	0.0	2289689	24	4.3
1527516423.19	4300	59.99887	0.0	2059512	24	4.3
1527516427.03	4300	59.999232	0.0	2220726	23	4.3
1527516430.88	4300	59.998767	0.0	2156729	25	4.3
1527516435.22	4300	59.749324	0.0	2039773	23	4.3
1527516439.07	4300	59.748454	0.0	2176469	26	4.3
1527516442.92	4300	59.998712	0.0	2221506	26	4.3
1527516447.27	4300	59.749212	0.0	2044075	19	4.3
1527516451.11	4300	59.748118	0.0	2186790	23	4.3
1527516454.95	4300	59.998388	0.0	2105231	22	4.3
1527516459.3	4300	59.747737	0.0	2395588	24	4.3
1527516463.14	4300	59.998581	0.0	1972048	23	4.3
1527516467.0	4300	59.999127	0.0	2134614	40	4.3
1527516471.35	4300	59.498465	0.0	2164140	25	4.3
1527516475.19	4300	59.998253	0.0	2113193	24	4.3
1527516479.04	4300	59.998231	0.0	2147852	25	4.3
1527516482.88	4300	59.998406	0.0	2191074	22	4.3
1527516487.22	4300	59.997588	0.0	2286761	23	4.3
1527516491.07	4300	59.997468	0.0	2307787	27	4.3
1527516494.91	4300	59.998356	0.0	2143948	23	4.3
1527516499.25	4300	59.748878	0.0	1919781	21	4.3
1527516503.1	4300	59.749021	0.0	2147467	24	4.3
1527516506.94	4300	59.998616	0.0	2133870	24	4.3
1527516511.3	4300	59.998436	0.0	2146120	34	4.3
1527516515.14	4300	59.749057	0.0	2108491	19	4.3
1527516518.99	4300	59.998825	0.0	2184571	23	4.3
1527516522.83	4300	59.998709	0.0	2121928	18	4.3
1527516527.18	4300	59.99886	0.0	2219102	26	4.3
1527516531.03	4300	59.998341	0.0	2124950	27	4.3
1527516535.37	4300	59.498197	0.0	2246506	22	4.3
1527516539.22	4300	59.997764	0.0	1961140	21	4.3
1527516543.07	4300	59.748963	0.0	2155012	23	4.3
1527516544.9	4300	59.928205	0.0	1433658	17	4.3

1527516545.66	750	4	0.024	2354772	9	-0.10319999999999996
1527516546.0	4300	7.959048	0.0	2123065	25	0.75
1527516546.33	4300	11.623396	0.0	2177073	24	4.3
1527516546.66	4300	15.301161	0.0	2160877	13	4.3
1527516546.99	4300	18.961595	0.0	2233056	14	4.3
1527516547.32	4300	22.633585	0.0	1941625	19	4.3
1527516547.65	4300	26.310357	0.0	2157535	17	4.3
1527516547.98	4300	29.979088	0.0	2290172	20	4.3
1527516548.29	4300	33.664373	0.0	2055469	11	4.3
1527516548.62	4300	37.335711	0.0	2169201	17	4.3
1527516548.96	4300	40.995734	0.0	2173522	24	4.3
1527516549.3	4300	44.657513	0.0	2102452	23	4.3
1527516549.62	4300	48.335404	0.0	2209463	15	4.3
1527516549.96	4300	51.998816	0.0	2275376	25	4.3
1527516550.3	4300	55.658814	0.0	2005399	25	4.3
1527516550.63	4300	59.327098	0.0	2152483	20	4.3
1527516553.98	4300	59.998521	0.0	2289689	28	4.3
