1527521050.05	750	4	0.029	2354772	8	-0.12470000000000003
1527521050.41	4300	7.966467	0.0	2123065	18	0.75
1527521050.75	4300	11.634539	0.0	2177073	15	4.3
1527521051.09	4300	15.291078	0.0	2160877	24	4.3
1527521051.43	4300	18.951763	0.0	2233056	25	4.3
1527521051.75	4300	22.631342	0.0	1941625	11	4.3
1527521052.08	4300	26.299474	0.0	2157535	19	4.3
1527521052.42	4300	29.963528	0.0	2290172	25	4.3
1527521052.75	4300	33.630098	0.0	2055469	20	4.3
1527521053.08	4300	37.297775	0.0	2169201	19	4.3
1527521053.43	4300	40.948221	0.0	2173522	25	4.3
1527521053.77	4300	44.607592	0.0	2102452	29	4.3
1527521054.12	4300	48.263147	0.0	2209463	25	4.3
1527521054.46	4300	51.919606	0.0	2275376	25	4.3
1527521054.81	4300	55.591753	0.0	2005399	19	4.3
1527521055.15	4300	59.228615	0.0	2152483	14	4.3
1527521058.49	4300	59.999155	0.0	2289689	20	4.3
1527521062.84	4300	59.99932	0.0	2059512	21	4.3
1527521066.69	4300	59.748327	0.0	2220726	24	4.3
1527521070.54	4300	59.999304	0.0	2156729	21	4.3
1527521074.88	4300	59.499451	0.0	2039773	19	4.3
1527521078.73	4300	59.749107	0.0	2176469	24	4.3
1527521083.07	4300	59.747777	0.0	2221506	21	4.3
1527521086.92	4300	59.748768	0.0	2044075	21	4.3
1527521090.76	4300	59.749528	0.0	2186790	20	4.3
1527521094.6	4300	59.998759	0.0	2105231	19	4.3
1527521098.46	4300	59.999214	0.0	2395588	21	4.3
1527521102.81	4300	59.997781	0.0	1972048	20	4.3
1527521106.65	4300	59.748672	0.0	2134614	26	4.3
1527521110.5	4300	59.999341	0.0	2164140	22	4.3
1527521114.85	4300	59.749511	0.0	2113193	24	4.3
1527521118.71	4300	59.749273	0.0	2147852	23	4.3
1527521123.06	4300	59.499025	0.0	2191074	25	4.3
1527521126.41	4300	59.99918	0.0	2286761	25	4.3
1527521130.77	4300	59.748054	0.0	2307787	27	4.3
1527521135.11	4300	59.748242	0.0	2143948	24	4.3
1527521138.96	4300	59.747815	0.0	1919781	21	4.3
1527521142.81	4300	59.747864	0.0	2147467	24	4.3
1527521146.66	4300	59.749067	0.0	2133870	36	4.3
1527521150.52	4300	59.99894	0.0	2146120	23	4.3
1527521154.86	4300	59.748019	0.0	2108491	22	4.3
1527521158.71	4300	59.997777	0.0	2184571	23	4.3
1527521163.06	4300	59.497713	0.0	2121928	21	4.3
1527521166.4	4300	59.997509	0.0	2219102	23	4.3
1527521170.76	4300	59.74838	0.0	2124950	23	4.3
1527521174.61	4300	59.997188	0.0	2246506	25	4.3
1527521178.45	4300	59.998777	0.0	1961140	20	4.3
1527521182.8	4300	59.747307	0.0	2155012	22	4.3
1527521184.63	4300	59.679231	0.0	1433658	18	4.3

1527521185.4	750	4	0.018	668286	2	-0.07740000000000002
1527521185.75	4300	7.955499	0.0	2123065	16	0.75
1527521186.08	4300	11.621057	0.0	2177073	19	4.3
1527521186.41	4300	15.289266	0.0	2160877	16	4.3
1527521186.77	4300	18.931168	0.0	2233056	37	4.3
1527521187.11	4300	22.5925	0.0	1941625	22	4.3
1527521187.45	4300	26.255209	0.0	2157535	24	4.3
1527521187.78	4300	29.921914	0.0	2290172	21	4.3
1527521188.11	4300	33.591378	0.0	2055469	19	4.3
1527521188.45	4300	37.256675	0.0	2169201	22	4.3
1527521188.78	4300	40.924898	0.0	2173522	19	4.3
1527521189.12	4300	44.583565	0.0	2102452	24	4.3
1527521189.46	4300	48.238636	0.0	2209463	25	4.3
1527521189.82	4300	51.886145	0.0	2275376	23	4.3
1527521190.15	4300	55.548601	0.0	2005399	22	4.3
1527521190.5	4300	59.207465	0.0	2152483	23	4.3
1527521193.85	4300	59.999198	0.0	2289689	27	4.3
1527521198.19	4300	59.998511	0.0	2059512	18	4.3
1527521202.03	4300	59.747604	0.0	2220726	20	4.3
1527521205.87	4300	59.998039	0.0	2156729	17	4.3
1527521210.21	4300	59.498702	0.0	2039773	23	4.3
1527521214.06	4300	59.999	0.0	2176469	25	4.3
1527521218.41	4300	59.748621	0.0	2221506	22	4.3
1527521222.25	4300	59.749253	0.0	2044075	23	4.3
1527521226.09	4300	59.748652	0.0	2186790	17	4.3
1527521229.93	4300	59.999243	0.0	2105231	23	4.3
1527521233.78	4300	59.999329	0.0	2395588	22	4.3
1527521238.13	4300	59.749282	0.0	1972048	21	4.3
1527521241.99	4300	59.99842	0.0	2134614	38	4.3
1527521245.83	4300	59.998455	0.0	2164140	22	4.3
1527521250.18	4300	59.747665	0.0	2113193	21	4.3
1527521254.02	4300	59.998641	0.0	2147852	23	4.3
1527521257.87	4300	59.99876	0.0	2191074	23	4.3
1527521261.73	4300	59.998521	0.0	2286761	26	4.3
1527521266.07	4300	59.998936	0.0	2307787	24	4.3
1527521270.42	4300	59.497724	0.0	2143948	25	4.3
1527521273.77	4300	59.998567	0.0	1919781	22	4.3
1527521278.11	4300	59.747753	0.0	2147467	18	4.3
1527521282.45	4300	59.48675	0.0	2133870	22	4.3
1527521286.3	4300	59.497546	0.0	2146120	22	4.3
1527521290.15	4300	59.998705	0.0	2108491	21	4.3
1527521294.04	4300	59.748397	0.0	2184571	24	4.3
1527521298.39	4300	59.747548	0.0	2121928	23	4.3
1527521301.74	4300	59.9994	0.0	2219102	24	4.3
1527521306.09	4300	59.748878	0.0	2124950	25	4.3
1527521309.94	4300	59.999221	0.0	2246506	25	4.3
1527521313.79	4300	59.998513	0.0	1961140	23	4.3
1527521318.14	4300	59.748703	0.0	2155012	25	4.3
1527521319.48	4300	59.929101	0.0	1433658	17	4.3

1527521320.26	750	4	0.019	668286	2	-0.0817
1527521320.61	4300	7.954278	0.0	2123065	13	0.75
1527521320.96	4300	11.601214	0.0	2177073	30	4.3
1527521321.28	4300	15.281768	0.0	2160877	9	4.3
1527521321.61	4300	18.945035	0.0	2233056	25	4.3
1527521321.94	4300	22.614909	0.0	1941625	19	4.3
1527521322.28	4300	26.275345	0.0	2157535	21	4.3
1527521322.63	4300	29.931316	0.0	2290172	25	4.3
1527521322.96	4300	33.595627	0.0	2055469	23	4.3
1527521323.3	4300	37.258343	0.0	2169201	21	4.3
1527521323.65	4300	40.913019	0.0	2173522	23	4.3
1527521323.99	4300	44.574205	0.0	2102452	24	4.3
1527521324.32	4300	48.237135	0.0	2209463	20	4.3
1527521324.68	4300	51.878208	0.0	2275376	37	4.3
1527521325.02	4300	55.534829	0.0	2005399	23	4.3
1527521325.36	4300	59.196453	0.0	2152483	25	4.3
1527521328.71	4300	59.997808	0.0	2289689	22	4.3
1527521333.05	4300	59.998124	0.0	2059512	22	4.3
1527521336.91	4300	59.749659	0.0	2220726	25	4.3
1527521341.26	4300	59.749042	0.0	2156729	22	4.3
1527521345.1	4300	59.747904	0.0	2039773	23	4.3
1527521348.95	4300	59.99807	0.0	2176469	21	4.3
1527521352.81	4300	59.99813	0.0	2221506	24	4.3
1527521357.16	4300	59.497877	0.0	2044075	23	4.3
1527521361.01	4300	59.74787	0.0	2186790	23	4.3
1527521364.85	4300	59.74904	0.0	2105231	21	4.3
1527521368.71	4300	59.998642	0.0	2395588	26	4.3
1527521373.06	4300	59.749055	0.0	1972048	21	4.3
1527521376.92	4300	59.748572	0.0	2134614	31	4.3
1527521380.77	4300	59.999197	0.0	2164140	24	4.3
1527521385.12	4300	59.747786	0.0	2113193	21	4.3
