1527384816.95	750	4	0.03	2354772	9	-0.129
1527384817.32	4300	7.962945	0.0	2123065	17	0.75
1527384817.67	4300	11.61453	0.0	2177073	23	4.3
1527384818.01	4300	15.274855	0.0	2160877	24	4.3
1527384818.34	4300	18.940305	0.0	2233056	19	4.3
1527384818.68	4300	22.599006	0.0	1941625	21	4.3
1527384819.02	4300	26.261068	0.0	2157535	25	4.3
1527384819.36	4300	29.922922	0.0	2290172	21	4.3
1527384819.7	4300	33.579628	0.0	2055469	23	4.3
1527384820.04	4300	37.240843	0.0	2169201	25	4.3
1527384820.38	4300	40.900288	0.0	2173522	22	4.3
1527384820.72	4300	44.564553	0.0	2102452	11	4.3
1527384821.06	4300	48.224865	0.0	2209463	26	4.3
1527384821.39	4300	51.888325	0.0	2275376	23	4.3
1527384821.7	4300	55.579038	0.0	2005399	7	4.3
1527384822.04	4300	59.236773	0.0	2152483	24	4.3
1527384825.89	4300	59.748784	0.0	2289689	26	4.3
1527384829.73	4300	59.74767	0.0	2059512	20	4.3
1527384833.55	4300	59.749432	0.0	2220726	6	4.3
1527384837.4	4300	59.999157	0.0	2156729	19	4.3
1527384841.75	4300	59.748666	0.0	2039773	24	4.3
1527384845.6	4300	59.998322	0.0	2176469	24	4.3
1527384849.45	4300	59.998745	0.0	2221506	23	4.3
1527384853.3	4300	59.998689	0.0	2044075	23	4.3
1527384857.65	4300	59.748242	0.0	2186790	25	4.3
1527384861.5	4300	59.998168	0.0	2105231	25	4.3
1527384865.85	4300	59.749146	0.0	2395588	23	4.3
1527384869.71	4300	59.997974	0.0	1972048	33	4.3
1527384873.56	4300	59.748281	0.0	2134614	24	4.3
1527384877.4	4300	59.999012	0.0	2164140	22	4.3
1527384881.75	4300	59.998965	0.0	2113193	20	4.3
1527384885.6	4300	59.997731	0.0	2147852	22	4.3
1527384889.95	4300	59.748508	0.0	2191074	24	4.3
1527384893.3	4300	59.997661	0.0	2286761	25	4.3
1527384897.65	4300	59.997781	0.0	2307787	20	4.3
1527384901.5	4300	59.99774	0.0	2143948	21	4.3
1527384905.35	4300	59.998017	0.0	1919781	21	4.3
1527384909.7	4300	59.749419	0.0	2147467	23	4.3
1527384913.56	4300	59.749041	0.0	2133870	34	4.3
1527384917.41	4300	59.998384	0.0	2146120	25	4.3
1527384921.76	4300	59.748642	0.0	2108491	22	4.3
1527384925.61	4300	59.749244	0.0	2184571	24	4.3
1527384929.46	4300	59.999373	0.0	2121928	19	4.3
1527384933.32	4300	59.99902	0.0	2219102	27	4.3
1527384937.67	4300	59.748935	0.0	2124950	22	4.3
1527384941.51	4300	59.997979	0.0	2246506	22	4.3
1527384945.86	4300	59.748039	0.0	1961140	19	4.3
1527384949.71	4300	59.748909	0.0	2155012	24	4.3
1527384951.54	4300	59.67793	0.0	1433658	15	4.3

1527384952.29	750	4	0.017	668286	3	-0.07309999999999994
1527384952.63	4300	7.955312	0.0	2123065	13	0.75
1527384952.99	4300	11.606143	0.0	2177073	19	4.3
1527384953.32	4300	15.274145	0.0	2160877	17	4.3
1527384953.66	4300	18.931438	0.0	2233056	23	4.3
1527384954.0	4300	22.591232	0.0	1941625	22	4.3
1527384954.33	4300	26.259224	0.0	2157535	18	4.3
1527384954.67	4300	29.916489	0.0	2290172	23	4.3
1527384955.01	4300	33.581043	0.0	2055469	23	4.3
1527384955.34	4300	37.245894	0.0	2169201	22	4.3
1527384955.68	4300	40.912144	0.0	2173522	21	4.3
1527384956.01	4300	44.58077	0.0	2102452	20	4.3
1527384956.35	4300	48.236693	0.0	2209463	25	4.3
1527384956.7	4300	51.885575	0.0	2275376	30	4.3
1527384957.04	4300	55.546843	0.0	2005399	22	4.3
1527384957.38	4300	59.209097	0.0	2152483	25	4.3
1527384961.23	4300	59.749076	0.0	2289689	22	4.3
1527384965.07	4300	59.749186	0.0	2059512	18	4.3
1527384968.92	4300	59.998068	0.0	2220726	25	4.3
1527384973.28	4300	59.499622	0.0	2156729	23	4.3
1527384977.12	4300	59.749412	0.0	2039773	23	4.3
1527384980.97	4300	59.998497	0.0	2176469	20	4.3
1527384985.33	4300	59.499446	0.0	2221506	25	4.3
1527384988.67	4300	59.998017	0.0	2044075	22	4.3
1527384993.02	4300	59.998787	0.0	2186790	21	4.3
1527384996.86	4300	59.998389	0.0	2105231	22	4.3
1527385000.71	4300	59.999186	0.0	2395588	23	4.3
1527385005.06	4300	59.999192	0.0	1972048	23	4.3
1527385008.94	4300	59.749366	0.0	2134614	44	4.3
1527385012.79	4300	59.997653	0.0	2164140	22	4.3
1527385016.64	4300	59.997897	0.0	2113193	23	4.3
1527385020.98	4300	59.748999	0.0	2147852	21	4.3
1527385025.33	4300	59.748737	0.0	2191074	23	4.3
1527385029.18	4300	59.498505	0.0	2286761	23	4.3
1527385033.02	4300	59.749125	0.0	2307787	20	4.3
1527385036.88	4300	59.749017	0.0	2143948	25	4.3
1527385041.23	4300	59.498617	0.0	1919781	21	4.3
1527385045.08	4300	59.999067	0.0	2147467	23	4.3
1527385048.93	4300	59.998125	0.0	2133870	19	4.3
1527385052.8	4300	59.99782	0.0	2146120	41	4.3
1527385056.65	4300	59.997714	0.0	2108491	25	4.3
1527385061.0	4300	59.748872	0.0	2184571	23	4.3
1527385064.85	4300	59.747871	0.0	2121928	24	4.3
1527385068.7	4300	59.999144	0.0	2219102	19	4.3
1527385073.05	4300	59.747687	0.0	2124950	22	4.3
1527385076.9	4300	59.998301	0.0	2246506	27	4.3
1527385081.25	4300	59.748227	0.0	1961140	21	4.3
1527385085.1	4300	59.498292	0.0	2155012	22	4.3
1527385086.94	4300	59.42834	0.0	1433658	15	4.3

1527385087.7	750	4	0.019	668286	3	-0.0817
1527385088.05	4300	7.953495	0.0	2123065	16	0.75
1527385088.39	4300	11.608095	0.0	2177073	24	4.3
1527385088.73	4300	15.271906	0.0	2160877	21	4.3
1527385089.06	4300	18.938374	0.0	2233056	20	4.3
1527385089.4	4300	22.597124	0.0	1941625	20	4.3
1527385089.75	4300	26.245512	0.0	2157535	39	4.3
1527385090.1	4300	29.898934	0.0	2290172	26	4.3
1527385090.44	4300	33.563339	0.0	2055469	22	4.3
1527385090.77	4300	37.228072	0.0	2169201	21	4.3
1527385091.12	4300	40.881573	0.0	2173522	24	4.3
1527385091.45	4300	44.545677	0.0	2102452	23	4.3
1527385091.79	4300	48.20919	0.0	2209463	23	4.3
1527385092.14	4300	51.862883	0.0	2275376	18	4.3
1527385092.48	4300	55.5201	0.0	2005399	23	4.3
1527385092.82	4300	59.179956	0.0	2152483	24	4.3
1527385096.67	4300	59.499098	0.0	2289689	25	4.3
1527385100.52	4300	59.498706	0.0	2059512	21	4.3
1527385104.37	4300	59.9986	0.0	2220726	20	4.3
1527385108.72	4300	59.497715	0.0	2156729	24	4.3
1527385112.57	4300	59.499495	0.0	2039773	23	4.3
1527385116.42	4300	59.998612	0.0	2176469	24	4.3
1527385120.26	4300	59.998677	0.0	2221506	21	4.3
1527385124.62	4300	59.499449	0.0	2044075	21	4.3
1527385128.47	4300	59.748742	0.0	2186790	24	4.3
1527385132.32	4300	59.748263	0.0	2105231	22	4.3
1527385136.67	4300	59.498743	0.0	2395588	22	4.3
1527385140.02	4300	59.998684	0.0	1972048	21	4.3
1527385144.37	4300	59.748948	0.0	2134614	25	4.3
1527385148.22	4300	59.997827	0.0	2164140	24	4.3
1527385152.07	4300	59.998027	0.0	2113193	18	4.3
