1527425858.65	750	4	0.013	450283	3	-0.05589999999999995
1527425859.03	4300	7.968465	0.0	2123065	13	0.75
1527425859.42	4300	11.574107	0.0	2177073	23	4.3
1527425859.81	4300	15.184874	0.0	2160877	26	4.3
1527425860.19	4300	18.807228	0.0	2233056	17	4.3
1527425860.57	4300	22.427374	0.0	1941625	19	4.3
1527425860.95	4300	26.051622	0.0	2157535	12	4.3
1527425861.33	4300	29.669398	0.0	2290172	20	4.3
1527425861.71	4300	33.288703	0.0	2055469	21	4.3
1527425862.09	4300	36.902232	0.0	2169201	25	4.3
1527425862.48	4300	40.510851	0.0	2173522	25	4.3
1527425862.88	4300	44.123259	0.0	2102452	24	4.3
1527425863.27	4300	47.727041	0.0	2209463	29	4.3
1527425863.66	4300	51.333223	0.0	2275376	33	4.3
1527425864.04	4300	54.961386	0.0	2005399	13	4.3
1527425864.42	4300	58.581795	0.0	2152483	19	4.3
1527425867.3	4300	59.749351	0.0	2289689	23	4.3
1527425871.71	4300	59.499462	0.0	2059512	23	4.3
1527425875.11	4300	59.99932	0.0	2220726	32	4.3
1527425879.5	4300	59.749354	0.0	2156729	18	4.3
1527425883.4	4300	59.999378	0.0	2039773	23	4.3
1527425887.29	4300	59.748831	0.0	2176469	24	4.3
1527425891.69	4300	59.747884	0.0	2221506	24	4.3
1527425895.08	4300	59.998049	0.0	2044075	16	4.3
1527425899.49	4300	59.749227	0.0	2186790	23	4.3
1527425903.38	4300	59.749324	0.0	2105231	19	4.3
1527425907.28	4300	59.748091	0.0	2395588	26	4.3
1527425911.68	4300	59.748694	0.0	1972048	19	4.3
1527425915.08	4300	59.998689	0.0	2134614	36	4.3
1527425919.48	4300	59.747788	0.0	2164140	24	4.3
1527425923.39	4300	59.747869	0.0	2113193	22	4.3
1527425927.29	4300	59.998754	0.0	2147852	25	4.3
1527425931.69	4300	59.748774	0.0	2191074	23	4.3
1527425935.09	4300	59.998056	0.0	2286761	25	4.3
1527425939.49	4300	59.748827	0.0	2307787	23	4.3
1527425943.39	4300	59.748827	0.0	2143948	23	4.3
1527425947.29	4300	59.747496	0.0	1919781	21	4.3
1527425951.19	4300	59.998969	0.0	2147467	24	4.3
1527425955.1	4300	59.998543	0.0	2133870	25	4.3
1527425959.51	4300	59.748543	0.0	2146120	38	4.3
1527425963.42	4300	59.749023	0.0	2108491	23	4.3
1527425967.32	4300	59.998523	0.0	2184571	31	4.3
1527425971.72	4300	59.498648	0.0	2121928	18	4.3
1527425975.12	4300	59.999054	0.0	2219102	24	4.3
1527425979.01	4300	59.998017	0.0	2124950	22	4.3
1527425983.39	4300	59.999044	0.0	2246506	19	4.3
1527425987.26	4300	59.74828	0.0	1961140	20	4.3
1527425991.63	4300	59.748352	0.0	2155012	22	4.3
1527425992.97	4300	59.928359	0.0	1433658	16	4.3

1527425993.74	750	4	0.017	668286	2	-0.07309999999999994
1527425994.14	4300	7.958186	0.0	2123065	15	0.75
1527425994.52	4300	11.575782	0.0	2177073	20	4.3
1527425994.91	4300	15.189334	0.0	2160877	26	4.3
1527425995.3	4300	18.801625	0.0	2233056	25	4.3
1527425995.69	4300	22.410228	0.0	1941625	21	4.3
1527425996.08	4300	26.014507	0.0	2157535	34	4.3
1527425996.47	4300	29.62891	0.0	2290172	26	4.3
1527425996.85	4300	33.242297	0.0	2055469	24	4.3
1527425997.24	4300	36.854385	0.0	2169201	25	4.3
1527425997.62	4300	40.47863	0.0	2173522	19	4.3
1527425998.0	4300	44.097426	0.0	2102452	24	4.3
1527425998.39	4300	47.70922	0.0	2209463	27	4.3
1527425998.78	4300	51.321355	0.0	2275376	25	4.3
1527425999.17	4300	54.929063	0.0	2005399	21	4.3
1527425999.56	4300	58.537643	0.0	2152483	19	4.3
1527426002.46	4300	59.748958	0.0	2289689	26	4.3
1527426006.36	4300	59.748972	0.0	2059512	22	4.3
1527426010.26	4300	59.998918	0.0	2220726	25	4.3
1527426014.66	4300	59.498878	0.0	2156729	22	4.3
1527426018.56	4300	59.749109	0.0	2039773	18	4.3
1527426022.45	4300	59.749408	0.0	2176469	24	4.3
1527426026.35	4300	59.747867	0.0	2221506	24	4.3
1527426030.75	4300	59.748225	0.0	2044075	24	4.3
1527426034.15	4300	59.998338	0.0	2186790	24	4.3
1527426038.55	4300	59.998463	0.0	2105231	23	4.3
1527426042.46	4300	59.749637	0.0	2395588	27	4.3
1527426046.36	4300	59.748539	0.0	1972048	21	4.3
1527426050.26	4300	59.998575	0.0	2134614	24	4.3
1527426054.67	4300	59.747859	0.0	2164140	23	4.3
1527426058.57	4300	59.997906	0.0	2113193	25	4.3
1527426062.47	4300	59.998242	0.0	2147852	25	4.3
1527426066.37	4300	59.748885	0.0	2191074	25	4.3
1527426070.77	4300	59.498946	0.0	2286761	27	4.3
1527426074.67	4300	59.498743	0.0	2307787	26	4.3
1527426078.59	4300	59.998226	0.0	2143948	21	4.3
1527426082.48	4300	59.749282	0.0	1919781	20	4.3
1527426086.38	4300	59.999428	0.0	2147467	23	4.3
1527426090.77	4300	59.498511	0.0	2133870	25	4.3
1527426094.18	4300	59.99916	0.0	2146120	44	4.3
1527426098.11	4300	59.9987	0.0	2108491	24	4.3
1527426102.52	4300	59.998301	0.0	2184571	25	4.3
1527426106.43	4300	59.997956	0.0	2121928	18	4.3
1527426110.35	4300	59.998236	0.0	2219102	24	4.3
1527426114.76	4300	59.7485	0.0	2124950	23	4.3
1527426118.15	4300	59.999012	0.0	2246506	26	4.3
1527426122.52	4300	59.748282	0.0	1961140	20	4.3
1527426126.4	4300	59.747676	0.0	2155012	23	4.3
1527426128.24	4300	59.656944	0.0	1433658	12	4.3

1527426129.03	750	4	0.018	668286	2	-0.07740000000000002
1527426129.43	4300	7.954171	0.0	2123065	15	0.75
1527426129.83	4300	11.547106	0.0	2177073	45	4.3
1527426130.22	4300	15.165324	0.0	2160877	15	4.3
1527426130.59	4300	18.7879	0.0	2233056	13	4.3
1527426130.97	4300	22.411152	0.0	1941625	17	4.3
1527426131.35	4300	26.029007	0.0	2157535	24	4.3
1527426131.72	4300	29.658795	0.0	2290172	14	4.3
1527426132.11	4300	33.271926	0.0	2055469	21	4.3
1527426132.49	4300	36.88813	0.0	2169201	23	4.3
1527426132.88	4300	40.500675	0.0	2173522	25	4.3
1527426133.27	4300	44.10958	0.0	2102452	23	4.3
1527426133.66	4300	47.720345	0.0	2209463	25	4.3
1527426134.07	4300	51.315799	0.0	2275376	37	4.3
1527426134.44	4300	54.935916	0.0	2005399	20	4.3
1527426134.83	4300	58.548114	0.0	2152483	25	4.3
1527426137.7	4300	59.998757	0.0	2289689	14	4.3
1527426142.11	4300	59.748954	0.0	2059512	24	4.3
1527426146.01	4300	59.749162	0.0	2220726	34	4.3
1527426149.41	4300	59.998969	0.0	2156729	25	4.3
1527426153.8	4300	59.749221	0.0	2039773	15	4.3
1527426157.69	4300	59.748274	0.0	2176469	23	4.3
1527426162.09	4300	59.749744	0.0	2221506	26	4.3
1527426165.49	4300	59.999246	0.0	2044075	23	4.3
1527426169.89	4300	59.748716	0.0	2186790	24	4.3
1527426173.78	4300	59.748993	0.0	2105231	19	4.3
1527426177.68	4300	59.748097	0.0	2395588	23	4.3
1527426181.57	4300	59.998414	0.0	1972048	21	4.3
1527426185.97	4300	59.498119	0.0	2134614	25	4.3
1527426189.88	4300	59.748433	0.0	2164140	23	4.3
1527426193.76	4300	59.998523	0.0	2113193	17	4.3
1527426197.66	4300	59.998065	0.0	2147852	22	4.3
1527426201.55	4300	59.99891	0.0	2191074	24	4.3
1527426205.95	4300	59.748171	0.0	2286761	25	4.3
1527426209.85	4300	59.748634	0.0	2307787	26	4.3
1527426213.76	4300	59.99801	0.0	2143948	24	4.3
1527426217.64	4300	59.747877	0.0	1919781	16	4.3
