1527543261.53	750	4	0.024	2354772	7	-0.10319999999999996
1527543261.91	4300	7.959813	0.0	2123065	23	0.75
1527543262.3	4300	11.568858	0.0	2177073	26	4.3
1527543262.69	4300	15.179996	0.0	2160877	24	4.3
1527543263.08	4300	18.788968	0.0	2233056	26	4.3
1527543263.47	4300	22.402572	0.0	1941625	24	4.3
1527543263.86	4300	26.012774	0.0	2157535	22	4.3
1527543264.25	4300	29.619259	0.0	2290172	26	4.3
1527543264.65	4300	33.225879	0.0	2055469	22	4.3
1527543265.05	4300	36.827298	0.0	2169201	19	4.3
1527543265.43	4300	40.440188	0.0	2173522	23	4.3
1527543265.82	4300	44.050553	0.0	2102452	30	4.3
1527543266.23	4300	47.681577	0.0	2209463	15	4.3
1527543266.62	4300	51.255798	0.0	2275376	16	4.3
1527543267.01	4300	54.866446	0.0	2005399	23	4.3
1527543267.4	4300	58.471785	0.0	2152483	25	4.3
1527543270.3	4300	59.998678	0.0	2289689	26	4.3
1527543274.21	4300	59.74914	0.0	2059512	21	4.3
1527543278.62	4300	59.747838	0.0	2220726	33	4.3
1527543282.53	4300	59.749314	0.0	2156729	23	4.3
1527543286.42	4300	59.748665	0.0	2039773	23	4.3
1527543290.32	4300	59.997995	0.0	2176469	24	4.3
1527543294.23	4300	59.998878	0.0	2221506	26	4.3
1527543298.13	4300	59.998078	0.0	2044075	22	4.3
1527543302.03	4300	59.99889	0.0	2186790	23	4.3
1527543306.43	4300	59.498407	0.0	2105231	23	4.3
1527543310.84	4300	59.248414	0.0	2395588	27	4.3
1527543314.22	4300	59.997674	0.0	1972048	15	4.3
1527543318.14	4300	59.99854	0.0	2134614	23	4.3
1527543322.54	4300	59.747895	0.0	2164140	24	4.3
1527543325.94	4300	59.99905	0.0	2113193	37	4.3
1527543330.34	4300	59.749018	0.0	2147852	18	4.3
1527543334.24	4300	59.998827	0.0	2191074	24	4.3
1527543338.15	4300	59.74933	0.0	2286761	30	4.3
1527543342.04	4300	59.998419	0.0	2307787	25	4.3
1527543346.44	4300	59.748724	0.0	2143948	25	4.3
1527543350.35	4300	59.99771	0.0	1919781	15	4.3
1527543354.25	4300	59.998976	0.0	2147467	23	4.3
1527543358.15	4300	59.749306	0.0	2133870	24	4.3
1527543362.55	4300	59.749119	0.0	2146120	23	4.3
1527543365.95	4300	59.998508	0.0	2108491	19	4.3
1527543370.33	4300	59.749353	0.0	2184571	17	4.3
1527543374.24	4300	59.997955	0.0	2121928	22	4.3
1527543378.14	4300	59.748633	0.0	2219102	27	4.3
1527543382.54	4300	59.748094	0.0	2124950	25	4.3
1527543385.93	4300	59.99923	0.0	2246506	24	4.3
1527543390.31	4300	59.747933	0.0	1961140	22	4.3
1527543394.17	4300	59.998946	0.0	2155012	17	4.3
1527543396.02	4300	59.671006	0.0	1433658	17	4.3

1527543396.81	750	4	0.019	668286	5	-0.0817
1527543397.21	4300	7.953747	0.0	2123065	13	0.75
1527543397.59	4300	11.568654	0.0	2177073	20	4.3
1527543397.97	4300	15.187421	0.0	2160877	22	4.3
1527543398.36	4300	18.796864	0.0	2233056	22	4.3
1527543398.75	4300	22.414791	0.0	1941625	20	4.3
1527543399.14	4300	26.024775	0.0	2157535	24	4.3
1527543399.54	4300	29.620717	0.0	2290172	32	4.3
1527543399.92	4300	33.239548	0.0	2055469	21	4.3
1527543400.33	4300	36.833911	0.0	2169201	15	4.3
1527543400.73	4300	40.430793	0.0	2173522	22	4.3
1527543401.11	4300	44.04824	0.0	2102452	16	4.3
1527543401.49	4300	47.666044	0.0	2209463	19	4.3
1527543401.88	4300	51.276337	0.0	2275376	20	4.3
1527543402.26	4300	54.899483	0.0	2005399	20	4.3
1527543402.64	4300	58.519867	0.0	2152483	16	4.3
1527543405.54	4300	59.99914	0.0	2289689	25	4.3
1527543409.44	4300	59.749465	0.0	2059512	20	4.3
1527543413.33	4300	59.999437	0.0	2220726	22	4.3
1527543417.22	4300	59.998067	0.0	2156729	13	4.3
1527543422.13	4300	59.248977	0.0	2039773	23	4.3
1527543425.52	4300	59.748099	0.0	2176469	22	4.3
1527543429.41	4300	59.998895	0.0	2221506	22	4.3
1527543433.32	4300	59.999207	0.0	2044075	23	4.3
1527543437.71	4300	59.49906	0.0	2186790	24	4.3
1527543441.61	4300	59.749668	0.0	2105231	25	4.3
1527543445.52	4300	59.997938	0.0	2395588	27	4.3
1527543449.47	4300	59.999192	0.0	1972048	23	4.3
1527543453.37	4300	59.999134	0.0	2134614	24	4.3
1527543457.78	4300	59.749413	0.0	2164140	24	4.3
1527543461.17	4300	59.998969	0.0	2113193	18	4.3
1527543465.56	4300	59.74875	0.0	2147852	20	4.3
1527543469.46	4300	59.749542	0.0	2191074	22	4.3
1527543473.86	4300	59.748425	0.0	2286761	24	4.3
1527543477.26	4300	59.998683	0.0	2307787	24	4.3
1527543481.65	4300	59.747821	0.0	2143948	22	4.3
1527543485.56	4300	59.748656	0.0	1919781	21	4.3
1527543489.48	4300	59.748275	0.0	2147467	21	4.3
1527543493.36	4300	59.99795	0.0	2133870	11	4.3
1527543497.27	4300	59.998585	0.0	2146120	17	4.3
1527543501.17	4300	59.999223	0.0	2108491	23	4.3
1527543505.57	4300	59.749572	0.0	2184571	23	4.3
1527543509.46	4300	59.998857	0.0	2121928	17	4.3
1527543513.36	4300	59.998732	0.0	2219102	23	4.3
1527543517.25	4300	59.998211	0.0	2124950	20	4.3
1527543521.63	4300	59.748329	0.0	2246506	18	4.3
1527543525.51	4300	59.748183	0.0	1961140	18	4.3
1527543529.87	4300	59.499017	0.0	2155012	22	4.3
1527543531.22	4300	59.928152	0.0	1433658	17	4.3

1527543532.0	750	4	0.016	668286	4	-0.06879999999999997
1527543532.4	4300	7.947707	0.0	2123065	23	0.75
1527543532.79	4300	11.558734	0.0	2177073	27	4.3
1527543533.18	4300	15.171838	0.0	2160877	24	4.3
1527543533.57	4300	18.782661	0.0	2233056	24	4.3
1527543533.96	4300	22.386821	0.0	1941625	22	4.3
1527543534.36	4300	25.995926	0.0	2157535	15	4.3
1527543534.74	4300	29.607698	0.0	2290172	26	4.3
1527543535.13	4300	33.224041	0.0	2055469	23	4.3
1527543535.5	4300	36.848798	0.0	2169201	15	4.3
1527543535.88	4300	40.467754	0.0	2173522	23	4.3
1527543536.28	4300	44.075215	0.0	2102452	25	4.3
1527543536.66	4300	47.694978	0.0	2209463	20	4.3
1527543537.05	4300	51.302818	0.0	2275376	26	4.3
1527543537.43	4300	54.916533	0.0	2005399	21	4.3
1527543537.84	4300	58.509736	0.0	2152483	39	4.3
1527543540.75	4300	59.748863	0.0	2289689	25	4.3
1527543544.65	4300	59.998704	0.0	2059512	20	4.3
1527543548.54	4300	59.997986	0.0	2220726	23	4.3
1527543552.94	4300	59.498724	0.0	2156729	25	4.3
1527543556.83	4300	59.998005	0.0	2039773	20	4.3
1527543560.74	4300	59.749197	0.0	2176469	25	4.3
1527543564.65	4300	59.99793	0.0	2221506	23	4.3
1527543568.55	4300	59.998975	0.0	2044075	20	4.3
1527543572.45	4300	59.998302	0.0	2186790	25	4.3
1527543576.85	4300	59.749473	0.0	2105231	22	4.3
1527543580.75	4300	59.748758	0.0	2395588	26	4.3
1527543584.65	4300	59.749013	0.0	1972048	20	4.3
1527543588.56	4300	59.999399	0.0	2134614	23	4.3
1527543592.46	4300	59.998726	0.0	2164140	24	4.3
1527543596.86	4300	59.499063	0.0	2113193	23	4.3
1527543600.75	4300	59.747995	0.0	2147852	19	4.3
1527543604.65	4300	59.748315	0.0	2191074	22	4.3
1527543608.54	4300	59.999446	0.0	2286761	23	4.3
