1527510384.78	750	4	0.016	450283	2	-0.06879999999999997
1527510385.12	4300	7.952479	0.0	2123065	20	0.75
1527510385.45	4300	11.628632	0.0	2177073	16	4.3
1527510385.77	4300	15.306341	0.0	2160877	15	4.3
1527510386.11	4300	18.968825	0.0	2233056	26	4.3
1527510386.43	4300	22.649974	0.0	1941625	14	4.3
1527510386.75	4300	26.327636	0.0	2157535	14	4.3
1527510387.07	4300	30.002355	0.0	2290172	16	4.3
1527510387.4	4300	33.680645	0.0	2055469	14	4.3
1527510387.72	4300	37.357067	0.0	2169201	16	4.3
1527510388.04	4300	41.036126	0.0	2173522	15	4.3
1527510388.36	4300	44.719604	0.0	2102452	14	4.3
1527510388.71	4300	48.367684	0.0	2209463	37	4.3
1527510389.03	4300	52.049607	0.0	2275376	11	4.3
1527510389.37	4300	55.704928	0.0	2005399	25	4.3
1527510389.69	4300	59.387853	0.0	2152483	10	4.3
1527510393.54	4300	59.747776	0.0	2289689	28	4.3
1527510397.38	4300	59.749423	0.0	2059512	23	4.3
1527510401.74	4300	59.748793	0.0	2220726	22	4.3
1527510405.09	4300	59.998905	0.0	2156729	20	4.3
1527510409.44	4300	59.997968	0.0	2039773	24	4.3
1527510413.79	4300	59.499132	0.0	2176469	26	4.3
1527510417.14	4300	59.999452	0.0	2221506	25	4.3
1527510421.48	4300	59.999182	0.0	2044075	16	4.3
1527510425.82	4300	59.498778	0.0	2186790	23	4.3
1527510429.66	4300	59.499009	0.0	2105231	22	4.3
1527510433.51	4300	59.999066	0.0	2395588	26	4.3
1527510437.35	4300	59.998571	0.0	1972048	22	4.3
1527510441.21	4300	59.997696	0.0	2134614	20	4.3
1527510445.57	4300	59.749392	0.0	2164140	26	4.3
1527510449.43	4300	59.998899	0.0	2113193	27	4.3
1527510453.27	4300	59.998575	0.0	2147852	24	4.3
1527510457.12	4300	59.9989	0.0	2191074	23	4.3
1527510461.46	4300	59.998716	0.0	2286761	22	4.3
1527510465.81	4300	59.49866	0.0	2307787	26	4.3
1527510469.16	4300	59.998604	0.0	2143948	24	4.3
1527510473.5	4300	59.749235	0.0	1919781	11	4.3
1527510477.34	4300	59.749201	0.0	2147467	22	4.3
1527510481.18	4300	59.998984	0.0	2133870	21	4.3
1527510485.53	4300	59.998621	0.0	2146120	20	4.3
1527510489.37	4300	59.748956	0.0	2108491	22	4.3
1527510493.23	4300	59.99835	0.0	2184571	37	4.3
1527510497.57	4300	59.998714	0.0	2121928	23	4.3
1527510501.42	4300	59.749358	0.0	2219102	24	4.3
1527510505.26	4300	59.998795	0.0	2124950	23	4.3
1527510509.61	4300	59.74845	0.0	2246506	24	4.3
1527510513.45	4300	59.99852	0.0	1961140	21	4.3
1527510517.3	4300	59.999366	0.0	2155012	24	4.3
1527510519.13	4300	59.928791	0.0	1433658	18	4.3

1527510519.92	750	4	0.026	2354772	7	-0.11180000000000001
1527510520.25	4300	7.963736	0.0	2123065	20	0.75
1527510520.59	4300	11.620204	0.0	2177073	24	4.3
1527510520.91	4300	15.302477	0.0	2160877	11	4.3
1527510521.27	4300	18.944861	0.0	2233056	45	4.3
1527510521.61	4300	22.604036	0.0	1941625	22	4.3
1527510521.95	4300	26.2664	0.0	2157535	24	4.3
1527510522.28	4300	29.930701	0.0	2290172	22	4.3
1527510522.6	4300	33.612763	0.0	2055469	12	4.3
1527510522.94	4300	37.275326	0.0	2169201	24	4.3
1527510523.27	4300	40.942356	0.0	2173522	22	4.3
1527510523.59	4300	44.621271	0.0	2102452	15	4.3
1527510523.93	4300	48.284647	0.0	2209463	24	4.3
1527510524.25	4300	51.961695	0.0	2275376	15	4.3
1527510524.6	4300	55.619015	0.0	2005399	28	4.3
1527510524.92	4300	59.29399	0.0	2152483	15	4.3
1527510528.75	4300	59.748811	0.0	2289689	16	4.3
1527510532.6	4300	59.748115	0.0	2059512	23	4.3
1527510536.46	4300	59.999015	0.0	2220726	34	4.3
1527510540.31	4300	59.999166	0.0	2156729	24	4.3
1527510544.65	4300	59.998821	0.0	2039773	19	4.3
1527510548.5	4300	59.997985	0.0	2176469	25	4.3
1527510552.34	4300	59.999472	0.0	2221506	21	4.3
1527510556.69	4300	59.748831	0.0	2044075	21	4.3
1527510560.53	4300	59.748091	0.0	2186790	22	4.3
1527510564.88	4300	59.748581	0.0	2105231	21	4.3
1527510568.23	4300	59.997993	0.0	2395588	24	4.3
1527510572.58	4300	59.997771	0.0	1972048	24	4.3
1527510576.93	4300	59.747573	0.0	2134614	24	4.3
1527510580.28	4300	59.998954	0.0	2164140	24	4.3
1527510584.64	4300	59.749258	0.0	2113193	23	4.3
1527510588.49	4300	59.748578	0.0	2147852	24	4.3
1527510592.33	4300	59.999423	0.0	2191074	24	4.3
1527510596.68	4300	59.748551	0.0	2286761	22	4.3
1527510600.52	4300	59.998548	0.0	2307787	24	4.3
1527510604.37	4300	59.998951	0.0	2143948	21	4.3
1527510608.22	4300	59.998931	0.0	1919781	21	4.3
1527510612.57	4300	59.998921	0.0	2147467	26	4.3
1527510616.42	4300	59.997987	0.0	2133870	26	4.3
1527510620.28	4300	59.997337	0.0	2146120	32	4.3
1527510624.63	4300	59.748368	0.0	2108491	24	4.3
1527510628.48	4300	59.747891	0.0	2184571	25	4.3
1527510632.33	4300	59.998563	0.0	2121928	23	4.3
1527510636.68	4300	59.747569	0.0	2219102	17	4.3
1527510640.52	4300	59.748054	0.0	2124950	19	4.3
1527510644.38	4300	59.997857	0.0	2246506	27	4.3
1527510648.22	4300	59.998724	0.0	1961140	21	4.3
1527510652.56	4300	59.747679	0.0	2155012	22	4.3
1527510654.4	4300	59.928693	0.0	1433658	18	4.3

1527510655.14	750	4	0.027	2354772	8	-0.11609999999999998
1527510655.5	4300	7.946569	0.0	2123065	40	0.75
1527510655.84	4300	11.604428	0.0	2177073	27	4.3
1527510656.17	4300	15.268616	0.0	2160877	24	4.3
1527510656.51	4300	18.934598	0.0	2233056	21	4.3
1527510656.82	4300	22.616881	0.0	1941625	12	4.3
1527510657.16	4300	26.279639	0.0	2157535	26	4.3
1527510657.49	4300	29.947691	0.0	2290172	22	4.3
1527510657.81	4300	33.628794	0.0	2055469	13	4.3
1527510658.15	4300	37.290531	0.0	2169201	26	4.3
1527510658.48	4300	40.958361	0.0	2173522	23	4.3
1527510658.81	4300	44.628277	0.0	2102452	22	4.3
1527510659.14	4300	48.295755	0.0	2209463	23	4.3
1527510659.48	4300	51.962871	0.0	2275376	14	4.3
1527510659.81	4300	55.634542	0.0	2005399	18	4.3
1527510660.14	4300	59.302739	0.0	2152483	21	4.3
1527510663.49	4300	59.997891	0.0	2289689	28	4.3
1527510667.84	4300	59.998637	0.0	2059512	21	4.3
1527510671.69	4300	59.998331	0.0	2220726	24	4.3
1527510676.03	4300	59.749033	0.0	2156729	20	4.3
1527510679.88	4300	59.998249	0.0	2039773	23	4.3
1527510683.73	4300	59.748426	0.0	2176469	26	4.3
1527510687.62	4300	59.99863	0.0	2221506	26	4.3
1527510691.98	4300	59.748027	0.0	2044075	23	4.3
1527510695.82	4300	59.749055	0.0	2186790	18	4.3
1527510700.17	4300	59.748393	0.0	2105231	25	4.3
1527510703.52	4300	59.998502	0.0	2395588	28	4.3
1527510707.87	4300	59.748949	0.0	1972048	22	4.3
1527510711.71	4300	59.747818	0.0	2134614	21	4.3
1527510716.05	4300	59.748424	0.0	2164140	19	4.3
1527510719.89	4300	59.748619	0.0	2113193	22	4.3
1527510723.73	4300	59.748468	0.0	2147852	23	4.3
1527510728.08	4300	59.497945	0.0	2191074	22	4.3
1527510731.93	4300	59.99774	0.0	2286761	25	4.3
1527510735.77	4300	59.747874	0.0	2307787	20	4.3
1527510740.11	4300	59.74836	0.0	2143948	20	4.3
1527510743.95	4300	59.747306	0.0	1919781	21	4.3
1527510747.8	4300	59.749304	0.0	2147467	24	4.3
1527510752.16	4300	59.498714	0.0	2133870	26	4.3
1527510755.51	4300	59.998805	0.0	2146120	35	4.3
1527510759.85	4300	59.997616	0.0	2108491	21	4.3
