1527445209.5	750	4	0.029	2354772	12	-0.12470000000000003
1527445209.84	4300	7.96469	0.0	2123065	21	0.75
1527445210.17	4300	11.628909	0.0	2177073	17	4.3
1527445210.49	4300	15.311836	0.0	2160877	13	4.3
1527445210.83	4300	18.973569	0.0	2233056	27	4.3
1527445211.16	4300	22.643702	0.0	1941625	20	4.3
1527445211.49	4300	26.311365	0.0	2157535	21	4.3
1527445211.82	4300	29.978874	0.0	2290172	20	4.3
1527445212.16	4300	33.647026	0.0	2055469	20	4.3
1527445212.5	4300	37.300528	0.0	2169201	25	4.3
1527445212.84	4300	40.9595	0.0	2173522	23	4.3
1527445213.17	4300	44.635396	0.0	2102452	11	4.3
1527445213.5	4300	48.299914	0.0	2209463	24	4.3
1527445213.85	4300	51.951142	0.0	2275376	26	4.3
1527445214.19	4300	55.611586	0.0	2005399	23	4.3
1527445214.55	4300	59.256392	0.0	2152483	25	4.3
1527445218.4	4300	59.499602	0.0	2289689	24	4.3
1527445222.24	4300	59.749196	0.0	2059512	19	4.3
1527445226.09	4300	59.747736	0.0	2220726	26	4.3
1527445229.94	4300	59.998632	0.0	2156729	21	4.3
1527445234.28	4300	59.999099	0.0	2039773	22	4.3
1527445238.13	4300	59.748014	0.0	2176469	24	4.3
1527445241.97	4300	59.997892	0.0	2221506	24	4.3
1527445245.82	4300	59.99874	0.0	2044075	23	4.3
1527445250.18	4300	59.7484	0.0	2186790	26	4.3
1527445254.03	4300	59.998103	0.0	2105231	24	4.3
1527445257.87	4300	59.999039	0.0	2395588	25	4.3
1527445262.22	4300	59.748411	0.0	1972048	20	4.3
1527445266.06	4300	59.748485	0.0	2134614	23	4.3
1527445270.41	4300	59.748581	0.0	2164140	21	4.3
1527445274.25	4300	59.749584	0.0	2113193	22	4.3
1527445278.09	4300	59.749404	0.0	2147852	22	4.3
1527445281.94	4300	59.999063	0.0	2191074	19	4.3
1527445286.28	4300	59.998422	0.0	2286761	20	4.3
1527445290.12	4300	59.748332	0.0	2307787	23	4.3
1527445293.97	4300	59.998442	0.0	2143948	21	4.3
1527445297.82	4300	59.998904	0.0	1919781	20	4.3
1527445302.17	4300	59.748175	0.0	2147467	23	4.3
1527445306.02	4300	59.99766	0.0	2133870	31	4.3
1527445310.36	4300	59.7475	0.0	2146120	22	4.3
1527445314.21	4300	59.997705	0.0	2108491	23	4.3
1527445318.05	4300	59.9977	0.0	2184571	22	4.3
1527445321.89	4300	59.997749	0.0	2121928	22	4.3
1527445326.24	4300	59.74753	0.0	2219102	22	4.3
1527445330.08	4300	59.998793	0.0	2124950	22	4.3
1527445334.43	4300	59.497568	0.0	2246506	21	4.3
1527445338.27	4300	59.997777	0.0	1961140	21	4.3
1527445342.11	4300	59.997598	0.0	2155012	23	4.3
1527445343.94	4300	59.927436	0.0	1433658	17	4.3

1527445344.68	750	4	0.024	2354772	7	-0.10319999999999996
1527445345.02	4300	7.960246	0.0	2123065	26	0.75
1527445345.35	4300	11.626329	0.0	2177073	19	4.3
1527445345.67	4300	15.309952	0.0	2160877	13	4.3
1527445346.01	4300	18.971246	0.0	2233056	27	4.3
1527445346.35	4300	22.633213	0.0	1941625	22	4.3
1527445346.68	4300	26.300391	0.0	2157535	21	4.3
1527445347.02	4300	29.955375	0.0	2290172	26	4.3
1527445347.36	4300	33.622693	0.0	2055469	23	4.3
1527445347.69	4300	37.288993	0.0	2169201	25	4.3
1527445348.03	4300	40.950279	0.0	2173522	22	4.3
1527445348.35	4300	44.626846	0.0	2102452	8	4.3
1527445348.68	4300	48.296085	0.0	2209463	23	4.3
1527445349.02	4300	51.959217	0.0	2275376	21	4.3
1527445349.35	4300	55.632953	0.0	2005399	18	4.3
1527445349.68	4300	59.301466	0.0	2152483	20	4.3
1527445353.53	4300	59.497712	0.0	2289689	27	4.3
1527445357.38	4300	59.749008	0.0	2059512	25	4.3
1527445361.22	4300	59.997762	0.0	2220726	25	4.3
1527445365.57	4300	59.49866	0.0	2156729	23	4.3
1527445369.41	4300	59.749629	0.0	2039773	23	4.3
1527445373.26	4300	59.747727	0.0	2176469	22	4.3
1527445377.6	4300	59.498587	0.0	2221506	19	4.3
1527445381.45	4300	59.999467	0.0	2044075	21	4.3
1527445385.29	4300	59.748649	0.0	2186790	20	4.3
1527445389.63	4300	59.748753	0.0	2105231	20	4.3
1527445393.48	4300	59.747869	0.0	2395588	22	4.3
1527445397.33	4300	59.748672	0.0	1972048	28	4.3
1527445401.68	4300	59.748389	0.0	2134614	23	4.3
1527445405.03	4300	59.998507	0.0	2164140	25	4.3
1527445409.38	4300	59.998316	0.0	2113193	25	4.3
1527445413.22	4300	59.998724	0.0	2147852	19	4.3
1527445417.07	4300	59.998594	0.0	2191074	25	4.3
1527445421.42	4300	59.997952	0.0	2286761	28	4.3
1527445425.27	4300	59.748604	0.0	2307787	27	4.3
1527445429.12	4300	59.998835	0.0	2143948	24	4.3
1527445433.45	4300	59.748711	0.0	1919781	19	4.3
1527445437.3	4300	59.749077	0.0	2147467	25	4.3
1527445441.16	4300	59.998545	0.0	2133870	41	4.3
1527445445.01	4300	59.999332	0.0	2146120	26	4.3
1527445449.36	4300	59.747959	0.0	2108491	23	4.3
1527445453.21	4300	59.997649	0.0	2184571	23	4.3
1527445457.55	4300	59.498728	0.0	2121928	19	4.3
1527445461.39	4300	59.748654	0.0	2219102	24	4.3
1527445465.25	4300	59.748804	0.0	2124950	23	4.3
1527445469.6	4300	59.747287	0.0	2246506	26	4.3
1527445473.45	4300	59.998665	0.0	1961140	24	4.3
1527445477.29	4300	59.748642	0.0	2155012	23	4.3
1527445479.13	4300	59.927299	0.0	1433658	17	4.3

1527445479.89	750	4	0.025	2354772	8	-0.10750000000000004
1527445480.38	4300	7.808358	0.0	2123065	25	0.75
1527445480.86	4300	11.324573	0.0	2177073	25	4.3
1527445481.18	4300	15.002708	0.0	2160877	15	4.3
1527445481.67	4300	18.518703	0.0	2233056	24	4.3
1527445482.0	4300	22.185948	0.0	1941625	22	4.3
1527445482.34	4300	25.846601	0.0	2157535	23	4.3
1527445482.66	4300	29.527592	0.0	2290172	14	4.3
1527445483.0	4300	33.188829	0.0	2055469	22	4.3
1527445483.48	4300	36.70882	0.0	2169201	24	4.3
1527445483.96	4300	40.228247	0.0	2173522	21	4.3
1527445484.45	4300	43.740574	0.0	2102452	23	4.3
1527445484.94	4300	47.251313	0.0	2209463	25	4.3
1527445485.42	4300	50.767896	0.0	2275376	26	4.3
1527445485.9	4300	54.287399	0.0	2005399	22	4.3
1527445486.39	4300	57.80543	0.0	2152483	24	4.3
1527445488.35	4300	59.999185	0.0	2289689	14	4.3
1527445492.35	4300	59.998496	0.0	2059512	23	4.3
1527445496.34	4300	59.998657	0.0	2220726	26	4.3
1527445500.33	4300	59.998655	0.0	2156729	24	4.3
1527445504.82	4300	59.499241	0.0	2039773	23	4.3
1527445508.32	4300	59.997614	0.0	2176469	26	4.3
1527445512.31	4300	59.997931	0.0	2221506	24	4.3
1527445516.8	4300	59.498791	0.0	2044075	26	4.3
1527445520.29	4300	59.999441	0.0	2186790	26	4.3
1527445524.29	4300	59.998726	0.0	2105231	23	4.3
1527445528.79	4300	59.747538	0.0	2395588	26	4.3
1527445532.78	4300	59.497956	0.0	1972048	23	4.3
1527445536.28	4300	59.998776	0.0	2134614	25	4.3
1527445540.77	4300	59.748584	0.0	2164140	23	4.3
