1527542373.86	750	4	0.026	2354772	10	-0.11180000000000001
1527542374.19	4300	7.966548	0.0	2123065	20	0.75
1527542374.53	4300	11.632384	0.0	2177073	17	4.3
1527542374.87	4300	15.288202	0.0	2160877	26	4.3
1527542375.2	4300	18.954198	0.0	2233056	24	4.3
1527542375.54	4300	22.623096	0.0	1941625	20	4.3
1527542375.87	4300	26.289718	0.0	2157535	19	4.3
1527542376.21	4300	29.952607	0.0	2290172	19	4.3
1527542376.55	4300	33.613948	0.0	2055469	23	4.3
1527542376.86	4300	37.294652	0.0	2169201	12	4.3
1527542377.2	4300	40.95368	0.0	2173522	18	4.3
1527542377.54	4300	44.615324	0.0	2102452	14	4.3
1527542377.88	4300	48.279457	0.0	2209463	23	4.3
1527542378.2	4300	51.955409	0.0	2275376	16	4.3
1527542378.54	4300	55.62245	0.0	2005399	21	4.3
1527542378.89	4300	59.26936	0.0	2152483	25	4.3
1527542382.73	4300	59.748499	0.0	2289689	24	4.3
1527542386.58	4300	59.749675	0.0	2059512	21	4.3
1527542390.44	4300	59.999343	0.0	2220726	26	4.3
1527542394.79	4300	59.498788	0.0	2156729	26	4.3
1527542398.63	4300	59.748025	0.0	2039773	23	4.3
1527542402.48	4300	59.997888	0.0	2176469	24	4.3
1527542406.81	4300	59.747922	0.0	2221506	16	4.3
1527542410.66	4300	59.748408	0.0	2044075	24	4.3
1527542414.51	4300	59.997595	0.0	2186790	25	4.3
1527542418.85	4300	59.748796	0.0	2105231	20	4.3
1527542422.7	4300	59.748346	0.0	2395588	24	4.3
1527542426.54	4300	59.747969	0.0	1972048	25	4.3
1527542430.4	4300	59.998536	0.0	2134614	27	4.3
1527542434.75	4300	59.749096	0.0	2164140	25	4.3
1527542438.59	4300	59.998729	0.0	2113193	25	4.3
1527542442.44	4300	59.748783	0.0	2147852	24	4.3
1527542446.78	4300	59.498173	0.0	2191074	23	4.3
1527542450.63	4300	59.747634	0.0	2286761	24	4.3
1527542454.47	4300	59.747977	0.0	2307787	21	4.3
1527542458.83	4300	59.497519	0.0	2143948	24	4.3
1527542462.18	4300	59.998855	0.0	1919781	24	4.3
1527542466.52	4300	59.748934	0.0	2147467	21	4.3
1527542470.38	4300	59.999431	0.0	2133870	35	4.3
1527542474.23	4300	59.998228	0.0	2146120	23	4.3
1527542478.58	4300	59.7481	0.0	2108491	21	4.3
1527542482.43	4300	59.748957	0.0	2184571	25	4.3
1527542486.77	4300	59.747566	0.0	2121928	21	4.3
1527542490.62	4300	59.747534	0.0	2219102	22	4.3
1527542494.46	4300	59.748814	0.0	2124950	20	4.3
1527542498.3	4300	59.998906	0.0	2246506	19	4.3
1527542502.64	4300	59.998477	0.0	1961140	17	4.3
1527542506.49	4300	59.998622	0.0	2155012	24	4.3
1527542508.33	4300	59.678863	0.0	1433658	9	4.3

1527542509.1	750	4	0.026	2354772	8	-0.11180000000000001
1527542509.43	4300	7.967018	0.0	2123065	19	0.75
1527542509.77	4300	11.628991	0.0	2177073	15	4.3
1527542510.12	4300	15.28077	0.0	2160877	37	4.3
1527542510.45	4300	18.948627	0.0	2233056	23	4.3
1527542510.78	4300	22.61993	0.0	1941625	19	4.3
1527542511.1	4300	26.297731	0.0	2157535	15	4.3
1527542511.44	4300	29.960628	0.0	2290172	26	4.3
1527542511.77	4300	33.627532	0.0	2055469	19	4.3
1527542512.09	4300	37.305888	0.0	2169201	15	4.3
1527542512.42	4300	40.970838	0.0	2173522	25	4.3
1527542512.76	4300	44.639477	0.0	2102452	21	4.3
1527542513.09	4300	48.305742	0.0	2209463	23	4.3
1527542513.43	4300	51.963967	0.0	2275376	31	4.3
1527542513.77	4300	55.626477	0.0	2005399	24	4.3
1527542514.1	4300	59.292262	0.0	2152483	25	4.3
1527542517.95	4300	59.749019	0.0	2289689	23	4.3
1527542521.79	4300	59.999266	0.0	2059512	19	4.3
1527542525.63	4300	59.998686	0.0	2220726	22	4.3
1527542529.48	4300	59.998912	0.0	2156729	22	4.3
1527542533.83	4300	59.998648	0.0	2039773	24	4.3
1527542537.68	4300	59.749469	0.0	2176469	27	4.3
1527542541.53	4300	59.999026	0.0	2221506	25	4.3
1527542545.87	4300	59.998939	0.0	2044075	19	4.3
1527542549.71	4300	59.998686	0.0	2186790	25	4.3
1527542553.56	4300	59.998939	0.0	2105231	24	4.3
1527542557.91	4300	59.748252	0.0	2395588	22	4.3
1527542561.75	4300	59.747627	0.0	1972048	20	4.3
1527542566.1	4300	59.74786	0.0	2134614	30	4.3
1527542569.43	4300	59.998184	0.0	2164140	15	4.3
1527542573.77	4300	59.997698	0.0	2113193	20	4.3
1527542578.11	4300	59.498024	0.0	2147852	26	4.3
1527542581.95	4300	59.748751	0.0	2191074	15	4.3
1527542585.8	4300	59.749386	0.0	2286761	25	4.3
1527542589.65	4300	59.998716	0.0	2307787	26	4.3
1527542593.5	4300	59.999396	0.0	2143948	21	4.3
1527542597.84	4300	59.999148	0.0	1919781	21	4.3
1527542601.7	4300	59.748329	0.0	2147467	25	4.3
1527542605.55	4300	59.999291	0.0	2133870	24	4.3
1527542609.9	4300	59.748506	0.0	2146120	34	4.3
1527542613.75	4300	59.998688	0.0	2108491	20	4.3
1527542617.59	4300	59.997529	0.0	2184571	23	4.3
1527542621.44	4300	59.998242	0.0	2121928	26	4.3
1527542625.79	4300	59.748656	0.0	2219102	26	4.3
1527542629.65	4300	59.997389	0.0	2124950	25	4.3
1527542633.5	4300	59.999118	0.0	2246506	25	4.3
1527542637.85	4300	59.747934	0.0	1961140	21	4.3
1527542641.69	4300	59.997579	0.0	2155012	26	4.3
1527542643.53	4300	59.677259	0.0	1433658	17	4.3

1527542644.25	750	4	0.023	2354772	7	-0.09889999999999999
1527542644.6	4300	7.954642	0.0	2123065	26	0.75
1527542644.96	4300	11.618824	0.0	2177073	22	4.3
