1527376611.87	750	4	0.018	450283	2	-0.07740000000000002
1527376612.28	4300	7.944288	0.0	2123065	23	0.75
1527376612.66	4300	11.556612	0.0	2177073	22	4.3
1527376613.05	4300	15.169134	0.0	2160877	27	4.3
1527376613.43	4300	18.782704	0.0	2233056	24	4.3
1527376613.82	4300	22.400902	0.0	1941625	21	4.3
1527376614.2	4300	26.020271	0.0	2157535	20	4.3
1527376614.58	4300	29.637776	0.0	2290172	26	4.3
1527376614.97	4300	33.252178	0.0	2055469	23	4.3
1527376615.36	4300	36.863204	0.0	2169201	26	4.3
1527376615.74	4300	40.483224	0.0	2173522	17	4.3
1527376616.12	4300	44.101985	0.0	2102452	20	4.3
1527376616.51	4300	47.712141	0.0	2209463	26	4.3
1527376616.9	4300	51.322195	0.0	2275376	31	4.3
1527376617.28	4300	54.93902	0.0	2005399	22	4.3
1527376617.67	4300	58.55218	0.0	2152483	25	4.3
1527376620.57	4300	59.74928	0.0	2289689	26	4.3
1527376624.46	4300	59.998973	0.0	2059512	21	4.3
1527376628.85	4300	59.498582	0.0	2220726	25	4.3
1527376632.75	4300	59.498778	0.0	2156729	20	4.3
1527376636.63	4300	59.747677	0.0	2039773	21	4.3
1527376640.53	4300	59.748805	0.0	2176469	24	4.3
1527376644.43	4300	59.998903	0.0	2221506	25	4.3
1527376648.33	4300	59.99906	0.0	2044075	21	4.3
1527376652.73	4300	59.499062	0.0	2186790	24	4.3
1527376656.61	4300	59.749309	0.0	2105231	22	4.3
1527376660.51	4300	59.998928	0.0	2395588	26	4.3
1527376664.41	4300	59.99775	0.0	1972048	21	4.3
1527376668.31	4300	59.999297	0.0	2134614	26	4.3
1527376672.72	4300	59.997768	0.0	2164140	22	4.3
1527376676.62	4300	59.748658	0.0	2113193	35	4.3
1527376680.52	4300	59.998387	0.0	2147852	24	4.3
1527376684.92	4300	59.498432	0.0	2191074	23	4.3
1527376688.82	4300	59.747522	0.0	2286761	26	4.3
1527376692.71	4300	59.998796	0.0	2307787	21	4.3
1527376696.6	4300	59.74891	0.0	2143948	22	4.3
1527376700.5	4300	59.998246	0.0	1919781	21	4.3
1527376704.39	4300	59.998382	0.0	2147467	18	4.3
1527376708.78	4300	59.498759	0.0	2133870	22	4.3
1527376712.68	4300	59.998328	0.0	2146120	31	4.3
1527376716.57	4300	59.997539	0.0	2108491	25	4.3
1527376720.48	4300	59.749176	0.0	2184571	24	4.3
1527376724.38	4300	59.998836	0.0	2121928	23	4.3
1527376728.28	4300	59.998403	0.0	2219102	26	4.3
1527376732.68	4300	59.998216	0.0	2124950	24	4.3
1527376736.57	4300	59.997663	0.0	2246506	23	4.3
1527376740.45	4300	59.998397	0.0	1961140	21	4.3
1527376744.83	4300	59.74818	0.0	2155012	23	4.3
1527376746.18	4300	59.929126	0.0	1433658	15	4.3

1527376746.94	750	4	0.019	668286	2	-0.0817
1527376747.33	4300	7.94664	0.0	2123065	22	0.75
1527376747.73	4300	11.553181	0.0	2177073	28	4.3
1527376748.12	4300	15.163525	0.0	2160877	31	4.3
1527376748.5	4300	18.779247	0.0	2233056	26	4.3
1527376748.88	4300	22.397359	0.0	1941625	20	4.3
1527376749.26	4300	26.017449	0.0	2157535	20	4.3
1527376749.65	4300	29.633805	0.0	2290172	24	4.3
1527376750.03	4300	33.250494	0.0	2055469	25	4.3
1527376750.43	4300	36.850028	0.0	2169201	21	4.3
1527376750.81	4300	40.466515	0.0	2173522	25	4.3
1527376751.2	4300	44.078501	0.0	2102452	25	4.3
1527376751.59	4300	47.688902	0.0	2209463	28	4.3
1527376751.99	4300	51.289883	0.0	2275376	37	4.3
1527376752.38	4300	54.903216	0.0	2005399	22	4.3
1527376752.77	4300	58.515395	0.0	2152483	24	4.3
1527376755.66	4300	59.749238	0.0	2289689	26	4.3
1527376759.55	4300	59.999214	0.0	2059512	19	4.3
1527376763.45	4300	59.998214	0.0	2220726	24	4.3
1527376767.84	4300	59.7479	0.0	2156729	25	4.3
1527376771.73	4300	59.999229	0.0	2039773	18	4.3
1527376775.62	4300	59.748969	0.0	2176469	25	4.3
1527376780.02	4300	59.499143	0.0	2221506	24	4.3
1527376783.41	4300	59.999142	0.0	2044075	21	4.3
1527376787.8	4300	59.747633	0.0	2186790	22	4.3
1527376791.7	4300	59.747603	0.0	2105231	24	4.3
1527376795.6	4300	59.747532	0.0	2395588	25	4.3
1527376799.5	4300	59.999314	0.0	1972048	21	4.3
1527376803.39	4300	59.998642	0.0	2134614	18	4.3
1527376807.78	4300	59.747877	0.0	2164140	19	4.3
1527376811.68	4300	59.747819	0.0	2113193	23	4.3
1527376815.58	4300	59.99894	0.0	2147852	26	4.3
1527376819.48	4300	59.999376	0.0	2191074	23	4.3
1527376823.88	4300	59.499311	0.0	2286761	26	4.3
1527376827.78	4300	59.997909	0.0	2307787	22	4.3
1527376831.67	4300	59.998561	0.0	2143948	20	4.3
1527376835.57	4300	59.998388	0.0	1919781	21	4.3
1527376839.96	4300	59.74901	0.0	2147467	25	4.3
1527376843.35	4300	59.999212	0.0	2133870	19	4.3
1527376847.74	4300	59.749182	0.0	2146120	20	4.3
1527376851.64	4300	59.748062	0.0	2108491	24	4.3
1527376855.55	4300	59.748633	0.0	2184571	24	4.3
1527376859.95	4300	59.747719	0.0	2121928	24	4.3
1527376863.35	4300	59.998606	0.0	2219102	23	4.3
1527376867.75	4300	59.998902	0.0	2124950	24	4.3
1527376871.63	4300	59.748548	0.0	2246506	20	4.3
1527376876.02	4300	59.497666	0.0	1961140	22	4.3
1527376879.39	4300	59.997483	0.0	2155012	21	4.3
1527376881.23	4300	59.928547	0.0	1433658	16	4.3

1527376881.97	750	4	0.017	668286	2	-0.07309999999999994
1527376882.38	4300	7.94408	0.0	2123065	21	0.75
1527376882.77	4300	11.552581	0.0	2177073	25	4.3
1527376883.15	4300	15.165266	0.0	2160877	14	4.3
1527376883.54	4300	18.775706	0.0	2233056	26	4.3
1527376883.93	4300	22.391637	0.0	1941625	22	4.3
1527376884.31	4300	26.004956	0.0	2157535	24	4.3
1527376884.7	4300	29.618766	0.0	2290172	25	4.3
1527376885.09	4300	33.226746	0.0	2055469	23	4.3
1527376885.47	4300	36.850913	0.0	2169201	19	4.3
1527376885.85	4300	40.465595	0.0	2173522	23	4.3
1527376886.24	4300	44.080853	0.0	2102452	26	4.3
1527376886.62	4300	47.695225	0.0	2209463	28	4.3
1527376887.01	4300	51.307144	0.0	2275376	28	4.3
1527376887.4	4300	54.920849	0.0	2005399	22	4.3
1527376887.77	4300	58.544768	0.0	2152483	19	4.3
1527376890.67	4300	59.748758	0.0	2289689	26	4.3
1527376895.07	4300	59.499391	0.0	2059512	23	4.3
1527376898.97	4300	59.749326	0.0	2220726	31	4.3
1527376902.87	4300	59.497734	0.0	2156729	20	4.3
1527376906.76	4300	59.749358	0.0	2039773	23	4.3
1527376910.65	4300	59.74893	0.0	2176469	24	4.3
1527376914.55	4300	59.998298	0.0	2221506	24	4.3
1527376918.45	4300	59.998616	0.0	2044075	23	4.3
1527376922.34	4300	59.999177	0.0	2186790	20	4.3
1527376926.73	4300	59.998707	0.0	2105231	23	4.3
1527376930.62	4300	59.997809	0.0	2395588	20	4.3
1527376934.51	4300	59.99939	0.0	1972048	20	4.3
1527376938.41	4300	59.999136	0.0	2134614	25	4.3
1527376942.8	4300	59.748347	0.0	2164140	23	4.3
