1527439952.54	750	4	0.028	2354772	9	-0.12039999999999995
1527439952.91	4300	7.964907	0.0	2123065	19	0.75
1527439953.32	4300	11.619096	0.0	2177073	22	4.3
1527439953.66	4300	15.219164	0.0	2160877	19	4.3
1527439954.01	4300	18.872484	0.0	2233056	26	4.3
1527439954.34	4300	22.53744	0.0	1941625	22	4.3
1527439954.66	4300	26.213984	0.0	2157535	14	4.3
1527439955.0	4300	29.875713	0.0	2290172	25	4.3
1527439955.34	4300	33.542321	0.0	2055469	19	4.3
1527439955.68	4300	37.196596	0.0	2169201	23	4.3
1527439956.03	4300	40.850809	0.0	2173522	25	4.3
1527439956.36	4300	44.513634	0.0	2102452	11	4.3
1527439956.71	4300	48.169048	0.0	2209463	25	4.3
1527439957.04	4300	51.832891	0.0	2275376	23	4.3
1527439957.38	4300	55.500736	0.0	2005399	20	4.3
1527439957.71	4300	59.166003	0.0	2152483	19	4.3
1527439961.07	4300	59.997767	0.0	2289689	25	4.3
1527439964.91	4300	59.999407	0.0	2059512	18	4.3
1527439969.26	4300	59.748778	0.0	2220726	29	4.3
1527439973.12	4300	59.999484	0.0	2156729	26	4.3
1527439977.46	4300	59.747579	0.0	2039773	21	4.3
1527439981.31	4300	59.749127	0.0	2176469	24	4.3
1527439985.17	4300	59.748826	0.0	2221506	24	4.3
1527439989.02	4300	59.997866	0.0	2044075	22	4.3
1527439993.37	4300	59.748702	0.0	2186790	19	4.3
1527439997.21	4300	59.749046	0.0	2105231	20	4.3
1527440001.56	4300	59.498562	0.0	2395588	22	4.3
1527440004.9	4300	59.998549	0.0	1972048	21	4.3
1527440009.26	4300	59.748054	0.0	2134614	17	4.3
1527440013.11	4300	59.999489	0.0	2164140	24	4.3
1527440017.46	4300	59.748537	0.0	2113193	25	4.3
1527440021.31	4300	59.998518	0.0	2147852	21	4.3
1527440025.17	4300	59.998158	0.0	2191074	24	4.3
1527440029.02	4300	59.999085	0.0	2286761	25	4.3
1527440033.38	4300	59.748221	0.0	2307787	25	4.3
1527440037.23	4300	59.748514	0.0	2143948	24	4.3
1527440041.07	4300	59.997795	0.0	1919781	19	4.3
1527440045.42	4300	59.499344	0.0	2147467	21	4.3
1527440049.26	4300	59.747999	0.0	2133870	23	4.3
1527440053.61	4300	59.499062	0.0	2146120	20	4.3
1527440057.46	4300	59.498688	0.0	2108491	21	4.3
1527440061.32	4300	59.998022	0.0	2184571	23	4.3
1527440065.16	4300	59.74813	0.0	2121928	23	4.3
1527440069.01	4300	59.99761	0.0	2219102	22	4.3
1527440073.35	4300	59.998209	0.0	2124950	17	4.3
1527440077.2	4300	59.997451	0.0	2246506	20	4.3
1527440081.05	4300	59.997537	0.0	1961140	22	4.3
1527440084.9	4300	59.998454	0.0	2155012	24	4.3
1527440086.73	4300	59.928007	0.0	1433658	16	4.3

1527440087.49	750	4	0.017	668286	2	-0.07309999999999994
1527440087.85	4300	7.946914	0.0	2123065	25	0.75
1527440088.18	4300	11.610405	0.0	2177073	18	4.3
1527440088.53	4300	15.263506	0.0	2160877	25	4.3
1527440088.85	4300	18.936614	0.0	2233056	15	4.3
1527440089.19	4300	22.601454	0.0	1941625	22	4.3
1527440089.53	4300	26.262553	0.0	2157535	21	4.3
1527440089.88	4300	29.91416	0.0	2290172	28	4.3
1527440090.21	4300	33.578375	0.0	2055469	21	4.3
1527440090.55	4300	37.245117	0.0	2169201	21	4.3
1527440090.89	4300	40.901458	0.0	2173522	24	4.3
1527440091.23	4300	44.561744	0.0	2102452	23	4.3
1527440091.56	4300	48.22671	0.0	2209463	23	4.3
1527440091.9	4300	51.888351	0.0	2275376	23	4.3
1527440092.23	4300	55.558655	0.0	2005399	17	4.3
1527440092.58	4300	59.216009	0.0	2152483	22	4.3
1527440095.92	4300	59.998261	0.0	2289689	24	4.3
1527440100.76	4300	59.49935	0.0	2059512	16	4.3
1527440104.12	4300	59.749977	0.0	2220726	24	4.3
1527440107.97	4300	59.998263	0.0	2156729	24	4.3
1527440111.82	4300	59.998689	0.0	2039773	21	4.3
1527440116.16	4300	59.998632	0.0	2176469	20	4.3
1527440120.02	4300	59.999445	0.0	2221506	21	4.3
1527440123.87	4300	59.998035	0.0	2044075	22	4.3
1527440128.22	4300	59.998353	0.0	2186790	23	4.3
1527440132.06	4300	59.998106	0.0	2105231	24	4.3
1527440136.41	4300	59.747947	0.0	2395588	23	4.3
1527440140.28	4300	59.998951	0.0	1972048	20	4.3
1527440144.14	4300	59.748826	0.0	2134614	33	4.3
1527440148.49	4300	59.498852	0.0	2164140	24	4.3
1527440152.34	4300	59.747925	0.0	2113193	25	4.3
1527440156.19	4300	59.748238	0.0	2147852	22	4.3
1527440160.03	4300	59.998226	0.0	2191074	20	4.3
1527440163.89	4300	59.998569	0.0	2286761	25	4.3
1527440168.24	4300	59.748062	0.0	2307787	24	4.3
1527440172.09	4300	59.748813	0.0	2143948	22	4.3
1527440176.44	4300	59.748676	0.0	1919781	21	4.3
1527440180.3	4300	59.49894	0.0	2147467	24	4.3
1527440184.15	4300	59.749533	0.0	2133870	23	4.3
1527440187.99	4300	59.999483	0.0	2146120	21	4.3
1527440192.35	4300	59.498001	0.0	2108491	24	4.3
1527440196.2	4300	59.997798	0.0	2184571	26	4.3
1527440200.05	4300	59.747828	0.0	2121928	20	4.3
1527440204.39	4300	59.749081	0.0	2219102	19	4.3
1527440208.24	4300	59.998579	0.0	2124950	20	4.3
1527440212.1	4300	59.748785	0.0	2246506	26	4.3
1527440215.95	4300	59.997936	0.0	1961140	21	4.3
1527440220.29	4300	59.749254	0.0	2155012	21	4.3
1527440222.13	4300	59.679054	0.0	1433658	11	4.3

1527440222.91	750	4	0.019	668286	3	-0.0817
1527440223.27	4300	7.94615	0.0	2123065	24	0.75
1527440223.61	4300	11.6116	0.0	2177073	15	4.3
1527440223.94	4300	15.279895	0.0	2160877	16	4.3
1527440224.28	4300	18.931328	0.0	2233056	29	4.3
1527440224.62	4300	22.599018	0.0	1941625	21	4.3
1527440224.96	4300	26.250013	0.0	2157535	36	4.3
1527440225.3	4300	29.909695	0.0	2290172	24	4.3
1527440225.64	4300	33.577763	0.0	2055469	20	4.3
1527440225.97	4300	37.243634	0.0	2169201	20	4.3
1527440226.3	4300	40.918623	0.0	2173522	15	4.3
1527440226.63	4300	44.579717	0.0	2102452	21	4.3
1527440226.97	4300	48.246806	0.0	2209463	19	4.3
1527440227.3	4300	51.916531	0.0	2275376	16	4.3
1527440227.64	4300	55.573132	0.0	2005399	24	4.3
1527440227.99	4300	59.22124	0.0	2152483	39	4.3
