1526949721.82	750	3.999177	4.125	450283	4012	-17.7375
1526949722.73	300	7.081007	0.0	155580	553	-0.15000000000000002
1526949725.03	750	8.769776	0.0	350812	2074	0.3
1526949727.52	750	10.282399	0.0	382355	2280	0.75
1526949729.25	750	12.581562	0.0	411561	1444	0.75
1526949730.91	750	14.91086	0.0	318564	1434	0.75
1526949733.16	750	16.630631	0.0	352642	2044	0.75
1526949738.37	750	15.43863	0.0	437162	4985	0.75
1526949740.57	750	17.246349	0.0	374758	1958	0.75
1526949742.78	750	19.017946	0.0	362795	1974	0.75
1526949750.61	750	15.223536	0.0	353220	7598	0.75
1526949754.11	750	15.682732	0.0	405134	3263	0.75
1526949756.58	750	17.24677	0.0	386351	2235	0.75
1526949759.61	750	18.196802	0.0	434409	2822	0.75
1526949761.45	750	20.356254	0.0	337059	1637	0.75
1526949763.7	750	22.350757	0.0	366214	1775	0.75
1526949770.17	1850	19.586614	0.0	966699	6178	0.75
1526949776.64	1850	17.163602	0.0	885714	6221	1.85
1526949793.56	1850	4.468426	0.196	987708	16626	1.0072
1526949795.36	300	6.639277	0.0	140881	1424	-1.25
1526949796.21	300	9.861421	0.0	157671	563	0.3
1526949799.25	750	10.752774	0.0	399894	2827	0.3
1526949802.05	750	11.94882	0.0	401853	2539	0.75
1526949803.7	750	14.299612	0.0	343800	1385	0.75
1526949805.49	750	16.496204	0.0	359903	1578	0.75
1526949810.0	1850	16.021181	0.0	905935	4248	0.75
1526949814.3	1850	15.70062	0.0	1076599	4066	1.85
1526949816.65	1850	17.360324	0.0	758197	2091	1.85
1526949821.01	1850	16.993273	0.0	972798	4136	1.85
1526949825.46	1850	16.530246	0.0	975811	4224	1.85
1526949829.05	1850	16.935778	0.0	873429	3372	1.85
1526949834.56	1850	15.874101	0.0	954453	4858	1.85
1526949842.52	1850	11.465275	0.0	885062	7517	1.85
1526949844.19	750	13.811394	0.0	412837	1434	-0.3500000000000001
1526949845.65	750	16.350011	0.0	401088	1255	0.75
1526949847.82	1200	18.179522	0.0	598727	1900	0.75
1526949851.06	1850	18.945784	0.0	728962	3017	1.2000000000000002
1526949858.12	1850	15.897658	0.0	938587	6832	1.85
1526949867.25	1850	10.853732	0.0	908665	8800	1.85
1526949874.49	750	7.521969	0.0	390680	6962	-0.3500000000000001
1526949877.32	300	9.009272	0.0	147968	2280	-0.15000000000000002
1526949879.96	300	10.002053	0.0	161857	2389	0.3
1526949881.36	300	12.639193	0.0	145210	1206	0.3
1526949885.31	750	12.694329	0.0	438281	3702	0.3
1526949888.09	750	13.913787	0.0	398987	2572	0.75
1526949891.18	750	14.844338	0.0	393804	2862	0.75
1526949895.76	750	14.243742	0.0	331053	4353	0.75
1526949899.38	750	14.66102	0.0	314107	3323	0.75
1526949901.1	750	14.595056	0.0	255954	1470	0.75

1526949905.97	750	3.989936	3.128	668286	3039	-13.4504
1526949907.74	750	6.206036	0.0	398865	1458	0.75
1526949909.6	750	8.350546	0.0	350812	1632	0.75
1526949911.32	750	10.630506	0.0	382355	1517	0.75
1526949913.12	750	12.821362	0.0	411561	1574	0.75
1526949914.6	750	15.369735	0.0	318564	1238	0.75
1526949916.29	750	17.649594	0.0	352642	1492	0.75
1526949921.28	1850	16.671472	0.0	1060487	4674	0.75
1526949929.46	1850	12.535263	0.0	852833	7906	1.85
1526949932.91	750	13.020172	0.0	362795	3207	-0.3500000000000001
1526949935.65	750	14.33737	0.0	353220	2427	0.75
1526949940.13	750	13.803218	0.0	405134	4239	0.75
1526949947.01	750	10.936386	0.0	386351	6659	0.75
1526949949.59	300	12.352993	0.0	179801	2289	-0.15000000000000002
1526949955.37	750	10.621021	0.0	337059	5495	0.3
1526949956.48	300	13.513896	0.0	138313	837	-0.15000000000000002
1526949959.0	750	14.956375	0.0	360831	2152	0.3
1526949960.88	750	17.08185	0.0	372963	1672	0.75
1526949963.43	750	18.529815	0.0	405596	2258	0.75
1526949965.08	750	20.872377	0.0	350713	1462	0.75
1526949967.31	750	22.657991	0.0	386472	2003	0.75
