1526852319.09	750	4	0.242	450283	206	-1.0406
1526852319.53	1850	8	0.0	957685	294	0.75
1526852320.26	4300	12	0.0	2177073	606	1.8499999999999996
1526852320.94	4300	16	0.0	2160877	589	4.3
1526852321.76	4300	20	0.0	2233056	726	4.3
1526852322.53	4300	24	0.0	1941625	672	4.3
1526852325.8	4300	24.962229	0.0	2157535	3169	4.3
1526852326.52	4300	28.231181	0.0	2290172	616	4.3
1526852327.08	4300	31.674833	0.0	2055469	473	4.3
1526852330.33	4300	33.250159	0.0	2169201	2338	4.3
1526852332.95	4300	33.803796	0.0	2173522	2500	4.3
1526852336.25	4300	34.502693	0.0	2102452	3202	4.3
1526852339.72	4300	35.028185	0.0	2209463	3382	4.3
1526852343.31	4300	35.443254	0.0	2275376	3486	4.3
1526852346.44	4300	36.308876	0.0	2005399	3051	4.3
1526852349.84	4300	36.906301	0.0	2152483	3298	4.3
1526852353.45	4300	37.305209	0.0	2289689	3517	4.3
1526852356.71	4300	38.044813	0.0	2059512	3173	4.3
1526852360.22	4300	38.536392	0.0	2220726	3412	4.3
1526852363.6	4300	39.146577	0.0	2156729	3270	4.3
1526852366.84	4300	39.943848	0.0	2039773	3107	4.3
1526852370.23	4300	40.519727	0.0	2176469	3300	4.3
1526852373.74	4300	41.011002	0.0	2221506	3417	4.3
1526852376.94	4300	41.811909	0.0	2044075	3112	4.3
1526852380.4	4300	42.370451	0.0	2186790	3354	4.3
1526852383.69	4300	43.060749	0.0	2105231	3198	4.3
1526852387.47	4300	43.284896	0.0	2395588	3677	4.3
1526852390.57	4300	44.186118	0.0	1972048	3000	4.3
1526852393.92	4300	44.826708	0.0	2134614	3273	4.3
1526852397.37	4300	45.406186	0.0	2164140	3325	4.3
1526852400.65	4300	46.100584	0.0	2113193	3193	4.3
1526852404.04	4300	46.711068	0.0	2147852	3300	4.3
1526852407.51	4300	47.27463	0.0	2191074	3347	4.3
1526852411.07	4300	47.680345	0.0	2286761	3457	4.3
1526852414.72	4300	48.056917	0.0	2307787	3530	4.3
1526852418.1	4300	48.669137	0.0	2143948	3255	4.3
1526852421.09	4300	49.658727	0.0	1919781	2899	4.3
1526852424.47	4300	50.276455	0.0	2147467	3295	4.3
1526852427.83	4300	50.92142	0.0	2133870	3262	4.3
1526852431.19	4300	51.558146	0.0	2146120	3273	4.3
1526852434.51	4300	52.238067	0.0	2108491	3231	4.3
1526852437.98	4300	52.779405	0.0	2184571	3364	4.3
1526852441.28	4300	53.46737	0.0	2121928	3221	4.3
1526852444.78	4300	53.974955	0.0	2219102	3406	4.3
1526852448.12	4300	54.627713	0.0	2124950	3261	4.3
1526852451.65	4300	55.095567	0.0	2246506	3433	4.3
1526852454.86	4300	55.943018	0.0	1961140	3062	4.3
1526852458.14	4300	56.620922	0.0	2155012	3182	4.3
1526852460.38	4300	56.053578	0.0	1433658	2149	4.3

1526852461.43	750	4	0.765	668286	732	-3.2895
1526852461.51	1850	7.979016	0.0	957685	3	0.75
1526852461.58	4300	11.912715	0.0	2177073	3	1.8499999999999996
1526852461.64	4300	15.847939	0.0	2160877	2	4.3
1526852461.71	4300	19.77924	0.0	2233056	5	4.3
1526852461.78	4300	23.714949	0.0	1941625	6	4.3
1526852461.84	4300	27.651768	0.0	2157535	3	4.3
1526852461.92	4300	31.565657	0.0	2290172	19	4.3
1526852461.99	4300	35.502716	0.0	2055469	2	4.3
1526852462.05	4300	39.441151	0.0	2169201	3	4.3
1526852462.11	4300	43.379069	0.0	2173522	3	4.3
1526852462.17	4300	47.317405	0.0	2102452	4	4.3
1526852462.24	4300	51.2552	0.0	2209463	5	4.3
1526852462.31	4300	55.183108	0.0	2275376	7	4.3
1526852462.38	4300	59.123931	0.0	2005399	3	4.3
1526852465.96	4300	59.748541	0.0	2152483	7	4.3
1526852469.54	4300	59.998938	0.0	2289689	7	4.3
1526852473.64	4300	59.99874	0.0	2059512	11	4.3
1526852477.74	4300	59.998716	0.0	2220726	6	4.3
1526852481.83	4300	59.748366	0.0	2156729	7	4.3
1526852485.92	4300	59.747903	0.0	2039773	7	4.3
1526852489.52	4300	59.999082	0.0	2176469	13	4.3
1526852493.59	4300	59.998596	0.0	2221506	3	4.3
1526852497.68	4300	59.998919	0.0	2044075	15	4.3
1526852501.76	4300	59.748532	0.0	2186790	6	4.3
1526852505.84	4300	59.748965	0.0	2105231	3	4.3
1526852509.94	4300	59.749175	0.0	2395588	17	4.3
1526852513.52	4300	59.998467	0.0	1972048	4	4.3
1526852517.61	4300	59.998946	0.0	2134614	12	4.3
1526852521.69	4300	59.997785	0.0	2164140	3	4.3
1526852525.8	4300	59.748484	0.0	2113193	5	4.3
1526852529.89	4300	59.749497	0.0	2147852	3	4.3
1526852533.97	4300	59.748241	0.0	2191074	10	4.3
1526852537.56	4300	59.998562	0.0	2286761	4	4.3
1526852541.66	4300	59.998571	0.0	2307787	13	4.3
1526852545.77	4300	59.99866	0.0	2143948	5	4.3
1526852549.87	4300	59.747949	0.0	1919781	8	4.3
1526852553.95	4300	59.748694	0.0	2147467	5	4.3
1526852557.53	4300	59.997805	0.0	2133870	11	4.3
1526852561.61	4300	59.998589	0.0	2146120	4	4.3
1526852565.69	4300	59.999074	0.0	2108491	7	4.3
1526852569.79	4300	59.748257	0.0	2184571	9	4.3
1526852573.88	4300	59.749335	0.0	2121928	4	4.3
1526852577.95	4300	59.747831	0.0	2219102	4	4.3
1526852581.53	4300	59.998515	0.0	2124950	5	4.3
1526852585.62	4300	59.998829	0.0	2246506	12	4.3
1526852589.72	4300	59.998256	0.0	1961140	14	4.3
1526852593.83	4300	59.748228	0.0	2155012	5	4.3
1526852595.41	4300	59.92846	0.0	1433658	10	4.3

1526852595.7	750	4	0.013	668286	4	-0.05589999999999995
1526852596.51	4300	7.253126	0.0	2123065	697	0.75
1526852596.58	4300	11.183611	0.0	2177073	5	4.3
1526852596.66	4300	15.096233	0.0	2160877	17	4.3
1526852596.73	4300	19.031856	0.0	2233056	3	4.3
1526852596.81	4300	22.951885	0.0	1941625	9	4.3
1526852596.87	4300	26.889763	0.0	2157535	3	4.3
1526852596.95	4300	30.807897	0.0	2290172	8	4.3
1526852597.01	4300	34.742957	0.0	2055469	5	4.3
1526852597.08	4300	38.681002	0.0	2169201	4	4.3
1526852597.16	4300	42.59642	0.0	2173522	16	4.3
1526852597.25	4300	46.517026	0.0	2102452	12	4.3
1526852597.31	4300	50.452962	0.0	2209463	2	4.3
1526852597.37	4300	54.390798	0.0	2275376	4	4.3
1526852597.42	4300	58.332779	0.0	2005399	3	4.3
1526852600.51	4300	59.498963	0.0	2152483	6	4.3
1526852604.09	4300	59.748865	0.0	2289689	8	4.3
1526852608.18	4300	59.748365	0.0	2059512	7	4.3
1526852611.78	4300	59.999472	0.0	2220726	10	4.3
1526852615.89	4300	59.999275	0.0	2156729	11	4.3
1526852620.0	4300	59.999373	0.0	2039773	15	4.3
1526852624.1	4300	59.749388	0.0	2176469	13	4.3
1526852628.22	4300	59.74897	0.0	2221506	9	4.3
1526852631.8	4300	59.998905	0.0	2044075	7	4.3
1526852635.9	4300	59.998113	0.0	2186790	12	4.3
1526852639.99	4300	59.999164	0.0	2105231	12	4.3
1526852644.09	4300	59.7482	0.0	2395588	11	4.3
