1527221344.78	750	4	0.343	450283	12	-1.4748999999999999
1527221355.05	4300	4.248167	7.119	2123065	9228	-29.861699999999995
1527221362.87	1850	4.369055	3.947	877771	7299	-17.5721
1527221363.74	750	7.47718	0.0	382355	611	-0.3500000000000001
1527221364.35	300	10.878875	0.0	163442	269	-0.15000000000000002
1527221364.81	300	14.418446	0.0	126289	191	0.3
1527221365.46	300	17.773128	0.0	153295	390	0.3
1527221366.18	300	21.040307	0.0	173849	470	0.3
1527221367.48	750	23.75521	0.0	374758	1019	0.3
1527221370.12	1850	25.112618	0.0	913888	2351	0.75
1527221372.52	1850	26.711055	0.0	939819	2123	1.85
1527221376.81	1850	26.439632	0.0	917428	4001	1.85
1527221382.96	1850	24.266207	0.0	946851	5880	1.85
1527221385.58	1850	25.66242	0.0	1036454	2333	1.85
1527221387.47	1850	27.740878	0.0	821631	1659	1.85
1527221393.73	1850	25.506323	0.0	923170	6019	1.85
1527221400.77	1850	22.464217	0.0	966699	6769	1.85
1527221421.59	1850	5.633429	0.0	885714	20532	1.85
1527221422.42	300	8.823717	0.0	165384	601	-1.25
1527221423.93	750	11.28065	0.0	350713	1300	0.3
1527221432.38	750	8.508362	0.0	386472	6573	0.75
1527221438.59	750	4.582549	0.0	399894	5844	0.75
1527221439.65	300	7.57488	0.0	163927	758	-0.15000000000000002
1527221440.31	300	10.916294	0.0	137654	447	0.3
1527221441.1	750	14.121798	0.0	359903	566	0.3
1527221442.58	1850	16.631866	0.0	905935	1265	0.75
1527221444.34	1850	18.867857	0.0	1076599	1534	1.85
1527221445.56	1850	21.660821	0.0	758197	1009	1.85
1527221446.93	1850	24.288336	0.0	972798	1161	1.85
1527221448.3	1850	26.922156	0.0	975811	1161	1.85
1527221471.67	4300	7.686905	0.0	2113193	22987	1.8499999999999996
1527221475.59	300	7.667404	0.0	157488	3567	-3.7
1527221477.6	300	9.639063	0.0	143881	1708	0.3
1527221478.31	300	12.938097	0.0	163444	461	0.3
1527221482.18	750	13.32066	0.0	401088	3318	0.3
1527221483.86	300	15.342321	0.0	159914	1466	-0.15000000000000002
1527221485.69	750	17.535225	0.0	321064	1551	0.3
1527221490.26	1850	16.996291	0.0	938587	4289	0.75
1527221493.62	1850	17.607575	0.0	908665	3130	1.85
1527221499.3	1850	15.923636	0.0	930577	5443	1.85
1527221503.55	1850	15.673893	0.0	858450	3950	1.85
1527221514.67	1850	12.586465	0.0	1025005	6851	1.85
1527221520.17	1850	7.012923	0.0	886255	5031	1.85
1527221522.04	750	9.215135	0.0	438281	1595	-0.3500000000000001
1527221523.69	750	11.535225	0.0	398987	1419	0.75
1527221525.23	750	13.986864	0.0	393804	1328	0.75
1527221529.26	1850	13.98208	0.0	830730	3768	0.75
1527221534.0	1850	13.274158	0.0	846370	4464	1.85
1527221537.34	1850	11.566758	0.0	598850	3107	1.85

1527221541.33	750	4	2.675	668286	2566	-11.5025
1527221543.17	750	6.191231	0.0	398865	1518	0.75
1527221544.64	750	8.727685	0.0	350812	1251	0.75
1527221546.3	750	11.054847	0.0	382355	1455	0.75
