1527463019.64	750	39.652552	3.657	179801	9427	-15.7251
1527463058.17	1200	4.529581	0.0	140051	4642	0.75
1527463058.29	1200	4.047258	0.0	140051	4642	1.2
1527463058.55	750	3.883634	0.0	140051	4642	0.3
1527463058.77	300	3.665354	0.0	140051	4642	-0.15000000000000002
1527463063.18	300	4.435333	0.525	138313	3370	-1.9574999999999998
1527463063.86	300	6.994113	0.0	143509	400	0.3
1527463064.49	300	10.434823	0.0	150616	372	0.3
1527463064.69	750	10.279664	0.0	150616	372	0.3
1527463064.86	1200	10.070037	0.0	150616	372	0.75
1527463066.77	1850	12.158601	0.0	987708	1498	1.2000000000000002
1527463070.97	2850	11.945194	0.0	1336050	3823	1.85
1527463074.32	2850	12.593254	0.0	1415116	3105	2.85
1527463083.56	2850	7.333958	0.0	1468126	9015	2.85
1527463087.57	2850	7.339467	0.0	1505760	3714	2.85
1527463094.2	2850	4.924514	0.0	1323990	6168	2.85
1527463094.38	1850	4.577247	0.0	1323990	6168	0.8500000000000001
1527463099.67	1850	4.459242	1.169	897976	4938	-3.1767
1527463099.83	1200	4.246487	0.0	897976	4938	0.5499999999999999
1527463103.89	1200	4.364279	0.183	590335	3815	0.4131
1527463124.58	1200	14.641677	14.983	149029	520	-63.226899999999986
1527463124.71	1850	14.512238	0.0	149029	520	1.2000000000000002
1527463137.86	1850	5.616533	0.0	873429	12681	1.85
1527463151.56	1850	59.838695	0.0	118421	207	1.85
1527463173.94	4300	39.0907	0.0	391450	10978	1.8499999999999996
1527463174.18	2850	38.801698	0.0	391450	10978	1.4000000000000001
1527463174.39	1850	38.560367	0.0	391450	10978	0.8500000000000001
1527463174.56	1200	38.385023	0.0	391450	10978	0.5499999999999999
1527463174.72	300	38.223019	0.0	391450	10978	-0.6000000000000001
1527463446.26	750	3.9989	-20.211	181801	219	87.2073
1527463449.11	4300	5.143596	0.0	2123065	2519	0.75
1527463451.91	4300	6.336421	0.0	2177073	2581	4.3
1527463454.78	4300	7.473452	0.0	2160877	2573	4.3
1527463458.67	4300	7.77932	0.0	2233056	3449	4.3
1527463476.69	4300	4.479139	10.738	520315	10558	-41.873400000000004
1527463477.07	4300	4.144066	0.0	520315	10558	4.3
1527463490.4	2850	4.272697	5.679	709534	4871	-23.0197
1527463496.96	1850	4.370776	2.648	852833	6182	-10.5364
1527463497.11	1200	4.210018	0.0	852833	6182	0.5499999999999999
1527463502.06	750	4.261202	1.0	362795	4559	-4.0
1527463504.4	750	5.896938	0.0	353220	2101	0.75
1527463507.02	750	7.262999	0.0	405134	2417	0.75
1527463508.7	750	9.585163	0.0	386351	1476	0.75
1527463510.48	750	11.828279	0.0	434409	1547	0.75
1527463510.62	1200	11.680194	0.0	434409	1547	0.75
1527463512.95	1200	13.356679	0.0	526950	2116	1.2
1527463513.07	1850	13.227941	0.0	526950	2116	1.2000000000000002
1527463516.31	1850	13.982204	0.0	923170	3019	1.85
1527463520.14	1850	14.167384	0.0	966699	3623	1.85
1527463523.64	1850	14.664273	0.0	885714	3277	1.85
1527463532.33	1850	10.208781	0.0	987708	8217	1.85
1527463532.44	1200	9.83919	0.0	987708	8217	0.5499999999999999
1527463537.29	1200	9.03008	0.0	586839	4461	1.2
1527463542.79	1200	7.533074	0.0	601738	5252	1.2
1527463542.94	750	7.3635	0.0	601738	5252	0.3
1527463549.29	750	5.041624	0.0	399894	6091	0.75
1527463555.64	750	4.267535	1.612	401853	6019	-6.1815999999999995
1527463555.8	300	4.126473	0.0	401853	6019	-0.15000000000000002
1527463558.51	300	5.424996	0.0	137654	2451	0.3
1527463559.75	300	8.149096	0.0	146754	1021	0.3
1527463561.12	300	10.796817	0.0	153938	1151	0.3
1527463562.45	300	13.508295	0.0	181901	1067	0.3
1527463562.61	750	13.326995	0.0	181901	1067	0.3
1527463563.92	750	15.988677	0.0	277716	1108	0.75
1527463564.08	1200	15.866331	0.0	277716	1108	0.75
1527463567.44	1200	16.468341	0.0	622896	3147	1.2
1527463570.05	1200	17.871122	0.0	641447	2378	1.2
1527463572.81	1200	19.091957	0.0	570392	2553	1.2
1527463575.07	1200	20.841703	0.0	620283	2026	1.2
1527463577.12	1200	22.81869	0.0	584349	1788	1.2
1527463577.26	1850	22.664044	0.0	584349	1788	1.2000000000000002
1527463580.54	1850	23.36994	0.0	1035329	3008	1.85
1527463584.05	1850	23.865286	0.0	1026056	3270	1.85
1527463588.64	1850	23.259506	0.0	943942	4378	1.85
1527463593.75	1850	22.167895	0.0	728962	4888	1.85
1527463673.0	750	3.998702	-21.422	181801	473	91.7646
1527463675.81	1850	5.182271	0.0	957685	2545	0.75
1527463678.47	1850	6.549873	0.0	877771	2434	1.85
1527463681.4	1850	7.595347	0.0	933276	2707	1.85
1527463684.85	1850	8.1624	0.0	996749	3215	1.85
1527463687.48	1850	9.517996	0.0	801058	2424	1.85
1527463690.49	1850	10.51724	0.0	905515	2790	1.85
1527463694.02	1850	10.976264	0.0	1060487	3310	1.85
1527463696.62	1850	12.377355	0.0	852833	2400	1.85
1527463699.55	1850	13.442918	0.0	913888	2695	1.85
1527463702.73	1850	14.271963	0.0	939819	2942	1.85
1527463706.28	1850	14.719367	0.0	917428	3318	1.85
1527463709.32	1850	15.690382	0.0	946851	2842	1.85
1527463714.66	1850	14.383105	0.0	1036454	5077	1.85
1527463725.99	1850	7.078566	0.0	821631	10918	1.85
1527463737.42	1850	19.643286	0.0	157671	427	1.85
1527463739.18	750	21.821327	0.0	399894	1467	-0.3500000000000001
1527463740.66	1200	24.378757	0.0	656471	1136	0.75
1527463740.78	1850	24.222272	0.0	656471	1136	1.2000000000000002
1527463742.21	1850	26.811728	0.0	874175	1168	1.85
1527463744.34	2850	28.676533	0.0	1383735	1817	1.85
1527463747.7	4300	29.339792	0.0	2105231	2944	2.8499999999999996
1527463751.37	4300	29.691206	0.0	2395588	3372	4.3
1527463757.71	4300	27.304984	0.0	1972048	6009	4.3
1527463762.65	4300	26.363985	0.0	2134614	4611	4.3
1527463768.04	4300	24.974293	0.0	2164140	5142	4.3
1527463768.17	2850	24.847042	0.0	2164140	5142	1.4000000000000001
1527463772.07	2850	24.952701	0.0	1341201	3648	2.85
1527463776.46	2850	24.574829	0.0	1497683	4086	2.85
1527463776.61	1850	24.422184	0.0	1497683	4086	0.8500000000000001
1527463780.37	1850	24.733318	0.0	885062	3399	1.85
1527463784.83	1850	24.206222	0.0	1035329	4155	1.85
1527463787.82	1850	25.202773	0.0	1026056	2724	1.85
1527463790.02	1850	27.049147	0.0	943942	1917	1.85
1527463791.67	1850	29.347973	0.0	728962	1389	1.85
1527463794.33	1850	30.708888	0.0	938587	2382	1.85
1527463797.16	1850	31.851931	0.0	908665	2585	1.85
1527463797.31	2850	31.727812	0.0	908665	2585	1.85
1527463801.78	2850	31.278096	0.0	1402287	4200	2.85
1527463801.97	1850	31.136469	0.0	1402287	4200	0.8500000000000001
1527463805.31	1850	31.725812	0.0	858450	3091	1.85
1527463808.7	1850	32.351857	0.0	1025005	3158	1.85
1527463811.48	1850	33.618624	0.0	886255	2493	1.85
1527463815.61	1850	33.517231	0.0	973972	3780	1.85
1527463819.36	1850	33.680158	0.0	958994	3534	1.85
1527463822.0	1850	35.082379	0.0	982064	2395	1.85
1527463823.78	1850	37.31385	0.0	830730	1511	1.85
1527463825.66	1850	39.429397	0.0	846370	1607	1.85
1527463827.54	1850	39.195096	0.0	598850	1644	1.85

1527463827.7	2850	39.043466	0.561	598850	1644	-2.4122999999999997
1527463832.82	750	3.968852	3.268	1728879	3670	-15.4024
1527463837.98	2850	4.472233	1.728	1431809	4893	-6.680399999999999
1527463855.78	1850	10.905888	0.243	437162	5879	-0.19489999999999985
1527463859.06	1200	11.648134	0.0	584846	2908	0.5499999999999999
1527463863.7	1200	11.16318	0.0	560821	4274	1.2
1527463874.82	1200	55.926111	0.0	137654	700	1.2
1527463874.96	1200	55.763735	0.0	137654	700	1.2
1527463879.38	1200	55.377485	0.0	587236	4153	1.2
1527463881.25	1200	57.459312	0.0	590335	1661	1.2
1527463883.17	1200	59.709089	0.0	696376	1203	1.2
1527463883.31	1850	59.417893	0.0	696376	1203	1.2000000000000002
1527463886.86	1850	59.959388	0.0	758197	1820	1.85
1527463891.17	1850	59.708361	0.0	972798	2993	1.85
1527463891.35	2850	59.398229	0.0	972798	2993	1.85
1527463895.88	2850	58.840978	0.0	1561263	4314	2.85
1527463896.0	1850	58.71659	0.0	1561263	4314	0.8500000000000001
1527463900.48	1850	58.24709	0.0	873429	4243	1.85
1527463903.87	1850	58.842266	0.0	954453	3155	1.85
1527463906.92	1850	59.958979	0.0	885062	2292	1.85
1527463913.54	1850	57.189395	0.0	1035329	6352	1.85
1527463917.38	1850	57.335294	0.0	1026056	3575	1.85
1527463920.95	1850	57.781151	0.0	943942	3315	1.85
1527463924.13	1850	58.574011	0.0	728962	2993	1.85
1527463931.93	1850	54.80847	0.0	938587	7496	1.85
1527463932.05	1200	54.650541	0.0	938587	7496	0.5499999999999999
1527463934.14	1200	56.753791	0.0	605884	1626	1.2
1527463936.26	1200	58.474473	0.0	587506	1744	1.2
1527463948.04	1200	50.72263	0.0	566904	11501	1.2
1527463985.96	1200	16.792861	0.0	161857	11817	1.2
1527463986.26	1200	16.60937	0.0	161857	11817	1.2
1527463986.74	750	16.042328	0.0	161857	11817	0.3
1527463986.95	300	15.806742	0.0	161857	11817	-0.15000000000000002
1527463990.83	300	16.096773	0.0	145210	3105	0.3
1527463991.84	300	19.02336	0.0	172312	651	0.3
1527463993.51	300	22.206407	0.0	167025	458	0.3
1527463994.33	750	21.035171	0.0	167025	458	0.3
1527463994.6	1200	20.237172	0.0	167025	458	0.75
1527463994.84	1850	19.960863	0.0	167025	458	1.2000000000000002
1527463997.82	1850	20.978417	0.0	982064	2602	1.85
1527464000.37	1850	22.419351	0.0	830730	2226	1.85
1527464002.48	1850	24.230877	0.0	846370	1877	1.85
1527464004.39	1850	24.049487	0.0	598850	1672	1.85
1527464114.68	750	3.994485	1.147	1034108	6802	-5.2821
1527464117.96	750	4.729549	0.0	398865	2893	0.75
1527464119.9	750	6.770179	0.0	350812	1673	0.75
1527464121.27	750	9.397239	0.0	382355	1153	0.75
1527464123.83	1200	10.822338	0.0	652874	2244	0.75
1527464126.22	1200	12.444458	0.0	520315	2152	1.2
1527464130.32	1200	12.339482	0.0	561791	3823	1.2
1527464133.81	1200	12.857022	0.0	709534	3262	1.2
1527464136.34	1200	14.328453	0.0	584846	2291	1.2
1527464144.95	1200	10.287863	0.0	560821	7787	1.2
1527464159.46	1200	51.241585	0.0	137654	523	1.2
1527464159.65	1200	51.091471	0.0	137654	523	1.2
1527464163.29	1200	51.441842	0.0	587236	3345	1.2
1527464166.34	1200	52.358949	0.0	590335	2809	1.2
1527464169.88	1200	52.833695	0.0	696376	3299	1.2
1527464171.87	1200	54.836681	0.0	487160	1748	1.2
1527464174.43	1200	56.268476	0.0	622896	2289	1.2
1527464177.35	1200	57.38364	0.0	641447	2593	1.2
1527464182.61	1200	56.092763	0.0	570392	4843	1.2
1527464187.22	1200	55.497105	0.0	620283	4304	1.2
1527464193.25	1200	53.466546	0.0	584349	5689	1.2
1527464197.71	1200	53.039338	0.0	670129	4152	1.2
1527464201.07	1200	53.62328	0.0	690253	2966	1.2
1527464204.7	1200	54.019774	0.0	598727	3384	1.2
1527464206.98	1200	55.731274	0.0	487812	1976	1.2
1527464209.45	1200	57.26647	0.0	575591	2169	1.2
1527464211.46	1200	59.30564	0.0	605884	1705	1.2
1527464215.0	1200	59.72838	0.0	587506	2228	1.2
1527464218.96	1200	59.976775	0.0	566904	1135	1.2
1527464219.13	1850	59.578867	0.0	566904	1135	1.2000000000000002
1527464223.15	1850	59.728206	0.0	1025005	2693	1.85
1527464246.09	1850	43.771353	0.0	372093	9063	1.85
1527464246.21	1850	40.440041	0.0	372093	9063	1.85
1527464332.98	750	3.991004	-4.561	450283	1456	19.262299999999996
1527464335.93	1850	4.984872	0.0	957685	2644	0.75
1527464337.65	1850	7.266041	0.0	877771	1461	1.85
1527464340.97	2850	7.950417	0.0	1520281	2991	1.85
1527464343.76	2850	9.14481	0.0	1472558	2550	2.85
1527464346.02	2850	10.932523	0.0	1224260	2005	2.85
1527464348.06	2850	12.880079	0.0	1388403	1807	2.85
1527464351.58	4300	13.385715	0.0	2290172	3159	2.8499999999999996
1527464354.91	4300	14.071808	0.0	2055469	3073	4.3
1527464359.23	4300	13.719636	0.0	2169201	4052	4.3
1527464363.27	4300	13.682064	0.0	2173522	3794	4.3
1527464367.27	4300	13.974054	0.0	2102452	3479	4.3
1527464367.34	2850	13.586503	0.0	2102452	3479	1.4000000000000001
1527464374.41	2850	10.586639	0.0	1422919	6816	2.85
1527464376.68	2850	12.301584	0.0	1578343	1935	2.85
1527464378.37	2850	14.597318	0.0	1231445	1491	2.85
1527464378.49	4300	14.481933	0.0	1231445	1491	2.8499999999999996
1527464381.28	4300	15.712924	0.0	2152483	2549	4.3
1527464384.26	4300	16.715306	0.0	2289689	2759	4.3
1527464392.12	4300	12.871961	0.0	2059512	7601	4.3
1527464412.33	4300	12.653062	0.0	163927	2424	4.3
1527464413.74	300	15.282478	0.0	137654	1151	-3.7
1527464415.23	300	17.808011	0.0	146754	1230	0.3
1527464415.42	750	17.576354	0.0	146754	1230	0.3
1527464415.62	300	17.399658	0.0	146754	1230	-0.15000000000000002
1527464415.77	750	17.231853	0.0	146754	1230	0.3
1527464418.3	750	18.681289	0.0	379700	2280	0.75
1527464421.09	750	19.917695	0.0	425781	2533	0.75
1527464423.05	750	21.937828	0.0	277716	1723	0.75
1527464428.04	750	20.984738	0.0	400396	4715	0.75
1527464432.01	750	20.998086	0.0	400508	3613	0.75
1527464433.93	750	23.084081	0.0	358218	1652	0.75
1527464436.24	750	24.754873	0.0	400322	2080	0.75
1527464437.9	750	27.075159	0.0	369834	1413	0.75
1527464440.63	1200	28.347649	0.0	670129	2454	0.75
1527464443.3	1200	29.687721	0.0	690253	2421	1.2
1527464445.53	1200	31.457058	0.0	598727	1982	1.2
1527464445.66	1850	31.320949	0.0	598727	1982	1.2000000000000002
1527464448.59	1850	32.4001	0.0	728962	2704	1.85
1527464452.27	1850	32.70572	0.0	938587	3468	1.85
1527464459.56	1850	29.529809	0.0	908665	6964	1.85
1527464459.71	1200	29.292121	0.0	908665	6964	0.5499999999999999
1527464464.9	1200	28.11912	0.0	587506	4836	1.2
