1527222084.25	750	4	41.312	450283	41163	-177.6416
1527222085.92	300	5.802178	0.0	155580	496	-0.15000000000000002
1527222086.61	300	9.155408	0.0	139857	297	0.3
1527222087.24	300	12.47911	0.0	155432	284	0.3
1527222087.81	300	15.896877	0.0	163442	236	0.3
1527222088.38	300	19.322923	0.0	126289	223	0.3
1527222091.3	1850	20.43803	0.0	905515	2442	0.30000000000000004
1527222095.6	2850	20.119923	0.0	1638769	3875	1.85
1527222101.86	2850	17.843378	0.0	1348011	5911	2.85
1527222108.36	2850	15.321269	0.0	1429765	6076	2.85
1527222110.59	1850	17.089675	0.0	939819	1916	0.8500000000000001
1527222116.5	1850	15.21791	0.0	917428	5590	1.85
1527222122.58	1850	13.098538	0.0	946851	5751	1.85
1527222144.8	1850	4.24383	9.341	1036454	21886	-38.31629999999999
1527222145.86	300	7.406296	0.0	140051	464	-1.25
1527222146.6	300	10.387911	0.0	138313	470	0.3
1527222147.47	300	13.5625	0.0	143509	573	0.3
1527222148.86	300	16.168588	0.0	150616	1091	0.3
1527222152.28	300	16.737537	0.0	165384	3103	0.3
1527222156.84	300	16.360373	0.0	140881	4035	0.3
1527222160.6	300	16.43633	0.0	157671	3414	0.3
1527222162.39	300	18.6442	0.0	157812	1505	0.3
1527222163.46	300	21.581262	0.0	163927	779	0.3
1527222164.2	300	24.830806	0.0	137654	437	0.3
1527222164.71	300	28.316273	0.0	146754	225	0.3
1527222165.28	300	31.738511	0.0	153938	277	0.3
1527222167.14	1850	33.889123	0.0	1076599	1540	0.30000000000000004
1527222170.23	4300	34.801219	0.0	1972048	2686	1.8499999999999996
1527222173.12	4300	35.915349	0.0	2134614	2569	4.3
1527222203.01	4300	10.056811	0.0	2164140	29508	4.3
1527222207.52	300	9.980183	0.0	157421	3588	-3.7
1527222208.3	300	12.69046	0.0	157488	510	0.3
1527222209.5	300	15.537517	0.0	143881	852	0.3
1527222210.49	300	18.547683	0.0	163444	659	0.3
1527222211.96	300	21.086693	0.0	179328	1170	0.3
1527222212.98	300	24.065738	0.0	159914	730	0.3
1527222215.55	1850	25.491182	0.0	728962	2257	0.30000000000000004
1527222219.5	1850	25.545965	0.0	938587	3647	1.85
1527222225.25	1850	23.794602	0.0	908665	5448	1.85
1527222229.71	1850	23.326124	0.0	930577	4055	1.85
1527222241.22	1850	15.844219	0.0	858450	11181	1.85
1527222243.3	750	17.725082	0.0	384505	1720	-0.3500000000000001
1527222244.15	300	20.904016	0.0	145210	528	-0.15000000000000002
1527222246.14	750	22.889228	0.0	438281	1685	0.3
1527222247.17	300	25.910586	0.0	167025	662	-0.15000000000000002
1527222248.0	300	29.048285	0.0	160064	526	0.3
1527222257.46	4300	23.591548	0.0	1961140	9114	0.2999999999999998
1527222267.16	4300	17.878804	0.0	2155012	9314	4.3
1527222275.66	4300	11.060661	0.0	1433658	8250	4.3

1527222283.97	750	3.989653	6.573	668286	6467	-28.2639
1527222286.03	300	5.935299	0.0	155580	1651	-0.15000000000000002
1527222287.07	300	8.893532	0.0	139857	733	0.3
1527222288.26	300	11.745416	0.0	155432	839	0.3
1527222289.49	300	14.486531	0.0	163442	908	0.3
1527222291.89	750	16.081978	0.0	318564	1970	0.3
1527222292.99	300	18.981865	0.0	153295	777	-0.15000000000000002
1527222298.45	1850	17.502174	0.0	1060487	5057	0.30000000000000004
1527222302.27	1850	17.722863	0.0	852833	3491	1.85
1527222305.42	1850	18.548333	0.0	913888	2796	1.85
1527222310.38	1850	17.599369	0.0	939819	4612	1.85
1527222312.22	1850	19.76712	0.0	917428	1528	1.85
1527222314.49	1850	21.475204	0.0	946851	1964	1.85
1527222331.53	2850	8.496746	0.0	1578343	16547	1.85
1527222337.33	300	6.664364	0.0	140051	2581	-2.25
1527222344.19	300	5.139005	0.0	138313	5141	0.3
1527222344.88	300	7.051644	0.0	143509	380	0.3
1527222345.65	300	10.357166	0.0	150616	421	0.3
1527222346.41	300	13.587717	0.0	165384	438	0.3
1527222347.07	300	16.936365	0.0	140881	324	0.3
1527222347.74	300	20.252101	0.0	157671	355	0.3
1527222351.75	2850	20.230154	0.0	1468126	3700	0.30000000000000027
1527222356.31	2850	19.684464	0.0	1505760	4236	2.85
1527222365.28	2850	14.702279	0.0	1323990	8635	2.85
1527222369.46	1850	14.529618	0.0	897976	3803	0.8500000000000001
1527222380.44	1850	7.544569	0.0	905935	10644	1.85
1527222381.73	300	10.246783	0.0	181901	977	-1.25
1527222382.61	300	13.376027	0.0	111155	574	0.3
1527222383.69	300	16.303643	0.0	153605	773	0.3
1527222385.29	300	18.70737	0.0	149029	1004	0.3
1527222386.37	300	21.633362	0.0	157421	734	0.3
1527222390.5	1850	21.49684	0.0	954453	3811	0.30000000000000004
1527222395.34	1850	20.644237	0.0	885062	4511	1.85
1527222399.77	1850	20.223972	0.0	1035329	4113	1.85
1527222410.0	1850	13.998798	0.0	1026056	9905	1.85
1527222422.42	1850	5.570422	0.0	943942	11879	1.85
1527222423.3	750	8.675734	0.0	321064	541	-0.3500000000000001
1527222423.86	300	12.123981	0.0	124011	228	-0.15000000000000002
1527222425.22	750	14.783428	0.0	378327	998	0.3
1527222426.04	300	17.947313	0.0	149991	538	-0.15000000000000002
1527222426.81	300	21.176283	0.0	147968	479	0.3
1527222430.72	2850	21.273149	0.0	1527299	3571	0.30000000000000027
1527222433.29	2850	22.700188	0.0	1343002	2232	2.85
1527222436.59	2850	23.401651	0.0	1587250	2953	2.85
1527222440.32	4300	23.666031	0.0	2124950	3311	2.8499999999999996
1527222443.53	4300	24.459373	0.0	2246506	2903	4.3
1527222446.76	4300	25.216062	0.0	1961140	2935	4.3
1527222450.86	4300	25.140836	0.0	2155012	3734	4.3
1527222453.23	4300	24.439585	0.0	1433658	2083	4.3

1527222456.02	750	3.985791	1.372	668286	1257	-5.8995999999999995
1527222458.85	2850	4.67002	0.0	1431809	2238	0.75
1527222467.86	4300	4.250174	4.528	2177073	8577	-16.620399999999997
1527222469.47	1850	6.627241	0.0	933276	1168	-0.6000000000000001
1527222471.0	1850	9.128004	0.0	996749	1196	1.85
1527222472.27	1850	11.827849	0.0	801058	964	1.85
1527222473.72	1850	14.389486	0.0	905515	1098	1.85
1527222475.29	1850	16.811017	0.0	1060487	1269	1.85
1527222478.03	4300	18.081499	0.0	2055469	2433	1.8499999999999996
1527222488.95	4300	11.238485	0.0	2169201	10522	4.3
1527222503.49	1850	4.265476	3.623	939819	14090	-16.1789
1527222506.14	300	5.568111	0.0	156148	2166	-1.25
1527222507.72	300	8.000195	0.0	160746	1254	0.3
1527222510.08	300	9.643169	0.0	179801	2050	0.3
1527222511.1	300	12.6389	0.0	140051	692	0.3
1527222512.09	300	15.640055	0.0	138313	666	0.3
1527222513.14	300	18.610606	0.0	143509	741	0.3
1527222514.72	300	21.024284	0.0	150616	1252	0.3
1527222516.09	300	23.647891	0.0	165384	1040	0.3
1527222522.86	1200	20.878099	0.0	586839	6443	0.29999999999999993
1527222524.98	300	22.752163	0.0	157671	1676	-0.6000000000000001
1527222526.13	300	25.649812	0.0	157812	780	0.3
1527222527.32	300	28.428593	0.0	163927	844	0.3
1527222528.47	300	31.266088	0.0	137654	837	0.3
1527222529.51	300	34.221614	0.0	146754	747	0.3
1527222533.07	1850	34.651041	0.0	905935	3270	0.30000000000000004
1527222538.95	2850	32.793921	0.0	1547572	5498	1.85
1527222543.53	2850	32.19207	0.0	1141971	4262	2.85
1527222552.94	2850	26.801306	0.0	1498470	9059	2.85
1527222566.64	2850	17.104073	0.0	1561263	13229	2.85
1527222581.15	1850	6.588248	0.0	873429	14082	0.8500000000000001
1527222582.38	300	9.359696	0.0	157488	849	-1.25
1527222583.91	300	11.813457	0.0	143881	1160	0.3
1527222584.92	300	14.804763	0.0	163444	723	0.3
1527222585.92	300	17.804312	0.0	179328	713	0.3
1527222586.98	300	20.757896	0.0	159914	731	0.3
1527222590.7	1850	21.03103	0.0	728962	3411	0.30000000000000004
1527222594.99	1850	20.744518	0.0	938587	3982	1.85
1527222598.2	1850	21.53298	0.0	908665	2913	1.85
1527222601.45	1850	22.381167	0.0	930577	2837	1.85
1527222606.15	1850	21.589014	0.0	858450	4388	1.85
1527222611.25	1850	20.479633	0.0	1025005	4768	1.85
1527222617.96	1850	17.786565	0.0	886255	6275	1.85
1527222621.32	1850	18.439061	0.0	973972	3021	1.85
1527222625.27	1850	18.456496	0.0	958994	3613	1.85
1527222629.08	1850	18.633704	0.0	982064	3489	1.85
1527222633.61	2850	18.112174	0.0	1231456	4234	1.85
1527222638.9	2850	16.81889	0.0	1364537	5029	2.85
1527222642.97	2850	14.437224	0.0	889412	3766	2.85

1527222648.29	750	3.996619	3.734	668286	3639	-16.0562
1527222650.44	750	5.840957	0.0	398865	1743	0.75
1527222651.19	300	9.076414	0.0	139857	379	-0.15000000000000002
1527222654.28	1200	10.000251	0.0	617681	2784	0.29999999999999993
1527222658.7	1200	9.581501	0.0	652874	4104	1.2
1527222660.5	750	11.780344	0.0	318564	1477	0.3
1527222662.29	750	13.992737	0.0	352642	1455	0.75
1527222665.77	1200	14.512435	0.0	709534	3163	0.75
1527222666.76	750	17.503778	0.0	374758	688	0.3
1527222669.07	1850	19.217907	0.0	913888	1917	0.75
1527222672.26	1850	20.022118	0.0	939819	2875	1.85
1527222675.08	1850	21.208866	0.0	917428	2487	1.85
1527222679.84	2850	20.455716	0.0	1422919	4317	1.85
1527222684.52	2850	19.761335	0.0	1578343	4367	2.85
1527222688.23	2850	20.045052	0.0	1231445	3404	2.85
1527222694.52	4300	17.756607	0.0	2152483	5867	2.8499999999999996
1527222701.17	4300	15.110677	0.0	2289689	6251	4.3
1527222707.84	4300	12.440235	0.0	2059512	6341	4.3
1527222715.13	4300	9.134373	0.0	2220726	6975	4.3
1527222721.77	4300	6.511632	0.0	2156729	6212	4.3
1527222726.82	2850	5.466936	0.0	1415116	4692	1.4000000000000001
1527222730.37	1850	5.914761	0.0	955231	3186	0.8500000000000001
1527222734.01	1850	6.297627	0.0	968026	3309	1.85
1527222742.69	1850	4.283567	2.677	874175	8341	-9.661100000000001
1527222745.17	300	5.781022	0.0	146754	2020	-1.25
1527222748.99	300	5.997047	0.0	153938	3453	0.3
1527222751.89	300	7.080778	0.0	181901	2510	0.3
1527222753.34	300	9.617807	0.0	111155	1083	0.3
1527222757.73	300	9.421101	0.0	153605	3641	0.3
1527222758.71	300	12.283402	0.0	149029	565	0.3
1527222759.53	300	15.417882	0.0	157421	477	0.3
1527222760.54	300	18.421879	0.0	157488	644	0.3
1527222761.26	300	21.71408	0.0	143881	329	0.3
1527222762.0	300	24.976481	0.0	163444	358	0.3
1527222764.54	2850	26.428251	0.0	1492672	2149	0.30000000000000027
1527222766.82	2850	28.171998	0.0	1439896	1857	2.85
1527222769.89	4300	29.077659	0.0	1919781	2679	2.8499999999999996
1527222773.35	4300	29.650142	0.0	2147467	3045	4.3
1527222780.2	4300	26.810306	0.0	2133870	6403	4.3
1527222785.55	4300	25.394071	0.0	2146120	4901	4.3
1527222790.92	4300	24.170493	0.0	2108491	5019	4.3
1527222797.78	4300	21.32639	0.0	2184571	6344	4.3
1527222806.53	4300	16.813711	0.0	2121928	8142	4.3
1527222812.18	4300	15.799949	0.0	2219102	4995	4.3
1527222817.8	4300	14.794735	0.0	2124950	5059	4.3
1527222824.91	4300	11.548258	0.0	2246506	6642	4.3
1527222831.45	4300	8.97328	0.0	1961140	6219	4.3
1527222836.52	2850	7.913612	0.0	1364537	4775	1.4000000000000001
1527222840.1	2850	6.031843	0.0	889412	3229	2.85

1527222844.04	750	3.999277	1.699	668286	1527	-7.3057
1527222846.24	1850	5.7939	0.0	957685	1731	0.75
1527222848.68	1850	7.355563	0.0	877771	2062	1.85
1527222851.46	1850	8.588384	0.0	933276	2429	1.85
1527222855.29	2850	8.758253	0.0	1472558	3315	1.85
1527222859.96	2850	8.060861	0.0	1224260	4287	2.85
1527222864.66	1850	7.381483	0.0	905515	4324	0.8500000000000001
1527222865.92	300	10.134959	0.0	173849	805	-1.25
1527222866.81	300	13.245538	0.0	150710	540	0.3
1527222867.83	300	16.228824	0.0	139105	597	0.3
1527222870.21	750	17.829174	0.0	353220	1925	0.3
1527222872.13	300	19.946919	0.0	156148	1519	-0.15000000000000002
1527222876.53	300	20.404568	0.0	160746	884	0.3
1527222877.73	300	22.2416	0.0	179801	892	0.3
1527222879.44	750	24.590914	0.0	337059	1328	0.3
1527222880.84	300	27.206802	0.0	138313	993	-0.15000000000000002
1527222881.98	300	30.052382	0.0	143509	784	0.3
1527222888.24	1850	27.772563	0.0	885714	5940	0.30000000000000004
1527222890.38	1850	29.673094	0.0	987708	1731	1.85
1527222896.35	1850	27.681093	0.0	923755	5628	1.85
1527222902.06	1850	25.98392	0.0	891604	5352	1.85
1527222904.38	1850	27.64842	0.0	955231	1922	1.85
1527222907.23	1850	28.787192	0.0	968026	2544	1.85
1527222911.09	2850	28.949789	0.0	1323990	3507	1.85
1527222915.24	2850	28.770955	0.0	1383735	3829	2.85
1527222919.77	2850	28.245918	0.0	1480464	4205	2.85
1527222927.5	4300	24.512412	0.0	2395588	7308	2.8499999999999996
1527222933.23	4300	22.816861	0.0	1972048	5296	4.3
1527222941.96	4300	18.114773	0.0	2134614	8358	4.3
1527222954.07	4300	9.959694	0.0	2164140	11706	4.3
1527222957.05	1850	10.993331	0.0	873429	2566	-0.6000000000000001
1527222971.1	1850	4.37044	2.98	954453	13220	-10.964
1527223007.07	300	4.360469	32.432	143881	29970	-140.7076
1527223012.11	300	4.290626	0.953	163444	4653	-3.7978999999999994
1527223013.45	300	6.963737	0.0	179328	980	0.3
1527223014.98	300	10.056329	0.0	159914	471	0.3
1527223016.62	300	11.844759	0.0	131610	891	0.3
1527223017.14	300	15.235937	0.0	124011	198	0.3
1527223017.9	300	18.499059	0.0	144254	401	0.3
1527223019.9	1200	20.525112	0.0	587506	1613	0.29999999999999993
1527223022.42	1850	21.988141	0.0	858450	2157	1.2000000000000002
1527223025.13	1850	23.257711	0.0	1025005	2367	1.85
1527223030.2	1850	22.174175	0.0	886255	4766	1.85
1527223035.71	1850	20.65094	0.0	973972	5093	1.85
1527223038.05	1850	22.325816	0.0	958994	2018	1.85
1527223040.36	1850	24.020402	0.0	982064	1993	1.85
1527223048.78	2850	19.629063	0.0	1231456	8092	1.85
1527223075.56	2850	4.487367	5.555	1364537	24304	-21.0365
1527223076.39	300	3.158543	0.0	112270	495	-2.25

1527223090.98	750	3.996875	12.353	668286	12260	-53.11789999999999
1527223092.08	300	6.875484	0.0	155580	685	-0.15000000000000002
1527223092.79	300	10.177599	0.0	139857	375	0.3
1527223093.33	300	13.627463	0.0	155432	239	0.3
1527223093.84	300	17.12631	0.0	163442	201	0.3
1527223094.37	300	20.570318	0.0	126289	248	0.3
1527223095.98	1850	22.965866	0.0	905515	1247	0.30000000000000004
1527223099.46	4300	23.518808	0.0	2290172	3057	1.8499999999999996
1527223102.77	4300	24.177654	0.0	2055469	2983	4.3
1527223136.18	4300	4.498255	9.725	2169201	33084	-37.517500000000005
1527223137.3	300	7.462645	0.0	141840	640	-3.7
1527223139.32	300	9.440039	0.0	156148	1580	0.3
1527223140.63	300	12.052874	0.0	160746	979	0.3
1527223141.69	300	15.001677	0.0	179801	764	0.3
1527223142.47	300	18.239569	0.0	140051	436	0.3
1527223143.25	300	21.4376	0.0	138313	465	0.3
1527223143.98	300	24.708443	0.0	143509	436	0.3
1527223147.76	1850	24.948971	0.0	885714	3453	0.30000000000000004
1527223153.8	1850	22.883588	0.0	987708	5740	1.85
1527223158.18	1850	22.526846	0.0	923755	4044	1.85
1527223169.88	1850	15.151332	0.0	891604	11021	1.85
1527223172.05	750	16.574926	0.0	399894	1749	-0.3500000000000001
1527223173.8	750	18.882882	0.0	401853	1441	0.75
1527223175.56	750	21.200013	0.0	343800	1377	0.75
1527223177.06	750	23.648702	0.0	359903	1140	0.75
1527223177.84	300	26.876065	0.0	153938	424	-0.15000000000000002
1527223183.37	1850	25.383408	0.0	1076599	5121	0.30000000000000004
1527223190.01	2850	22.697725	0.0	1141971	6190	1.85
1527223196.14	2850	20.536992	0.0	1498470	5756	2.85
1527223206.59	2850	14.092739	0.0	1561263	10132	2.85
1527223214.82	1850	9.864918	0.0	873429	7842	0.8500000000000001
1527223218.87	1200	9.809417	0.0	620283	3718	0.5499999999999999
1527223220.14	300	12.578177	0.0	143881	941	-0.6000000000000001
1527223221.53	300	15.409048	0.0	163444	857	0.3
1527223222.58	300	18.052295	0.0	179328	790	0.3
1527223223.28	300	21.3937	0.0	159914	418	0.3
1527223227.72	1850	21.018329	0.0	728962	4075	0.30000000000000004
1527223231.61	1850	21.100951	0.0	938587	3562	1.85
1527223235.37	1850	21.324149	0.0	908665	3434	1.85
1527223237.73	1850	22.954735	0.0	930577	2020	1.85
1527223239.87	1850	24.858577	0.0	858450	1801	1.85
1527223243.01	2850	25.683704	0.0	1527299	2794	1.85
1527223255.61	2850	18.400343	0.0	1343002	10954	2.85
1527223272.59	1850	4.440699	0.339	973972	16211	-0.6076999999999999
1527223275.53	300	5.581481	0.0	167025	2459	-1.25
1527223276.23	300	8.822743	0.0	160064	341	0.3
1527223276.81	300	12.227791	0.0	137507	303	0.3
1527223277.38	300	15.666943	0.0	118421	277	0.3
1527223277.95	300	16.77531	0.0	112270	281	0.3

1527223280.82	750	3.993241	1.646	668286	1541	-7.077799999999999
1527223281.6	300	7.203447	0.0	155580	417	-0.15000000000000002
1527223284.55	1850	8.264602	0.0	877771	2569	0.30000000000000004
1527223291.51	1850	5.286358	0.0	933276	6606	1.85
1527223294.09	750	6.728678	0.0	411561	2112	-0.3500000000000001
1527223295.84	750	8.983526	0.0	318564	1444	0.75
1527223297.48	750	11.351148	0.0	352642	1299	0.75
1527223305.77	750	7.038161	0.0	437162	7966	0.75
1527223307.63	300	9.179995	0.0	150710	1474	-0.15000000000000002
1527223308.71	300	12.119538	0.0	139105	732	0.3
1527223309.76	300	15.05262	0.0	141840	720	0.3
1527223310.91	300	17.931081	0.0	156148	787	0.3
1527223312.03	300	20.780698	0.0	160746	770	0.3
1527223315.07	750	21.73333	0.0	434409	2369	0.3
1527223318.7	1850	22.118344	0.0	821631	3254	0.75
1527223323.79	1850	21.0676	0.0	923170	4706	1.85
1527223327.95	1850	20.868834	0.0	966699	3836	1.85
1527223335.71	1850	17.099348	0.0	885714	7438	1.85
1527223350.37	1850	6.463355	0.0	987708	14228	1.85
1527223351.11	300	9.726054	0.0	140881	348	-1.25
1527223351.77	300	13.050341	0.0	157671	308	0.3
1527223353.78	300	15.050186	0.0	157812	1288	0.3
1527223354.67	300	18.17156	0.0	163927	561	0.3
1527223355.36	300	21.459082	0.0	137654	395	0.3
1527223358.26	1850	22.53591	0.0	897976	2609	0.30000000000000004
1527223359.9	1850	24.888343	0.0	905935	1386	1.85
1527223362.45	1850	26.363675	0.0	1076599	2238	1.85
1527223364.72	2850	28.07276	0.0	1141971	1900	1.85
1527223368.52	4300	28.274647	0.0	2134614	3379	2.8499999999999996
1527223371.63	4300	29.17127	0.0	2164140	2788	4.3
1527223375.11	4300	29.712077	0.0	2113193	3151	4.3
1527223379.11	4300	29.702512	0.0	2147852	3700	4.3
1527223382.7	4300	30.131229	0.0	2191074	3267	4.3
1527223387.29	4300	29.741738	0.0	2286761	3853	4.3
1527223396.32	4300	24.437518	0.0	2307787	8748	4.3
1527223399.37	4300	25.440085	0.0	2143948	2641	4.3
1527223401.98	4300	26.827991	0.0	1919781	2308	4.3
1527223404.93	4300	27.897459	0.0	2147467	2560	4.3
1527223408.32	4300	28.513648	0.0	2133870	3062	4.3
1527223432.16	4300	8.709215	0.0	2146120	23443	4.3
1527223436.25	750	8.610422	0.0	345516	3613	-2.8
1527223438.52	300	10.295599	0.0	161857	1939	-0.15000000000000002
1527223439.62	300	13.216973	0.0	145210	734	0.3
1527223440.68	300	16.142473	0.0	172312	730	0.3
1527223441.92	300	18.899405	0.0	167025	938	0.3
1527223443.67	300	21.135164	0.0	160064	1456	0.3
1527223444.91	300	23.927642	0.0	137507	915	0.3
1527223456.83	2850	16.048346	0.0	1364537	11529	0.30000000000000027
1527223460.66	2850	13.823486	0.0	889412	3538	2.85

1527223464.6	750	3.994267	2.711	668286	2591	-11.6573
1527223466.25	750	6.334525	0.0	398865	1273	0.75
1527223467.1	300	9.487743	0.0	139857	441	-0.15000000000000002
1527223467.99	300	12.60102	0.0	155432	597	0.3
1527223469.89	750	14.705323	0.0	411561	1576	0.3
1527223473.24	1850	15.345503	0.0	801058	2943	0.75
1527223480.18	1850	12.473739	0.0	905515	6558	1.85
1527223481.34	300	15.287983	0.0	173849	632	-1.25
1527223482.91	300	17.777166	0.0	150710	1104	0.3
1527223485.24	300	19.800445	0.0	139105	1463	0.3
1527223486.58	300	21.949725	0.0	141840	1010	0.3
1527223487.66	300	24.939196	0.0	156148	732	0.3
1527223489.21	300	27.410501	0.0	160746	1231	0.3
1527223491.15	300	29.441137	0.0	179801	1601	0.3
1527223492.96	300	31.622264	0.0	140051	1467	0.3
1527223502.38	1200	26.211853	0.0	587876	9077	0.29999999999999993
1527223504.53	300	28.060262	0.0	143509	1784	-0.6000000000000001
1527223510.1	750	26.528079	0.0	372963	5225	0.3
1527223513.17	750	27.419979	0.0	405596	335	0.75
1527223515.11	750	29.494525	0.0	350713	1588	0.75
1527223516.14	300	32.462187	0.0	157671	697	-0.15000000000000002
1527223517.4	300	35.179695	0.0	157812	940	0.3
1527223520.22	1200	36.368935	0.0	656471	2477	0.29999999999999993
1527223525.74	2850	34.844578	0.0	1323990	5109	1.2000000000000002
1527223530.33	2850	34.269383	0.0	1383735	4209	2.85
1527223535.6	2850	32.996664	0.0	1480464	4901	2.85
1527223545.39	2850	27.196712	0.0	1547572	9476	2.85
1527223549.52	2850	27.064339	0.0	1141971	3753	2.85
1527223555.33	2850	25.254267	0.0	1498470	5478	2.85
1527223561.19	2850	23.414583	0.0	1561263	5512	2.85
1527223566.49	2850	22.14676	0.0	1341201	4865	2.85
1527223574.04	2850	18.551259	0.0	1497683	7174	2.85
1527223580.12	2850	16.49232	0.0	1358081	5658	2.85
1527223589.0	2850	11.5891	0.0	1587293	8555	2.85
1527223593.94	1850	10.658363	0.0	1026056	4546	0.8500000000000001
1527223595.83	1850	12.751429	0.0	943942	1547	1.85
1527223598.1	1850	14.488633	0.0	728962	1933	1.85
1527223601.55	1850	15.039031	0.0	938587	3133	1.85
1527223604.4	1850	16.200845	0.0	908665	2503	1.85
1527223607.5	1850	17.084149	0.0	930577	2773	1.85
1527223611.35	2850	17.224343	0.0	1339500	3530	1.85
1527223615.87	2850	16.716175	0.0	1527299	4190	2.85
1527223620.06	2850	16.527898	0.0	1343002	3839	2.85
1527223624.55	2850	16.030439	0.0	1587250	4143	2.85
1527223630.8	4300	13.793371	0.0	2124950	5842	2.8499999999999996
1527223638.23	4300	10.344511	0.0	2246506	7044	4.3
1527223644.62	4300	7.966013	0.0	1961140	6101	4.3
1527223651.26	4300	5.323207	0.0	2155012	6332	4.3
1527223656.47	4300	1.89079	0.084	1433658	4798	3.9387999999999996

1527223659.63	750	3.976459	2.024	668286	1901	-8.703199999999999
1527223664.34	1850	4.494483	1.21	957685	4313	-4.453
1527223676.64	1850	4.365929	8.16	877771	11874	-33.238
1527223679.6	300	5.436163	0.0	155432	2358	-1.25
1527223681.67	300	7.335851	0.0	163442	1602	0.3
1527223685.71	300	7.290434	0.0	126289	3388	0.3
1527223687.15	300	10.17643	0.0	153295	761	0.3
1527223688.33	300	12.6024	0.0	173849	793	0.3
1527223689.48	300	15.521936	0.0	150710	437	0.3
1527223690.18	300	18.877748	0.0	139105	266	0.3
1527223690.73	300	22.248878	0.0	141840	213	0.3
1527223692.35	1850	24.640411	0.0	917428	1247	0.30000000000000004
1527223693.96	1850	27.036888	0.0	946851	1268	1.85
1527223697.45	4300	27.530454	0.0	2275376	3084	1.8499999999999996
1527223700.52	4300	28.458951	0.0	2005399	2704	4.3
1527223707.12	4300	25.857401	0.0	2152483	6250	4.3
1527223712.51	4300	24.461612	0.0	2289689	4849	4.3
1527223717.78	4300	23.23133	0.0	2059512	4857	4.3
1527223724.32	4300	20.717191	0.0	2220726	6104	4.3
1527223731.33	4300	17.689691	0.0	2156729	6532	4.3
1527223738.23	4300	14.775038	0.0	2039773	6502	4.3
1527223742.61	4300	14.38754	0.0	2176469	4060	4.3
1527223749.14	4300	11.854794	0.0	2221506	6217	4.3
1527223756.08	4300	8.925417	0.0	2044075	6509	4.3
1527223760.43	2850	8.598787	0.0	1383735	3920	1.4000000000000001
1527223766.21	2850	6.787861	0.0	1480464	5429	2.85
1527223771.68	2850	5.375779	0.0	1547572	4987	2.85
1527223774.08	2850	6.919764	0.0	1141971	2080	2.85
1527223777.83	2850	7.183883	0.0	1498470	3405	2.85
1527223781.76	2850	7.237712	0.0	1561263	3580	2.85
1527223786.67	2850	6.353791	0.0	1341201	4533	2.85
1527223792.77	2850	4.476604	0.221	1497683	5760	1.8997000000000002
1527223796.91	1850	4.445371	0.119	885062	3725	0.33830000000000005
1527223807.83	1850	4.303464	6.767	1035329	10553	-27.248099999999997
1527223809.42	300	6.680083	0.0	179328	1148	-1.25
1527223810.52	300	9.579987	0.0	159914	785	0.3
1527223811.31	300	12.794407	0.0	131610	482	0.3
1527223813.99	300	14.134828	0.0	124011	2323	0.3
1527223815.7	300	16.389461	0.0	144254	1403	0.3
1527223816.84	300	19.666337	0.0	149991	440	0.3
1527223817.34	300	22.69148	0.0	147968	180	0.3
1527223818.36	300	25.743582	0.0	161857	350	0.3
1527223819.19	300	28.898633	0.0	145210	558	0.3
1527223825.2	1850	26.889831	0.0	973972	5604	0.30000000000000004
1527223831.01	1850	25.126355	0.0	958994	5420	1.85
1527223834.93	2850	25.150709	0.0	1483527	3560	1.85
1527223837.85	2850	26.26577	0.0	1231456	2622	2.85
1527223844.32	4300	23.801115	0.0	2155012	6153	2.8499999999999996
1527223848.51	4300	21.259827	0.0	1433658	3942	4.3

1527223849.83	1200	19.960823	18.501	391450	1043	-79.5543
1527223857.57	750	3.987512	-11.811	2354772	6568	51.08729999999999
1527223861.0	1850	4.559921	0.0	957685	3048	0.75
1527223865.72	1850	4.453889	0.0	877771	3812	1.85
1527223869.74	1850	4.467037	0.674	933276	3530	-1.0481999999999996
1527223870.54	300	7.717039	0.0	163442	445	-1.25
1527223873.0	1850	9.275541	0.0	801058	2126	0.30000000000000004
1527223881.28	1850	4.998176	0.0	905515	7935	1.85
1527223882.18	300	8.087375	0.0	173849	526	-1.25
1527223882.82	300	11.433553	0.0	150710	310	0.3
1527223883.68	300	14.924301	0.0	139105	208	0.3
1527223884.9	300	17.302769	0.0	141840	476	0.3
1527223885.64	300	20.632505	0.0	156148	411	0.3
1527223914.06	1850	4.392528	1.328	946851	21220	-5.4104
1527223940.41	300	4.029932	22.88	179801	13953	-99.634
1527223941.89	300	4.598264	0.0	140051	955	0.3
1527223942.6	300	7.926307	0.0	138313	378	0.3
1527223943.43	300	11.140897	0.0	143509	457	0.3
1527223944.51	300	14.066025	0.0	150616	338	0.3
1527223945.27	300	17.292815	0.0	165384	414	0.3
1527223950.09	1850	16.471064	0.0	923755	4427	0.30000000000000004
1527223952.44	1850	18.092843	0.0	891604	1892	1.85
1527223955.6	1850	18.925726	0.0	955231	2814	1.85
1527223963.01	1850	15.527448	0.0	968026	7098	1.85
1527223965.5	1850	17.024073	0.0	874175	2137	1.85
1527223967.54	1850	18.99043	0.0	897976	1723	1.85
1527223973.52	1850	17.001648	0.0	905935	5635	1.85
1527223980.6	1850	13.932461	0.0	1076599	6703	1.85
1527224006.67	1850	4.383132	9.281	758197	22493	-38.058299999999996
1527224011.29	300	4.439488	3.953	153605	4186	-18.247899999999998
1527224015.09	300	4.707327	0.0	149029	3379	0.3
1527224018.13	300	5.739234	0.0	157421	2300	0.3
1527224020.01	300	8.012788	0.0	157488	1218	0.3
1527224020.93	300	10.81032	0.0	143881	533	0.3
1527224021.85	300	14.226011	0.0	163444	301	0.3
1527224022.52	300	17.230282	0.0	179328	217	0.3
1527224023.11	300	20.655025	0.0	159914	259	0.3
1527224024.42	1850	23.340272	0.0	728962	1003	0.30000000000000004
1527224027.64	4300	24.108181	0.0	2147467	2852	1.8499999999999996
1527224030.82	4300	24.917352	0.0	2133870	2869	4.3
1527224064.07	4300	4.367024	8.661	2146120	32836	-32.942299999999996
1527224065.12	300	7.317525	0.0	147968	621	-3.7
1527224066.41	300	10.006113	0.0	161857	973	0.3
1527224067.3	300	13.110934	0.0	145210	557	0.3
1527224068.76	300	15.662631	0.0	172312	1137	0.3
1527224070.62	300	17.837328	0.0	167025	1435	0.3
1527224074.26	1850	18.115095	0.0	982064	3310	0.30000000000000004
1527224079.21	1850	17.186917	0.0	830730	4707	1.85
1527224085.78	2850	14.608131	0.0	1364537	6180	1.85
1527224095.82	2850	6.307202	0.0	889412	9684	2.85

1527224103.43	750	3.987919	4.853	668286	4719	-20.8679
1527224104.4	300	7.016322	0.0	155580	563	-0.15000000000000002
1527224105.21	300	10.220489	0.0	139857	399	0.3
1527224106.03	300	13.407868	0.0	155432	527	0.3
1527224107.03	300	16.470432	0.0	163442	639	0.3
1527224111.29	1850	16.145121	0.0	801058	3888	0.30000000000000004
1527224116.51	1850	14.985653	0.0	905515	4853	1.85
1527224121.55	1850	13.88665	0.0	1060487	4657	1.85
1527224125.03	1850	14.404105	0.0	852833	3201	1.85
1527224132.46	1850	11.006639	0.0	913888	7086	1.85
1527224140.55	1850	6.910495	0.0	939819	7691	1.85
1527224143.42	300	8.043019	0.0	156148	1494	-1.25
1527224145.95	750	9.528187	0.0	386351	2145	0.3
1527224148.97	750	10.50235	0.0	434409	2663	0.75
1527224150.91	750	12.575971	0.0	337059	1570	0.75
1527224151.76	300	15.763576	0.0	138313	372	-0.15000000000000002
1527224152.86	300	18.583711	0.0	143509	783	0.3
1527224156.33	1200	19.120202	0.0	581493	3166	0.29999999999999993
1527224159.24	1200	20.218332	0.0	639204	2563	1.2
1527224162.38	1850	21.053825	0.0	923755	2842	1.2000000000000002
1527224165.26	1850	22.187443	0.0	891604	2554	1.85
1527224167.56	1850	23.893918	0.0	955231	1979	1.85
1527224170.35	2850	25.134359	0.0	1505760	2371	1.85
1527224180.85	2850	18.681051	0.0	1323990	10107	2.85
1527224200.55	2850	4.375041	1.469	1383735	19249	-3.4667
1527224201.25	300	7.672807	0.0	153938	323	-2.25
1527224202.03	300	10.915052	0.0	181901	411	0.3
1527224202.64	300	14.277314	0.0	111155	297	0.3
1527224203.43	300	17.548977	0.0	153605	421	0.3
1527224204.31	300	20.760162	0.0	149029	374	0.3
1527224208.92	1850	19.991287	0.0	873429	2324	0.30000000000000004
1527224211.7	1850	21.210678	0.0	954453	2447	1.85
1527224220.38	2850	16.553275	0.0	1358081	8321	1.85
1527224225.53	1850	15.387543	0.0	1035329	4719	0.8500000000000001
1527224237.24	1850	7.670971	0.0	1026056	11397	1.85
1527224239.35	300	9.588986	0.0	159914	944	-1.25
1527224240.34	300	12.578637	0.0	131610	643	0.3
1527224241.92	300	15.037638	0.0	124011	824	0.3
1527224242.96	300	17.9802	0.0	144254	706	0.3
1527224244.04	300	20.892648	0.0	149991	740	0.3
1527224247.72	1850	21.217274	0.0	858450	3323	0.30000000000000004
1527224252.86	1850	20.057854	0.0	1025005	4786	1.85
1527224256.96	1850	19.969476	0.0	886255	3778	1.85
1527224268.08	1850	12.843458	0.0	973972	10795	1.85
1527224272.61	300	12.332834	0.0	167025	4037	-1.25
1527224277.66	300	11.27277	0.0	160064	4709	0.3
1527224278.59	300	14.408578	0.0	137507	419	0.3
1527224279.01	300	17.893801	0.0	118421	190	0.3
1527224279.42	300	19.187315	0.0	112270	144	0.3

1527224282.12	750	3.998039	1.618	668286	1503	-6.9574
1527224283.07	300	7.029636	0.0	155580	546	-0.15000000000000002
1527224284.79	300	9.340035	0.0	139857	1080	0.3
1527224285.75	300	12.384704	0.0	155432	638	0.3
1527224286.41	300	15.70807	0.0	163442	322	0.3
1527224288.22	1850	17.88271	0.0	801058	1276	0.30000000000000004
1527224290.23	1850	19.881869	0.0	905515	1681	1.85
1527224292.74	1850	21.410183	0.0	1060487	2075	1.85
1527224295.31	2850	22.79419	0.0	1348011	2245	1.85
1527224298.66	4300	23.453995	0.0	2169201	2960	2.8499999999999996
1527224301.98	4300	24.128026	0.0	2173522	2977	4.3
1527224305.41	4300	24.68882	0.0	2102452	3142	4.3
1527224309.9	4300	24.211827	0.0	2209463	4120	4.3
1527224314.32	4300	23.79181	0.0	2275376	4101	4.3
1527224318.82	4300	23.986526	0.0	2005399	3524	4.3
1527224326.16	4300	19.8978	0.0	2152483	6969	4.3
1527224329.32	4300	20.786341	0.0	2289689	2793	4.3
1527224332.07	4300	22.028427	0.0	2059512	2464	4.3
1527224335.11	4300	23.04306	0.0	2220726	2674	4.3
1527224349.01	4300	13.125999	0.0	2156729	13554	4.3
1527224362.74	1850	4.274692	0.404	891604	12831	-2.3372
1527224364.37	300	6.085063	0.0	157812	1204	-1.25
1527224366.49	300	8.030972	0.0	163927	1717	0.3
1527224367.67	300	10.852387	0.0	137654	804	0.3
1527224368.73	300	13.814155	0.0	146754	744	0.3
1527224369.77	300	16.743794	0.0	153938	726	0.3
1527224371.42	300	19.081341	0.0	181901	1360	0.3
1527224372.44	300	22.089209	0.0	111155	637	0.3
1527224382.32	1850	16.19436	0.0	972798	9531	0.30000000000000004
1527224387.31	1850	15.197593	0.0	975811	4622	1.85
1527224390.87	1850	15.671211	0.0	873429	3214	1.85
1527224394.51	1850	16.001118	0.0	954453	3293	1.85
1527224398.12	1850	16.40349	0.0	885062	3290	1.85
1527224402.21	1850	16.300749	0.0	1035329	3769	1.85
1527224410.09	1850	12.415535	0.0	1026056	7582	1.85
1527224417.66	1850	8.921628	0.0	943942	7050	1.85
1527224426.12	1850	4.436763	0.0	728962	8069	1.85
1527224429.02	300	5.496985	0.0	124011	2417	-1.25
1527224431.5	300	7.014776	0.0	144254	2129	0.3
1527224434.26	300	8.258612	0.0	149991	2392	0.3
1527224437.23	300	9.305773	0.0	147968	2629	0.3
1527224438.7	300	11.81368	0.0	161857	1133	0.3
1527224440.06	300	14.472725	0.0	145210	1046	0.3
1527224441.3	300	17.232747	0.0	172312	909	0.3
1527224442.27	300	20.248135	0.0	167025	682	0.3
1527224443.36	300	23.158407	0.0	160064	811	0.3
1527224447.48	1850	23.032372	0.0	830730	3853	0.30000000000000004
1527224453.08	2850	21.420962	0.0	1364537	5345	1.85
1527224456.2	2850	20.012857	0.0	889412	2826	2.85

1527224459.33	750	4	1.989	668286	1901	-8.5527
1527224461.01	750	6.344641	0.0	398865	1294	0.75
1527224463.62	1200	8.196155	0.0	571051	1829	0.75
1527224468.45	1850	6.843909	0.0	933276	4393	1.2000000000000002
1527224475.36	1850	4.359918	0.373	996749	6620	0.2461000000000002
1527224476.71	750	7.037598	0.0	318564	952	-0.3500000000000001
1527224477.74	300	9.983116	0.0	153295	590	-0.15000000000000002
1527224478.7	300	13.028266	0.0	173849	632	0.3
1527224479.62	300	16.111471	0.0	150710	608	0.3
1527224480.54	300	19.195134	0.0	139105	522	0.3
1527224485.77	2850	17.959607	0.0	1354548	4846	0.30000000000000027
1527224491.43	2850	16.293402	0.0	1519951	5338	2.85
1527224496.92	2850	14.809443	0.0	1422919	5163	2.85
1527224505.55	2850	10.187954	0.0	1578343	8240	2.85
1527224508.93	1850	10.784704	0.0	821631	3090	0.8500000000000001
1527224514.24	1850	9.473252	0.0	923170	5015	1.85
1527224519.4	1850	8.323483	0.0	966699	4822	1.85
1527224523.16	1850	8.558019	0.0	885714	3461	1.85
1527224525.22	1850	10.507513	0.0	987708	1759	1.85
1527224528.07	1850	11.655967	0.0	923755	2561	1.85
1527224531.09	1850	12.641376	0.0	891604	2736	1.85
1527224534.49	1850	13.248845	0.0	955231	3100	1.85
1527224537.37	1850	14.360339	0.0	968026	2541	1.85
1527224541.56	2850	14.169029	0.0	1323990	3806	1.85
1527224545.64	2850	14.08845	0.0	1383735	3779	2.85
1527224550.08	2850	13.644735	0.0	1480464	4142	2.85
1527224554.51	2850	13.208019	0.0	1547572	4111	2.85
1527224558.04	2850	13.703247	0.0	1141971	3208	2.85
1527224562.98	2850	12.743716	0.0	1498470	4595	2.85
1527224568.27	2850	11.452171	0.0	1561263	4882	2.85
1527224572.77	2850	10.962808	0.0	1341201	4137	2.85
1527224577.39	2850	10.336739	0.0	1497683	4314	2.85
1527224581.91	2850	9.817498	0.0	1358081	4226	2.85
1527224587.65	2850	8.065621	0.0	1587293	5463	2.85
1527224596.98	2850	4.422231	1.671	1492672	8953	-4.335299999999998
1527224603.02	750	4.34254	1.964	365161	5611	-9.795199999999998
1527224606.3	300	5.127321	0.0	131610	2864	-0.15000000000000002
1527224608.4	300	6.981077	0.0	124011	1724	0.3
1527224610.19	300	9.179724	0.0	144254	1412	0.3
1527224614.41	300	8.953229	0.0	149991	3605	0.3
1527224615.39	300	12.001753	0.0	147968	584	0.3
1527224616.19	300	15.205573	0.0	161857	447	0.3
1527224617.27	300	18.098463	0.0	145210	672	0.3
1527224618.38	300	21.345952	0.0	172312	427	0.3
1527224618.96	300	24.337213	0.0	167025	265	0.3
1527224620.9	1850	26.488285	0.0	982064	1602	0.30000000000000004
1527224623.89	4300	27.490992	0.0	1961140	2544	1.8499999999999996
1527224627.2	4300	28.180635	0.0	2155012	2979	4.3
1527224629.39	4300	27.660378	0.0	1433658	1929	4.3

1527224633.12	750	4	2.84	668286	2738	-12.212
1527224634.8	750	6.28074	0.0	398865	1267	0.75
1527224635.75	750	9.314933	0.0	350812	653	0.75
1527224636.73	750	12.367966	0.0	382355	648	0.75
1527224637.72	750	15.379593	0.0	411561	643	0.75
1527224641.26	1850	15.810945	0.0	801058	3173	0.75
1527224645.04	2850	16.069188	0.0	1388403	3365	1.85
1527224649.53	2850	15.589078	0.0	1638769	4124	2.85
1527224654.01	2850	15.114481	0.0	1348011	4128	2.85
1527224658.19	2850	14.919059	0.0	1429765	3829	2.85
1527224663.9	2850	13.196225	0.0	1354548	5387	2.85
1527224667.9	2850	13.230753	0.0	1519951	3574	2.85
1527224670.93	2850	14.190966	0.0	1422919	2675	2.85
1527224675.59	2850	13.523424	0.0	1578343	4317	2.85
1527224679.79	2850	13.340161	0.0	1231445	3835	2.85
1527224685.06	2850	12.026406	0.0	1471065	4948	2.85
1527224689.63	2850	11.479399	0.0	1491626	4166	2.85
1527224695.13	2850	10.004514	0.0	1358801	5155	2.85
1527224700.28	2850	8.859024	0.0	1537156	4798	2.85
1527224702.99	2850	10.137209	0.0	1336050	2328	2.85
1527224706.75	2850	10.355067	0.0	1415116	3441	2.85
1527224710.24	2850	10.852439	0.0	1468126	3154	2.85
1527224715.67	2850	9.440472	0.0	1505760	5125	2.85
1527224721.36	2850	7.754538	0.0	1323990	5293	2.85
1527224725.17	1850	7.921313	0.0	897976	3537	0.8500000000000001
1527224734.37	1850	4.367001	1.648	905935	8827	-5.2364
1527224735.53	300	7.224694	0.0	181901	755	-1.25
1527224738.88	300	10.532674	0.0	111155	412	0.3
1527224739.74	300	10.950413	0.0	153605	588	0.3
1527224742.38	300	12.362856	0.0	149029	2392	0.3
1527224744.13	300	14.614224	0.0	157421	1448	0.3
1527224744.9	300	17.846349	0.0	157488	463	0.3
1527224745.45	300	21.2887	0.0	143881	271	0.3
1527224745.91	300	24.83544	0.0	163444	211	0.3
1527224746.5	300	28.263279	0.0	179328	236	0.3
1527224757.06	2850	21.705246	0.0	1439896	10233	0.30000000000000027
1527224760.48	2850	22.260955	0.0	1139291	3045	2.85
1527224764.33	2850	22.425655	0.0	1499009	3478	2.85
1527224768.61	2850	22.152309	0.0	1427478	3926	2.85
1527224772.86	2850	21.869405	0.0	1402287	3982	2.85
1527224775.65	1850	23.096783	0.0	858450	2470	0.8500000000000001
1527224782.56	4300	20.20572	0.0	2184571	6518	1.8499999999999996
1527224788.54	4300	18.207196	0.0	2121928	5598	4.3
1527224796.96	4300	13.958857	0.0	2219102	7926	4.3
1527224809.81	4300	4.918444	0.0	2124950	12394	4.3
1527224810.6	300	8.151302	0.0	160064	460	-3.7
1527224813.01	1850	9.737868	0.0	830730	2112	0.30000000000000004
1527224816.65	1850	10.147765	0.0	846370	3315	1.85
1527224861.34	1850	1.94431	34.633	598850	44215	-147.0719

1527224871.12	750	4	5.418	668286	5284	-23.297399999999996
1527224871.86	300	7.337536	0.0	155580	314	-0.15000000000000002
1527224872.38	300	10.824972	0.0	139857	200	0.3
1527224872.93	300	14.256706	0.0	155432	261	0.3
1527224873.5	300	17.658642	0.0	163442	259	0.3
1527224878.85	2850	17.340578	0.0	1224260	3894	0.30000000000000027
1527224882.26	2850	16.877248	0.0	1388403	3094	2.85
1527224892.14	2850	11.034603	0.0	1638769	9484	2.85
1527224894.51	1850	12.659736	0.0	852833	1966	0.8500000000000001
1527224896.62	1850	14.558576	0.0	913888	1813	1.85
1527224902.93	1850	12.244729	0.0	939819	6036	1.85
1527224910.35	1850	8.896718	0.0	917428	6989	1.85
1527224934.28	300	4.312631	9.348	160746	17559	-41.446400000000004
1527224942.05	300	3.998099	7.519	179801	5307	-32.0317
1527224945.61	300	4.471431	0.0	140051	3193	0.3
1527224947.32	300	6.748264	0.0	138313	1403	0.3
1527224949.35	300	9.558944	0.0	143509	831	0.3
1527224949.96	300	12.166747	0.0	150616	272	0.3
1527224950.64	300	15.452311	0.0	165384	376	0.3
1527224951.81	750	18.247177	0.0	350713	443	0.3
1527224952.68	750	21.387703	0.0	386472	577	0.75
1527224955.29	2850	22.764367	0.0	1468126	2058	0.75
1527224958.37	4300	23.705639	0.0	2221506	2686	2.8499999999999996
1527224987.87	4300	4.261117	6.004	2044075	29135	-21.5172
1527224992.65	300	4.293263	0.793	146754	3326	-7.1099
1527224993.56	300	7.339982	0.0	153938	559	0.3
1527224994.94	300	9.976941	0.0	181901	1009	0.3
1527224995.76	300	13.14313	0.0	111155	447	0.3
1527224997.09	300	15.813154	0.0	153605	1011	0.3
1527224998.12	300	18.795695	0.0	149029	681	0.3
1527225000.2	1200	20.680002	0.0	570392	1787	0.29999999999999993
1527225005.24	1850	19.642304	0.0	954453	3934	1.2000000000000002
1527225010.57	1850	18.32821	0.0	885062	4993	1.85
1527225015.48	1850	17.403194	0.0	1035329	4528	1.85
1527225027.86	1850	9.083701	0.0	1026056	11987	1.85
1527225032.24	300	10.882103	0.0	159914	668	-1.25
1527225033.07	300	11.848526	0.0	131610	460	0.3
1527225033.78	300	15.163073	0.0	124011	343	0.3
1527225034.55	300	18.339913	0.0	144254	468	0.3
1527225035.51	300	21.381576	0.0	149991	632	0.3
1527225039.95	1850	20.930567	0.0	858450	4109	0.30000000000000004
1527225045.83	1850	19.094486	0.0	1025005	5508	1.85
1527225049.88	1850	19.036768	0.0	886255	3737	1.85
1527225053.77	1850	19.109658	0.0	973972	3586	1.85
1527225061.53	1850	15.36552	0.0	958994	7423	1.85
1527225069.91	1850	11.010999	0.0	982064	7910	1.85
1527225075.73	1850	9.156022	0.0	830730	5530	1.85
1527225080.02	1850	8.868578	0.0	846370	3870	1.85
1527225083.99	1850	6.831421	0.0	598850	3468	1.85

1527225088.79	750	3.993461	2.096	668286	2000	-9.012799999999999
1527225090.63	750	6.248293	0.0	398865	1456	0.75
1527225091.79	300	9.038071	0.0	139857	756	-0.15000000000000002
1527225092.49	300	12.327862	0.0	155432	408	0.3
1527225095.02	1850	13.80221	0.0	996749	2125	0.30000000000000004
1527225096.95	1850	15.953617	0.0	801058	1563	1.85
1527225098.8	1850	18.042237	0.0	905515	1466	1.85
1527225103.28	1850	17.638125	0.0	1060487	3960	1.85
1527225123.18	2850	4.355556	2.255	1348011	18761	-7.846500000000001
1527225130.5	300	4.36927	3.836	139105	6236	-18.744799999999998
1527225131.3	300	7.669367	0.0	141840	389	0.3
1527225132.02	300	10.927602	0.0	156148	382	0.3
1527225132.72	300	14.202244	0.0	160746	410	0.3
1527225133.41	300	17.519407	0.0	179801	387	0.3
1527225134.04	300	20.860289	0.0	140051	339	0.3
1527225138.36	1850	20.554365	0.0	923170	3942	0.30000000000000004
1527225143.87	2850	19.041362	0.0	1491626	5151	1.85
1527225153.18	2850	13.742821	0.0	1358801	8812	2.85
1527225164.38	1850	6.535955	0.0	987708	10779	0.8500000000000001
1527225166.68	750	8.269802	0.0	350713	1841	-0.3500000000000001
1527225167.74	300	11.182472	0.0	157671	791	-0.15000000000000002
1527225169.5	300	14.107403	0.0	157812	784	0.3
1527225170.89	300	15.976737	0.0	163927	865	0.3
1527225171.88	300	19.051063	0.0	137654	653	0.3
1527225175.72	1850	19.196849	0.0	897976	3528	0.30000000000000004
1527225180.66	1850	18.240224	0.0	905935	4628	1.85
1527225185.22	1850	17.687368	0.0	1076599	4274	1.85
1527225192.35	1850	14.581488	0.0	758197	6816	1.85
1527225207.15	1850	4.407245	0.632	972798	14344	-0.8675999999999999
1527225207.96	300	7.591971	0.0	149029	310	-1.25
1527225208.57	300	11.003549	0.0	157421	295	0.3
1527225209.25	300	14.293475	0.0	157488	368	0.3
1527225209.89	300	17.657423	0.0	143881	305	0.3
1527225210.65	300	20.894141	0.0	163444	469	0.3
1527225214.05	1850	21.515285	0.0	1026056	3075	0.30000000000000004
1527225216.95	1850	22.615325	0.0	943942	2604	1.85
1527225219.65	2850	23.88935	0.0	1139291	2414	1.85
1527225222.64	2850	24.909871	0.0	1499009	2575	2.85
1527225226.1	4300	25.442259	0.0	2133870	3083	2.8499999999999996
1527225229.32	4300	26.221236	0.0	2146120	2910	4.3
1527225232.78	4300	26.767323	0.0	2108491	3145	4.3
1527225237.23	4300	26.313002	0.0	2184571	4140	4.3
1527225240.74	4300	26.805992	0.0	2121928	3210	4.3
1527225245.08	4300	26.459948	0.0	2219102	4058	4.3
1527225253.38	4300	22.159776	0.0	2124950	8023	4.3
1527225257.33	4300	22.201234	0.0	2246506	3641	4.3
1527225259.92	4300	23.629667	0.0	1961140	2335	4.3
1527225262.75	4300	24.799584	0.0	2155012	2571	4.3
1527225265.3	4300	23.91064	0.0	1433658	2328	4.3

1527225272.92	750	3.998696	6.545	668286	5935	-28.1435
1527225275.55	300	5.379995	0.0	155580	2129	-0.15000000000000002
1527225278.15	300	6.782917	0.0	139857	2245	0.3
1527225283.68	300	5.233316	0.0	155432	5144	0.3
1527225285.65	300	7.26351	0.0	163442	1481	0.3
1527225287.13	300	9.822723	0.0	126289	1034	0.3
1527225289.79	300	11.130719	0.0	153295	2143	0.3
1527225292.75	300	12.843324	0.0	173849	1913	0.3
1527225294.49	300	14.412669	0.0	150710	1453	0.3
1527225297.12	750	15.824376	0.0	362795	2127	0.3
1527225299.38	750	17.566079	0.0	353220	1911	0.75
1527225300.77	300	20.125927	0.0	156148	1072	-0.15000000000000002
1527225302.01	300	22.897722	0.0	160746	960	0.3
1527225304.04	300	24.855785	0.0	179801	1746	0.3
1527225308.73	750	24.194939	0.0	337059	4342	0.3
1527225310.45	300	26.467298	0.0	138313	1412	-0.15000000000000002
1527225311.41	300	29.492577	0.0	143509	687	0.3
1527225312.41	300	32.509911	0.0	150616	670	0.3
1527225313.73	300	35.179017	0.0	165384	1029	0.3
1527225314.74	300	38.174869	0.0	140881	713	0.3
1527225318.34	1850	38.554249	0.0	891604	3212	0.30000000000000004
1527225323.99	2850	36.920954	0.0	1468126	5193	1.85
1527225329.98	2850	34.932148	0.0	1505760	5639	2.85
1527225339.46	2850	29.45987	0.0	1323990	9180	2.85
1527225351.49	2850	21.428131	0.0	1383735	11548	2.85
1527225366.53	1850	10.428256	0.0	905935	14586	0.8500000000000001
1527225369.64	750	11.270473	0.0	425781	2764	-0.3500000000000001
1527225371.04	750	13.859988	0.0	277716	1105	0.75
1527225373.35	750	15.5536	0.0	400396	1864	0.75
1527225375.58	750	17.32664	0.0	400508	1899	0.75
1527225377.2	750	19.69373	0.0	358218	1323	0.75
1527225381.38	1850	19.525885	0.0	954453	3872	0.75
1527225384.49	1850	20.426184	0.0	885062	2821	1.85
1527225387.78	1850	21.117693	0.0	1035329	3021	1.85
1527225391.32	1850	21.591563	0.0	1026056	3250	1.85
1527225398.92	2850	17.998234	0.0	1439896	7236	1.85
1527225405.06	2850	15.844395	0.0	1139291	5781	2.85
1527225410.89	2850	14.005729	0.0	1499009	5499	2.85
1527225416.29	2850	12.603845	0.0	1427478	5116	2.85
1527225419.91	1850	12.997142	0.0	930577	3244	0.8500000000000001
1527225423.37	1850	13.53825	0.0	858450	3083	1.85
1527225427.77	1850	13.138463	0.0	1025005	4085	1.85
1527225433.25	1850	11.653645	0.0	886255	5167	1.85
1527225437.29	1850	11.606833	0.0	973972	3687	1.85
1527225442.73	1850	10.172855	0.0	958994	5162	1.85
1527225447.92	1850	8.972001	0.0	982064	4914	1.85
1527225451.53	1850	9.366859	0.0	830730	3278	1.85
1527225453.09	1850	11.834354	0.0	846370	1289	1.85
1527225454.83	1850	11.75975	0.0	598850	1500	1.85

1527225458.31	750	3.984464	2.472	668286	2358	-10.6296
1527225459.08	300	7.182659	0.0	155580	413	-0.15000000000000002
1527225460.27	750	9.980824	0.0	350812	864	0.3
1527225463.63	1850	10.627417	0.0	933276	2984	0.75
1527225467.87	2850	10.394437	0.0	1472558	3862	1.85
1527225471.66	2850	10.616554	0.0	1224260	3471	2.85
1527225475.95	2850	10.313414	0.0	1388403	4003	2.85
1527225480.61	2850	9.654412	0.0	1638769	4335	2.85
1527225484.48	2850	9.7827	0.0	1348011	3571	2.85
1527225489.05	2850	9.253398	0.0	1429765	4203	2.85
1527225493.65	2850	8.622807	0.0	1354548	4326	2.85
1527225498.71	2850	7.551032	0.0	1519951	4697	2.85
1527225503.35	2850	6.9322	0.0	1422919	4264	2.85
1527225506.77	1850	7.542135	0.0	1036454	3041	0.8500000000000001
1527225509.66	1850	8.607672	0.0	821631	2574	1.85
1527225513.29	1850	8.968557	0.0	923170	3351	1.85
1527225516.53	1850	9.743921	0.0	966699	2905	1.85
1527225520.47	1850	9.805871	0.0	885714	3664	1.85
1527225534.12	1850	4.467971	4.305	987708	13305	-16.6615
1527225536.76	300	5.811627	0.0	140881	2150	-1.25
1527225538.63	300	7.975734	0.0	157671	1512	0.3
1527225542.86	300	7.756631	0.0	157812	3666	0.3
1527225543.94	300	10.6465	0.0	163927	687	0.3
1527225544.7	300	13.996247	0.0	137654	336	0.3
1527225545.72	300	16.872014	0.0	146754	630	0.3
1527225546.43	300	20.18903	0.0	153938	363	0.3
1527225547.53	750	23.044646	0.0	425781	772	0.3
1527225549.61	2850	25.042393	0.0	1141971	1643	0.75
1527225551.91	2850	26.667622	0.0	1498470	1919	2.85
1527225555.37	4300	27.226814	0.0	2164140	3001	2.8499999999999996
1527225558.87	4300	27.721335	0.0	2113193	3137	4.3
1527225565.5	4300	25.085818	0.0	2147852	6228	4.3
1527225570.9	4300	23.670133	0.0	2191074	5032	4.3
1527225576.74	4300	21.848789	0.0	2286761	5511	4.3
1527225583.42	4300	19.14378	0.0	2307787	6339	4.3
1527225592.06	4300	14.536943	0.0	2143948	8280	4.3
1527225595.39	2850	15.212794	0.0	1139291	2968	1.4000000000000001
1527225598.53	2850	16.05237	0.0	1499009	2761	2.85
1527225602.47	2850	16.124803	0.0	1427478	3603	2.85
1527225607.18	2850	15.395009	0.0	1402287	4330	2.85
1527225611.56	2850	15.044989	0.0	1339500	4054	2.85
1527225616.54	2850	14.02983	0.0	1527299	4673	2.85
1527225621.66	2850	12.908398	0.0	1343002	4715	2.85
1527225627.7	2850	10.935845	0.0	1587250	5702	2.85
1527225630.98	2850	11.637158	0.0	1464921	2872	2.85
1527225634.66	2850	11.936018	0.0	1483527	3390	2.85
1527225637.87	2850	12.7537	0.0	1231456	2845	2.85
1527225644.75	4300	9.870503	0.0	2155012	6578	2.8499999999999996
1527225651.47	4300	4.819182	0.0	1433658	6424	4.3

1527225655.85	750	4	3.178	668286	3098	-13.6654
1527225661.8	750	4.4975	2.456	398865	5417	-9.810799999999999
1527225662.91	300	7.42551	0.0	139857	688	-0.15000000000000002
1527225663.79	300	10.469549	0.0	155432	611	0.3
1527225664.8	300	13.507257	0.0	163442	603	0.3
1527225666.06	300	16.20276	0.0	126289	875	0.3
1527225667.22	300	19.044717	0.0	153295	819	0.3
1527225674.37	1850	15.918025	0.0	1060487	3535	0.30000000000000004
1527225679.31	1850	15.306235	0.0	852833	4181	1.85
1527225685.89	1850	12.376378	0.0	913888	6108	1.85
1527225689.02	1850	13.239498	0.0	939819	2593	1.85
1527225691.59	1850	14.670536	0.0	917428	2271	1.85
1527225693.79	1850	16.484684	0.0	946851	1827	1.85
1527225697.28	1850	16.973756	0.0	1036454	3192	1.85
1527225699.89	1850	18.366708	0.0	821631	2298	1.85
1527225702.79	1850	19.470616	0.0	923170	2585	1.85
1527225705.77	1850	20.528543	0.0	966699	2608	1.85
1527225710.1	1850	20.200619	0.0	885714	4028	1.85
1527225713.25	1850	21.05197	0.0	987708	2855	1.85
1527225715.35	1850	22.951553	0.0	923755	1794	1.85
1527225721.41	2850	20.893187	0.0	1415116	5631	1.85
1527225727.02	2850	19.272795	0.0	1468126	5242	2.85
1527225737.47	2850	12.839999	0.0	1505760	10088	2.85
1527225740.07	1850	14.232818	0.0	874175	2241	0.8500000000000001
1527225743.2	1850	15.106039	0.0	897976	2824	1.85
1527225776.93	1850	4.310093	18.859	905935	33318	-79.2437
1527225793.97	300	4.414996	13.184	181901	13817	-57.941199999999995
1527225797.62	300	4.807135	0.0	111155	3155	0.3
1527225798.66	300	7.701153	0.0	153605	710	0.3
1527225799.37	300	10.997897	0.0	149029	401	0.3
1527225800.1	300	14.254006	0.0	157421	423	0.3
1527225800.7	300	17.643101	0.0	157488	240	0.3
1527225801.17	300	21.183864	0.0	143881	187	0.3
1527225805.08	2850	21.267749	0.0	1587293	3539	0.30000000000000027
1527225810.26	2850	21.405757	0.0	1492672	3526	2.85
1527225819.55	2850	14.769577	0.0	1439896	8954	2.85
1527225821.89	1850	16.464449	0.0	728962	2002	0.8500000000000001
1527225824.06	1850	18.284702	0.0	938587	1851	1.85
1527225829.79	1850	16.557277	0.0	908665	5434	1.85
1527225834.64	1850	15.729072	0.0	930577	4463	1.85
1527225865.58	1850	4.351673	7.605	858450	22592	-30.8515
1527225872.48	300	4.031482	6.626	161857	4394	-29.741799999999998
1527225874.88	300	5.633851	0.0	145210	1997	0.3
1527225876.62	300	7.875097	0.0	172312	1346	0.3
1527225877.82	300	10.724532	0.0	167025	657	0.3
1527225878.39	300	14.107518	0.0	160064	257	0.3
1527225878.92	300	17.60376	0.0	137507	257	0.3
1527225881.76	1850	18.825869	0.0	846370	2471	0.30000000000000004
1527225882.99	1850	19.199331	0.0	598850	953	1.85

1527225884.99	750	3.997137	1.085	668286	990	-4.6655
1527225886.51	1850	6.473751	0.0	957685	1135	0.75
1527225897.8	1850	4.431469	5.244	877771	10973	-20.699199999999998
1527225902.43	300	4.429273	0.606	155432	4168	-3.8558000000000003
1527225909.59	300	4.285696	1.4	163442	5169	-5.72
1527225912.86	300	4.424234	1.044	126289	2639	-4.1892
1527225915.3	300	6.108141	0.0	153295	1903	0.3
1527225918.27	300	9.220634	0.0	173849	427	0.3
1527225921.23	300	8.018687	0.0	150710	1800	0.3
1527225922.08	300	11.213835	0.0	139105	460	0.3
1527225923.33	300	14.005906	0.0	141840	797	0.3
1527225924.4	300	16.899739	0.0	156148	690	0.3
1527225925.77	300	19.537012	0.0	160746	984	0.3
1527225926.96	300	22.370483	0.0	179801	786	0.3
1527228667.19	1850	24.432405	0.0	821631	2739746	0.30000000000000004
1527228667.85	300	27.780505	0.0	138313	310	-1.25
1527228668.41	300	31.220893	0.0	143509	240	0.3
1527228669.08	300	34.588976	0.0	150616	321	0.3
1527228669.68	300	37.964089	0.0	165384	287	0.3
1527228670.2	300	41.420234	0.0	140881	259	0.3
