1527448790.88	750	4	0.421	450283	355	-1.8103
1527448792.17	4300	6.853439	0.0	2123065	991	0.75
1527448793.21	4300	9.833759	0.0	2177073	802	4.3
1527448794.25	4300	12.78438	0.0	2160877	813	4.3
1527448795.4	4300	15.635032	0.0	2233056	903	4.3
1527448796.33	4300	18.699222	0.0	1941625	716	4.3
1527448797.29	4300	21.735255	0.0	2157535	725	4.3
1527448799.16	4300	23.88246	0.0	2290172	1586	4.3
1527448800.58	4300	26.462617	0.0	2055469	1135	4.3
1527448802.02	4300	29.016117	0.0	2169201	1156	4.3
1527448803.27	4300	31.829734	0.0	2173522	924	4.3
1527448804.38	4300	34.704848	0.0	2102452	862	4.3
1527448805.67	4300	37.430833	0.0	2209463	1009	4.3
1527448807.3	4300	39.795328	0.0	2275376	1362	4.3
1527448808.38	4300	42.703113	0.0	2005399	808	4.3
1527448809.57	4300	45.528702	0.0	2152483	881	4.3
1527448810.56	4300	48.526697	0.0	2289689	720	4.3
1527448811.46	4300	51.638724	0.0	2059512	640	4.3
1527448812.33	4300	54.747957	0.0	2220726	622	4.3
1527448813.29	4300	57.810239	0.0	2156729	686	4.3
1527448815.66	4300	59.605085	0.0	2039773	620	4.3
1527448819.27	4300	59.855393	0.0	2176469	871	4.3
1527448823.29	4300	59.855098	0.0	2221506	1762	4.3
1527448827.28	4300	59.85506	0.0	2044075	1737	4.3
1527448831.69	4300	59.605682	0.0	2186790	2168	4.3
1527448835.53	4300	59.604554	0.0	2105231	2565	4.3
1527448839.68	4300	59.410893	0.0	2395588	3882	4.3
1527448843.46	4300	59.854829	0.0	1972048	1903	4.3
1527448847.65	4300	59.437072	0.0	2134614	3938	4.3
1527448851.45	4300	59.855159	0.0	2164140	1058	4.3
1527448855.51	4300	59.605542	0.0	2113193	1289	4.3
1527448859.48	4300	59.605253	0.0	2147852	1204	4.3
1527448863.31	4300	59.854883	0.0	2191074	1035	4.3
1527448867.68	4300	59.605155	0.0	2286761	2122	4.3
1527448871.63	4300	59.466767	0.0	2307787	3707	4.3
1527448875.55	4300	59.60477	0.0	2143948	2198	4.3
1527448879.48	4300	59.855022	0.0	1919781	1662	4.3
1527448883.54	4300	59.604698	0.0	2147467	1799	4.3
1527448887.25	4300	59.855692	0.0	2133870	1466	4.3
1527448891.49	4300	59.604963	0.0	2146120	982	4.3
1527448895.5	4300	59.604779	0.0	2108491	765	4.3
1527448899.43	4300	59.855473	0.0	2184571	705	4.3
1527448903.71	4300	59.605646	0.0	2121928	1025	4.3
1527448907.23	4300	59.854632	0.0	2219102	769	4.3
1527448911.59	4300	59.603524	0.0	2124950	624	4.3
1527448915.57	4300	59.605113	0.0	2246506	752	4.3
1527448919.54	4300	59.60535	0.0	1961140	735	4.3
1527448923.32	4300	59.854544	0.0	2155012	1044	4.3
1527448925.17	4300	59.785428	0.0	1433658	1138	4.3

1527448926.81	750	3.996111	0.865	668286	781	-3.7195
1527448931.61	4300	4.249734	0.968	2123065	4374	-3.4124
1527448933.02	1850	6.7419	0.0	877771	1123	-0.6000000000000001
1527448934.88	1850	8.866293	0.0	933276	1633	1.85
1527448936.34	1850	11.436211	0.0	996749	1199	1.85
1527448938.12	1850	13.632823	0.0	801058	1532	1.85
1527448939.76	1850	15.99433	0.0	905515	1390	1.85
1527448943.16	4300	16.597962	0.0	2290172	3147	1.8499999999999996
1527448946.75	4300	17.00309	0.0	2055469	3347	4.3
1527448949.64	4300	18.113253	0.0	2169201	2648	4.3
1527448951.63	4300	20.131005	0.0	2173522	1754	4.3
1527448959.36	4300	19.683068	0.0	2102452	4189	4.3
1527448962.88	4300	16.831728	0.0	2209463	3271	4.3
1527448967.1	4300	16.66652	0.0	2275376	3961	4.3
1527448969.32	4300	18.440596	0.0	2005399	1982	4.3
1527448971.6	4300	20.163909	0.0	2152483	2028	4.3
1527448975.39	4300	20.382879	0.0	2289689	3518	4.3
1527448977.1	4300	22.662892	0.0	2059512	1437	4.3
1527448978.79	4300	24.957608	0.0	2220726	1474	4.3
1527448980.41	4300	27.345086	0.0	2156729	1370	4.3
1527448981.89	4300	30.037452	0.0	2039773	1136	4.3
1527448983.74	4300	32.179233	0.0	2176469	1575	4.3
1527448985.12	4300	34.795421	0.0	2221506	1121	4.3
1527448986.26	4300	37.661442	0.0	2044075	878	4.3
1527448988.49	4300	39.44928	0.0	2186790	1963	4.3
1527448990.86	4300	41.059975	0.0	2105231	2118	4.3
1527448994.07	4300	41.857641	0.0	2395588	2924	4.3
1527448995.67	4300	44.266388	0.0	1972048	1307	4.3
1527448997.2	4300	46.729055	0.0	2134614	1248	4.3
1527448998.92	4300	49.02938	0.0	2164140	1439	4.3
1527449000.35	4300	51.578471	0.0	2113193	1169	4.3
1527449001.85	4300	54.075029	0.0	2147852	1245	4.3
1527449003.3	4300	56.621398	0.0	2191074	1194	4.3
1527449004.7	4300	59.230229	0.0	2286761	1110	4.3
1527449007.99	4300	59.972872	0.0	2307787	966	4.3
1527449012.24	4300	59.723436	0.0	2143948	1011	4.3
1527449016.27	4300	59.723475	0.0	1919781	2281	4.3
1527449020.41	4300	59.72183	0.0	2147467	2364	4.3
1527449024.41	4300	59.723469	0.0	2133870	1715	4.3
1527449028.3	4300	59.72342	0.0	2146120	2642	4.3
1527449040.18	4300	51.774782	0.0	2108491	11602	4.3
1527449043.46	4300	52.463096	0.0	2184571	2951	4.3
1527449046.6	4300	53.333727	0.0	2121928	2866	4.3
1527449050.42	4300	53.605738	0.0	2219102	3447	4.3
1527449056.31	4300	51.752506	0.0	2124950	5425	4.3
1527449063.88	4300	48.040509	0.0	2246506	7259	4.3
1527449067.79	4300	48.191791	0.0	1961140	3607	4.3
1527449071.77	4300	48.163518	0.0	2155012	3742	4.3
1527449074.46	4300	47.15224	0.0	1433658	2436	4.3

1527449076.78	750	4	1.436	668286	1353	-6.1748
1527449079.13	1850	5.6538	0.0	957685	2050	0.75
1527449080.94	1850	7.89105	0.0	877771	1514	1.85
1527449083.84	2850	8.961862	0.0	1520281	2530	1.85
1527449088.42	4300	8.36924	0.0	2233056	4216	2.8499999999999996
1527449094.44	4300	6.331114	0.0	1941625	5788	4.3
1527449096.94	1850	7.845621	0.0	905515	2167	-0.6000000000000001
1527449108.14	1850	4.407475	3.75	1060487	10909	-14.275
1527449109.14	300	7.401462	0.0	150710	655	-1.25
1527449110.19	300	10.353575	0.0	139105	781	0.3
1527449111.73	300	12.799863	0.0	141840	1276	0.3
1527449113.14	300	15.41157	0.0	156148	1146	0.3
1527449115.47	300	17.080474	0.0	160746	2019	0.3
1527449117.79	300	18.767046	0.0	179801	2052	0.3
1527449135.75	300	5.803582	0.0	140051	14836	0.3
1527449136.81	300	7.675802	0.0	138313	821	0.3
1527449138.02	300	10.509899	0.0	143509	867	0.3
1527449138.57	300	13.964479	0.0	150616	318	0.3
1527449139.09	300	17.447589	0.0	165384	288	0.3
1527449139.59	300	20.941968	0.0	140881	260	0.3
1527449140.83	1850	23.706185	0.0	891604	1000	0.30000000000000004
1527449142.15	2850	26.379219	0.0	1468126	1075	1.85
1527449144.59	4300	27.936642	0.0	2221506	2196	2.8499999999999996
1527449145.78	4300	30.751921	0.0	2044075	948	4.3
1527449147.05	4300	33.484	0.0	2186790	1011	4.3
1527449148.24	4300	36.296901	0.0	2105231	930	4.3
1527449150.07	4300	38.457795	0.0	2395588	1577	4.3
1527449151.51	4300	41.025742	0.0	1972048	1194	4.3
1527449153.13	4300	43.410647	0.0	2134614	1373	4.3
1527449155.13	4300	45.405997	0.0	2164140	1757	4.3
1527449156.63	4300	47.921376	0.0	2113193	1235	4.3
1527449157.91	4300	50.634837	0.0	2147852	1018	4.3
1527449159.08	4300	53.455274	0.0	2191074	911	4.3
1527449160.06	4300	56.477748	0.0	2286761	725	4.3
1527449161.11	4300	59.419835	0.0	2307787	770	4.3
1527449164.94	4300	59.835495	0.0	2143948	505	4.3
1527449169.15	4300	59.586115	0.0	1919781	958	4.3
1527449173.17	4300	59.585942	0.0	2147467	1762	4.3
1527449176.8	4300	59.835155	0.0	2133870	1371	4.3
1527449181.15	4300	59.585011	0.0	2146120	1614	4.3
1527449185.01	4300	59.585991	0.0	2108491	1121	4.3
1527449189.02	4300	59.583496	0.0	2184571	1237	4.3
1527449193.01	4300	59.584925	0.0	2121928	1261	4.3
1527449196.79	4300	59.835997	0.0	2219102	1036	4.3
1527449201.18	4300	59.585253	0.0	2124950	1128	4.3
1527449205.21	4300	59.585361	0.0	2246506	1294	4.3
1527449209.19	4300	59.585145	0.0	1961140	1252	4.3
1527449212.91	4300	59.836063	0.0	2155012	1498	4.3
1527449214.6	4300	59.764822	0.0	1433658	968	4.3

1527449215.63	750	3.99621	0.371	668286	299	-1.5953
1527449216.85	4300	6.761143	0.0	2123065	925	0.75
1527449217.78	4300	9.827611	0.0	2177073	675	4.3
1527449218.95	4300	12.667018	0.0	2160877	926	4.3
1527449220.3	4300	15.312599	0.0	2233056	1098	4.3
1527449221.64	4300	17.982648	0.0	1941625	1013	4.3
1527449223.67	4300	19.992805	0.0	2157535	1670	4.3
1527449225.5	4300	22.168682	0.0	2290172	1523	4.3
1527449227.07	4300	24.592518	0.0	2055469	1286	4.3
1527449228.22	4300	27.428593	0.0	2169201	903	4.3
1527449229.18	4300	30.483315	0.0	2173522	685	4.3
1527449229.94	4300	33.716811	0.0	2102452	506	4.3
1527449230.79	4300	36.861046	0.0	2209463	613	4.3
1527449231.59	4300	40.06111	0.0	2275376	565	4.3
1527449232.43	4300	43.228826	0.0	2005399	566	4.3
1527449233.23	4300	46.414922	0.0	2152483	559	4.3
1527449234.18	4300	49.478355	0.0	2289689	691	4.3
1527449235.31	4300	52.338391	0.0	2059512	866	4.3
1527449237.39	4300	54.257926	0.0	2220726	1836	4.3
1527449239.59	4300	56.065956	0.0	2156729	1944	4.3
1527449241.46	4300	58.267846	0.0	2039773	1502	4.3
1527449245.09	4300	58.577243	0.0	2176469	3360	4.3
1527449248.05	4300	59.711031	0.0	2221506	2197	4.3
1527449252.12	4300	59.711095	0.0	2044075	2805	4.3
1527449255.84	4300	59.960934	0.0	2186790	2943	4.3
1527449259.82	4300	59.862581	0.0	2105231	3716	4.3
1527449266.59	4300	57.063056	0.0	2395588	6508	4.3
1527449270.64	4300	57.030044	0.0	1972048	3713	4.3
1527449274.81	4300	56.876874	0.0	2134614	3874	4.3
1527449279.75	4300	56.043963	0.0	2164140	4525	4.3
1527449285.78	4300	56.590054	0.0	2113193	3047	4.3
1527449295.15	4300	48.699084	0.0	2147852	8653	4.3
1527449301.99	4300	46.997634	0.0	2191074	5275	4.3
1527449307.95	4300	43.75239	0.0	2286761	5447	4.3
1527449309.4	4300	46.298832	0.0	2307787	1186	4.3
1527449311.36	4300	48.336432	0.0	2143948	1714	4.3
1527449312.73	4300	50.963966	0.0	1919781	1118	4.3
1527449314.55	4300	53.153421	0.0	2147467	1581	4.3
1527449316.87	4300	54.821805	0.0	2133870	2070	4.3
1527449319.7	4300	56.001285	0.0	2146120	2557	4.3
1527449322.33	4300	57.374484	0.0	2108491	2354	4.3
1527449325.88	4300	57.830716	0.0	2184571	3252	4.3
1527449328.45	4300	59.251854	0.0	2121928	2326	4.3
1527449332.62	4300	59.099722	0.0	2219102	3887	4.3
1527449337.15	4300	58.551062	0.0	2124950	4273	4.3
1527449342.9	4300	56.800148	0.0	2246506	5514	4.3
1527449346.79	4300	56.91288	0.0	1961140	3563	4.3
1527449350.19	4300	57.511695	0.0	2155012	3168	4.3
1527449353.61	4300	55.765874	0.0	1433658	3207	4.3

1527449356.0	750	4	1.474	668286	1404	-6.3382
1527449358.31	1850	5.697485	0.0	957685	1986	0.75
1527449361.17	2850	6.828042	0.0	1300868	2544	1.85
1527449363.97	2850	8.036129	0.0	1520281	2543	2.85
1527449368.21	4300	7.778747	0.0	2233056	3951	2.8499999999999996
1527449374.53	4300	5.454443	0.0	1941625	6094	4.3
1527449378.23	1850	6.919166	0.0	905515	2258	-0.6000000000000001
1527449381.66	1850	6.284412	0.0	1060487	3266	1.85
1527449384.42	1850	7.584497	0.0	852833	2492	1.85
1527449386.79	1850	9.206987	0.0	913888	2132	1.85
1527449389.7	1850	10.295892	0.0	939819	2654	1.85
1527449392.55	1850	11.432681	0.0	917428	2623	1.85
1527449394.77	1850	13.231385	0.0	946851	1950	1.85
1527449398.4	1850	13.598743	0.0	1036454	3388	1.85
1527449402.63	2850	13.396706	0.0	1231445	3964	1.85
1527449406.0	2850	13.986715	0.0	1471065	3109	2.85
1527449409.53	2850	14.461887	0.0	1491626	3286	2.85
1527449412.73	2850	15.261976	0.0	1358801	2940	2.85
1527449416.56	2850	15.428883	0.0	1537156	3584	2.85
1527449419.5	2850	16.509661	0.0	1336050	2662	2.85
1527449422.81	4300	17.17389	0.0	2039773	3042	2.8499999999999996
1527449425.0	4300	18.986345	0.0	2176469	1940	4.3
1527449427.6	4300	20.407004	0.0	2221506	2339	4.3
1527449431.54	4300	20.464203	0.0	2044075	3658	4.3
1527449436.41	4300	19.598716	0.0	2186790	4488	4.3
1527449439.99	4300	20.016677	0.0	2105231	3309	4.3
1527449445.38	4300	18.606781	0.0	2395588	5147	4.3
1527449450.34	4300	17.653778	0.0	1972048	4644	4.3
1527449461.38	4300	10.660146	0.0	2134614	10743	4.3
1527449465.84	1850	10.198101	0.0	975811	3953	-0.6000000000000001
1527449470.48	1850	9.535712	0.0	873429	4367	1.85
1527449475.92	1850	8.137373	0.0	954453	5114	1.85
1527449477.04	300	10.981284	0.0	143881	728	-1.25
1527449477.7	300	14.320694	0.0	163444	415	0.3
1527449478.97	750	17.059048	0.0	401088	916	0.3
1527449483.63	1850	16.403218	0.0	943942	4382	0.75
1527449487.37	1850	16.658571	0.0	728962	3454	1.85
1527449490.97	1850	17.042478	0.0	938587	3345	1.85
1527449494.43	1850	17.586399	0.0	908665	3196	1.85
1527449496.48	1850	19.538657	0.0	930577	1789	1.85
1527449501.41	1850	18.59595	0.0	858450	4707	1.85
1527449503.64	1850	20.380136	0.0	1025005	1891	1.85
1527449507.36	2850	20.646263	0.0	1343002	3444	1.85
1527449510.41	2850	21.59621	0.0	1587250	2802	2.85
1527449512.61	2850	23.404753	0.0	1464921	1933	2.85
1527449516.95	4300	23.055306	0.0	2246506	4094	2.8499999999999996
1527449519.73	4300	24.301511	0.0	1961140	2491	4.3
1527449521.9	4300	26.132884	0.0	2155012	1916	4.3
1527449523.39	4300	26.324647	0.0	1433658	1231	4.3

1527449524.91	750	3.990264	0.741	668286	624	-3.1862999999999997
1527449526.8	4300	6.087364	0.0	2123065	1568	0.75
1527449528.5	4300	8.375657	0.0	2177073	1451	4.3
1527449529.92	4300	10.963848	0.0	2160877	1153	4.3
1527449531.92	4300	12.955406	0.0	2233056	1749	4.3
1527449533.02	4300	15.86547	0.0	1941625	840	4.3
1527449534.19	4300	18.696171	0.0	2157535	899	4.3
1527449535.18	4300	21.710522	0.0	2290172	725	4.3
1527449536.11	4300	24.763582	0.0	2055469	671	4.3
1527449537.17	4300	27.720851	0.0	2169201	783	4.3
1527449538.23	4300	30.665642	0.0	2173522	778	4.3
1527449539.16	4300	33.715375	0.0	2102452	687	4.3
1527449540.04	4300	36.845038	0.0	2209463	600	4.3
1527449541.46	4300	39.426291	0.0	2275376	1133	4.3
1527449542.49	4300	42.397216	0.0	2005399	762	4.3
1527449543.32	4300	45.561489	0.0	2152483	598	4.3
1527449544.27	4300	48.609071	0.0	2289689	681	4.3
1527449545.53	4300	51.351955	0.0	2059512	1007	4.3
1527449546.56	4300	54.32674	0.0	2220726	784	4.3
1527449547.67	4300	57.259282	0.0	2156729	771	4.3
1527449549.17	4300	59.72325	0.0	2039773	1232	4.3
1527449553.03	4300	59.936108	0.0	2176469	571	4.3
1527449557.08	4300	59.935966	0.0	2221506	810	4.3
1527449561.09	4300	59.936597	0.0	2044075	739	4.3
1527449565.16	4300	59.935977	0.0	2186790	829	4.3
1527449569.07	4300	59.936557	0.0	2105231	664	4.3
1527449573.04	4300	59.936672	0.0	2395588	723	4.3
1527449577.03	4300	59.933899	0.0	1972048	730	4.3
1527449581.34	4300	59.686204	0.0	2134614	1047	4.3
1527449585.45	4300	59.685398	0.0	2164140	761	4.3
1527449589.04	4300	59.936584	0.0	2113193	816	4.3
1527449593.03	4300	59.934082	0.0	2147852	1736	4.3
1527449597.15	4300	59.936027	0.0	2191074	872	4.3
1527449601.08	4300	59.934241	0.0	2286761	1168	4.3
1527449605.36	4300	59.685957	0.0	2307787	522	4.3
1527449609.3	4300	59.686256	0.0	2143948	667	4.3
1527449612.99	4300	59.935984	0.0	1919781	938	4.3
1527449617.44	4300	59.686661	0.0	2147467	674	4.3
1527449621.19	4300	59.936364	0.0	2133870	988	4.3
1527449625.37	4300	59.686604	0.0	2146120	913	4.3
1527449629.33	4300	59.68656	0.0	2108491	718	4.3
1527449633.04	4300	59.936583	0.0	2184571	1435	4.3
1527449637.25	4300	59.686567	0.0	2121928	1471	4.3
1527449641.05	4300	59.936367	0.0	2219102	2022	4.3
1527449645.13	4300	59.754525	0.0	2124950	3764	4.3
1527449653.99	4300	54.901315	0.0	2246506	8592	4.3
1527449657.23	4300	55.655028	0.0	1961140	2936	4.3
1527449660.15	4300	56.735561	0.0	2155012	2705	4.3
1527449662.41	4300	56.170803	0.0	1433658	2014	4.3

1527449664.06	750	3.994929	0.892	668286	798	-3.8356
1527449664.56	300	7.477426	0.0	155580	213	-0.15000000000000002
1527449666.5	2850	9.538185	0.0	1300868	1636	0.30000000000000027
1527449669.75	4300	10.291835	0.0	2160877	2925	2.8499999999999996
1527449674.31	4300	9.732514	0.0	2233056	4302	4.3
1527449680.03	4300	8.041034	0.0	1941625	5391	4.3
1527449682.46	2850	9.584909	0.0	1388403	2114	1.4000000000000001
1527449685.22	2850	10.847232	0.0	1638769	2477	2.85
1527449688.47	2850	11.577743	0.0	1348011	2980	2.85
1527449691.44	2850	12.671173	0.0	1429765	2646	2.85
1527449697.14	2850	10.903731	0.0	1354548	5386	2.85
1527449703.9	2850	8.197597	0.0	1519951	6396	2.85
1527449708.55	1850	7.512182	0.0	946851	4239	0.8500000000000001
1527449709.34	300	10.701927	0.0	179801	537	-1.25
1527449709.94	300	14.101558	0.0	140051	340	0.3
1527449711.1	750	16.942973	0.0	366214	877	0.3
1527449713.47	1850	18.619794	0.0	966699	2044	0.75
1527449718.65	2850	17.408724	0.0	1358801	4888	1.85
1527449722.13	2850	17.903536	0.0	1537156	3224	2.85
1527449724.78	2850	19.29366	0.0	1336050	2383	2.85
1527449728.04	4300	20.017535	0.0	2039773	2971	2.8499999999999996
1527449730.17	4300	21.874769	0.0	2176469	1863	4.3
1527449731.89	4300	24.150163	0.0	2221506	1484	4.3
1527449733.98	4300	26.05551	0.0	2044075	1844	4.3
1527449737.64	4300	26.420841	0.0	2186790	3407	4.3
1527449740.59	4300	27.444077	0.0	2105231	2722	4.3
1527449742.6	4300	29.439706	0.0	2395588	1753	4.3
1527449744.2	4300	31.845672	0.0	1972048	1339	4.3
1527449745.46	4300	34.576781	0.0	2134614	1008	4.3
1527449747.41	4300	36.631738	0.0	2164140	1686	4.3
1527449749.85	4300	38.204842	0.0	2113193	2109	4.3
1527449752.27	4300	39.770755	0.0	2147852	2164	4.3
1527449756.66	4300	39.384306	0.0	2191074	4127	4.3
1527449764.34	4300	35.810598	0.0	2286761	7360	4.3
