1527461435.83	750	4	0.052	450283	6	-0.22360000000000002
1527461436.07	4300	7.765036	0.0	2123065	30	0.75
1527461436.3	4300	11.517815	0.0	2177073	36	4.3
1527461436.52	4300	15.304177	0.0	2160877	44	4.3
1527461436.81	4300	19.021399	0.0	2233056	96	4.3
1527461437.04	4300	22.774147	0.0	1941625	72	4.3
1527461437.25	4300	26.565461	0.0	2157535	34	4.3
1527461437.47	4300	30.352194	0.0	2290172	30	4.3
1527461437.71	4300	34.110089	0.0	2055469	43	4.3
1527461437.9	4300	37.924582	0.0	2169201	22	4.3
1527461438.09	4300	41.724394	0.0	2173522	33	4.3
1527461438.3	4300	45.522022	0.0	2102452	19	4.3
1527461438.54	4300	49.284055	0.0	2209463	54	4.3
1527461438.75	4300	53.065427	0.0	2275376	42	4.3
1527461439.0	4300	56.820658	0.0	2005399	63	4.3
1527461440.21	4300	59.738513	0.0	2152483	40	4.3
1527461443.85	4300	59.998706	0.0	2289689	1858	4.3
1527461448.3	4300	59.748741	0.0	2059512	1203	4.3
1527461452.53	4300	59.498242	0.0	2220726	1472	4.3
1527461456.09	4300	59.915556	0.0	2156729	841	4.3
1527461460.13	4300	59.915559	0.0	2039773	778	4.3
1527461464.29	4300	59.665471	0.0	2176469	1403	4.3
1527461468.0	4300	59.914707	0.0	2221506	2435	4.3
1527461472.28	4300	59.665477	0.0	2044075	1521	4.3
1527461476.3	4300	59.662197	0.0	2186790	2247	4.3
1527461480.3	4300	59.665031	0.0	2105231	2738	4.3
1527461484.35	4300	59.66407	0.0	2395588	3276	4.3
1527461489.23	4300	58.651374	0.0	1972048	4613	4.3
1527461492.18	4300	59.91464	0.0	2134614	1192	4.3
1527461496.13	4300	59.913873	0.0	2164140	1708	4.3
1527461500.03	4300	59.914837	0.0	2113193	1122	4.3
1527461504.14	4300	59.914647	0.0	2147852	1309	4.3
1527461508.17	4300	59.91526	0.0	2191074	1705	4.3
1527461512.22	4300	59.655511	0.0	2286761	3804	4.3
1527461516.08	4300	59.912854	0.0	2307787	2612	4.3
1527461520.22	4300	59.657009	0.0	2143948	1898	4.3
1527461524.02	4300	59.914917	0.0	1919781	1552	4.3
1527461528.44	4300	59.665024	0.0	2147467	1661	4.3
1527461532.27	4300	59.664853	0.0	2133870	985	4.3
1527461535.99	4300	59.915266	0.0	2146120	934	4.3
1527461540.2	4300	59.915034	0.0	2108491	941	4.3
1527461544.18	4300	59.9153	0.0	2184571	679	4.3
1527461548.07	4300	59.915238	0.0	2121928	630	4.3
1527461552.45	4300	59.665319	0.0	2219102	641	4.3
1527461556.4	4300	59.664955	0.0	2124950	660	4.3
1527461560.38	4300	59.5424	0.0	2246506	660	4.3
1527461564.32	4300	59.659744	0.0	1961140	661	4.3
1527461568.28	4300	59.663018	0.0	2155012	1192	4.3
1527461570.47	4300	59.078191	0.0	1433658	1923	4.3

1527461575.87	750	3.968365	4.407	2354772	4266	-18.9501
1527461578.4	2850	5.431791	0.0	1431809	2241	0.75
1527461580.98	2850	6.851755	0.0	1300868	2358	2.85
1527461583.46	2850	8.379392	0.0	1520281	2274	2.85
1527461583.59	4300	8.245957	0.0	1520281	2274	2.8499999999999996
1527461587.04	4300	8.79584	0.0	2233056	3207	4.3
1527461590.56	4300	9.266776	0.0	1941625	3258	4.3
1527461592.8	4300	11.074916	0.0	2157535	1962	4.3
1527461594.82	4300	13.025602	0.0	2290172	1758	4.3
1527461602.84	4300	9.003291	0.0	2055469	7777	4.3
1527461605.97	4300	9.873861	0.0	2169201	2847	4.3
1527461609.88	4300	9.945055	0.0	2173522	3677	4.3
1527461612.11	4300	11.718775	0.0	2102452	2009	4.3
1527461614.72	4300	13.107142	0.0	2209463	2389	4.3
1527461618.09	4300	13.747339	0.0	2275376	3159	4.3
1527461619.91	4300	15.940645	0.0	2005399	1585	4.3
1527461621.52	4300	18.320007	0.0	2152483	1406	4.3
1527461623.17	4300	20.695134	0.0	2289689	1418	4.3
1527461624.56	4300	23.285241	0.0	2059512	1180	4.3
1527461626.38	4300	25.461523	0.0	2220726	1612	4.3
1527461627.71	4300	28.149679	0.0	2156729	1084	4.3
1527461628.81	4300	31.041796	0.0	2039773	876	4.3
1527461630.99	4300	32.84752	0.0	2176469	1931	4.3
1527461633.53	4300	34.324431	0.0	2221506	2272	4.3
1527461636.36	4300	35.485485	0.0	2044075	2596	4.3
1527461638.05	4300	37.826765	0.0	2186790	1425	4.3
1527461639.54	4300	40.30062	0.0	2105231	1270	4.3
1527461641.44	4300	42.424276	0.0	2395588	1608	4.3
1527461642.79	4300	45.097315	0.0	1972048	1093	4.3
1527461644.3	4300	47.553885	0.0	2134614	1254	4.3
1527461645.78	4300	50.073737	0.0	2164140	1238	4.3
1527461647.06	4300	52.819379	0.0	2113193	1044	4.3
1527461648.19	4300	55.651283	0.0	2147852	912	4.3
1527461649.25	4300	58.595176	0.0	2191074	847	4.3
1527461652.37	4300	59.497993	0.0	2286761	848	4.3
1527461656.31	4300	59.74778	0.0	2307787	640	4.3
1527461660.11	4300	59.748188	0.0	2143948	2505	4.3
1527461664.05	4300	59.885769	0.0	1919781	1598	4.3
1527461668.12	4300	59.887592	0.0	2147467	1798	4.3
1527461672.27	4300	59.638089	0.0	2133870	2391	4.3
1527461696.51	4300	59.507044	0.0	958994	1711	4.3
1527461696.66	4300	59.197511	0.0	958994	1711	4.3
1527461708.36	4300	59.505057	0.0	846370	1479	4.3
1527461708.5	2850	59.364534	0.0	846370	1479	1.4000000000000001
1527461710.6	2850	58.933917	0.0	889412	1879	2.85
1527461849.92	750	3.965255	-3.253	1728879	1031	12.6379
1527461851.49	4300	6.439717	0.0	2123065	1296	0.75
1527461853.28	4300	8.656846	0.0	2177073	1558	4.3
1527461854.81	4300	11.143827	0.0	2160877	1276	4.3
1527461856.61	4300	13.328721	0.0	2233056	1575	4.3
1527461857.5	4300	16.437528	0.0	1941625	660	4.3
1527461858.65	4300	19.293662	0.0	2157535	935	4.3
1527461859.69	4300	22.253004	0.0	2290172	837	4.3
1527461860.68	4300	25.273966	0.0	2055469	748	4.3
1527461862.03	4300	27.93152	0.0	2169201	1127	4.3
1527461863.29	4300	30.683555	0.0	2173522	1016	4.3
1527461864.78	4300	33.160197	0.0	2102452	1301	4.3
1527461866.73	4300	35.226843	0.0	2209463	1708	4.3
1527461868.45	4300	37.508229	0.0	2275376	1498	4.3
1527461869.82	4300	40.130285	0.0	2005399	1162	4.3
1527461870.94	4300	43.022718	0.0	2152483	879	4.3
1527461871.92	4300	46.053479	0.0	2289689	716	4.3
1527461872.68	4300	49.277977	0.0	2059512	552	4.3
1527461873.57	4300	52.381498	0.0	2220726	655	4.3
1527461874.41	4300	55.556624	0.0	2156729	556	4.3
1527461875.21	4300	58.745962	0.0	2039773	561	4.3
1527461878.08	4300	59.957131	0.0	2176469	591	4.3
1527461882.43	4300	59.707277	0.0	2221506	2073	4.3
1527461886.44	4300	59.7066	0.0	2044075	1245	4.3
1527461890.08	4300	59.951953	0.0	2186790	2790	4.3
1527461894.25	4300	59.957082	0.0	2105231	2923	4.3
1527461898.31	4300	59.707303	0.0	2395588	3318	4.3
1527461901.99	4300	59.994341	0.0	1972048	3385	4.3
1527461907.45	4300	59.059066	0.0	2134614	4683	4.3
1527461918.4	4300	59.706884	0.0	620283	1019	4.3
1527461918.65	2850	59.415127	0.0	620283	1019	1.4000000000000001
1527461922.2	2850	59.881176	0.0	1358081	3193	2.85
1527461926.38	2850	59.957347	0.0	1587293	2242	2.85
1527461931.45	2850	59.707203	0.0	1492672	3235	2.85
1527461938.04	2850	57.940491	0.0	1439896	4219	2.85
1527461943.8	2850	54.605955	0.0	1139291	4527	2.85
1527461947.25	2850	54.697249	0.0	1499009	3186	2.85
1527461950.51	2850	55.625441	0.0	1427478	2696	2.85
1527461951.4	2850	58.548429	0.0	1402287	669	2.85
1527461951.59	4300	58.42028	0.0	1402287	669	2.8499999999999996
1527461954.07	4300	59.95672	0.0	2108491	1718	4.3
1527461958.41	4300	59.707052	0.0	2184571	1565	4.3
1527461962.37	4300	59.701868	0.0	2121928	2141	4.3
1527461966.1	4300	59.956997	0.0	2219102	2934	4.3
1527461970.28	4300	59.706713	0.0	2124950	2906	4.3
1527461974.46	4300	59.509416	0.0	2246506	3904	4.3
1527461978.78	4300	59.193801	0.0	1961140	4056	4.3
1527461983.88	4300	58.087331	0.0	2155012	4797	4.3
1527461984.01	2850	57.95391	0.0	2155012	4797	1.4000000000000001

1527461988.7	750	3.973281	3.31	1728879	3184	-14.233
1527461991.34	2850	5.346902	0.0	1431809	2418	0.75
1527461993.32	2850	7.343945	0.0	1300868	1792	2.85
1527461998.65	4300	6.020094	0.0	2160877	5030	2.8499999999999996
1527461998.76	2850	5.904794	0.0	2160877	5030	1.4000000000000001
1527462002.03	2850	6.688887	0.0	1472558	2989	2.85
1527462004.6	2850	8.072962	0.0	1224260	2367	2.85
1527462006.89	2850	9.775753	0.0	1388403	2081	2.85
1527462010.14	2850	10.528209	0.0	1638769	3032	2.85
1527462014.05	2850	10.635752	0.0	1348011	3696	2.85
1527462018.86	2850	9.833003	0.0	1429765	4547	2.85
1527462022.0	2850	10.688329	0.0	1354548	2935	2.85
1527462026.94	2850	9.727345	0.0	1519951	4732	2.85
1527462031.02	2850	9.679988	0.0	1422919	3740	2.85
1527462035.38	2850	9.312416	0.0	1578343	4126	2.85
1527462037.3	1850	11.376944	0.0	821631	1638	0.8500000000000001
1527462037.44	2850	11.223082	0.0	821631	1638	1.85
1527462042.11	2850	10.568498	0.0	1471065	4466	2.85
1527462052.98	2850	31.691229	0.0	343800	737	2.85
1527462053.11	2850	31.570362	0.0	343800	737	2.85
1527462056.38	2850	32.330499	0.0	1383735	2994	2.85
1527462059.84	2850	32.82693	0.0	1480464	3245	2.85
1527462062.96	2850	33.722569	0.0	1547572	2838	2.85
1527462064.81	2850	35.867956	0.0	1141971	1637	2.85
1527462066.78	2850	37.8987	0.0	1498470	1758	2.85
1527462066.92	4300	37.778592	0.0	1498470	1758	2.8499999999999996
1527462068.99	4300	39.681364	0.0	2164140	1857	4.3
1527462072.1	4300	40.586779	0.0	2113193	2877	4.3
1527462077.05	4300	39.632587	0.0	2147852	4672	4.3
1527462081.16	4300	39.523434	0.0	2191074	3882	4.3
1527462085.7	4300	38.964469	0.0	2286761	4301	4.3
1527462090.91	4300	37.789505	0.0	2307787	4936	4.3
1527462091.03	2850	37.642408	0.0	2307787	4936	1.4000000000000001
1527462098.05	2850	34.630354	0.0	1439896	6759	2.85
1527462103.3	2850	33.386841	0.0	1139291	4973	2.85
1527462103.48	1850	33.242265	0.0	1139291	4973	0.8500000000000001
1527462108.06	1850	32.637255	0.0	938587	4336	1.85
1527462111.19	1200	33.505148	0.0	605884	2801	0.5499999999999999
1527462114.41	1200	34.287688	0.0	587506	2943	1.2
1527462117.8	1200	34.887891	0.0	566904	3142	1.2
1527462120.58	1200	36.111123	0.0	641452	2524	1.2
1527462122.35	1200	38.368046	0.0	599477	27	1.2
1527462122.49	4300	38.184611	0.0	599477	27	1.1999999999999997
