1527228766.42	750	3.976009	15.858	2354772	15637	-68.18939999999999
1527228790.01	300	4.253764	13.718	155580	15178	-59.1374
1527228804.59	300	4.007724	13.476	139857	11471	-57.6468
1527228810.52	300	4.481288	1.375	155432	4553	-5.6125
1527228811.36	300	6.551509	0.0	163442	490	0.3
1527228811.91	300	10.062941	0.0	126289	314	0.3
1527228812.92	750	13.112944	0.0	352642	606	0.3
1527228815.3	1850	14.688151	0.0	1060487	2067	0.75
1527228818.01	1850	15.96308	0.0	852833	2463	1.85
1527228820.2	1850	17.78755	0.0	913888	1929	1.85
1527228822.71	1850	19.246976	0.0	939819	2278	1.85
1527228830.27	1850	15.694083	0.0	917428	7338	1.85
1527228833.17	1850	16.804932	0.0	946851	2622	1.85
1527228835.53	1850	18.430666	0.0	1036454	2161	1.85
1527228837.4	1850	20.561614	0.0	821631	1660	1.85
1527228843.78	1850	18.201672	0.0	923170	6149	1.85
1527228851.25	1850	14.695664	0.0	966699	7200	1.85
1527228871.3	1850	4.357014	5.523	885714	18388	-21.898899999999998
1527228872.15	300	7.336155	0.0	165384	571	-1.25
1527228874.21	750	9.272424	0.0	350713	1843	0.3
1527228882.49	750	4.998434	0.0	386472	8075	0.75
1527228886.42	300	5.085518	0.0	157812	2765	-0.15000000000000002
1527228888.17	300	7.317676	0.0	163927	1529	0.3
1527228888.98	300	10.503985	0.0	137654	602	0.3
1527228890.11	750	13.386369	0.0	359903	896	0.3
1527228891.69	1850	15.799349	0.0	905935	1380	0.75
1527228893.35	1850	18.140385	0.0	1076599	1437	1.85
1527228894.64	1850	20.840771	0.0	758197	1050	1.85
1527228896.08	1850	23.411245	0.0	972798	1214	1.85
1527228897.48	1850	26.007256	0.0	975811	1187	1.85
1527228920.96	4300	7.25382	0.0	2113193	22516	1.8499999999999996
1527228924.84	300	6.600903	0.0	157488	3562	-3.7
1527228926.91	300	8.581985	0.0	143881	1799	0.3
1527228927.6	300	11.887605	0.0	163444	468	0.3
1527228931.52	750	12.272709	0.0	401088	3325	0.3
1527228933.19	300	14.266321	0.0	159914	1374	-0.15000000000000002
1527228933.85	300	17.64403	0.0	131610	451	0.3
1527228938.93	1850	16.548261	0.0	938587	4837	0.30000000000000004
1527228942.08	1850	17.406488	0.0	908665	2915	1.85
1527228946.84	1850	16.667167	0.0	930577	4511	1.85
1527228951.33	1850	16.167915	0.0	858450	4221	1.85
1527228955.93	1850	15.570368	0.0	1025005	4378	1.85
1527228967.78	1850	7.698583	0.0	886255	11618	1.85
1527228968.85	300	10.644436	0.0	172312	742	-1.25
1527228970.52	750	12.973216	0.0	398987	1449	0.3
1527228972.33	750	15.188418	0.0	393804	1544	0.75
1527228975.28	1850	16.216377	0.0	830730	2677	0.75
1527228979.69	1850	15.789517	0.0	846370	4153	1.85
1527228983.19	1850	14.041665	0.0	598850	3213	1.85

1527228988.04	750	3.992552	3.307	668286	3208	-14.220099999999999
1527228989.93	750	6.112287	0.0	398865	1578	0.75
1527228991.49	750	8.537605	0.0	350812	1340	0.75
1527228993.1	750	10.936559	0.0	382355	1385	0.75
1527228994.93	750	13.100952	0.0	411561	1614	0.75
1527228997.02	750	15.004005	0.0	318564	1871	0.75
1527228999.98	750	16.041155	0.0	352642	2744	0.75
1527229004.69	750	16.251134	0.0	437162	3566	0.75
1527229008.63	750	15.337244	0.0	374758	3766	0.75
1527229012.11	750	15.949292	0.0	362795	3196	0.75
1527229014.36	750	17.704683	0.0	353220	1994	0.75
1527229017.23	750	18.810347	0.0	405134	2600	0.75
1527229019.35	750	20.684122	0.0	386351	1906	0.75
1527229021.05	750	22.973987	0.0	434409	1502	0.75
1527229025.53	1850	22.504352	0.0	821631	4162	0.75
1527229029.06	1850	23.001156	0.0	923170	3269	1.85
1527229034.47	1850	21.568458	0.0	966699	5155	1.85
1527229036.69	1850	23.3465	0.0	885714	1919	1.85
1527229038.28	1850	25.735549	0.0	987708	1382	1.85
1527229040.89	1850	27.154611	0.0	923755	2369	1.85
1527229050.66	1850	21.399688	0.0	891604	9527	1.85
1527229069.64	1850	7.691642	0.0	955231	17351	1.85
1527229070.47	300	9.50428	0.0	163927	442	-1.25
1527229071.66	750	12.389284	0.0	343800	940	0.3
1527229073.96	1850	14.069133	0.0	897976	2029	0.75
1527229076.56	1850	15.456771	0.0	905935	2396	1.85
1527229079.5	1850	16.517513	0.0	1076599	2730	1.85
1527229082.22	1850	17.78839	0.0	758197	2516	1.85
1527229089.24	1850	14.799975	0.0	972798	6745	1.85
1527229094.0	1850	14.030012	0.0	975811	4443	1.85
1527229104.59	1850	7.479442	0.0	873429	10338	1.85
1527229105.76	300	10.272244	0.0	157488	860	-1.25
1527229108.02	750	12.007908	0.0	369834	2017	0.3
1527229110.97	750	13.09878	0.0	412837	2636	0.75
1527229113.06	750	14.980482	0.0	401088	1853	0.75
1527229114.78	750	17.275405	0.0	365161	1450	0.75
1527229116.15	750	19.930778	0.0	321064	1103	0.75
1527229121.07	1850	18.960948	0.0	938587	4676	0.75
1527229124.92	1850	19.108454	0.0	908665	3600	1.85
1527229132.8	1850	15.223411	0.0	930577	7656	1.85
1527229147.56	1850	4.959658	0.0	858450	13936	1.85
1527229148.12	300	7.839856	0.0	161857	303	-1.25
1527229149.03	750	11.009679	0.0	372093	632	0.3
1527229151.76	1850	12.251934	0.0	973972	2493	0.75
1527229154.76	1850	13.259606	0.0	958994	2778	1.85
1527229156.7	1850	15.326153	0.0	982064	1705	1.85
1527229158.08	1850	17.93468	0.0	830730	1179	1.85
1527229160.31	1850	19.715555	0.0	846370	1991	1.85
1527229161.5	1850	20.210321	0.0	598850	971	1.85

1527229162.55	1200	19.147321	3.307	391450	816	-14.220099999999999
1527229165.19	750	3.990876	-1.437	1034108	1757	6.479099999999999
1527229166.53	1850	6.624743	0.0	957685	1149	0.75
1527229167.89	1850	9.279609	0.0	877771	1143	1.85
1527229169.43	1850	11.739068	0.0	933276	1317	1.85
1527229171.05	1850	14.130839	0.0	996749	1402	1.85
1527229172.58	1850	16.600397	0.0	801058	1303	1.85
1527229176.87	4300	16.297595	0.0	2157535	4001	1.8499999999999996
1527229180.58	4300	16.596554	0.0	2290172	3421	4.3
1527229184.39	4300	16.765483	0.0	2055469	3590	4.3
1527229193.2	4300	11.996602	0.0	2169201	8564	4.3
1527229194.66	1850	14.560472	0.0	939819	1167	-0.6000000000000001
1527229195.97	1850	17.23679	0.0	917428	1080	1.85
1527229197.34	1850	19.867713	0.0	946851	1127	1.85
1527229200.35	4300	20.865597	0.0	2275376	2696	1.8499999999999996
1527229202.98	4300	22.223708	0.0	2005399	2380	4.3
1527229210.26	4300	18.932093	0.0	2152483	7079	4.3
1527229236.88	4300	4.450152	8.121	2289689	26289	-30.620299999999997
1527229237.86	300	7.495589	0.0	150616	608	-3.7
1527229241.0	750	8.366185	0.0	405596	629	0.3
1527229250.67	1850	4.319506	1.64	923755	9404	-6.302
1527229252.73	750	6.248498	0.0	386472	1757	-0.3500000000000001
1527229255.1	750	7.862836	0.0	399894	2157	0.75
1527229255.91	300	11.070082	0.0	163927	578	-0.15000000000000002
1527229257.48	750	13.516749	0.0	343800	1315	0.3
1527229261.12	1850	13.828886	0.0	897976	3406	0.75
1527229264.33	1850	14.650839	0.0	905935	2969	1.85
1527229268.59	1850	14.401555	0.0	1076599	4025	1.85
1527229273.38	1850	13.587446	0.0	758197	4577	1.85
1527229282.57	1850	8.412855	0.0	972798	8881	1.85
1527229285.45	750	9.539838	0.0	400508	2566	-0.3500000000000001
1527229288.67	750	10.325514	0.0	358218	2943	0.75
1527229293.7	750	9.303432	0.0	400322	4746	0.75
1527229296.93	300	10.05075	0.0	143881	2886	-0.15000000000000002
1527229299.76	300	11.20146	0.0	163444	2597	0.3
1527229302.74	300	12.276736	0.0	179328	2705	0.3
1527229307.37	750	11.603642	0.0	365161	4386	0.3
1527229309.75	750	13.232191	0.0	321064	2141	0.75
1527229311.5	750	15.496017	0.0	361565	1434	0.75
1527229313.46	750	17.520528	0.0	378327	1743	0.75
1527229315.63	750	19.350686	0.0	390680	1955	0.75
1527229317.11	750	21.868618	0.0	345516	1244	0.75
1527229321.55	1850	21.442962	0.0	1025005	4158	0.75
1527229324.63	1850	22.348094	0.0	886255	2828	1.85
1527229327.75	1850	23.228523	0.0	973972	2871	1.85
1527229331.01	1850	23.945069	0.0	958994	3055	1.85
1527229335.32	1850	23.639099	0.0	982064	4098	1.85
1527229341.96	1850	21.032296	0.0	830730	6379	1.85
1527229345.28	1850	21.706587	0.0	846370	3007	1.85
1527229350.8	4300	17.837354	0.0	1433658	5276	1.8499999999999996

1527229354.4	750	4	2.505	668286	2396	-10.7715
1527229356.16	750	6.237412	0.0	398865	1453	0.75
1527229357.58	750	8.840695	0.0	350812	1201	0.75
1527229359.05	750	11.359726	0.0	382355	1252	0.75
1527229360.87	750	13.539841	0.0	411561	1593	0.75
1527229362.31	750	16.081646	0.0	318564	1209	0.75
1527229363.7	750	18.696125	0.0	352642	1179	0.75
1527229368.41	1850	17.982493	0.0	1060487	4430	0.75
1527229373.59	1850	16.80429	0.0	852833	4939	1.85
1527229377.33	1850	17.095321	0.0	913888	3438	1.85
1527229382.43	1850	15.966448	0.0	939819	4867	1.85
1527229387.43	1850	14.96865	0.0	917428	4785	1.85
1527229391.62	1850	14.795633	0.0	946851	3940	1.85
1527229393.73	1850	16.670551	0.0	1036454	1862	1.85
1527229396.11	1850	18.292655	0.0	821631	2153	1.85
1527229399.36	1850	19.037229	0.0	923170	3015	1.85
1527229402.58	1850	19.817192	0.0	966699	3000	1.85
1527229405.25	1850	21.146135	0.0	885714	2450	1.85
1527229408.0	1850	22.425193	0.0	987708	2504	1.85
1527229410.9	1850	23.52731	0.0	923755	2636	1.85
1527229413.62	1850	24.781755	0.0	891604	2468	1.85
1527229416.49	1850	25.901071	0.0	955231	2639	1.85
1527229419.29	1850	27.122954	0.0	968026	2551	1.85
1527229425.12	4300	25.335519	0.0	2044075	5403	1.8499999999999996
1527229432.19	4300	22.222126	0.0	2186790	6773	4.3
1527229438.9	4300	19.502256	0.0	2105231	6457	4.3
1527229446.32	4300	16.101485	0.0	2395588	7159	4.3
1527229453.25	4300	13.194379	0.0	1972048	6613	4.3
1527229461.52	4300	8.90463	0.0	2134614	8032	4.3
1527229475.63	1850	4.40396	5.563	975811	13703	-24.520899999999994
1527229478.11	300	5.881041	0.0	157421	2015	-1.25
1527229481.71	300	7.006487	0.0	157488	2634	0.3
1527229483.45	300	8.48092	0.0	143881	1481	0.3
1527229484.3	300	11.753485	0.0	163444	534	0.3
1527229486.21	750	13.792173	0.0	401088	1659	0.3
1527229487.16	750	16.837836	0.0	365161	715	0.75
1527229488.57	1850	19.428746	0.0	728962	1152	0.75
1527229490.1	1850	21.860264	0.0	938587	1316	1.85
1527229491.46	1850	24.497807	0.0	908665	1159	1.85
1527229492.89	1850	27.084847	0.0	930577	1203	1.85
1527229496.11	4300	27.882452	0.0	2108491	2958	1.8499999999999996
1527229500.62	4300	27.360996	0.0	2184571	4265	4.3
1527229506.02	4300	25.972467	0.0	2121928	5141	4.3
1527229511.41	4300	24.57597	0.0	2219102	5097	4.3
1527229516.75	4300	23.22666	0.0	2124950	5121	4.3
1527229523.42	4300	20.582989	0.0	2246506	6376	4.3
1527229531.08	4300	16.92863	0.0	1961140	7335	4.3
1527229536.73	4300	15.287614	0.0	2155012	5320	4.3
1527229539.8	4300	13.848228	0.0	1433658	2822	4.3

1527229542.77	750	3.988609	1.917	668286	1796	-8.2431
1527229544.26	750	6.475067	0.0	398865	1176	0.75
1527229545.5	750	9.23183	0.0	350812	991	0.75
1527229547.1	750	11.627968	0.0	382355	1380	0.75
1527229550.09	1850	12.626016	0.0	996749	2678	0.75
1527229553.24	1850	13.50312	0.0	801058	2906	1.85
1527229556.21	1850	14.507282	0.0	905515	2743	1.85
1527229559.5	1850	15.233815	0.0	1060487	3054	1.85
1527229563.23	1850	15.517624	0.0	852833	3450	1.85
1527229566.82	1850	15.890651	0.0	913888	3340	1.85
1527229569.38	1850	17.378492	0.0	939819	2293	1.85
1527229571.29	1850	19.459645	0.0	917428	1651	1.85
1527229573.37	1850	21.346722	0.0	946851	1880	1.85
1527229576.57	1850	22.160983	0.0	1036454	2972	1.85
1527229578.39	1850	24.363957	0.0	821631	1568	1.85
1527229580.78	1850	25.994023	0.0	923170	2156	1.85
1527229584.78	1850	25.987638	0.0	966699	3751	1.85
1527229589.35	1850	25.404026	0.0	885714	4335	1.85
1527229593.45	1850	25.321496	0.0	987708	3839	1.85
1527229602.62	1850	20.139251	0.0	923755	8927	1.85
1527229607.21	1850	19.546686	0.0	891604	4324	1.85
1527229613.65	1850	17.112756	0.0	955231	6223	1.85
1527229615.38	1850	19.392436	0.0	968026	1476	1.85
1527229620.91	1850	17.845186	0.0	874175	5278	1.85
1527229626.93	1850	15.827339	0.0	897976	5739	1.85
1527229629.35	1850	17.398245	0.0	905935	2212	1.85
1527229632.29	1850	18.465963	0.0	1076599	2721	1.85
1527229633.93	1850	20.832663	0.0	758197	1388	1.85
1527229637.19	1850	21.561206	0.0	972798	3062	1.85
1527229640.19	1850	22.572094	0.0	975811	2757	1.85
1527229642.85	1850	23.900657	0.0	873429	2464	1.85
1527229645.67	1850	25.074315	0.0	954453	2628	1.85
1527229648.52	1850	26.244437	0.0	885062	2627	1.85
1527229652.21	1850	26.553445	0.0	1035329	3446	1.85
1527229654.63	1850	28.135856	0.0	1026056	2185	1.85
1527229657.84	1850	28.91556	0.0	943942	3006	1.85
1527229661.4	1850	29.411307	0.0	728962	3294	1.85
1527229664.58	1850	30.165255	0.0	938587	2972	1.85
1527229668.1	1850	30.643145	0.0	908665	3317	1.85
1527229671.95	1850	30.817643	0.0	930577	3609	1.85
1527229679.28	1850	27.502995	0.0	858450	7081	1.85
1527229682.55	1850	28.212174	0.0	1025005	2961	1.85
1527229695.36	1850	19.443426	0.0	886255	12531	1.85
