1527447503.17	750	4	0.079	450283	2	-0.3397
1527447504.37	4300	6.979723	0.0	2123065	903	0.75
1527447505.54	4300	9.821581	0.0	2177073	970	4.3
1527447505.76	1850	13.583255	0.0	933276	10	-0.6000000000000001
1527447507.28	4300	16.071918	0.0	2233056	1336	1.8499999999999996
1527447507.46	1850	19.890037	0.0	801058	7	-0.6000000000000001
1527447507.65	4300	23.696911	0.0	2157535	13	1.8499999999999996
1527447507.84	4300	27.505798	0.0	2290172	17	4.3
1527447508.03	4300	31.317016	0.0	2055469	12	4.3
1527447508.24	4300	35.115135	0.0	2169201	17	4.3
1527447509.26	4300	38.083796	0.0	2173522	856	4.3
1527447510.08	4300	41.274719	0.0	2102452	638	4.3
1527447510.27	1850	45.084074	0.0	946851	11	-0.6000000000000001
1527447511.13	4300	48.227079	0.0	2275376	676	1.8499999999999996
1527447511.33	4300	52.019355	0.0	2005399	13	4.3
1527447511.52	4300	55.823997	0.0	2152483	17	4.3
1527447512.25	4300	59.102178	0.0	2289689	548	4.3
1527447515.61	4300	59.749601	0.0	2059512	642	4.3
1527447519.96	300	59.498464	0.0	165384	87	-3.7
1527447523.5	1850	59.999486	0.0	923755	847	0.30000000000000004
1527447527.55	1850	59.998512	0.0	891604	861	1.85
1527447532.02	300	59.499715	0.0	157812	227	-1.25
1527447535.84	1850	59.748909	0.0	968026	1120	0.30000000000000004
1527447539.42	750	59.998872	0.0	343800	391	-0.3500000000000001
1527447543.99	4300	59.50056	0.0	2186790	2314	0.75
1527447547.55	4300	59.821223	0.0	2105231	3360	4.3
1527447551.93	4300	59.500716	0.0	2395588	1163	4.3
1527447556.09	4300	59.501364	0.0	1972048	907	4.3
1527447560.03	4300	59.501351	0.0	2134614	1730	4.3
1527447563.88	4300	59.500982	0.0	2164140	1137	4.3
1527447567.78	4300	59.751308	0.0	2113193	2702	4.3
1527447571.43	4300	59.945695	0.0	2147852	3443	4.3
1527447575.91	4300	59.499952	0.0	2191074	2274	4.3
1527447579.79	4300	59.751092	0.0	2286761	2187	4.3
1527447583.87	4300	59.750851	0.0	2307787	1874	4.3
1527447587.85	4300	59.751471	0.0	2143948	1304	4.3
1527447592.05	4300	59.501176	0.0	1919781	995	4.3
1527447595.99	4300	59.498987	0.0	2147467	731	4.3
1527447599.81	4300	59.751583	0.0	2133870	608	4.3
1527447603.96	4300	59.501535	0.0	2146120	946	4.3
1527447607.79	4300	59.751344	0.0	2108491	583	4.3
1527447611.66	4300	59.750559	0.0	2184571	663	4.3
1527447616.07	4300	59.500926	0.0	2121928	669	4.3
1527447620.05	4300	59.500245	0.0	2219102	788	4.3
1527447623.96	4300	59.500778	0.0	2124950	1214	4.3
1527447628.07	4300	59.50099	0.0	2246506	2429	4.3
1527447632.11	4300	59.273048	0.0	1961140	3818	4.3
1527447635.75	4300	59.613014	0.0	2155012	3366	4.3
1527447638.57	4300	58.476345	0.0	1433658	2614	4.3

1527447640.47	750	3.990272	1.094	668286	1012	-4.7042
1527447641.82	1850	6.659555	0.0	957685	1070	0.75
1527447643.33	1850	9.131313	0.0	877771	1326	1.85
1527447644.86	1850	11.609044	0.0	933276	1337	1.85
1527447646.85	1850	13.614561	0.0	996749	1797	1.85
1527447648.34	1850	16.12263	0.0	801058	1318	1.85
1527447649.35	1850	19.114337	0.0	905515	809	1.85
1527447651.45	4300	21.013441	0.0	2290172	1818	1.8499999999999996
1527447659.15	4300	20.68097	0.0	2055469	4144	4.3
1527447662.66	4300	17.843662	0.0	2169201	3248	4.3
1527447666.76	4300	17.790976	0.0	2173522	3840	4.3
1527447669.02	4300	19.498017	0.0	2102452	2041	4.3
1527447671.25	4300	21.25722	0.0	2209463	2019	4.3
1527447675.07	4300	21.441379	0.0	2275376	3603	4.3
1527447676.68	4300	23.818908	0.0	2005399	1407	4.3
1527447678.41	4300	26.09753	0.0	2152483	1524	4.3
1527447680.07	4300	28.446894	0.0	2289689	1454	4.3
1527447681.37	4300	31.135614	0.0	2059512	1092	4.3
1527447683.17	4300	33.334331	0.0	2220726	1602	4.3
1527447684.64	4300	35.859512	0.0	2156729	1247	4.3
1527447685.78	4300	38.729508	0.0	2039773	935	4.3
1527447687.69	4300	40.825041	0.0	2176469	1701	4.3
1527447690.08	4300	42.424995	0.0	2221506	2160	4.3
1527447692.85	4300	43.699476	0.0	2044075	2529	4.3
1527447694.76	4300	45.736694	0.0	2186790	1731	4.3
1527447696.41	4300	48.080689	0.0	2105231	1470	4.3
1527447698.13	4300	50.372476	0.0	2395588	1520	4.3
1527447699.35	4300	53.146564	0.0	1972048	1026	4.3
1527447700.7	4300	55.817001	0.0	2134614	1109	4.3
1527447702.09	4300	58.401787	0.0	2164140	1214	4.3
1527447704.86	4300	59.746264	0.0	2113193	1044	4.3
1527447708.54	4300	59.995999	0.0	2147852	987	4.3
1527447712.86	4300	59.746288	0.0	2191074	1090	4.3
1527447716.83	4300	59.745497	0.0	2286761	2759	4.3
1527447720.69	4300	59.995648	0.0	2307787	2149	4.3
1527447725.14	4300	59.552186	0.0	2143948	1728	4.3
1527447729.19	4300	59.552611	0.0	1919781	2316	4.3
1527447740.91	4300	51.67028	0.0	2147467	11533	4.3
1527447744.17	4300	52.400658	0.0	2133870	3017	4.3
1527447747.22	4300	53.349769	0.0	2146120	2870	4.3
1527447751.06	4300	53.52991	0.0	2108491	3638	4.3
1527447756.64	4300	51.927214	0.0	2184571	5389	4.3
1527447763.87	4300	48.706087	0.0	2121928	7030	4.3
1527447768.45	4300	48.14221	0.0	2219102	4291	4.3
1527447772.25	4300	48.336895	0.0	2124950	3589	4.3
1527447776.91	4300	47.656235	0.0	2246506	4469	4.3
1527447780.74	4300	47.85072	0.0	1961140	3602	4.3
1527447784.82	4300	47.770707	0.0	2155012	3861	4.3
1527447787.72	4300	46.549704	0.0	1433658	2674	4.3

1527447790.69	750	3.99745	2.072	668286	1975	-8.909600000000001
1527447792.18	750	6.508554	0.0	398865	1221	0.75
1527447793.7	750	8.95713	0.0	350812	1340	0.75
1527447794.65	750	12.033848	0.0	382355	731	0.75
1527447797.17	1850	13.488833	0.0	996749	2262	0.75
1527447806.77	1850	7.887248	0.0	801058	9407	1.85
1527447809.01	750	9.66974	0.0	352642	1974	-0.3500000000000001
1527447812.46	750	10.256495	0.0	437162	3211	0.75
1527447816.91	750	9.82192	0.0	374758	4195	0.75
1527447835.61	750	4.496437	9.452	362795	18515	-39.8936
1527447836.89	300	7.226206	0.0	141840	952	-0.15000000000000002
1527447837.92	300	10.187696	0.0	156148	836	0.3
1527447838.81	750	13.294924	0.0	386351	725	0.3
1527447840.45	1850	15.658043	0.0	1036454	1441	0.75
1527447841.17	1850	18.952441	0.0	821631	512	1.85
1527447843.48	4300	20.635084	0.0	2152483	1976	1.8499999999999996
1527447845.03	4300	23.081383	0.0	2289689	1349	4.3
1527447846.12	4300	25.988097	0.0	2059512	912	4.3
1527447847.28	4300	28.838359	0.0	2220726	970	4.3
1527447848.61	4300	31.51129	0.0	2156729	1112	4.3
1527447850.32	4300	33.813455	0.0	2039773	1479	4.3
1527447851.59	4300	36.527739	0.0	2176469	1059	4.3
1527447853.47	4300	38.659154	0.0	2221506	1663	4.3
1527447855.26	4300	40.862327	0.0	2044075	1594	4.3
1527447856.6	4300	43.515726	0.0	2186790	1143	4.3
1527447857.8	4300	46.320773	0.0	2105231	999	4.3
1527447858.98	4300	49.141679	0.0	2395588	980	4.3
1527447859.81	4300	52.331134	0.0	1972048	616	4.3
1527447860.76	4300	55.351361	0.0	2134614	771	4.3
1527447861.44	4300	58.693875	0.0	2164140	476	4.3
1527447864.64	4300	59.680501	0.0	2113193	489	4.3
1527447868.39	4300	59.930206	0.0	2147852	1039	4.3
1527447872.61	4300	59.679983	0.0	2191074	1523	4.3
1527447876.36	4300	59.930487	0.0	2286761	1549	4.3
1527447880.31	4300	59.930471	0.0	2307787	1755	4.3
1527447884.3	4300	59.93004	0.0	2143948	1287	4.3
1527447888.5	4300	59.680213	0.0	1919781	1450	4.3
1527447892.5	4300	59.680493	0.0	2147467	1281	4.3
1527447896.3	4300	59.929756	0.0	2133870	1056	4.3
1527447900.66	4300	59.680394	0.0	2146120	1124	4.3
1527447904.65	4300	59.67998	0.0	2108491	1245	4.3
1527447908.61	4300	59.679383	0.0	2184571	1263	4.3
1527447912.39	4300	59.930419	0.0	2121928	1579	4.3
1527447916.54	4300	59.680029	0.0	2219102	1439	4.3
1527447920.46	4300	59.679913	0.0	2124950	682	4.3
1527447924.58	4300	59.680244	0.0	2246506	1422	4.3
1527447928.62	4300	59.680138	0.0	1961140	1325	4.3
1527447932.47	4300	59.680195	0.0	2155012	643	4.3
1527447934.09	4300	59.860005	0.0	1433658	435	4.3

1527447935.36	750	3.997075	0.584	668286	453	-2.5111999999999997
1527447936.35	1850	7.030588	0.0	957685	722	0.75
1527447938.58	4300	8.802702	0.0	2177073	1948	1.8499999999999996
1527447940.78	4300	10.593084	0.0	2160877	1999	4.3
1527447943.72	4300	11.643728	0.0	2233056	2724	4.3
1527447946.44	4300	12.937764	0.0	1941625	2502	4.3
1527447948.88	4300	14.469005	0.0	2157535	2238	4.3
1527447952.2	4300	15.150981	0.0	2290172	3094	4.3
1527447955.16	4300	16.211574	0.0	2055469	2739	4.3
1527447958.85	4300	16.511559	0.0	2169201	3451	4.3
1527447964.78	4300	15.258162	0.0	2173522	4911	4.3
1527447970.12	4300	13.294711	0.0	2102452	5035	4.3
1527447973.46	4300	13.907689	0.0	2209463	3128	4.3
1527447978.67	4300	12.698856	0.0	2275376	4971	4.3
1527447984.49	4300	13.039388	0.0	2005399	3411	4.3
1527447994.43	4300	5.568765	0.0	2152483	8784	4.3
1527447997.58	1850	6.849459	0.0	966699	1777	-0.6000000000000001
1527448001.43	1850	7.008003	0.0	885714	2580	1.85
1527448004.2	1850	8.193407	0.0	987708	1526	1.85
1527448007.38	1850	8.666452	0.0	923755	2217	1.85
1527448008.11	1850	11.267208	0.0	891604	470	1.85
1527448008.78	1850	14.584758	0.0	955231	476	1.85
1527448010.82	4300	16.543378	0.0	2221506	1817	1.8499999999999996
1527448012.04	4300	19.331618	0.0	2044075	1012	4.3
1527448013.88	4300	21.472465	0.0	2186790	1608	4.3
1527448016.05	4300	23.309661	0.0	2105231	1951	4.3
1527448018.64	4300	24.731594	0.0	2395588	2370	4.3
1527448021.35	4300	26.035355	0.0	1972048	2388	4.3
1527448024.59	4300	26.868482	0.0	2134614	2999	4.3
1527448027.31	4300	28.14194	0.0	2164140	2503	4.3
1527448030.47	4300	28.980979	0.0	2113193	2955	4.3
1527448034.78	4300	28.672545	0.0	2147852	4119	4.3
1527448039.55	4300	27.895965	0.0	2191074	4585	4.3
1527448045.19	4300	26.267056	0.0	2286761	5425	4.3
1527448049.17	4300	26.281339	0.0	2307787	3717	4.3
1527448053.56	4300	25.886878	0.0	2143948	4193	4.3
1527448057.93	4300	25.515517	0.0	1919781	4158	4.3
1527448062.35	4300	25.100302	0.0	2147467	4218	4.3
1527448065.34	4300	26.099356	0.0	2133870	2769	4.3
1527448071.19	4300	24.265941	0.0	2146120	5631	4.3
1527448078.41	4300	21.04464	0.0	2108491	6961	4.3
1527448085.15	4300	18.336973	0.0	2184571	6541	4.3
1527448087.47	1850	20.009305	0.0	886255	2105	-0.6000000000000001
1527448090.21	1850	21.273092	0.0	973972	2547	1.85
1527448093.02	1850	22.462266	0.0	958994	2612	1.85
1527448095.25	1850	24.218737	0.0	982064	2055	1.85
1527448098.36	1850	25.112753	0.0	830730	2927	1.85
1527448101.24	1850	26.232962	0.0	846370	2706	1.85
1527448103.57	1850	25.592915	0.0	598850	2133	1.85

1527448105.97	750	3.995624	1.632	668286	1533	-7.0176
1527448107.11	750	6.843557	0.0	398865	889	0.75
1527448107.98	750	9.959474	0.0	350812	704	0.75
1527448110.38	1850	11.561377	0.0	933276	2138	0.75
1527448112.75	1850	13.201446	0.0	996749	2180	1.85
1527448114.91	1850	15.033948	0.0	801058	1990	1.85
1527448116.85	1850	17.101275	0.0	905515	1739	1.85
1527448119.3	1850	18.690616	0.0	1060487	2171	1.85
1527448120.9	1850	21.041033	0.0	852833	1418	1.85
1527448122.32	1850	23.612518	0.0	913888	1230	1.85
1527448124.71	4300	25.26243	0.0	2173522	2100	1.8499999999999996
1527448127.0	4300	26.947854	0.0	2102452	2092	4.3
1527448130.87	4300	27.107443	0.0	2209463	3618	4.3
1527448135.91	4300	26.040656	0.0	2275376	4833	4.3
1527448139.47	4300	26.487693	0.0	2005399	3310	4.3
1527448144.15	4300	25.867871	0.0	2152483	4455	4.3
1527448149.48	4300	24.511289	0.0	2289689	5137	4.3
1527448159.66	4300	18.378259	0.0	2059512	9934	4.3
1527448170.66	4300	11.35932	0.0	2220726	10717	4.3
1527448175.74	1850	10.271022	0.0	923755	4856	-0.6000000000000001
1527448178.72	1850	11.291339	0.0	891604	2673	1.85
1527448183.21	1850	10.81586	0.0	955231	4284	1.85
1527448187.95	1850	10.062016	0.0	968026	4528	1.85
1527448191.25	1850	10.744759	0.0	874175	3094	1.85
1527448194.57	1850	11.429475	0.0	897976	3077	1.85
1527448196.38	1850	13.623799	0.0	905935	1622	1.85
1527448198.15	1850	15.856644	0.0	1076599	1589	1.85
1527448199.44	1850	18.557031	0.0	758197	1108	1.85
1527448202.68	1850	19.319655	0.0	972798	3034	1.85
1527448204.89	1850	21.113893	0.0	975811	2011	1.85
1527448207.27	1850	22.734257	0.0	873429	2177	1.85
1527448209.53	1850	24.481735	0.0	954453	2057	1.85
1527448210.65	1850	27.343571	0.0	885062	935	1.85
1527448213.95	4300	28.045844	0.0	2286761	3079	1.8499999999999996
1527448218.63	4300	27.363784	0.0	2307787	4469	4.3
1527448220.88	4300	29.156925	0.0	2143948	2024	4.3
1527448222.62	4300	31.388392	0.0	1919781	1530	4.3
1527448224.82	4300	33.171073	0.0	2147467	2019	4.3
1527448226.6	4300	35.411151	0.0	2133870	1579	4.3
1527448228.22	4300	37.772069	0.0	2146120	1436	4.3
1527448229.59	4300	40.40469	0.0	2108491	1164	4.3
1527448231.57	4300	42.423595	0.0	2184571	1783	4.3
1527448232.69	4300	45.316601	0.0	2121928	903	4.3
1527448233.88	4300	48.121469	0.0	2219102	977	4.3
1527448234.81	4300	51.18143	0.0	2124950	711	4.3
1527448235.77	4300	54.233256	0.0	2246506	720	4.3
1527448236.68	4300	57.331755	0.0	1961140	707	4.3
1527448238.18	4300	59.855052	0.0	2155012	790	4.3
1527448240.34	4300	59.534864	0.0	1433658	464	4.3

1527448241.58	750	3.998135	0.377	668286	299	-1.6211
1527448242.64	4300	6.938339	0.0	2123065	800	0.75
1527448243.49	4300	10.085803	0.0	2177073	639	4.3
1527448244.4	4300	13.18056	0.0	2160877	722	4.3
1527448245.59	4300	15.982219	0.0	2233056	990	4.3
1527448246.44	4300	19.134965	0.0	1941625	654	4.3
1527448247.42	4300	22.164649	0.0	2157535	781	4.3
1527448248.97	4300	24.625946	0.0	2290172	1344	4.3
1527448249.72	4300	27.842498	0.0	2055469	552	4.3
1527448250.64	4300	30.94325	0.0	2169201	718	4.3
1527448251.42	4300	34.162899	0.0	2173522	564	4.3
1527448252.11	4300	37.47128	0.0	2102452	494	4.3
1527448253.2	4300	40.381474	0.0	2209463	846	4.3
1527448254.1	4300	43.488661	0.0	2275376	664	4.3
1527448254.82	4300	46.762186	0.0	2005399	501	4.3
1527448255.71	4300	49.875992	0.0	2152483	689	4.3
1527448256.65	4300	52.933601	0.0	2289689	734	4.3
1527448257.47	4300	56.112125	0.0	2059512	621	4.3
1527448258.36	4300	59.211261	0.0	2220726	682	4.3
1527448261.77	4300	59.998733	0.0	2156729	685	4.3
1527448266.32	4300	59.50062	0.0	2039773	833	4.3
1527448270.24	4300	59.499614	0.0	2176469	701	4.3
1527448274.13	4300	59.498463	0.0	2221506	666	4.3
1527448277.94	4300	59.750132	0.0	2044075	621	4.3
1527448281.9	4300	59.750034	0.0	2186790	723	4.3
1527448285.88	4300	59.747692	0.0	2105231	803	4.3
1527448290.09	4300	59.7503	0.0	2395588	970	4.3
1527448294.28	4300	59.500597	0.0	1972048	943	4.3
1527448298.22	4300	59.500391	0.0	2134614	1238	4.3
1527448301.86	4300	59.75023	0.0	2164140	916	4.3
1527448306.33	4300	59.500499	0.0	2113193	762	4.3
1527448310.3	4300	59.498548	0.0	2147852	765	4.3
1527448313.97	4300	59.749839	0.0	2191074	899	4.3
1527448318.2	4300	59.500517	0.0	2286761	1028	4.3
