1526948617.13	750	3.989709	9.603	2354772	9487	-41.2929
1526948635.32	1850	4.248673	13.776	957685	17189	-58.486799999999995
1526948643.41	300	4.274694	4.797	139857	3401	-21.8771
1526948646.59	300	5.094782	0.0	155432	2820	0.3
1526948647.61	300	8.085523	0.0	163442	721	0.3
1526948648.49	300	11.223397	0.0	126289	574	0.3
1526948651.83	300	11.894647	0.0	153295	3041	0.3
1526948654.16	300	13.535036	0.0	173849	1687	0.3
1526948655.28	300	16.427363	0.0	150710	841	0.3
1526948657.65	750	18.051171	0.0	362795	2024	0.3
1526948659.45	750	20.237812	0.0	353220	1527	0.75
1526948660.19	300	23.506628	0.0	156148	478	-0.15000000000000002
1526948662.66	750	25.024947	0.0	386351	2226	0.3
1526948669.42	1850	22.276795	0.0	1036454	6492	0.75
1526948673.78	1850	21.918495	0.0	821631	4092	1.85
1526948684.63	1850	15.111117	0.0	923170	10530	1.85
1526948690.39	1850	13.318582	0.0	966699	5338	1.85
1526948694.86	1850	12.827668	0.0	885714	4222	1.85
1526948697.5	750	14.196516	0.0	405596	2021	-0.3500000000000001
1526948699.5	750	16.205385	0.0	350713	1647	0.75
1526948702.07	750	17.616201	0.0	386472	2301	0.75
1526948707.51	1850	16.18489	0.0	955231	5132	0.75
1526948712.04	1850	15.658655	0.0	968026	4130	1.85
1526948715.73	1850	15.962352	0.0	874175	3440	1.85
1526948724.94	1850	11.722746	0.0	897976	7981	1.85
1526948734.19	1850	5.454711	0.0	905935	9043	1.85
1526948736.38	300	7.303945	0.0	181901	1858	-1.25
1526948737.4	300	10.307016	0.0	111155	692	0.3
1526948738.63	300	13.071201	0.0	153605	973	0.3
1526948739.86	300	15.826697	0.0	149029	957	0.3
1526948740.94	300	18.764566	0.0	157421	795	0.3
1526948742.02	300	21.677346	0.0	157488	807	0.3
1526948747.05	1850	20.641555	0.0	885062	4694	0.30000000000000004
1526948752.75	1850	18.930441	0.0	1035329	5384	1.85
1526948758.71	1850	16.990586	0.0	1026056	5670	1.85
1526948763.54	1850	16.172076	0.0	943942	4548	1.85
1526948777.08	1850	6.632387	0.0	728962	13170	1.85
1526948782.87	300	4.833675	0.0	124011	5415	-1.25
1526948785.67	300	6.072169	0.0	144254	2502	0.3
1526948790.23	300	5.503133	0.0	149991	4108	0.3
1526948790.83	300	8.87422	0.0	147968	335	0.3
1526948791.57	300	12.128293	0.0	161857	470	0.3
1526948792.29	300	15.416841	0.0	145210	368	0.3
1526948793.39	300	18.298661	0.0	172312	860	0.3
1526948794.03	300	21.65771	0.0	167025	372	0.3
1526948797.61	1850	22.079958	0.0	982064	3324	0.30000000000000004
1526948804.99	2850	18.70119	0.0	1231456	7064	1.85
1526948814.6	2850	13.079101	0.0	1364537	9343	2.85
1526948826.49	2850	2.877754	0.0	889412	11644	2.85

