1528184776.08	600	3.986882	0.512	450283	432	-2.2016
1528184776.68	1000	7.365053	0.0	611087	355	0.6
1528184777.13	1000	10.91459	0.0	571051	282	1.0
1528184777.56	1000	14.502175	0.0	617681	247	1.0
1528184777.97	1000	18.082813	0.0	652874	219	1.0
1528184778.31	1000	21.742633	0.0	520315	145	1.0
1528184778.63	1000	25.443873	0.0	561791	134	1.0
1528184779.05	1000	29.005206	0.0	709534	239	1.0
1528184779.38	1000	32.667255	0.0	584846	166	1.0
1528184779.75	1000	36.314172	0.0	560821	160	1.0
1528184780.11	1000	39.943675	0.0	607410	181	1.0
1528184780.49	1000	43.562339	0.0	594078	192	1.0
1528184780.84	1000	47.219479	0.0	624282	166	1.0
1528184781.2	1000	50.854036	0.0	687371	193	1.0
1528184781.57	1000	54.490389	0.0	526950	180	1.0
1528184781.99	1000	58.072092	0.0	587876	237	1.0
1528184784.41	1000	59.748775	0.0	617242	230	1.0
1528184788.1	1000	59.99809	0.0	581493	502	1.0
1528184792.18	1000	59.999347	0.0	639204	877	1.0
1528184796.35	1000	59.749446	0.0	586839	483	1.0
1528184800.15	1000	59.99933	0.0	601738	613	1.0
1528184804.67	1000	59.499587	0.0	616206	821	1.0
1528184808.74	1000	59.500004	0.0	656471	1262	1.0
1528184812.45	1000	59.997936	0.0	536667	684	1.0
1528184816.11	1000	59.998524	0.0	587236	494	1.0
1528184820.4	1000	59.7503	0.0	590335	581	1.0
1528184824.54	1000	59.747896	0.0	696376	431	1.0
1528184828.08	1000	59.998731	0.0	487160	351	1.0
1528184832.38	1000	59.748666	0.0	622896	600	1.0
1528184836.46	1000	59.746698	0.0	641447	884	1.0
1528184840.34	1000	59.748183	0.0	570392	648	1.0
1528184844.58	1000	59.499951	0.0	620283	532	1.0
1528184848.3	1000	59.74962	0.0	584349	540	1.0
1528184852.6	1000	59.498596	0.0	670129	604	1.0
1528184856.74	1000	59.49742	0.0	690253	408	1.0
1528184860.78	1000	59.499993	0.0	598727	338	1.0
1528184864.33	1000	59.749596	0.0	487812	342	1.0
1528184868.4	1000	59.750078	0.0	575591	375	1.0
1528184872.4	1000	59.748958	0.0	605884	295	1.0
1528184876.38	1000	59.749492	0.0	587506	280	1.0
1528184880.36	1000	59.748426	0.0	566904	286	1.0
1528184884.39	1000	59.74906	0.0	641452	303	1.0
1528184888.5	1000	59.750013	0.0	599477	141	1.0
1528184892.59	1000	59.499919	0.0	634861	406	1.0
1528184896.32	1000	59.749463	0.0	630203	1015	1.0
1528184900.51	1000	59.749866	0.0	638661	1494	1.0
1528184904.55	1000	59.749828	0.0	538612	845	1.0
1528184908.65	1000	59.500231	0.0	550906	868	1.0
1528184909.96	1000	59.929689	0.0	391450	606	1.0
1528185017.64	600	3.987422	0.939	668286	1349	-3.8377
1528185019.64	1000	5.941509	0.0	611087	1806	0.6
1528185022.37	2000	7.231192	0.0	877771	2465	1.0
1528185025.74	2000	7.858191	0.0	933276	3159	2.0
1528185029.37	2000	8.19396	0.0	996749	3440	2.0
1528185030.87	2000	10.697383	0.0	801058	1316	2.0
1528185032.88	2000	12.703747	0.0	905515	1818	2.0
1528185035.31	2000	14.295181	0.0	1060487	2211	2.0
1528185036.93	2000	16.69319	0.0	852833	1368	2.0
1528185038.51	2000	19.056523	0.0	913888	1413	2.0
1528185040.26	2000	21.314811	0.0	939819	1549	2.0
1528185044.18	3000	21.403024	0.0	1519951	3646	2.0
1528185045.97	2000	23.627763	0.0	946851	1557	1.0
1528185047.22	1000	26.351105	0.0	687371	1043	0.0
1528185262.47	600	3.997454	1.456	668286	2813	-6.060800000000001
1528185266.73	2000	4.247171	0.389	957685	3440	-1.0726999999999998
1528185269.23	2000	5.86631	0.0	877771	1588	2.0
1528185272.56	2000	7.409288	0.0	933276	1750	2.0
1528185274.21	2000	8.812191	0.0	996749	858	2.0
1528185274.64	1000	11.993979	0.0	520315	235	0.0
1528185275.1	1000	15.524225	0.0	561791	271	1.0
1528185275.96	1000	18.672415	0.0	709534	640	1.0
1528185276.47	1000	22.159737	0.0	584846	297	1.0
1528185277.13	1000	25.509295	0.0	560821	458	1.0
1528185277.62	1000	28.991114	0.0	607410	302	1.0
1528185278.1	1000	32.518046	0.0	594078	270	1.0
1528185278.84	1000	35.782124	0.0	624282	529	1.0
1528185279.48	1000	39.133072	0.0	687371	458	1.0
1528185280.0	1000	42.618029	0.0	526950	331	1.0
1528185280.83	1000	45.800132	0.0	587876	631	1.0
1528185281.36	1000	49.252181	0.0	617242	364	1.0
1528185282.2	1000	52.429055	0.0	581493	614	1.0
1528185283.0	1000	55.617142	0.0	639204	602	1.0
1528185283.83	1000	58.781356	0.0	586839	641	1.0
1528185287.22	1000	59.638074	0.0	601738	700	1.0
1528185291.12	1000	59.638797	0.0	616206	697	1.0
1528185294.75	1000	59.888084	0.0	656471	909	1.0
1528185299.11	1000	59.63919	0.0	536667	677	1.0
1528185302.87	1000	59.889007	0.0	587236	1057	1.0
1528185307.18	1000	59.638859	0.0	590335	1109	1.0
1528185311.12	1000	59.637483	0.0	696376	1740	1.0
1528185315.09	1000	59.639041	0.0	487160	786	1.0
1528185318.99	1000	59.638146	0.0	622896	686	1.0
1528185322.96	1000	59.888858	0.0	641447	1806	1.0
1528185326.83	1000	59.888993	0.0	570392	1176	1.0
1528185331.19	1000	59.638405	0.0	620283	1140	1.0
1528185334.89	1000	59.887525	0.0	584349	1016	1.0
1528185339.02	1000	59.639024	0.0	670129	1925	1.0
1528185344.23	1000	59.638076	0.0	690253	2286	1.0
1528185347.14	1000	59.638464	0.0	598727	1719	1.0
1528185350.95	1000	59.889017	0.0	487812	1570	1.0
1528185354.9	1000	59.889176	0.0	575591	1265	1.0
1528185358.93	1000	59.888836	0.0	605884	1341	1.0
1528185362.86	1000	59.888847	0.0	587506	1209	1.0
1528185366.96	1000	59.888995	0.0	566904	1859	1.0
1528185370.82	2000	59.888984	0.0	1025005	3089	1.0
1528185375.23	2000	59.637739	0.0	886255	2178	2.0
1528185378.81	1000	59.888721	0.0	634861	1366	0.0
1528185382.96	1000	59.88902	0.0	630203	1452	1.0
1528185386.99	1000	59.638884	0.0	638661	1332	1.0
1528185390.91	1000	59.88887	0.0	538612	729	1.0
1528185394.93	1000	59.888887	0.0	550906	336	1.0
1528185396.79	1000	59.568433	0.0	391450	651	1.0
1528185500.06	600	3.991257	-2.935	668286	268	12.8205
1528185500.45	1000	7.579369	0.0	611087	218	0.6
1528185500.76	1000	11.267399	0.0	571051	143	1.0
1528185501.13	1000	14.908203	0.0	617681	193	1.0
1528185501.53	1000	18.511452	0.0	652874	215	1.0
1528185501.85	1000	22.186675	0.0	520315	149	1.0
1528185502.22	1000	25.80672	0.0	561791	204	1.0
1528185502.7	1000	29.348395	0.0	709534	275	1.0
1528185503.09	1000	32.950779	0.0	584846	209	1.0
1528185503.5	1000	36.542709	0.0	560821	231	1.0
1528185503.84	1000	40.198723	0.0	607410	162	1.0
1528185504.25	1000	43.798743	0.0	594078	212	1.0
1528185504.67	1000	47.364307	0.0	624282	246	1.0
1528185505.08	1000	50.957194	0.0	687371	230	1.0
1528185505.47	1000	54.568223	0.0	526950	193	1.0
1528185505.8	1000	58.250122	0.0	587876	145	1.0
1528185508.66	1000	59.499544	0.0	617242	191	1.0
1528185512.67	1000	59.499567	0.0	581493	332	1.0
1528185516.21	1000	59.998668	0.0	639204	326	1.0
1528185520.75	1000	59.499515	0.0	586839	341	1.0
1528185524.31	1000	59.750056	0.0	601738	359	1.0
1528185528.33	1000	59.750111	0.0	616206	315	1.0
1528185532.38	1000	59.74916	0.0	656471	362	1.0
1528185536.37	1000	59.75004	0.0	536667	313	1.0
1528185540.39	1000	59.749006	0.0	587236	281	1.0
1528185544.42	1000	59.748674	0.0	590335	327	1.0
1528185548.45	1000	59.749977	0.0	696376	333	1.0
1528185552.43	1000	59.749668	0.0	487160	303	1.0
1528185556.53	1000	59.74977	0.0	622896	391	1.0
1528185560.67	1000	59.500022	0.0	641447	451	1.0
1528185564.28	1000	59.998701	0.0	570392	434	1.0
1528185568.48	1000	59.749149	0.0	620283	499	1.0
1528185572.51	1000	59.748661	0.0	584349	323	1.0
1528185576.51	1000	59.749442	0.0	670129	316	1.0
1528185580.64	1000	59.499882	0.0	690253	450	1.0
1528185584.26	1000	59.998945	0.0	598727	381	1.0
1528185588.34	1000	59.749665	0.0	487812	379	1.0
1528185592.38	1000	59.74933	0.0	575591	345	1.0
1528185596.37	1000	59.750143	0.0	605884	291	1.0
1528185600.63	1000	59.499978	0.0	587506	581	1.0
1528185604.62	1000	59.499783	0.0	566904	748	1.0
1528185608.43	1000	59.749713	0.0	641452	625	1.0
1528185612.35	1000	59.749206	0.0	599477	178	1.0
1528185616.25	1000	59.999331	0.0	634861	2710	1.0
1528185620.74	1000	59.499444	0.0	630203	3315	1.0
1528185624.22	1000	59.995738	0.0	638661	796	1.0
1528185628.56	1000	59.500074	0.0	538612	650	1.0
1528185632.3	1000	59.749541	0.0	550906	541	1.0
1528185633.97	1000	59.92978	0.0	391450	487	1.0
1528185740.96	600	3.999209	0.413	668286	681	-1.5758999999999999
1528185741.7	1000	7.260114	0.0	611087	531	0.6
1528185742.41	1000	10.54892	0.0	571051	531	1.0
1528185743.32	1000	13.639993	0.0	617681	718	1.0
1528185744.46	1000	16.48688	0.0	652874	971	1.0
1528185745.08	1000	19.873389	0.0	520315	444	1.0
1528185745.71	1000	23.245105	0.0	561791	438	1.0
1528185747.13	1000	25.821226	0.0	709534	1228	1.0
1528185748.24	1000	28.709795	0.0	584846	928	1.0
1528185750.08	1000	30.880225	0.0	560821	1614	1.0
1528185751.07	1000	33.879319	0.0	607410	809	1.0
1528185751.86	1000	37.095153	0.0	594078	594	1.0
1528185753.03	1000	39.914866	0.0	624282	996	1.0
1528185754.19	1000	42.759419	0.0	687371	966	1.0
1528185755.34	1000	45.610283	0.0	526950	973	1.0
1528185756.19	1000	48.759187	0.0	587876	667	1.0
1528185757.19	1000	51.771048	0.0	617242	792	1.0
1528185757.87	1000	55.076909	0.0	581493	505	1.0
1528185758.54	1000	58.405432	0.0	639204	471	1.0
1528185761.26	1000	59.747406	0.0	586839	538	1.0
1528185765.7	1000	59.499447	0.0	601738	728	1.0
1528185769.68	1000	59.500087	0.0	616206	757	1.0
1528185773.64	1000	59.499627	0.0	656471	1244	1.0
1528185777.39	1000	59.749346	0.0	536667	524	1.0
1528185781.46	1000	59.748915	0.0	587236	823	1.0
1528185785.11	1000	59.999377	0.0	590335	859	1.0
1528185789.17	1000	59.999007	0.0	696376	844	1.0
1528185793.25	1000	59.748861	0.0	487160	870	1.0
1528185797.53	1000	59.499042	0.0	622896	574	1.0
1528185801.37	1000	59.7493	0.0	641447	1614	1.0
1528185805.58	1000	59.499559	0.0	570392	1016	1.0
1528185809.6	1000	59.498078	0.0	620283	1341	1.0
1528185813.25	1000	59.749778	0.0	584349	1926	1.0
1528185817.31	1000	59.749669	0.0	670129	838	1.0
1528185821.16	1000	59.998201	0.0	690253	1613	1.0
1528185825.3	1000	59.749888	0.0	598727	865	1.0
1528185829.11	1000	59.99931	0.0	487812	607	1.0
1528185833.24	1000	59.749741	0.0	575591	951	1.0
1528185837.65	1000	59.498849	0.0	605884	700	1.0
1528185841.41	1000	59.749733	0.0	587506	557	1.0
1528185845.37	1000	59.632503	0.0	566904	712	1.0
1528185849.44	1000	59.633551	0.0	641452	866	1.0
1528185853.47	1000	59.632962	0.0	599477	1340	1.0
1528185857.28	1000	59.88348	0.0	634861	2061	1.0
1528185861.33	1000	59.882107	0.0	630203	346	1.0
1528185865.54	1000	59.632804	0.0	638661	990	1.0
1528185869.55	1000	59.633478	0.0	538612	814	1.0
1528185873.35	1000	59.882193	0.0	550906	2588	1.0
1528185875.26	1000	59.405819	0.0	391450	1605	1.0
1528185997.89	600	3.998866	4.026	450283	4695	-17.111799999999995
1528185999.69	2000	6.157279	0.0	957685	1348	0.6000000000000001
1528186001.16	1000	8.658852	0.0	571051	1168	0.0
1528186002.29	1000	11.511577	0.0	617681	934	1.0
1528186003.33	1000	14.490148	0.0	652874	842	1.0
1528186003.94	1000	17.848693	0.0	520315	452	1.0
1528186008.45	1000	18.656088	0.0	561791	3025	1.0
1528186011.66	2000	18.093237	0.0	1060487	3059	1.0
1528186014.1	2000	19.701206	0.0	852833	2253	2.0
1528186016.38	2000	21.418031	0.0	913888	2078	2.0
1528186017.52	2000	24.286054	0.0	939819	931	2.0
1528186018.48	1000	27.326803	0.0	594078	748	0.0
1528186019.82	1000	29.991277	0.0	624282	1075	1.0
1528186021.11	1000	32.694478	0.0	687371	1096	1.0
1528186021.78	1000	36.109781	0.0	526950	399	1.0
1528186024.06	1000	37.815933	0.0	587876	993	1.0
1528186024.94	1000	40.935228	0.0	617242	660	1.0
1528186025.85	1000	44.047262	0.0	581493	663	1.0
1528186026.47	1000	47.408805	0.0	639204	420	1.0
1528186027.06	1000	50.819216	0.0	586839	395	1.0
1528186027.72	1000	54.151589	0.0	601738	465	1.0
1528186028.26	1000	57.603614	0.0	616206	366	1.0
1528186029.92	1000	59.964275	0.0	656471	449	1.0
1528186033.92	1000	59.964279	0.0	536667	293	1.0
1528186038.11	1000	59.964982	0.0	587236	456	1.0
1528186041.96	1000	59.963745	0.0	590335	650	1.0
1528186045.95	1000	59.965045	0.0	696376	792	1.0
1528186050.0	1000	59.964922	0.0	487160	320	1.0
1528186053.98	1000	59.964619	0.0	622896	276	1.0
1528186058.3	1000	59.715005	0.0	641447	631	1.0
1528186062.39	1000	59.714295	0.0	570392	405	1.0
1528186066.12	1000	59.963942	0.0	620283	1506	1.0
1528186072.93	1000	59.964565	0.0	584349	1201	1.0
1528186076.77	1000	57.058649	0.0	670129	3195	1.0
1528186079.24	1000	58.632278	0.0	690253	2241	1.0
1528186088.83	1000	54.125542	0.0	598727	8300	1.0
1528186092.29	1000	53.675932	0.0	487812	3017	1.0
1528186093.47	1000	56.434307	0.0	575591	938	1.0
1528186094.47	1000	59.425082	0.0	605884	727	1.0
1528186098.1	1000	59.964805	0.0	587506	881	1.0
1528186102.41	1000	59.71441	0.0	566904	1114	1.0
1528186106.25	1000	59.71435	0.0	641452	629	1.0
1528186110.37	1000	59.714953	0.0	599477	215	1.0
1528186113.95	1000	59.962071	0.0	634861	384	1.0
1528186118.05	1000	59.964452	0.0	630203	388	1.0
1528186122.1	1000	59.9639	0.0	638661	356	1.0
1528186126.12	1000	59.964829	0.0	538612	305	1.0
1528186130.19	1000	59.714634	0.0	550906	374	1.0
1528186131.69	1000	59.894186	0.0	391450	317	1.0
1528186234.42	600	4	-4.041	668286	654	17.576300000000003
1528186235.03	1000	7.380204	0.0	611087	394	0.6
1528186235.48	1000	10.921472	0.0	571051	273	1.0
1528186235.9	1000	14.514726	0.0	617681	216	1.0
1528186236.29	1000	18.123604	0.0	652874	192	1.0
1528186236.61	1000	21.787654	0.0	520315	149	1.0
1528186236.93	1000	25.484138	0.0	561791	129	1.0
1528186237.25	1000	29.150997	0.0	709534	139	1.0
1528186237.56	1000	32.85577	0.0	584846	126	1.0
1528186237.93	1000	36.491705	0.0	560821	167	1.0
1528186238.24	1000	40.1722	0.0	607410	121	1.0
1528186238.55	1000	43.853395	0.0	594078	130	1.0
1528186238.91	1000	47.511165	0.0	624282	146	1.0
1528186239.27	1000	51.140664	0.0	687371	129	1.0
1528186239.57	1000	54.837228	0.0	526950	106	1.0
1528186239.91	1000	58.499243	0.0	587876	153	1.0
1528186242.74	1000	59.751705	0.0	617242	143	1.0
1528186246.75	1000	59.753702	0.0	581493	312	1.0
1528186250.74	1000	59.752035	0.0	639204	289	1.0
1528186254.83	1000	59.752672	0.0	586839	396	1.0
1528186258.72	1000	59.752713	0.0	601738	709	1.0
1528186263.0	1000	59.50155	0.0	616206	1557	1.0
1528186266.88	1000	59.75185	0.0	656471	1191	1.0
1528186271.04	1000	59.503258	0.0	536667	978	1.0
1528186274.67	1000	59.753314	0.0	587236	934	1.0
1528186279.04	1000	59.503659	0.0	590335	1191	1.0
1528186282.88	1000	59.753821	0.0	696376	632	1.0
1528186291.08	1000	55.360369	0.0	487160	7867	1.0
1528186292.08	1000	58.329448	0.0	622896	752	1.0
1528186294.99	1000	59.502997	0.0	641447	1167	1.0
1528186299.14	1000	59.503995	0.0	570392	962	1.0
1528186302.96	1000	59.503094	0.0	620283	635	1.0
1528186306.95	1000	59.501353	0.0	584349	765	1.0
1528186310.8	1000	59.753933	0.0	670129	609	1.0
1528186315.1	1000	59.503831	0.0	690253	587	1.0
1528186318.95	1000	59.50369	0.0	598727	620	1.0
1528186323.16	1000	59.503316	0.0	487812	486	1.0
1528186326.93	1000	59.503935	0.0	575591	544	1.0
1528186331.13	1000	59.503345	0.0	605884	483	1.0
1528186334.81	1000	59.753546	0.0	587506	464	1.0
1528186338.86	1000	59.753814	0.0	566904	351	1.0
1528186342.92	1000	59.751654	0.0	641452	337	1.0
1528186346.93	1000	59.75383	0.0	599477	752	1.0
1528186350.93	1000	59.503224	0.0	634861	777	1.0
1528186354.7	1000	59.753329	0.0	630203	587	1.0
1528186358.94	1000	59.503591	0.0	638661	1016	1.0
1528186369.62	1000	54.040489	0.0	538612	9199	1.0
1528186372.39	1000	54.038078	0.0	550906	820	1.0
1528186373.21	1000	54.941504	0.0	391450	552	1.0
1528186474.46	600	3.995947	-0.34	668286	329	1.662
1528186474.92	1000	7.537193	0.0	611087	279	0.6
1528186475.34	1000	11.113588	0.0	571051	245	1.0
1528186475.79	1000	14.658983	0.0	617681	278	1.0
1528186476.29	1000	18.15884	0.0	652874	303	1.0
1528186476.71	1000	21.759569	0.0	520315	195	1.0
1528186477.2	1000	25.253606	0.0	561791	310	1.0
1528186477.79	1000	28.668869	0.0	709534	401	1.0
1528186478.42	1000	32.026335	0.0	584846	448	1.0
1528186478.99	1000	35.471396	0.0	560821	389	1.0
1528186479.57	1000	38.880586	0.0	607410	410	1.0
1528186480.18	1000	42.277971	0.0	594078	417	1.0
1528186480.67	1000	45.785811	0.0	624282	292	1.0
1528186481.21	1000	49.256274	0.0	687371	303	1.0
1528186481.81	1000	52.662829	0.0	526950	386	1.0
1528186482.56	1000	55.904735	0.0	587876	525	1.0
1528186483.19	1000	59.256637	0.0	617242	458	1.0
1528186486.98	1000	59.501263	0.0	581493	567	1.0
1528186490.5	1000	59.999063	0.0	639204	324	1.0
1528186494.48	1000	59.999169	0.0	586839	294	1.0
1528186498.56	1000	59.999067	0.0	601738	373	1.0
1528186502.78	1000	59.748439	0.0	616206	510	1.0
1528186507.09	1000	59.500569	0.0	656471	608	1.0
1528186511.2	1000	59.50068	0.0	536667	408	1.0
1528186514.72	1000	59.750828	0.0	587236	337	1.0
1528186518.79	1000	59.748514	0.0	590335	377	1.0
1528186522.97	1000	59.501043	0.0	696376	489	1.0
1528186526.98	1000	59.50114	0.0	487160	307	1.0
1528186530.59	1000	59.998862	0.0	622896	411	1.0
1528186535.21	1000	59.500532	0.0	641447	431	1.0
1528186538.84	1000	59.750252	0.0	570392	439	1.0
1528186543.01	1000	59.500492	0.0	620283	458	1.0
1528186547.04	1000	59.501039	0.0	584349	338	1.0
1528186550.68	1000	59.99921	0.0	670129	459	1.0
1528186554.95	1000	59.501139	0.0	690253	583	1.0
1528186558.68	1000	59.999235	0.0	598727	529	1.0
1528186562.76	1000	59.750135	0.0	487812	330	1.0
1528186566.84	1000	59.75063	0.0	575591	307	1.0
1528186570.63	1000	59.99877	0.0	605884	504	1.0
1528186574.75	1000	59.751169	0.0	587506	903	1.0
1528186578.63	1000	59.996347	0.0	566904	635	1.0
1528186583.15	1000	59.501063	0.0	641452	813	1.0
1528186586.86	1000	59.750091	0.0	599477	632	1.0
1528186591.25	1000	59.500636	0.0	634861	2025	1.0
1528186594.87	1000	59.750562	0.0	630203	918	1.0
1528186599.18	1000	59.498763	0.0	638661	2116	1.0
1528186602.88	1000	59.7495	0.0	538612	451	1.0
1528186607.15	1000	59.499338	0.0	550906	1434	1.0
1528186608.28	1000	59.897657	0.0	391450	857	1.0
1528186715.57	600	3.998454	0.503	450283	849	-1.9628999999999999
1528186718.51	2000	5.055424	0.0	957685	2665	0.6000000000000001
1528186721.25	2000	6.313982	0.0	877771	2538	2.0
1528186723.4	2000	8.176362	0.0	933276	1947	2.0
1528186726.46	2000	9.102575	0.0	996749	2854	2.0
1528186728.9	2000	10.664365	0.0	801058	2236	2.0
1528186732.38	2000	11.178	0.0	905515	3264	2.0
1528186734.49	2000	13.074734	0.0	1060487	1903	2.0
1528186736.7	2000	14.863176	0.0	852833	2023	2.0
1528186739.09	2000	16.477678	0.0	913888	2202	2.0
1528186741.21	2000	18.358026	0.0	939819	1907	2.0
1528186742.76	1000	20.83247	0.0	594078	1175	0.0
1528186745.35	2000	22.236986	0.0	946851	2370	1.0
1528186747.58	2000	24.02057	0.0	1036454	2006	2.0
1528186749.28	2000	26.309362	0.0	821631	1487	2.0
1528186750.45	1000	29.141224	0.0	587876	951	0.0
1528186751.47	1000	32.120749	0.0	617242	823	1.0
1528186752.49	1000	35.09615	0.0	581493	820	1.0
1528186753.33	1000	38.284786	0.0	639204	614	1.0
1528186753.92	1000	41.662564	0.0	586839	392	1.0
1528186754.47	1000	45.119487	0.0	601738	366	1.0
1528186755.34	1000	48.242119	0.0	616206	685	1.0
1528186756.27	1000	51.328319	0.0	656471	709	1.0
1528186757.06	1000	54.53153	0.0	536667	609	1.0
1528186758.28	1000	57.321265	0.0	587236	1018	1.0
1528186759.95	1000	59.791613	0.0	590335	948	1.0
1528186764.28	1000	59.542561	0.0	696376	1596	1.0
