1528256835.75	600	4.003999	0.043	604139	10	-0.1849
1528256895.72	600	4.003999	1.46	604139	1330	-5.678
1528256896.89	1000	6.723021	0.0	577615	907	0.6
1528256898.24	1000	9.416073	0.0	418531	1046	1.0
1528256900.11	1000	11.541921	0.0	555427	1576	1.0
1528256901.7	1000	13.935249	0.0	469238	1316	1.0
1528256903.2	1000	16.473405	0.0	614632	1195	1.0
1528256904.43	1000	19.231526	0.0	393715	933	1.0
1528256905.78	1000	21.866436	0.0	428426	1066	1.0
1528256914.57	2000	17.088273	0.0	1279590	8358	1.0
1528256917.18	2000	18.479791	0.0	930828	2292	2.0
1528256919.38	2000	20.26867	0.0	996858	1956	2.0
1528256925.44	2000	18.253575	0.0	950867	5784	2.0
1528256933.88	2000	13.773132	0.0	1285933	8190	2.0
1528256955.01	2000	4.368109	7.683	1049248	20779	-31.036900000000003
1528256956.14	350	7.216472	0.0	190923	766	-1.2999999999999998
1528256957.76	350	9.62423	0.0	155030	1362	0.35
1528256964.74	350	8.505174	0.0	185660	4848	0.35
1528256968.6	350	6.709952	0.0	164741	3475	0.35
1528256970.77	350	8.642982	0.0	179442	1833	0.35
1528256972.07	350	11.323736	0.0	131632	19	0.35
1528256973.42	1000	13.951897	0.0	522859	1106	0.35
1528256974.07	1000	17.313787	0.0	337637	393	1.0
1528256975.05	1000	20.344941	0.0	471941	684	1.0
1528256976.12	1000	23.257299	0.0	598737	848	1.0
1528256977.2	1000	26.183675	0.0	560588	876	1.0
1528256978.13	1000	29.272942	0.0	487684	691	1.0
1528256978.97	1000	32.440193	0.0	479873	580	1.0
1528256979.59	1000	35.809351	0.0	284277	360	1.0
1528256980.5	1000	38.914664	0.0	564825	669	1.0
1528256981.4	1000	42.011981	0.0	546935	662	1.0
1528256982.41	1000	45.018789	0.0	394056	782	1.0
1528256993.25	1000	38.291016	0.0	442514	10485	1.0
1528257009.34	1000	26.122012	0.0	610493	15648	1.0
1528257011.44	1000	28.046419	0.0	523364	1677	1.0
1528257017.65	1000	25.789165	0.0	574457	5969	1.0
1528257022.74	2000	24.686238	0.0	1078945	4817	1.0
1528257025.77	2000	25.678287	0.0	788728	2765	2.0
1528257032.52	2000	22.942893	0.0	1165402	6485	2.0
1528257037.78	2000	21.676231	0.0	1123991	4930	2.0
1528257049.2	2000	14.281843	0.0	937434	11181	2.0
1528257050.35	350	17.140082	0.0	154382	773	-1.2999999999999998
1528257051.48	350	19.977049	0.0	206330	844	0.35
1528257052.41	350	23.062531	0.0	175870	690	0.35
1528257053.36	350	26.137454	0.0	178679	652	0.35
1528257055.32	1000	28.162746	0.0	444948	1675	0.35
1528257058.95	2000	28.553594	0.0	970351	3368	1.0
1528257064.8	2000	26.702005	0.0	1094905	5561	2.0
1528257069.72	2000	25.779037	0.0	931644	4596	2.0
1528257073.37	2000	26.119826	0.0	854957	3405	2.0
1528257078.16	2000	25.354146	0.0	1179875	4474	2.0
1528257086.11	2000	21.404145	0.0	978233	7651	2.0
1528257094.68	2000	16.85595	0.0	794797	8201	2.0
1528257101.14	2000	14.368365	0.0	1073857	6187	2.0
1528257105.72	2000	13.790749	0.0	942081	4296	2.0
1528257110.72	2000	12.837349	0.0	1074761	4700	2.0
1528257114.4	2000	13.138427	0.0	1033448	3399	2.0
1528257118.61	3000	12.940456	0.0	1616179	3810	2.0
1528257120.14	2000	15.394661	0.0	660582	1274	1.0
1528257120.83	2000	18.721757	0.0	297985	418	2.0
1528257123.9	2000	19.670753	0.0	1188866	2807	2.0
1528257134.21	2000	13.35895	0.0	910001	10043	2.0
1528257152.78	2000	4.482041	5.683	974311	18183	-22.436899999999998
1528257199.6	600	4.003999	-9.836	1184008	4871	41.4948
1528257204.84	2000	4.249303	1.236	1123706	4865	-4.7148
1528257208.91	2000	4.443466	0.269	854424	3765	0.8432999999999999
1528257225.19	2000	4.245968	12.034	1150093	15922	-49.746199999999995
1528257231.77	2000	4.283191	2.617	902304	6090	-9.2531
1528257235.29	2000	4.704097	0.0	1237428	3250	2.0
1528257237.82	2000	6.193032	0.0	763515	2255	2.0
1528257239.51	2000	8.518251	0.0	840707	1421	2.0
1528257242.0	2000	10.010655	0.0	1279590	2218	2.0
1528257244.18	2000	11.84915	0.0	930828	1903	2.0
1528257246.1	2000	13.928153	0.0	996858	1662	2.0
1528257247.88	2000	16.136872	0.0	950867	1539	2.0
1528257249.75	2000	18.279374	0.0	1285933	1603	2.0
1528257250.78	1000	21.263882	0.0	556545	705	0.0
1528257251.71	1000	24.353372	0.0	476734	648	1.0
1528257252.57	1000	27.47032	0.0	417508	594	1.0
1528257253.58	1000	30.504296	0.0	552639	781	1.0
1528257254.55	1000	33.523252	0.0	462442	732	1.0
1528257255.6	1000	36.491019	0.0	552256	823	1.0
1528257256.32	1000	39.809347	0.0	303234	465	1.0
1528257257.41	1000	42.708048	0.0	522859	800	1.0
1528257258.48	1000	45.641949	0.0	337637	800	1.0
1528257259.73	1000	48.385413	0.0	471941	993	1.0
1528257260.9	1000	51.229983	0.0	598737	894	1.0
1528257261.81	1000	54.305982	0.0	560588	656	1.0
1528257263.07	1000	57.205877	0.0	487684	855	1.0
1528257264.78	1000	59.593698	0.0	479873	740	1.0
1528257268.61	1000	59.598628	0.0	284277	533	1.0
1528257273.47	1000	59.599974	0.0	564825	1720	1.0
1528257276.46	1000	59.622422	0.0	546935	841	1.0
1528257280.72	1000	59.613056	0.0	394056	467	1.0
1528257284.64	1000	59.612731	0.0	442514	643	1.0
1528257289.1	1000	59.617755	0.0	610493	804	1.0
1528257294.09	1000	58.032688	0.0	523364	4766	1.0
1528257301.48	1000	54.748695	0.0	574457	6989	1.0
1528257310.04	1000	50.186365	0.0	499175	8053	1.0
1528257315.29	1000	48.899849	0.0	412705	4914	1.0
1528257328.86	3000	39.29755	0.0	1787763	13055	1.0
1528257337.48	2000	34.688994	0.0	1123991	8173	1.0
1528257341.27	2000	34.931697	0.0	937434	3467	2.0
1528257344.6	2000	35.591233	0.0	804808	3083	2.0
1528257350.93	3000	33.271524	0.0	1691788	5999	2.0
1528257354.87	2000	33.343696	0.0	922947	3544	1.0
1528257364.87	2000	27.372897	0.0	1175468	9667	2.0
1528257375.95	3000	20.276493	0.0	1270067	10682	2.0
1528257393.8	3000	6.445	0.0	1514363	17434	3.0
1528257395.25	350	8.962968	0.0	189473	962	-2.3
1528257396.3	350	11.925351	0.0	172737	795	0.35
1528257400.23	2000	12.005802	0.0	854957	3667	0.3500000000000001
1528257405.16	2000	11.086108	0.0	1179875	4636	2.0
1528257408.5	2000	11.754437	0.0	978233	3018	2.0
1528257411.11	2000	13.153631	0.0	794797	2276	2.0
1528257414.89	2000	13.365809	0.0	1073857	3458	2.0
1528257419.51	2000	12.747983	0.0	942081	4336	2.0
1528257426.91	2000	9.341904	0.0	1074761	7103	2.0
1528257430.57	2000	9.684447	0.0	1033448	3334	2.0
1528257435.13	2000	9.132542	0.0	1181202	4308	2.0
1528257437.83	2000	10.472199	0.0	660582	2410	2.0
1528257439.15	2000	13.125541	0.0	297985	1044	2.0
1528257443.61	2000	12.665594	0.0	1188866	4177	2.0
1528257448.67	3000	11.619588	0.0	1316739	4764	2.0
1528257454.37	2000	9.906378	0.0	974311	5385	1.0
1528257456.2	2000	12.094928	0.0	314327	1538	2.0
1528257457.39	2000	14.943898	0.0	221329	890	2.0
1528257459.55	2000	16.74364	0.0	445973	1865	2.0

1528257464.33	600	4.003999	3.111	604139	2960	-13.3773
1528257466.21	350	6.107139	0.0	219272	1440	0.09999999999999998
1528257467.53	350	8.800758	0.0	134208	1028	0.35
1528257468.72	350	11.590433	0.0	204651	913	0.35
1528257469.85	350	14.483052	0.0	164461	842	0.35
1528257471.0	350	17.352655	0.0	230942	857	0.35
1528257474.67	2000	17.682858	0.0	763515	3154	0.3500000000000001
1528257476.17	2000	20.171691	0.0	840707	1247	2.0
1528257479.96	2000	20.455104	0.0	1279590	3455	2.0
1528257483.03	2000	21.339485	0.0	930828	2746	2.0
1528257486.6	2000	21.755647	0.0	996858	3270	2.0
1528257489.36	2000	23.012931	0.0	950867	2511	2.0
1528257493.35	2000	23.009791	0.0	1285933	3732	2.0
1528257496.53	2000	23.844947	0.0	1049248	2908	2.0
1528257499.52	2000	24.837637	0.0	984261	2732	2.0
1528257503.24	3000	25.128332	0.0	1278860	3332	2.0
1528257507.76	3000	24.63053	0.0	1580165	4218	3.0
1528257511.91	3000	24.476154	0.0	1315506	3845	3.0
1528257517.31	3000	23.061757	0.0	1642869	5129	3.0
1528257520.63	3000	23.773144	0.0	928190	2977	3.0
1528257525.31	3000	23.073939	0.0	1416000	4405	3.0
1528257528.07	3000	24.33732	0.0	865548	2441	3.0
1528257532.37	3000	24.008856	0.0	1284104	4043	3.0
1528257538.48	3000	21.943074	0.0	1692271	5784	3.0
1528257542.08	2000	22.31709	0.0	1001670	3228	1.0
1528257551.91	2000	16.513704	0.0	994288	9546	2.0
1528257566.64	2000	5.767792	0.0	925341	14369	2.0
1528257567.5	350	8.962541	0.0	109489	401	-1.2999999999999998
1528257568.66	350	11.790407	0.0	203211	900	0.35
1528257569.55	350	14.894817	0.0	196841	616	0.35
1528257570.15	350	18.31753	0.0	161524	291	0.35
1528257572.09	3000	20.359883	0.0	1099310	1631	0.3500000000000001
1528257573.34	1000	23.113796	0.0	610493	910	-1.0
1528257574.31	1000	26.130627	0.0	523364	677	1.0
1528257575.33	1000	29.129526	0.0	574457	758	1.0
1528257576.24	1000	32.229142	0.0	499175	659	1.0
1528257577.04	1000	35.420686	0.0	412705	530	1.0
1528257578.25	1000	38.270791	0.0	586327	909	1.0
1528257579.34	1000	41.153735	0.0	560284	733	1.0
1528257580.24	1000	44.254273	0.0	476697	610	1.0
1528257581.11	1000	47.383355	0.0	408166	601	1.0
1528257582.65	1000	49.849235	0.0	570011	1235	1.0
1528257586.68	2000	49.811068	0.0	922947	3700	1.0
1528257589.11	2000	51.389604	0.0	1175468	2110	2.0
1528257591.69	2000	52.80332	0.0	903392	2307	2.0
1528257595.43	3000	53.092847	0.0	1514363	3381	2.0
1528257599.58	3000	52.941332	0.0	1615320	3813	3.0
1528257603.95	2000	52.56639	0.0	931644	4066	1.0
1528257607.2	3000	53.331316	0.0	1260622	2939	2.0
1528257614.79	3000	49.745861	0.0	1784654	7298	3.0
1528257618.69	3000	49.83493	0.0	1352160	3519	3.0
1528257621.01	3000	51.522634	0.0	1115913	2028	3.0
1528257623.56	2000	52.961165	0.0	1073857	2272	1.0
1528257628.06	3000	52.486501	0.0	1546975	4181	2.0
1528257633.36	3000	51.195685	0.0	1637443	4945	3.0
1528257638.8	3000	49.738346	0.0	1475444	5044	3.0
1528257644.25	3000	48.33003	0.0	1616179	5072	3.0
1528257648.58	3000	47.97009	0.0	1113960	4059	3.0
1528257650.53	3000	50.062626	0.0	466635	1640	3.0
1528257654.3	3000	50.269918	0.0	1727956	3483	3.0
1528257657.63	3000	50.927516	0.0	1316739	3012	3.0
1528257660.32	2000	52.27141	0.0	974311	2364	1.0
1528257661.26	2000	55.333215	0.0	314327	613	2.0
1528257766.43	600	4.003999	0.457	1184008	3387	-2.7651
1528257817.29	2000	4.225821	46.833	1123706	50460	-200.7819
1528257822.44	1000	4.406654	1.35	418531	4553	-5.805
1528257825.51	1000	5.350991	0.0	555427	2769	1.0
1528257827.05	1000	7.742933	0.0	469238	1259	1.0
1528257829.11	1000	9.709102	0.0	614632	1786	1.0
1528257830.39	1000	12.42904	0.0	393715	1027	1.0
1528257831.44	1000	15.382678	0.0	428426	783	1.0
1528257833.08	1000	17.749235	0.0	594788	1369	1.0
1528257834.95	1000	19.903736	0.0	527047	1561	1.0
1528257842.78	2000	16.080284	0.0	996858	7456	1.0
1528257845.57	2000	17.309887	0.0	950867	2425	2.0
1528257848.43	2000	18.410523	0.0	1285933	2580	2.0
1528257855.93	2000	15.574217	0.0	1049248	6545	2.0
1528257881.3	2000	4.438526	9.656	984261	23807	-39.520799999999994
1528257887.41	1000	4.304555	3.284	417508	3597	-14.121199999999998
1528257901.26	2000	4.346794	9.826	1054391	13481	-41.251799999999996
1528257902.97	2000	6.620404	0.0	875132	1368	2.0
1528257903.99	1000	9.605982	0.0	552256	684	0.0
1528257904.63	1000	12.973642	0.0	303234	380	1.0
1528257905.67	1000	15.922374	0.0	522859	788	1.0
1528257906.41	1000	19.176673	0.0	337637	488	1.0
1528257907.22	1000	22.378335	0.0	471941	569	1.0
1528257908.26	1000	25.374268	0.0	598737	719	1.0
1528257909.17	1000	28.432128	0.0	560588	671	1.0
1528257909.99	1000	31.616952	0.0	487684	579	1.0
1528257912.31	1000	33.339648	0.0	479873	2013	1.0
1528257924.3	1000	27.820341	0.0	284277	9213	1.0
1528257938.53	1000	15.188588	0.0	564825	12800	1.0
1528257941.63	1000	16.127313	0.0	546935	2554	1.0
1528257947.89	2000	13.812311	0.0	766276	5096	1.0
1528257951.56	2000	14.098182	0.0	834528	3333	2.0
1528257956.71	2000	12.945687	0.0	1285071	4837	2.0
1528257962.7	2000	10.994309	0.0	1017030	5679	2.0
1528257967.65	2000	10.058521	0.0	1080835	4520	2.0
1528257980.63	2000	4.317962	3.247	1078945	12631	-11.962099999999998
1528257981.64	350	7.255883	0.0	170866	606	-1.2999999999999998
1528257986.09	2000	6.841301	0.0	1165402	4135	0.3500000000000001
1528257991.74	2000	5.162118	0.0	1123991	5283	2.0
1528257997.16	2000	4.331412	0.543	937434	5081	-0.3349000000000002
1528258001.12	2000	4.346846	0.0	804808	3556	2.0
1528258005.81	2000	4.391726	0.704	1178153	4371	-1.0271999999999997
1528258012.33	2000	4.314932	2.436	922947	6125	-8.4748
1528258022.81	2000	4.259749	6.433	1175468	9982	-25.6619
1528258028.69	2000	4.474574	2.064	903392	5500	-6.8751999999999995
1528258033.45	2000	4.289768	0.588	970351	4318	-0.5284
1528258039.01	2000	4.388002	1.644	1094905	5249	-5.0691999999999995
1528258042.19	2000	5.205936	0.0	931644	2868	2.0
1528258045.11	2000	6.260647	0.0	854957	2675	2.0
1528258047.98	2000	7.468547	0.0	1179875	2530	2.0
1528258049.63	2000	9.805366	0.0	978233	1356	2.0
1528258051.83	2000	11.629926	0.0	794797	1931	2.0
1528258064.09	2000	5.150447	0.0	1073857	10204	2.0
1528258084.49	600	4.003999	-84.138	1184008	7797	360.9934
1528258087.61	2000	5.028324	0.0	1123706	2891	0.6000000000000001
1528258089.9	2000	6.775835	0.0	854424	2020	2.0
1528258093.76	2000	6.88566	0.0	1150093	3650	2.0
1528258100.4	2000	4.257906	0.0	902304	6389	2.0
1528258106.31	2000	4.24452	1.905	1237428	5611	-6.1915
1528258116.57	2000	4.429314	6.404	763515	9930	-25.5372
1528258121.8	2000	4.327601	1.147	840707	4876	-2.9320999999999993
1528258127.44	2000	4.484678	1.778	1279590	5365	-5.6453999999999995
1528258132.44	2000	4.258824	0.783	930828	4706	-1.3668999999999998
1528258136.85	2000	4.298901	0.442	996858	4040	0.09940000000000015
1528258146.21	2000	4.494682	5.562	950867	9104	-21.9166
1528258159.59	2000	4.309725	9.144	1285933	12931	-37.319199999999995
1528258162.12	2000	5.742724	0.0	1049248	2154	2.0
1528258165.17	2000	6.693115	0.0	984261	2817	2.0
1528258167.4	2000	8.452285	0.0	876058	1999	2.0
1528258169.14	2000	10.717365	0.0	1054391	1528	2.0
1528258170.74	1000	13.138172	0.0	462442	1260	0.0
1528258172.84	2000	15.032205	0.0	996451	1852	1.0
1528258174.23	2000	17.640941	0.0	660126	1180	2.0
1528258176.19	2000	19.693749	0.0	1032091	1711	2.0
1528258176.88	1000	23.008117	0.0	337637	475	0.0
1528258177.65	1000	26.232	0.0	471941	552	1.0
1528258178.65	1000	29.229317	0.0	598737	789	1.0
1528258179.6	1000	32.302297	0.0	560588	707	1.0
1528258180.51	1000	35.393313	0.0	487684	661	1.0
1528258181.44	1000	38.474833	0.0	479873	667	1.0
1528258182.08	1000	41.839245	0.0	284277	397	1.0
1528258183.25	1000	44.655338	0.0	564825	942	1.0
1528258184.25	1000	47.649464	0.0	546935	732	1.0
1528258185.02	1000	50.883876	0.0	394056	583	1.0
1528258185.94	1000	53.989969	0.0	442514	669	1.0
1528258187.64	1000	56.287129	0.0	610493	1476	1.0
1528258188.9	1000	59.018384	0.0	523364	1026	1.0
1528258192.41	1000	59.794853	0.0	574457	744	1.0
1528258196.4	1000	59.756559	0.0	499175	1073	1.0
1528258200.91	1000	59.763295	0.0	412705	584	1.0
1528258205.03	1000	58.901587	0.0	586327	961	1.0
1528258208.48	1000	59.52125	0.0	560284	666	1.0
1528258212.41	1000	59.61599	0.0	476697	632	1.0
1528258216.26	1000	59.869623	0.0	408166	550	1.0
1528258220.52	1000	59.623906	0.0	570011	1388	1.0
1528258224.4	1000	59.627966	0.0	502061	2512	1.0
1528258235.5	1000	52.496892	0.0	569274	10811	1.0
1528258240.51	1000	51.546512	0.0	444948	4592	1.0
1528258249.06	2000	46.949374	0.0	970351	8202	1.0
1528258259.08	2000	40.951757	0.0	1094905	9555	2.0
1528258267.94	3000	36.091975	0.0	1507682	8435	2.0
1528258271.48	2000	36.552186	0.0	854957	3205	1.0
1528258275.7	2000	36.315957	0.0	1179875	3954	2.0
1528258279.61	2000	36.408995	0.0	978233	3656	2.0
1528258282.85	2000	37.181881	0.0	794797	2980	2.0
1528258291.47	2000	32.579269	0.0	1073857	8343	2.0
1528258299.02	2000	29.019786	0.0	942081	7090	2.0
1528258320.43	3000	11.610052	0.0	1637443	21049	2.0
1528258325.66	2000	10.388454	0.0	1033448	4828	1.0
1528258331.0	2000	9.043051	0.0	1181202	5001	2.0
1528258333.5	2000	10.578842	0.0	660582	2230	2.0
1528258334.69	2000	13.389148	0.0	297985	904	2.0
1528258336.86	1000	15.228706	0.0	610010	1875	0.0
1528258338.46	1000	17.61774	0.0	460871	1353	1.0
1528258340.14	1000	19.946427	0.0	480012	1414	1.0
1528258341.1	1000	23.075904	0.0	169331	532	1.0
1528258342.15	2000	25.957222	0.0	221329	703	1.0
1528258344.04	2000	28.039784	0.0	445973	1620	2.0

1528258348.87	600	4.003999	3.311	604139	3174	-14.2373
1528258356.07	2000	4.254934	3.438	1123706	6779	-14.1834
1528258359.51	2000	4.815148	0.0	854424	3011	2.0
1528258363.88	2000	4.414862	0.0	1150093	4116	2.0
1528258367.51	2000	4.812285	0.0	902304	3314	2.0
1528258372.14	2000	4.278664	0.107	1237428	4349	1.5399
1528258376.72	2000	4.388801	0.664	763515	4263	-0.8552
1528258377.59	350	7.480589	0.0	150366	559	-1.2999999999999998
1528258385.1	2000	4.286544	0.255	1279590	7134	-0.7464999999999999
1528258386.2	350	7.134383	0.0	193362	777	-1.2999999999999998
1528258387.32	350	10.035646	0.0	189146	866	0.35
1528258388.04	350	13.303652	0.0	153391	469	0.35
1528258388.94	350	16.437516	0.0	195591	636	0.35
1528258394.91	2000	14.4395	0.0	1049248	5686	0.3500000000000001
1528258399.93	2000	13.438184	0.0	984261	4699	2.0
1528258403.38	2000	13.980651	0.0	876058	3190	2.0
1528258405.59	2000	15.769925	0.0	1054391	1942	2.0
1528258408.34	2000	17.051463	0.0	875132	2476	2.0
1528258411.56	2000	17.811778	0.0	996451	2949	2.0
1528258414.1	2000	19.277775	0.0	660126	2278	2.0
1528258418.14	3000	19.233032	0.0	1416000	3700	2.0
1528258420.96	3000	20.419459	0.0	865548	2550	3.0
1528258423.86	2000	21.53103	0.0	949274	2584	1.0
1528258429.15	3000	20.243157	0.0	1692271	4895	2.0
1528258433.44	3000	19.964831	0.0	1504744	3955	3.0
1528258437.63	3000	19.761347	0.0	1484004	3974	3.0
1528258442.24	3000	19.187172	0.0	1405086	4328	3.0
1528258445.19	3000	20.225248	0.0	891371	2704	3.0
1528258448.51	2000	20.890587	0.0	977347	3079	1.0
1528258452.51	2000	20.91422	0.0	1184694	3723	2.0
1528258454.88	2000	22.550726	0.0	766276	2115	2.0
1528258457.67	2000	23.77809	0.0	834528	2533	2.0
1528258461.91	2000	23.512293	0.0	1285071	3981	2.0
1528258465.79	2000	23.648836	0.0	1017030	3638	2.0
1528258469.47	2000	23.986697	0.0	1080835	3367	2.0
1528258484.98	3000	12.503264	0.0	1492615	15145	2.0
1528258495.62	2000	6.04653	0.0	788728	10036	1.0
1528258496.6	350	8.814514	0.0	178753	703	-1.2999999999999998
1528258497.72	350	11.792422	0.0	175461	820	0.35
1528258498.36	350	15.13872	0.0	184494	371	0.35
1528258498.97	350	18.526833	0.0	154382	303	0.35
1528258500.14	1000	21.36521	0.0	570011	880	0.35
1528258501.77	2000	23.76476	0.0	922947	1305	1.0
1528258503.54	2000	25.980524	0.0	1175468	1504	2.0
1528258505.01	2000	28.492793	0.0	903392	1178	2.0
1528258506.15	1000	31.3885	0.0	507586	810	0.0
1528258507.88	2000	33.640335	0.0	1094905	1451	1.0
1528258508.88	1000	36.620742	0.0	541979	738	0.0
1528258509.8	1000	39.739412	0.0	391886	646	1.0
1528258514.53	2000	38.993966	0.0	1179875	4422	1.0
1528258516.69	2000	40.818785	0.0	978233	1885	2.0
1528258519.38	3000	42.141709	0.0	1115913	2388	2.0
1528258521.78	2000	43.758573	0.0	1073857	2119	1.0
1528258525.91	3000	43.632588	0.0	1546975	3794	2.0
1528258530.34	3000	43.200974	0.0	1637443	4153	3.0
1528258534.94	3000	42.60888	0.0	1475444	4315	3.0
1528258541.14	3000	40.408613	0.0	1616179	5895	3.0
1528258545.21	3000	40.364051	0.0	1113960	3698	3.0
1528258546.57	3000	43.019122	0.0	466635	1028	3.0
1528258549.11	2000	44.442417	0.0	1188866	2247	1.0
1528258552.26	3000	45.281247	0.0	1316739	2857	2.0
1528258555.29	2000	46.270895	0.0	974311	2744	1.0
1528258556.33	2000	49.233309	0.0	314327	789	2.0
1528258651.32	600	4.003999	-2.743	1680951	4895	9.9949
1528258654.81	2000	4.659488	0.0	1123706	3141	0.6000000000000001
1528258657.33	2000	6.147069	0.0	854424	2278	2.0
1528258661.14	2000	6.342702	0.0	1150093	3548	2.0
1528258664.23	2000	7.262502	0.0	902304	2832	2.0
1528258667.02	2000	8.479599	0.0	1237428	2514	2.0
1528258669.92	2000	9.58161	0.0	763515	2655	2.0
1528258674.19	2000	9.612372	0.0	840707	3732	2.0
1528258679.1	2000	8.354019	0.0	1279590	4657	2.0
1528258682.39	2000	9.121597	0.0	930828	3006	2.0
1528258690.68	2000	4.83845	0.0	996858	7982	2.0
1528258693.78	2000	5.77563	0.0	950867	2716	2.0
1528258735.51	2000	4.354213	33.959	1285933	39067	-144.0237
1528258750.44	1000	4.316673	13.206	556545	13461	-56.785799999999995
1528258751.35	350	7.366835	0.0	190923	547	-0.30000000000000004
1528258752.52	1000	10.376819	0.0	417508	714	0.35
1528258753.67	1000	13.027975	0.0	552639	863	1.0
1528258756.01	1000	15.705461	0.0	462442	1077	1.0
1528258758.01	1000	16.731405	0.0	552256	1615	1.0
1528258759.03	1000	19.736333	0.0	303234	695	1.0
1528258760.39	1000	22.347573	0.0	522859	1093	1.0
1528258761.49	1000	25.249368	0.0	337637	796	1.0
1528258763.12	1000	27.648458	0.0	471941	1342	1.0
1528258767.44	1000	27.328406	0.0	598737	4052	1.0
1528258771.35	1000	27.387426	0.0	560588	3608	1.0
1528258772.98	1000	29.751266	0.0	487684	1375	1.0
1528258774.32	1000	32.440174	0.0	479873	1053	1.0
1528258775.16	1000	35.643139	0.0	284277	520	1.0
1528258776.52	1000	38.233804	0.0	564825	1105	1.0
1528258781.41	1000	37.331314	0.0	546935	4635	1.0
1528258785.19	2000	37.986236	0.0	766276	3045	1.0
1528258811.52	2000	18.317557	0.0	834528	22957	2.0
1528258826.84	1000	4.305516	0.35	610493	12880	-1.505
1528258830.82	2000	4.315262	0.0	1017030	3413	1.0
1528258832.66	2000	6.45182	0.0	1080835	1569	2.0
1528258834.49	2000	8.649276	0.0	1078945	1564	2.0
1528258835.28	1000	11.8748	0.0	412705	540	0.0
1528258836.21	1000	14.926819	0.0	586327	708	1.0
1528258837.13	1000	18.027007	0.0	560284	670	1.0
1528258837.97	1000	21.177952	0.0	476697	582	1.0
1528258838.75	1000	24.384459	0.0	408166	524	1.0
1528258849.52	1000	17.646385	0.0	570011	10506	1.0
1528258861.4	1000	9.932054	0.0	502061	11323	1.0
1528258868.03	1000	7.185184	0.0	569274	6189	1.0
1528258873.39	1000	5.83102	0.0	444948	5033	1.0
1528258878.76	2000	4.455317	0.0	970351	5052	1.0
1528258882.66	2000	4.515382	0.0	1094905	3562	2.0
1528258888.3	2000	4.319175	1.432	931644	5364	-4.1575999999999995
1528258892.45	2000	4.258941	0.094	854957	3822	1.5958
1528258902.87	2000	4.348185	6.526	1179875	10167	-26.061799999999998
1528258911.63	2000	4.377644	4.744	978233	8386	-18.3992
1528258914.6	2000	5.389057	0.0	794797	2707	2.0
1528258919.94	2000	4.374867	0.315	1073857	5047	0.6455
1528258925.24	2000	4.431163	1.378	942081	5045	-3.9254
1528258930.22	2000	4.307606	0.872	1074761	4641	-1.7496
1528258934.48	2000	4.433917	0.345	1033448	3932	0.5165
1528258943.28	2000	4.283096	4.671	1181202	8463	-18.0853
1528258958.02	600	4.003999	-65.592	1184008	7214	281.2456
1528258959.44	350	6.767338	0.0	219272	1043	0.09999999999999998
1528258964.1	2000	6.118231	0.0	854424	4269	0.3500000000000001
1528258968.7	2000	5.520338	0.0	1150093	4283	2.0
1528258972.42	2000	5.833971	0.0	902304	3432	2.0
1528258975.3	2000	6.980504	0.0	1237428	2588	2.0
1528258977.02	2000	9.24297	0.0	763515	1477	2.0
1528258979.91	2000	10.374163	0.0	840707	2632	2.0
1528258991.3	2000	4.334324	1.08	1279590	10840	-2.644
1528259008.41	2000	4.417862	13.46	930828	16489	-55.878
1528259011.2	2000	5.611384	0.0	996858	2417	2.0
1528259015.59	2000	5.231304	0.0	950867	4131	2.0
1528259019.03	2000	5.79235	0.0	1285933	3187	2.0
1528259022.91	2000	5.918163	0.0	1049248	3589	2.0
1528259030.35	2000	4.397726	1.921	984261	7168	-6.260299999999999
1528259034.28	2000	4.477015	0.0	876058	3598	2.0
1528259046.78	2000	4.326159	7.653	1054391	11513	-30.907899999999998
1528259048.17	350	6.175584	0.0	164741	850	-1.2999999999999998
1528259053.74	2000	4.682875	0.0	996451	5275	0.3500000000000001
1528259056.86	2000	5.574138	0.0	660126	2769	2.0
1528259061.51	2000	4.924672	0.0	1032091	4387	2.0
1528259064.5	2000	5.913312	0.0	626844	2772	2.0
1528259072.29	2000	4.248228	2.092	949274	7497	-6.9956
1528259087.59	2000	4.339659	11.42	1197901	14926	-47.106
1528259088.27	350	7.661368	0.0	200708	322	-1.2999999999999998
1528259089.38	1000	10.561427	0.0	487684	816	0.35
1528259090.88	1000	13.075238	0.0	479873	1251	1.0
1528259093.29	2000	14.657229	0.0	623084	2130	1.0
1528259095.84	2000	16.105925	0.0	977347	2327	2.0
1528259097.81	2000	18.142699	0.0	1184694	1723	2.0
1528259099.12	1000	20.848631	0.0	394056	1050	0.0
1528259100.37	1000	23.641117	0.0	442514	922	1.0
1528259101.52	1000	26.463864	0.0	610493	912	1.0
1528259102.69	1000	29.277601	0.0	523364	950	1.0
1528259103.82	1000	32.159314	0.0	574457	898	1.0
1528259104.92	1000	35.042298	0.0	499175	854	1.0
1528259105.67	1000	38.316414	0.0	412705	530	1.0
1528259106.63	1000	41.376029	0.0	586327	701	1.0
1528259107.57	1000	44.414735	0.0	560284	715	1.0
1528259108.55	1000	47.481217	0.0	476697	665	1.0
1528259109.43	1000	50.579238	0.0	408166	621	1.0
1528259110.49	1000	53.525184	0.0	570011	803	1.0
1528259111.57	1000	56.439898	0.0	502061	819	1.0
1528259112.58	1000	59.435587	0.0	569274	780	1.0
1528259116.52	1000	59.59255	0.0	444948	667	1.0
1528259120.57	1000	59.597771	0.0	507586	795	1.0
1528259124.42	1000	59.602879	0.0	525450	1100	1.0
1528259129.32	1000	59.857072	0.0	541979	863	1.0
1528259133.69	1000	58.284769	0.0	391886	1217	1.0
1528259136.26	1000	59.864938	0.0	539537	760	1.0
1528259140.19	1000	59.86875	0.0	506089	662	1.0
1528259144.56	1000	59.622523	0.0	408110	550	1.0
1528259148.94	1000	59.626384	0.0	515570	1165	1.0
1528259152.25	1000	59.777793	0.0	462132	2421	1.0
1528259163.66	1000	52.428162	0.0	574826	11061	1.0
1528259169.57	1000	51.239269	0.0	523754	4851	1.0
1528259178.71	2000	45.321895	0.0	1181202	8548	1.0
1528259181.64	1000	46.443093	0.0	344553	2558	0.0
1528259184.34	2000	47.763505	0.0	297985	2430	1.0
1528259194.13	2000	41.988165	0.0	1188866	9487	2.0
1528259199.61	3000	40.496644	0.0	1316739	4968	2.0
1528259203.2	2000	40.90725	0.0	974311	3312	1.0
1528259204.59	2000	43.530837	0.0	314327	1125	2.0
1528259205.75	2000	46.380841	0.0	221329	866	2.0
1528259207.69	2000	48.447233	0.0	445973	1623	2.0

1528259211.51	600	4.003999	2.301	604139	2193	-9.8943
1528259212.79	350	6.909357	0.0	219272	921	0.09999999999999998
1528259214.13	350	9.593238	0.0	134208	1041	0.35
1528259224.83	2000	4.264326	0.847	1150093	9796	-3.2921
1528259226.62	350	6.044878	0.0	164461	1243	-1.2999999999999998
1528259244.21	2000	4.357467	11.933	1237428	17292	-50.9619
1528259246.5	350	6.069577	0.0	136746	1891	-1.2999999999999998
1528259247.62	350	8.931859	0.0	150366	855	0.35
1528259249.42	350	11.140748	0.0	193697	1536	0.35
1528259250.54	350	14.066368	0.0	193362	848	0.35
1528259251.86	350	16.778876	0.0	189146	947	0.35
1528259252.74	350	19.824311	0.0	153391	656	0.35
1528259255.98	1000	20.613159	0.0	621760	2940	0.35
1528259260.7	2000	19.875964	0.0	1049248	4375	1.0
1528259264.11	2000	20.482511	0.0	984261	3156	2.0
1528259270.04	2000	18.575845	0.0	876058	5637	2.0
1528259274.47	2000	18.114196	0.0	1054391	4051	2.0
1528259280.16	2000	16.474902	0.0	875132	5431	2.0
1528259285.16	2000	15.465397	0.0	996451	4689	2.0
1528259287.85	2000	16.77799	0.0	660126	2387	2.0
1528259291.93	2000	16.698789	0.0	1032091	3774	2.0
1528259294.48	2000	18.135875	0.0	626844	2290	2.0
1528259298.04	2000	18.579888	0.0	949274	3310	2.0
1528259302.72	2000	17.902441	0.0	1197901	4410	2.0
1528259306.63	2000	18.014781	0.0	1001670	3614	2.0
1528259312.82	2000	15.803023	0.0	994288	5917	2.0
1528259316.77	2000	15.858648	0.0	925341	3607	2.0
1528259319.85	2000	16.780056	0.0	623084	2827	2.0
1528259325.81	2000	14.823888	0.0	977347	5689	2.0
1528259331.19	2000	13.442838	0.0	1184694	5141	2.0
1528259332.69	2000	15.94596	0.0	766276	1163	2.0
1528259335.09	2000	17.553291	0.0	834528	2170	2.0
1528259339.49	2000	17.158934	0.0	1285071	4112	2.0
1528259342.99	2000	17.675912	0.0	1017030	3260	2.0
1528259346.11	2000	18.548188	0.0	1080835	2875	2.0
1528259349.37	2000	19.291623	0.0	1078945	3026	2.0
1528259351.87	2000	20.818373	0.0	788728	2180	2.0
1528259355.44	2000	21.238711	0.0	1165402	3332	2.0
1528259358.71	2000	21.960175	0.0	1123991	3028	2.0
1528259362.95	3000	21.730584	0.0	1459339	3902	2.0
1528259366.71	3000	21.968724	0.0	1250444	3515	3.0
1528259372.26	3000	20.450665	0.0	1691788	5259	3.0
1528259376.94	3000	19.746497	0.0	1403315	4381	3.0
1528259380.89	2000	19.806094	0.0	1175468	3695	1.0
1528259383.58	2000	21.118978	0.0	903392	2460	2.0
1528259386.65	2000	22.051103	0.0	970351	2828	2.0
1528259390.36	2000	22.352782	0.0	1094905	3429	2.0
1528259393.91	2000	22.795336	0.0	931644	3312	2.0
1528259396.67	2000	24.041426	0.0	854957	2521	2.0
1528259403.48	2000	21.247859	0.0	1179875	6541	2.0
1528259418.07	2000	10.679878	0.0	978233	14252	2.0
1528259425.28	2000	7.470683	0.0	794797	6734	2.0
1528259428.11	2000	8.668879	0.0	1073857	2493	2.0
1528259430.14	2000	10.652295	0.0	942081	1302	2.0
1528259431.81	2000	12.943069	0.0	1074761	1385	2.0
1528259433.45	2000	15.305412	0.0	1033448	1362	2.0
1528259435.46	2000	17.297497	0.0	1181202	1735	2.0
1528259436.58	2000	20.180856	0.0	660582	871	2.0
1528259437.43	3000	23.327396	0.0	466635	613	2.0
1528259441.13	2000	23.655823	0.0	1188866	3391	1.0
1528259444.85	3000	23.922586	0.0	1316739	3350	2.0
1528259447.25	2000	25.642177	0.0	974311	2035	1.0
1528259447.96	1000	28.795528	0.0	169331	500	0.0
1528259513.4	600	4.003999	-11.711	1680951	3232	48.5573
1528259516.79	2000	4.797777	0.0	1123706	3046	0.6000000000000001
1528259518.89	2000	6.731394	0.0	854424	1801	2.0
1528259522.81	2000	6.797247	0.0	1150093	3637	2.0
1528259525.78	2000	7.822956	0.0	902304	2669	2.0
1528259531.6	2000	5.999457	0.0	1237428	5533	2.0
1528259535.46	2000	6.161828	0.0	763515	3538	2.0
1528259543.78	2000	4.414324	2.541	840707	8007	-8.9263
1528259553.69	2000	4.41127	5.914	1279590	9577	-23.4302
1528259556.29	2000	6.159863	0.0	930828	1832	2.0
1528259562.46	2000	4.367392	0.74	996858	5744	-1.182
1528259567.99	2000	4.323618	1.494	950867	5197	-4.4242
1528259571.12	2000	5.196261	0.0	1285933	2802	2.0
1528259573.59	2000	6.71383	0.0	1049248	2204	2.0
1528259576.81	2000	7.507962	0.0	984261	2999	2.0
1528259579.57	2000	8.758324	0.0	876058	2526	2.0
1528259582.72	2000	9.600151	0.0	1054391	2912	2.0
1528259585.4	2000	10.930443	0.0	875132	2435	2.0
1528259588.63	2000	11.706586	0.0	996451	2959	2.0
1528259591.12	2000	13.23448	0.0	660126	2232	2.0
1528259593.98	2000	14.400352	0.0	1032091	2580	2.0
1528259595.56	2000	16.790539	0.0	626844	1330	2.0
1528259599.15	2000	17.217161	0.0	949274	3320	2.0
1528259604.03	2000	16.342606	0.0	1197901	4586	2.0
1528259607.91	2000	16.436978	0.0	1001670	3622	2.0
1528259612.17	2000	16.200058	0.0	994288	3939	2.0
1528259620.41	3000	11.973571	0.0	1405086	7910	2.0
1528259624.32	3000	12.048406	0.0	891371	3534	3.0
1528259677.58	2000	4.4112	41.586	977347	52924	-177.8198
1528259679.93	1000	6.077773	0.0	546935	1855	0.0
1528259680.81	1000	9.135917	0.0	394056	652	1.0
1528259681.8	1000	12.178372	0.0	442514	686	1.0
1528259683.75	1000	14.639901	0.0	610493	1277	1.0
1528259685.92	1000	16.442856	0.0	523364	1490	1.0
1528259688.26	1000	17.767974	0.0	574457	1625	1.0
1528259689.73	1000	20.27954	0.0	499175	1170	1.0
1528259691.03	1000	22.965848	0.0	412705	1044	1.0
1528259694.35	1000	23.649268	0.0	586327	3093	1.0
1528259699.49	1000	22.507203	0.0	560284	4867	1.0
1528259701.27	1000	24.72658	0.0	476697	1421	1.0
1528259703.26	2000	26.742503	0.0	804808	1740	1.0
1528259706.09	2000	27.946663	0.0	1178153	2555	2.0
1528259712.33	2000	25.683212	0.0	922947	5864	2.0
1528259742.75	2000	4.305366	0.105	1175468	25123	1.5485
1528259754.96	1000	4.013824	11.979	444948	9678	-51.509699999999995
1528259759.77	2000	4.494182	1.249	970351	4380	-4.3707
1528259761.62	2000	6.744084	0.0	1094905	1425	2.0
1528259762.67	1000	9.550022	0.0	541979	775	0.0
1528259763.43	1000	12.783352	0.0	391886	537	1.0
1528259764.31	1000	15.878683	0.0	539537	672	1.0
1528259765.14	1000	19.067525	0.0	506089	616	1.0
1528259765.85	1000	22.36107	0.0	408110	490	1.0
1528259766.7	1000	25.504648	0.0	515570	618	1.0
1528259768.1	1000	28.153818	0.0	462132	1090	1.0
1528259786.77	1000	17.07425	0.0	574826	14796	1.0
1528259795.42	1000	9.558578	0.0	523754	6592	1.0
1528259801.82	1000	6.504775	0.0	572621	5860	1.0
1528259805.7	2000	6.555006	0.0	660582	3533	1.0
1528259807.28	2000	8.99157	0.0	297985	1267	2.0
1528259819.43	600	4.003999	-62.298	1184008	6525	267.08140000000003
1528259824.54	2000	4.219423	1.118	1123706	4712	-4.2074
1528259836.16	2000	4.364982	7.755	854424	11323	-31.3465
1528259843.63	2000	4.373594	3.499	1150093	7110	-13.045699999999998
1528259848.33	2000	4.325451	0.609	902304	4386	-0.6187
1528259855.19	2000	4.4516	3.012	1237428	6586	-10.951600000000001
1528259858.56	2000	5.116822	0.0	763515	3005	2.0
1528259861.99	2000	5.693976	0.0	840707	3132	2.0
1528259870.79	2000	4.491459	3.603	1279590	8552	-13.492899999999999
1528259878.85	2000	4.347747	3.892	930828	7697	-14.735599999999998
1528259885.53	2000	4.488522	2.831	996858	6383	-10.1733
1528259890.0	2000	4.321658	0.322	950867	4100	0.6154000000000002
1528259896.22	2000	4.38688	2.277	1285933	5915	-7.7911
1528259899.98	2000	4.622029	0.0	1049248	3470	2.0
1528259902.64	2000	5.983385	0.0	984261	2395	2.0
1528259904.66	2000	7.992274	0.0	876058	1739	2.0
1528259906.46	2000	10.192561	0.0	1054391	1513	2.0
1528259910.11	2000	10.492732	0.0	875132	3395	2.0
1528259922.02	2000	4.445704	1.056	996451	10873	-2.5408
1528259938.75	2000	4.253543	9.263	660126	10805	-37.8309
1528259941.69	2000	4.008631	2.781	1032091	2576	-9.9583
1528259943.57	2000	6.185029	0.0	626844	1594	2.0
1528259948.21	2000	5.584275	0.0	949274	4309	2.0
1528259953.57	2000	4.322564	0.085	1197901	5096	1.6345
1528259960.37	2000	4.407355	2.914	1001670	6499	-10.530199999999999
1528259970.97	2000	4.318956	6.479	994288	10225	-25.859699999999997
1528259976.42	2000	4.265773	1.425	925341	5097	-4.1275
1528259980.34	2000	4.482504	0.134	623084	3646	1.4238
1528259987.65	3000	4.338162	3.126	1401736	6924	-11.441799999999999
1528259992.03	2000	4.499276	0.53	1184694	4027	-1.279
1528259997.02	2000	4.282234	0.806	766276	4668	-1.4657999999999998
1528260010.73	2000	4.286619	9.737	834528	13309	-39.869099999999996
1528260017.12	2000	4.306385	2.411	1285071	5979	-8.367299999999998
1528260019.97	2000	5.457783	0.0	1017030	2564	2.0
1528260023.36	2000	6.147326	0.0	1080835	2989	2.0
1528260025.97	2000	7.469273	0.0	1078945	1582	2.0
1528260027.44	1000	10.034762	0.0	412705	1113	0.0
1528260029.89	2000	11.542471	0.0	1165402	2143	1.0
1528260031.96	2000	13.464598	0.0	1123991	1855	2.0
1528260033.74	2000	15.719841	0.0	937434	1529	2.0
1528260034.95	2000	18.491685	0.0	804808	949	2.0
1528260035.92	1000	21.529558	0.0	570011	732	0.0
1528260036.8	1000	24.644315	0.0	502061	670	1.0
1528260037.85	1000	27.604293	0.0	569274	811	1.0
1528260038.67	1000	30.778493	0.0	444948	611	1.0
1528260039.65	1000	33.819816	0.0	507586	750	1.0
1528260040.75	1000	36.723947	0.0	525450	848	1.0
1528260041.9	1000	39.619177	0.0	541979	821	1.0
1528260042.75	1000	42.725531	0.0	391886	607	1.0
1528260044.28	1000	45.203692	0.0	539537	1284	1.0
1528260045.55	1000	47.949901	0.0	506089	1029	1.0
1528260046.36	1000	51.136479	0.0	408110	540	1.0
1528260047.21	1000	54.278941	0.0	515570	624	1.0
1528260048.48	1000	57.021421	0.0	462132	1030	1.0
1528260049.6	1000	59.891465	0.0	574826	885	1.0
1528260054.04	1000	59.562035	0.0	523754	1184	1.0
1528260058.73	1000	59.566331	0.0	572621	1686	1.0
1528260061.94	1000	59.57037	0.0	344553	552	1.0
1528260065.97	1000	59.824398	0.0	157240	179	1.0
1528260070.05	1000	59.577811	0.0	610010	792	1.0
1528260073.96	1000	59.582161	0.0	460871	628	1.0
1528260078.53	1000	59.011232	0.0	480012	4254	1.0
1528260082.11	1000	59.589942	0.0	169331	1303	1.0
1528260086.01	1000	59.594487	0.0	126490	2602	1.0
1528260092.37	1000	57.169744	0.0	236234	6068	1.0

1528260102.09	600	4.003999	6.696	604139	6556	-28.7928
1528260109.93	2000	4.237686	3.896	1123706	7099	-16.1528
1528260119.16	2000	4.451652	5.471	854424	8825	-21.525299999999998
1528260124.84	2000	4.449473	1.673	1150093	5402	-5.193899999999999
1528260125.87	350	7.428635	0.0	164461	600	-1.2999999999999998
1528260126.91	350	10.374245	0.0	230942	774	0.35
1528260127.77	350	13.567372	0.0	136746	562	0.35
1528260128.65	350	16.643048	0.0	150366	634	0.35
1528260129.51	350	19.785388	0.0	193697	654	0.35
1528260130.45	350	22.865161	0.0	193362	641	0.35
1528260134.28	2000	23.064072	0.0	996858	3489	0.3500000000000001
1528260138.14	2000	23.155161	0.0	950867	3553	2.0
1528260141.02	1000	24.309726	0.0	621760	2541	0.0
1528260146.61	1000	22.714116	0.0	556545	5342	1.0
1528260154.6	2000	18.800306	0.0	984261	7471	1.0
1528260165.83	2000	11.511679	0.0	876058	10945	2.0
1528260178.17	2000	4.422692	1.197	1054391	11859	-3.147099999999999
1528260179.1	350	7.429834	0.0	164741	662	-1.2999999999999998
1528260180.26	350	10.284147	0.0	179442	887	0.35
1528260181.37	350	13.182618	0.0	131632	20	0.35
1528260184.19	1000	14.354524	0.0	522859	2524	0.35
1528260185.74	1000	16.816278	0.0	337637	1261	1.0
1528260188.22	1000	18.348452	0.0	471941	2218	1.0
1528260192.49	2000	18.057795	0.0	1197901	3927	1.0
1528260195.85	2000	18.759105	0.0	1001670	3006	2.0
1528260199.24	2000	19.336967	0.0	994288	3115	2.0
1528260201.34	1000	21.252088	0.0	479873	1803	0.0
1528260203.16	1000	23.730604	0.0	284277	1177	1.0
1528260206.71	1000	23.911623	0.0	564825	3154	1.0
1528260213.44	2000	21.126427	0.0	1184694	6415	1.0
1528260216.52	2000	22.058935	0.0	766276	2764	2.0
1528260219.87	2000	22.709227	0.0	834528	3060	2.0
1528260224.79	2000	21.793941	0.0	1285071	4641	2.0
1528260228.66	2000	21.938209	0.0	1017030	3584	2.0
1528260232.85	2000	21.736579	0.0	1080835	3924	2.0
1528260238.18	2000	20.424234	0.0	1078945	5044	2.0
1528260242.55	2000	20.056337	0.0	788728	4028	2.0
1528260247.7	2000	18.90257	0.0	1165402	4907	2.0
1528260254.25	2000	16.354883	0.0	1123991	6314	2.0
1528260258.98	2000	15.63623	0.0	937434	4385	2.0
1528260260.83	2000	17.78984	0.0	804808	1577	2.0
1528260263.88	2000	18.743988	0.0	1178153	2797	2.0
1528260267.32	2000	19.310558	0.0	922947	3152	2.0
1528260271.19	2000	19.457865	0.0	1175468	3573	2.0
1528260273.91	2000	20.738339	0.0	903392	2432	2.0
1528260276.8	2000	21.826255	0.0	970351	2631	2.0
1528260280.07	2000	22.572175	0.0	1094905	3026	2.0
1528260284.64	3000	21.994536	0.0	1507682	4270	2.0
1528260288.25	3000	22.427321	0.0	1260622	3303	3.0
1528260293.27	3000	21.377196	0.0	1784654	4757	3.0
1528260297.62	3000	21.02907	0.0	1352160	4034	3.0
1528260301.4	3000	21.253454	0.0	1115913	3542	3.0
1528260305.08	2000	21.605086	0.0	1073857	3375	1.0
1528260308.18	2000	22.481709	0.0	942081	2839	2.0
1528260311.56	2000	23.104261	0.0	1074761	3152	2.0
1528260314.92	2000	23.770132	0.0	1033448	3044	2.0
1528260318.85	2000	23.825431	0.0	1181202	3698	2.0
1528260323.13	3000	23.54724	0.0	1113960	4003	2.0
1528260324.33	2000	26.34764	0.0	297985	920	1.0
1528260329.54	2000	25.159969	0.0	1188866	4887	2.0
1528260342.3	2000	16.431949	0.0	910001	12363	2.0
1528260353.17	2000	9.748314	0.0	974311	10234	2.0
1528260354.65	2000	12.000009	0.0	314327	1264	2.0
1528260400.78	600	4.003999	-14.076	1184008	4666	59.7268
1528260404.0	2000	5.018576	0.0	1123706	2887	0.6000000000000001
1528260405.88	2000	7.103285	0.0	854424	1553	2.0
1528260408.6	2000	8.390045	0.0	1150093	2407	2.0
1528260411.3	2000	9.691857	0.0	902304	2418	2.0
1528260415.41	2000	9.573988	0.0	1237428	3859	2.0
1528260417.61	2000	11.380492	0.0	763515	1916	2.0
1528260420.97	2000	12.009252	0.0	840707	3077	2.0
1528260425.1	2000	11.930171	0.0	1279590	3823	2.0
1528260430.66	2000	10.393005	0.0	930828	5221	2.0
1528260434.72	2000	10.317556	0.0	996858	3729	2.0
1528260437.49	2000	11.522994	0.0	950867	2503	2.0
1528260440.09	2000	13.004224	0.0	1285933	2229	2.0
1528260442.97	2000	14.056684	0.0	1049248	2619	2.0
1528260445.7	2000	15.373059	0.0	984261	2395	2.0
1528260447.9	2000	17.169642	0.0	876058	1936	2.0
1528260451.97	2000	17.083483	0.0	1054391	3779	2.0
1528260455.97	2000	17.095663	0.0	875132	3715	2.0
1528260462.12	3000	14.945625	0.0	1642869	5705	2.0
1528260469.49	2000	11.545069	0.0	660126	7074	1.0
1528260475.2	2000	9.853603	0.0	1032091	5294	2.0
1528260481.63	2000	7.425951	0.0	626844	6179	2.0
1528260483.4	2000	9.659309	0.0	949274	1435	2.0
1528260490.17	2000	6.90147	0.0	1197901	6522	2.0
1528260496.18	2000	4.890498	0.0	1001670	5743	2.0
1528260498.39	2000	6.669785	0.0	994288	1884	2.0
1528260501.09	2000	8.004634	0.0	925341	2425	2.0
1528260502.68	2000	10.402751	0.0	623084	1263	2.0
1528260505.98	2000	11.114938	0.0	977347	3010	2.0
1528260509.53	2000	11.565918	0.0	1184694	3301	2.0
1528260511.96	2000	13.163409	0.0	766276	2128	2.0
1528260514.36	2000	14.739761	0.0	834528	2158	2.0
1528260518.8	2000	14.35627	0.0	1285071	4084	2.0
1528260524.08	2000	13.036273	0.0	1017030	4962	2.0
1528260528.43	2000	12.68139	0.0	1080835	4006	2.0
1528260532.47	2000	12.645073	0.0	1078945	3791	2.0
1528260536.77	3000	12.340793	0.0	1200522	3991	2.0
1528260546.07	2000	7.053279	0.0	1165402	8956	1.0
1528260549.27	2000	7.8813	0.0	1123991	2826	2.0
1528260552.59	2000	8.540413	0.0	937434	3056	2.0
1528260601.02	2000	4.401395	40.122	804808	47987	-170.5246
1528260607.84	1000	4.261813	2.843	570011	5281	-12.2249
1528260609.15	1000	6.925781	0.0	502061	999	1.0
1528260610.33	1000	9.827549	0.0	569274	844	1.0
1528260611.43	1000	12.678576	0.0	444948	839	1.0
1528260613.12	1000	15.018626	0.0	507586	1408	1.0
1528260615.01	1000	17.186273	0.0	525450	1552	1.0
1528260616.43	1000	19.726748	0.0	541979	1115	1.0
1528260618.95	1000	21.231333	0.0	391886	1582	1.0
1528260627.49	2000	16.630009	0.0	1179875	8172	1.0
1528260629.3	1000	18.831282	0.0	506089	1515	0.0
1528260631.35	2000	20.792939	0.0	794797	1763	1.0
1528260633.8	2000	22.342996	0.0	1073857	2128	2.0
1528260640.27	2000	19.849225	0.0	942081	6191	2.0
1528260662.43	2000	4.421238	1.885	1074761	21071	-6.105499999999999
1528260684.2	1000	4.300854	18.438	523754	17998	-79.2834
1528260685.55	350	6.9499	0.0	176856	861	-0.30000000000000004
1528260687.28	2000	9.186194	0.0	660582	1465	0.3500000000000001
1528260689.2	2000	11.273678	0.0	297985	1641	2.0
1528260690.96	1000	13.904899	0.0	610010	1144	0.0
1528260691.82	1000	16.60132	0.0	460871	643	1.0
1528260692.86	1000	19.846632	0.0	480012	573	1.0
1528260693.24	1000	23.181262	0.0	169331	222	1.0
1528260693.59	1000	26.880862	0.0	126490	154	1.0
1528260694.05	1000	30.426352	0.0	236234	281	1.0

1528260696.21	600	4.003999	1.168	604139	1082	-5.022399999999999
1528260721.14	2000	4.232308	20.696	1123706	24241	-88.39280000000001
1528260726.65	1000	4.58818	0.0	418531	2842	0.0
1528260735.02	2000	4.457363	6.336	1150093	7820	-26.244799999999998
1528260738.15	2000	5.319191	0.0	902304	2823	2.0
1528260744.97	2000	4.300703	1.797	1237428	6451	-5.727099999999999
1528260748.51	2000	4.743764	0.0	763515	3181	2.0
1528260752.4	2000	4.870446	0.0	840707	3605	2.0
1528260765.76	2000	4.289829	8.779	1279590	13073	-35.7497
1528260767.4	350	6.735963	0.0	193362	764	-1.2999999999999998
1528260769.47	350	8.70071	0.0	189146	1698	0.35
1528260772.51	350	9.553537	0.0	153391	2755	0.35
1528260773.69	350	12.345718	0.0	195591	960	0.35
1528260774.77	350	15.285566	0.0	177177	816	0.35
1528260775.95	350	18.133181	0.0	190923	852	0.35
1528260776.94	350	21.128406	0.0	155030	720	0.35
1528260780.26	1000	21.817926	0.0	552639	3040	0.35
1528260782.95	1000	23.110924	0.0	462442	2415	1.0
1528260785.76	1000	24.314862	0.0	552256	2490	1.0
1528260787.19	1000	26.920676	0.0	303234	1115	1.0
1528260793.04	3000	25.048015	0.0	1416000	5489	1.0
1528260798.81	2000	23.293169	0.0	626844	5277	1.0
1528260806.81	2000	19.330236	0.0	949274	7669	2.0
1528260815.12	2000	14.988549	0.0	1197901	7862	2.0
1528260820.28	2000	13.861058	0.0	1001670	4839	2.0
