1528269982.68	600	4.003999	7.159	604139	7082	-30.783699999999996
1528269983.55	350	7.386969	0.0	219272	456	0.09999999999999998
1528269984.31	600	10.578564	0.0	246858	401	0.35
1528269988.46	2000	10.411808	0.0	1150093	3861	0.6000000000000001
1528270041.98	2000	4.267699	42.76	902304	52666	-181.868
1528270044.59	1000	5.06758	0.0	614632	1556	0.0
1528270045.44	1000	8.195417	0.0	393715	642	1.0
1528270047.32	2000	10.358177	0.0	840707	1610	1.0
1528270051.09	2000	10.545008	0.0	1279590	3575	2.0
1528270053.26	2000	12.399107	0.0	930828	1932	2.0
1528270056.31	2000	13.325871	0.0	996858	2841	2.0
1528270063.66	2000	9.978902	0.0	950867	7147	2.0
1528270067.05	2000	10.592746	0.0	1285933	3141	2.0
1528270069.3	2000	12.352708	0.0	1049248	2068	2.0
1528270075.8	2000	9.89206	0.0	984261	6275	2.0
1528270082.61	2000	7.05161	0.0	876058	6599	2.0
1528270102.0	600	4.326643	12.632	308899	19106	-55.117599999999996
1528270102.63	350	7.669876	0.0	164741	368	0.09999999999999998
1528270107.82	2000	6.536746	0.0	996451	4943	0.3500000000000001
1528270120.19	2000	4.467339	6.355	660126	12157	-25.3265
1528270121.37	350	7.292907	0.0	198676	920	-1.2999999999999998
1528270121.91	350	10.754015	0.0	115285	351	0.35
1528270122.6	600	14.073462	0.0	305510	488	0.35
1528270124.48	2000	16.199347	0.0	1197901	1655	0.6000000000000001
1528270126.89	4000	17.792388	0.0	1504744	2167	2.0
1528270128.92	4000	19.763218	0.0	1484004	1838	4.0
1528270130.8	4000	21.911131	0.0	1405086	1662	4.0
1528270145.01	4000	11.958406	0.0	891371	13740	4.0
1528270160.43	2000	4.358917	4.028	977347	13947	-17.3204
1528270161.85	350	6.906181	0.0	196841	1195	-1.2999999999999998
1528270165.81	600	7.025915	0.0	261457	3600	0.35
1528270166.8	350	9.954389	0.0	151656	765	0.09999999999999998
1528270168.8	600	11.960129	0.0	344053	1779	0.35
1528270170.6	600	14.146923	0.0	307537	1589	0.6
1528270171.87	600	16.881688	0.0	344697	1055	0.6
1528270173.64	1000	19.111262	0.0	499175	1572	0.6
1528270176.99	2000	19.779293	0.0	788728	3117	1.0
1528270183.56	2000	17.201372	0.0	1165402	6364	2.0
1528270188.52	2000	16.259222	0.0	1123991	4655	2.0
1528270200.78	2000	7.99485	0.0	937434	12042	2.0
1528270201.6	350	11.165813	0.0	154382	621	-1.2999999999999998
1528270203.05	600	13.737112	0.0	357539	1225	0.35
1528270206.6	2000	14.181111	0.0	922947	3328	0.6000000000000001
1528270212.13	2000	12.659835	0.0	1175468	5335	2.0
1528270217.21	2000	11.587686	0.0	903392	4829	2.0
1528270221.84	2000	10.965137	0.0	970351	4431	2.0
1528270226.0	2000	10.795726	0.0	1094905	3964	2.0
1528270231.57	2000	9.251502	0.0	931644	5343	2.0
1528270239.46	2000	5.334417	0.0	854957	7620	2.0
1528270242.9	600	5.93535	0.0	327707	3196	-0.7999999999999999
1528270244.53	350	8.302056	0.0	186151	1363	0.09999999999999998
1528270246.41	600	10.508771	0.0	271734	1569	0.35
1528270248.75	600	12.061744	0.0	313780	2141	0.6
1528270250.36	600	14.499385	0.0	284833	1363	0.6
1528270251.91	600	16.923209	0.0	295589	1339	0.6
1528270253.33	600	19.50671	0.0	331270	1198	0.6
1528270259.41	2000	17.419279	0.0	1181202	5875	0.6000000000000001
1528270261.47	2000	19.374302	0.0	660582	1793	2.0
1528270262.87	2000	21.979299	0.0	297985	1181	2.0
1528270266.57	2000	22.282286	0.0	1188866	3486	2.0
1528270269.32	4000	23.533463	0.0	1316739	2539	2.0
1528270271.98	4000	24.864396	0.0	1373312	2468	4.0
1528270273.69	4000	27.194949	0.0	458410	1485	4.0
1528270302.56	600	3.994987	-52.644	1680951	19897	223.56919999999997
1528270303.55	350	6.977953	0.0	219272	604	0.09999999999999998
1528270304.45	600	10.087067	0.0	246858	623	0.35
1528270307.52	2000	11.023218	0.0	1150093	2785	0.6000000000000001
1528270311.2	4000	11.344344	0.0	1400042	3444	2.0
1528270320.75	4000	5.78037	0.0	1792609	9344	4.0
1528270323.13	1000	7.397963	0.0	393715	2059	-2.0
1528270324.52	600	10.063789	0.0	270621	1140	0.19999999999999996
1528270326.05	600	12.485099	0.0	327839	1338	0.6
1528270328.47	600	14.086114	0.0	334864	2180	0.6
1528270335.14	600	11.410367	0.0	313171	6433	0.6
1528270336.91	600	13.675172	0.0	253682	1482	0.6
1528270338.93	600	15.641367	0.0	348331	1818	0.6
1528270340.77	600	17.784364	0.0	319047	1650	0.6
1528270343.12	600	19.474291	0.0	311275	2116	0.6
1528270347.11	2000	19.454746	0.0	876058	3799	0.6000000000000001
1528270352.56	2000	18.007362	0.0	1054391	5254	2.0
1528270355.8	2000	18.795806	0.0	875132	2951	2.0
1528270374.0	4000	4.599234	0.0	1642869	17970	2.0
1528270378.91	350	4.330425	0.343	131632	2409	-4.7749
1528270380.1	350	6.772879	0.0	198676	272	0.35
1528270380.87	1000	10.065203	0.0	337637	552	0.35
1528270383.12	2000	11.816508	0.0	949274	2063	1.0
1528270386.94	2000	11.996394	0.0	1197901	3625	2.0
1528270389.53	4000	13.418998	0.0	1504744	2383	2.0
1528270392.87	4000	14.086333	0.0	1484004	3121	4.0
1528270395.37	4000	15.591255	0.0	1405086	2280	4.0
1528270397.01	4000	17.944022	0.0	891371	1436	4.0
1528270398.98	4000	19.980411	0.0	1401736	1736	4.0
1528270401.46	4000	21.499714	0.0	1743545	2274	4.0
1528270403.2	4000	23.771202	0.0	1084561	1510	4.0
1528270405.09	4000	25.885194	0.0	1099310	1680	4.0
1528270408.54	4000	26.427781	0.0	1789869	3256	4.0
1528270411.17	4000	27.80071	0.0	1675658	2416	4.0
1528270414.52	4000	28.470283	0.0	1636106	3118	4.0
1528270416.94	4000	30.042307	0.0	1492615	2214	4.0
1528270420.01	4000	30.9882	0.0	1200522	2647	4.0
1528270426.74	4000	28.258573	0.0	1787763	6502	4.0
1528270429.08	4000	29.916421	0.0	1690817	2071	4.0
1528270431.01	4000	31.994072	0.0	1459339	1727	4.0
1528270432.68	4000	34.316718	0.0	1250444	1473	4.0
1528270434.89	4000	36.122454	0.0	1691788	2000	4.0
1528270437.1	4000	37.922479	0.0	1403315	1993	4.0
1528270451.69	4000	27.357862	0.0	1732710	14345	4.0
1528270468.01	4000	15.019004	0.0	1270067	15897	4.0
1528270479.58	4000	7.48573	0.0	1514363	11246	4.0
1528270486.94	2000	4.280174	0.183	1094905	7051	-0.7868999999999999
1528270490.58	2000	4.653033	0.0	931644	3432	2.0
1528270494.03	2000	5.199685	0.0	854957	3231	2.0
1528270498.39	2000	4.834903	0.0	1179875	4139	2.0
1528270504.39	2000	4.478288	1.611	978233	5762	-4.927299999999999
1528270511.73	2000	4.343422	2.915	794797	6727	-10.5345
1528270514.95	600	4.7637	0.0	313780	2912	-0.7999999999999999
1528270516.34	350	7.43013	0.0	173011	1059	0.09999999999999998
1528270518.6	600	9.17214	0.0	295589	2002	0.35
1528270521.89	600	9.909653	0.0	331270	3062	0.6
1528270523.92	350	11.896681	0.0	176856	1789	0.09999999999999998
1528270528.02	600	11.774013	0.0	224531	3876	0.35
1528270529.41	350	14.40304	0.0	57015	1121	0.09999999999999998
1528270535.5	600	12.298998	0.0	385537	5819	0.35
1528270539.56	600	12.233899	0.0	306688	3717	0.6
1528270541.21	350	14.60649	0.0	184405	1379	0.09999999999999998
1528270541.97	600	17.845992	0.0	95847	510	0.35
1528270542.52	600	21.284442	0.0	78651	306	0.6
1528270544.71	2000	23.115303	0.0	445973	1983	0.6000000000000001

1528270548.6	600	4.003999	2.819	604139	2746	-12.121699999999999
1528270549.68	350	6.943057	0.0	219272	820	0.09999999999999998
1528270551.28	600	9.351225	0.0	246858	1312	0.35
1528270552.37	350	12.288546	0.0	204651	799	0.09999999999999998
1528270553.48	600	15.130498	0.0	264156	937	0.35
1528270554.87	600	17.752661	0.0	371586	1200	0.6
1528270557.52	2000	19.180441	0.0	763515	2343	0.6000000000000001
1528270560.14	2000	20.492762	0.0	840707	2422	2.0
1528270564.62	2000	20.026099	0.0	1279590	4235	2.0
1528270569.2	2000	19.456586	0.0	930828	4346	2.0
1528270576.19	2000	16.455827	0.0	996858	6807	2.0
1528270579.45	2000	17.192265	0.0	950867	3023	2.0
1528270584.37	2000	16.294185	0.0	1285933	4722	2.0
1528270588.4	2000	16.256232	0.0	1049248	3820	2.0
1528270591.95	2000	16.722364	0.0	984261	3320	2.0
1528270595.42	2000	17.276507	0.0	876058	3253	2.0
1528270599.47	2000	17.196163	0.0	1054391	3876	2.0
1528270605.09	2000	15.595053	0.0	875132	5409	2.0
1528270609.23	2000	15.467317	0.0	996451	3873	2.0
1528270612.44	2000	16.250433	0.0	660126	3022	2.0
1528270618.7	2000	13.987754	0.0	1032091	6075	2.0
1528270621.65	2000	15.037956	0.0	626844	2771	2.0
1528270624.55	2000	16.132184	0.0	949274	2692	2.0
1528270627.38	2000	17.327205	0.0	1197901	2629	2.0
1528270630.83	2000	17.88733	0.0	1001670	3252	2.0
1528270633.81	2000	18.89862	0.0	994288	2775	2.0
1528270636.75	2000	19.952689	0.0	925341	2744	2.0
1528270638.53	2000	22.187772	0.0	623084	1579	2.0
1528270641.51	2000	23.210147	0.0	977347	2795	2.0
1528270646.55	4000	22.172749	0.0	1743545	4803	2.0
1528270650.02	4000	22.71286	0.0	1084561	3205	4.0
1528270652.95	4000	23.783037	0.0	1099310	2710	4.0
1528270657.93	4000	22.795696	0.0	1789869	4786	4.0
1528270663.37	4000	21.393882	0.0	1675658	5176	4.0
1528270668.8	4000	19.945652	0.0	1636106	5111	4.0
1528270673.61	4000	19.143053	0.0	1492615	4615	4.0
1528270677.2	4000	19.553237	0.0	1200522	3386	4.0
1528270682.87	4000	17.877865	0.0	1787763	5475	4.0
1528270688.77	4000	15.993698	0.0	1690817	5629	4.0
1528270697.94	4000	10.868793	0.0	1459339	8887	4.0
1528270710.71	2000	4.263423	2.063	804808	12356	-8.870899999999999
1528270716.16	600	4.345742	1.557	357539	5053	-7.495099999999999
1528270716.88	350	7.561894	0.0	175870	452	0.09999999999999998
1528270720.15	2000	8.246805	0.0	1175468	3015	0.3500000000000001
1528270721.59	2000	10.813714	0.0	903392	1226	2.0
1528270723.8	4000	12.610897	0.0	1514363	2005	2.0
1528270726.1	4000	14.310112	0.0	1615320	2071	4.0
1528270728.45	4000	15.964604	0.0	1507682	2143	4.0
1528270730.38	4000	18.047691	0.0	1260622	1717	4.0
1528270736.22	4000	16.202307	0.0	1784654	5618	4.0
1528270739.13	4000	17.30389	0.0	1352160	2654	4.0
1528270741.79	4000	18.645388	0.0	1115913	2457	4.0
1528270745.85	4000	18.584472	0.0	1637646	3853	4.0
1528270749.88	4000	18.571226	0.0	1546975	3810	4.0
1528270755.02	4000	17.414949	0.0	1637443	4888	4.0
1528270759.42	4000	17.03348	0.0	1475444	4144	4.0
1528270765.85	4000	14.602545	0.0	1616179	6222	4.0
1528270768.49	4000	15.987352	0.0	1113960	2389	4.0
1528270769.55	4000	18.913946	0.0	466635	833	4.0
1528270773.45	4000	19.036366	0.0	1727956	3656	4.0
1528270777.36	4000	19.146283	0.0	1316739	3655	4.0
1528270781.67	4000	18.827223	0.0	1373312	4073	4.0
1528270783.45	4000	21.042324	0.0	458410	1566	4.0
1528270852.88	600	4.003999	0.064	1680951	6408	-3.0751999999999997
1528270855.06	600	5.86337	0.0	370284	1893	0.6
1528270858.21	600	6.696356	0.0	246858	2887	0.6
1528270859.41	600	9.509639	0.0	357922	1003	0.6
1528270860.51	600	12.426699	0.0	264156	883	0.6
1528270863.52	2000	13.432743	0.0	1237428	2705	0.6000000000000001
1528270866.25	4000	14.684732	0.0	1213669	2502	2.0
1528270870.11	4000	14.824155	0.0	1191552	3645	4.0
1528270875.57	4000	13.376076	0.0	1888982	5234	4.0
1528270879.54	4000	13.404523	0.0	1381292	3699	4.0
1528270884.86	4000	12.097884	0.0	1593129	5097	4.0
1528270888.0	4000	12.951862	0.0	1384566	2935	4.0
1528270895.35	4000	9.607496	0.0	1918298	7136	4.0
1528270900.88	4000	8.073074	0.0	1605664	5268	4.0
1528270910.91	4000	4.32259	2.174	1356382	9698	-5.3481999999999985
1528270913.2	2000	5.980461	0.0	876058	1978	0.0
1528270916.98	2000	6.158416	0.0	1054391	3523	2.0
1528270969.54	2000	4.254136	45.696	875132	51392	-194.4928
1528270972.7	1000	4.635722	0.0	552256	2226	0.0
1528270974.54	1000	6.333766	0.0	303234	1162	1.0
1528270976.02	1000	8.854878	0.0	522859	1241	1.0
1528270978.09	2000	10.786378	0.0	626844	1794	1.0
1528270981.22	4000	11.626288	0.0	1284104	2903	2.0
1528270990.33	4000	6.669534	0.0	1692271	8745	4.0
1528270994.85	4000	6.039703	0.0	1504744	3940	4.0
1528270998.01	4000	6.845246	0.0	1484004	2958	4.0
1528271008.39	4000	4.484773	3.977	1405086	10129	-13.101099999999999
1528271030.55	2000	4.465664	16.844	623084	20561	-72.4292
1528271034.13	350	4.313696	0.801	203211	1017	-4.744299999999999
1528271036.84	350	5.653554	0.0	196841	2504	0.35
1528271041.0	350	5.539387	0.0	161524	3874	0.35
1528271044.77	350	6.08349	0.0	151656	3166	0.35
1528271047.63	350	6.833889	0.0	182521	2634	0.35
1528271049.11	350	9.416764	0.0	172804	1288	0.35
1528271050.15	350	12.376022	0.0	211407	825	0.35
1528271050.95	600	15.587089	0.0	301834	574	0.35
1528271052.33	2000	18.198118	0.0	788728	1206	0.6000000000000001
1528271055.0	4000	19.525743	0.0	1787763	2482	2.0
1528271057.31	4000	21.220587	0.0	1690817	2120	4.0
1528271059.23	4000	23.312871	0.0	1459339	1724	4.0
1528271082.3	4000	5.562369	0.0	1250444	21547	4.0
1528271087.03	350	4.418521	0.902	206330	4290	-7.178599999999999
1528271088.08	350	7.397488	0.0	175870	805	0.35
1528271088.77	350	10.704449	0.0	178679	452	0.35
1528271096.55	2000	7.42931	0.0	903392	7036	0.3500000000000001
1528271098.65	600	8.767233	0.0	290952	1921	-0.7999999999999999
1528271099.61	350	11.879345	0.0	189473	746	0.09999999999999998
1528271100.57	600	14.8961	0.0	285965	777	0.35
1528271103.79	2000	15.696924	0.0	854957	2974	0.6000000000000001
1528271110.58	2000	12.917038	0.0	1179875	6569	2.0
1528271115.18	2000	12.317392	0.0	978233	4304	2.0
1528271127.61	3000	4.359622	0.143	1115913	11868	1.3851
1528271132.16	2000	4.257321	0.829	1073857	4253	-2.5646999999999998
1528271135.52	2000	4.942615	0.0	942081	3155	2.0
1528271140.87	2000	4.346688	0.725	1074761	5119	-1.1175000000000002
1528271146.75	2000	4.326107	1.862	1033448	5605	-6.006599999999999
1528271149.49	600	4.003999	-78.829	361158	1545	338.16470000000004
1528271150.6	350	6.889973	0.0	219272	819	0.09999999999999998
1528271151.7	600	9.801644	0.0	246858	913	0.35
1528271153.24	600	12.245291	0.0	357922	1353	0.6
1528271154.38	600	15.118438	0.0	264156	935	0.6
1528271162.89	2000	10.624986	0.0	1237428	8224	0.6000000000000001
1528271169.51	2000	8.00408	0.0	763515	6333	2.0
1528271175.57	2000	6.003922	0.0	840707	5805	2.0
1528271177.9	600	7.630022	0.0	327839	2115	-0.7999999999999999
1528271179.73	600	9.804237	0.0	334864	1624	0.6
1528271180.97	600	12.556882	0.0	313171	1025	0.6
1528271186.05	2000	11.474102	0.0	950867	4869	0.6000000000000001
1528271190.53	2000	11.007078	0.0	1285933	4270	2.0
1528271195.52	4000	10.015094	0.0	1605664	4721	2.0
1528271198.22	4000	11.34042	0.0	1356382	2474	4.0
1528271201.14	4000	12.414328	0.0	1278860	2700	4.0
1528271222.14	4000	4.316089	8.454	1580165	20323	-32.352199999999996
1528271229.31	350	4.271186	3.616	164741	3458	-18.8488
1528271230.02	350	7.635469	0.0	179442	482	0.35
1528271230.8	600	10.993356	0.0	207573	378	0.35
1528271235.37	2000	10.315965	0.0	1032091	4239	0.6000000000000001
1528271237.3	2000	12.355886	0.0	626844	1700	2.0
1528271240.72	4000	12.929621	0.0	1284104	3209	2.0
1528271250.56	4000	7.07994	0.0	1692271	9653	4.0
1528271263.31	4000	4.41898	6.063	1504744	12477	-22.070899999999998
1528271269.52	2000	4.486206	2.278	994288	5942	-9.795399999999999
1528271271.8	600	6.19715	0.0	298034	2071	-0.7999999999999999
1528271272.51	350	9.507532	0.0	109489	506	0.09999999999999998
1528271274.17	600	11.839538	0.0	327636	1479	0.35
1528271275.74	600	14.28337	0.0	354076	1369	0.6
1528271278.12	1000	15.910353	0.0	394056	2103	0.6
1528271280.03	600	17.999341	0.0	272419	1678	0.19999999999999996
1528271284.87	2000	17.149899	0.0	1285071	4606	0.6000000000000001
1528271306.85	4000	4.296118	4.632	1675658	21268	-17.9176
1528271307.69	350	6.934781	0.0	211407	609	-3.3
1528271308.48	600	10.233242	0.0	301834	537	0.35
1528271311.0	2000	12.472075	0.0	788728	1507	0.6000000000000001
1528271316.26	4000	10.424203	0.0	1787763	4977	2.0
1528271318.09	2000	12.593257	0.0	1123991	1606	0.0
1528271321.51	4000	13.189353	0.0	1459339	3173	2.0
1528271323.72	4000	14.972388	0.0	1250444	2019	4.0
1528271326.5	4000	16.192417	0.0	1691788	2526	4.0
1528271328.5	4000	18.199898	0.0	1403315	1781	4.0
1528271331.12	4000	19.585295	0.0	1732710	2424	4.0
1528271333.28	4000	21.435238	0.0	1270067	1957	4.0
1528271336.02	4000	22.696239	0.0	1514363	2529	4.0
1528271339.0	4000	23.708292	0.0	1615320	2762	4.0
1528271341.71	4000	25.040319	0.0	1507682	2471	4.0
1528271344.2	4000	26.518246	0.0	1260622	2272	4.0
1528271348.23	4000	26.500133	0.0	1784654	3813	4.0
1528271354.47	4000	24.267377	0.0	1352160	6032	4.0
1528271356.23	4000	26.513867	0.0	1115913	1471	4.0
1528271358.39	4000	28.351779	0.0	1637646	1951	4.0
1528271360.45	4000	30.31525	0.0	1546975	1830	4.0
1528271362.62	4000	32.137338	0.0	1637443	1947	4.0
1528271364.59	4000	34.160724	0.0	1475444	1754	4.0
1528271372.63	4000	30.117284	0.0	1616179	7827	4.0
1528271389.23	4000	18.321128	0.0	1113960	15490	4.0
1528271394.31	4000	16.401621	0.0	466635	4728	4.0
1528271408.31	4000	6.502329	0.0	1727956	13745	4.0
1528271414.56	2000	4.285822	0.07	910001	5885	-0.30099999999999993
1528271416.17	600	6.672648	0.0	310705	1383	-0.7999999999999999
1528271416.62	350	10.232926	0.0	61936	240	0.09999999999999998
1528271417.19	600	13.675113	0.0	78651	369	0.35
1528271418.02	600	16.849835	0.0	162260	578	0.6

1528271421.6	600	4.003999	2.519	604139	2427	-10.8317
1528271423.1	600	6.504676	0.0	370284	1231	0.6
1528271424.08	600	9.514289	0.0	246858	785	0.6
1528271425.62	600	12.020966	0.0	357922	1305	0.6
1528271426.81	600	14.788474	0.0	264156	1009	0.6
1528271431.61	2000	14.01512	0.0	1237428	4510	0.6000000000000001
1528271438.06	2000	11.56525	0.0	763515	6227	2.0
1528271444.64	2000	9.037025	0.0	840707	6201	2.0
1528271458.8	2000	4.287077	5.447	1279590	13926	-21.422099999999997
1528271461.63	350	5.472153	0.0	193362	2483	-1.2999999999999998
1528271465.23	350	5.849717	0.0	189146	3356	0.35
1528271467.52	350	7.582328	0.0	153391	2021	0.35
1528271469.03	350	10.061375	0.0	195591	1288	0.35
1528271470.38	350	12.699766	0.0	177177	1154	0.35
1528271471.89	600	15.2016	0.0	311275	1254	0.35
1528271473.42	600	17.687003	0.0	282933	1328	0.6
1528271475.32	600	19.774038	0.0	308899	1720	0.6
1528271479.18	2000	19.927455	0.0	875132	3649	0.6000000000000001
1528271483.04	2000	20.150879	0.0	996451	3586	2.0
1528271485.27	2000	21.841388	0.0	660126	2037	2.0
1528271490.25	4000	21.270036	0.0	1416000	4274	2.0
1528271493.38	4000	21.686793	0.0	865548	2975	4.0
1528271500.53	4000	18.617312	0.0	1284104	6947	4.0
1528271508.07	4000	15.070631	0.0	1692271	7273	4.0
1528271513.74	4000	13.394243	0.0	1504744	5458	4.0
1528271519.18	4000	11.951139	0.0	1484004	5253	4.0
1528271524.54	4000	10.600742	0.0	1405086	5095	4.0
1528271528.06	3000	11.087813	0.0	891371	3327	2.0
1528271535.93	4000	7.2417	0.0	1401736	7643	3.0
1528271541.0	2000	6.16377	0.0	1184694	4797	0.0
1528271545.94	2000	5.216655	0.0	766276	4753	2.0
1528271547.44	600	7.732604	0.0	272419	1292	-0.7999999999999999
1528271549.01	600	10.170138	0.0	344053	1374	0.6
1528271550.88	600	12.301356	0.0	307537	1673	0.6
1528271552.16	600	15.024141	0.0	344697	1068	0.6
1528271554.22	2000	16.960661	0.0	1078945	1855	0.6000000000000001
1528271556.31	2000	18.874664	0.0	788728	1893	2.0
1528271562.04	4000	17.158748	0.0	1787763	5493	2.0
1528271567.06	4000	16.142718	0.0	1690817	4754	4.0
1528271571.38	4000	15.809237	0.0	1459339	4142	4.0
1528271575.05	4000	16.14351	0.0	1250444	3480	4.0
1528271579.93	4000	15.277286	0.0	1691788	4666	4.0
1528271583.84	4000	15.360384	0.0	1403315	3709	4.0
1528271588.97	4000	14.24944	0.0	1732710	4914	4.0
1528271593.32	4000	13.89804	0.0	1270067	4073	4.0
1528271598.22	4000	12.992803	0.0	1514363	4700	4.0
1528271603.34	4000	11.882193	0.0	1615320	4919	4.0
1528271608.19	4000	11.050115	0.0	1507682	4485	4.0
1528271612.56	4000	10.679764	0.0	1260622	4137	4.0
1528271618.49	4000	8.7544	0.0	1784654	5688	4.0
1528271630.17	4000	4.397615	3.26	1352160	11380	-10.018
1528271643.72	2000	4.408221	9.629	794797	13190	-41.4047
1528271645.06	350	7.117428	0.0	172026	1013	-1.2999999999999998
1528271646.06	350	10.081568	0.0	173011	786	0.35
1528271647.3	600	12.869392	0.0	295589	1021	0.35
1528271649.32	2000	14.869365	0.0	1033448	1749	0.6000000000000001
1528271651.15	2000	17.015215	0.0	1181202	1613	2.0
1528271652.84	4000	19.340342	0.0	1113960	1424	2.0
1528271653.66	4000	22.504476	0.0	466635	606	4.0
1528271656.32	4000	23.836293	0.0	1727956	2430	4.0
1528271658.28	4000	25.889821	0.0	1316739	1727	4.0
1528271662.65	4000	25.514182	0.0	1373312	4180	4.0
1528271664.26	4000	27.927587	0.0	458410	1386	4.0
1528271726.11	600	4.003999	-14.478	1680951	6272	59.4554
1528271727.37	350	6.779954	0.0	219272	967	0.09999999999999998
1528271727.96	350	10.219482	0.0	134208	338	0.35
1528271729.18	600	12.970088	0.0	357922	916	0.35
1528271731.14	2000	15.034029	0.0	902304	1663	0.6000000000000001
1528271735.2	4000	14.989542	0.0	1792609	3803	2.0
1528271738.34	4000	15.843791	0.0	1213669	2887	4.0
1528271741.25	4000	16.906654	0.0	1191552	2701	4.0
1528271749.65	4000	12.519587	0.0	1888982	8190	4.0
1528271754.87	4000	11.310085	0.0	1381292	4947	4.0
1528271768.35	4000	4.302485	2.475	1593129	13259	-6.6425
1528271769.36	350	7.30651	0.0	153391	735	-3.3
1528271773.59	600	7.072474	0.0	348331	3985	0.35
1528271774.8	600	9.858724	0.0	319047	1010	0.6
1528271775.71	600	12.943209	0.0	311275	727	0.6
1528271780.99	2000	11.684013	0.0	876058	5057	0.6000000000000001
1528271787.83	2000	8.850396	0.0	1054391	6528	2.0
1528271790.09	2000	10.587686	0.0	875132	2052	2.0
1528271794.04	3000	10.641803	0.0	1642869	3726	2.0
1528271796.84	4000	11.850731	0.0	928190	2596	3.0
1528271801.04	4000	11.645864	0.0	1416000	3985	4.0
1528271803.7	4000	12.990367	0.0	865548	2442	4.0
1528271807.32	4000	13.386684	0.0	1284104	3408	4.0
1528271813.03	4000	11.673759	0.0	1692271	5499	4.0
1528271816.77	4000	11.938708	0.0	1504744	3454	4.0
1528271822.74	4000	9.964756	0.0	1484004	5752	4.0
1528271828.51	4000	8.202409	0.0	1405086	4997	4.0
1528271831.59	4000	9.134697	0.0	891371	2879	4.0
1528271840.71	4000	4.346483	0.332	1401736	8902	2.5724
1528271893.63	4000	4.433417	48.984	1743545	52634	-206.63119999999998
1528271900.57	2000	4.420566	2.93	766276	6596	-12.599
1528271902.92	3000	6.140628	0.0	1099310	2046	2.0
1528271908.05	4000	4.961227	0.0	1789869	4886	3.0
1528271912.15	4000	4.825418	0.0	1675658	3894	4.0
1528271921.84	4000	4.36255	5.193	1636106	9445	-18.3299
1528271925.19	4000	4.990721	0.0	1492615	3072	4.0
1528271931.82	4000	4.316457	1.946	1200522	6421	-4.367799999999999
1528271964.45	4000	4.246181	25.322	1787763	29093	-104.88459999999999
1528271968.99	350	4.346396	3.89	175461	4241	-20.026999999999997
1528271973.19	350	4.508353	0.0	184494	3547	0.35
1528271979.06	2000	4.492974	2.243	804808	5547	-9.2949
1528271981.3	2000	6.306667	0.0	1178153	1977	2.0
1528271983.57	3000	8.095666	0.0	1403315	2016	2.0
1528271985.95	4000	9.700083	0.0	1732710	2164	3.0
1528271987.69	4000	11.950544	0.0	1270067	1515	4.0
1528272013.51	4000	4.2574	13.892	1514363	25365	-55.7356
1528272016.31	350	5.165258	0.0	189473	2357	-3.3
1528272017.0	350	8.59739	0.0	172737	413	0.35
1528272018.58	600	11.036883	0.0	266844	1261	0.35
1528272029.68	600	3.998654	-107.956	1184008	5495	464.81080000000003
1528272030.56	350	7.106183	0.0	219272	624	0.09999999999999998
1528272031.36	350	10.321666	0.0	134208	570	0.35
1528272032.88	600	12.781887	0.0	357922	1278	0.35
1528272038.57	2000	11.101614	0.0	902304	5479	0.6000000000000001
1528272044.12	2000	9.562272	0.0	1237428	5266	2.0
1528272046.28	1000	11.402431	0.0	393715	1883	0.0
1528272053.16	600	8.668779	0.0	270621	6522	0.19999999999999996
1528272056.07	350	9.691856	0.0	193697	2512	0.09999999999999998
1528272059.73	600	9.955632	0.0	334864	3440	0.35
1528272061.16	600	12.544679	0.0	313171	1227	0.6
1528272062.22	600	15.482904	0.0	253682	869	0.6
1528272067.63	2000	14.074066	0.0	1285933	5200	0.6000000000000001
1528272073.36	2000	12.364737	0.0	1049248	5499	2.0
1528272078.17	2000	11.545678	0.0	984261	4515	2.0
1528272081.65	2000	12.086679	0.0	876058	3260	2.0
1528272086.94	2000	10.797704	0.0	1054391	5061	2.0
1528272093.96	2000	7.789749	0.0	875132	6707	2.0
1528272097.44	600	8.309386	0.0	307870	3235	-0.7999999999999999
1528272099.44	350	10.98428	0.0	131632	3	0.09999999999999998
1528272108.15	4000	5.556624	0.0	1416000	8420	0.3500000000000001
1528272112.87	4000	4.883398	0.0	865548	4418	4.0
1528272116.9	2000	4.837426	0.0	949274	3817	0.0
1528272117.72	350	8.031934	0.0	181978	619	-1.2999999999999998
1528272118.33	350	11.425658	0.0	200708	410	0.35
1528272119.2	350	14.560151	0.0	177663	674	0.35
1528272120.2	350	17.563458	0.0	176815	792	0.35
1528272121.34	600	20.419531	0.0	195290	951	0.35
1528272123.74	2000	22.045836	0.0	977347	2186	0.6000000000000001
1528272127.01	4000	22.757241	0.0	1743545	3041	2.0
1528272129.82	4000	24.008131	0.0	1084561	2537	4.0
1528272140.55	4000	17.535785	0.0	1099310	10183	4.0
1528272159.75	4000	4.379971	2.316	1789869	18578	-5.9588
1528272160.54	350	7.572883	0.0	172804	504	-3.3
1528272161.56	600	10.544651	0.0	344697	820	0.35
1528272166.34	2000	9.785102	0.0	1078945	4561	0.6000000000000001
1528272168.61	2000	11.501548	0.0	788728	2064	2.0
1528272172.98	2000	11.140537	0.0	1165402	4165	2.0
1528272180.83	2000	7.290586	0.0	1123991	7648	2.0
1528272183.26	1000	8.852415	0.0	476697	2162	0.0
1528272186.06	600	10.066285	0.0	260969	2610	0.19999999999999996
1528272191.6	350	8.557597	0.0	206330	5279	0.09999999999999998
1528272192.92	350	11.203368	0.0	175870	1050	0.35
1528272194.12	350	14.005205	0.0	178679	1022	0.35
1528272196.47	600	15.818686	0.0	292593	2014	0.35
1528272198.18	600	17.984639	0.0	290952	1449	0.6
1528272200.54	600	19.627355	0.0	325914	1761	0.6
1528272203.13	1000	21.026542	0.0	541979	2393	0.6
1528272207.93	2000	20.242065	0.0	854957	4571	1.0
1528272211.84	2000	20.315638	0.0	1179875	3716	2.0
1528272222.09	4000	14.07935	0.0	1352160	10037	2.0
1528272236.75	4000	4.269473	0.841	1115913	14306	0.38370000000000015
1528272237.33	350	7.69229	0.0	172026	298	-3.3
1528272239.42	2000	9.67343	0.0	942081	1801	0.3500000000000001
1528272244.94	4000	8.123958	0.0	1637443	5297	2.0
1528272247.38	4000	9.651018	0.0	1475444	2228	4.0
1528272250.77	4000	10.253565	0.0	1616179	3186	4.0
1528272252.79	4000	12.234388	0.0	1113960	1820	4.0
1528272253.85	4000	15.184605	0.0	466635	862	4.0
1528272256.28	4000	16.763221	0.0	1727956	2213	4.0
1528272258.24	4000	18.815586	0.0	1316739	1753	4.0
1528272260.39	4000	20.671914	0.0	1373312	1931	4.0
1528272261.33	4000	23.71705	0.0	458410	755	4.0
1528272261.93	4000	27.135277	0.0	320487	409	4.0
1528272262.95	4000	30.112228	0.0	573826	835	4.0

1528272265.41	600	3.995785	1.577	604139	1484	-6.7810999999999995
1528272267.36	2000	6.015187	0.0	1123706	1708	0.6000000000000001
1528272268.77	2000	8.620527	0.0	854424	1216	2.0
1528272271.22	2000	10.164698	0.0	1150093	2248	2.0
1528272272.96	2000	12.435989	0.0	902304	1487	2.0
1528272275.58	2000	13.81897	0.0	1237428	2426	2.0
1528272282.42	2000	11.453664	0.0	763515	5333	2.0
1528272283.18	1000	14.171805	0.0	428426	567	0.0
1528272284.97	2000	16.449141	0.0	1279590	1580	1.0
1528272286.91	4000	18.533822	0.0	1381292	1646	2.0
1528272288.99	4000	20.428919	0.0	1593129	1888	4.0
1528272290.87	4000	22.586121	0.0	1384566	1650	4.0
1528272293.36	4000	24.064364	0.0	1918298	2280	4.0
1528272302.5	4000	18.941734	0.0	1605664	8916	4.0
1528272321.79	4000	4.307198	0.634	1356382	18934	1.2738
1528272323.68	350	6.42108	0.0	155030	1509	-3.3
1528272325.37	350	8.712085	0.0	185660	1462	0.35
1528272326.42	350	11.688751	0.0	164741	829	0.35
1528272328.2	600	13.884911	0.0	307870	1516	0.35
1528272330.17	600	15.973456	0.0	207573	1690	0.6
1528272333.05	600	17.103456	0.0	354546	2626	0.6
1528272340.17	2000	13.947823	0.0	626844	6861	0.6000000000000001
1528272344.95	2000	13.169874	0.0	949274	4502	2.0
1528272349.73	2000	12.368561	0.0	1197901	4576	2.0
1528272353.2	2000	12.904013	0.0	1001670	3253	2.0
1528272357.1	2000	13.000446	0.0	994288	3716	2.0
1528272363.09	2000	11.028158	0.0	925341	5792	2.0
1528272369.14	2000	9.001983	0.0	623084	5775	2.0
1528272372.42	600	9.761147	0.0	327636	3015	-0.7999999999999999
1528272374.8	600	11.392347	0.0	354076	2095	0.6
1528272377.27	600	12.880518	0.0	261457	2231	0.6
1528272380.39	600	13.753238	0.0	272419	2902	0.6
1528272386.33	600	11.816702	0.0	344053	5733	0.6
1528272389.23	350	12.90877	0.0	172804	2630	0.09999999999999998
1528272392.74	350	13.416406	0.0	211407	3301	0.35
1528272395.67	350	14.490411	0.0	171710	2671	0.35
1528272397.49	600	16.673151	0.0	261403	1591	0.35
1528272399.55	600	18.635957	0.0	332467	1818	0.6
1528272401.22	600	20.939404	0.0	324205	1480	0.6
1528272405.64	2000	20.533525	0.0	937434	4215	0.6000000000000001
1528272409.32	2000	20.852677	0.0	804808	3477	2.0
1528272413.34	2000	20.859694	0.0	1178153	3785	2.0
1528272416.32	2000	21.865086	0.0	922947	2775	2.0
1528272420.22	2000	22.000916	0.0	1175468	3658	2.0
1528272426.1	4000	20.084983	0.0	1270067	5655	2.0
1528272434.5	4000	15.682959	0.0	1514363	8158	4.0
1528272440.59	4000	13.604905	0.0	1615320	5888	4.0
1528272446.22	4000	11.989231	0.0	1507682	5374	4.0
1528272449.47	2000	12.768746	0.0	854957	3005	0.0
1528272453.94	2000	12.261452	0.0	1179875	4279	2.0
1528272458.67	2000	11.533209	0.0	978233	4534	2.0
1528272464.37	2000	9.851281	0.0	794797	5505	2.0
1528272468.95	2000	9.270333	0.0	1073857	4323	2.0
1528272474.74	2000	7.492013	0.0	942081	5574	2.0
1528272479.89	2000	6.332035	0.0	1074761	4965	2.0
1528272481.92	2000	8.306829	0.0	1033448	1806	2.0
1528272485.23	2000	9.008286	0.0	1181202	3090	2.0
1528272487.7	2000	10.536478	0.0	660582	2275	2.0
1528272488.67	2000	13.582019	0.0	297985	773	2.0
1528272492.57	2000	13.669489	0.0	1188866	3697	2.0
1528272495.15	2000	15.099523	0.0	910001	2380	2.0
1528272498.08	2000	16.169447	0.0	974311	2735	2.0
1528272499.51	4000	18.737769	0.0	458410	1259	2.0
1528272576.37	600	4.003999	8.091	1680951	10206	-37.59129999999999
1528272577.23	600	7.301826	0.0	370284	576	0.6
1528272578.78	2000	9.811138	0.0	854424	1142	0.6000000000000001
1528272581.15	4000	11.370073	0.0	1684293	2163	2.0
1528272583.18	4000	13.321007	0.0	1400042	1839	4.0
1528272585.91	4000	14.606079	0.0	1792609	2494	4.0
1528272588.0	4000	16.52561	0.0	1213669	1875	4.0
1528272592.69	4000	15.818747	0.0	1191552	4498	4.0
1528272596.63	4000	15.901238	0.0	1888982	3717	4.0
1528272599.81	4000	16.725724	0.0	1381292	2939	4.0
1528272603.88	4000	16.659462	0.0	1593129	3844	4.0
1528272607.64	4000	16.896174	0.0	1384566	3560	4.0
1528272613.0	4000	15.542647	0.0	1918298	5164	4.0
1528272619.97	4000	12.633764	0.0	1605664	6639	4.0
1528272624.1	4000	12.469465	0.0	1356382	3911	4.0
1528272626.75	4000	13.806527	0.0	1278860	2422	4.0
1528272630.41	4000	14.144905	0.0	1580165	3404	4.0
1528272634.3	4000	14.262431	0.0	1315506	3660	4.0
1528272639.43	4000	13.123443	0.0	1642869	4929	4.0
1528272643.02	4000	13.56051	0.0	928190	3325	4.0
1528272647.12	4000	13.464213	0.0	1416000	3878	4.0
1528272650.45	4000	14.133727	0.0	865548	3121	4.0
1528272655.51	4000	13.088809	0.0	1284104	4826	4.0
1528272659.59	4000	13.022403	0.0	1692271	3836	4.0
1528272662.68	4000	13.911252	0.0	1504744	2898	4.0
1528272666.65	4000	13.94886	0.0	1484004	3751	4.0
1528272670.16	4000	14.454762	0.0	1405086	3293	4.0
1528272673.91	4000	14.710248	0.0	891371	3508	4.0
1528272680.06	4000	12.542862	0.0	1401736	5917	4.0
1528272692.6	4000	4.368867	0.324	1743545	12226	2.6068
1528272696.85	2000	4.440396	0.164	766276	3844	-0.7052
1528272702.82	2000	4.359734	2.088	834528	5778	-6.978399999999999
1528272706.82	2000	4.779072	0.0	1285071	3331	2.0
1528272714.78	2000	4.456599	4.041	1017030	7767	-15.3763
1528272716.06	600	7.170707	0.0	344697	992	-0.7999999999999999
1528272717.28	600	9.957504	0.0	301834	1016	0.6
1528272719.02	2000	12.297591	0.0	788728	1467	0.6000000000000001
1528272723.32	4000	11.934602	0.0	1787763	4078	2.0
1528272728.64	4000	10.618604	0.0	1690817	5103	4.0
1528272732.91	4000	10.364042	0.0	1459339	4053	4.0
1528272736.4	4000	10.863933	0.0	1250444	3279	4.0
1528272742.01	4000	9.272952	0.0	1691788	5379	4.0
1528272745.83	4000	9.456265	0.0	1403315	3533	4.0
1528272752.28	4000	6.999933	0.0	1732710	6203	4.0
1528272757.09	4000	6.212329	0.0	1270067	4559	4.0
1528272767.01	4000	4.294544	4.007	1514363	9703	-13.2301
1528272770.01	2000	5.286789	0.0	1094905	2707	0.0
1528272773.38	2000	6.099738	0.0	931644	2980	2.0
1528272822.03	2000	4.313575	43.029	854957	48444	-183.0247
1528272829.86	2000	4.345167	3.86	1179875	7527	-14.597999999999999
1528272831.61	2000	6.622949	0.0	978233	1503	2.0
1528272835.68	4000	7.266956	0.0	1115913	3121	2.0
1528272840.32	4000	5.841577	0.0	1637646	3738	4.0
1528272849.7	4000	4.468282	3.944	1546975	9166	-12.9592
1528272852.36	2000	5.7944	0.0	1074761	2414	0.0
1528272859.05	4000	4.424134	1.306	1475444	6477	-3.6158
1528272908.76	600	4.003999	-60.06	1680951	12877	255.458
1528272909.43	350	7.463534	0.0	219272	270	0.09999999999999998
1528272910.94	2000	9.974666	0.0	854424	1189	0.3500000000000001
1528272913.36	4000	11.542007	0.0	1684293	2211	2.0
1528272915.26	4000	13.640049	0.0	1400042	1703	4.0
1528272937.04	4000	4.272605	6.4	1792609	19566	-23.52
1528272941.97	1000	4.427221	3.133	393715	4546	-15.4719
1528272945.03	350	5.502702	0.0	150366	2742	-0.30000000000000004
1528272945.75	350	8.728165	0.0	193697	489	0.35
1528272954.23	2000	4.32046	0.049	930828	7208	0.13929999999999998
1528272956.12	600	6.41153	0.0	313171	1616	-0.7999999999999999
1528272957.06	600	9.453114	0.0	253682	719	0.6
1528272961.76	2000	8.767448	0.0	1285933	4491	0.6000000000000001
1528272968.12	2000	6.416391	0.0	1049248	6133	2.0
1528272970.69	1000	7.850919	0.0	476734	2299	0.0
1528272972.06	600	10.477785	0.0	282933	1157	0.19999999999999996
1528272973.34	600	13.206878	0.0	308899	1081	0.6
1528272980.31	600	10.251832	0.0	289234	6749	0.6
1528272982.36	350	12.185753	0.0	179442	1777	0.09999999999999998
1528272983.92	350	14.630834	0.0	131632	3	0.35
1528272992.35	4000	10.196037	0.0	1416000	7903	0.3500000000000001
1528272996.64	4000	9.948463	0.0	865548	4038	4.0
1528273001.9	2000	8.674943	0.0	949274	5015	0.0
1528273002.85	350	11.705404	0.0	181978	763	-1.2999999999999998
1528273004.82	600	13.755749	0.0	331480	1774	0.35
1528273005.76	350	16.802828	0.0	177663	753	0.09999999999999998
1528273006.74	350	19.839054	0.0	176815	743	0.35
1528273007.66	600	22.92151	0.0	195290	678	0.35
1528273011.44	2000	23.138334	0.0	977347	3586	0.6000000000000001
1528273023.33	4000	15.264849	0.0	1743545	11671	2.0
1528273032.62	4000	9.967413	0.0	1084561	8986	4.0
1528273038.03	4000	8.610455	0.0	1099310	5136	4.0
1528273044.69	2000	5.920654	0.0	1285071	6439	0.0
1528273046.45	1000	8.158476	0.0	523364	1462	0.0
1528273050.51	2000	8.102563	0.0	1080835	3861	1.0
1528273052.94	2000	9.668761	0.0	1078945	2239	2.0
1528273055.25	4000	11.369093	0.0	1200522	2101	2.0
1528273060.54	4000	10.105296	0.0	1787763	5049	4.0
1528273088.05	4000	4.485594	15.836	1690817	25130	-64.0948
1528273088.81	350	5.598679	0.0	184494	511	-3.3
1528273090.93	2000	7.542261	0.0	804808	1911	0.3500000000000001
1528273095.73	2000	6.774139	0.0	1178153	4545	2.0
1528273098.48	2000	8.039712	0.0	922947	2450	2.0
1528273106.32	2000	4.339388	0.176	1175468	7622	1.2432
1528273107.59	350	7.086718	0.0	173567	994	-1.2999999999999998
1528273108.96	600	9.71268	0.0	290952	1146	0.35
1528273110.68	600	11.979373	0.0	325914	1531	0.6
1528273111.9	600	14.773557	0.0	285965	1019	0.6
1528273115.96	600	14.727624	0.0	266844	3834	0.6
1528273121.13	600	13.553307	0.0	327707	4859	0.6
1528273123.11	600	15.576189	0.0	308757	1730	0.6
1528273124.76	600	17.947331	0.0	271734	1432	0.6
1528273127.23	600	20.161187	0.0	313780	1582	0.6
1528273131.9	2000	18.780408	0.0	942081	4477	0.6000000000000001
1528273137.5	2000	17.208399	0.0	1074761	5378	2.0
1528273141.33	2000	17.376686	0.0	1033448	3554	2.0
1528273159.56	3000	4.314888	1.155	1616179	17997	-2.9665
1528273163.89	350	4.473153	0.484	137099	4025	-4.3812
1528273164.25	350	8.114108	0.0	57015	159	0.35
1528273165.43	600	10.951076	0.0	385537	943	0.35
1528273166.36	1000	13.997417	0.0	460871	730	0.6
1528273168.95	2000	15.424054	0.0	974311	2396	1.0
1528273170.37	4000	18.017777	0.0	458410	1168	2.0
1528273171.63	4000	20.747169	0.0	320487	1074	4.0
1528273173.53	4000	23.220911	0.0	573826	1306	4.0

1528273175.16	600	4.003999	0.867	604139	787	-3.7281
1528273178.07	2000	5.221546	0.0	1123706	2633	0.6000000000000001
1528273179.66	2000	7.650744	0.0	854424	1371	2.0
1528273181.63	2000	9.677438	0.0	1150093	1769	2.0
1528273183.19	2000	12.118438	0.0	902304	1363	2.0
1528273185.71	4000	13.614208	0.0	1792609	2258	2.0
1528273187.59	4000	15.728443	0.0	1213669	1692	4.0
1528273189.62	4000	17.710231	0.0	1191552	1818	4.0
1528273192.85	4000	18.471098	0.0	1888982	3015	4.0
1528273195.56	4000	19.765668	0.0	1381292	2492	4.0
1528273198.27	4000	21.065794	0.0	1593129	2496	4.0
1528273200.97	4000	22.365876	0.0	1384566	2496	4.0
1528273205.19	4000	22.159065	0.0	1918298	4022	4.0
1528273211.74	4000	19.613582	0.0	1605664	6318	4.0
1528273214.85	4000	20.649359	0.0	1356382	2256	4.0
1528273216.56	4000	22.790055	0.0	1278860	1510	4.0
1528273218.65	4000	24.703743	0.0	1580165	1870	4.0
1528273220.41	4000	26.957459	0.0	1315506	1558	4.0
1528273223.24	4000	28.117254	0.0	1642869	2637	4.0
1528273230.59	4000	24.793795	0.0	928190	7143	4.0
1528273250.54	4000	9.057344	0.0	1416000	19436	4.0
1528273253.16	350	10.167238	0.0	115285	1382	-3.3
1528273254.98	600	12.426837	0.0	305510	1501	0.35
1528273257.32	600	14.10402	0.0	364291	2109	0.6
1528273267.05	2000	8.409696	0.0	1001670	9445	0.6000000000000001
1528273269.25	600	10.17456	0.0	298846	1586	-0.7999999999999999
1528273271.29	600	12.120578	0.0	298034	1831	0.6
1528273272.48	600	14.924383	0.0	195290	988	0.6
1528273273.94	600	17.47654	0.0	327636	1209	0.6
1528273278.59	2000	16.832242	0.0	1184694	4433	0.6000000000000001
1528273281.3	2000	18.132884	0.0	766276	2494	2.0
1528273284.65	2000	18.76924	0.0	834528	3173	2.0
1528273289.86	2000	17.57645	0.0	1285071	4993	2.0
1528273298.78	2000	12.693116	0.0	1017030	8623	2.0
1528273307.5	2000	7.953705	0.0	1080835	8489	2.0
1528273311.56	600	7.908899	0.0	301834	3711	-0.7999999999999999
1528273315.08	350	8.419592	0.0	170866	3225	0.09999999999999998
1528273317.89	350	9.570713	0.0	178753	2551	0.35
1528273320.97	350	10.485041	0.0	175461	2860	0.35
1528273324.69	600	10.769898	0.0	276260	3486	0.35
1528273325.97	350	13.481773	0.0	154382	1078	0.09999999999999998
1528273328.1	600	15.371231	0.0	357539	1903	0.35
1528273329.69	600	17.785459	0.0	301214	1366	0.6
1528273331.76	600	19.720334	0.0	320538	8	0.6
1528273337.37	4000	18.110768	0.0	1270067	5374	0.6000000000000001
1528273342.53	4000	16.95581	0.0	1514363	4856	4.0
1528273345.93	2000	17.549507	0.0	1094905	3203	0.0
1528273347.07	600	20.409351	0.0	285965	947	-0.7999999999999999
1528273347.76	350	23.72873	0.0	163181	485	0.09999999999999998
1528273348.57	350	26.918288	0.0	181882	583	0.35
1528273349.39	350	30.120411	0.0	186151	595	0.35
1528273350.71	600	32.821945	0.0	271734	1073	0.35
1528273356.8	2000	30.734657	0.0	1073857	5828	0.6000000000000001
1528273364.14	4000	27.359375	0.0	1546975	7050	2.0
1528273370.31	4000	25.193219	0.0	1637443	5975	4.0
1528273375.78	4000	23.763445	0.0	1475444	5235	4.0
1528273382.0	4000	21.545363	0.0	1616179	5901	4.0
1528273387.39	4000	20.134374	0.0	1113960	5155	4.0
1528273390.37	4000	21.166415	0.0	466635	2752	4.0
1528273397.74	4000	17.811752	0.0	1727956	7148	4.0
1528273405.12	4000	14.410514	0.0	1316739	7128	4.0
1528273409.92	4000	13.615755	0.0	1373312	4605	4.0
1528273411.07	4000	16.474797	0.0	458410	917	4.0
1528273490.78	600	4.003999	14.735	1680951	15503	-66.1605
1528273494.63	350	4.331169	0.0	219272	3372	0.09999999999999998
1528273496.09	350	6.8667	0.0	134208	1239	0.35
1528273500.51	350	6.431864	0.0	204651	4209	0.35
1528273501.46	350	9.508156	0.0	164461	697	0.35
1528273502.42	350	12.663064	0.0	230942	596	0.35
1528273503.76	600	15.201935	0.0	241808	1053	0.35
1528273505.54	2000	17.40815	0.0	840707	1525	0.6000000000000001
1528273508.46	4000	18.555192	0.0	1888982	2657	2.0
1528273510.44	4000	20.539874	0.0	1381292	1775	4.0
1528273512.97	4000	22.050895	0.0	1593129	2257	4.0
1528273515.03	4000	23.958134	0.0	1384566	1835	4.0
1528273521.07	4000	21.932754	0.0	1918298	5786	4.0
1528273524.6	4000	22.373848	0.0	1605664	3248	4.0
1528273527.75	4000	23.271181	0.0	1356382	2884	4.0
1528273531.06	4000	23.937741	0.0	1278860	3103	4.0
1528273535.19	4000	23.814524	0.0	1580165	3899	4.0
1528273539.24	4000	23.75469	0.0	1315506	3842	4.0
1528273543.02	4000	23.980338	0.0	1642869	3583	4.0
1528273548.15	4000	22.873265	0.0	928190	4887	4.0
1528273552.51	4000	22.506048	0.0	1416000	4107	4.0
1528273554.38	4000	24.680125	0.0	865548	1617	4.0
1528273557.11	4000	25.944461	0.0	1284104	2463	4.0
1528273561.94	4000	25.079914	0.0	1692271	4606	4.0
1528273566.53	4000	24.497654	0.0	1504744	4393	4.0
1528273571.95	4000	23.092387	0.0	1484004	5191	4.0
1528273576.11	4000	22.932797	0.0	1405086	3902	4.0
1528273579.69	4000	23.371056	0.0	891371	3360	4.0
1528273584.94	4000	22.118132	0.0	1401736	5019	4.0
1528273588.67	4000	22.387288	0.0	1743545	3520	4.0
1528273591.07	4000	24.004772	0.0	1084561	2154	4.0
1528273594.33	4000	24.72895	0.0	1099310	3050	4.0
1528273598.51	4000	24.548572	0.0	1789869	3988	4.0
1528273606.31	4000	20.771168	0.0	1675658	7557	4.0
1528273612.77	4000	18.318631	0.0	1636106	6186	4.0
1528273624.32	4000	10.761686	0.0	1492615	11327	4.0
1528273631.41	2000	7.667695	0.0	788728	6789	0.0
1528273634.03	2000	9.063885	0.0	1165402	2426	2.0
1528273644.57	4000	4.407118	1.884	1690817	10310	-6.1012
1528273648.11	4000	4.8661	0.0	1459339	3253	4.0
1528273651.09	4000	5.900343	0.0	1250444	2758	4.0
1528273656.3	4000	4.688889	0.0	1691788	4932	4.0
1528273660.4	4000	4.591762	0.0	1403315	3858	4.0
1528273665.45	4000	4.311148	0.771	1732710	4830	0.6847000000000003
1528273669.93	4000	4.331152	0.5	1270067	4200	1.85
1528273673.62	4000	4.664934	0.0	1514363	3449	4.0
1528273680.05	4000	4.341783	2.121	1615320	6225	-5.1202999999999985
1528273686.02	4000	4.469038	2.096	1507682	5689	-5.012799999999999
1528273695.46	4000	4.318475	5.289	1260622	9238	-18.7427
1528273697.28	1000	6.502651	0.0	539537	1513	-2.0
1528273698.06	600	9.742422	0.0	308757	544	0.19999999999999996
1528273700.75	2000	11.04216	0.0	794797	2500	0.6000000000000001
1528273749.98	2000	4.373477	37.135	1073857	47620	-157.6805
1528273755.27	350	4.259538	2.579	173011	4843	-12.3897
1528273757.52	1000	6.046323	0.0	574826	1979	0.35
1528273759.41	2000	8.120307	0.0	1033448	1637	1.0
1528273763.68	3000	7.861387	0.0	1616179	4049	2.0
1528273767.81	4000	8.831222	0.0	1113960	2393	3.0
1528273769.41	4000	10.119952	0.0	466635	1393	4.0
1528273783.37	600	4.003999	-64.474	1680951	3395	274.43820000000005
1528273791.04	2000	4.268898	3.931	1123706	7400	-16.303299999999997
1528273793.89	600	5.423241	0.0	246858	2585	-0.7999999999999999
1528273795.44	350	7.873056	0.0	204651	1291	0.09999999999999998
1528273796.88	350	10.543849	0.0	164461	1138	0.35
1528273823.31	600	4.465555	8.82	371586	18575	-37.576
1528273829.63	350	4.041722	6.145	136746	3846	-26.3235
1528273832.51	350	5.134939	0.0	150366	2252	0.35
1528273834.33	350	7.336561	0.0	193697	1549	0.35
1528273835.34	350	10.338391	0.0	193362	811	0.35
1528273835.97	350	13.699663	0.0	189146	433	0.35
1528273838.23	1000	16.694678	0.0	500774	712	0.35
1528273840.39	2000	17.28109	0.0	1285933	1942	1.0
1528273842.62	4000	19.074121	0.0	1605664	2010	2.0
1528273844.42	4000	21.263436	0.0	1356382	1608	4.0
1528273867.39	4000	4.470155	0.75	1278860	21365	0.7749999999999999
1528273872.28	350	4.473477	1.967	185660	4129	-11.7581
1528273873.29	350	7.136514	0.0	164741	789	0.35
1528273876.0	350	10.473349	0.0	179442	458	0.35
1528273879.58	1000	8.797735	0.0	303234	3211	0.35
1528273880.97	350	11.50814	0.0	198676	1112	-0.30000000000000004
1528273881.73	350	14.776223	0.0	115285	481	0.35
1528273883.99	600	16.475312	0.0	305510	2030	0.35
1528273885.49	600	18.976266	0.0	364291	1263	0.6
1528273889.16	2000	19.296855	0.0	1001670	3431	0.6000000000000001
1528273896.2	2000	16.236466	0.0	994288	5943	2.0
1528273900.49	2000	15.955093	0.0	925341	4033	2.0
1528273910.67	4000	9.820236	0.0	891371	9942	2.0
1528273916.04	2000	8.440651	0.0	977347	5094	0.0
1528273923.62	2000	4.826528	0.0	1184694	7379	2.0
1528273924.89	600	7.563869	0.0	261457	1056	-0.7999999999999999
1528273926.37	600	10.120962	0.0	272419	1253	0.6
1528273928.77	600	11.704335	0.0	344053	2184	0.6
1528273930.59	600	13.894795	0.0	307537	1613	0.6
1528273932.47	600	15.997823	0.0	344697	1698	0.6
1528273934.04	600	18.448099	0.0	301834	1335	0.6
1528273937.21	2000	19.278289	0.0	788728	2984	0.6000000000000001
1528273946.95	4000	13.548144	0.0	1787763	9509	2.0
