1527050406.34	750	4	0.023	1034108	3	-0.09889999999999999
1527050406.44	4300	8	0.0	2123065	7	0.75
1527050406.52	4300	12	0.0	2177073	5	4.3
1527050406.6	4300	16	0.0	2160877	6	4.3
1527050406.68	4300	20	0.0	2233056	8	4.3
1527050406.75	4300	24	0.0	1941625	4	4.3
1527050406.82	4300	28	0.0	2157535	4	4.3
1527050406.89	4300	32	0.0	2290172	4	4.3
1527050406.97	4300	36	0.0	2055469	7	4.3
1527050407.05	4300	40	0.0	2169201	6	4.3
1527050407.13	4300	44	0.0	2173522	5	4.3
1527050407.21	4300	48	0.0	2102452	6	4.3
1527050407.29	4300	52	0.0	2209463	6	4.3
1527050407.37	4300	56	0.0	2275376	13	4.3
1527050409.95	4300	59.499796	0.0	2005399	4	4.3
1527050414.07	4300	59.499847	0.0	2152483	12	4.3
1527050417.66	4300	59.749788	0.0	2289689	443	4.3
1527050421.7	4300	59.749734	0.0	2059512	357	4.3
1527050425.66	1850	59.748581	0.0	987708	245	-0.6000000000000001
1527050429.72	4300	59.747938	0.0	2156729	409	1.8499999999999996
1527050434.09	1850	59.49941	0.0	891604	222	-0.6000000000000001
1527050437.9	300	59.499589	0.0	157812	82	-1.25
1527050441.82	1850	59.749764	0.0	968026	221	0.30000000000000004
1527050445.68	1850	59.749752	0.0	874175	208	1.85
1527050449.74	4300	59.749867	0.0	2186790	424	1.8499999999999996
1527050453.82	4300	59.744768	0.0	2105231	423	4.3
1527050457.96	4300	59.499679	0.0	2395588	474	4.3
1527050461.68	4300	59.747968	0.0	1972048	579	4.3
1527050465.92	4300	59.499693	0.0	2134614	607	4.3
1527050470.11	4300	59.498793	0.0	2164140	544	4.3
1527050473.82	4300	59.747602	0.0	2113193	578	4.3
1527050477.94	4300	59.499697	0.0	2147852	976	4.3
1527050482.0	4300	59.499682	0.0	2191074	914	4.3
1527050485.94	4300	59.499749	0.0	2286761	810	4.3
1527050489.82	4300	59.749769	0.0	2307787	732	4.3
1527050493.7	4300	59.749626	0.0	2143948	730	4.3
1527050498.08	4300	59.498993	0.0	1919781	751	4.3
1527050501.97	4300	59.499742	0.0	2147467	725	4.3
1527050505.4	4300	59.999105	0.0	2133870	783	4.3
1527050509.71	4300	59.749592	0.0	2146120	665	4.3
1527050513.95	4300	59.49984	0.0	2108491	596	4.3
1527050517.6	4300	59.74916	0.0	2184571	695	4.3
1527050521.82	4300	59.746922	0.0	2121928	1060	4.3
1527050525.43	4300	59.999471	0.0	2219102	966	4.3
1527050529.4	4300	59.999265	0.0	2124950	818	4.3
1527050533.76	4300	59.74969	0.0	2246506	716	4.3
1527050537.68	4300	59.749326	0.0	1961140	767	4.3
1527050541.76	4300	59.749288	0.0	2155012	906	4.3
1527050543.57	4300	59.679764	0.0	1433658	652	4.3

1527050544.33	750	3.976174	0.289	668286	219	-1.2427000000000001
1527050545.13	4300	7.168172	0.0	2123065	607	0.75
1527050545.79	4300	10.509119	0.0	2177073	532	4.3
1527050546.44	4300	13.857364	0.0	2160877	526	4.3
1527050547.24	4300	17.059351	0.0	2233056	669	4.3
1527050548.0	4300	20.300588	0.0	1941625	625	4.3
1527050548.75	4300	23.556906	0.0	2157535	613	4.3
1527050549.68	4300	26.635881	0.0	2290172	708	4.3
1527050550.71	4300	29.591592	0.0	2055469	851	4.3
1527050551.69	4300	32.60964	0.0	2169201	844	4.3
1527050552.53	4300	35.771704	0.0	2173522	707	4.3
1527050553.23	4300	39.067681	0.0	2102452	564	4.3
1527050553.88	4300	42.421574	0.0	2209463	516	4.3
1527050554.59	4300	45.780412	0.0	2275376	509	4.3
1527050555.13	4300	49.167793	0.0	2005399	405	4.3
1527050555.79	4300	52.507225	0.0	2152483	513	4.3
1527050556.43	4300	55.864843	0.0	2289689	507	4.3
1527050557.04	4300	59.251309	0.0	2059512	481	4.3
1527050560.62	4300	59.749793	0.0	2220726	436	4.3
1527050564.86	4300	59.500011	0.0	2156729	597	4.3
1527050569.0	4300	59.499287	0.0	2039773	507	4.3
1527050572.66	4300	59.747654	0.0	2176469	1029	4.3
1527050577.01	4300	59.499354	0.0	2221506	2177	4.3
1527050580.6	4300	59.749929	0.0	2044075	950	4.3
1527050584.7	4300	59.749125	0.0	2186790	949	4.3
1527050588.6	4300	59.749933	0.0	2105231	770	4.3
1527050592.69	4300	59.748998	0.0	2395588	930	4.3
1527050596.44	4300	59.952844	0.0	1972048	613	4.3
1527050600.65	4300	59.744479	0.0	2134614	573	4.3
1527050604.43	4300	59.998468	0.0	2164140	644	4.3
1527050608.67	4300	59.749977	0.0	2113193	611	4.3
1527050612.38	4300	59.996758	0.0	2147852	567	4.3
1527050616.67	4300	59.749545	0.0	2191074	648	4.3
1527050620.95	4300	59.500087	0.0	2286761	646	4.3
1527050624.68	4300	59.749527	0.0	2307787	581	4.3
1527050628.82	4300	59.499652	0.0	2143948	499	4.3
1527050632.98	4300	59.499564	0.0	1919781	520	4.3
1527050636.66	4300	59.749803	0.0	2147467	527	4.3
1527050640.31	4300	59.993396	0.0	2133870	498	4.3
1527050644.45	4300	59.998393	0.0	2146120	482	4.3
1527050648.55	4300	59.749646	0.0	2108491	449	4.3
1527050652.62	4300	59.749936	0.0	2184571	420	4.3
1527050656.77	4300	59.499943	0.0	2121928	510	4.3
1527050660.97	4300	59.500008	0.0	2219102	555	4.3
1527050664.58	4300	59.749765	0.0	2124950	463	4.3
1527050668.85	4300	59.498336	0.0	2246506	626	4.3
1527050672.73	4300	59.749919	0.0	1961140	718	4.3
1527050676.65	4300	59.749494	0.0	2155012	789	4.3
1527050678.26	4300	59.679379	0.0	1433658	481	4.3

1527050678.99	750	4	0.231	668286	173	-0.9933
1527050679.69	4300	7.290311	0.0	2123065	536	0.75
1527050680.29	4300	10.685912	0.0	2177073	473	4.3
1527050680.84	4300	14.14334	0.0	2160877	418	4.3
1527050681.4	4300	17.589251	0.0	2233056	425	4.3
1527050681.88	4300	21.105557	0.0	1941625	341	4.3
1527050682.4	4300	24.582292	0.0	2157535	388	4.3
1527050683.06	4300	27.924817	0.0	2290172	531	4.3
1527050683.58	4300	31.400492	0.0	2055469	389	4.3
1527050684.12	4300	34.864005	0.0	2169201	394	4.3
1527050684.64	4300	38.347747	0.0	2173522	384	4.3
1527050685.12	4300	41.874626	0.0	2102452	339	4.3
1527050685.59	4300	45.394497	0.0	2209463	331	4.3
1527050686.14	4300	48.843739	0.0	2275376	422	4.3
1527050686.64	4300	52.34059	0.0	2005399	373	4.3
1527050687.13	4300	55.849491	0.0	2152483	369	4.3
1527050687.64	4300	59.340968	0.0	2289689	377	4.3
1527050691.64	4300	59.517289	0.0	2059512	326	4.3
1527050695.27	4300	59.767391	0.0	2220726	481	4.3
1527050699.47	4300	59.763648	0.0	2156729	501	4.3
1527050703.7	4300	59.511353	0.0	2039773	578	4.3
1527050707.41	4300	59.76736	0.0	2176469	568	4.3
1527050711.29	4300	59.765859	0.0	2221506	734	4.3
1527050715.49	4300	59.513832	0.0	2044075	558	4.3
1527050719.68	4300	59.517401	0.0	2186790	554	4.3
1527050723.34	4300	59.767381	0.0	2105231	505	4.3
1527050727.56	4300	59.516853	0.0	2395588	590	4.3
1527050731.44	4300	59.765764	0.0	1972048	732	4.3
1527050735.38	4300	59.767461	0.0	2134614	800	4.3
1527050739.23	4300	59.767299	0.0	2164140	697	4.3
1527050743.36	4300	59.767226	0.0	2113193	972	4.3
1527050747.38	4300	59.767363	0.0	2147852	887	4.3
1527050751.3	4300	59.767437	0.0	2191074	778	4.3
1527050755.65	4300	59.517342	0.0	2286761	694	4.3
1527050759.39	4300	59.764139	0.0	2307787	607	4.3
1527050763.55	4300	59.516099	0.0	2143948	514	4.3
1527050767.66	4300	59.5137	0.0	1919781	467	4.3
1527050771.33	4300	59.767476	0.0	2147467	529	4.3
1527050775.42	4300	59.766629	0.0	2133870	437	4.3
1527050779.57	4300	59.516717	0.0	2146120	504	4.3
1527050783.2	4300	59.767431	0.0	2108491	484	4.3
1527050787.33	4300	59.767461	0.0	2184571	474	4.3
1527050791.42	4300	59.517441	0.0	2121928	449	4.3
1527050795.54	4300	59.517405	0.0	2219102	446	4.3
1527050799.55	4300	59.516886	0.0	2124950	365	4.3
1527050803.16	4300	59.764536	0.0	2246506	480	4.3
1527050807.21	4300	59.767114	0.0	1961140	406	4.3
1527050811.24	4300	59.767303	0.0	2155012	394	4.3
1527050812.66	4300	59.947395	0.0	1433658	288	4.3

1527050813.34	750	3.988159	0.228	668286	138	-0.9803999999999999
1527050813.93	4300	7.387457	0.0	2123065	428	0.75
1527050814.6	4300	10.715923	0.0	2177073	545	4.3
1527050815.38	4300	13.942577	0.0	2160877	630	4.3
1527050816.11	4300	17.205288	0.0	2233056	615	4.3
1527050816.95	4300	20.368426	0.0	1941625	712	4.3
1527050818.12	4300	23.214078	0.0	2157535	1004	4.3
1527050819.26	4300	26.05855	0.0	2290172	1016	4.3
1527050820.04	4300	29.283884	0.0	2055469	638	4.3
1527050821.13	4300	32.191843	0.0	2169201	958	4.3
1527050822.65	4300	34.66905	0.0	2173522	1396	4.3
1527050823.69	4300	37.630893	0.0	2102452	897	4.3
1527050824.55	4300	40.769121	0.0	2209463	709	4.3
1527050825.35	4300	43.966822	0.0	2275376	663	4.3
1527050826.51	4300	46.804457	0.0	2005399	989	4.3
1527050827.57	4300	49.740667	0.0	2152483	937	4.3
1527050828.38	4300	52.93075	0.0	2289689	674	4.3
1527050829.03	4300	56.281705	0.0	2059512	524	4.3
1527050829.67	4300	59.646794	0.0	2220726	485	4.3
1527050833.76	4300	59.760119	0.0	2156729	454	4.3
1527050837.95	4300	59.510116	0.0	2039773	551	4.3
1527050841.67	4300	59.760059	0.0	2176469	556	4.3
1527050845.9	4300	59.510068	0.0	2221506	600	4.3
1527050849.63	4300	59.759949	0.0	2044075	583	4.3
1527050853.84	4300	59.510161	0.0	2186790	574	4.3
1527050857.68	4300	59.759956	0.0	2105231	708	4.3
1527050861.89	4300	59.510177	0.0	2395588	1052	4.3
1527050865.7	4300	59.760261	0.0	1972048	676	4.3
1527050870.01	4300	59.510192	0.0	2134614	648	4.3
1527050873.72	4300	59.759819	0.0	2164140	568	4.3
1527050877.86	4300	59.510286	0.0	2113193	501	4.3
1527050881.68	4300	59.760074	0.0	2147852	675	4.3
1527050885.57	4300	59.758995	0.0	2191074	737	4.3
1527050889.75	4300	59.760004	0.0	2286761	1053	4.3
1527050893.91	4300	59.510029	0.0	2307787	1027	4.3
1527050897.84	4300	59.510146	0.0	2143948	750	4.3
1527050901.55	4300	59.759945	0.0	1919781	570	4.3
1527050905.79	4300	59.506679	0.0	2147467	598	4.3
1527050909.96	4300	59.509741	0.0	2133870	531	4.3
1527050913.68	4300	59.757391	0.0	2146120	586	4.3
1527050917.91	4300	59.510178	0.0	2108491	589	4.3
1527050921.62	4300	59.759981	0.0	2184571	560	4.3
1527050925.82	4300	59.508644	0.0	2121928	546	4.3
1527050929.72	4300	59.757631	0.0	2219102	740	4.3
1527050933.53	4300	59.759692	0.0	2124950	654	4.3
1527050937.87	4300	59.509532	0.0	2246506	696	4.3
1527050941.69	4300	59.756677	0.0	1961140	679	4.3
1527050945.64	4300	59.757335	0.0	2155012	807	4.3
1527050947.29	4300	59.690089	0.0	1433658	529	4.3

1527050948.19	750	3.968816	0.423	668286	345	-1.8189
1527050949.22	4300	6.941932	0.0	2123065	821	0.75
1527050950.0	4300	10.15972	0.0	2177073	649	4.3
1527050950.68	4300	13.47211	0.0	2160877	559	4.3
1527050951.33	4300	16.825331	0.0	2233056	515	4.3
1527050951.87	4300	20.290203	0.0	1941625	406	4.3
1527050952.5	4300	23.655323	0.0	2157535	493	4.3
1527050953.19	4300	26.967615	0.0	2290172	550	4.3
1527050953.76	4300	30.390625	0.0	2055469	446	4.3
1527050954.32	4300	33.835201	0.0	2169201	421	4.3
1527050954.84	4300	37.314389	0.0	2173522	393	4.3
1527050955.47	4300	40.696403	0.0	2102452	458	4.3
1527050956.1	4300	44.057785	0.0	2209463	497	4.3
1527050956.68	4300	47.471749	0.0	2275376	460	4.3
1527050957.19	4300	50.958029	0.0	2005399	389	4.3
1527050957.7	4300	54.454255	0.0	2152483	382	4.3
1527050958.24	4300	57.914362	0.0	2289689	401	4.3
1527050960.31	4300	59.999429	0.0	2059512	438	4.3
1527050964.48	4300	59.751316	0.0	2220726	508	4.3
1527050968.61	4300	59.750776	0.0	2156729	464	4.3
1527050972.69	4300	59.501202	0.0	2039773	422	4.3
1527050976.76	4300	59.500953	0.0	2176469	434	4.3
1527050980.83	4300	59.501234	0.0	2221506	431	4.3
1527050984.46	4300	59.751088	0.0	2044075	486	4.3
1527050988.58	4300	59.751305	0.0	2186790	480	4.3
1527050992.64	4300	59.500868	0.0	2105231	425	4.3
1527050996.85	4300	59.500416	0.0	2395588	580	4.3
1527051000.55	4300	59.746275	0.0	1972048	570	4.3
1527051004.83	4300	59.500766	0.0	2134614	622	4.3
1527051008.54	4300	59.75068	0.0	2164140	560	4.3
1527051012.71	4300	59.500901	0.0	2113193	534	4.3
1527051016.6	4300	59.750906	0.0	2147852	738	4.3
1527051020.86	4300	59.495165	0.0	2191074	1129	4.3
1527051024.54	4300	59.751375	0.0	2286761	1025	4.3
1527051028.43	4300	59.750803	0.0	2307787	714	4.3
1527051032.49	4300	59.750867	0.0	2143948	435	4.3
1527051036.46	4300	59.751205	0.0	1919781	349	4.3
1527051040.44	4300	59.751275	0.0	2147467	336	4.3
1527051044.56	4300	59.751175	0.0	2133870	421	4.3
1527051048.72	4300	59.501158	0.0	2146120	518	4.3
1527051052.5	4300	59.749887	0.0	2108491	630	4.3
1527051056.23	4300	59.998016	0.0	2184571	568	4.3
1527051060.41	4300	59.751081	0.0	2121928	522	4.3
1527051064.7	4300	59.501229	0.0	2219102	653	4.3
1527051068.83	4300	59.500688	0.0	2124950	484	4.3
1527051072.41	4300	59.750981	0.0	2246506	444	4.3
1527051076.5	4300	59.75093	0.0	1961140	447	4.3
1527051080.6	4300	59.501077	0.0	2155012	444	4.3
1527051082.05	4300	59.930308	0.0	1433658	297	4.3

1527051082.69	750	3.981959	0.19	668286	130	-0.817
1527051083.4	4300	7.266481	0.0	2123065	517	0.75
1527051083.92	4300	10.748191	0.0	2177073	394	4.3
1527051084.4	4300	14.2721	0.0	2160877	345	4.3
1527051085.0	4300	17.670197	0.0	2233056	477	4.3
1527051085.69	4300	20.98685	0.0	1941625	533	4.3
1527051086.4	4300	24.271374	0.0	2157535	577	4.3
1527051087.23	4300	27.435699	0.0	2290172	692	4.3
1527051087.9	4300	30.780741	0.0	2055469	516	4.3
1527051089.07	4300	33.60525	0.0	2169201	1034	4.3
1527051090.46	4300	36.20956	0.0	2173522	1246	4.3
1527051091.36	4300	39.303714	0.0	2102452	779	4.3
1527051092.4	4300	42.274141	0.0	2209463	897	4.3
1527051093.69	4300	44.972896	0.0	2275376	1157	4.3
1527051094.5	4300	48.163822	0.0	2005399	676	4.3
1527051095.24	4300	51.428947	0.0	2152483	603	4.3
1527051096.1	4300	54.569526	0.0	2289689	723	4.3
1527051096.87	4300	57.794438	0.0	2059512	635	4.3
1527051099.03	4300	59.744589	0.0	2220726	529	4.3
1527051103.2	4300	59.499889	0.0	2156729	523	4.3
1527051106.88	4300	59.996724	0.0	2039773	516	4.3
1527051111.14	4300	59.749761	0.0	2176469	505	4.3
1527051114.87	4300	59.999314	0.0	2221506	600	4.3
1527051119.04	4300	59.749751	0.0	2044075	519	4.3
1527051122.66	4300	59.99941	0.0	2186790	416	4.3
1527051127.18	4300	59.499458	0.0	2105231	388	4.3
1527051131.25	4300	59.497481	0.0	2395588	425	4.3
1527051135.27	4300	59.49949	0.0	1972048	381	4.3
1527051139.0	4300	59.749738	0.0	2134614	591	4.3
1527051143.11	4300	59.749841	0.0	2164140	461	4.3
1527051146.81	4300	59.997358	0.0	2113193	564	4.3
1527051151.12	4300	59.750036	0.0	2147852	668	4.3
1527051154.97	4300	59.749989	0.0	2191074	633	4.3
1527051159.26	4300	59.49996	0.0	2286761	647	4.3
1527051163.18	4300	59.500012	0.0	2307787	780	4.3
1527051166.91	4300	59.749975	0.0	2143948	589	4.3
1527051171.12	4300	59.748498	0.0	1919781	545	4.3
1527051174.9	4300	59.74996	0.0	2147467	646	4.3
1527051179.15	4300	59.499943	0.0	2133870	612	4.3
1527051183.35	4300	59.499915	0.0	2146120	554	4.3
1527051187.07	4300	59.749729	0.0	2108491	1572	4.3
1527051191.25	4300	59.499839	0.0	2184571	1055	4.3
1527051194.65	4300	59.998922	0.0	2121928	749	4.3
1527051198.93	4300	59.749897	0.0	2219102	640	4.3
1527051203.16	4300	59.49991	0.0	2124950	592	4.3
1527051207.09	4300	59.749771	0.0	2246506	704	4.3
1527051211.03	4300	59.749922	0.0	1961140	759	4.3
1527051215.08	4300	59.748087	0.0	2155012	900	4.3
1527051216.79	4300	59.680035	0.0	1433658	581	4.3

1527051217.57	750	3.988024	0.305	668286	245	-1.3115
1527051218.62	4300	6.941298	0.0	2123065	851	0.75
1527051219.53	4300	10.015862	0.0	2177073	765	4.3
1527051220.35	4300	13.204857	0.0	2160877	680	4.3
1527051221.3	4300	16.252074	0.0	2233056	806	4.3
1527051222.02	4300	19.528757	0.0	1941625	577	4.3
1527051222.9	4300	22.644715	0.0	2157535	747	4.3
1527051223.89	4300	25.658377	0.0	2290172	857	4.3
1527051224.62	4300	28.922383	0.0	2055469	605	4.3
1527051225.71	4300	31.841147	0.0	2169201	945	4.3
1527051226.55	4300	34.992732	0.0	2173522	714	4.3
1527051227.47	4300	38.076832	0.0	2102452	771	4.3
1527051228.31	4300	41.234741	0.0	2209463	706	4.3
1527051229.07	4300	44.472424	0.0	2275376	632	4.3
1527051230.0	4300	47.547088	0.0	2005399	794	4.3
1527051230.9	4300	50.64445	0.0	2152483	757	4.3
1527051231.78	4300	53.768185	0.0	2289689	738	4.3
1527051232.54	4300	56.998685	0.0	2059512	628	4.3
1527051234.27	4300	59.50009	0.0	2220726	575	4.3
1527051237.97	4300	59.749646	0.0	2156729	561	4.3
1527051242.1	4300	59.499928	0.0	2039773	489	4.3
1527051245.78	4300	59.999042	0.0	2176469	548	4.3
1527051249.8	4300	59.750009	0.0	2221506	880	4.3
1527051254.2	4300	59.499966	0.0	2044075	740	4.3
1527051258.21	4300	59.499741	0.0	2186790	852	4.3
1527051262.13	4300	59.499249	0.0	2105231	723	4.3
1527051266.18	4300	59.499382	0.0	2395588	899	4.3
1527051269.91	4300	59.749431	0.0	1972048	602	4.3
1527051273.85	4300	59.749785	0.0	2134614	785	4.3
1527051278.18	4300	59.500026	0.0	2164140	684	4.3
1527051281.97	4300	59.750141	0.0	2113193	667	4.3
1527051285.77	4300	59.747709	0.0	2147852	670	4.3
1527051290.05	4300	59.498756	0.0	2191074	596	4.3
1527051293.76	4300	59.998381	0.0	2286761	568	4.3
1527051298.05	4300	59.499631	0.0	2307787	648	4.3
1527051302.06	4300	59.498913	0.0	2143948	877	4.3
1527051306.03	4300	59.499997	0.0	1919781	831	4.3
1527051309.87	4300	59.750087	0.0	2147467	1203	4.3
1527051314.12	4300	59.499939	0.0	2133870	1101	4.3
1527051317.87	4300	59.749852	0.0	2146120	1092	4.3
1527051322.09	4300	59.750089	0.0	2108491	837	4.3
1527051325.79	4300	59.74897	0.0	2184571	1072	4.3
1527051330.18	4300	59.499911	0.0	2121928	751	4.3
1527051334.14	4300	59.499781	0.0	2219102	809	4.3
1527051338.05	4300	59.499112	0.0	2124950	1272	4.3
1527051341.63	4300	59.999043	0.0	2246506	1935	4.3
1527051346.23	4300	59.499995	0.0	1961140	965	4.3
1527051350.05	4300	59.500082	0.0	2155012	1170	4.3
1527051351.52	4300	59.67671	0.0	1433658	810	4.3

1527051352.32	750	3.998251	0.319	668286	272	-1.3717000000000001
1527051353.25	4300	7.046251	0.0	2123065	738	0.75
1527051354.55	4300	9.753868	0.0	2177073	1156	4.3
1527051356.18	4300	12.121715	0.0	2160877	1487	4.3
1527051357.28	4300	15.022267	0.0	2233056	967	4.3
1527051358.36	4300	17.941918	0.0	1941625	940	4.3
1527051359.27	4300	21.035669	0.0	2157535	775	4.3
1527051360.65	4300	23.645786	0.0	2290172	1263	4.3
1527051361.75	4300	26.556015	0.0	2055469	955	4.3
1527051363.22	4300	29.074	0.0	2169201	1342	4.3
1527051364.58	4300	31.713328	0.0	2173522	1231	4.3
1527051365.96	4300	34.344403	0.0	2102452	1239	4.3
1527051367.16	4300	37.133074	0.0	2209463	1072	4.3
1527051368.21	4300	40.083583	0.0	2275376	905	4.3
1527051369.02	4300	43.273675	0.0	2005399	684	4.3
1527051370.11	4300	46.20233	0.0	2152483	925	4.3
1527051371.1	4300	49.194294	0.0	2289689	855	4.3
1527051371.88	4300	52.416831	0.0	2059512	637	4.3
1527051372.56	4300	55.736285	0.0	2220726	547	4.3
1527051373.41	4300	58.877584	0.0	2156729	721	4.3
1527051376.38	4300	59.999171	0.0	2039773	834	4.3
1527051380.63	4300	59.749499	0.0	2176469	1120	4.3
1527051384.66	4300	59.749479	0.0	2221506	888	4.3
1527051388.98	4300	59.499566	0.0	2044075	664	4.3
1527051392.4	4300	59.996988	0.0	2186790	774	4.3
1527051396.69	4300	59.749552	0.0	2105231	631	4.3
1527051400.45	4300	59.999211	0.0	2395588	616	4.3
1527051404.63	4300	59.749716	0.0	1972048	523	4.3
1527051408.33	4300	59.999108	0.0	2134614	563	4.3
1527051412.69	4300	59.749505	0.0	2164140	715	4.3
1527051416.58	4300	59.74965	0.0	2113193	750	4.3
1527051420.32	4300	59.999341	0.0	2147852	1103	4.3
1527051424.61	4300	59.747405	0.0	2191074	1140	4.3
1527051428.78	4300	59.499744	0.0	2286761	1031	4.3
1527051432.81	4300	59.749351	0.0	2307787	1340	4.3
1527051436.76	4300	59.749543	0.0	2143948	1320	4.3
1527051440.54	4300	59.748814	0.0	1919781	1150	4.3
1527051444.76	4300	59.499449	0.0	2147467	1080	4.3
1527051448.67	4300	59.749526	0.0	2133870	752	4.3
1527051452.78	4300	59.499689	0.0	2146120	960	4.3
1527051456.75	4300	59.74945	0.0	2108491	834	4.3
1527051460.76	4300	59.499339	0.0	2184571	862	4.3
1527051464.72	4300	59.749385	0.0	2121928	1317	4.3
1527051468.42	4300	59.997528	0.0	2219102	1056	4.3
1527051472.89	4300	59.499796	0.0	2124950	849	4.3
1527051476.24	4300	59.998781	0.0	2246506	1217	4.3
1527051480.85	4300	59.499543	0.0	1961140	942	4.3
1527051484.29	4300	59.999363	0.0	2155012	790	4.3
1527051486.0	4300	59.928953	0.0	1433658	546	4.3

1527051486.87	750	3.997895	0.348	668286	292	-1.4964
1527051488.27	4300	6.573982	0.0	2123065	1195	0.75
1527051489.55	4300	9.294039	0.0	2177073	1137	4.3
1527051490.69	4300	12.149355	0.0	2160877	1007	4.3
1527051491.77	4300	15.06051	0.0	2233056	959	4.3
1527051492.62	4300	18.216411	0.0	1941625	714	4.3
1527051493.56	4300	21.27991	0.0	2157535	809	4.3
1527051494.71	4300	24.122671	0.0	2290172	1031	4.3
1527051495.62	4300	27.229575	0.0	2055469	760	4.3
1527051496.55	4300	30.29688	0.0	2169201	780	4.3
1527051497.36	4300	33.470173	0.0	2173522	687	4.3
1527051498.49	4300	36.355144	0.0	2102452	987	4.3
1527051499.8	4300	39.034215	0.0	2209463	1168	4.3
1527051501.02	4300	42.063632	0.0	2275376	838	4.3
1527051501.79	4300	45.048732	0.0	2005399	629	4.3
1527051502.8	4300	48.008437	0.0	2152483	907	4.3
1527051504.35	4300	50.479524	0.0	2289689	1388	4.3
1527051505.73	4300	53.115848	0.0	2059512	1214	4.3
1527051506.83	4300	55.998144	0.0	2220726	967	4.3
1527051507.63	4300	59.198316	0.0	2156729	673	4.3
1527051511.3	4300	59.749804	0.0	2039773	536	4.3
1527051515.14	4300	59.749495	0.0	2176469	705	4.3
1527051519.57	4300	59.499925	0.0	2221506	1272	4.3
1527051523.3	4300	59.749543	0.0	2044075	1071	4.3
1527051527.13	4300	59.749737	0.0	2186790	1191	4.3
1527051530.85	4300	59.999455	0.0	2105231	1075	4.3
1527051535.11	4300	59.738607	0.0	2395588	1104	4.3
1527051539.25	4300	59.749823	0.0	1972048	1002	4.3
1527051543.29	4300	59.746575	0.0	2134614	888	4.3
1527051547.2	4300	59.749615	0.0	2164140	773	4.3
1527051551.43	4300	59.499679	0.0	2113193	593	4.3
1527051555.26	4300	59.749459	0.0	2147852	667	4.3
1527051559.13	4300	59.749689	0.0	2191074	728	4.3
1527051563.45	4300	59.499894	0.0	2286761	665	4.3
1527051567.18	4300	59.749209	0.0	2307787	582	4.3
1527051571.33	4300	59.499966	0.0	2143948	513	4.3
1527051575.39	4300	59.499868	0.0	1919781	418	4.3
1527051579.53	4300	59.499939	0.0	2147467	506	4.3
1527051583.22	4300	59.749798	0.0	2133870	538	4.3
1527051586.97	4300	59.998967	0.0	2146120	603	4.3
1527051591.2	4300	59.749563	0.0	2108491	580	4.3
1527051595.1	4300	59.749813	0.0	2184571	744	4.3
1527051599.06	4300	59.749759	0.0	2121928	797	4.3
1527051603.39	4300	59.499917	0.0	2219102	676	4.3
1527051607.1	4300	59.749658	0.0	2124950	576	4.3
1527051611.31	4300	59.49977	0.0	2246506	563	4.3
1527051615.47	4300	59.499768	0.0	1961140	525	4.3
1527051619.15	4300	59.749625	0.0	2155012	523	4.3
1527051620.69	4300	59.929715	0.0	1433658	411	4.3

1527051621.38	750	3.98797	0.219	668286	155	-0.9417
1527051622.0	4300	7.364616	0.0	2123065	446	0.75
1527051622.69	4300	10.665695	0.0	2177073	567	4.3
1527051623.33	4300	14.026112	0.0	2160877	510	4.3
1527051623.96	4300	17.396822	0.0	2233056	492	4.3
1527051624.49	4300	20.872962	0.0	1941625	386	4.3
1527051625.0	4300	24.353958	0.0	2157535	386	4.3
1527051625.64	4300	27.71425	0.0	2290172	502	4.3
1527051626.29	4300	31.066852	0.0	2055469	512	4.3
1527051626.99	4300	34.359422	0.0	2169201	571	4.3
1527051627.65	4300	37.70697	0.0	2173522	518	4.3
1527051628.39	4300	40.966138	0.0	2102452	598	4.3
1527051629.15	4300	44.200467	0.0	2209463	545	4.3
1527051629.8	4300	47.555431	0.0	2275376	506	4.3
1527051630.35	4300	51.007851	0.0	2005399	411	4.3
1527051630.91	4300	54.440961	0.0	2152483	432	4.3
1527051631.58	4300	57.771233	0.0	2289689	541	4.3
1527051633.71	4300	59.753691	0.0	2059512	503	4.3
1527051637.55	4300	59.999455	0.0	2220726	639	4.3
1527051641.77	4300	59.753711	0.0	2156729	583	4.3
1527051645.92	4300	59.502944	0.0	2039773	486	4.3
1527051650.06	4300	59.504007	0.0	2176469	490	4.3
1527051653.71	4300	59.753772	0.0	2221506	472	4.3
1527051657.91	4300	59.503969	0.0	2044075	560	4.3
1527051661.8	4300	59.754066	0.0	2186790	1760	4.3
1527051665.39	4300	59.996594	0.0	2105231	933	4.3
1527051669.71	4300	59.753944	0.0	2395588	1185	4.3
1527051673.8	4300	59.753721	0.0	1972048	937	4.3
1527051677.69	4300	59.753909	0.0	2134614	748	4.3
1527051682.0	4300	59.504106	0.0	2164140	670	4.3
1527051685.75	4300	59.753841	0.0	2113193	608	4.3
1527051689.59	4300	59.753842	0.0	2147852	682	4.3
1527051693.9	4300	59.503932	0.0	2191074	647	4.3
1527051697.67	4300	59.754027	0.0	2286761	1137	4.3
1527051701.84	4300	59.504063	0.0	2307787	1033	4.3
1527051705.83	4300	59.503998	0.0	2143948	854	4.3
1527051709.89	4300	59.50398	0.0	1919781	928	4.3
1527051713.84	4300	59.503951	0.0	2147467	825	4.3
1527051717.71	4300	59.753714	0.0	2133870	676	4.3
1527051721.65	4300	59.753822	0.0	2146120	778	4.3
1527051725.69	4300	59.749748	0.0	2108491	898	4.3
1527051729.64	4300	59.753793	0.0	2184571	783	4.3
1527051733.87	4300	59.503744	0.0	2121928	1567	4.3
1527051737.8	4300	59.503909	0.0	2219102	1280	4.3
1527051741.61	4300	59.753581	0.0	2124950	1156	4.3
1527051745.76	4300	59.75365	0.0	2246506	1003	4.3
1527051749.66	4300	59.753644	0.0	1961140	759	4.3
1527051753.94	4300	59.503887	0.0	2155012	639	4.3
1527051755.51	4300	59.683905	0.0	1433658	437	4.3

1527051756.22	750	3.991444	0.217	668286	159	-0.9330999999999999
1527051756.96	4300	7.238547	0.0	2123065	557	0.75
1527051757.52	4300	10.672469	0.0	2177073	428	4.3
1527051758.19	4300	14.00861	0.0	2160877	530	4.3
1527051758.84	4300	17.354006	0.0	2233056	512	4.3
1527051759.45	4300	20.742102	0.0	1941625	476	4.3
1527051760.16	4300	24.03753	0.0	2157535	566	4.3
1527051760.82	4300	27.381631	0.0	2290172	522	4.3
1527051761.28	4300	30.921322	0.0	2055469	319	4.3
1527051761.72	4300	34.465485	0.0	2169201	320	4.3
1527051762.31	4300	37.877997	0.0	2173522	438	4.3
1527051762.83	4300	41.357783	0.0	2102452	394	4.3
1527051763.35	4300	44.843681	0.0	2209463	392	4.3
1527051763.84	4300	48.349023	0.0	2275376	369	4.3
1527051764.35	4300	51.84202	0.0	2005399	373	4.3
1527051764.85	4300	55.338297	0.0	2152483	369	4.3
1527051765.5	4300	58.693172	0.0	2289689	452	4.3
1527051768.52	4300	59.752398	0.0	2059512	391	4.3
1527051772.69	4300	59.50173	0.0	2220726	526	4.3
1527051776.89	4300	59.50232	0.0	2156729	550	4.3
1527051780.67	4300	59.751355	0.0	2039773	627	4.3
1527051784.79	4300	59.500776	0.0	2176469	969	4.3
1527051788.67	4300	59.752286	0.0	2221506	736	4.3
1527051792.88	4300	59.501598	0.0	2044075	573	4.3
1527051796.61	4300	59.752392	0.0	2186790	583	4.3
1527051800.89	4300	59.502225	0.0	2105231	639	4.3
1527051804.51	4300	59.752287	0.0	2395588	979	4.3
1527051808.88	4300	59.502457	0.0	1972048	729	4.3
1527051812.69	4300	59.502463	0.0	2134614	670	4.3
1527051816.5	4300	59.75235	0.0	2164140	642	4.3
1527051820.8	4300	59.502498	0.0	2113193	668	4.3
1527051824.8	4300	59.494919	0.0	2147852	853	4.3
1527051828.62	4300	59.751877	0.0	2191074	677	4.3
1527051832.69	4300	59.502448	0.0	2286761	930	4.3
1527051836.87	4300	59.502391	0.0	2307787	1056	4.3
1527051840.51	4300	59.752505	0.0	2143948	981	4.3
1527051844.81	4300	59.502403	0.0	1919781	674	4.3
1527051848.62	4300	59.752293	0.0	2147467	659	4.3
1527051852.47	4300	59.750887	0.0	2133870	1199	4.3
1527051856.65	4300	59.502464	0.0	2146120	1046	4.3
1527051860.53	4300	59.752284	0.0	2108491	747	4.3
1527051864.84	4300	59.500129	0.0	2184571	650	4.3
1527051868.55	4300	59.752382	0.0	2121928	565	4.3
1527051872.8	4300	59.502466	0.0	2219102	607	4.3
1527051876.59	4300	59.752431	0.0	2124950	594	4.3
1527051880.85	4300	59.501641	0.0	2246506	620	4.3
1527051884.62	4300	59.7526	0.0	1961140	616	4.3
1527051888.54	4300	59.752193	0.0	2155012	773	4.3
1527051890.14	4300	59.932302	0.0	1433658	471	4.3

1527051890.86	750	4	0.233	668286	171	-1.0019
1527051891.57	4300	7.283266	0.0	2123065	511	0.75
1527051892.31	4300	10.538443	0.0	2177073	619	4.3
1527051893.69	4300	13.162089	0.0	2160877	1238	4.3
1527051895.06	4300	15.794783	0.0	2233056	1233	4.3
1527051895.95	4300	18.918247	0.0	1941625	744	4.3
1527051897.41	4300	21.448513	0.0	2157535	1327	4.3
1527051898.67	4300	24.193261	0.0	2290172	1122	4.3
1527051900.27	4300	26.588574	0.0	2055469	1450	4.3
1527051901.67	4300	29.181457	0.0	2169201	1280	4.3
1527051903.03	4300	31.823627	0.0	2173522	1224	4.3
1527051904.07	4300	34.787308	0.0	2102452	904	4.3
1527051905.02	4300	37.834227	0.0	2209463	816	4.3
1527051905.93	4300	40.936401	0.0	2275376	751	4.3
1527051906.74	4300	44.118318	0.0	2005399	674	4.3
1527051907.47	4300	47.395378	0.0	2152483	594	4.3
1527051908.13	4300	50.721259	0.0	2289689	540	4.3
1527051908.74	4300	54.116974	0.0	2059512	474	4.3
1527051909.53	4300	57.327793	0.0	2220726	633	4.3
1527051911.21	4300	59.759979	0.0	2156729	544	4.3
1527051915.37	4300	59.759601	0.0	2039773	483	4.3
1527051919.48	4300	59.508658	0.0	2176469	477	4.3
1527051923.26	4300	59.687966	0.0	2221506	628	4.3
1527051927.0	4300	59.938637	0.0	2044075	545	4.3
1527051931.19	4300	59.68848	0.0	2186790	545	4.3
1527051935.35	4300	59.686751	0.0	2105231	498	4.3
1527051939.07	4300	59.938922	0.0	2395588	567	4.3
1527051943.12	4300	59.933881	0.0	1972048	420	4.3
1527051947.31	4300	59.688641	0.0	2134614	536	4.3
1527051951.23	4300	59.682402	0.0	2164140	764	4.3
1527051955.12	4300	59.938855	0.0	2113193	740	4.3
1527051959.37	4300	59.689025	0.0	2147852	602	4.3
1527051963.1	4300	59.939045	0.0	2191074	571	4.3
1527051967.32	4300	59.686841	0.0	2286761	575	4.3
1527051971.09	4300	59.939039	0.0	2307787	629	4.3
1527051975.3	4300	59.689077	0.0	2143948	574	4.3
1527051979.24	4300	59.688438	0.0	1919781	790	4.3
1527051983.08	4300	59.938745	0.0	2147467	690	4.3
1527051987.32	4300	59.680668	0.0	2133870	596	4.3
1527051991.04	4300	59.938987	0.0	2146120	549	4.3
1527051995.21	4300	59.939034	0.0	2108491	496	4.3
1527051999.35	4300	59.686936	0.0	2184571	489	4.3
1527052003.04	4300	59.939005	0.0	2121928	530	4.3
1527052007.33	4300	59.689015	0.0	2219102	624	4.3
1527052010.95	4300	59.938854	0.0	2124950	483	4.3
1527052015.1	4300	59.938676	0.0	2246506	489	4.3
1527052019.18	4300	59.686657	0.0	1961140	445	4.3
1527052023.19	4300	59.688999	0.0	2155012	1362	4.3
1527052025.03	4300	59.614318	0.0	1433658	707	4.3

1527052025.87	750	4	0.395	668286	322	-1.6985
1527052026.52	4300	7.351445	0.0	2123065	462	0.75
1527052027.01	4300	10.857151	0.0	2177073	364	4.3
1527052027.78	4300	14.084811	0.0	2160877	640	4.3
1527052028.86	4300	17.002036	0.0	2233056	955	4.3
1527052029.75	4300	20.132985	0.0	1941625	747	4.3
1527052030.5	4300	23.371179	0.0	2157535	617	4.3
1527052031.2	4300	26.665401	0.0	2290172	580	4.3
1527052031.79	4300	30.097965	0.0	2055469	439	4.3
1527052032.49	4300	33.381545	0.0	2169201	567	4.3
1527052033.2	4300	36.668499	0.0	2173522	585	4.3
1527052033.97	4300	39.898707	0.0	2102452	633	4.3
1527052034.65	4300	43.230139	0.0	2209463	533	4.3
1527052035.47	4300	46.396924	0.0	2275376	696	4.3
1527052036.3	4300	49.57243	0.0	2005399	685	4.3
1527052037.04	4300	52.832642	0.0	2152483	597	4.3
1527052037.8	4300	56.067739	0.0	2289689	617	4.3
1527052038.39	4300	59.478224	0.0	2059512	456	4.3
1527052042.49	4300	59.512887	0.0	2220726	449	4.3
1527052046.19	4300	59.761137	0.0	2156729	557	4.3
1527052050.38	4300	59.512727	0.0	2039773	465	4.3
1527052054.58	4300	59.512376	0.0	2176469	554	4.3
1527052058.53	4300	59.510511	0.0	2221506	803	4.3
1527052062.57	4300	59.510052	0.0	2044075	891	4.3
1527052066.55	4300	59.511486	0.0	2186790	833	4.3
1527052070.48	4300	59.509493	0.0	2105231	786	4.3
1527052074.37	4300	59.511013	0.0	2395588	743	4.3
1527052078.59	4300	59.512612	0.0	1972048	547	4.3
1527052082.3	4300	59.762088	0.0	2134614	555	4.3
1527052086.5	4300	59.51283	0.0	2164140	545	4.3
1527052090.27	4300	59.760996	0.0	2113193	583	4.3
1527052094.43	4300	59.511574	0.0	2147852	526	4.3
1527052098.39	4300	59.512664	0.0	2191074	794	4.3
1527052102.53	4300	59.512789	0.0	2286761	1000	4.3
1527052106.43	4300	59.512032	0.0	2307787	749	4.3
1527052110.19	4300	59.761977	0.0	2143948	613	4.3
1527052114.32	4300	59.762146	0.0	1919781	490	4.3
1527052118.54	4300	59.502181	0.0	2147467	584	4.3
1527052122.17	4300	59.762923	0.0	2133870	484	4.3
1527052126.28	4300	59.762573	0.0	2146120	463	4.3
1527052130.37	4300	59.512773	0.0	2108491	440	4.3
1527052134.47	4300	59.512562	0.0	2184571	435	4.3
1527052138.58	4300	59.512898	0.0	2121928	429	4.3
1527052142.24	4300	59.762793	0.0	2219102	510	4.3
1527052146.34	4300	59.761198	0.0	2124950	470	4.3
1527052150.46	4300	59.512176	0.0	2246506	460	4.3
1527052154.52	4300	59.512837	0.0	1961140	413	4.3
1527052158.15	4300	59.75719	0.0	2155012	482	4.3
1527052159.65	4300	59.942764	0.0	1433658	361	4.3

1527052160.33	750	3.978862	0.215	668286	140	-0.9245
1527052160.92	4300	7.400014	0.0	2123065	410	0.75
1527052161.43	4300	10.886766	0.0	2177073	384	4.3
1527052162.14	4300	14.170518	0.0	2160877	582	4.3
1527052162.89	4300	17.420803	0.0	2233056	623	4.3
1527052163.49	4300	20.81728	0.0	1941625	475	4.3
1527052164.33	4300	23.986133	0.0	2157535	699	4.3
1527052165.19	4300	27.117756	0.0	2290172	722	4.3
1527052165.95	4300	30.359628	0.0	2055469	636	4.3
1527052166.76	4300	33.553291	0.0	2169201	677	4.3
1527052167.59	4300	36.72276	0.0	2173522	701	4.3
1527052168.36	4300	39.956986	0.0	2102452	626	4.3
1527052169.19	4300	43.123025	0.0	2209463	707	4.3
1527052170.0	4300	46.307593	0.0	2275376	665	4.3
1527052170.66	4300	49.657728	0.0	2005399	520	4.3
1527052171.3	4300	53.01503	0.0	2152483	497	4.3
1527052171.9	4300	56.42202	0.0	2289689	460	4.3
1527052172.4	4300	59.917477	0.0	2059512	370	4.3
1527052176.94	4300	59.50171	0.0	2220726	392	4.3
1527052180.54	4300	59.99782	0.0	2156729	453	4.3
1527052184.61	4300	59.75162	0.0	2039773	427	4.3
1527052188.8	4300	59.751707	0.0	2176469	500	4.3
1527052192.58	4300	59.75182	0.0	2221506	616	4.3
1527052196.89	4300	59.498915	0.0	2044075	658	4.3
1527052200.76	4300	59.751628	0.0	2186790	696	4.3
1527052204.59	4300	59.751714	0.0	2105231	696	4.3
1527052208.44	4300	59.999142	0.0	2395588	702	4.3
1527052212.92	4300	59.50157	0.0	1972048	831	4.3
1527052216.81	4300	59.501846	0.0	2134614	757	4.3
1527052220.65	4300	59.74714	0.0	2164140	682	4.3
1527052225.05	4300	59.501881	0.0	2113193	761	4.3
1527052228.37	4300	59.996441	0.0	2147852	676	4.3
1527052232.71	4300	59.750525	0.0	2191074	691	4.3
1527052236.93	4300	59.501597	0.0	2286761	1085	4.3
1527052240.98	4300	59.501774	0.0	2307787	892	4.3
1527052244.77	4300	59.748239	0.0	2143948	652	4.3
1527052248.97	4300	59.501478	0.0	1919781	547	4.3
1527052252.63	4300	59.751594	0.0	2147467	524	4.3
1527052256.78	4300	59.747947	0.0	2133870	509	4.3
1527052261.0	4300	59.501631	0.0	2146120	586	4.3
1527052264.7	4300	59.751325	0.0	2108491	570	4.3
1527052268.6	4300	59.750843	0.0	2184571	744	4.3
1527052272.44	4300	59.99824	0.0	2121928	707	4.3
1527052276.85	4300	59.501623	0.0	2219102	771	4.3
1527052280.78	4300	59.751678	0.0	2124950	741	4.3
1527052284.64	4300	59.751032	0.0	2246506	707	4.3
1527052288.88	4300	59.501639	0.0	1961140	598	4.3
1527052292.67	4300	59.751394	0.0	2155012	630	4.3
1527052294.24	4300	59.931786	0.0	1433658	447	4.3
