1527048147.84	750	4	0.326	450283	239	-1.4018
1527048148.62	4300	8	0.0	2123065	300	0.75
1527048149.29	4300	12	0.0	2177073	448	4.3
1527048150.06	4300	16	0.0	2160877	571	4.3
1527048151.02	4300	20	0.0	2233056	771	4.3
1527048151.88	4300	24	0.0	1941625	644	4.3
1527048152.83	4300	28	0.0	2157535	762	4.3
1527048153.74	4300	32	0.0	2290172	726	4.3
1527048154.47	4300	36	0.0	2055469	558	4.3
1527048155.29	4300	40	0.0	2169201	614	4.3
1527048156.12	4300	44	0.0	2173522	657	4.3
1527048156.84	4300	47.810454	0.0	2102452	548	4.3
1527048157.54	4300	51.114206	0.0	2209463	520	4.3
1527048158.33	4300	54.330141	0.0	2275376	570	4.3
1527048159.05	4300	57.597431	0.0	2005399	538	4.3
1527048161.14	4300	59.528916	0.0	2152483	883	4.3
1527048165.17	4300	59.527893	0.0	2289689	850	4.3
1527048169.31	4300	59.528962	0.0	2059512	927	4.3
1527048173.28	4300	59.528853	0.0	2220726	755	4.3
1527048177.15	4300	59.528885	0.0	2156729	645	4.3
1527048181.34	4300	59.528835	0.0	2039773	520	4.3
1527048185.08	4300	59.778392	0.0	2176469	553	4.3
1527048188.92	4300	59.779038	0.0	2221506	654	4.3
1527048193.15	4300	59.528696	0.0	2044075	547	4.3
1527048196.97	4300	59.778487	0.0	2186790	639	4.3
1527048201.16	4300	59.526366	0.0	2105231	506	4.3
1527048204.93	4300	59.779128	0.0	2395588	584	4.3
1527048209.18	4300	59.52873	0.0	1972048	553	4.3
1527048213.35	4300	59.526764	0.0	2134614	977	4.3
1527048217.22	4300	59.529	0.0	2164140	1138	4.3
1527048221.27	4300	59.528639	0.0	2113193	838	4.3
1527048225.26	4300	59.528059	0.0	2147852	768	4.3
1527048229.19	4300	59.528788	0.0	2191074	720	4.3
1527048233.05	4300	59.779005	0.0	2286761	674	4.3
1527048237.3	4300	59.529131	0.0	2307787	562	4.3
1527048241.11	4300	59.525687	0.0	2143948	621	4.3
1527048244.86	4300	59.779077	0.0	1919781	559	4.3
1527048249.21	4300	59.528993	0.0	2147467	642	4.3
1527048253.02	4300	59.779063	0.0	2133870	597	4.3
1527048257.26	4300	59.528977	0.0	2146120	511	4.3
1527048260.95	4300	59.777864	0.0	2108491	495	4.3
1527048265.15	4300	59.705316	0.0	2184571	476	4.3
1527048268.86	4300	59.9554	0.0	2121928	529	4.3
1527048272.81	4300	59.955266	0.0	2219102	760	4.3
1527048276.77	4300	59.955167	0.0	2124950	746	4.3
1527048280.7	4300	59.955217	0.0	2246506	742	4.3
1527048284.91	4300	59.95518	0.0	1961140	1515	4.3
1527048289.01	4300	59.705203	0.0	2155012	946	4.3
1527048290.64	4300	59.88363	0.0	1433658	489	4.3

1527048291.47	750	3.973989	0.367	668286	270	-1.5780999999999998
1527048292.29	4300	7.144985	0.0	2123065	604	0.75
1527048293.01	4300	10.420487	0.0	2177073	527	4.3
1527048293.69	4300	13.738274	0.0	2160877	493	4.3
1527048294.34	4300	17.096792	0.0	2233056	454	4.3
1527048294.98	4300	20.453312	0.0	1941625	464	4.3
1527048295.64	4300	23.786893	0.0	2157535	493	4.3
1527048296.36	4300	27.068037	0.0	2290172	541	4.3
1527048297.02	4300	30.418633	0.0	2055469	459	4.3
1527048297.72	4300	33.707233	0.0	2169201	515	4.3
1527048298.35	4300	37.084749	0.0	2173522	445	4.3
1527048298.99	4300	40.443653	0.0	2102452	462	4.3
1527048299.69	4300	43.740592	0.0	2209463	528	4.3
1527048300.41	4300	47.020387	0.0	2275376	523	4.3
1527048300.98	4300	50.456801	0.0	2005399	389	4.3
1527048301.58	4300	53.856149	0.0	2152483	410	4.3
1527048302.19	4300	57.244566	0.0	2289689	420	4.3
1527048303.72	4300	59.750449	0.0	2059512	334	4.3
1527048307.82	4300	59.751603	0.0	2220726	415	4.3
1527048311.95	4300	59.500203	0.0	2156729	432	4.3
1527048316.08	4300	59.501421	0.0	2039773	418	4.3
1527048319.7	4300	59.751704	0.0	2176469	430	4.3
1527048323.81	4300	59.750793	0.0	2221506	430	4.3
1527048327.95	4300	59.50171	0.0	2044075	443	4.3
1527048331.67	4300	59.751351	0.0	2186790	530	4.3
1527048335.85	4300	59.751436	0.0	2105231	511	4.3
1527048340.05	4300	59.501396	0.0	2395588	510	4.3
1527048343.71	4300	59.751577	0.0	1972048	478	4.3
1527048347.89	4300	59.751578	0.0	2134614	478	4.3
1527048352.05	4300	59.501414	0.0	2164140	480	4.3
1527048355.71	4300	59.751333	0.0	2113193	478	4.3
1527048359.46	4300	59.998352	0.0	2147852	543	4.3
1527048363.75	4300	59.750344	0.0	2191074	605	4.3
1527048367.71	4300	59.751469	0.0	2286761	531	4.3
1527048371.83	4300	59.751616	0.0	2307787	436	4.3
1527048375.92	4300	59.500935	0.0	2143948	400	4.3
1527048380.07	4300	59.501421	0.0	1919781	437	4.3
1527048383.7	4300	59.751395	0.0	2147467	445	4.3
1527048387.8	4300	59.75163	0.0	2133870	417	4.3
1527048391.69	4300	59.751674	0.0	2146120	1214	4.3
1527048395.67	4300	59.751646	0.0	2108491	778	4.3
1527048399.74	4300	59.751286	0.0	2184571	877	4.3
1527048404.11	4300	59.500975	0.0	2121928	678	4.3
1527048407.94	4300	59.501567	0.0	2219102	637	4.3
1527048411.67	4300	59.749164	0.0	2124950	545	4.3
1527048415.87	4300	59.75172	0.0	2246506	514	4.3
1527048419.97	4300	59.501506	0.0	1961140	415	4.3
1527048423.74	4300	59.75075	0.0	2155012	511	4.3
1527048425.35	4300	59.931769	0.0	1433658	394	4.3

1527048426.38	750	4	0.496	668286	432	-2.1327999999999996
1527048427.52	4300	6.836274	0.0	2123065	929	0.75
1527048428.43	4300	9.938964	0.0	2177073	723	4.3
1527048429.28	4300	13.076135	0.0	2160877	675	4.3
1527048430.62	4300	15.73208	0.0	2233056	1159	4.3
1527048431.49	4300	18.870645	0.0	1941625	688	4.3
1527048432.38	4300	21.982199	0.0	2157535	708	4.3
1527048433.11	4300	25.239384	0.0	2290172	558	4.3
1527048433.75	4300	28.608251	0.0	2055469	446	4.3
1527048434.35	4300	32.003172	0.0	2169201	425	4.3
1527048434.93	4300	35.418625	0.0	2173522	405	4.3
1527048435.47	4300	38.886096	0.0	2102452	359	4.3
1527048436.02	4300	42.326643	0.0	2209463	382	4.3
1527048436.55	4300	45.808912	0.0	2275376	347	4.3
1527048437.02	4300	49.334458	0.0	2005399	292	4.3
1527048437.62	4300	52.730707	0.0	2152483	419	4.3
1527048438.4	4300	55.956203	0.0	2289689	596	4.3
1527048439.19	4300	59.165064	0.0	2059512	619	4.3
1527048442.96	4300	59.502564	0.0	2220726	581	4.3
1527048446.7	4300	59.753186	0.0	2156729	557	4.3
1527048450.97	4300	59.502567	0.0	2039773	571	4.3
1527048454.82	4300	59.753088	0.0	2176469	650	4.3
1527048459.08	4300	59.502678	0.0	2221506	563	4.3
1527048462.76	4300	59.753209	0.0	2044075	503	4.3
1527048467.02	4300	59.503217	0.0	2186790	559	4.3
1527048470.75	4300	59.753277	0.0	2105231	534	4.3
1527048474.97	4300	59.503082	0.0	2395588	529	4.3
1527048478.65	4300	59.75316	0.0	1972048	480	4.3
1527048482.58	4300	59.752973	0.0	2134614	746	4.3
1527048486.96	4300	59.503204	0.0	2164140	688	4.3
1527048490.69	4300	59.752836	0.0	2113193	526	4.3
1527048494.88	4300	59.503288	0.0	2147852	493	4.3
1527048499.05	4300	59.503275	0.0	2191074	467	4.3
1527048502.75	4300	59.752952	0.0	2286761	535	4.3
1527048506.96	4300	59.502672	0.0	2307787	514	4.3
1527048510.91	4300	59.503174	0.0	2143948	768	4.3
1527048514.85	4300	59.503152	0.0	1919781	747	4.3
1527048518.95	4300	59.502392	0.0	2147467	901	4.3
1527048522.96	4300	59.502814	0.0	2133870	1296	4.3
1527048526.59	4300	59.753107	0.0	2146120	937	4.3
1527048530.58	4300	59.752974	0.0	2108491	814	4.3
1527048534.59	4300	59.753012	0.0	2184571	785	4.3
1527048538.88	4300	59.5032	0.0	2121928	605	4.3
1527048542.73	4300	59.75242	0.0	2219102	652	4.3
1527048546.78	4300	59.753168	0.0	2124950	873	4.3
1527048550.76	4300	59.753164	0.0	2246506	766	4.3
1527048554.64	4300	59.753068	0.0	1961140	707	4.3
1527048558.87	4300	59.503129	0.0	2155012	558	4.3
1527048560.4	4300	59.67955	0.0	1433658	367	4.3

1527048561.14	750	3.970243	0.251	668286	174	-1.0793
1527048561.89	4300	7.209831	0.0	2123065	537	0.75
1527048562.58	4300	10.5192	0.0	2177073	502	4.3
1527048563.22	4300	13.884255	0.0	2160877	461	4.3
1527048563.87	4300	17.237179	0.0	2233056	448	4.3
1527048564.55	4300	20.554003	0.0	1941625	496	4.3
1527048565.75	4300	23.350894	0.0	2157535	1030	4.3
1527048566.76	4300	26.341717	0.0	2290172	837	4.3
1527048567.54	4300	29.577896	0.0	2055469	580	4.3
1527048568.25	4300	32.858669	0.0	2169201	533	4.3
1527048569.0	4300	36.108221	0.0	2173522	570	4.3
1527048569.61	4300	39.493989	0.0	2102452	429	4.3
1527048570.32	4300	42.790006	0.0	2209463	525	4.3
1527048571.17	4300	45.926571	0.0	2275376	675	4.3
1527048571.91	4300	49.193826	0.0	2005399	557	4.3
1527048572.65	4300	52.452676	0.0	2152483	552	4.3
1527048573.3	4300	55.810375	0.0	2289689	472	4.3
1527048573.94	4300	59.163252	0.0	2059512	448	4.3
1527048577.15	4300	59.995568	0.0	2220726	537	4.3
1527048581.46	4300	59.745519	0.0	2156729	631	4.3
1527048585.4	4300	59.745369	0.0	2039773	728	4.3
1527048589.5	4300	59.745729	0.0	2176469	914	4.3
1527048593.53	4300	59.745639	0.0	2221506	840	4.3
1527048597.49	4300	59.745622	0.0	2044075	764	4.3
1527048601.42	4300	59.745588	0.0	2186790	729	4.3
1527048605.31	4300	59.99543	0.0	2105231	675	4.3
1527048609.1	4300	59.993718	0.0	2395588	592	4.3
1527048613.25	4300	59.995454	0.0	1972048	463	4.3
1527048617.49	4300	59.74555	0.0	2134614	554	4.3
1527048621.18	4300	59.995062	0.0	2164140	474	4.3
1527048625.44	4300	59.745625	0.0	2113193	536	4.3
1527048629.14	4300	59.992327	0.0	2147852	515	4.3
1527048633.29	4300	59.995692	0.0	2191074	457	4.3
1527048637.57	4300	59.7457	0.0	2286761	576	4.3
1527048641.23	4300	59.995468	0.0	2307787	479	4.3
1527048645.35	4300	59.745531	0.0	2143948	412	4.3
1527048649.49	4300	59.745444	0.0	1919781	450	4.3
1527048653.12	4300	59.995617	0.0	2147467	433	4.3
1527048657.19	4300	59.995664	0.0	2133870	1388	4.3
1527048661.15	4300	59.994335	0.0	2146120	734	4.3
1527048665.3	4300	59.995454	0.0	2108491	955	4.3
1527048669.25	4300	59.995246	0.0	2184571	1250	4.3
1527048673.54	4300	59.745418	0.0	2121928	1099	4.3
1527048677.14	4300	59.995383	0.0	2219102	899	4.3
1527048681.49	4300	59.74508	0.0	2124950	675	4.3
1527048685.3	4300	59.993172	0.0	2246506	632	4.3
1527048689.48	4300	59.745532	0.0	1961140	491	4.3
1527048693.19	4300	59.995303	0.0	2155012	535	4.3
1527048695.16	4300	59.675639	0.0	1433658	326	4.3

1527048695.84	750	3.985826	0.215	668286	134	-0.9245
1527048696.84	4300	6.994504	0.0	2123065	773	0.75
1527048697.62	4300	10.206645	0.0	2177073	601	4.3
1527048698.38	4300	13.437335	0.0	2160877	598	4.3
1527048699.19	4300	16.630837	0.0	2233056	633	4.3
1527048699.83	4300	19.997141	0.0	1941625	457	4.3
1527048700.52	4300	23.316221	0.0	2157535	474	4.3
1527048701.28	4300	26.545089	0.0	2290172	585	4.3
1527048701.95	4300	29.867715	0.0	2055469	493	4.3
1527048702.62	4300	33.216123	0.0	2169201	478	4.3
1527048703.22	4300	36.609812	0.0	2173522	426	4.3
1527048703.83	4300	39.993118	0.0	2102452	395	4.3
1527048704.41	4300	43.410647	0.0	2209463	391	4.3
1527048705.15	4300	46.672814	0.0	2275376	554	4.3
1527048705.76	4300	50.059468	0.0	2005399	425	4.3
1527048706.5	4300	53.31992	0.0	2152483	556	4.3
1527048707.22	4300	56.600296	0.0	2289689	518	4.3
1527048707.83	4300	59.987344	0.0	2059512	438	4.3
1527048712.44	4300	59.51151	0.0	2220726	408	4.3
1527048716.17	4300	59.761397	0.0	2156729	541	4.3
1527048720.49	4300	59.511267	0.0	2039773	636	4.3
1527048724.06	4300	59.761374	0.0	2176469	875	4.3
1527048728.46	4300	59.511343	0.0	2221506	706	4.3
1527048732.22	4300	59.761599	0.0	2044075	560	4.3
1527048736.12	4300	59.761509	0.0	2186790	703	4.3
1527048740.44	4300	59.511263	0.0	2105231	631	4.3
1527048744.34	4300	59.511449	0.0	2395588	716	4.3
1527048748.09	4300	59.76054	0.0	1972048	532	4.3
1527048752.24	4300	59.761621	0.0	2134614	465	4.3
1527048756.44	4300	59.51153	0.0	2164140	506	4.3
1527048760.22	4300	59.761527	0.0	2113193	533	4.3
1527048764.58	4300	59.508022	0.0	2147852	586	4.3
1527048768.15	4300	59.761718	0.0	2191074	852	4.3
1527048772.52	4300	59.50982	0.0	2286761	689	4.3
1527048776.36	4300	59.510465	0.0	2307787	1145	4.3
1527048780.48	4300	59.50977	0.0	2143948	930	4.3
1527048784.31	4300	59.511668	0.0	1919781	650	4.3
1527048788.28	4300	59.509916	0.0	2147467	762	4.3
1527048792.17	4300	59.761547	0.0	2133870	697	4.3
1527048796.48	4300	59.511569	0.0	2146120	608	4.3
1527048800.21	4300	59.761236	0.0	2108491	541	4.3
1527048804.48	4300	59.511029	0.0	2184571	595	4.3
1527048808.18	4300	59.761401	0.0	2121928	507	4.3
1527048812.32	4300	59.511598	0.0	2219102	458	4.3
1527048816.07	4300	59.761379	0.0	2124950	542	4.3
1527048820.26	4300	59.656704	0.0	2246506	504	4.3
1527048824.62	4300	59.511596	0.0	1961140	436	4.3
1527048828.2	4300	59.760537	0.0	2155012	442	4.3
1527048829.65	4300	59.941412	0.0	1433658	291	4.3

1527048830.24	750	3.97743	0.163	668286	101	-0.7009
1527048830.81	4300	7.402256	0.0	2123065	370	0.75
1527048831.4	4300	10.822218	0.0	2177073	406	4.3
1527048832.0	4300	14.22175	0.0	2160877	399	4.3
1527048832.64	4300	17.569097	0.0	2233056	459	4.3
1527048833.26	4300	20.954064	0.0	1941625	437	4.3
1527048833.81	4300	24.401457	0.0	2157535	381	4.3
1527048834.38	4300	27.833462	0.0	2290172	392	4.3
1527048834.97	4300	31.245674	0.0	2055469	422	4.3
1527048835.61	4300	34.599984	0.0	2169201	476	4.3
1527048836.37	4300	37.841035	0.0	2173522	571	4.3
1527048837.04	4300	41.173638	0.0	2102452	492	4.3
1527048837.68	4300	44.53075	0.0	2209463	462	4.3
1527048838.41	4300	47.80371	0.0	2275376	545	4.3
1527048839.07	4300	51.140496	0.0	2005399	482	4.3
1527048839.79	4300	54.448623	0.0	2152483	511	4.3
1527048840.74	4300	57.472797	0.0	2289689	764	4.3
1527048842.88	4300	59.499935	0.0	2059512	956	4.3
1527048846.69	4300	59.749647	0.0	2220726	1121	4.3
1527048850.63	4300	59.749872	0.0	2156729	750	4.3
1527048854.6	4300	59.749951	0.0	2039773	769	4.3
1527048858.65	4300	59.749126	0.0	2176469	859	4.3
1527048862.66	4300	59.749195	0.0	2221506	827	4.3
1527048866.55	4300	59.750085	0.0	2044075	697	4.3
1527048870.46	4300	59.749761	0.0	2186790	705	4.3
1527048874.71	4300	59.499958	0.0	2105231	561	4.3
1527048878.53	4300	59.749947	0.0	2395588	626	4.3
1527048882.74	4300	59.499707	0.0	1972048	528	4.3
1527048886.92	4300	59.500162	0.0	2134614	493	4.3
1527048890.56	4300	59.749766	0.0	2164140	454	4.3
1527048894.81	4300	59.499842	0.0	2113193	515	4.3
1527048898.86	4300	59.499397	0.0	2147852	370	4.3
1527048902.5	4300	59.749847	0.0	2191074	451	4.3
1527048906.47	4300	59.743019	0.0	2286761	778	4.3
1527048910.48	4300	59.748024	0.0	2307787	824	4.3
1527048914.6	4300	59.749253	0.0	2143948	914	4.3
1527048918.54	4300	59.750023	0.0	1919781	758	4.3
1527048922.41	4300	59.998237	0.0	2147467	701	4.3
1527048926.19	4300	59.999019	0.0	2133870	599	4.3
1527048930.51	4300	59.74987	0.0	2146120	607	4.3
1527048934.45	4300	59.749784	0.0	2108491	736	4.3
1527048938.19	4300	59.997339	0.0	2184571	1069	4.3
1527048942.59	4300	59.749984	0.0	2121928	725	4.3
1527048946.43	4300	59.750044	0.0	2219102	650	4.3
1527048950.68	4300	59.499457	0.0	2124950	551	4.3
1527048954.54	4300	59.75	0.0	2246506	682	4.3
1527048958.9	4300	59.500033	0.0	1961140	670	4.3
1527048962.78	4300	59.499752	0.0	2155012	714	4.3
1527048964.33	4300	59.67988	0.0	1433658	393	4.3

1527048964.97	750	4	0.225	668286	166	-0.9675
1527048965.67	4300	7.29762	0.0	2123065	473	0.75
1527048966.37	4300	10.592403	0.0	2177073	525	4.3
1527048967.18	4300	13.787598	0.0	2160877	617	4.3
1527048968.0	4300	16.971348	0.0	2233056	622	4.3
1527048968.63	4300	20.330551	0.0	1941625	438	4.3
1527048969.52	4300	23.695337	0.0	2157535	458	4.3
1527048970.24	4300	26.726373	0.0	2290172	528	4.3
1527048970.89	4300	30.0429	0.0	2055469	514	4.3
1527048971.8	4300	33.163363	0.0	2169201	734	4.3
1527048972.7	4300	36.27363	0.0	2173522	720	4.3
1527048973.54	4300	39.420616	0.0	2102452	671	4.3
1527048974.79	4300	42.171586	0.0	2209463	1071	4.3
1527048975.81	4300	45.148118	0.0	2275376	832	4.3
1527048976.66	4300	48.306969	0.0	2005399	667	4.3
1527048977.86	4300	51.097309	0.0	2152483	1011	4.3
1527048978.98	4300	53.980767	0.0	2289689	951	4.3
1527048979.99	4300	56.966903	0.0	2059512	839	4.3
1527048981.36	4300	59.76154	0.0	2220726	686	4.3
1527048985.21	4300	59.760996	0.0	2156729	660	4.3
1527048989.42	4300	59.759282	0.0	2039773	534	4.3
1527048993.24	4300	59.760922	0.0	2176469	602	4.3
1527048997.48	4300	59.51154	0.0	2221506	527	4.3
1527049001.61	4300	59.51156	0.0	2044075	442	4.3
1527049005.32	4300	59.761703	0.0	2186790	526	4.3
1527049009.2	4300	59.761843	0.0	2105231	689	4.3
1527049013.52	4300	59.511359	0.0	2395588	621	4.3
1527049017.17	4300	59.922143	0.0	1972048	440	4.3
1527049021.36	4300	59.671687	0.0	2134614	475	4.3
1527049025.2	4300	59.922707	0.0	2164140	635	4.3
1527049029.51	4300	59.672702	0.0	2113193	590	4.3
1527049033.16	4300	59.922544	0.0	2147852	446	4.3
1527049037.37	4300	59.672116	0.0	2191074	471	4.3
1527049041.09	4300	59.944547	0.0	2286761	528	4.3
1527049045.32	4300	59.693951	0.0	2307787	548	4.3
1527049049.35	4300	59.694665	0.0	2143948	848	4.3
1527049053.03	4300	59.944901	0.0	1919781	493	4.3
1527049057.13	4300	59.944469	0.0	2147467	424	4.3
1527049061.31	4300	59.692673	0.0	2133870	490	4.3
1527049065.5	4300	59.695003	0.0	2146120	491	4.3
1527049069.17	4300	59.944606	0.0	2108491	398	4.3
1527049073.26	4300	59.694841	0.0	2184571	387	4.3
1527049077.39	4300	59.695037	0.0	2121928	429	4.3
1527049081.19	4300	59.944324	0.0	2219102	620	4.3
1527049085.44	4300	59.694963	0.0	2124950	561	4.3
1527049089.17	4300	59.94498	0.0	2246506	558	4.3
1527049093.28	4300	59.695071	0.0	1961140	429	4.3
1527049097.48	4300	59.695148	0.0	2155012	537	4.3
1527049099.01	4300	59.620119	0.0	1433658	369	4.3

1527049099.61	750	3.996776	0.193	668286	145	-0.8299
1527049100.28	4300	7.316235	0.0	2123065	457	0.75
1527049100.88	4300	10.712844	0.0	2177073	418	4.3
1527049101.58	4300	14.016302	0.0	2160877	530	4.3
1527049102.45	4300	17.14411	0.0	2233056	673	4.3
1527049103.14	4300	20.453723	0.0	1941625	508	4.3
1527049103.84	4300	23.75708	0.0	2157535	514	4.3
1527049104.54	4300	27.058724	0.0	2290172	525	4.3
1527049105.29	4300	30.308077	0.0	2055469	561	4.3
1527049106.08	4300	33.516712	0.0	2169201	604	4.3
1527049106.75	4300	36.850733	0.0	2173522	475	4.3
1527049107.4	4300	40.193291	0.0	2102452	477	4.3
1527049108.11	4300	43.483625	0.0	2209463	519	4.3
1527049108.83	4300	46.762577	0.0	2275376	535	4.3
1527049109.42	4300	50.170063	0.0	2005399	413	4.3
1527049110.01	4300	53.577253	0.0	2152483	416	4.3
1527049110.63	4300	56.961933	0.0	2289689	422	4.3
1527049111.78	4300	59.985383	0.0	2059512	469	4.3
1527049116.07	4300	59.750282	0.0	2220726	606	4.3
1527049119.61	4300	59.996551	0.0	2156729	863	4.3
1527049123.62	4300	59.99221	0.0	2039773	806	4.3
1527049128.26	4300	59.500269	0.0	2176469	934	4.3
1527049132.27	4300	59.500385	0.0	2221506	807	4.3
1527049135.9	4300	59.750251	0.0	2044075	933	4.3
1527049140.14	4300	59.500616	0.0	2186790	1044	4.3
1527049143.59	4300	59.998876	0.0	2105231	772	4.3
1527049148.07	4300	59.750407	0.0	2395588	765	4.3
1527049152.33	4300	59.249406	0.0	1972048	576	4.3
1527049156.14	4300	59.500463	0.0	2134614	622	4.3
1527049160.11	4300	59.498516	0.0	2164140	780	4.3
1527049163.96	4300	59.750558	0.0	2113193	656	4.3
1527049168.3	4300	59.500374	0.0	2147852	591	4.3
1527049172.03	4300	59.748428	0.0	2191074	536	4.3
1527049176.22	4300	59.500351	0.0	2286761	500	4.3
1527049179.95	4300	59.750617	0.0	2307787	543	4.3
1527049184.17	4300	59.500052	0.0	2143948	498	4.3
1527049187.83	4300	59.770914	0.0	1919781	440	4.3
1527049191.97	4300	59.771065	0.0	2147467	461	4.3
1527049196.09	4300	59.520751	0.0	2133870	422	4.3
1527049200.18	4300	59.520845	0.0	2146120	387	4.3
1527049204.22	4300	59.520864	0.0	2108491	353	4.3
1527049207.85	4300	59.770609	0.0	2184571	429	4.3
1527049211.98	4300	59.770594	0.0	2121928	435	4.3
1527049216.18	4300	59.520872	0.0	2219102	485	4.3
1527049219.82	4300	59.77067	0.0	2124950	461	4.3
1527049223.9	4300	59.658413	0.0	2246506	399	4.3
1527049227.96	4300	59.770406	0.0	1961140	390	4.3
1527049232.09	4300	59.520855	0.0	2155012	464	4.3
1527049233.31	4300	59.95085	0.0	1433658	577	4.3

1527049234.33	750	3.977605	0.354	668286	272	-1.5222
1527049235.3	4300	7.005767	0.0	2123065	765	0.75
1527049236.1	4300	10.212272	0.0	2177073	614	4.3
1527049236.81	4300	13.497742	0.0	2160877	527	4.3
1527049237.58	4300	16.721068	0.0	2233056	604	4.3
1527049238.28	4300	20.027846	0.0	1941625	507	4.3
1527049238.97	4300	23.340173	0.0	2157535	503	4.3
1527049239.63	4300	26.6757	0.0	2290172	487	4.3
1527049240.21	4300	30.10184	0.0	2055469	400	4.3
1527049240.78	4300	33.531459	0.0	2169201	396	4.3
1527049241.34	4300	36.963985	0.0	2173522	375	4.3
1527049242.01	4300	40.353953	0.0	2102452	441	4.3
1527049242.66	4300	43.645336	0.0	2209463	471	4.3
1527049243.25	4300	47.068476	0.0	2275376	410	4.3
1527049243.79	4300	50.51593	0.0	2005399	361	4.3
1527049244.43	4300	53.876092	0.0	2152483	450	4.3
1527049245.34	4300	56.958302	0.0	2289689	732	4.3
1527049247.05	4300	59.49889	0.0	2059512	528	4.3
1527049250.82	4300	59.497484	0.0	2220726	552	4.3
1527049255.01	4300	59.499826	0.0	2156729	497	4.3
1527049258.71	4300	59.748088	0.0	2039773	473	4.3
1527049262.56	4300	59.748204	0.0	2176469	644	4.3
1527049266.93	4300	59.499877	0.0	2221506	692	4.3
1527049270.9	4300	59.500008	0.0	2044075	768	4.3
1527049274.99	4300	59.49982	0.0	2186790	906	4.3
1527049278.44	4300	59.995229	0.0	2105231	779	4.3
1527049282.84	4300	59.499988	0.0	2395588	715	4.3
1527049286.55	4300	59.749789	0.0	1972048	513	4.3
1527049290.32	4300	59.999152	0.0	2134614	585	4.3
1527049294.56	4300	59.749732	0.0	2164140	561	4.3
1527049299.03	4300	59.499918	0.0	2113193	766	4.3
1527049302.97	4300	59.499899	0.0	2147852	746	4.3
1527049306.84	4300	59.499333	0.0	2191074	685	4.3
1527049310.58	4300	59.749043	0.0	2286761	554	4.3
1527049314.91	4300	59.497306	0.0	2307787	630	4.3
1527049318.63	4300	59.749003	0.0	2143948	537	4.3
1527049322.53	4300	59.748238	0.0	1919781	639	4.3
1527049326.74	4300	59.747775	0.0	2147467	525	4.3
1527049331.02	4300	59.249919	0.0	2133870	574	4.3
1527049334.92	4300	59.499806	0.0	2146120	710	4.3
1527049338.58	4300	59.748857	0.0	2108491	967	4.3
1527049342.7	4300	59.749113	0.0	2184571	915	4.3
1527049346.64	4300	59.749089	0.0	2121928	763	4.3
1527049350.59	4300	59.749471	0.0	2219102	749	4.3
1527049354.51	4300	59.750105	0.0	2124950	728	4.3
1527049358.75	4300	59.75016	0.0	2246506	543	4.3
1527049362.87	4300	59.500024	0.0	1961140	444	4.3
1527049366.98	4300	59.499401	0.0	2155012	465	4.3
1527049368.49	4300	59.676388	0.0	1433658	351	4.3

1527049369.11	750	3.981588	0.197	668286	133	-0.8471
1527049369.69	4300	7.398012	0.0	2123065	372	0.75
1527049370.29	4300	10.791059	0.0	2177073	365	4.3
1527049370.83	4300	14.251814	0.0	2160877	357	4.3
1527049371.44	4300	17.647238	0.0	2233056	431	4.3
1527049371.96	4300	21.12905	0.0	1941625	345	4.3
1527049372.53	4300	24.556389	0.0	2157535	394	4.3
1527049373.2	4300	27.892992	0.0	2290172	477	4.3
1527049373.84	4300	31.239715	0.0	2055469	466	4.3
1527049374.56	4300	34.523147	0.0	2169201	546	4.3
1527049375.22	4300	37.864658	0.0	2173522	480	4.3
1527049375.84	4300	41.24476	0.0	2102452	442	4.3
1527049376.5	4300	44.583839	0.0	2209463	480	4.3
1527049377.02	4300	48.058803	0.0	2275376	348	4.3
1527049377.5	4300	51.583016	0.0	2005399	307	4.3
1527049378.12	4300	54.9634	0.0	2152483	434	4.3
1527049378.91	4300	58.173813	0.0	2289689	537	4.3
1527049381.6	4300	59.501535	0.0	2059512	509	4.3
1527049385.32	4300	59.997235	0.0	2220726	530	4.3
1527049389.51	4300	59.751301	0.0	2156729	481	4.3
1527049393.66	4300	59.451639	0.0	2039773	463	4.3
1527049397.43	4300	59.701464	0.0	2176469	577	4.3
1527049401.17	4300	59.951447	0.0	2221506	530	4.3
1527049405.33	4300	59.951089	0.0	2044075	483	4.3
1527049409.18	4300	59.95174	0.0	2186790	646	4.3
1527049413.31	4300	59.948584	0.0	2105231	446	4.3
1527049417.52	4300	59.70076	0.0	2395588	472	4.3
1527049421.58	4300	59.701592	0.0	1972048	374	4.3
1527049425.2	4300	59.951653	0.0	2134614	421	4.3
1527049429.38	4300	59.948426	0.0	2164140	473	4.3
1527049433.37	4300	59.951218	0.0	2113193	532	4.3
1527049437.56	4300	59.701758	0.0	2147852	495	4.3
1527049441.39	4300	59.951447	0.0	2191074	620	4.3
1527049445.15	4300	59.950258	0.0	2286761	569	4.3
1527049449.49	4300	59.701631	0.0	2307787	637	4.3
1527049453.32	4300	59.951532	0.0	2143948	655	4.3
1527049457.57	4300	59.701572	0.0	1919781	559	4.3
1527049461.42	4300	59.701353	0.0	2147467	653	4.3
1527049465.34	4300	59.951495	0.0	2133870	731	4.3
1527049469.61	4300	59.701583	0.0	2146120	584	4.3
1527049473.32	4300	59.951494	0.0	2108491	523	4.3
1527049477.52	4300	59.701553	0.0	2184571	509	4.3
1527049481.16	4300	59.951171	0.0	2121928	459	4.3
1527049485.31	4300	59.951426	0.0	2219102	459	4.3
1527049489.52	4300	59.701506	0.0	2124950	510	4.3
1527049493.17	4300	59.951691	0.0	2246506	473	4.3
1527049497.23	4300	59.951298	0.0	1961140	365	4.3
1527049501.46	4300	59.698794	0.0	2155012	537	4.3
1527049502.98	4300	59.875588	0.0	1433658	381	4.3

1527049503.66	750	3.995643	0.195	668286	138	-0.8385
1527049504.23	4300	7.404052	0.0	2123065	359	0.75
1527049504.77	4300	10.859526	0.0	2177073	372	4.3
1527049505.27	4300	14.358066	0.0	2160877	321	4.3
1527049505.8	4300	17.832185	0.0	2233056	338	4.3
1527049506.37	4300	21.263709	0.0	1941625	369	4.3
1527049506.96	4300	24.672498	0.0	2157535	405	4.3
1527049507.54	4300	28.095822	0.0	2290172	411	4.3
1527049508.18	4300	31.452038	0.0	2055469	469	4.3
1527049508.8	4300	34.83354	0.0	2169201	452	4.3
1527049509.42	4300	38.213468	0.0	2173522	446	4.3
1527049510.22	4300	41.418197	0.0	2102452	619	4.3
1527049511.03	4300	44.604105	0.0	2209463	637	4.3
1527049511.76	4300	47.868331	0.0	2275376	557	4.3
1527049512.37	4300	51.260091	0.0	2005399	439	4.3
1527049512.96	4300	54.672983	0.0	2152483	415	4.3
1527049513.57	4300	58.062415	0.0	2289689	435	4.3
1527049516.11	4300	59.748206	0.0	2059512	359	4.3
1527049520.28	4300	59.499258	0.0	2220726	446	4.3
1527049523.91	4300	59.749664	0.0	2156729	451	4.3
1527049528.06	4300	59.749207	0.0	2039773	454	4.3
1527049531.68	4300	59.998389	0.0	2176469	441	4.3
1527049535.89	4300	59.749674	0.0	2221506	447	4.3
1527049540.01	4300	59.74965	0.0	2044075	427	4.3
1527049543.74	4300	59.999236	0.0	2186790	517	4.3
1527049547.94	4300	59.748776	0.0	2105231	513	4.3
1527049552.29	4300	59.499724	0.0	2395588	633	4.3
1527049555.65	4300	59.999284	0.0	1972048	656	4.3
1527049560.28	4300	59.499716	0.0	2134614	949	4.3
1527049563.81	4300	59.991687	0.0	2164140	833	4.3
1527049567.73	4300	59.998699	0.0	2113193	711	4.3
1527049572.1	4300	59.74963	0.0	2147852	646	4.3
1527049575.9	4300	59.749346	0.0	2191074	596	4.3
1527049579.97	4300	59.74958	0.0	2286761	871	4.3
1527049583.86	4300	59.746142	0.0	2307787	708	4.3
1527049588.06	4300	59.749603	0.0	2143948	514	4.3
1527049592.16	4300	59.499539	0.0	1919781	408	4.3
1527049596.14	4300	59.499075	0.0	2147467	766	4.3
1527049599.94	4300	59.748485	0.0	2133870	605	4.3
1527049603.89	4300	59.747068	0.0	2146120	731	4.3
1527049608.28	4300	59.496726	0.0	2108491	705	4.3
1527049612.26	4300	59.499413	0.0	2184571	711	4.3
1527049616.04	4300	59.749178	0.0	2121928	587	4.3
1527049619.7	4300	59.993057	0.0	2219102	979	4.3
1527049623.95	4300	59.749529	0.0	2124950	1073	4.3
1527049627.94	4300	59.749735	0.0	2246506	800	4.3
1527049631.72	4300	59.994771	0.0	1961140	597	4.3
1527049636.05	4300	59.749552	0.0	2155012	643	4.3
1527049637.68	4300	59.679008	0.0	1433658	454	4.3

1527049638.48	750	4	0.309	668286	254	-1.3287
1527049639.3	4300	7.176646	0.0	2123065	595	0.75
1527049640.06	4300	10.42119	0.0	2177073	545	4.3
1527049640.7	4300	13.770137	0.0	2160877	482	4.3
1527049641.38	4300	17.091145	0.0	2233056	498	4.3
1527049642.02	4300	20.454863	0.0	1941625	458	4.3
1527049642.73	4300	23.742212	0.0	2157535	526	4.3
1527049643.37	4300	27.107513	0.0	2290172	451	4.3
1527049643.93	4300	30.549053	0.0	2055469	380	4.3
1527049644.48	4300	33.992595	0.0	2169201	381	4.3
1527049645.04	4300	37.436452	0.0	2173522	371	4.3
1527049645.55	4300	40.934949	0.0	2102452	329	4.3
1527049646.17	4300	44.30426	0.0	2209463	445	4.3
1527049646.88	4300	47.591895	0.0	2275376	539	4.3
1527049647.56	4300	50.913232	0.0	2005399	508	4.3
1527049648.34	4300	54.133851	0.0	2152483	603	4.3
1527049649.1	4300	57.375847	0.0	2289689	577	4.3
1527049650.74	4300	59.770098	0.0	2059512	442	4.3
1527049654.99	4300	59.517576	0.0	2220726	568	4.3
1527049659.19	4300	59.516139	0.0	2156729	529	4.3
1527049662.76	4300	59.769664	0.0	2039773	873	4.3
1527049667.19	4300	59.519675	0.0	2176469	718	4.3
1527049671.01	4300	59.519653	0.0	2221506	623	4.3
1527049674.74	4300	59.767523	0.0	2044075	535	4.3
1527049679.09	4300	59.51963	0.0	2186790	606	4.3
1527049682.82	4300	59.769996	0.0	2105231	528	4.3
1527049687.0	4300	59.519893	0.0	2395588	493	4.3
1527049691.19	4300	59.269768	0.0	1972048	463	4.3
1527049695.07	4300	59.519904	0.0	2134614	670	4.3
1527049698.81	4300	59.769962	0.0	2164140	550	4.3
1527049703.04	4300	59.519677	0.0	2113193	524	4.3
1527049706.78	4300	59.770033	0.0	2147852	533	4.3
1527049711.15	4300	59.519476	0.0	2191074	640	4.3
1527049715.09	4300	59.519744	0.0	2286761	737	4.3
1527049718.94	4300	59.519888	0.0	2307787	642	4.3
1527049722.69	4300	59.770074	0.0	2143948	570	4.3
1527049726.82	4300	59.769989	0.0	1919781	433	4.3
1527049731.07	4300	59.519361	0.0	2147467	573	4.3
1527049734.88	4300	59.761726	0.0	2133870	617	4.3
1527049739.13	4300	59.519927	0.0	2146120	574	4.3
1527049742.85	4300	59.770133	0.0	2108491	533	4.3
1527049746.98	4300	59.519632	0.0	2184571	449	4.3
1527049750.66	4300	59.768466	0.0	2121928	491	4.3
1527049754.91	4300	59.519901	0.0	2219102	559	4.3
1527049759.13	4300	59.519694	0.0	2124950	537	4.3
1527049762.82	4300	59.769652	0.0	2246506	480	4.3
1527049766.94	4300	59.519869	0.0	1961140	442	4.3
1527049770.68	4300	59.7701	0.0	2155012	577	4.3
1527049772.27	4300	59.950032	0.0	1433658	445	4.3

1527049772.91	750	3.992801	0.191	668286	138	-0.8212999999999999
1527049773.53	4300	7.35643	0.0	2123065	392	0.75
1527049774.1	4300	10.78059	0.0	2177073	388	4.3
1527049774.74	4300	14.143842	0.0	2160877	466	4.3
1527049775.36	4300	17.519671	0.0	2233056	454	4.3
1527049775.91	4300	20.967202	0.0	1941625	378	4.3
1527049776.48	4300	24.398313	0.0	2157535	397	4.3
1527049777.07	4300	27.822712	0.0	2290172	389	4.3
1527049777.58	4300	31.302353	0.0	2055469	328	4.3
1527049778.08	4300	34.804248	0.0	2169201	328	4.3
1527049778.8	4300	38.081466	0.0	2173522	544	4.3
1527049779.77	4300	41.107888	0.0	2102452	797	4.3
1527049780.72	4300	44.16503	0.0	2209463	766	4.3
1527049781.58	4300	47.29628	0.0	2275376	688	4.3
1527049782.37	4300	50.511232	0.0	2005399	618	4.3
1527049783.2	4300	53.681607	0.0	2152483	647	4.3
1527049784.18	4300	56.694704	0.0	2289689	783	4.3
1527049784.95	4300	59.928038	0.0	2059512	589	4.3
1527049789.17	4300	59.748475	0.0	2220726	534	4.3
1527049792.91	4300	59.998477	0.0	2156729	540	4.3
1527049797.08	4300	59.999208	0.0	2039773	471	4.3
1527049801.0	4300	59.998795	0.0	2176469	679	4.3
1527049804.99	4300	59.994468	0.0	2221506	799	4.3
1527049809.26	4300	59.749134	0.0	2044075	583	4.3
1527049813.03	4300	59.997483	0.0	2186790	559	4.3
1527049817.24	4300	59.748564	0.0	2105231	498	4.3
1527049820.95	4300	59.996191	0.0	2395588	524	4.3
1527049825.07	4300	59.996567	0.0	1972048	427	4.3
1527049829.29	4300	59.748844	0.0	2134614	532	4.3
1527049833.24	4300	59.748806	0.0	2164140	755	4.3
1527049837.03	4300	59.999179	0.0	2113193	571	4.3
1527049840.89	4300	59.996749	0.0	2147852	660	4.3
1527049845.16	4300	59.748178	0.0	2191074	556	4.3
1527049848.93	4300	59.99887	0.0	2286761	576	4.3
1527049853.07	4300	59.997314	0.0	2307787	467	4.3
1527049857.4	4300	59.697037	0.0	2143948	507	4.3
1527049861.15	4300	59.947318	0.0	1919781	558	4.3
1527049864.91	4300	59.947256	0.0	2147467	566	4.3
1527049869.14	4300	59.944822	0.0	2133870	536	4.3
1527049872.92	4300	59.942813	0.0	2146120	582	4.3
1527049877.12	4300	59.946976	0.0	2108491	528	4.3
1527049881.36	4300	59.694341	0.0	2184571	528	4.3
1527049885.16	4300	59.697085	0.0	2121928	564	4.3
1527049889.25	4300	59.697237	0.0	2219102	887	4.3
1527049893.26	4300	59.697202	0.0	2124950	835	4.3
1527049897.09	4300	59.945165	0.0	2246506	641	4.3
1527049901.0	4300	59.946646	0.0	1961140	740	4.3
1527049905.29	4300	59.694497	0.0	2155012	598	4.3
1527049906.78	4300	59.876698	0.0	1433658	338	4.3

1527049907.52	750	4	0.213	668286	160	-0.9158999999999999
1527049908.12	4300	7.38067	0.0	2123065	369	0.75
1527049908.65	4300	10.856278	0.0	2177073	349	4.3
1527049909.19	4300	14.314965	0.0	2160877	355	4.3
1527049909.72	4300	17.770274	0.0	2233056	351	4.3
1527049910.21	4300	21.282536	0.0	1941625	316	4.3
1527049910.79	4300	24.711536	0.0	2157535	392	4.3
1527049911.36	4300	28.130697	0.0	2290172	398	4.3
1527049911.9	4300	31.59579	0.0	2055469	346	4.3
1527049912.44	4300	35.067447	0.0	2169201	349	4.3
1527049913.05	4300	38.445275	0.0	2173522	427	4.3
1527049913.64	4300	41.858615	0.0	2102452	411	4.3
1527049914.22	4300	45.279513	0.0	2209463	394	4.3
1527049914.92	4300	48.572252	0.0	2275376	531	4.3
1527049915.75	4300	51.746472	0.0	2005399	654	4.3
1527049916.46	4300	55.036199	0.0	2152483	535	4.3
1527049917.15	4300	58.345969	0.0	2289689	504	4.3
1527049919.8	4300	59.752281	0.0	2059512	478	4.3
1527049923.61	4300	59.999336	0.0	2220726	626	4.3
1527049928.19	4300	59.502457	0.0	2156729	630	4.3
1527049932.21	4300	59.501148	0.0	2039773	819	4.3
1527049936.12	4300	59.502251	0.0	2176469	715	4.3
1527049939.98	4300	59.49917	0.0	2221506	658	4.3
1527049944.18	4300	59.502488	0.0	2044075	505	4.3
1527049947.9	4300	59.752345	0.0	2186790	523	4.3
1527049952.13	4300	59.502074	0.0	2105231	545	4.3
1527049956.04	4300	59.502285	0.0	2395588	715	4.3
1527049959.9	4300	59.743098	0.0	1972048	677	4.3
1527049963.73	4300	59.751588	0.0	2134614	638	4.3
1527049968.01	4300	59.502416	0.0	2164140	565	4.3
1527049971.86	4300	59.752641	0.0	2113193	659	4.3
1527049976.17	4300	59.502419	0.0	2147852	601	4.3
1527049980.05	4300	59.500018	0.0	2191074	686	4.3
1527049983.82	4300	59.751069	0.0	2286761	559	4.3
1527049987.96	4300	59.752414	0.0	2307787	960	4.3
1527049992.04	4300	59.502602	0.0	2143948	899	4.3
1527049995.89	4300	59.746782	0.0	1919781	1155	4.3
1527050000.06	4300	59.502261	0.0	2147467	976	4.3
1527050004.19	4300	59.502089	0.0	2133870	932	4.3
1527050008.08	4300	59.500996	0.0	2146120	692	4.3
1527050011.88	4300	59.752464	0.0	2108491	608	4.3
1527050015.93	4300	59.752476	0.0	2184571	839	4.3
1527050020.09	4300	59.499643	0.0	2121928	980	4.3
1527050024.04	4300	59.502341	0.0	2219102	749	4.3
1527050027.78	4300	59.752366	0.0	2124950	559	4.3
1527050032.18	4300	59.498748	0.0	2246506	709	4.3
1527050035.71	4300	59.752512	0.0	1961140	828	4.3
1527050040.09	4300	59.501906	0.0	2155012	720	4.3
1527050041.41	4300	59.888372	0.0	1433658	686	4.3

1527050042.2	750	3.995545	0.278	668286	200	-1.1953999999999998
1527050043.07	4300	7.120517	0.0	2123065	659	0.75
1527050043.83	4300	10.355415	0.0	2177073	538	4.3
1527050044.57	4300	13.618975	0.0	2160877	554	4.3
1527050045.38	4300	16.82085	0.0	2233056	605	4.3
1527050046.01	4300	20.184427	0.0	1941625	453	4.3
1527050046.62	4300	23.564168	0.0	2157535	446	4.3
1527050047.27	4300	26.925915	0.0	2290172	451	4.3
1527050047.82	4300	30.359736	0.0	2055469	371	4.3
1527050048.38	4300	33.809971	0.0	2169201	372	4.3
1527050048.9	4300	37.284574	0.0	2173522	348	4.3
1527050049.43	4300	40.762254	0.0	2102452	344	4.3
1527050050.08	4300	44.117474	0.0	2209463	461	4.3
1527050050.8	4300	47.382279	0.0	2275376	560	4.3
1527050052.03	4300	50.15509	0.0	2005399	1055	4.3
1527050053.64	4300	52.544881	0.0	2152483	1430	4.3
1527050054.68	4300	55.500765	0.0	2289689	870	4.3
1527050055.48	4300	58.697409	0.0	2059512	622	4.3
1527050058.74	4300	59.508025	0.0	2220726	570	4.3
1527050062.47	4300	59.759031	0.0	2156729	536	4.3
1527050066.72	4300	59.508441	0.0	2039773	560	4.3
1527050070.44	4300	59.758668	0.0	2176469	527	4.3
1527050074.33	4300	59.974852	0.0	2221506	681	4.3
1527050078.31	4300	59.980977	0.0	2044075	785	4.3
1527050082.22	4300	59.980628	0.0	2186790	724	4.3
1527050086.6	4300	59.727198	0.0	2105231	692	4.3
1527050090.42	4300	59.976404	0.0	2395588	643	4.3
1527050094.67	4300	59.756867	0.0	1972048	469	4.3
1527050098.87	4300	59.510751	0.0	2134614	485	4.3
