1526950774.66	750	4	0.678	1728879	517	-2.9154
1526950775.99	4300	6.958953	0.0	2123065	723	0.75
1526950777.01	4300	9.908448	0.0	2177073	690	4.3
1526950777.96	4300	12.964671	0.0	2160877	600	4.3
1526950778.93	4300	15.990942	0.0	2233056	602	4.3
1526950779.89	4300	19.054242	0.0	1941625	583	4.3
1526950780.91	4300	22.004598	0.0	2157535	654	4.3
1526950781.92	4300	25.018869	0.0	2290172	674	4.3
1526950782.81	4300	28.117121	0.0	2055469	562	4.3
1526950783.73	4300	31.172568	0.0	2169201	554	4.3
1526950784.66	4300	34.258762	0.0	2173522	606	4.3
1526950785.81	4300	37.119168	0.0	2102452	825	4.3
1526950787.19	4300	39.742031	0.0	2209463	1033	4.3
1526950788.21	4300	42.709335	0.0	2275376	678	4.3
1526950789.35	4300	45.564719	0.0	2005399	822	4.3
1526950790.46	4300	48.454034	0.0	2152483	796	4.3
1526950791.63	4300	51.308128	0.0	2289689	816	4.3
1526950792.62	4300	54.281125	0.0	2059512	695	4.3
1526950793.66	4300	57.273256	0.0	2220726	693	4.3
1526950795.39	4300	59.749243	0.0	2156729	669	4.3
1526950799.14	4300	59.998922	0.0	2039773	904	4.3
1526950803.2	4300	59.749008	0.0	2176469	716	4.3
1526950807.29	4300	59.749158	0.0	2221506	736	4.3
1526950811.32	4300	59.74752	0.0	2044075	678	4.3
1526950815.52	4300	59.748888	0.0	2186790	727	4.3
1526950819.14	4300	59.999125	0.0	2105231	733	4.3
1526950823.34	4300	59.748876	0.0	2395588	846	4.3
1526950827.54	4300	59.749325	0.0	1972048	675	4.3
1526950831.16	4300	59.749088	0.0	2134614	789	4.3
1526950835.38	4300	59.742497	0.0	2164140	762	4.3
1526950839.52	4300	59.749131	0.0	2113193	657	4.3
1526950843.37	4300	59.749098	0.0	2147852	805	4.3
1526950847.03	4300	59.995275	0.0	2191074	725	4.3
1526950851.16	4300	59.998786	0.0	2286761	668	4.3
1526950855.45	4300	59.749326	0.0	2307787	815	4.3
1526950859.02	4300	59.99909	0.0	2143948	716	4.3
1526950863.01	4300	59.998674	0.0	1919781	650	4.3
1526950867.44	4300	59.747247	0.0	2147467	905	4.3
1526950871.03	4300	59.998963	0.0	2133870	701	4.3
1526950875.16	4300	59.997926	0.0	2146120	673	4.3
1526950879.2	4300	59.7473	0.0	2108491	703	4.3
1526950883.31	4300	59.749206	0.0	2184571	773	4.3
1526950887.03	4300	59.99844	0.0	2121928	889	4.3
1526950891.49	4300	59.749149	0.0	2219102	1002	4.3
1526950895.35	4300	59.749158	0.0	2124950	926	4.3
1526950899.29	4300	59.748421	0.0	2246506	1037	4.3
1526950902.96	4300	59.997663	0.0	1961140	750	4.3
1526950907.18	4300	59.748981	0.0	2155012	898	4.3
1526950909.12	4300	59.678904	0.0	1433658	466	4.3

1526950910.31	750	3.980834	0.416	668286	287	-1.7888
1526950911.36	4300	7.010915	0.0	2123065	645	0.75
1526950912.3	4300	10.083936	0.0	2177073	594	4.3
1526950913.22	4300	13.141243	0.0	2160877	603	4.3
1526950914.27	4300	16.08873	0.0	2233056	717	4.3
1526950915.19	4300	19.169514	0.0	1941625	590	4.3
1526950917.18	4300	21.16393	0.0	2157535	1675	4.3
1526950918.41	4300	23.943729	0.0	2290172	920	4.3
1526950919.35	4300	26.977149	0.0	2055469	631	4.3
1526950920.34	4300	30.009068	0.0	2169201	690	4.3
1526950921.58	4300	32.755241	0.0	2173522	946	4.3
1526950922.53	4300	35.837646	0.0	2102452	608	4.3
1526950923.44	4300	38.904836	0.0	2209463	571	4.3
1526950924.4	4300	41.941086	0.0	2275376	657	4.3
1526950925.34	4300	45.010467	0.0	2005399	633	4.3
1526950926.35	4300	48.006495	0.0	2152483	660	4.3
1526950927.33	4300	51.007879	0.0	2289689	675	4.3
1526950928.23	4300	54.11906	0.0	2059512	565	4.3
1526950929.29	4300	57.064206	0.0	2220726	716	4.3
1526950930.39	4300	59.951728	0.0	2156729	789	4.3
1526950934.79	4300	59.741928	0.0	2039773	552	4.3
1526950938.4	4300	59.992399	0.0	2176469	754	4.3
1526950942.55	4300	59.992371	0.0	2221506	742	4.3
1526950946.59	4300	59.990868	0.0	2044075	638	4.3
1526950950.8	4300	59.99236	0.0	2186790	633	4.3
1526950954.7	4300	59.741194	0.0	2105231	635	4.3
1526950959.0	4300	59.742277	0.0	2395588	781	4.3
1526950962.6	4300	59.991776	0.0	1972048	644	4.3
1526950966.67	4300	59.992427	0.0	2134614	622	4.3
1526950970.66	4300	59.742246	0.0	2164140	658	4.3
1526950974.76	4300	59.742454	0.0	2113193	655	4.3
1526950978.96	4300	59.742159	0.0	2147852	700	4.3
1526950982.47	4300	59.992396	0.0	2191074	614	4.3
1526950986.52	4300	59.992326	0.0	2286761	665	4.3
1526950990.63	4300	59.992396	0.0	2307787	704	4.3
1526950994.61	4300	59.992024	0.0	2143948	587	4.3
1526950998.55	4300	59.989622	0.0	1919781	585	4.3
1526951002.6	4300	59.992005	0.0	2147467	643	4.3
1526951006.69	4300	59.739606	0.0	2133870	672	4.3
1526951010.69	4300	59.737537	0.0	2146120	666	4.3
1526951014.8	4300	59.742205	0.0	2108491	649	4.3
1526951018.79	4300	59.742359	0.0	2184571	638	4.3
1526951022.71	4300	59.74225	0.0	2121928	613	4.3
1526951026.71	4300	59.742307	0.0	2219102	633	4.3
1526951030.76	4300	59.742174	0.0	2124950	722	4.3
1526951034.75	4300	59.735966	0.0	2246506	646	4.3
1526951038.85	4300	59.742094	0.0	1961140	675	4.3
1526951042.34	4300	59.992194	0.0	2155012	699	4.3
1526951044.27	4300	59.922214	0.0	1433658	492	4.3

1526951045.41	750	3.988525	0.361	668286	259	-1.5523
1526951046.4	4300	6.984785	0.0	2123065	577	0.75
1526951047.32	4300	10.053678	0.0	2177073	599	4.3
1526951048.38	4300	12.997397	0.0	2160877	706	4.3
1526951049.33	4300	16.060653	0.0	2233056	617	4.3
1526951050.16	4300	19.211512	0.0	1941625	502	4.3
1526951051.07	4300	22.299461	0.0	2157535	540	4.3
1526951051.99	4300	25.390261	0.0	2290172	592	4.3
1526951052.84	4300	28.529256	0.0	2055469	536	4.3
1526951053.75	4300	31.607851	0.0	2169201	588	4.3
1526951054.62	4300	34.73456	0.0	2173522	575	4.3
1526951055.51	4300	37.863799	0.0	2102452	552	4.3
1526951056.99	4300	40.388581	0.0	2209463	1139	4.3
1526951058.12	4300	43.241319	0.0	2275376	807	4.3
1526951058.96	4300	46.399259	0.0	2005399	487	4.3
1526951059.86	4300	49.501651	0.0	2152483	594	4.3
1526951060.9	4300	52.48885	0.0	2289689	645	4.3
1526951061.79	4300	55.566118	0.0	2059512	561	4.3
1526951062.9	4300	58.455948	0.0	2220726	783	4.3
1526951065.57	4300	59.990734	0.0	2156729	831	4.3
1526951069.49	4300	59.991215	0.0	2039773	605	4.3
1526951073.62	4300	59.74084	0.0	2176469	769	4.3
1526951077.65	4300	59.9893	0.0	2221506	618	4.3
1526951081.67	4300	59.740771	0.0	2044075	685	4.3
1526951085.75	4300	59.741179	0.0	2186790	701	4.3
1526951089.92	4300	59.740915	0.0	2105231	651	4.3
1526951093.53	4300	59.991015	0.0	2395588	750	4.3
1526951097.56	4300	59.990896	0.0	1972048	630	4.3
1526951101.77	4300	59.741046	0.0	2134614	851	4.3
1526951105.92	4300	59.738399	0.0	2164140	658	4.3
1526951109.46	4300	59.991163	0.0	2113193	685	4.3
1526951113.45	4300	59.989005	0.0	2147852	661	4.3
1526951117.5	4300	59.990438	0.0	2191074	656	4.3
1526951121.69	4300	59.989458	0.0	2286761	724	4.3
1526951125.73	4300	59.741219	0.0	2307787	710	4.3
1526951129.7	4300	59.74111	0.0	2143948	638	4.3
1526951133.83	4300	59.740148	0.0	1919781	596	4.3
1526951137.76	4300	59.740993	0.0	2147467	640	4.3
1526951141.57	4300	59.990861	0.0	2133870	753	4.3
1526951145.78	4300	59.741135	0.0	2146120	851	4.3
1526951149.85	4300	59.741048	0.0	2108491	641	4.3
1526951153.92	4300	59.740688	0.0	2184571	662	4.3
1526951157.53	4300	59.990466	0.0	2121928	654	4.3
1526951161.53	4300	59.991164	0.0	2219102	691	4.3
1526951165.66	4300	59.741089	0.0	2124950	719	4.3
1526951169.8	4300	59.740288	0.0	2246506	651	4.3
1526951173.71	4300	59.739362	0.0	1961140	590	4.3
1526951177.76	4300	59.741109	0.0	2155012	726	4.3
1526951179.65	4300	59.670521	0.0	1433658	429	4.3

1526951180.76	750	3.999152	0.352	668286	261	-1.5135999999999998
1526951181.71	4300	7.035914	0.0	2123065	567	0.75
1526951182.67	4300	10.082324	0.0	2177073	639	4.3
1526951184.1	4300	12.644872	0.0	2160877	1131	4.3
1526951185.07	4300	15.69467	0.0	2233056	627	4.3
1526951185.95	4300	18.819743	0.0	1941625	548	4.3
1526951186.81	4300	21.933995	0.0	2157535	560	4.3
1526951187.71	4300	25.044579	0.0	2290172	582	4.3
1526951188.55	4300	28.215829	0.0	2055469	518	4.3
1526951189.45	4300	31.298764	0.0	2169201	557	4.3
1526951190.35	4300	34.403155	0.0	2173522	569	4.3
1526951191.22	4300	37.529338	0.0	2102452	545	4.3
1526951192.11	4300	40.634478	0.0	2209463	589	4.3
1526951193.09	4300	43.653905	0.0	2275376	648	4.3
1526951193.92	4300	46.823365	0.0	2005399	522	4.3
1526951194.83	4300	49.910569	0.0	2152483	591	4.3
1526951195.8	4300	52.936378	0.0	2289689	663	4.3
1526951196.75	4300	55.996636	0.0	2059512	628	4.3
1526951197.69	4300	59.05824	0.0	2220726	640	4.3
1526951201.13	4300	59.750224	0.0	2156729	578	4.3
1526951205.35	4300	59.750186	0.0	2039773	683	4.3
1526951209.4	4300	59.49997	0.0	2176469	635	4.3
1526951213.39	4300	59.500329	0.0	2221506	649	4.3
1526951217.43	4300	59.498874	0.0	2044075	594	4.3
1526951220.93	4300	59.999132	0.0	2186790	681	4.3
1526951225.43	4300	59.500232	0.0	2105231	637	4.3
1526951229.24	4300	59.750192	0.0	2395588	767	4.3
1526951233.49	4300	59.499991	0.0	1972048	863	4.3
1526951237.6	4300	59.500223	0.0	2134614	625	4.3
1526951241.11	4300	59.750033	0.0	2164140	632	4.3
1526951245.16	4300	59.750314	0.0	2113193	666	4.3
1526951249.32	4300	59.749642	0.0	2147852	599	4.3
1526951252.9	4300	59.997446	0.0	2191074	740	4.3
1526951257.44	4300	59.500302	0.0	2286761	668	4.3
1526951261.17	4300	59.750154	0.0	2307787	819	4.3
1526951265.38	4300	59.750117	0.0	2143948	670	4.3
1526951269.32	4300	59.500093	0.0	1919781	1180	4.3
1526951273.45	4300	59.500258	0.0	2147467	677	4.3
1526951277.47	4300	59.500253	0.0	2133870	626	4.3
1526951280.99	4300	59.750199	0.0	2146120	630	4.3
1526951285.12	4300	59.750308	0.0	2108491	620	4.3
1526951289.22	4300	59.750349	0.0	2184571	720	4.3
1526951293.3	4300	59.500112	0.0	2121928	683	4.3
1526951297.4	4300	59.500192	0.0	2219102	673	4.3
1526951301.6	4300	59.500263	0.0	2124950	671	4.3
1526951305.12	4300	59.750291	0.0	2246506	662	4.3
1526951309.04	4300	59.750369	0.0	1961140	574	4.3
1526951312.97	4300	59.750251	0.0	2155012	630	4.3
1526951314.83	4300	59.930163	0.0	1433658	439	4.3

1526951316.02	750	3.967654	0.383	668286	231	-1.6468999999999998
1526951317.17	4300	6.839016	0.0	2123065	700	0.75
1526951318.14	4300	9.852063	0.0	2177073	618	4.3
1526951319.21	4300	12.76936	0.0	2160877	731	4.3
1526951320.31	4300	15.668922	0.0	2233056	797	4.3
1526951321.13	4300	18.846416	0.0	1941625	509	4.3
1526951322.18	4300	21.8017	0.0	2157535	726	4.3
1526951323.1	4300	24.874225	0.0	2290172	605	4.3
1526951323.97	4300	28.008628	0.0	2055469	535	4.3
1526951324.91	4300	31.069905	0.0	2169201	607	4.3
1526951325.81	4300	34.190668	0.0	2173522	575	4.3
1526951326.73	4300	37.25335	0.0	2102452	597	4.3
1526951327.71	4300	40.27613	0.0	2209463	623	4.3
1526951328.62	4300	43.371007	0.0	2275376	591	4.3
1526951329.52	4300	46.458378	0.0	2005399	566	4.3
1526951330.43	4300	49.54242	0.0	2152483	592	4.3
1526951331.38	4300	52.59458	0.0	2289689	644	4.3
1526951332.33	4300	55.660824	0.0	2059512	624	4.3
1526951333.21	4300	58.767598	0.0	2220726	572	4.3
1526951336.73	4300	59.500911	0.0	2156729	562	4.3
1526951340.66	4300	59.500689	0.0	2039773	633	4.3
1526951344.69	4300	59.499263	0.0	2176469	648	4.3
1526951348.66	4300	59.501052	0.0	2221506	658	4.3
1526951352.67	4300	59.50105	0.0	2044075	638	4.3
1526951356.66	4300	59.500035	0.0	2186790	655	4.3
1526951360.66	4300	59.500465	0.0	2105231	643	4.3
1526951364.38	4300	59.750728	0.0	2395588	739	4.3
1526951368.36	4300	59.751027	0.0	1972048	582	4.3
1526951372.29	4300	59.750867	0.0	2134614	621	4.3
1526951376.35	4300	59.750946	0.0	2164140	656	4.3
1526951380.28	4300	59.74605	0.0	2113193	596	4.3
1526951384.34	4300	59.751021	0.0	2147852	650	4.3
1526951388.44	4300	59.750812	0.0	2191074	627	4.3
1526951392.03	4300	59.968219	0.0	2286761	712	4.3
1526951396.13	4300	59.99938	0.0	2307787	737	4.3
1526951400.55	4300	59.50083	0.0	2143948	585	4.3
1526951404.49	4300	59.500806	0.0	1919781	580	4.3
1526951408.48	4300	59.500801	0.0	2147467	664	4.3
1526951412.51	4300	59.500798	0.0	2133870	696	4.3
1526951416.62	4300	59.500733	0.0	2146120	723	4.3
1526951420.34	4300	59.592293	0.0	2108491	3379	4.3
1526951425.97	4300	57.991439	0.0	2184571	5270	4.3
1526951431.41	4300	56.523651	0.0	2121928	5064	4.3
1526951433.98	4300	57.979037	0.0	2219102	2147	4.3
1526951436.66	2850	59.500744	0.0	1464921	556	1.4000000000000001
1526951440.37	4300	59.750526	0.0	2246506	699	2.8499999999999996
1526951444.45	4300	59.750808	0.0	1961140	640	4.3
1526951448.6	4300	59.50091	0.0	2155012	769	4.3
1526951450.01	4300	59.929471	0.0	1433658	496	4.3

1526951451.22	750	3.980228	0.398	668286	276	-1.7113999999999998
1526951452.18	4300	6.997433	0.0	2123065	568	0.75
1526951453.19	4300	10.002322	0.0	2177073	679	4.3
1526951454.09	4300	13.069859	0.0	2160877	609	4.3
1526951455.02	4300	16.145558	0.0	2233056	613	4.3
1526951455.96	4300	19.228494	0.0	1941625	606	4.3
1526951456.86	4300	22.311609	0.0	2157535	613	4.3
1526951457.92	4300	25.358129	0.0	2290172	657	4.3
1526951458.93	4300	28.254998	0.0	2055469	693	4.3
1526951459.87	4300	31.322151	0.0	2169201	585	4.3
1526951460.8	4300	34.376666	0.0	2173522	592	4.3
1526951461.69	4300	37.491292	0.0	2102452	557	4.3
1526951462.74	4300	40.470247	0.0	2209463	700	4.3
1526951463.67	4300	43.515538	0.0	2275376	559	4.3
1526951464.54	4300	46.627931	0.0	2005399	558	4.3
1526951465.47	4300	49.703769	0.0	2152483	603	4.3
1526951466.38	4300	52.787003	0.0	2289689	589	4.3
1526951467.29	4300	55.875907	0.0	2059512	584	4.3
1526951468.22	4300	58.975213	0.0	2220726	584	4.3
1526951471.63	4300	59.749688	0.0	2156729	588	4.3
1526951475.75	4300	59.498503	0.0	2039773	810	4.3
1526951479.79	4300	59.750081	0.0	2176469	1083	4.3
1526951483.68	4300	59.749774	0.0	2221506	1332	4.3
1526951487.91	4300	59.499559	0.0	2044075	828	4.3
1526951491.64	4300	59.743112	0.0	2186790	833	4.3
1526951495.86	4300	59.50012	0.0	2105231	731	4.3
1526951499.51	4300	59.750172	0.0	2395588	776	4.3
1526951503.75	4300	59.747232	0.0	1972048	757	4.3
1526951507.23	4300	59.998367	0.0	2134614	644	4.3
1526951511.32	4300	59.998198	0.0	2164140	664	4.3
1526951516.01	4300	59.498882	0.0	2113193	640	4.3
1526951519.5	4300	59.750173	0.0	2147852	660	4.3
1526951523.69	4300	59.749628	0.0	2191074	656	4.3
1526951527.85	4300	59.500224	0.0	2286761	740	4.3
1526951531.59	4300	59.749057	0.0	2307787	786	4.3
1526951535.71	4300	59.74953	0.0	2143948	679	4.3
1526951539.68	4300	59.499132	0.0	1919781	590	4.3
1526951543.91	4300	59.499808	0.0	2147467	755	4.3
1526951547.54	4300	59.750249	0.0	2133870	739	4.3
1526951551.89	4300	59.499974	0.0	2146120	845	4.3
1526951555.66	4300	59.750175	0.0	2108491	798	4.3
1526951559.87	4300	59.500171	0.0	2184571	803	4.3
1526951563.54	4300	59.750125	0.0	2121928	727	4.3
1526951567.78	4300	59.750241	0.0	2219102	715	4.3
1526951571.89	4300	59.497143	0.0	2124950	753	4.3
1526951575.73	4300	59.748281	0.0	2246506	865	4.3
1526951579.77	4300	59.500096	0.0	1961140	716	4.3
1526951583.92	4300	59.500355	0.0	2155012	712	4.3
1526951584.84	4300	59.952436	0.0	1433658	627	4.3

1526951585.98	750	3.97726	0.383	668286	254	-1.6468999999999998
1526951587.04	4300	6.903174	0.0	2123065	669	0.75
1526951588.17	4300	9.783594	0.0	2177073	756	4.3
1526951589.21	4300	12.734647	0.0	2160877	706	4.3
1526951590.5	4300	15.482551	0.0	2233056	747	4.3
1526951591.48	4300	18.470827	0.0	1941625	663	4.3
1526951592.75	4300	21.214938	0.0	2157535	935	4.3
1526951593.9	4300	24.060604	0.0	2290172	807	4.3
1526951595.0	4300	26.953704	0.0	2055469	735	4.3
1526951596.09	4300	29.861655	0.0	2169201	772	4.3
1526951597.33	4300	32.611014	0.0	2173522	921	4.3
1526951598.29	4300	35.654055	0.0	2102452	621	4.3
1526951599.32	4300	38.620276	0.0	2209463	685	4.3
1526951600.38	4300	41.572092	0.0	2275376	739	4.3
1526951601.27	4300	44.665022	0.0	2005399	539	4.3
1526951602.2	4300	47.752794	0.0	2152483	605	4.3
1526951603.18	4300	50.754405	0.0	2289689	643	4.3
1526951604.16	4300	53.781848	0.0	2059512	638	4.3
1526951605.19	4300	56.7517	0.0	2220726	696	4.3
1526951606.15	4300	59.812706	0.0	2156729	596	4.3
1526951610.44	4300	59.749582	0.0	2039773	1344	4.3
1526951614.75	4300	59.499425	0.0	2176469	792	4.3
1526951618.27	4300	59.749675	0.0	2221506	682	4.3
1526951622.53	4300	59.641429	0.0	2044075	775	4.3
1526951626.15	4300	59.998627	0.0	2186790	762	4.3
1526951630.22	4300	59.749641	0.0	2105231	729	4.3
1526951634.76	4300	59.499617	0.0	2395588	934	4.3
1526951638.6	4300	59.499593	0.0	1972048	1545	4.3
1526951642.29	4300	59.74964	0.0	2134614	841	4.3
1526951646.58	4300	59.749724	0.0	2164140	765	4.3
1526951650.22	4300	59.998739	0.0	2113193	716	4.3
1526951654.37	4300	59.749501	0.0	2147852	705	4.3
1526951658.0	4300	59.999489	0.0	2191074	775	4.3
1526951662.26	4300	59.998097	0.0	2286761	761	4.3
1526951666.04	4300	59.999357	0.0	2307787	835	4.3
1526951670.05	4300	59.999278	0.0	2143948	679	4.3
1526951674.26	4300	59.999425	0.0	1919781	1200	4.3
1526951678.28	4300	59.749663	0.0	2147467	2180	4.3
1526951682.31	4300	59.749614	0.0	2133870	711	4.3
1526951686.45	4300	59.499117	0.0	2146120	776	4.3
1526951690.03	4300	59.999364	0.0	2108491	706	4.3
1526951694.02	4300	59.999463	0.0	2184571	682	4.3
1526951698.08	4300	59.999026	0.0	2121928	701	4.3
1526951702.14	4300	59.749388	0.0	2219102	732	4.3
1526951706.7	4300	59.499641	0.0	2124950	630	4.3
1526951710.38	4300	59.749686	0.0	2246506	723	4.3
1526951714.54	4300	59.499229	0.0	1961140	824	4.3
1526951718.16	4300	59.999216	0.0	2155012	721	4.3
1526951720.22	4300	59.679502	0.0	1433658	646	4.3

1526951721.41	750	3.989166	0.368	668286	265	-1.5823999999999998
1526951722.45	4300	6.94646	0.0	2123065	651	0.75
1526951723.52	4300	9.876632	0.0	2177073	752	4.3
1526951725.4	4300	11.996632	0.0	2160877	1530	4.3
1526951727.15	4300	14.250285	0.0	2233056	1442	4.3
1526951728.06	4300	17.338135	0.0	1941625	569	4.3
1526951728.94	4300	20.449498	0.0	2157535	580	4.3
1526951729.88	4300	23.508251	0.0	2290172	637	4.3
1526951730.82	4300	26.591346	0.0	2055469	596	4.3
1526951731.84	4300	29.548723	0.0	2169201	713	4.3
1526951732.78	4300	32.612397	0.0	2173522	640	4.3
1526951733.71	4300	35.668412	0.0	2102452	641	4.3
1526951734.75	4300	38.638057	0.0	2209463	723	4.3
1526951735.81	4300	41.583367	0.0	2275376	756	4.3
1526951736.7	4300	44.704835	0.0	2005399	554	4.3
1526951737.59	4300	47.782503	0.0	2152483	566	4.3
1526951738.53	4300	50.852502	0.0	2289689	629	4.3
1526951739.41	4300	53.988522	0.0	2059512	549	4.3
1526951740.31	4300	57.071027	0.0	2220726	599	4.3
1526951741.92	4300	59.750334	0.0	2156729	622	4.3
1526951746.12	4300	59.500452	0.0	2039773	733	4.3
1526951750.17	4300	59.500476	0.0	2176469	662	4.3
1526951753.8	4300	59.750338	0.0	2221506	801	4.3
1526951757.79	4300	59.750097	0.0	2044075	653	4.3
1526951761.83	4300	59.750085	0.0	2186790	719	4.3
1526951766.13	4300	59.75032	0.0	2105231	686	4.3
1526951769.99	4300	59.750489	0.0	2395588	851	4.3
1526951773.96	4300	59.500482	0.0	1972048	590	4.3
1526951778.08	4300	59.500405	0.0	2134614	617	4.3
1526951782.32	4300	59.500429	0.0	2164140	714	4.3
1526951785.89	4300	59.750458	0.0	2113193	667	4.3
1526951789.39	4300	59.999118	0.0	2147852	654	4.3
1526951794.28	4300	59.500313	0.0	2191074	870	4.3
1526951797.81	4300	59.750425	0.0	2286761	700	4.3
1526951801.9	4300	59.500524	0.0	2307787	762	4.3
1526951806.14	4300	59.499824	0.0	2143948	628	4.3
1526951809.81	4300	59.750451	0.0	1919781	644	4.3
1526951813.82	4300	59.750484	0.0	2147467	649	4.3
1526951817.79	4300	59.749664	0.0	2133870	599	4.3
1526951821.82	4300	59.749849	0.0	2146120	693	4.3
1526951825.78	4300	59.74983	0.0	2108491	621	4.3
1526951829.99	4300	59.750188	0.0	2184571	665	4.3
1526951833.55	4300	59.996429	0.0	2121928	663	4.3
1526951837.78	4300	59.998387	0.0	2219102	714	4.3
1526951841.65	4300	59.998244	0.0	2124950	748	4.3
1526951845.86	4300	59.748788	0.0	2246506	673	4.3
1526951849.84	4300	59.750228	0.0	1961140	661	4.3
1526951853.78	4300	59.748408	0.0	2155012	657	4.3
1526951855.74	4300	59.679868	0.0	1433658	459	4.3

1526951856.75	750	3.982198	0.34	668286	248	-1.462
1526951857.76	4300	7.024676	0.0	2123065	640	0.75
1526951858.82	4300	9.961883	0.0	2177073	733	4.3
1526951859.89	4300	12.883701	0.0	2160877	763	4.3
1526951860.91	4300	15.863332	0.0	2233056	697	4.3
1526951861.72	4300	19.060643	0.0	1941625	494	4.3
1526951862.63	4300	22.163135	0.0	2157535	599	4.3
1526951863.64	4300	25.145969	0.0	2290172	664	4.3
1526951864.52	4300	28.267923	0.0	2055469	535	4.3
1526951865.44	4300	31.33801	0.0	2169201	599	4.3
1526951866.33	4300	34.449762	0.0	2173522	576	4.3
1526951867.29	4300	37.517009	0.0	2102452	572	4.3
1526951868.26	4300	40.519139	0.0	2209463	629	4.3
1526951869.25	4300	43.529818	0.0	2275376	653	4.3
1526951870.21	4300	46.570423	0.0	2005399	637	4.3
1526951871.22	4300	49.559206	0.0	2152483	680	4.3
1526951872.19	4300	52.620161	0.0	2289689	630	4.3
1526951873.06	4300	55.720594	0.0	2059512	563	4.3
1526951874.01	4300	58.771266	0.0	2220726	640	4.3
1526951877.02	4300	59.99802	0.0	2156729	667	4.3
1526951881.51	4300	59.499632	0.0	2039773	643	4.3
1526951885.18	4300	59.749963	0.0	2176469	729	4.3
1526951889.27	4300	59.750178	0.0	2221506	650	4.3
1526951893.25	4300	59.750188	0.0	2044075	643	4.3
1526951897.29	4300	59.500039	0.0	2186790	706	4.3
1526951901.34	4300	59.750118	0.0	2105231	635	4.3
1526951905.43	4300	59.499761	0.0	2395588	731	4.3
1526951909.34	4300	59.49979	0.0	1972048	558	4.3
1526951913.42	4300	59.498782	0.0	2134614	644	4.3
1526951917.51	4300	59.49998	0.0	2164140	661	4.3
1526951921.63	4300	59.500163	0.0	2113193	665	4.3
1526951925.18	4300	59.749746	0.0	2147852	672	4.3
1526951929.21	4300	59.746901	0.0	2191074	694	4.3
1526951933.51	4300	59.500153	0.0	2286761	768	4.3
1526951937.09	4300	59.749502	0.0	2307787	772	4.3
1526951941.12	4300	59.750058	0.0	2143948	700	4.3
1526951945.1	4300	59.749925	0.0	1919781	620	4.3
1526951949.28	4300	59.75013	0.0	2147467	635	4.3
1526951952.74	4300	59.99928	0.0	2133870	672	4.3
1526951957.57	4300	59.497053	0.0	2146120	861	4.3
1526951961.14	4300	59.75006	0.0	2108491	754	4.3
1526951965.29	4300	59.750198	0.0	2184571	696	4.3
1526951969.34	4300	59.499946	0.0	2121928	744	4.3
1526951972.95	4300	59.998819	0.0	2219102	723	4.3
1526951977.01	4300	59.997213	0.0	2124950	692	4.3
1526951981.34	4300	59.750164	0.0	2246506	767	4.3
1526951985.42	4300	59.500214	0.0	1961140	614	4.3
1526951989.01	4300	59.749925	0.0	2155012	757	4.3
1526951990.84	4300	59.680104	0.0	1433658	547	4.3

1526951991.99	750	3.998317	0.428	668286	338	-1.8403999999999998
1526951993.13	4300	6.850873	0.0	2123065	766	0.75
1526951994.2	4300	9.780877	0.0	2177073	767	4.3
1526951995.24	4300	12.755009	0.0	2160877	715	4.3
1526951996.28	4300	15.714932	0.0	2233056	712	4.3
1526951997.13	4300	18.859474	0.0	1941625	532	4.3
1526951998.21	4300	21.785144	0.0	2157535	728	4.3
1526951999.2	4300	24.790578	0.0	2290172	658	4.3
1526952000.12	4300	27.859222	0.0	2055469	615	4.3
1526952001.2	4300	30.78333	0.0	2169201	767	4.3
1526952002.26	4300	33.727362	0.0	2173522	725	4.3
1526952003.2	4300	36.781846	0.0	2102452	625	4.3
1526952004.18	4300	39.807005	0.0	2209463	641	4.3
1526952005.2	4300	42.789828	0.0	2275376	709	4.3
1526952006.16	4300	45.835309	0.0	2005399	619	4.3
1526952007.22	4300	48.760575	0.0	2152483	741	4.3
1526952008.2	4300	51.764231	0.0	2289689	686	4.3
1526952009.2	4300	54.796157	0.0	2059512	644	4.3
1526952010.23	4300	57.738774	0.0	2220726	663	4.3
1526952012.32	4300	59.748165	0.0	2156729	664	4.3
1526952016.52	4300	59.749645	0.0	2039773	677	4.3
1526952020.16	4300	59.749394	0.0	2176469	877	4.3
1526952024.29	4300	59.750004	0.0	2221506	780	4.3
1526952028.66	4300	59.500177	0.0	2044075	1555	4.3
1526952032.44	4300	59.74996	0.0	2186790	1866	4.3
1526952036.22	4300	59.999088	0.0	2105231	1813	4.3
1526952040.42	4300	59.749992	0.0	2395588	1773	4.3
1526952044.21	4300	59.998756	0.0	1972048	1404	4.3
1526952048.8	4300	59.499465	0.0	2134614	1572	4.3
1526952052.36	4300	59.74996	0.0	2164140	659	4.3
1526952056.49	4300	59.750097	0.0	2113193	713	4.3
1526952060.44	4300	59.749912	0.0	2147852	629	4.3
1526952064.53	4300	59.49732	0.0	2191074	703	4.3
1526952068.83	4300	59.49993	0.0	2286761	770	4.3
1526952072.34	4300	59.750102	0.0	2307787	704	4.3
1526952076.36	4300	59.750214	0.0	2143948	635	4.3
1526952080.46	4300	59.747948	0.0	1919781	668	4.3
1526952084.55	4300	59.749937	0.0	2147467	660	4.3
1526952088.03	4300	59.999443	0.0	2133870	643	4.3
1526952092.51	4300	59.499946	0.0	2146120	624	4.3
1526952096.41	4300	59.749332	0.0	2108491	870	4.3
1526952100.47	4300	59.750094	0.0	2184571	653	4.3
1526952104.46	4300	59.748426	0.0	2121928	600	4.3
1526952108.62	4300	59.496301	0.0	2219102	663	4.3
1526952112.4	4300	59.749977	0.0	2124950	821	4.3
1526952116.6	4300	59.499461	0.0	2246506	709	4.3
1526952120.44	4300	59.499973	0.0	1961140	564	4.3
1526952124.41	4300	59.749729	0.0	2155012	651	4.3
1526952126.36	4300	59.68	0.0	1433658	442	4.3

1526952127.59	750	3.978583	0.439	668286	322	-1.8876999999999997
1526952128.53	4300	7.078809	0.0	2123065	575	0.75
1526952129.41	4300	10.208551	0.0	2177073	555	4.3
1526952130.26	4300	13.350772	0.0	2160877	522	4.3
1526952131.15	4300	16.469331	0.0	2233056	564	4.3
1526952131.99	4300	19.610794	0.0	1941625	495	4.3
1526952132.85	4300	22.749953	0.0	2157535	547	4.3
1526952133.76	4300	25.849788	0.0	2290172	576	4.3
1526952134.57	4300	29.045653	0.0	2055469	483	4.3
1526952135.42	4300	32.17663	0.0	2169201	553	4.3
1526952136.33	4300	35.26215	0.0	2173522	626	4.3
1526952137.12	4300	38.470843	0.0	2102452	509	4.3
1526952138.0	4300	41.612686	0.0	2209463	560	4.3
1526952138.93	4300	44.691359	0.0	2275376	585	4.3
1526952139.76	4300	47.841411	0.0	2005399	507	4.3
1526952140.61	4300	50.987902	0.0	2152483	557	4.3
1526952141.54	4300	54.051484	0.0	2289689	606	4.3
1526952142.41	4300	57.196319	0.0	2059512	535	4.3
1526952144.47	4300	59.499667	0.0	2220726	576	4.3
1526952147.92	4300	59.749808	0.0	2156729	636	4.3
1526952151.86	4300	59.749632	0.0	2039773	623	4.3
1526952155.98	4300	59.749728	0.0	2176469	722	4.3
1526952160.03	4300	59.74863	0.0	2221506	741	4.3
1526952164.12	4300	59.749413	0.0	2044075	689	4.3
1526952168.23	4300	59.74893	0.0	2186790	650	4.3
1526952171.8	4300	59.999422	0.0	2105231	659	4.3
1526952175.99	4300	59.749631	0.0	2395588	772	4.3
1526952179.94	4300	59.7493	0.0	1972048	597	4.3
1526952183.95	4300	59.749798	0.0	2134614	622	4.3
1526952188.35	4300	59.496951	0.0	2164140	1037	4.3
1526952191.84	4300	59.997953	0.0	2113193	603	4.3
1526952196.17	4300	59.749082	0.0	2147852	780	4.3
1526952199.69	4300	59.996948	0.0	2191074	661	4.3
1526952204.24	4300	59.493501	0.0	2286761	679	4.3
1526952208.26	4300	59.499781	0.0	2307787	722	4.3
1526952211.76	4300	59.994545	0.0	2143948	686	4.3
1526952216.34	4300	59.499711	0.0	1919781	619	4.3
1526952220.44	4300	59.499768	0.0	2147467	644	4.3
1526952223.71	4300	59.998812	0.0	2133870	808	4.3
1526952227.81	4300	59.996651	0.0	2146120	649	4.3
1526952231.84	4300	59.999356	0.0	2108491	638	4.3
1526952235.99	4300	59.749283	0.0	2184571	686	4.3
1526952239.91	4300	59.749726	0.0	2121928	592	4.3
1526952243.96	4300	59.74952	0.0	2219102	696	4.3
1526952248.09	4300	59.749621	0.0	2124950	673	4.3
1526952252.18	4300	59.498843	0.0	2246506	743	4.3
1526952256.25	4300	59.499436	0.0	1961140	631	4.3
1526952260.17	4300	59.499447	0.0	2155012	658	4.3
1526952261.81	4300	59.426769	0.0	1433658	1360	4.3

1526952263.27	750	3.980959	0.648	668286	538	-2.7864
1526952265.11	4300	6.135274	0.0	2123065	1479	0.75
1526952266.93	4300	8.342077	0.0	2177073	1465	4.3
1526952268.83	4300	10.411358	0.0	2160877	1565	4.3
1526952270.8	4300	12.441875	0.0	2233056	1639	4.3
1526952272.57	4300	14.680295	0.0	1941625	1448	4.3
1526952274.72	4300	16.541903	0.0	2157535	1820	4.3
1526952276.64	4300	18.609452	0.0	2290172	1603	4.3
1526952278.38	4300	20.852344	0.0	2055469	1425	4.3
1526952279.87	4300	23.379304	0.0	2169201	1179	4.3
1526952281.02	4300	26.235948	0.0	2173522	835	4.3
1526952282.03	4300	29.215181	0.0	2102452	701	4.3
1526952282.94	4300	32.294386	0.0	2209463	603	4.3
1526952283.88	4300	35.367006	0.0	2275376	567	4.3
1526952284.74	4300	38.52304	0.0	2005399	543	4.3
1526952285.59	4300	41.648861	0.0	2152483	539	4.3
1526952286.52	4300	44.731891	0.0	2289689	593	4.3
1526952287.39	4300	47.853737	0.0	2059512	579	4.3
1526952288.28	4300	50.961375	0.0	2220726	578	4.3
1526952289.48	4300	53.765144	0.0	2156729	888	4.3
1526952290.5	4300	56.751697	0.0	2039773	690	4.3
1526952291.43	4300	59.828041	0.0	2176469	621	4.3
1526952295.49	4300	59.998585	0.0	2221506	614	4.3
1526952299.82	4300	59.748688	0.0	2044075	866	4.3
1526952303.56	4300	59.747579	0.0	2186790	2400	4.3
1526952307.73	4300	59.746945	0.0	2105231	1341	4.3
1526952311.52	4300	59.998598	0.0	2395588	761	4.3
1526952315.51	4300	59.9984	0.0	1972048	590	4.3
1526952319.66	4300	59.748118	0.0	2134614	676	4.3
1526952323.3	4300	59.998688	0.0	2164140	752	4.3
1526952327.29	4300	59.998583	0.0	2113193	664	4.3
1526952331.64	4300	59.748623	0.0	2147852	972	4.3
1526952335.47	4300	59.998507	0.0	2191074	769	4.3
1526952339.58	4300	59.748173	0.0	2286761	717	4.3
1526952343.42	4300	59.998516	0.0	2307787	853	4.3
1526952347.56	4300	59.7486	0.0	2143948	706	4.3
1526952351.51	4300	59.748565	0.0	1919781	547	4.3
1526952355.73	4300	59.747987	0.0	2147467	767	4.3
1526952359.4	4300	59.997997	0.0	2133870	788	4.3
1526952363.63	4300	59.998423	0.0	2146120	709	4.3
1526952367.67	4300	59.748055	0.0	2108491	717	4.3
1526952371.8	4300	59.748614	0.0	2184571	704	4.3
1526952375.47	4300	59.998634	0.0	2121928	642	4.3
1526952379.66	4300	59.748464	0.0	2219102	739	4.3
1526952383.35	4300	59.998692	0.0	2124950	696	4.3
1526952387.29	4300	59.996368	0.0	2246506	633	4.3
1526952391.46	4300	59.743651	0.0	1961140	870	4.3
1526952395.52	4300	59.747483	0.0	2155012	750	4.3
1526952397.39	4300	59.678712	0.0	1433658	469	4.3

1526952398.54	750	3.975982	0.375	668286	263	-1.6125
1526952399.52	4300	6.976646	0.0	2123065	599	0.75
1526952400.44	4300	10.064056	0.0	2177073	586	4.3
1526952401.39	4300	13.108684	0.0	2160877	626	4.3
1526952402.59	4300	15.898915	0.0	2233056	891	4.3
1526952403.36	4300	19.139083	0.0	1941625	469	4.3
1526952404.19	4300	22.293644	0.0	2157535	504	4.3
1526952405.06	4300	25.440867	0.0	2290172	557	4.3
1526952405.92	4300	28.572859	0.0	2055469	541	4.3
1526952406.83	4300	31.665616	0.0	2169201	575	4.3
1526952407.68	4300	34.809734	0.0	2173522	535	4.3
1526952408.54	4300	37.956456	0.0	2102452	555	4.3
1526952409.39	4300	41.098257	0.0	2209463	550	4.3
1526952410.27	4300	44.22114	0.0	2275376	574	4.3
1526952411.31	4300	47.186168	0.0	2005399	695	4.3
1526952412.47	4300	50.023872	0.0	2152483	821	4.3
1526952413.83	4300	52.668252	0.0	2289689	1054	4.3
1526952414.93	4300	55.561517	0.0	2059512	773	4.3
1526952415.83	4300	58.651713	0.0	2220726	588	4.3
1526952419.18	4300	59.500317	0.0	2156729	526	4.3
1526952423.12	4300	59.499854	0.0	2039773	587	4.3
1526952427.28	4300	59.500271	0.0	2176469	685	4.3
1526952431.25	4300	59.49996	0.0	2221506	600	4.3
1526952435.18	4300	59.500259	0.0	2044075	598	4.3
1526952438.75	4300	59.998649	0.0	2186790	630	4.3
1526952442.85	4300	59.750421	0.0	2105231	654	4.3
1526952447.0	4300	59.750325	0.0	2395588	735	4.3
1526952450.92	4300	59.749801	0.0	1972048	612	4.3
1526952455.03	4300	59.750161	0.0	2134614	634	4.3
1526952458.92	4300	59.750446	0.0	2164140	959	4.3
1526952462.97	4300	59.500362	0.0	2113193	716	4.3
1526952466.94	4300	59.749962	0.0	2147852	666	4.3
1526952471.01	4300	59.749249	0.0	2191074	609	4.3
1526952475.05	4300	59.499795	0.0	2286761	658	4.3
1526952479.1	4300	59.500346	0.0	2307787	679	4.3
1526952483.05	4300	59.500272	0.0	2143948	597	4.3
1526952486.98	4300	59.744951	0.0	1919781	533	4.3
1526952490.96	4300	59.749704	0.0	2147467	626	4.3
1526952495.07	4300	59.750391	0.0	2133870	643	4.3
1526952498.64	4300	59.997988	0.0	2146120	644	4.3
1526952503.23	4300	59.498349	0.0	2108491	593	4.3
1526952507.17	4300	59.499337	0.0	2184571	642	4.3
1526952510.57	4300	59.99918	0.0	2121928	577	4.3
1526952515.15	4300	59.499998	0.0	2219102	726	4.3
1526952519.12	4300	59.499082	0.0	2124950	623	4.3
1526952523.16	4300	59.500006	0.0	2246506	651	4.3
1526952526.87	4300	59.749463	0.0	1961140	916	4.3
1526952530.71	4300	59.999257	0.0	2155012	868	4.3
1526952532.46	4300	59.680198	0.0	1433658	462	4.3

1526952533.61	750	3.98825	0.375	668286	264	-1.6125
1526952534.81	4300	6.782709	0.0	2123065	829	0.75
1526952535.92	4300	9.66891	0.0	2177073	801	4.3
1526952537.14	4300	12.461889	0.0	2160877	866	4.3
1526952538.07	4300	15.519405	0.0	2233056	594	4.3
1526952538.87	4300	18.715738	0.0	1941625	491	4.3
1526952539.86	4300	21.736802	0.0	2157535	668	4.3
1526952540.84	4300	24.769939	0.0	2290172	644	4.3
1526952541.9	4300	27.689312	0.0	2055469	739	4.3
1526952543.2	4300	30.403523	0.0	2169201	962	4.3
1526952544.18	4300	33.420048	0.0	2173522	650	4.3
