1526952772.46	750	4	2.593	2354772	2486	-11.149899999999999
1526952774.0	1850	7.507209	0.0	957685	314	0.75
1526952774.52	1850	11.012282	0.0	877771	220	1.85
1526952775.55	4300	13.95359	0.0	2160877	760	1.8499999999999996
1526952776.71	4300	16.797202	0.0	2233056	895	4.3
1526952777.51	4300	19.988967	0.0	1941625	536	4.3
1526952778.34	4300	23.156687	0.0	2157535	558	4.3
1526952779.42	4300	26.074198	0.0	2290172	813	4.3
1526952780.21	4300	29.284731	0.0	2055469	522	4.3
1526952781.04	4300	32.484474	0.0	2169201	539	4.3
1526952781.97	4300	35.53703	0.0	2173522	649	4.3
1526952782.81	4300	38.697698	0.0	2102452	555	4.3
1526952783.63	4300	41.857522	0.0	2209463	568	4.3
1526952784.59	4300	44.906463	0.0	2275376	700	4.3
1526952785.39	4300	48.109425	0.0	2005399	532	4.3
1526952786.42	4300	51.100689	0.0	2152483	577	4.3
1526952787.24	4300	54.253847	0.0	2289689	555	4.3
1526952788.12	4300	57.394031	0.0	2059512	600	4.3
1526952790.21	4300	59.749523	0.0	2220726	593	4.3
1526952793.75	4300	59.999445	0.0	2156729	578	4.3
1526952798.1	4300	59.498344	0.0	2039773	574	4.3
1526952802.07	4300	59.749592	0.0	2176469	571	4.3
1526952806.07	4300	59.749696	0.0	2221506	602	4.3
1526952809.95	4300	59.749542	0.0	2044075	2076	4.3
1526952813.78	4300	59.749424	0.0	2186790	2065	4.3
1526952817.49	4300	59.998698	0.0	2105231	2446	4.3
1526952821.84	4300	59.748542	0.0	2395588	1538	4.3
1526952825.64	4300	59.998737	0.0	1972048	1522	4.3
1526952830.05	4300	59.499828	0.0	2134614	1612	4.3
1526952834.21	4300	59.499605	0.0	2164140	1344	4.3
1526952838.08	4300	59.499701	0.0	2113193	609	4.3
1526952841.48	4300	59.997413	0.0	2147852	636	4.3
1526952845.9	4300	59.749604	0.0	2191074	654	4.3
1526952850.1	4300	59.749213	0.0	2286761	729	4.3
1526952853.61	4300	59.999074	0.0	2307787	654	4.3
1526952857.68	4300	59.999343	0.0	2143948	727	4.3
1526952861.58	4300	59.998722	0.0	1919781	629	4.3
1526952865.7	4300	59.997823	0.0	2147467	643	4.3
1526952869.62	4300	59.99837	0.0	2133870	592	4.3
1526952873.51	4300	59.998972	0.0	2146120	610	4.3
1526952877.91	4300	59.749625	0.0	2108491	617	4.3
1526952881.86	4300	59.749775	0.0	2184571	657	4.3
1526952885.93	4300	59.749684	0.0	2121928	643	4.3
1526952890.02	4300	59.499175	0.0	2219102	739	4.3
1526952894.02	4300	59.747273	0.0	2124950	624	4.3
1526952898.05	4300	59.499823	0.0	2246506	753	4.3
1526952901.93	4300	59.749694	0.0	1961140	579	4.3
1526952905.94	4300	59.749506	0.0	2155012	685	4.3
1526952907.75	4300	59.67954	0.0	1433658	414	4.3

1526952908.92	750	3.983777	0.369	668286	252	-1.5867
1526952909.83	4300	7.08545	0.0	2123065	535	0.75
1526952910.64	4300	10.264354	0.0	2177073	546	4.3
1526952911.45	4300	13.462096	0.0	2160877	522	4.3
1526952912.32	4300	16.591642	0.0	2233056	584	4.3
1526952913.12	4300	19.804508	0.0	1941625	506	4.3
1526952914.01	4300	22.912551	0.0	2157535	599	4.3
1526952914.85	4300	26.063183	0.0	2290172	582	4.3
1526952915.74	4300	29.163553	0.0	2055469	642	4.3
1526952916.62	4300	32.273506	0.0	2169201	625	4.3
1526952917.43	4300	35.468619	0.0	2173522	550	4.3
1526952918.23	4300	38.684099	0.0	2102452	534	4.3
1526952919.05	4300	41.862261	0.0	2209463	534	4.3
1526952919.98	4300	44.942646	0.0	2275376	641	4.3
1526952920.78	4300	48.125464	0.0	2005399	483	4.3
1526952921.58	4300	51.339646	0.0	2152483	507	4.3
1526952922.45	4300	54.469516	0.0	2289689	579	4.3
1526952923.23	4300	57.683763	0.0	2059512	487	4.3
1526952925.66	4300	59.498961	0.0	2220726	536	4.3
1526952929.33	4300	59.749166	0.0	2156729	866	4.3
1526952933.29	4300	59.749577	0.0	2039773	662	4.3
1526952937.13	4300	59.999392	0.0	2176469	1910	4.3
1526952941.27	4300	59.749281	0.0	2221506	849	4.3
1526952945.32	4300	59.999313	0.0	2044075	579	4.3
1526952949.25	4300	59.749557	0.0	2186790	617	4.3
1526952953.45	4300	59.499463	0.0	2105231	879	4.3
1526952957.11	4300	59.999416	0.0	2395588	872	4.3
1526952961.18	4300	59.748973	0.0	1972048	810	4.3
1526952964.96	4300	59.998138	0.0	2134614	986	4.3
1526952969.04	4300	59.997979	0.0	2164140	810	4.3
1526952972.96	4300	59.998393	0.0	2113193	596	4.3
1526952977.23	4300	59.99923	0.0	2147852	791	4.3
1526952981.29	4300	59.999458	0.0	2191074	1080	4.3
1526952985.27	4300	59.99937	0.0	2286761	1953	4.3
1526952989.13	4300	59.749235	0.0	2307787	1130	4.3
1526952993.08	4300	59.994599	0.0	2143948	658	4.3
1526952997.65	4300	59.499332	0.0	1919781	613	4.3
1526953001.33	4300	59.749494	0.0	2147467	807	4.3
1526953005.21	4300	59.998809	0.0	2133870	924	4.3
1526953009.17	4300	59.998955	0.0	2146120	620	4.3
1526953013.48	4300	59.749094	0.0	2108491	800	4.3
1526953017.01	4300	59.999382	0.0	2184571	800	4.3
1526953020.88	4300	59.999024	0.0	2121928	618	4.3
1526953024.89	4300	59.999327	0.0	2219102	1729	4.3
1526953029.5	4300	59.74816	0.0	2124950	688	4.3
1526953033.09	4300	59.99932	0.0	2246506	632	4.3
1526953037.01	4300	59.998656	0.0	1961140	553	4.3
1526953040.94	4300	59.99947	0.0	2155012	632	4.3
1526953042.91	4300	59.679449	0.0	1433658	1116	4.3

1526953044.33	750	3.979066	0.552	668286	422	-2.3735999999999997
1526953046.21	4300	6.09755	0.0	2123065	1546	0.75
1526953048.21	4300	8.088771	0.0	2177073	1715	4.3
1526953050.31	4300	9.998357	0.0	2160877	1817	4.3
1526953052.49	4300	12.080737	0.0	2233056	1639	4.3
1526953055.07	4300	13.265824	0.0	1941625	2274	4.3
1526953056.95	4300	15.352161	0.0	2157535	1607	4.3
1526953058.9	4300	17.410474	0.0	2290172	1681	4.3
1526953060.45	4300	19.870811	0.0	2055469	1276	4.3
1526953061.27	4300	23.023038	0.0	2169201	562	4.3
1526953062.11	4300	26.190045	0.0	2173522	550	4.3
1526953062.92	4300	29.376257	0.0	2102452	543	4.3
1526953063.77	4300	32.538935	0.0	2209463	568	4.3
1526953064.66	4300	35.641241	0.0	2275376	615	4.3
1526953065.46	4300	38.847834	0.0	2005399	500	4.3
1526953066.25	4300	42.036386	0.0	2152483	541	4.3
1526953067.14	4300	45.17527	0.0	2289689	588	4.3
1526953067.99	4300	48.313414	0.0	2059512	581	4.3
1526953068.84	4300	51.447234	0.0	2220726	592	4.3
1526953069.7	4300	54.592121	0.0	2156729	611	4.3
1526953070.75	4300	57.559499	0.0	2039773	751	4.3
1526953072.81	4300	59.747508	0.0	2176469	673	4.3
1526953076.78	4300	59.686352	0.0	2221506	688	4.3
1526953080.69	4300	59.749674	0.0	2044075	592	4.3
1526953084.59	4300	59.749802	0.0	2186790	613	4.3
1526953088.58	4300	59.998387	0.0	2105231	595	4.3
1526953092.58	4300	59.963219	0.0	2395588	651	4.3
1526953096.68	4300	59.963045	0.0	1972048	709	4.3
1526953100.61	4300	59.713427	0.0	2134614	653	4.3
1526953104.66	4300	59.963397	0.0	2164140	633	4.3
1526953108.61	4300	59.713407	0.0	2113193	684	4.3
1526953112.5	4300	59.96265	0.0	2147852	615	4.3
1526953116.54	4300	59.961491	0.0	2191074	599	4.3
1526953120.64	4300	59.713155	0.0	2286761	789	4.3
1526953124.62	4300	59.713445	0.0	2307787	668	4.3
1526953128.61	4300	59.713351	0.0	2143948	694	4.3
1526953132.67	4300	59.963312	0.0	1919781	571	4.3
1526953136.55	4300	59.713541	0.0	2147467	652	4.3
1526953140.54	4300	59.963456	0.0	2133870	713	4.3
1526953144.56	4300	59.963289	0.0	2146120	730	4.3
1526953148.67	4300	59.713453	0.0	2108491	789	4.3
1526953152.64	4300	59.963382	0.0	2184571	597	4.3
1526953156.71	4300	59.963463	0.0	2121928	585	4.3
1526953160.63	4300	59.713441	0.0	2219102	631	4.3
1526953164.61	4300	59.713488	0.0	2124950	657	4.3
1526953169.05	4300	59.504527	0.0	2246506	1051	4.3
1526953173.69	4300	58.59244	0.0	1961140	4382	4.3
1526953178.42	4300	57.85537	0.0	2155012	4474	4.3
1526953181.32	4300	56.645322	0.0	1433658	2622	4.3

1526953183.65	750	3.982258	1.352	668286	1237	-5.813599999999999
1526953184.95	1850	6.642642	0.0	957685	969	0.75
1526953185.46	1850	10.124359	0.0	877771	246	1.85
1526953186.37	4300	13.225351	0.0	2160877	557	1.8499999999999996
1526953187.23	4300	16.378142	0.0	2233056	585	4.3
1526953187.94	4300	19.648058	0.0	1941625	455	4.3
1526953188.78	4300	22.806431	0.0	2157535	575	4.3
1526953189.71	4300	25.880134	0.0	2290172	614	4.3
1526953190.59	4300	28.996683	0.0	2055469	599	4.3
1526953191.44	4300	32.151002	0.0	2169201	540	4.3
1526953192.28	4300	35.315074	0.0	2173522	561	4.3
1526953193.08	4300	38.521201	0.0	2102452	508	4.3
1526953193.96	4300	41.621574	0.0	2209463	623	4.3
1526953194.79	4300	44.790045	0.0	2275376	576	4.3
1526953195.54	4300	48.045673	0.0	2005399	482	4.3
1526953196.67	4300	50.920835	0.0	2152483	844	4.3
1526953197.52	4300	54.050389	0.0	2289689	610	4.3
1526953198.32	4300	57.26786	0.0	2059512	532	4.3
1526953199.72	4300	59.999377	0.0	2220726	556	4.3
1526953203.61	4300	59.999312	0.0	2156729	635	4.3
1526953208.08	4300	59.749266	0.0	2039773	590	4.3
1526953211.73	4300	59.999397	0.0	2176469	1381	4.3
1526953216.19	4300	59.749119	0.0	2221506	2021	4.3
1526953220.2	4300	59.749384	0.0	2044075	568	4.3
1526953224.15	4300	59.749271	0.0	2186790	594	4.3
1526953228.04	4300	59.74924	0.0	2105231	621	4.3
1526953231.94	4300	59.746753	0.0	2395588	639	4.3
1526953235.83	4300	59.749078	0.0	1972048	601	4.3
1526953239.99	4300	59.999179	0.0	2134614	597	4.3
1526953243.56	4300	59.963363	0.0	2164140	2940	4.3
1526953248.29	4300	59.749181	0.0	2113193	1976	4.3
1526953251.92	4300	59.998911	0.0	2147852	2293	4.3
1526953255.94	4300	59.749264	0.0	2191074	692	4.3
1526953259.89	4300	59.749081	0.0	2286761	673	4.3
1526953263.78	4300	59.996862	0.0	2307787	1589	4.3
1526953267.88	4300	59.749181	0.0	2143948	822	4.3
1526953271.99	4300	59.999261	0.0	1919781	632	4.3
1526953275.99	4300	59.749265	0.0	2147467	678	4.3
1526953280.16	4300	59.747607	0.0	2133870	1254	4.3
1526953283.88	4300	59.997424	0.0	2146120	741	4.3
1526953287.86	4300	59.749118	0.0	2108491	719	4.3
1526953291.81	4300	59.997715	0.0	2184571	662	4.3
1526953295.85	4300	59.749363	0.0	2121928	778	4.3
1526953300.2	4300	59.746191	0.0	2219102	803	4.3
1526953303.66	4300	59.997509	0.0	2124950	1131	4.3
1526953308.04	4300	59.746762	0.0	2246506	903	4.3
1526953312.07	4300	59.655388	0.0	1961140	647	4.3
1526953315.7	4300	59.998682	0.0	2155012	719	4.3
1526953317.72	4300	59.678549	0.0	1433658	765	4.3

1526953320.04	750	3.971905	0.916	668286	812	-3.9387999999999996
1526953320.89	1850	7.087187	0.0	957685	517	0.75
1526953321.89	4300	10.111848	0.0	2177073	639	1.8499999999999996
1526953323.09	4300	12.893262	0.0	2160877	907	4.3
1526953323.98	4300	15.998411	0.0	2233056	604	4.3
1526953324.84	4300	19.137028	0.0	1941625	590	4.3
1526953325.69	4300	22.293356	0.0	2157535	571	4.3
1526953326.68	4300	25.299434	0.0	2290172	722	4.3
1526953327.48	4300	28.503958	0.0	2055469	523	4.3
1526953328.53	4300	31.464402	0.0	2169201	763	4.3
1526953329.34	4300	34.625932	0.0	2173522	563	4.3
1526953330.13	4300	37.852527	0.0	2102452	519	4.3
1526953331.0	4300	40.977063	0.0	2209463	583	4.3
1526953331.85	4300	44.105586	0.0	2275376	570	4.3
1526953332.74	4300	47.256232	0.0	2005399	597	4.3
1526953333.51	4300	50.459275	0.0	2152483	519	4.3
1526953334.48	4300	53.527172	0.0	2289689	673	4.3
1526953335.48	4300	56.479594	0.0	2059512	748	4.3
1526953336.39	4300	59.5966	0.0	2220726	624	4.3
1526953340.26	4300	59.949606	0.0	2156729	555	4.3
1526953344.78	4300	59.500829	0.0	2039773	637	4.3
1526953348.71	4300	59.500692	0.0	2176469	663	4.3
1526953352.74	4300	59.503066	0.0	2221506	737	4.3
1526953356.76	4300	59.502798	0.0	2044075	588	4.3
1526953360.55	4300	59.752836	0.0	2186790	2888	4.3
1526953364.78	4300	59.502745	0.0	2105231	2304	4.3
1526953368.26	4300	59.727885	0.0	2395588	3210	4.3
1526953372.69	4300	59.503107	0.0	1972048	3127	4.3
1526953376.48	4300	59.753029	0.0	2134614	808	4.3
1526953380.33	4300	59.753044	0.0	2164140	606	4.3
1526953384.52	4300	59.753152	0.0	2113193	652	4.3
1526953388.27	4300	59.752416	0.0	2147852	986	4.3
1526953392.41	4300	59.753088	0.0	2191074	681	4.3
1526953396.56	4300	59.752571	0.0	2286761	690	4.3
1526953400.69	4300	59.478631	0.0	2307787	892	4.3
1526953405.04	4300	58.944486	0.0	2143948	2150	4.3
1526953408.63	4300	59.502909	0.0	1919781	802	4.3
1526953412.61	4300	59.502391	0.0	2147467	713	4.3
1526953416.81	4300	59.503058	0.0	2133870	735	4.3
1526953420.27	4300	59.752919	0.0	2146120	677	4.3
1526953424.29	4300	59.752866	0.0	2108491	760	4.3
1526953428.34	4300	59.752469	0.0	2184571	739	4.3
1526953432.44	4300	59.752971	0.0	2121928	689	4.3
1526953436.45	4300	59.752878	0.0	2219102	684	4.3
1526953440.5	4300	59.50303	0.0	2124950	767	4.3
1526953444.42	4300	59.751143	0.0	2246506	658	4.3
1526953448.53	4300	59.753003	0.0	1961140	637	4.3
1526953452.46	4300	59.502883	0.0	2155012	716	4.3
1526953454.22	4300	59.682927	0.0	1433658	416	4.3

1526953455.39	750	3.996428	0.372	668286	279	-1.5996
1526953456.44	4300	6.925347	0.0	2123065	708	0.75
1526953457.3	4300	10.074372	0.0	2177073	586	4.3
1526953458.1	4300	13.268395	0.0	2160877	522	4.3
1526953458.97	4300	16.399091	0.0	2233056	594	4.3
1526953459.8	4300	19.589327	0.0	1941625	520	4.3
1526953460.62	4300	22.75332	0.0	2157535	537	4.3
1526953461.75	4300	25.63354	0.0	2290172	829	4.3
1526953462.58	4300	28.787784	0.0	2055469	558	4.3
1526953463.45	4300	31.94518	0.0	2169201	586	4.3
1526953464.31	4300	35.07012	0.0	2173522	590	4.3
1526953465.18	4300	38.188986	0.0	2102452	610	4.3
1526953466.08	4300	41.326613	0.0	2209463	610	4.3
1526953467.05	4300	44.310558	0.0	2275376	692	4.3
1526953468.03	4300	47.330206	0.0	2005399	742	4.3
1526953468.98	4300	50.388442	0.0	2152483	685	4.3
1526953469.85	4300	53.52532	0.0	2289689	604	4.3
1526953470.67	4300	56.692575	0.0	2059512	553	4.3
1526953471.78	4300	59.592373	0.0	2220726	858	4.3
1526953475.71	4300	59.749678	0.0	2156729	657	4.3
1526953480.15	4300	59.497355	0.0	2039773	1120	4.3
1526953484.25	4300	59.498015	0.0	2176469	686	4.3
1526953487.64	4300	59.749743	0.0	2221506	1644	4.3
1526953492.07	4300	59.499673	0.0	2044075	1647	4.3
1526953496.23	4300	59.499738	0.0	2186790	2231	4.3
1526953499.75	4300	59.739472	0.0	2105231	2246	4.3
1526953504.07	4300	59.499502	0.0	2395588	1566	4.3
1526953507.75	4300	59.620274	0.0	1972048	3402	4.3
1526953512.64	4300	59.745522	0.0	2134614	666	4.3
1526953516.11	4300	59.499655	0.0	2164140	662	4.3
1526953520.18	4300	59.414829	0.0	2113193	595	4.3
1526953523.81	4300	59.664536	0.0	2147852	811	4.3
1526953527.74	4300	59.656782	0.0	2191074	664	4.3
1526953531.98	4300	59.664916	0.0	2286761	957	4.3
1526953535.49	4300	59.915075	0.0	2307787	704	4.3
1526953539.9	4300	59.664977	0.0	2143948	637	4.3
1526953543.84	4300	59.665001	0.0	1919781	603	4.3
1526953547.77	4300	59.663861	0.0	2147467	633	4.3
1526953551.83	4300	59.664365	0.0	2133870	719	4.3
1526953555.9	4300	59.664845	0.0	2146120	738	4.3
1526953559.98	4300	59.665075	0.0	2108491	750	4.3
1526953563.95	4300	59.665065	0.0	2184571	659	4.3
1526953567.87	4300	59.664501	0.0	2121928	641	4.3
1526953571.78	4300	59.6649	0.0	2219102	653	4.3
1526953575.7	4300	59.914875	0.0	2124950	650	4.3
1526953579.81	4300	59.914813	0.0	2246506	687	4.3
1526953583.68	4300	59.914907	0.0	1961140	941	4.3
1526953587.91	4300	59.664872	0.0	2155012	928	4.3
1526953589.72	4300	59.594888	0.0	1433658	519	4.3

1526953590.94	750	3.97941	0.376	668286	265	-1.6168
1526953591.88	4300	7.04093	0.0	2123065	576	0.75
1526953592.8	4300	10.09871	0.0	2177073	641	4.3
1526953593.7	4300	13.18423	0.0	2160877	660	4.3
1526953594.65	4300	16.240799	0.0	2233056	679	4.3
1526953595.45	4300	19.460768	0.0	1941625	518	4.3
1526953596.31	4300	22.582943	0.0	2157535	579	4.3
1526953597.14	4300	25.760187	0.0	2290172	556	4.3
1526953597.92	4300	28.96999	0.0	2055469	534	4.3
1526953598.73	4300	32.171905	0.0	2169201	554	4.3
1526953599.65	4300	35.268171	0.0	2173522	597	4.3
1526953600.48	4300	38.423756	0.0	2102452	557	4.3
1526953601.31	4300	41.58774	0.0	2209463	556	4.3
1526953602.13	4300	44.764479	0.0	2275376	554	4.3
1526953602.91	4300	48.01857	0.0	2005399	491	4.3
1526953603.79	4300	51.131828	0.0	2152483	609	4.3
1526953604.66	4300	54.238887	0.0	2289689	612	4.3
1526953605.44	4300	57.471109	0.0	2059512	501	4.3
1526953607.24	4300	59.750653	0.0	2220726	551	4.3
1526953611.19	4300	59.750278	0.0	2156729	654	4.3
1526953615.97	4300	59.750694	0.0	2039773	680	4.3
1526953619.78	4300	59.6338	0.0	2176469	2787	4.3
1526953623.5	4300	59.500249	0.0	2221506	998	4.3
1526953627.51	4300	59.500544	0.0	2044075	661	4.3
1526953631.71	4300	59.500254	0.0	2186790	711	4.3
1526953635.16	4300	59.750832	0.0	2105231	668	4.3
1526953639.23	4300	59.749739	0.0	2395588	741	4.3
1526953643.82	4300	59.500593	0.0	1972048	644	4.3
1526953647.43	4300	59.500379	0.0	2134614	1317	4.3
1526953651.84	4300	59.499699	0.0	2164140	1844	4.3
1526953655.29	4300	59.750651	0.0	2113193	1256	4.3
1526953659.4	4300	59.750698	0.0	2147852	819	4.3
1526953663.46	4300	59.75055	0.0	2191074	622	4.3
1526953667.38	4300	59.750714	0.0	2286761	645	4.3
1526953671.34	4300	59.750216	0.0	2307787	683	4.3
1526953675.34	4300	59.750369	0.0	2143948	694	4.3
1526953679.18	4300	59.750436	0.0	1919781	558	4.3
1526953683.58	4300	59.500396	0.0	2147467	624	4.3
1526953687.5	4300	59.500559	0.0	2133870	656	4.3
1526953691.62	4300	59.500618	0.0	2146120	743	4.3
1526953695.5	4300	59.750641	0.0	2108491	983	4.3
1526953699.42	4300	59.749867	0.0	2184571	615	4.3
1526953703.42	4300	59.499885	0.0	2121928	736	4.3
1526953707.6	4300	59.499965	0.0	2219102	918	4.3
1526953711.56	4300	59.499186	0.0	2124950	664	4.3
1526953715.31	4300	59.750654	0.0	2246506	947	4.3
1526953719.35	4300	59.747153	0.0	1961140	610	4.3
1526953723.29	4300	59.748528	0.0	2155012	644	4.3
1526953724.84	4300	59.930649	0.0	1433658	772	4.3

1526953726.74	750	3.97519	0.607	668286	487	-2.6101
1526953727.69	4300	7.02006	0.0	2123065	609	0.75
1526953729.3	4300	9.660684	0.0	2177073	1058	4.3
1526953730.5	4300	12.157648	0.0	2160877	951	4.3
1526953734.08	4300	12.645596	0.0	2233056	2854	4.3
1526953734.9	4300	15.806952	0.0	1941625	550	4.3
1526953735.73	4300	18.982524	0.0	2157535	511	4.3
1526953736.55	4300	22.15653	0.0	2290172	567	4.3
1526953737.31	4300	25.399751	0.0	2055469	480	4.3
1526953738.12	4300	28.588316	0.0	2169201	522	4.3
1526953738.98	4300	31.731308	0.0	2173522	588	4.3
1526953739.94	4300	34.808136	0.0	2102452	665	4.3
1526953740.91	4300	37.803391	0.0	2209463	690	4.3
1526953741.74	4300	40.957448	0.0	2275376	570	4.3
1526953742.57	4300	44.136213	0.0	2005399	547	4.3
1526953743.95	4300	46.966473	0.0	2152483	908	4.3
1526953745.9	4300	49.045916	0.0	2289689	1300	4.3
1526953747.68	4300	51.032601	0.0	2059512	1189	4.3
1526953748.64	4300	54.087598	0.0	2220726	671	4.3
1526953749.48	4300	57.231237	0.0	2156729	568	4.3
1526953751.34	4300	59.500851	0.0	2039773	572	4.3
1526953755.32	4300	59.50077	0.0	2176469	708	4.3
1526953759.3	4300	59.749149	0.0	2221506	599	4.3
1526953763.27	4300	59.683145	0.0	2044075	620	4.3
1526953766.88	4300	59.933268	0.0	2186790	752	4.3
1526953771.13	4300	59.683184	0.0	2105231	982	4.3
1526953775.13	4300	59.683293	0.0	2395588	2220	4.3
1526953779.0	4300	59.933173	0.0	1972048	589	4.3
1526953782.95	4300	59.933024	0.0	2134614	644	4.3
1526953786.82	4300	59.933104	0.0	2164140	606	4.3
1526953791.41	4300	59.683179	0.0	2113193	655	4.3
1526953795.12	4300	59.682931	0.0	2147852	881	4.3
1526953799.02	4300	59.932981	0.0	2191074	629	4.3
1526953802.93	4300	59.932997	0.0	2286761	644	4.3
1526953807.18	4300	59.932575	0.0	2307787	728	4.3
1526953811.42	4300	59.681946	0.0	2143948	819	4.3
1526953815.28	4300	59.68293	0.0	1919781	543	4.3
1526953819.25	4300	59.932981	0.0	2147467	890	4.3
1526953823.24	4300	59.683003	0.0	2133870	736	4.3
1526953827.23	4300	59.683322	0.0	2146120	655	4.3
1526953830.93	4300	59.932371	0.0	2108491	852	4.3
1526953834.9	4300	59.933178	0.0	2184571	721	4.3
1526953839.39	4300	59.683128	0.0	2121928	598	4.3
1526953842.87	4300	59.933198	0.0	2219102	680	4.3
1526953846.97	4300	59.933107	0.0	2124950	822	4.3
1526953850.91	4300	59.93312	0.0	2246506	658	4.3
1526953855.35	4300	59.547504	0.0	1961140	561	4.3
1526953859.23	4300	59.682863	0.0	2155012	598	4.3
1526953860.96	4300	59.613169	0.0	1433658	457	4.3

1526953862.08	750	3.989396	0.302	668286	218	-1.2986
1526953863.12	4300	6.912656	0.0	2123065	658	0.75
1526953863.94	4300	10.107587	0.0	2177073	527	4.3
1526953864.76	4300	13.275004	0.0	2160877	541	4.3
1526953865.57	4300	16.453225	0.0	2233056	559	4.3
1526953866.4	4300	19.646932	0.0	1941625	533	4.3
1526953867.25	4300	22.778604	0.0	2157535	577	4.3
1526953868.08	4300	25.94642	0.0	2290172	576	4.3
1526953868.86	4300	29.164719	0.0	2055469	514	4.3
1526953869.69	4300	32.345247	0.0	2169201	571	4.3
1526953870.51	4300	35.523065	0.0	2173522	562	4.3
1526953871.35	4300	38.677333	0.0	2102452	572	4.3
1526953872.17	4300	41.873841	0.0	2209463	538	4.3
1526953872.99	4300	45.052989	0.0	2275376	543	4.3
1526953873.73	4300	48.305357	0.0	2005399	478	4.3
1526953874.53	4300	51.501488	0.0	2152483	541	4.3
1526953875.35	4300	54.672351	0.0	2289689	556	4.3
1526953876.16	4300	57.869953	0.0	2059512	537	4.3
1526953878.55	4300	59.746557	0.0	2220726	590	4.3
1526953882.59	4300	59.748238	0.0	2156729	671	4.3
1526953886.17	4300	59.998252	0.0	2039773	658	4.3
1526953890.55	4300	59.747971	0.0	2176469	583	4.3
1526953894.43	4300	59.748462	0.0	2221506	1027	4.3
1526953898.31	4300	59.748425	0.0	2044075	584	4.3
1526953902.38	4300	59.998326	0.0	2186790	620	4.3
1526953906.1	4300	59.953245	0.0	2105231	3437	4.3
1526953910.23	4300	59.998176	0.0	2395588	2759	4.3
1526953914.12	4300	59.998404	0.0	1972048	3080	4.3
1526953918.23	4300	59.998274	0.0	2134614	830	4.3
1526953922.17	4300	59.997815	0.0	2164140	664	4.3
1526953926.47	4300	59.998264	0.0	2113193	804	4.3
1526953930.34	4300	59.745264	0.0	2147852	666	4.3
1526953934.4	4300	59.998203	0.0	2191074	644	4.3
1526953938.38	4300	59.74511	0.0	2286761	686	4.3
1526953942.52	4300	59.744916	0.0	2307787	666	4.3
1526953946.52	4300	59.748173	0.0	2143948	624	4.3
1526953950.49	4300	59.748436	0.0	1919781	627	4.3
1526953954.05	4300	59.997466	0.0	2147467	1270	4.3
1526953958.1	4300	59.998288	0.0	2133870	772	4.3
1526953962.56	4300	59.748395	0.0	2146120	631	4.3
1526953966.55	4300	59.748297	0.0	2108491	644	4.3
1526953970.39	4300	59.748119	0.0	2184571	2490	4.3
1526953974.3	4300	59.998229	0.0	2121928	618	4.3
1526953978.32	4300	59.998202	0.0	2219102	621	4.3
1526953982.22	4300	59.998049	0.0	2124950	600	4.3
1526953986.21	4300	59.998274	0.0	2246506	1633	4.3
1526953990.22	4300	59.936838	0.0	1961140	2701	4.3
1526953994.15	4300	59.997244	0.0	2155012	604	4.3
1526953995.98	4300	59.927883	0.0	1433658	486	4.3

1526953997.46	750	4	0.548	668286	440	-2.3564000000000003
1526953998.21	1850	7.251277	0.0	957685	366	0.75
1526953999.18	4300	10.268106	0.0	2177073	597	1.8499999999999996
1526954000.09	4300	13.375747	0.0	2160877	621	4.3
1526954001.01	4300	16.48127	0.0	2233056	616	4.3
1526954003.2	4300	18.278546	0.0	1941625	1873	4.3
1526954006.23	4300	19.23069	0.0	2157535	2722	4.3
1526954008.3	4300	21.152556	0.0	2290172	1675	4.3
1526954009.2	4300	24.234703	0.0	2055469	654	4.3
1526954010.13	4300	27.326872	0.0	2169201	624	4.3
1526954010.95	4300	30.507911	0.0	2173522	534	4.3
1526954011.84	4300	33.614582	0.0	2102452	604	4.3
1526954012.65	4300	36.787808	0.0	2209463	562	4.3
1526954013.49	4300	39.967064	0.0	2275376	550	4.3
1526954014.26	4300	43.186536	0.0	2005399	511	4.3
1526954015.07	4300	46.353733	0.0	2152483	547	4.3
1526954016.3	4300	49.159342	0.0	2289689	933	4.3
1526954017.81	4300	51.670343	0.0	2059512	1215	4.3
1526954020.28	4300	53.199254	0.0	2220726	2165	4.3
1526954021.77	4300	55.679995	0.0	2156729	1217	4.3
1526954022.76	4300	58.744612	0.0	2039773	674	4.3
1526954026.1	4300	59.521699	0.0	2176469	548	4.3
1526954030.01	4300	59.521626	0.0	2221506	642	4.3
1526954034.14	4300	59.521579	0.0	2044075	678	4.3
1526954038.23	4300	59.521621	0.0	2186790	624	4.3
1526954042.23	4300	59.521539	0.0	2105231	620	4.3
1526954045.69	4300	59.771558	0.0	2395588	657	4.3
1526954050.06	4300	59.52164	0.0	1972048	572	4.3
1526954054.14	4300	59.520467	0.0	2134614	2693	4.3
1526954057.79	4300	59.7715	0.0	2164140	1103	4.3
1526954062.23	4300	59.521581	0.0	2113193	578	4.3
1526954066.14	4300	59.521679	0.0	2147852	656	4.3
1526954069.61	4300	59.945446	0.0	2191074	671	4.3
1526954073.59	4300	59.945636	0.0	2286761	705	4.3
1526954077.59	4300	59.9458	0.0	2307787	721	4.3
1526954082.19	4300	59.695742	0.0	2143948	620	4.3
1526954086.14	4300	59.592154	0.0	1919781	636	4.3
1526954090.1	4300	59.592114	0.0	2147467	695	4.3
1526954094.07	4300	59.591567	0.0	2133870	655	4.3
1526954098.02	4300	59.591991	0.0	2146120	651	4.3
1526954102.06	4300	59.7114	0.0	2108491	671	4.3
1526954105.97	4300	59.711323	0.0	2184571	642	4.3
1526954109.92	4300	59.710811	0.0	2121928	659	4.3
1526954113.9	4300	59.896107	0.0	2219102	3130	4.3
1526954117.86	4300	59.961185	0.0	2124950	643	4.3
1526954121.82	4300	59.961116	0.0	2246506	643	4.3
1526954125.73	4300	59.960286	0.0	1961140	638	4.3
1526954129.66	4300	59.960941	0.0	2155012	614	4.3
1526954131.41	4300	59.891293	0.0	1433658	492	4.3

1526954132.73	750	3.988901	0.403	668286	295	-1.7328999999999999
1526954133.62	4300	6.967404	0.0	2123065	570	0.75
1526954134.5	4300	10.114534	0.0	2177073	582	4.3
1526954135.32	4300	13.282339	0.0	2160877	562	4.3
1526954136.2	4300	16.394967	0.0	2233056	622	4.3
1526954137.0	4300	19.606141	0.0	1941625	526	4.3
1526954137.85	4300	22.752111	0.0	2157535	583	4.3
1526954138.66	4300	25.917383	0.0	2290172	570	4.3
1526954139.47	4300	29.125571	0.0	2055469	540	4.3
1526954140.32	4300	32.298395	0.0	2169201	557	4.3
1526954143.33	4300	33.27791	0.0	2173522	2725	4.3
1526954149.11	4300	31.481824	0.0	2102452	5521	4.3
1526954150.11	4300	34.48759	0.0	2209463	658	4.3
1526954151.11	4300	37.507394	0.0	2275376	679	4.3
1526954151.94	4300	40.667254	0.0	2005399	559	4.3
1526954152.81	4300	43.806202	0.0	2152483	555	4.3
1526954153.68	4300	46.919995	0.0	2289689	584	4.3
1526954154.48	4300	50.113367	0.0	2059512	525	4.3
1526954155.39	4300	53.206814	0.0	2220726	636	4.3
1526954156.22	4300	56.382627	0.0	2156729	562	4.3
1526954157.01	4300	59.601966	0.0	2039773	499	4.3
1526954161.21	4300	59.750341	0.0	2176469	599	4.3
1526954165.34	4300	59.750479	0.0	2221506	2482	4.3
1526954169.1	4300	59.500694	0.0	2044075	1471	4.3
1526954173.1	4300	59.750553	0.0	2186790	634	4.3
1526954177.19	4300	59.750445	0.0	2105231	627	4.3
1526954181.17	4300	59.500373	0.0	2395588	710	4.3
1526954185.38	4300	59.497456	0.0	1972048	779	4.3
1526954189.31	4300	59.500574	0.0	2134614	625	4.3
1526954192.76	4300	59.999496	0.0	2164140	673	4.3
1526954197.25	4300	59.500358	0.0	2113193	721	4.3
1526954200.9	4300	59.749539	0.0	2147852	1381	4.3
1526954205.31	4300	59.496144	0.0	2191074	630	4.3
1526954209.04	4300	59.749761	0.0	2286761	791	4.3
1526954213.09	4300	59.750435	0.0	2307787	739	4.3
1526954216.93	4300	59.743303	0.0	2143948	3047	4.3
1526954220.93	4300	59.74794	0.0	1919781	611	4.3
1526954224.83	4300	59.99699	0.0	2147467	635	4.3
1526954228.82	4300	59.999288	0.0	2133870	684	4.3
1526954232.93	4300	59.750165	0.0	2146120	2839	4.3
1526954237.08	4300	59.750469	0.0	2108491	864	4.3
1526954241.06	4300	59.750251	0.0	2184571	638	4.3
1526954245.07	4300	59.74961	0.0	2121928	651	4.3
1526954249.11	4300	59.500506	0.0	2219102	758	4.3
1526954253.07	4300	59.750513	0.0	2124950	662	4.3
1526954257.0	4300	59.748909	0.0	2246506	652	4.3
1526954260.9	4300	59.750172	0.0	1961140	605	4.3
1526954266.38	4300	59.500689	0.0	2155012	632	4.3
1526954268.32	4300	57.909445	0.0	1433658	1557	4.3

1526954269.27	750	3.988325	0.239	668286	162	-1.0277
1526954270.21	4300	7.039603	0.0	2123065	595	0.75
1526954271.09	4300	10.175315	0.0	2177073	604	4.3
1526954271.9	4300	13.355768	0.0	2160877	557	4.3
1526954272.75	4300	16.504932	0.0	2233056	588	4.3
1526954273.5	4300	19.754254	0.0	1941625	476	4.3
1526954274.31	4300	22.939378	0.0	2157535	519	4.3
1526954275.15	4300	26.107201	0.0	2290172	584	4.3
1526954275.91	4300	29.348792	0.0	2055469	488	4.3
1526954276.76	4300	32.499678	0.0	2169201	563	4.3
1526954277.59	4300	35.64754	0.0	2173522	570	4.3
1526954278.38	4300	38.873534	0.0	2102452	534	4.3
1526954279.29	4300	41.985863	0.0	2209463	620	4.3
1526954280.2	4300	45.064921	0.0	2275376	636	4.3
1526954281.01	4300	48.25107	0.0	2005399	544	4.3
1526954281.86	4300	51.399283	0.0	2152483	566	4.3
1526954282.81	4300	54.473405	0.0	2289689	649	4.3
1526954283.62	4300	57.632774	0.0	2059512	526	4.3
1526954286.0	4300	59.499687	0.0	2220726	563	4.3
1526954289.5	4300	59.999316	0.0	2156729	712	4.3
1526954294.1	4300	59.499809	0.0	2039773	649	4.3
1526954297.71	4300	59.749462	0.0	2176469	2674	4.3
1526954301.81	4300	59.749706	0.0	2221506	1201	4.3
1526954305.76	4300	59.749481	0.0	2044075	622	4.3
1526954309.68	4300	59.749623	0.0	2186790	623	4.3
1526954313.58	4300	59.742063	0.0	2105231	655	4.3
1526954317.58	4300	59.749353	0.0	2395588	689	4.3
1526954322.06	4300	59.499601	0.0	1972048	649	4.3
1526954326.19	4300	59.499371	0.0	2134614	615	4.3
1526954329.7	4300	59.749527	0.0	2164140	693	4.3
1526954333.51	4300	59.749918	0.0	2113193	3526	4.3
1526954337.71	4300	59.749709	0.0	2147852	1395	4.3
1526954341.62	4300	59.748309	0.0	2191074	605	4.3
1526954345.57	4300	59.74948	0.0	2286761	662	4.3
1526954350.03	4300	59.499716	0.0	2307787	639	4.3
1526954353.55	4300	59.998995	0.0	2143948	676	4.3
1526954358.03	4300	59.499328	0.0	1919781	604	4.3
1526954361.72	4300	59.749774	0.0	2147467	790	4.3
1526954365.9	4300	59.772719	0.0	2133870	1333	4.3
1526954369.77	4300	59.77272	0.0	2146120	581	4.3
1526954373.84	4300	59.52307	0.0	2108491	1277	4.3
1526954377.55	4300	59.773306	0.0	2184571	1443	4.3
1526954381.94	4300	59.523351	0.0	2121928	612	4.3
1526954385.98	4300	59.523294	0.0	2219102	666	4.3
1526954389.95	4300	59.52317	0.0	2124950	680	4.3
1526954393.71	4300	59.773258	0.0	2246506	946	4.3
1526954397.56	4300	59.772693	0.0	1961140	584	4.3
1526954402.0	4300	59.522865	0.0	2155012	648	4.3
1526954403.2	4300	59.953096	0.0	1433658	435	4.3

1526954404.55	750	3.983833	0.387	668286	258	-1.6641
1526954405.6	4300	6.935181	0.0	2123065	703	0.75
1526954406.56	4300	9.970008	0.0	2177073	670	4.3
1526954407.37	4300	13.142698	0.0	2160877	531	4.3
1526954408.19	4300	16.331052	0.0	2233056	560	4.3
1526954409.09	4300	19.445705	0.0	1941625	614	4.3
1526954409.97	4300	22.56294	0.0	2157535	605	4.3
1526954410.81	4300	25.698189	0.0	2290172	587	4.3
1526954411.55	4300	28.976995	0.0	2055469	458	4.3
1526954412.37	4300	32.155112	0.0	2169201	544	4.3
1526954413.15	4300	35.36118	0.0	2173522	517	4.3
1526954413.93	4300	38.586967	0.0	2102452	516	4.3
1526954414.76	4300	41.757832	0.0	2209463	569	4.3
1526954415.61	4300	44.901942	0.0	2275376	573	4.3
1526954416.4	4300	48.118675	0.0	2005399	528	4.3
1526954417.19	4300	51.334423	0.0	2152483	534	4.3
1526954418.06	4300	54.461019	0.0	2289689	591	4.3
1526954418.86	4300	57.662706	0.0	2059512	549	4.3
1526954421.18	4300	59.500159	0.0	2220726	567	4.3
1526954425.06	4300	59.49978	0.0	2156729	626	4.3
1526954428.92	4300	59.749887	0.0	2039773	574	4.3
1526954432.67	4300	59.999098	0.0	2176469	935	4.3
1526954436.74	4300	59.997286	0.0	2221506	796	4.3
1526954440.68	4300	59.998354	0.0	2044075	676	4.3
1526954445.11	4300	59.49947	0.0	2186790	637	4.3
1526954449.0	4300	59.749796	0.0	2105231	614	4.3
1526954452.59	4300	59.998535	0.0	2395588	754	4.3
1526954457.05	4300	59.750026	0.0	1972048	629	4.3
1526954461.24	4300	59.749487	0.0	2134614	652	4.3
1526954464.63	4300	59.994344	0.0	2164140	653	4.3
1526954469.04	4300	59.499847	0.0	2113193	644	4.3
1526954472.74	4300	59.994373	0.0	2147852	726	4.3
1526954477.09	4300	59.998318	0.0	2191074	695	4.3
1526954480.99	4300	59.749425	0.0	2286761	621	4.3
1526954485.01	4300	59.749676	0.0	2307787	694	4.3
1526954488.87	4300	59.750139	0.0	2143948	586	4.3
1526954492.71	4300	59.9994	0.0	1919781	548	4.3
1526954497.11	4300	59.499414	0.0	2147467	1159	4.3
1526954500.82	4300	59.99767	0.0	2133870	1386	4.3
1526954504.83	4300	59.749958	0.0	2146120	667	4.3
1526954509.38	4300	59.499668	0.0	2108491	643	4.3
1526954513.01	4300	59.749887	0.0	2184571	624	4.3
1526954516.99	4300	59.750225	0.0	2121928	620	4.3
1526954520.9	4300	59.748634	0.0	2219102	630	4.3
1526954524.84	4300	59.74978	0.0	2124950	611	4.3
1526954528.77	4300	59.749584	0.0	2246506	657	4.3
1526954532.62	4300	59.997814	0.0	1961140	584	4.3
1526954537.12	4300	59.749918	0.0	2155012	625	4.3
1526954538.32	4300	59.92895	0.0	1433658	430	4.3

1526954539.52	750	3.999132	0.372	668286	256	-1.5996
1526954540.47	4300	7.036368	0.0	2123065	567	0.75
1526954541.32	4300	10.1902	0.0	2177073	586	4.3
1526954542.12	4300	13.396031	0.0	2160877	512	4.3
1526954542.95	4300	16.559248	0.0	2233056	563	4.3
1526954543.7	4300	19.819396	0.0	1941625	471	4.3
1526954544.51	4300	23.011679	0.0	2157535	546	4.3
1526954545.42	4300	26.08686	0.0	2290172	628	4.3
1526954546.23	4300	29.27244	0.0	2055469	536	4.3
1526954547.1	4300	32.422173	0.0	2169201	564	4.3
1526954547.98	4300	35.519318	0.0	2173522	613	4.3
1526954548.83	4300	38.691105	0.0	2102452	572	4.3
1526954549.64	4300	41.86969	0.0	2209463	550	4.3
1526954550.6	4300	44.885531	0.0	2275376	695	4.3
1526954551.34	4300	48.144804	0.0	2005399	493	4.3
1526954552.18	4300	51.344427	0.0	2152483	570	4.3
1526954553.1	4300	54.416468	0.0	2289689	638	4.3
1526954553.85	4300	57.655845	0.0	2059512	493	4.3
1526954556.2	4300	59.500319	0.0	2220726	583	4.3
1526954559.69	4300	59.999279	0.0	2156729	713	4.3
1526954564.26	4300	59.50026	0.0	2039773	661	4.3
1526954568.16	4300	59.500229	0.0	2176469	604	4.3
1526954571.74	4300	59.999381	0.0	2221506	617	4.3
1526954575.85	4300	59.999417	0.0	2044075	663	4.3
1526954579.92	4300	59.749777	0.0	2186790	697	4.3
1526954584.2	4300	59.500307	0.0	2105231	940	4.3
1526954588.22	4300	59.500249	0.0	2395588	736	4.3
1526954592.11	4300	59.500329	0.0	1972048	619	4.3
1526954596.21	4300	59.499051	0.0	2134614	674	4.3
1526954600.16	4300	59.499135	0.0	2164140	611	4.3
1526954604.11	4300	59.490832	0.0	2113193	668	4.3
1526954608.0	4300	59.750348	0.0	2147852	630	4.3
1526954611.96	4300	59.749069	0.0	2191074	668	4.3
1526954616.11	4300	59.500292	0.0	2286761	818	4.3
1526954620.12	4300	59.500283	0.0	2307787	715	4.3
1526954624.1	4300	59.499936	0.0	2143948	670	4.3
1526954628.04	4300	59.499797	0.0	1919781	651	4.3
1526954631.96	4300	59.750149	0.0	2147467	602	4.3
1526954635.84	4300	59.750118	0.0	2133870	615	4.3
1526954640.31	4300	59.500252	0.0	2146120	635	4.3
1526954644.22	4300	59.500158	0.0	2108491	630	4.3
1526954648.14	4300	59.500282	0.0	2184571	640	4.3
1526954652.1	4300	59.500193	0.0	2121928	695	4.3
1526954656.05	4300	59.500213	0.0	2219102	667	4.3
1526954659.98	4300	59.74707	0.0	2124950	617	4.3
1526954664.04	4300	59.750124	0.0	2246506	710	4.3
1526954668.22	4300	59.500308	0.0	1961140	1404	4.3
1526954672.04	4300	59.500231	0.0	2155012	1561	4.3
1526954673.47	4300	59.712335	0.0	1433658	1174	4.3

1526954674.8	750	3.986652	0.583	668286	476	-2.5069
1526954675.72	1850	7.045963	0.0	957685	609	0.75
1526954677.51	4300	9.270327	0.0	2177073	1448	1.8499999999999996
1526954679.22	4300	11.549283	0.0	2160877	1466	4.3
1526954680.88	4300	13.886086	0.0	2233056	1406	4.3
1526954681.74	4300	17.036316	0.0	1941625	573	4.3
1526954682.68	4300	20.114792	0.0	2157535	637	4.3
1526954683.64	4300	23.1312	0.0	2290172	691	4.3
1526954684.41	4300	26.351172	0.0	2055469	512	4.3
1526954685.24	4300	29.550368	0.0	2169201	554	4.3
1526954686.03	4300	32.734306	0.0	2173522	547	4.3
1526954686.83	4300	35.93891	0.0	2102452	533	4.3
1526954687.75	4300	39.040572	0.0	2209463	624	4.3
1526954688.88	4300	41.897434	0.0	2275376	815	4.3
1526954689.78	4300	45.029569	0.0	2005399	576	4.3
1526954690.98	4300	47.874306	0.0	2152483	847	4.3
1526954692.8	4300	49.98485	0.0	2289689	1509	4.3
1526954693.84	4300	52.972211	0.0	2059512	694	4.3
1526954694.93	4300	55.908697	0.0	2220726	718	4.3
1526954695.91	4300	58.888314	0.0	2156729	682	4.3
1526954699.33	4300	59.497242	0.0	2039773	606	4.3
1526954703.42	4300	59.499364	0.0	2176469	1256	4.3
1526954707.44	4300	59.499612	0.0	2221506	744	4.3
1526954711.54	4300	59.499866	0.0	2044075	766	4.3
1526954715.57	4300	59.499649	0.0	2186790	690	4.3
1526954719.21	4300	59.740147	0.0	2105231	677	4.3
1526954723.45	4300	59.499329	0.0	2395588	863	4.3
1526954727.16	4300	59.749901	0.0	1972048	849	4.3
1526954731.2	4300	59.749653	0.0	2134614	711	4.3
1526954735.37	4300	59.499661	0.0	2164140	1807	4.3
1526954739.45	4300	59.427797	0.0	2113193	664	4.3
1526954743.45	4300	59.499877	0.0	2147852	2530	4.3
1526954747.32	4300	59.499714	0.0	2191074	2050	4.3
1526954751.08	4300	59.749777	0.0	2286761	1854	4.3
1526954755.43	4300	59.749694	0.0	2307787	743	4.3
1526954760.54	4300	58.247144	0.0	2143948	4655	4.3
1526954762.85	4300	59.999045	0.0	1919781	890	4.3
1526954766.87	4300	59.990495	0.0	2147467	660	4.3
1526954771.41	4300	59.49968	0.0	2133870	743	4.3
1526954775.44	4300	59.499654	0.0	2146120	630	4.3
1526954779.61	4300	59.515047	0.0	2108491	667	4.3
1526954783.54	4300	59.516111	0.0	2184571	905	4.3
1526954787.4	4300	59.515089	0.0	2121928	1059	4.3
1526954797.11	4300	54.036644	0.0	2219102	8980	4.3
1526954851.13	4300	4.26433	0.532	2124950	53482	2.0124
1526954852.34	300	7.044226	0.0	160064	553	-3.7
1526954854.12	1850	9.218924	0.0	830730	1443	0.30000000000000004
1526954855.76	1850	11.637268	0.0	846370	1152	1.85
1526954858.85	1850	10.235549	0.0	598850	2706	1.85

1526954861.95	750	3.993333	1.816	668286	1688	-7.808799999999999
1526954864.11	300	6.152115	0.0	155580	1138	-0.15000000000000002
1526954865.73	300	8.103213	0.0	139857	1345	0.3
1526954866.19	300	11.730077	0.0	155432	127	0.3
1526954867.54	1850	14.408131	0.0	996749	879	0.30000000000000004
1526954868.71	1850	17.190668	0.0	801058	862	1.85
1526954871.22	4300	18.667908	0.0	2157535	2126	1.8499999999999996
1526954873.59	4300	20.325482	0.0	2290172	2002	4.3
1526954875.73	4300	22.180362	0.0	2055469	1827	4.3
1526954885.25	4300	16.675757	0.0	2169201	9165	4.3
1526954891.73	1850	14.41655	0.0	939819	5793	-0.6000000000000001
1526954915.24	1850	4.498698	9.416	917428	22522	-38.638799999999996
1526954918.0	300	5.660051	0.0	160746	1298	-1.25
1526954927.87	750	4.415008	4.483	434409	8887	-18.976899999999997
1526954929.79	300	6.506855	0.0	140051	967	-0.15000000000000002
1526954931.67	300	8.091154	0.0	138313	1152	0.3
1526954932.53	300	11.395919	0.0	143509	244	0.3
1526954938.35	1850	9.515407	0.0	885714	5257	0.30000000000000004
1526954940.27	1850	11.524154	0.0	987708	1544	1.85
1526954943.85	1850	11.960904	0.0	923755	3255	1.85
1526954944.88	1850	15.069187	0.0	891604	573	1.85
1526954946.72	1850	17.069625	0.0	955231	1476	1.85
1526954949.73	1850	18.154706	0.0	968026	2597	1.85
1526955031.41	1850	4.397825	63.627	874175	80932	-271.74609999999996
1526955039.3	1850	4.272929	4.148	897976	6972	-15.986399999999998
1526955041.96	2850	5.592903	0.0	1480464	2170	1.85
1526955046.01	1200	5.561054	0.0	696376	3702	-0.44999999999999996
1526955046.91	1850	8.655222	0.0	758197	550	1.2000000000000002
1526955048.38	4300	11.203637	0.0	2134614	1066	1.8499999999999996
1526955049.76	4300	13.810096	0.0	2164140	1062	4.3
1526955051.15	4300	16.445854	0.0	2113193	1031	4.3
1526955052.92	4300	18.704591	0.0	2147852	1425	4.3
1526955055.49	4300	20.075025	0.0	2191074	2047	4.3
1526955061.0	4300	18.548858	0.0	2286761	5150	4.3
1526955063.85	4300	19.713577	0.0	2307787	2485	4.3
1526955066.0	4300	21.612323	0.0	2143948	1790	4.3
1526955068.05	4300	23.513693	0.0	1919781	1732	4.3
1526955069.96	4300	25.61983	0.0	2147467	1584	4.3
1526955072.4	4300	27.203172	0.0	2133870	2081	4.3
1526955076.52	4300	27.077494	0.0	2146120	3690	4.3
1526955078.65	4300	28.93314	0.0	2108491	1782	4.3
1526955080.03	4300	31.585937	0.0	2184571	1014	4.3
1526955081.41	4300	34.188496	0.0	2121928	1050	4.3
1526955082.92	4300	36.664615	0.0	2219102	1134	4.3
1526955084.68	4300	38.863118	0.0	2124950	1464	4.3
1526955086.39	4300	41.238405	0.0	2246506	1283	4.3
1526955088.0	4300	43.581878	0.0	1961140	1277	4.3
1526955089.49	4300	46.086692	0.0	2155012	1176	4.3
1526955090.49	4300	46.753151	0.0	1433658	714	4.3

1526955092.2	750	3.99574	0.873	668286	785	-3.7539
1526955097.76	1850	4.497105	0.973	957685	3831	-3.4338999999999995
1526955099.09	1850	5.947509	0.0	877771	1026	1.85
1526955100.24	1850	8.855845	0.0	933276	843	1.85
1526955101.43	1850	11.696367	0.0	996749	866	1.85
1526955103.09	4300	14.025448	0.0	1941625	1290	1.8499999999999996
1526955105.15	4300	15.95549	0.0	2157535	1756	4.3
1526955107.5	4300	17.606734	0.0	2290172	2063	4.3
1526955109.32	4300	19.787516	0.0	2055469	1530	4.3
1526955111.52	4300	21.587393	0.0	2169201	1869	4.3
1526955114.2	4300	22.903563	0.0	2173522	2203	4.3
1526955118.32	4300	22.810305	0.0	2102452	3754	4.3
1526955119.69	4300	25.427113	0.0	2209463	1021	4.3
1526955121.73	4300	27.352315	0.0	2275376	1763	4.3
1526955123.28	4300	29.819805	0.0	2005399	1161	4.3
1526955124.29	4300	32.82704	0.0	2152483	686	4.3
1526955125.47	4300	35.684436	0.0	2289689	799	4.3
1526955126.74	4300	38.423828	0.0	2059512	869	4.3
1526955127.76	4300	41.3487	0.0	2220726	722	4.3
1526955128.83	4300	44.28268	0.0	2156729	770	4.3
1526955130.58	4300	46.572801	0.0	2039773	1327	4.3
1526955132.34	4300	48.843481	0.0	2176469	1006	4.3
1526955134.17	4300	50.974669	0.0	2221506	1486	4.3
1526955136.05	4300	53.073324	0.0	2044075	1552	4.3
1526955137.78	4300	55.439028	0.0	2186790	1281	4.3
1526955140.29	4300	56.856582	0.0	2105231	2131	4.3
