1526856773.08	750	4	1.095	450283	918	-4.7085
1526856773.89	750	8	0.0	398865	304	0.75
1526856774.86	1850	12	0.0	877771	322	0.75
1526856776.72	4300	16	0.0	2160877	1224	1.8499999999999996
1526856778.43	4300	19.142688	0.0	2233056	1233	4.3
1526856779.98	4300	21.593205	0.0	1941625	1074	4.3
1526856781.67	4300	23.901358	0.0	2157535	1218	4.3
1526856783.38	4300	26.197371	0.0	2290172	1229	4.3
1526856784.93	4300	28.645428	0.0	2055469	1081	4.3
1526856786.5	4300	31.074104	0.0	2169201	1098	4.3
1526856788.05	4300	33.517801	0.0	2173522	1081	4.3
1526856789.46	4300	36.111976	0.0	2102452	937	4.3
1526856790.86	4300	38.709861	0.0	2209463	928	4.3
1526856792.13	4300	41.443611	0.0	2275376	788	4.3
1526856793.22	4300	44.347909	0.0	2005399	630	4.3
1526856795.24	4300	48.03953	0.0	2152483	637	4.3
1526856797.24	4300	52.03953	0.0	2289689	797	4.3
1526856799.24	4300	56.03953	0.0	2059512	761	4.3
1526856802.74	4300	59.788077	0.0	2220726	654	4.3
1526856806.81	4300	59.539023	0.0	2156729	1098	4.3
1526856810.88	4300	59.538177	0.0	2039773	1088	4.3
1526856814.96	4300	59.537882	0.0	2176469	1089	4.3
1526856818.54	4300	59.787784	0.0	2221506	1099	4.3
1526856822.63	4300	59.789244	0.0	2044075	1111	4.3
1526856826.85	4300	59.537894	0.0	2186790	1224	4.3
1526856830.56	4300	59.787612	0.0	2105231	1220	4.3
1526856834.78	4300	59.539175	0.0	2395588	1232	4.3
1526856843.24	4300	59.098477	0.0	1972048	7701	4.3
1526857004.59	4300	59.654829	0.0	2134614	3467	4.3
1526857131.82	4300	59.938188	0.0	2164140	2586	4.3
