1526850386.06	750	4	0.142	450283	79	-0.6106
1526850387.09	1850	8	0.0	957685	246	0.75
1526850387.6	4300	12	0.0	2177073	338	1.8499999999999996
1526850388.23	4300	16	0.0	2160877	494	4.3
1526850388.74	4300	19.804677	0.0	2233056	368	4.3
1526850389.17	4300	23.364442	0.0	1941625	315	4.3
1526850389.65	4300	26.895153	0.0	2157535	365	4.3
1526850390.3	4300	30.235865	0.0	2290172	546	4.3
1526850390.8	4300	33.735986	0.0	2055469	394	4.3
1526850391.33	4300	37.208172	0.0	2169201	396	4.3
1526850391.83	4300	40.711843	0.0	2173522	391	4.3
1526850392.3	4300	44.239231	0.0	2102452	367	4.3
1526850392.82	4300	47.754314	0.0	2209463	381	4.3
1526850393.33	4300	51.210026	0.0	2275376	401	4.3
1526850393.89	4300	54.647271	0.0	2005399	448	4.3
1526850394.38	4300	58.163141	0.0	2152483	381	4.3
1526850396.95	4300	59.749648	0.0	2289689	467	4.3
1526850401.09	4300	59.499682	0.0	2059512	522	4.3
1526850500.69	4300	59.504107	0.0	2220726	458	4.3
1526850504.89	4300	59.504017	0.0	2156729	555	4.3
1526850508.57	4300	59.753926	0.0	2039773	571	4.3
1526850512.65	4300	59.75392	0.0	2176469	470	4.3
1526850516.43	4300	59.753853	0.0	2221506	676	4.3
1526850520.47	4300	59.754064	0.0	2044075	429	4.3
1526850524.58	4300	59.754019	0.0	2186790	502	4.3
1526850528.63	4300	59.754009	0.0	2105231	437	4.3
1526850532.94	4300	59.50404	0.0	2395588	478	4.3
1526850536.73	4300	59.504037	0.0	1972048	651	4.3
1526850540.81	4300	59.504008	0.0	2134614	453	4.3
1526850544.91	4300	59.503905	0.0	2164140	432	4.3
1526850548.55	4300	59.7539	0.0	2113193	527	4.3
1526850552.68	4300	59.753988	0.0	2147852	511	4.3
1526850556.75	4300	59.503939	0.0	2191074	462	4.3
1526850560.82	4300	59.503997	0.0	2286761	478	4.3
1526850564.46	4300	59.753999	0.0	2307787	518	4.3
1526850568.49	4300	59.754035	0.0	2143948	427	4.3
1526850572.44	4300	59.754078	0.0	1919781	349	4.3
1526850576.55	4300	59.754034	0.0	2147467	495	4.3
1526850580.59	4300	59.754018	0.0	2133870	421	4.3
1526850584.63	4300	59.753912	0.0	2146120	408	4.3
1526850588.77	4300	59.504022	0.0	2108491	508	4.3
1526850592.82	4300	59.504039	0.0	2184571	442	4.3
1526850596.86	4300	59.504012	0.0	2121928	429	4.3
1526850600.92	4300	59.50401	0.0	2219102	455	4.3
1526850604.48	4300	59.753972	0.0	2124950	452	4.3
1526850608.58	4300	59.754089	0.0	2246506	466	4.3
1526850612.63	4300	59.754004	0.0	1961140	440	4.3
1526850616.76	4300	59.50406	0.0	2155012	495	4.3
1526850618.2	4300	59.683915	0.0	1433658	339	4.3

1526850618.78	750	4	0.251	668286	203	-1.0793
1526850619.22	4300	7.615403	0.0	2123065	316	0.75
1526850619.31	4300	11.518623	0.0	2177073	18	4.3
1526850619.38	4300	15.450253	0.0	2160877	6	4.3
1526850619.47	4300	19.359397	0.0	2233056	20	4.3
1526850619.55	4300	23.289338	0.0	1941625	7	4.3
1526850619.63	4300	27.204287	0.0	2157535	13	4.3
1526850619.7	4300	31.128939	0.0	2290172	8	4.3
1526850619.79	4300	35.045678	0.0	2055469	15	4.3
1526850619.86	4300	38.977286	0.0	2169201	5	4.3
1526850619.94	4300	42.894815	0.0	2173522	16	4.3
1526850620.0	4300	46.83168	0.0	2102452	5	4.3
1526850620.09	4300	50.744692	0.0	2209463	23	4.3
1526850620.18	4300	54.656179	0.0	2275376	14	4.3
1526850620.26	4300	58.578482	0.0	2005399	7	4.3
1526850622.83	4300	0	0.0	2152483	8	4.3
1526850622.92	4300	0	0.0	1961140	14	4.3
1526850623.0	4300	3.395062	0.596	2155012	9	1.7372
1526850623.07	4300	5.051733	0.0	1433658	3	4.3
1526850625.11	4300	0	0.0	2246506	5	4.3
1526850625.2	4300	0	0.0	1961140	14	4.3
1526850625.27	4300	0	0.0	2155012	6	4.3
1526850625.35	4300	0	0.0	1433658	10	4.3
1526850633.96	4300	1.266041	0.41	2121928	15	2.537
1526850634.02	4300	5.266041	0.0	2219102	4	4.3
1526850634.11	4300	22.946041	0.0	2124950	14	4.3
1526850634.18	4300	22.927722	0.0	2246506	9	4.3
1526850634.27	4300	22.844087	0.0	1961140	12	4.3
1526850634.33	4300	22.78048	0.0	2155012	3	4.3
1526850634.42	4300	22.700041	0.0	1433658	15	4.3
1526850635.59	4300	3.445111	0.036	2108491	14	4.1452
1526850635.66	4300	33.113078	0.0	2184571	5	4.3
1526850635.78	4300	33.021148	0.0	2121928	15	4.3
1526850635.87	4300	32.922093	0.0	2219102	6	4.3
1526850635.94	4300	32.829127	0.0	2124950	6	4.3
1526850636.04	4300	32.726477	0.0	2246506	22	4.3
1526850636.12	4300	32.645611	0.0	1961140	11	4.3
1526850636.2	4300	32.569635	0.0	2155012	6	4.3
1526850636.28	4300	32.480875	0.0	1433658	15	4.3
1526850636.65	4300	0	0.0	2147467	12	4.3
1526850636.74	4300	3.553862	0.128	2133870	14	3.7496
1526850636.86	4300	41.160435	0.0	2146120	7	4.3
1526850636.95	4300	41.064781	0.0	2108491	15	4.3
1526850637.03	4300	40.990514	0.0	2184571	4	4.3
1526850637.12	4300	40.900522	0.0	2121928	16	4.3
1526850637.22	4300	40.835255	0.0	2219102	4	4.3
1526850637.29	4300	40.723983	0.0	2124950	5	4.3
1526850637.39	4300	40.629643	0.0	2246506	19	4.3
1526850637.49	4300	40.535424	0.0	1961140	14	4.3

1526850637.89	750	4	0.012	668286	2	-0.05159999999999998
1526850638.0	4300	7.862032	0.0	2123065	13	0.75
1526850638.09	4300	11.765403	0.0	2177073	15	4.3
1526850638.17	4300	15.686164	0.0	2160877	10	4.3
1526850638.25	4300	19.609377	0.0	2233056	9	4.3
1526850638.31	4300	23.544046	0.0	1941625	6	4.3
1526850638.4	4300	27.457844	0.0	2157535	15	4.3
1526850638.46	4300	31.39463	0.0	2290172	6	4.3
1526850638.55	4300	35.312476	0.0	2055469	16	4.3
1526850638.62	4300	39.242819	0.0	2169201	7	4.3
1526850638.69	4300	43.168917	0.0	2173522	9	4.3
1526850638.76	4300	47.092155	0.0	2102452	11	4.3
1526850638.86	4300	50.997563	0.0	2209463	20	4.3
1526850638.95	4300	54.906493	0.0	2275376	17	4.3
1526850639.02	4300	58.834756	0.0	2005399	8	4.3
1526850650.13	4300	0	0.0	2152483	13	4.3
1526850650.23	4300	0	0.0	2286761	17	4.3
1526850650.3	4300	2.462866	0.579	2307787	6	1.8102999999999998
1526850650.37	4300	6.462866	0.0	2143948	4	4.3
1526850650.44	4300	10.462866	0.0	1919781	7	4.3
1526850650.53	4300	14.462866	0.0	2147467	18	4.3
1526850650.62	4300	18.462866	0.0	2133870	13	4.3
1526850650.71	4300	22.462866	0.0	2146120	13	4.3
1526850650.78	4300	26.462866	0.0	2108491	8	4.3
1526850650.86	4300	30.462866	0.0	2184571	13	4.3
1526850650.93	4300	34.462866	0.0	2121928	5	4.3
1526850651.01	4300	38.462866	0.0	2219102	10	4.3
1526850651.11	4300	42.462866	0.0	2124950	16	4.3
1526850651.2	4300	46.462866	0.0	2246506	11	4.3
1526850651.3	4300	50.462866	0.0	1961140	23	4.3
1526850651.37	4300	54.462866	0.0	2155012	5	4.3
1526850651.46	4300	56.142866	0.0	1433658	11	4.3
1526850654.92	4300	0.193281	0.0	2113193	14	4.3
1526850654.99	4300	4.193281	0.109	2147852	6	3.8312999999999997
1526850686.13	4300	59.749564	0.0	2191074	6	4.3
1526850690.24	4300	59.749451	0.0	2289689	27	4.3
1526850694.34	4300	59.499493	0.0	2059512	16	4.3
1526850697.98	4300	59.999471	0.0	2220726	33	4.3
1526850702.09	4300	59.74959	0.0	2156729	21	4.3
1526850706.22	4300	59.749583	0.0	2039773	21	4.3
1526850710.32	4300	59.499615	0.0	2176469	14	4.3
1526850714.43	4300	59.499678	0.0	2221506	16	4.3
1526850718.04	4300	59.749461	0.0	2044075	18	4.3
1526850722.16	4300	59.74947	0.0	2186790	28	4.3
1526850726.27	4300	59.749479	0.0	2105231	18	4.3
1526850729.89	4300	59.999482	0.0	2395588	23	4.3
1526850734.0	4300	59.999395	0.0	1972048	24	4.3
1526850738.1	4300	59.749509	0.0	2134614	16	4.3
1526850815.78	4300	59.929451	0.0	2164140	9	4.3

1526850816.19	750	4	0.017	668286	6	-0.07309999999999994
1526850816.29	4300	7.913019	0.0	2123065	12	0.75
1526850816.37	4300	11.820327	0.0	2177073	13	4.3
1526850816.48	4300	15.736433	0.0	2160877	15	4.3
1526850816.57	4300	19.62268	0.0	2233056	17	4.3
1526850816.66	4300	23.542682	0.0	1941625	9	4.3
1526850816.77	4300	27.420603	0.0	2157535	22	4.3
1526850816.85	4300	31.339856	0.0	2290172	11	4.3
1526850816.98	4300	35.208499	0.0	2055469	41	4.3
1526850817.08	4300	39.108714	0.0	2169201	21	4.3
1526850817.23	4300	42.980748	0.0	2173522	44	4.3
1526850817.38	4300	46.813778	0.0	2102452	30	4.3
1526850817.52	4300	50.679324	0.0	2209463	44	4.3
1526850817.61	4300	54.578869	0.0	2275376	20	4.3
1526850817.72	4300	58.489146	0.0	2005399	15	4.3
1526850820.8	4300	59.499847	0.0	2152483	14	4.3
1526850824.92	4300	59.499861	0.0	2289689	13	4.3
1526850828.52	4300	59.749741	0.0	2059512	20	4.3
1526850832.67	4300	59.749753	0.0	2220726	25	4.3
1526850836.79	4300	59.49957	0.0	2156729	23	4.3
1526850840.89	4300	59.499614	0.0	2039773	24	4.3
1526850844.51	4300	59.749603	0.0	2176469	30	4.3
1526850848.62	4300	59.749333	0.0	2221506	22	4.3
1526850852.77	4300	59.499732	0.0	2044075	34	4.3
1526850856.89	4300	59.499725	0.0	2186790	29	4.3
1526850860.51	4300	59.749789	0.0	2105231	21	4.3
1526850864.62	4300	59.749831	0.0	2395588	28	4.3
1526850868.73	4300	59.499727	0.0	1972048	20	4.3
1526850872.85	4300	59.499712	0.0	2134614	27	4.3
1526850876.48	4300	59.749716	0.0	2164140	32	4.3
1526850880.6	4300	59.749622	0.0	2113193	27	4.3
1526850884.73	4300	59.499735	0.0	2147852	33	4.3
1526850888.83	4300	59.499768	0.0	2191074	12	4.3
1526850892.94	4300	59.499742	0.0	2286761	23	4.3
1526850896.56	4300	59.74975	0.0	2307787	31	4.3
1526850900.68	4300	59.749722	0.0	2143948	29	4.3
1526850904.78	4300	59.499666	0.0	1919781	16	4.3
1526850908.87	4300	59.499574	0.0	2147467	13	4.3
1526850912.45	4300	59.749854	0.0	2133870	11	4.3
1526850916.54	4300	59.74971	0.0	2146120	10	4.3
1526850920.63	4300	59.749771	0.0	2108491	9	4.3
1526850924.75	4300	59.499721	0.0	2184571	15	4.3
1526850928.85	4300	59.49975	0.0	2121928	9	4.3
1526850932.93	4300	59.499949	0.0	2219102	12	4.3
1526850936.56	4300	59.749705	0.0	2124950	28	4.3
1526850940.67	4300	59.749771	0.0	2246506	24	4.3
1526850944.77	4300	59.49961	0.0	1961140	19	4.3
1526850948.91	4300	59.499725	0.0	2155012	24	4.3
1526850950.06	4300	59.929595	0.0	1433658	24	4.3

1526850950.75	750	4	0.014	668286	4	-0.06020000000000003
1526850950.91	4300	7.733563	0.0	2123065	21	0.75
1526850951.0	4300	11.650519	0.0	2177073	17	4.3
1526850951.09	4300	15.555728	0.0	2160877	22	4.3
1526850951.16	4300	19.480458	0.0	2233056	11	4.3
1526850951.3	4300	23.348238	0.0	1941625	44	4.3
1526850951.39	4300	27.254946	0.0	2157535	20	4.3
1526850951.48	4300	31.16373	0.0	2290172	21	4.3
1526850951.57	4300	35.076091	0.0	2055469	20	4.3
1526850951.66	4300	38.986714	0.0	2169201	20	4.3
1526850951.73	4300	42.916509	0.0	2173522	11	4.3
1526850951.8	4300	46.840432	0.0	2102452	14	4.3
1526850951.89	4300	50.75681	0.0	2209463	15	4.3
1526850951.97	4300	54.671942	0.0	2275376	14	4.3
1526850952.09	4300	58.565402	0.0	2005399	33	4.3
1526850955.18	4300	59.500556	0.0	2152483	13	4.3
1526850959.3	4300	59.50056	0.0	2289689	29	4.3
1526850962.92	4300	59.750431	0.0	2059512	21	4.3
1526850967.05	4300	59.750446	0.0	2220726	34	4.3
1526850971.17	4300	59.50045	0.0	2156729	25	4.3
1526850975.29	4300	59.500496	0.0	2039773	27	4.3
1526850978.91	4300	59.750424	0.0	2176469	25	4.3
1526850983.32	4300	59.750557	0.0	2221506	28	4.3
1526850986.97	4300	59.750519	0.0	2044075	22	4.3
1526850991.06	4300	59.7506	0.0	2186790	12	4.3
1526850995.18	4300	59.500438	0.0	2105231	28	4.3
1526850999.29	4300	59.500432	0.0	2395588	20	4.3
1526851003.37	4300	59.500508	0.0	1972048	9	4.3
1526851006.97	4300	59.75057	0.0	2134614	18	4.3
1526851011.09	4300	59.750459	0.0	2164140	26	4.3
1526851015.2	4300	59.500454	0.0	2113193	27	4.3
1526851019.31	4300	59.500419	0.0	2147852	28	4.3
1526851022.92	4300	59.750429	0.0	2191074	27	4.3
1526851027.04	4300	59.750469	0.0	2286761	31	4.3
1526851031.16	4300	59.500481	0.0	2307787	30	4.3
1526851035.27	4300	59.500533	0.0	2143948	24	4.3
1526851039.37	4300	59.500551	0.0	1919781	13	4.3
1526851042.98	4300	59.750541	0.0	2147467	24	4.3
1526851047.08	4300	59.750489	0.0	2133870	19	4.3
1526851051.19	4300	59.500419	0.0	2146120	28	4.3
1526851055.32	4300	59.500525	0.0	2108491	31	4.3
1526851058.93	4300	59.750537	0.0	2184571	31	4.3
1526851063.06	4300	59.750466	0.0	2121928	31	4.3
1526851067.16	4300	59.500586	0.0	2219102	25	4.3
1526851071.25	4300	59.500441	0.0	2124950	14	4.3
1526851075.33	4300	59.500688	0.0	2246506	12	4.3
1526851078.94	4300	59.750418	0.0	1961140	26	4.3
1526851083.05	4300	59.750646	0.0	2155012	28	4.3
1526851084.65	4300	59.680744	0.0	1433658	22	4.3

1526851085.04	750	4	0.012	668286	2	-0.05159999999999998
1526851085.15	4300	7.884439	0.0	2123065	21	0.75
1526851085.23	4300	11.804449	0.0	2177073	15	4.3
1526851085.34	4300	15.703302	0.0	2160877	24	4.3
1526851085.48	4300	19.55355	0.0	2233056	56	4.3
1526851085.62	4300	23.420885	0.0	1941625	38	4.3
1526851085.76	4300	27.280982	0.0	2157535	44	4.3
1526851085.9	4300	31.138436	0.0	2290172	46	4.3
1526851086.04	4300	34.996958	0.0	2055469	41	4.3
1526851086.17	4300	38.867104	0.0	2169201	41	4.3
1526851086.3	4300	42.735773	0.0	2173522	40	4.3
1526851086.42	4300	46.615066	0.0	2102452	36	4.3
1526851086.55	4300	50.490412	0.0	2209463	37	4.3
1526851086.69	4300	54.362784	0.0	2275376	38	4.3
1526851086.83	4300	58.213192	0.0	2005399	38	4.3
1526851089.46	4300	59.750199	0.0	2152483	40	4.3
1526851093.59	4300	59.500847	0.0	2289689	30	4.3
1526851097.7	4300	59.50098	0.0	2059512	27	4.3
1526851101.34	4300	59.74831	0.0	2220726	25	4.3
1526851105.46	4300	59.750625	0.0	2156729	31	4.3
1526851109.58	4300	59.500817	0.0	2039773	25	4.3
1526851113.71	4300	59.500873	0.0	2176469	26	4.3
1526851117.32	4300	59.750949	0.0	2221506	28	4.3
1526851121.43	4300	59.750658	0.0	2044075	17	4.3
1526851125.54	4300	59.500828	0.0	2186790	27	4.3
1526851129.65	4300	59.501015	0.0	2105231	27	4.3
1526851133.76	4300	59.500811	0.0	2395588	27	4.3
1526851137.38	4300	59.750124	0.0	1972048	26	4.3
1526851141.5	4300	59.749967	0.0	2134614	26	4.3
1526851145.62	4300	59.500882	0.0	2164140	23	4.3
1526851149.73	4300	59.500714	0.0	2113193	25	4.3
1526851153.37	4300	59.748992	0.0	2147852	20	4.3
1526851157.47	4300	59.748709	0.0	2191074	18	4.3
1526851161.59	4300	59.500813	0.0	2286761	27	4.3
1526851165.72	4300	59.500928	0.0	2307787	30	4.3
1526851169.31	4300	59.75054	0.0	2143948	13	4.3
1526851173.45	4300	59.74996	0.0	1919781	22	4.3
1526851177.56	4300	59.500783	0.0	2147467	26	4.3
1526851181.68	4300	59.50082	0.0	2133870	22	4.3
1526851185.32	4300	59.750573	0.0	2146120	26	4.3
1526851189.45	4300	59.750438	0.0	2108491	42	4.3
1526851193.56	4300	59.500702	0.0	2184571	28	4.3
1526851197.7	4300	59.500709	0.0	2121928	28	4.3
1526851201.32	4300	59.75059	0.0	2219102	26	4.3
1526851205.45	4300	59.748996	0.0	2124950	27	4.3
1526851209.59	4300	59.500755	0.0	2246506	22	4.3
1526851213.7	4300	59.500832	0.0	1961140	28	4.3
1526851217.32	4300	59.749794	0.0	2155012	32	4.3
1526851218.96	4300	59.930766	0.0	1433658	23	4.3

1526851219.37	750	3.997713	0.021	668286	3	-0.09030000000000005
1526851219.51	4300	7.854348	0.0	2123065	40	0.75
1526851219.65	4300	11.7219	0.0	2177073	37	4.3
1526851219.8	4300	15.56407	0.0	2160877	61	4.3
1526851219.95	4300	19.420428	0.0	2233056	55	4.3
1526851220.08	4300	23.291846	0.0	1941625	40	4.3
1526851220.21	4300	27.152012	0.0	2157535	48	4.3
1526851220.3	4300	31.059256	0.0	2290172	21	4.3
1526851220.44	4300	34.932468	0.0	2055469	41	4.3
1526851220.58	4300	38.797389	0.0	2169201	38	4.3
1526851220.72	4300	42.652826	0.0	2173522	48	4.3
1526851220.86	4300	46.510766	0.0	2102452	46	4.3
1526851221.01	4300	50.372527	0.0	2209463	40	4.3
1526851221.16	4300	54.217634	0.0	2275376	47	4.3
1526851221.27	4300	58.107904	0.0	2005399	25	4.3
1526851223.91	4300	59.500727	0.0	2152483	29	4.3
1526851228.06	4300	59.500619	0.0	2289689	33	4.3
1526851232.29	4300	59.792237	0.0	2059512	23	4.3
1526851262.3	4300	59.882737	0.0	2220726	33	4.3
1526851266.4	4300	59.632705	0.0	2156729	17	4.3
1526851270.51	4300	59.632743	0.0	2039773	24	4.3
1526851274.12	4300	59.882697	0.0	2176469	21	4.3
1526851278.23	4300	59.882727	0.0	2221506	30	4.3
1526851282.34	4300	59.632721	0.0	2044075	19	4.3
1526851286.49	4300	59.63276	0.0	2186790	31	4.3
1526851290.11	4300	59.882756	0.0	2105231	28	4.3
1526851294.24	4300	59.882723	0.0	2395588	29	4.3
