1528188792.88	600	3.998628	-48.688	181801	1382	209.70839999999998
1528188797.96	2000	4.490325	1.579	957685	4805	-6.1897
1528188801.59	2000	4.863779	0.0	877771	3426	2.0
1528188805.36	2000	5.082727	0.0	933276	3560	2.0
1528188812.48	2000	4.324047	2.342	996749	6906	-8.0706
1528188813.81	350	6.981085	0.0	126289	1044	-1.2999999999999998
1528188815.74	350	9.048215	0.0	153295	1724	0.35
1528188817.55	350	11.241367	0.0	173849	1603	0.35
1528188819.56	350	13.244491	0.0	150710	1789	0.35
1528188820.82	350	15.968377	0.0	139105	1063	0.35
1528188822.57	350	18.214507	0.0	141840	1489	0.35
1528188823.57	350	21.232564	0.0	156148	792	0.35
1528188831.07	3000	17.709724	0.0	1422919	7227	0.3500000000000001
1528188835.19	1000	17.604181	0.0	687371	3834	-1.0
1528189041.54	600	3.999684	0.274	450283	5178	-1.9782000000000002
1528189048.71	2000	4.498148	3.683	957685	6883	-15.2369
1528189055.29	2000	4.431739	2.513	877771	6357	-8.8059
1528189063.29	2000	4.444731	4.026	933276	7725	-15.311799999999998
1528189068.1	2000	4.450735	0.831	996749	4575	-1.5732999999999997
1528189071.35	2000	5.203655	0.0	801058	3054	2.0
1528189074.53	2000	6.034748	0.0	905515	2962	2.0
1528189078.65	2000	5.892331	0.0	1060487	3928	2.0
1528189081.97	2000	6.573338	0.0	852833	3144	2.0
1528189089.12	2000	4.276948	0.833	913888	6932	-1.5818999999999996
1528189096.63	2000	4.370888	3.598	939819	7135	-13.4714
1528189107.87	2000	4.468618	7.347	917428	10993	-29.5921
1528189119.8	2000	4.314958	7.786	946851	11637	-31.479799999999997
1528189124.89	2000	4.351273	1.13	1036454	4845	-2.859
1528189128.37	2000	4.882709	0.0	821631	3286	2.0
1528189132.31	2000	4.933769	0.0	923170	3758	2.0
1528189135.58	2000	5.680808	0.0	966699	3046	2.0
1528189138.37	2000	6.894061	0.0	885714	2574	2.0
1528189143.58	2000	5.652855	0.0	987708	5036	2.0
1528189148.3	2000	4.938165	0.0	923755	4462	2.0
1528189154.65	2000	4.480613	1.876	891604	6145	-6.066799999999999
1528189157.77	2000	5.347716	0.0	955231	2940	2.0
1528189161.61	2000	5.521322	0.0	968026	3641	2.0
1528189164.89	2000	6.229729	0.0	874175	3060	2.0
1528189168.27	2000	6.844867	0.0	897976	3171	2.0
1528189171.74	2000	7.388457	0.0	905935	3227	2.0
1528189175.85	2000	7.273696	0.0	1076599	3893	2.0
1528189179.32	2000	7.793329	0.0	758197	3291	2.0
1528189184.97	2000	6.181192	0.0	972798	5413	2.0
1528189189.05	2000	6.064543	0.0	975811	3836	2.0
1528189193.9	2000	5.208529	0.0	873429	4676	2.0
1528189198.87	2000	4.35555	0.099	954453	4738	1.5743
1528189202.59	2000	4.627081	0.0	885062	3515	2.0
1528189204.63	2000	6.587808	0.0	1035329	1842	2.0
1528189207.7	2000	7.547149	0.0	1026056	2846	2.0
