1528185584.26	1000	59.998945	0.0	598727	381	1.0
1528185588.34	1000	59.749665	0.0	487812	379	1.0
1528185592.38	1000	59.74933	0.0	575591	345	1.0
1528185596.37	1000	59.750143	0.0	605884	291	1.0
1528185600.63	1000	59.499978	0.0	587506	581	1.0
1528185604.62	1000	59.499783	0.0	566904	748	1.0
1528185608.43	1000	59.749713	0.0	641452	625	1.0
1528185612.35	1000	59.749206	0.0	599477	178	1.0
1528185616.25	1000	59.999331	0.0	634861	2710	1.0
1528185620.74	1000	59.499444	0.0	630203	3315	1.0
1528185624.22	1000	59.995738	0.0	638661	796	1.0
1528185628.56	1000	59.500074	0.0	538612	650	1.0
1528185632.3	1000	59.749541	0.0	550906	541	1.0
1528185633.97	1000	59.92978	0.0	391450	487	1.0
1528185740.96	600	3.999209	0.413	668286	681	-1.5758999999999999
1528185741.7	1000	7.260114	0.0	611087	531	0.6
1528185742.41	1000	10.54892	0.0	571051	531	1.0
1528185743.32	1000	13.639993	0.0	617681	718	1.0
1528185744.46	1000	16.48688	0.0	652874	971	1.0
1528185745.08	1000	19.873389	0.0	520315	444	1.0
1528185745.71	1000	23.245105	0.0	561791	438	1.0
1528185747.13	1000	25.821226	0.0	709534	1228	1.0
1528185748.24	1000	28.709795	0.0	584846	928	1.0
1528185750.08	1000	30.880225	0.0	560821	1614	1.0
1528185751.07	1000	33.879319	0.0	607410	809	1.0
1528185751.86	1000	37.095153	0.0	594078	594	1.0
1528185753.03	1000	39.914866	0.0	624282	996	1.0
1528185754.19	1000	42.759419	0.0	687371	966	1.0
1528185755.34	1000	45.610283	0.0	526950	973	1.0
1528185756.19	1000	48.759187	0.0	587876	667	1.0
1528185757.19	1000	51.771048	0.0	617242	792	1.0
1528185757.87	1000	55.076909	0.0	581493	505	1.0
1528185758.54	1000	58.405432	0.0	639204	471	1.0
1528185761.26	1000	59.747406	0.0	586839	538	1.0
1528185765.7	1000	59.499447	0.0	601738	728	1.0
1528185769.68	1000	59.500087	0.0	616206	757	1.0
1528185773.64	1000	59.499627	0.0	656471	1244	1.0
1528185777.39	1000	59.749346	0.0	536667	524	1.0
1528185781.46	1000	59.748915	0.0	587236	823	1.0
1528185785.11	1000	59.999377	0.0	590335	859	1.0
1528185789.17	1000	59.999007	0.0	696376	844	1.0
1528185793.25	1000	59.748861	0.0	487160	870	1.0
1528185797.53	1000	59.499042	0.0	622896	574	1.0
1528185801.37	1000	59.7493	0.0	641447	1614	1.0
1528185805.58	1000	59.499559	0.0	570392	1016	1.0
1528185809.6	1000	59.498078	0.0	620283	1341	1.0
1528185813.25	1000	59.749778	0.0	584349	1926	1.0
1528185817.31	1000	59.749669	0.0	670129	838	1.0
1528185821.16	1000	59.998201	0.0	690253	1613	1.0
