1527225655.85	750	4	3.178	668286	3098	-13.6654
1527225661.8	750	4.4975	2.456	398865	5417	-9.810799999999999
1527225662.91	300	7.42551	0.0	139857	688	-0.15000000000000002
1527225663.79	300	10.469549	0.0	155432	611	0.3
1527225664.8	300	13.507257	0.0	163442	603	0.3
1527225666.06	300	16.20276	0.0	126289	875	0.3
1527225667.22	300	19.044717	0.0	153295	819	0.3
1527225674.37	1850	15.918025	0.0	1060487	3535	0.30000000000000004
1527225679.31	1850	15.306235	0.0	852833	4181	1.85
1527225685.89	1850	12.376378	0.0	913888	6108	1.85
1527225689.02	1850	13.239498	0.0	939819	2593	1.85
1527225691.59	1850	14.670536	0.0	917428	2271	1.85
1527225693.79	1850	16.484684	0.0	946851	1827	1.85
1527225697.28	1850	16.973756	0.0	1036454	3192	1.85
1527225699.89	1850	18.366708	0.0	821631	2298	1.85
1527225702.79	1850	19.470616	0.0	923170	2585	1.85
1527225705.77	1850	20.528543	0.0	966699	2608	1.85
1527225710.1	1850	20.200619	0.0	885714	4028	1.85
1527225713.25	1850	21.05197	0.0	987708	2855	1.85
1527225715.35	1850	22.951553	0.0	923755	1794	1.85
1527225721.41	2850	20.893187	0.0	1415116	5631	1.85
1527225727.02	2850	19.272795	0.0	1468126	5242	2.85
1527225737.47	2850	12.839999	0.0	1505760	10088	2.85
1527225740.07	1850	14.232818	0.0	874175	2241	0.8500000000000001
1527225743.2	1850	15.106039	0.0	897976	2824	1.85
1527225776.93	1850	4.310093	18.859	905935	33318	-79.2437
1527225793.97	300	4.414996	13.184	181901	13817	-57.941199999999995
1527225797.62	300	4.807135	0.0	111155	3155	0.3
1527225798.66	300	7.701153	0.0	153605	710	0.3
1527225799.37	300	10.997897	0.0	149029	401	0.3
1527225800.1	300	14.254006	0.0	157421	423	0.3
1527225800.7	300	17.643101	0.0	157488	240	0.3
1527225801.17	300	21.183864	0.0	143881	187	0.3
1527225805.08	2850	21.267749	0.0	1587293	3539	0.30000000000000027
1527225810.26	2850	21.405757	0.0	1492672	3526	2.85
1527225819.55	2850	14.769577	0.0	1439896	8954	2.85
1527225821.89	1850	16.464449	0.0	728962	2002	0.8500000000000001
1527225824.06	1850	18.284702	0.0	938587	1851	1.85
1527225829.79	1850	16.557277	0.0	908665	5434	1.85
1527225834.64	1850	15.729072	0.0	930577	4463	1.85
1527225865.58	1850	4.351673	7.605	858450	22592	-30.8515
1527225872.48	300	4.031482	6.626	161857	4394	-29.741799999999998
1527225874.88	300	5.633851	0.0	145210	1997	0.3
1527225876.62	300	7.875097	0.0	172312	1346	0.3
1527225877.82	300	10.724532	0.0	167025	657	0.3
1527225878.39	300	14.107518	0.0	160064	257	0.3
1527225878.92	300	17.60376	0.0	137507	257	0.3
1527225881.76	1850	18.825869	0.0	846370	2471	0.30000000000000004
1527225882.99	1850	19.199331	0.0	598850	953	1.85
