1527229354.4	750	4	2.505	668286	2396	-10.7715
1527229356.16	750	6.237412	0.0	398865	1453	0.75
1527229357.58	750	8.840695	0.0	350812	1201	0.75
1527229359.05	750	11.359726	0.0	382355	1252	0.75
1527229360.87	750	13.539841	0.0	411561	1593	0.75
1527229362.31	750	16.081646	0.0	318564	1209	0.75
1527229363.7	750	18.696125	0.0	352642	1179	0.75
1527229368.41	1850	17.982493	0.0	1060487	4430	0.75
1527229373.59	1850	16.80429	0.0	852833	4939	1.85
1527229377.33	1850	17.095321	0.0	913888	3438	1.85
1527229382.43	1850	15.966448	0.0	939819	4867	1.85
1527229387.43	1850	14.96865	0.0	917428	4785	1.85
1527229391.62	1850	14.795633	0.0	946851	3940	1.85
1527229393.73	1850	16.670551	0.0	1036454	1862	1.85
1527229396.11	1850	18.292655	0.0	821631	2153	1.85
1527229399.36	1850	19.037229	0.0	923170	3015	1.85
1527229402.58	1850	19.817192	0.0	966699	3000	1.85
1527229405.25	1850	21.146135	0.0	885714	2450	1.85
1527229408.0	1850	22.425193	0.0	987708	2504	1.85
1527229410.9	1850	23.52731	0.0	923755	2636	1.85
1527229413.62	1850	24.781755	0.0	891604	2468	1.85
1527229416.49	1850	25.901071	0.0	955231	2639	1.85
1527229419.29	1850	27.122954	0.0	968026	2551	1.85
1527229425.12	4300	25.335519	0.0	2044075	5403	1.8499999999999996
1527229432.19	4300	22.222126	0.0	2186790	6773	4.3
1527229438.9	4300	19.502256	0.0	2105231	6457	4.3
1527229446.32	4300	16.101485	0.0	2395588	7159	4.3
1527229453.25	4300	13.194379	0.0	1972048	6613	4.3
1527229461.52	4300	8.90463	0.0	2134614	8032	4.3
1527229475.63	1850	4.40396	5.563	975811	13703	-24.520899999999994
1527229478.11	300	5.881041	0.0	157421	2015	-1.25
1527229481.71	300	7.006487	0.0	157488	2634	0.3
1527229483.45	300	8.48092	0.0	143881	1481	0.3
1527229484.3	300	11.753485	0.0	163444	534	0.3
1527229486.21	750	13.792173	0.0	401088	1659	0.3
1527229487.16	750	16.837836	0.0	365161	715	0.75
1527229488.57	1850	19.428746	0.0	728962	1152	0.75
1527229490.1	1850	21.860264	0.0	938587	1316	1.85
1527229491.46	1850	24.497807	0.0	908665	1159	1.85
1527229492.89	1850	27.084847	0.0	930577	1203	1.85
1527229496.11	4300	27.882452	0.0	2108491	2958	1.8499999999999996
1527229500.62	4300	27.360996	0.0	2184571	4265	4.3
1527229506.02	4300	25.972467	0.0	2121928	5141	4.3
1527229511.41	4300	24.57597	0.0	2219102	5097	4.3
1527229516.75	4300	23.22666	0.0	2124950	5121	4.3
1527229523.42	4300	20.582989	0.0	2246506	6376	4.3
1527229531.08	4300	16.92863	0.0	1961140	7335	4.3
1527229536.73	4300	15.287614	0.0	2155012	5320	4.3
1527229539.8	4300	13.848228	0.0	1433658	2822	4.3
