1527225272.92	750	3.998696	6.545	668286	5935	-28.1435
1527225275.55	300	5.379995	0.0	155580	2129	-0.15000000000000002
1527225278.15	300	6.782917	0.0	139857	2245	0.3
1527225283.68	300	5.233316	0.0	155432	5144	0.3
1527225285.65	300	7.26351	0.0	163442	1481	0.3
1527225287.13	300	9.822723	0.0	126289	1034	0.3
1527225289.79	300	11.130719	0.0	153295	2143	0.3
1527225292.75	300	12.843324	0.0	173849	1913	0.3
1527225294.49	300	14.412669	0.0	150710	1453	0.3
1527225297.12	750	15.824376	0.0	362795	2127	0.3
1527225299.38	750	17.566079	0.0	353220	1911	0.75
1527225300.77	300	20.125927	0.0	156148	1072	-0.15000000000000002
1527225302.01	300	22.897722	0.0	160746	960	0.3
1527225304.04	300	24.855785	0.0	179801	1746	0.3
1527225308.73	750	24.194939	0.0	337059	4342	0.3
1527225310.45	300	26.467298	0.0	138313	1412	-0.15000000000000002
1527225311.41	300	29.492577	0.0	143509	687	0.3
1527225312.41	300	32.509911	0.0	150616	670	0.3
1527225313.73	300	35.179017	0.0	165384	1029	0.3
1527225314.74	300	38.174869	0.0	140881	713	0.3
1527225318.34	1850	38.554249	0.0	891604	3212	0.30000000000000004
1527225323.99	2850	36.920954	0.0	1468126	5193	1.85
1527225329.98	2850	34.932148	0.0	1505760	5639	2.85
1527225339.46	2850	29.45987	0.0	1323990	9180	2.85
1527225351.49	2850	21.428131	0.0	1383735	11548	2.85
1527225366.53	1850	10.428256	0.0	905935	14586	0.8500000000000001
1527225369.64	750	11.270473	0.0	425781	2764	-0.3500000000000001
1527225371.04	750	13.859988	0.0	277716	1105	0.75
1527225373.35	750	15.5536	0.0	400396	1864	0.75
1527225375.58	750	17.32664	0.0	400508	1899	0.75
1527225377.2	750	19.69373	0.0	358218	1323	0.75
1527225381.38	1850	19.525885	0.0	954453	3872	0.75
1527225384.49	1850	20.426184	0.0	885062	2821	1.85
1527225387.78	1850	21.117693	0.0	1035329	3021	1.85
1527225391.32	1850	21.591563	0.0	1026056	3250	1.85
1527225398.92	2850	17.998234	0.0	1439896	7236	1.85
1527225405.06	2850	15.844395	0.0	1139291	5781	2.85
1527225410.89	2850	14.005729	0.0	1499009	5499	2.85
1527225416.29	2850	12.603845	0.0	1427478	5116	2.85
1527225419.91	1850	12.997142	0.0	930577	3244	0.8500000000000001
1527225423.37	1850	13.53825	0.0	858450	3083	1.85
1527225427.77	1850	13.138463	0.0	1025005	4085	1.85
1527225433.25	1850	11.653645	0.0	886255	5167	1.85
1527225437.29	1850	11.606833	0.0	973972	3687	1.85
1527225442.73	1850	10.172855	0.0	958994	5162	1.85
1527225447.92	1850	8.972001	0.0	982064	4914	1.85
1527225451.53	1850	9.366859	0.0	830730	3278	1.85
1527225453.09	1850	11.834354	0.0	846370	1289	1.85
1527225454.83	1850	11.75975	0.0	598850	1500	1.85
