1527449356.0	750	4	1.474	668286	1404	-6.3382
1527449358.31	1850	5.697485	0.0	957685	1986	0.75
1527449361.17	2850	6.828042	0.0	1300868	2544	1.85
1527449363.97	2850	8.036129	0.0	1520281	2543	2.85
1527449368.21	4300	7.778747	0.0	2233056	3951	2.8499999999999996
1527449374.53	4300	5.454443	0.0	1941625	6094	4.3
1527449378.23	1850	6.919166	0.0	905515	2258	-0.6000000000000001
1527449381.66	1850	6.284412	0.0	1060487	3266	1.85
1527449384.42	1850	7.584497	0.0	852833	2492	1.85
1527449386.79	1850	9.206987	0.0	913888	2132	1.85
1527449389.7	1850	10.295892	0.0	939819	2654	1.85
1527449392.55	1850	11.432681	0.0	917428	2623	1.85
1527449394.77	1850	13.231385	0.0	946851	1950	1.85
1527449398.4	1850	13.598743	0.0	1036454	3388	1.85
1527449402.63	2850	13.396706	0.0	1231445	3964	1.85
1527449406.0	2850	13.986715	0.0	1471065	3109	2.85
1527449409.53	2850	14.461887	0.0	1491626	3286	2.85
1527449412.73	2850	15.261976	0.0	1358801	2940	2.85
1527449416.56	2850	15.428883	0.0	1537156	3584	2.85
1527449419.5	2850	16.509661	0.0	1336050	2662	2.85
1527449422.81	4300	17.17389	0.0	2039773	3042	2.8499999999999996
1527449425.0	4300	18.986345	0.0	2176469	1940	4.3
1527449427.6	4300	20.407004	0.0	2221506	2339	4.3
1527449431.54	4300	20.464203	0.0	2044075	3658	4.3
1527449436.41	4300	19.598716	0.0	2186790	4488	4.3
1527449439.99	4300	20.016677	0.0	2105231	3309	4.3
1527449445.38	4300	18.606781	0.0	2395588	5147	4.3
1527449450.34	4300	17.653778	0.0	1972048	4644	4.3
1527449461.38	4300	10.660146	0.0	2134614	10743	4.3
1527449465.84	1850	10.198101	0.0	975811	3953	-0.6000000000000001
1527449470.48	1850	9.535712	0.0	873429	4367	1.85
1527449475.92	1850	8.137373	0.0	954453	5114	1.85
1527449477.04	300	10.981284	0.0	143881	728	-1.25
1527449477.7	300	14.320694	0.0	163444	415	0.3
1527449478.97	750	17.059048	0.0	401088	916	0.3
1527449483.63	1850	16.403218	0.0	943942	4382	0.75
1527449487.37	1850	16.658571	0.0	728962	3454	1.85
1527449490.97	1850	17.042478	0.0	938587	3345	1.85
1527449494.43	1850	17.586399	0.0	908665	3196	1.85
1527449496.48	1850	19.538657	0.0	930577	1789	1.85
1527449501.41	1850	18.59595	0.0	858450	4707	1.85
1527449503.64	1850	20.380136	0.0	1025005	1891	1.85
1527449507.36	2850	20.646263	0.0	1343002	3444	1.85
1527449510.41	2850	21.59621	0.0	1587250	2802	2.85
1527449512.61	2850	23.404753	0.0	1464921	1933	2.85
1527449516.95	4300	23.055306	0.0	2246506	4094	2.8499999999999996
1527449519.73	4300	24.301511	0.0	1961140	2491	4.3
1527449521.9	4300	26.132884	0.0	2155012	1916	4.3
1527449523.39	4300	26.324647	0.0	1433658	1231	4.3
