1527461575.87	750	3.968365	4.407	2354772	4266	-18.9501
1527461578.4	2850	5.431791	0.0	1431809	2241	0.75
1527461580.98	2850	6.851755	0.0	1300868	2358	2.85
1527461583.46	2850	8.379392	0.0	1520281	2274	2.85
1527461583.59	4300	8.245957	0.0	1520281	2274	2.8499999999999996
1527461587.04	4300	8.79584	0.0	2233056	3207	4.3
1527461590.56	4300	9.266776	0.0	1941625	3258	4.3
1527461592.8	4300	11.074916	0.0	2157535	1962	4.3
1527461594.82	4300	13.025602	0.0	2290172	1758	4.3
1527461602.84	4300	9.003291	0.0	2055469	7777	4.3
1527461605.97	4300	9.873861	0.0	2169201	2847	4.3
1527461609.88	4300	9.945055	0.0	2173522	3677	4.3
1527461612.11	4300	11.718775	0.0	2102452	2009	4.3
1527461614.72	4300	13.107142	0.0	2209463	2389	4.3
1527461618.09	4300	13.747339	0.0	2275376	3159	4.3
1527461619.91	4300	15.940645	0.0	2005399	1585	4.3
1527461621.52	4300	18.320007	0.0	2152483	1406	4.3
1527461623.17	4300	20.695134	0.0	2289689	1418	4.3
1527461624.56	4300	23.285241	0.0	2059512	1180	4.3
1527461626.38	4300	25.461523	0.0	2220726	1612	4.3
1527461627.71	4300	28.149679	0.0	2156729	1084	4.3
1527461628.81	4300	31.041796	0.0	2039773	876	4.3
1527461630.99	4300	32.84752	0.0	2176469	1931	4.3
1527461633.53	4300	34.324431	0.0	2221506	2272	4.3
1527461636.36	4300	35.485485	0.0	2044075	2596	4.3
1527461638.05	4300	37.826765	0.0	2186790	1425	4.3
1527461639.54	4300	40.30062	0.0	2105231	1270	4.3
1527461641.44	4300	42.424276	0.0	2395588	1608	4.3
1527461642.79	4300	45.097315	0.0	1972048	1093	4.3
1527461644.3	4300	47.553885	0.0	2134614	1254	4.3
1527461645.78	4300	50.073737	0.0	2164140	1238	4.3
1527461647.06	4300	52.819379	0.0	2113193	1044	4.3
1527461648.19	4300	55.651283	0.0	2147852	912	4.3
1527461649.25	4300	58.595176	0.0	2191074	847	4.3
1527461652.37	4300	59.497993	0.0	2286761	848	4.3
1527461656.31	4300	59.74778	0.0	2307787	640	4.3
1527461660.11	4300	59.748188	0.0	2143948	2505	4.3
1527461664.05	4300	59.885769	0.0	1919781	1598	4.3
1527461668.12	4300	59.887592	0.0	2147467	1798	4.3
1527461672.27	4300	59.638089	0.0	2133870	2391	4.3
1527461696.51	4300	59.507044	0.0	958994	1711	4.3
1527461696.66	4300	59.197511	0.0	958994	1711	4.3
1527461708.36	4300	59.505057	0.0	846370	1479	4.3
1527461708.5	2850	59.364534	0.0	846370	1479	1.4000000000000001
1527461710.6	2850	58.933917	0.0	889412	1879	2.85
1527461849.92	750	3.965255	-3.253	1728879	1031	12.6379
1527461851.49	4300	6.439717	0.0	2123065	1296	0.75
1527461853.28	4300	8.656846	0.0	2177073	1558	4.3
1527461854.81	4300	11.143827	0.0	2160877	1276	4.3
1527461856.61	4300	13.328721	0.0	2233056	1575	4.3
1527461857.5	4300	16.437528	0.0	1941625	660	4.3
1527461858.65	4300	19.293662	0.0	2157535	935	4.3
1527461859.69	4300	22.253004	0.0	2290172	837	4.3
1527461860.68	4300	25.273966	0.0	2055469	748	4.3
1527461862.03	4300	27.93152	0.0	2169201	1127	4.3
1527461863.29	4300	30.683555	0.0	2173522	1016	4.3
1527461864.78	4300	33.160197	0.0	2102452	1301	4.3
1527461866.73	4300	35.226843	0.0	2209463	1708	4.3
1527461868.45	4300	37.508229	0.0	2275376	1498	4.3
1527461869.82	4300	40.130285	0.0	2005399	1162	4.3
1527461870.94	4300	43.022718	0.0	2152483	879	4.3
1527461871.92	4300	46.053479	0.0	2289689	716	4.3
1527461872.68	4300	49.277977	0.0	2059512	552	4.3
1527461873.57	4300	52.381498	0.0	2220726	655	4.3
1527461874.41	4300	55.556624	0.0	2156729	556	4.3
1527461875.21	4300	58.745962	0.0	2039773	561	4.3
1527461878.08	4300	59.957131	0.0	2176469	591	4.3
1527461882.43	4300	59.707277	0.0	2221506	2073	4.3
1527461886.44	4300	59.7066	0.0	2044075	1245	4.3
1527461890.08	4300	59.951953	0.0	2186790	2790	4.3
1527461894.25	4300	59.957082	0.0	2105231	2923	4.3
1527461898.31	4300	59.707303	0.0	2395588	3318	4.3
1527461901.99	4300	59.994341	0.0	1972048	3385	4.3
1527461907.45	4300	59.059066	0.0	2134614	4683	4.3
1527461918.4	4300	59.706884	0.0	620283	1019	4.3
1527461918.65	2850	59.415127	0.0	620283	1019	1.4000000000000001
1527461922.2	2850	59.881176	0.0	1358081	3193	2.85
1527461926.38	2850	59.957347	0.0	1587293	2242	2.85
1527461931.45	2850	59.707203	0.0	1492672	3235	2.85
1527461938.04	2850	57.940491	0.0	1439896	4219	2.85
1527461943.8	2850	54.605955	0.0	1139291	4527	2.85
1527461947.25	2850	54.697249	0.0	1499009	3186	2.85
1527461950.51	2850	55.625441	0.0	1427478	2696	2.85
1527461951.4	2850	58.548429	0.0	1402287	669	2.85
1527461951.59	4300	58.42028	0.0	1402287	669	2.8499999999999996
1527461954.07	4300	59.95672	0.0	2108491	1718	4.3
1527461958.41	4300	59.707052	0.0	2184571	1565	4.3
1527461962.37	4300	59.701868	0.0	2121928	2141	4.3
1527461966.1	4300	59.956997	0.0	2219102	2934	4.3
1527461970.28	4300	59.706713	0.0	2124950	2906	4.3
1527461974.46	4300	59.509416	0.0	2246506	3904	4.3
1527461978.78	4300	59.193801	0.0	1961140	4056	4.3
1527461983.88	4300	58.087331	0.0	2155012	4797	4.3
1527461984.01	2850	57.95391	0.0	2155012	4797	1.4000000000000001
