1527225088.79	750	3.993461	2.096	668286	2000	-9.012799999999999
1527225090.63	750	6.248293	0.0	398865	1456	0.75
1527225091.79	300	9.038071	0.0	139857	756	-0.15000000000000002
1527225092.49	300	12.327862	0.0	155432	408	0.3
1527225095.02	1850	13.80221	0.0	996749	2125	0.30000000000000004
1527225096.95	1850	15.953617	0.0	801058	1563	1.85
1527225098.8	1850	18.042237	0.0	905515	1466	1.85
1527225103.28	1850	17.638125	0.0	1060487	3960	1.85
1527225123.18	2850	4.355556	2.255	1348011	18761	-7.846500000000001
1527225130.5	300	4.36927	3.836	139105	6236	-18.744799999999998
1527225131.3	300	7.669367	0.0	141840	389	0.3
1527225132.02	300	10.927602	0.0	156148	382	0.3
1527225132.72	300	14.202244	0.0	160746	410	0.3
1527225133.41	300	17.519407	0.0	179801	387	0.3
1527225134.04	300	20.860289	0.0	140051	339	0.3
1527225138.36	1850	20.554365	0.0	923170	3942	0.30000000000000004
1527225143.87	2850	19.041362	0.0	1491626	5151	1.85
1527225153.18	2850	13.742821	0.0	1358801	8812	2.85
1527225164.38	1850	6.535955	0.0	987708	10779	0.8500000000000001
1527225166.68	750	8.269802	0.0	350713	1841	-0.3500000000000001
1527225167.74	300	11.182472	0.0	157671	791	-0.15000000000000002
1527225169.5	300	14.107403	0.0	157812	784	0.3
1527225170.89	300	15.976737	0.0	163927	865	0.3
1527225171.88	300	19.051063	0.0	137654	653	0.3
1527225175.72	1850	19.196849	0.0	897976	3528	0.30000000000000004
1527225180.66	1850	18.240224	0.0	905935	4628	1.85
1527225185.22	1850	17.687368	0.0	1076599	4274	1.85
1527225192.35	1850	14.581488	0.0	758197	6816	1.85
1527225207.15	1850	4.407245	0.632	972798	14344	-0.8675999999999999
1527225207.96	300	7.591971	0.0	149029	310	-1.25
1527225208.57	300	11.003549	0.0	157421	295	0.3
1527225209.25	300	14.293475	0.0	157488	368	0.3
1527225209.89	300	17.657423	0.0	143881	305	0.3
1527225210.65	300	20.894141	0.0	163444	469	0.3
1527225214.05	1850	21.515285	0.0	1026056	3075	0.30000000000000004
1527225216.95	1850	22.615325	0.0	943942	2604	1.85
1527225219.65	2850	23.88935	0.0	1139291	2414	1.85
1527225222.64	2850	24.909871	0.0	1499009	2575	2.85
1527225226.1	4300	25.442259	0.0	2133870	3083	2.8499999999999996
1527225229.32	4300	26.221236	0.0	2146120	2910	4.3
1527225232.78	4300	26.767323	0.0	2108491	3145	4.3
1527225237.23	4300	26.313002	0.0	2184571	4140	4.3
1527225240.74	4300	26.805992	0.0	2121928	3210	4.3
1527225245.08	4300	26.459948	0.0	2219102	4058	4.3
1527225253.38	4300	22.159776	0.0	2124950	8023	4.3
1527225257.33	4300	22.201234	0.0	2246506	3641	4.3
1527225259.92	4300	23.629667	0.0	1961140	2335	4.3
1527225262.75	4300	24.799584	0.0	2155012	2571	4.3
1527225265.3	4300	23.91064	0.0	1433658	2328	4.3
