1527223659.63	750	3.976459	2.024	668286	1901	-8.703199999999999
1527223664.34	1850	4.494483	1.21	957685	4313	-4.453
1527223676.64	1850	4.365929	8.16	877771	11874	-33.238
1527223679.6	300	5.436163	0.0	155432	2358	-1.25
1527223681.67	300	7.335851	0.0	163442	1602	0.3
1527223685.71	300	7.290434	0.0	126289	3388	0.3
1527223687.15	300	10.17643	0.0	153295	761	0.3
1527223688.33	300	12.6024	0.0	173849	793	0.3
1527223689.48	300	15.521936	0.0	150710	437	0.3
1527223690.18	300	18.877748	0.0	139105	266	0.3
1527223690.73	300	22.248878	0.0	141840	213	0.3
1527223692.35	1850	24.640411	0.0	917428	1247	0.30000000000000004
1527223693.96	1850	27.036888	0.0	946851	1268	1.85
1527223697.45	4300	27.530454	0.0	2275376	3084	1.8499999999999996
1527223700.52	4300	28.458951	0.0	2005399	2704	4.3
1527223707.12	4300	25.857401	0.0	2152483	6250	4.3
1527223712.51	4300	24.461612	0.0	2289689	4849	4.3
1527223717.78	4300	23.23133	0.0	2059512	4857	4.3
1527223724.32	4300	20.717191	0.0	2220726	6104	4.3
1527223731.33	4300	17.689691	0.0	2156729	6532	4.3
1527223738.23	4300	14.775038	0.0	2039773	6502	4.3
1527223742.61	4300	14.38754	0.0	2176469	4060	4.3
1527223749.14	4300	11.854794	0.0	2221506	6217	4.3
1527223756.08	4300	8.925417	0.0	2044075	6509	4.3
1527223760.43	2850	8.598787	0.0	1383735	3920	1.4000000000000001
1527223766.21	2850	6.787861	0.0	1480464	5429	2.85
1527223771.68	2850	5.375779	0.0	1547572	4987	2.85
1527223774.08	2850	6.919764	0.0	1141971	2080	2.85
1527223777.83	2850	7.183883	0.0	1498470	3405	2.85
1527223781.76	2850	7.237712	0.0	1561263	3580	2.85
1527223786.67	2850	6.353791	0.0	1341201	4533	2.85
1527223792.77	2850	4.476604	0.221	1497683	5760	1.8997000000000002
1527223796.91	1850	4.445371	0.119	885062	3725	0.33830000000000005
1527223807.83	1850	4.303464	6.767	1035329	10553	-27.248099999999997
1527223809.42	300	6.680083	0.0	179328	1148	-1.25
1527223810.52	300	9.579987	0.0	159914	785	0.3
1527223811.31	300	12.794407	0.0	131610	482	0.3
1527223813.99	300	14.134828	0.0	124011	2323	0.3
1527223815.7	300	16.389461	0.0	144254	1403	0.3
1527223816.84	300	19.666337	0.0	149991	440	0.3
1527223817.34	300	22.69148	0.0	147968	180	0.3
1527223818.36	300	25.743582	0.0	161857	350	0.3
1527223819.19	300	28.898633	0.0	145210	558	0.3
1527223825.2	1850	26.889831	0.0	973972	5604	0.30000000000000004
1527223831.01	1850	25.126355	0.0	958994	5420	1.85
1527223834.93	2850	25.150709	0.0	1483527	3560	1.85
1527223837.85	2850	26.26577	0.0	1231456	2622	2.85
1527223844.32	4300	23.801115	0.0	2155012	6153	2.8499999999999996
1527223848.51	4300	21.259827	0.0	1433658	3942	4.3
