1527225458.31	750	3.984464	2.472	668286	2358	-10.6296
1527225459.08	300	7.182659	0.0	155580	413	-0.15000000000000002
1527225460.27	750	9.980824	0.0	350812	864	0.3
1527225463.63	1850	10.627417	0.0	933276	2984	0.75
1527225467.87	2850	10.394437	0.0	1472558	3862	1.85
1527225471.66	2850	10.616554	0.0	1224260	3471	2.85
1527225475.95	2850	10.313414	0.0	1388403	4003	2.85
1527225480.61	2850	9.654412	0.0	1638769	4335	2.85
1527225484.48	2850	9.7827	0.0	1348011	3571	2.85
1527225489.05	2850	9.253398	0.0	1429765	4203	2.85
1527225493.65	2850	8.622807	0.0	1354548	4326	2.85
1527225498.71	2850	7.551032	0.0	1519951	4697	2.85
1527225503.35	2850	6.9322	0.0	1422919	4264	2.85
1527225506.77	1850	7.542135	0.0	1036454	3041	0.8500000000000001
1527225509.66	1850	8.607672	0.0	821631	2574	1.85
1527225513.29	1850	8.968557	0.0	923170	3351	1.85
1527225516.53	1850	9.743921	0.0	966699	2905	1.85
1527225520.47	1850	9.805871	0.0	885714	3664	1.85
1527225534.12	1850	4.467971	4.305	987708	13305	-16.6615
1527225536.76	300	5.811627	0.0	140881	2150	-1.25
1527225538.63	300	7.975734	0.0	157671	1512	0.3
1527225542.86	300	7.756631	0.0	157812	3666	0.3
1527225543.94	300	10.6465	0.0	163927	687	0.3
1527225544.7	300	13.996247	0.0	137654	336	0.3
1527225545.72	300	16.872014	0.0	146754	630	0.3
1527225546.43	300	20.18903	0.0	153938	363	0.3
1527225547.53	750	23.044646	0.0	425781	772	0.3
1527225549.61	2850	25.042393	0.0	1141971	1643	0.75
1527225551.91	2850	26.667622	0.0	1498470	1919	2.85
1527225555.37	4300	27.226814	0.0	2164140	3001	2.8499999999999996
1527225558.87	4300	27.721335	0.0	2113193	3137	4.3
1527225565.5	4300	25.085818	0.0	2147852	6228	4.3
1527225570.9	4300	23.670133	0.0	2191074	5032	4.3
1527225576.74	4300	21.848789	0.0	2286761	5511	4.3
1527225583.42	4300	19.14378	0.0	2307787	6339	4.3
1527225592.06	4300	14.536943	0.0	2143948	8280	4.3
1527225595.39	2850	15.212794	0.0	1139291	2968	1.4000000000000001
1527225598.53	2850	16.05237	0.0	1499009	2761	2.85
1527225602.47	2850	16.124803	0.0	1427478	3603	2.85
1527225607.18	2850	15.395009	0.0	1402287	4330	2.85
1527225611.56	2850	15.044989	0.0	1339500	4054	2.85
1527225616.54	2850	14.02983	0.0	1527299	4673	2.85
1527225621.66	2850	12.908398	0.0	1343002	4715	2.85
1527225627.7	2850	10.935845	0.0	1587250	5702	2.85
1527225630.98	2850	11.637158	0.0	1464921	2872	2.85
1527225634.66	2850	11.936018	0.0	1483527	3390	2.85
1527225637.87	2850	12.7537	0.0	1231456	2845	2.85
1527225644.75	4300	9.870503	0.0	2155012	6578	2.8499999999999996
1527225651.47	4300	4.819182	0.0	1433658	6424	4.3
