1527224282.12	750	3.998039	1.618	668286	1503	-6.9574
1527224283.07	300	7.029636	0.0	155580	546	-0.15000000000000002
1527224284.79	300	9.340035	0.0	139857	1080	0.3
1527224285.75	300	12.384704	0.0	155432	638	0.3
1527224286.41	300	15.70807	0.0	163442	322	0.3
1527224288.22	1850	17.88271	0.0	801058	1276	0.30000000000000004
1527224290.23	1850	19.881869	0.0	905515	1681	1.85
1527224292.74	1850	21.410183	0.0	1060487	2075	1.85
1527224295.31	2850	22.79419	0.0	1348011	2245	1.85
1527224298.66	4300	23.453995	0.0	2169201	2960	2.8499999999999996
1527224301.98	4300	24.128026	0.0	2173522	2977	4.3
1527224305.41	4300	24.68882	0.0	2102452	3142	4.3
1527224309.9	4300	24.211827	0.0	2209463	4120	4.3
1527224314.32	4300	23.79181	0.0	2275376	4101	4.3
1527224318.82	4300	23.986526	0.0	2005399	3524	4.3
1527224326.16	4300	19.8978	0.0	2152483	6969	4.3
1527224329.32	4300	20.786341	0.0	2289689	2793	4.3
1527224332.07	4300	22.028427	0.0	2059512	2464	4.3
1527224335.11	4300	23.04306	0.0	2220726	2674	4.3
1527224349.01	4300	13.125999	0.0	2156729	13554	4.3
1527224362.74	1850	4.274692	0.404	891604	12831	-2.3372
1527224364.37	300	6.085063	0.0	157812	1204	-1.25
1527224366.49	300	8.030972	0.0	163927	1717	0.3
1527224367.67	300	10.852387	0.0	137654	804	0.3
1527224368.73	300	13.814155	0.0	146754	744	0.3
1527224369.77	300	16.743794	0.0	153938	726	0.3
1527224371.42	300	19.081341	0.0	181901	1360	0.3
1527224372.44	300	22.089209	0.0	111155	637	0.3
1527224382.32	1850	16.19436	0.0	972798	9531	0.30000000000000004
1527224387.31	1850	15.197593	0.0	975811	4622	1.85
1527224390.87	1850	15.671211	0.0	873429	3214	1.85
1527224394.51	1850	16.001118	0.0	954453	3293	1.85
1527224398.12	1850	16.40349	0.0	885062	3290	1.85
1527224402.21	1850	16.300749	0.0	1035329	3769	1.85
1527224410.09	1850	12.415535	0.0	1026056	7582	1.85
1527224417.66	1850	8.921628	0.0	943942	7050	1.85
1527224426.12	1850	4.436763	0.0	728962	8069	1.85
1527224429.02	300	5.496985	0.0	124011	2417	-1.25
1527224431.5	300	7.014776	0.0	144254	2129	0.3
1527224434.26	300	8.258612	0.0	149991	2392	0.3
1527224437.23	300	9.305773	0.0	147968	2629	0.3
1527224438.7	300	11.81368	0.0	161857	1133	0.3
1527224440.06	300	14.472725	0.0	145210	1046	0.3
1527224441.3	300	17.232747	0.0	172312	909	0.3
1527224442.27	300	20.248135	0.0	167025	682	0.3
1527224443.36	300	23.158407	0.0	160064	811	0.3
1527224447.48	1850	23.032372	0.0	830730	3853	0.30000000000000004
1527224453.08	2850	21.420962	0.0	1364537	5345	1.85
1527224456.2	2850	20.012857	0.0	889412	2826	2.85
