1527222648.29	750	3.996619	3.734	668286	3639	-16.0562
1527222650.44	750	5.840957	0.0	398865	1743	0.75
1527222651.19	300	9.076414	0.0	139857	379	-0.15000000000000002
1527222654.28	1200	10.000251	0.0	617681	2784	0.29999999999999993
1527222658.7	1200	9.581501	0.0	652874	4104	1.2
1527222660.5	750	11.780344	0.0	318564	1477	0.3
1527222662.29	750	13.992737	0.0	352642	1455	0.75
1527222665.77	1200	14.512435	0.0	709534	3163	0.75
1527222666.76	750	17.503778	0.0	374758	688	0.3
1527222669.07	1850	19.217907	0.0	913888	1917	0.75
1527222672.26	1850	20.022118	0.0	939819	2875	1.85
1527222675.08	1850	21.208866	0.0	917428	2487	1.85
1527222679.84	2850	20.455716	0.0	1422919	4317	1.85
1527222684.52	2850	19.761335	0.0	1578343	4367	2.85
1527222688.23	2850	20.045052	0.0	1231445	3404	2.85
1527222694.52	4300	17.756607	0.0	2152483	5867	2.8499999999999996
1527222701.17	4300	15.110677	0.0	2289689	6251	4.3
1527222707.84	4300	12.440235	0.0	2059512	6341	4.3
1527222715.13	4300	9.134373	0.0	2220726	6975	4.3
1527222721.77	4300	6.511632	0.0	2156729	6212	4.3
1527222726.82	2850	5.466936	0.0	1415116	4692	1.4000000000000001
1527222730.37	1850	5.914761	0.0	955231	3186	0.8500000000000001
1527222734.01	1850	6.297627	0.0	968026	3309	1.85
1527222742.69	1850	4.283567	2.677	874175	8341	-9.661100000000001
1527222745.17	300	5.781022	0.0	146754	2020	-1.25
1527222748.99	300	5.997047	0.0	153938	3453	0.3
1527222751.89	300	7.080778	0.0	181901	2510	0.3
1527222753.34	300	9.617807	0.0	111155	1083	0.3
1527222757.73	300	9.421101	0.0	153605	3641	0.3
1527222758.71	300	12.283402	0.0	149029	565	0.3
1527222759.53	300	15.417882	0.0	157421	477	0.3
1527222760.54	300	18.421879	0.0	157488	644	0.3
1527222761.26	300	21.71408	0.0	143881	329	0.3
1527222762.0	300	24.976481	0.0	163444	358	0.3
1527222764.54	2850	26.428251	0.0	1492672	2149	0.30000000000000027
1527222766.82	2850	28.171998	0.0	1439896	1857	2.85
1527222769.89	4300	29.077659	0.0	1919781	2679	2.8499999999999996
1527222773.35	4300	29.650142	0.0	2147467	3045	4.3
1527222780.2	4300	26.810306	0.0	2133870	6403	4.3
1527222785.55	4300	25.394071	0.0	2146120	4901	4.3
1527222790.92	4300	24.170493	0.0	2108491	5019	4.3
1527222797.78	4300	21.32639	0.0	2184571	6344	4.3
1527222806.53	4300	16.813711	0.0	2121928	8142	4.3
1527222812.18	4300	15.799949	0.0	2219102	4995	4.3
1527222817.8	4300	14.794735	0.0	2124950	5059	4.3
1527222824.91	4300	11.548258	0.0	2246506	6642	4.3
1527222831.45	4300	8.97328	0.0	1961140	6219	4.3
1527222836.52	2850	7.913612	0.0	1364537	4775	1.4000000000000001
1527222840.1	2850	6.031843	0.0	889412	3229	2.85
