1527448105.97	750	3.995624	1.632	668286	1533	-7.0176
1527448107.11	750	6.843557	0.0	398865	889	0.75
1527448107.98	750	9.959474	0.0	350812	704	0.75
1527448110.38	1850	11.561377	0.0	933276	2138	0.75
1527448112.75	1850	13.201446	0.0	996749	2180	1.85
1527448114.91	1850	15.033948	0.0	801058	1990	1.85
1527448116.85	1850	17.101275	0.0	905515	1739	1.85
1527448119.3	1850	18.690616	0.0	1060487	2171	1.85
1527448120.9	1850	21.041033	0.0	852833	1418	1.85
1527448122.32	1850	23.612518	0.0	913888	1230	1.85
1527448124.71	4300	25.26243	0.0	2173522	2100	1.8499999999999996
1527448127.0	4300	26.947854	0.0	2102452	2092	4.3
1527448130.87	4300	27.107443	0.0	2209463	3618	4.3
1527448135.91	4300	26.040656	0.0	2275376	4833	4.3
1527448139.47	4300	26.487693	0.0	2005399	3310	4.3
1527448144.15	4300	25.867871	0.0	2152483	4455	4.3
1527448149.48	4300	24.511289	0.0	2289689	5137	4.3
1527448159.66	4300	18.378259	0.0	2059512	9934	4.3
1527448170.66	4300	11.35932	0.0	2220726	10717	4.3
1527448175.74	1850	10.271022	0.0	923755	4856	-0.6000000000000001
1527448178.72	1850	11.291339	0.0	891604	2673	1.85
1527448183.21	1850	10.81586	0.0	955231	4284	1.85
1527448187.95	1850	10.062016	0.0	968026	4528	1.85
1527448191.25	1850	10.744759	0.0	874175	3094	1.85
1527448194.57	1850	11.429475	0.0	897976	3077	1.85
1527448196.38	1850	13.623799	0.0	905935	1622	1.85
1527448198.15	1850	15.856644	0.0	1076599	1589	1.85
1527448199.44	1850	18.557031	0.0	758197	1108	1.85
1527448202.68	1850	19.319655	0.0	972798	3034	1.85
1527448204.89	1850	21.113893	0.0	975811	2011	1.85
1527448207.27	1850	22.734257	0.0	873429	2177	1.85
1527448209.53	1850	24.481735	0.0	954453	2057	1.85
1527448210.65	1850	27.343571	0.0	885062	935	1.85
1527448213.95	4300	28.045844	0.0	2286761	3079	1.8499999999999996
1527448218.63	4300	27.363784	0.0	2307787	4469	4.3
1527448220.88	4300	29.156925	0.0	2143948	2024	4.3
1527448222.62	4300	31.388392	0.0	1919781	1530	4.3
1527448224.82	4300	33.171073	0.0	2147467	2019	4.3
1527448226.6	4300	35.411151	0.0	2133870	1579	4.3
1527448228.22	4300	37.772069	0.0	2146120	1436	4.3
1527448229.59	4300	40.40469	0.0	2108491	1164	4.3
1527448231.57	4300	42.423595	0.0	2184571	1783	4.3
1527448232.69	4300	45.316601	0.0	2121928	903	4.3
1527448233.88	4300	48.121469	0.0	2219102	977	4.3
1527448234.81	4300	51.18143	0.0	2124950	711	4.3
1527448235.77	4300	54.233256	0.0	2246506	720	4.3
1527448236.68	4300	57.331755	0.0	1961140	707	4.3
1527448238.18	4300	59.855052	0.0	2155012	790	4.3
1527448240.34	4300	59.534864	0.0	1433658	464	4.3
