1527461988.7	750	3.973281	3.31	1728879	3184	-14.233
1527461991.34	2850	5.346902	0.0	1431809	2418	0.75
1527461993.32	2850	7.343945	0.0	1300868	1792	2.85
1527461998.65	4300	6.020094	0.0	2160877	5030	2.8499999999999996
1527461998.76	2850	5.904794	0.0	2160877	5030	1.4000000000000001
1527462002.03	2850	6.688887	0.0	1472558	2989	2.85
1527462004.6	2850	8.072962	0.0	1224260	2367	2.85
1527462006.89	2850	9.775753	0.0	1388403	2081	2.85
1527462010.14	2850	10.528209	0.0	1638769	3032	2.85
1527462014.05	2850	10.635752	0.0	1348011	3696	2.85
1527462018.86	2850	9.833003	0.0	1429765	4547	2.85
1527462022.0	2850	10.688329	0.0	1354548	2935	2.85
1527462026.94	2850	9.727345	0.0	1519951	4732	2.85
1527462031.02	2850	9.679988	0.0	1422919	3740	2.85
1527462035.38	2850	9.312416	0.0	1578343	4126	2.85
1527462037.3	1850	11.376944	0.0	821631	1638	0.8500000000000001
1527462037.44	2850	11.223082	0.0	821631	1638	1.85
1527462042.11	2850	10.568498	0.0	1471065	4466	2.85
1527462052.98	2850	31.691229	0.0	343800	737	2.85
1527462053.11	2850	31.570362	0.0	343800	737	2.85
1527462056.38	2850	32.330499	0.0	1383735	2994	2.85
1527462059.84	2850	32.82693	0.0	1480464	3245	2.85
1527462062.96	2850	33.722569	0.0	1547572	2838	2.85
1527462064.81	2850	35.867956	0.0	1141971	1637	2.85
1527462066.78	2850	37.8987	0.0	1498470	1758	2.85
1527462066.92	4300	37.778592	0.0	1498470	1758	2.8499999999999996
1527462068.99	4300	39.681364	0.0	2164140	1857	4.3
1527462072.1	4300	40.586779	0.0	2113193	2877	4.3
1527462077.05	4300	39.632587	0.0	2147852	4672	4.3
1527462081.16	4300	39.523434	0.0	2191074	3882	4.3
1527462085.7	4300	38.964469	0.0	2286761	4301	4.3
1527462090.91	4300	37.789505	0.0	2307787	4936	4.3
1527462091.03	2850	37.642408	0.0	2307787	4936	1.4000000000000001
1527462098.05	2850	34.630354	0.0	1439896	6759	2.85
1527462103.3	2850	33.386841	0.0	1139291	4973	2.85
1527462103.48	1850	33.242265	0.0	1139291	4973	0.8500000000000001
1527462108.06	1850	32.637255	0.0	938587	4336	1.85
1527462111.19	1200	33.505148	0.0	605884	2801	0.5499999999999999
1527462114.41	1200	34.287688	0.0	587506	2943	1.2
1527462117.8	1200	34.887891	0.0	566904	3142	1.2
1527462120.58	1200	36.111123	0.0	641452	2524	1.2
1527462122.35	1200	38.368046	0.0	599477	27	1.2
1527462122.49	4300	38.184611	0.0	599477	27	1.1999999999999997
