1527224459.33	750	4	1.989	668286	1901	-8.5527
1527224461.01	750	6.344641	0.0	398865	1294	0.75
1527224463.62	1200	8.196155	0.0	571051	1829	0.75
1527224468.45	1850	6.843909	0.0	933276	4393	1.2000000000000002
1527224475.36	1850	4.359918	0.373	996749	6620	0.2461000000000002
1527224476.71	750	7.037598	0.0	318564	952	-0.3500000000000001
1527224477.74	300	9.983116	0.0	153295	590	-0.15000000000000002
1527224478.7	300	13.028266	0.0	173849	632	0.3
1527224479.62	300	16.111471	0.0	150710	608	0.3
1527224480.54	300	19.195134	0.0	139105	522	0.3
1527224485.77	2850	17.959607	0.0	1354548	4846	0.30000000000000027
1527224491.43	2850	16.293402	0.0	1519951	5338	2.85
1527224496.92	2850	14.809443	0.0	1422919	5163	2.85
1527224505.55	2850	10.187954	0.0	1578343	8240	2.85
1527224508.93	1850	10.784704	0.0	821631	3090	0.8500000000000001
1527224514.24	1850	9.473252	0.0	923170	5015	1.85
1527224519.4	1850	8.323483	0.0	966699	4822	1.85
1527224523.16	1850	8.558019	0.0	885714	3461	1.85
1527224525.22	1850	10.507513	0.0	987708	1759	1.85
1527224528.07	1850	11.655967	0.0	923755	2561	1.85
1527224531.09	1850	12.641376	0.0	891604	2736	1.85
1527224534.49	1850	13.248845	0.0	955231	3100	1.85
1527224537.37	1850	14.360339	0.0	968026	2541	1.85
1527224541.56	2850	14.169029	0.0	1323990	3806	1.85
1527224545.64	2850	14.08845	0.0	1383735	3779	2.85
1527224550.08	2850	13.644735	0.0	1480464	4142	2.85
1527224554.51	2850	13.208019	0.0	1547572	4111	2.85
1527224558.04	2850	13.703247	0.0	1141971	3208	2.85
1527224562.98	2850	12.743716	0.0	1498470	4595	2.85
1527224568.27	2850	11.452171	0.0	1561263	4882	2.85
1527224572.77	2850	10.962808	0.0	1341201	4137	2.85
1527224577.39	2850	10.336739	0.0	1497683	4314	2.85
1527224581.91	2850	9.817498	0.0	1358081	4226	2.85
1527224587.65	2850	8.065621	0.0	1587293	5463	2.85
1527224596.98	2850	4.422231	1.671	1492672	8953	-4.335299999999998
1527224603.02	750	4.34254	1.964	365161	5611	-9.795199999999998
1527224606.3	300	5.127321	0.0	131610	2864	-0.15000000000000002
1527224608.4	300	6.981077	0.0	124011	1724	0.3
1527224610.19	300	9.179724	0.0	144254	1412	0.3
1527224614.41	300	8.953229	0.0	149991	3605	0.3
1527224615.39	300	12.001753	0.0	147968	584	0.3
1527224616.19	300	15.205573	0.0	161857	447	0.3
1527224617.27	300	18.098463	0.0	145210	672	0.3
1527224618.38	300	21.345952	0.0	172312	427	0.3
1527224618.96	300	24.337213	0.0	167025	265	0.3
1527224620.9	1850	26.488285	0.0	982064	1602	0.30000000000000004
1527224623.89	4300	27.490992	0.0	1961140	2544	1.8499999999999996
1527224627.2	4300	28.180635	0.0	2155012	2979	4.3
1527224629.39	4300	27.660378	0.0	1433658	1929	4.3
