1527222283.97	750	3.989653	6.573	668286	6467	-28.2639
1527222286.03	300	5.935299	0.0	155580	1651	-0.15000000000000002
1527222287.07	300	8.893532	0.0	139857	733	0.3
1527222288.26	300	11.745416	0.0	155432	839	0.3
1527222289.49	300	14.486531	0.0	163442	908	0.3
1527222291.89	750	16.081978	0.0	318564	1970	0.3
1527222292.99	300	18.981865	0.0	153295	777	-0.15000000000000002
1527222298.45	1850	17.502174	0.0	1060487	5057	0.30000000000000004
1527222302.27	1850	17.722863	0.0	852833	3491	1.85
1527222305.42	1850	18.548333	0.0	913888	2796	1.85
1527222310.38	1850	17.599369	0.0	939819	4612	1.85
1527222312.22	1850	19.76712	0.0	917428	1528	1.85
1527222314.49	1850	21.475204	0.0	946851	1964	1.85
1527222331.53	2850	8.496746	0.0	1578343	16547	1.85
1527222337.33	300	6.664364	0.0	140051	2581	-2.25
1527222344.19	300	5.139005	0.0	138313	5141	0.3
1527222344.88	300	7.051644	0.0	143509	380	0.3
1527222345.65	300	10.357166	0.0	150616	421	0.3
1527222346.41	300	13.587717	0.0	165384	438	0.3
1527222347.07	300	16.936365	0.0	140881	324	0.3
1527222347.74	300	20.252101	0.0	157671	355	0.3
1527222351.75	2850	20.230154	0.0	1468126	3700	0.30000000000000027
1527222356.31	2850	19.684464	0.0	1505760	4236	2.85
1527222365.28	2850	14.702279	0.0	1323990	8635	2.85
1527222369.46	1850	14.529618	0.0	897976	3803	0.8500000000000001
1527222380.44	1850	7.544569	0.0	905935	10644	1.85
1527222381.73	300	10.246783	0.0	181901	977	-1.25
1527222382.61	300	13.376027	0.0	111155	574	0.3
1527222383.69	300	16.303643	0.0	153605	773	0.3
1527222385.29	300	18.70737	0.0	149029	1004	0.3
1527222386.37	300	21.633362	0.0	157421	734	0.3
1527222390.5	1850	21.49684	0.0	954453	3811	0.30000000000000004
1527222395.34	1850	20.644237	0.0	885062	4511	1.85
1527222399.77	1850	20.223972	0.0	1035329	4113	1.85
1527222410.0	1850	13.998798	0.0	1026056	9905	1.85
1527222422.42	1850	5.570422	0.0	943942	11879	1.85
1527222423.3	750	8.675734	0.0	321064	541	-0.3500000000000001
1527222423.86	300	12.123981	0.0	124011	228	-0.15000000000000002
1527222425.22	750	14.783428	0.0	378327	998	0.3
1527222426.04	300	17.947313	0.0	149991	538	-0.15000000000000002
1527222426.81	300	21.176283	0.0	147968	479	0.3
1527222430.72	2850	21.273149	0.0	1527299	3571	0.30000000000000027
1527222433.29	2850	22.700188	0.0	1343002	2232	2.85
1527222436.59	2850	23.401651	0.0	1587250	2953	2.85
1527222440.32	4300	23.666031	0.0	2124950	3311	2.8499999999999996
1527222443.53	4300	24.459373	0.0	2246506	2903	4.3
1527222446.76	4300	25.216062	0.0	1961140	2935	4.3
1527222450.86	4300	25.140836	0.0	2155012	3734	4.3
1527222453.23	4300	24.439585	0.0	1433658	2083	4.3
