1527224633.12	750	4	2.84	668286	2738	-12.212
1527224634.8	750	6.28074	0.0	398865	1267	0.75
1527224635.75	750	9.314933	0.0	350812	653	0.75
1527224636.73	750	12.367966	0.0	382355	648	0.75
1527224637.72	750	15.379593	0.0	411561	643	0.75
1527224641.26	1850	15.810945	0.0	801058	3173	0.75
1527224645.04	2850	16.069188	0.0	1388403	3365	1.85
1527224649.53	2850	15.589078	0.0	1638769	4124	2.85
1527224654.01	2850	15.114481	0.0	1348011	4128	2.85
1527224658.19	2850	14.919059	0.0	1429765	3829	2.85
1527224663.9	2850	13.196225	0.0	1354548	5387	2.85
1527224667.9	2850	13.230753	0.0	1519951	3574	2.85
1527224670.93	2850	14.190966	0.0	1422919	2675	2.85
1527224675.59	2850	13.523424	0.0	1578343	4317	2.85
1527224679.79	2850	13.340161	0.0	1231445	3835	2.85
1527224685.06	2850	12.026406	0.0	1471065	4948	2.85
1527224689.63	2850	11.479399	0.0	1491626	4166	2.85
1527224695.13	2850	10.004514	0.0	1358801	5155	2.85
1527224700.28	2850	8.859024	0.0	1537156	4798	2.85
1527224702.99	2850	10.137209	0.0	1336050	2328	2.85
1527224706.75	2850	10.355067	0.0	1415116	3441	2.85
1527224710.24	2850	10.852439	0.0	1468126	3154	2.85
1527224715.67	2850	9.440472	0.0	1505760	5125	2.85
1527224721.36	2850	7.754538	0.0	1323990	5293	2.85
1527224725.17	1850	7.921313	0.0	897976	3537	0.8500000000000001
1527224734.37	1850	4.367001	1.648	905935	8827	-5.2364
1527224735.53	300	7.224694	0.0	181901	755	-1.25
1527224738.88	300	10.532674	0.0	111155	412	0.3
1527224739.74	300	10.950413	0.0	153605	588	0.3
1527224742.38	300	12.362856	0.0	149029	2392	0.3
1527224744.13	300	14.614224	0.0	157421	1448	0.3
1527224744.9	300	17.846349	0.0	157488	463	0.3
1527224745.45	300	21.2887	0.0	143881	271	0.3
1527224745.91	300	24.83544	0.0	163444	211	0.3
1527224746.5	300	28.263279	0.0	179328	236	0.3
1527224757.06	2850	21.705246	0.0	1439896	10233	0.30000000000000027
1527224760.48	2850	22.260955	0.0	1139291	3045	2.85
1527224764.33	2850	22.425655	0.0	1499009	3478	2.85
1527224768.61	2850	22.152309	0.0	1427478	3926	2.85
1527224772.86	2850	21.869405	0.0	1402287	3982	2.85
1527224775.65	1850	23.096783	0.0	858450	2470	0.8500000000000001
1527224782.56	4300	20.20572	0.0	2184571	6518	1.8499999999999996
1527224788.54	4300	18.207196	0.0	2121928	5598	4.3
1527224796.96	4300	13.958857	0.0	2219102	7926	4.3
1527224809.81	4300	4.918444	0.0	2124950	12394	4.3
1527224810.6	300	8.151302	0.0	160064	460	-3.7
1527224813.01	1850	9.737868	0.0	830730	2112	0.30000000000000004
1527224816.65	1850	10.147765	0.0	846370	3315	1.85
1527224861.34	1850	1.94431	34.633	598850	44215	-147.0719
