1527222456.02	750	3.985791	1.372	668286	1257	-5.8995999999999995
1527222458.85	2850	4.67002	0.0	1431809	2238	0.75
1527222467.86	4300	4.250174	4.528	2177073	8577	-16.620399999999997
1527222469.47	1850	6.627241	0.0	933276	1168	-0.6000000000000001
1527222471.0	1850	9.128004	0.0	996749	1196	1.85
1527222472.27	1850	11.827849	0.0	801058	964	1.85
1527222473.72	1850	14.389486	0.0	905515	1098	1.85
1527222475.29	1850	16.811017	0.0	1060487	1269	1.85
1527222478.03	4300	18.081499	0.0	2055469	2433	1.8499999999999996
1527222488.95	4300	11.238485	0.0	2169201	10522	4.3
1527222503.49	1850	4.265476	3.623	939819	14090	-16.1789
1527222506.14	300	5.568111	0.0	156148	2166	-1.25
1527222507.72	300	8.000195	0.0	160746	1254	0.3
1527222510.08	300	9.643169	0.0	179801	2050	0.3
1527222511.1	300	12.6389	0.0	140051	692	0.3
1527222512.09	300	15.640055	0.0	138313	666	0.3
1527222513.14	300	18.610606	0.0	143509	741	0.3
1527222514.72	300	21.024284	0.0	150616	1252	0.3
1527222516.09	300	23.647891	0.0	165384	1040	0.3
1527222522.86	1200	20.878099	0.0	586839	6443	0.29999999999999993
1527222524.98	300	22.752163	0.0	157671	1676	-0.6000000000000001
1527222526.13	300	25.649812	0.0	157812	780	0.3
1527222527.32	300	28.428593	0.0	163927	844	0.3
1527222528.47	300	31.266088	0.0	137654	837	0.3
1527222529.51	300	34.221614	0.0	146754	747	0.3
1527222533.07	1850	34.651041	0.0	905935	3270	0.30000000000000004
1527222538.95	2850	32.793921	0.0	1547572	5498	1.85
1527222543.53	2850	32.19207	0.0	1141971	4262	2.85
1527222552.94	2850	26.801306	0.0	1498470	9059	2.85
1527222566.64	2850	17.104073	0.0	1561263	13229	2.85
1527222581.15	1850	6.588248	0.0	873429	14082	0.8500000000000001
1527222582.38	300	9.359696	0.0	157488	849	-1.25
1527222583.91	300	11.813457	0.0	143881	1160	0.3
1527222584.92	300	14.804763	0.0	163444	723	0.3
1527222585.92	300	17.804312	0.0	179328	713	0.3
1527222586.98	300	20.757896	0.0	159914	731	0.3
1527222590.7	1850	21.03103	0.0	728962	3411	0.30000000000000004
1527222594.99	1850	20.744518	0.0	938587	3982	1.85
1527222598.2	1850	21.53298	0.0	908665	2913	1.85
1527222601.45	1850	22.381167	0.0	930577	2837	1.85
1527222606.15	1850	21.589014	0.0	858450	4388	1.85
1527222611.25	1850	20.479633	0.0	1025005	4768	1.85
1527222617.96	1850	17.786565	0.0	886255	6275	1.85
1527222621.32	1850	18.439061	0.0	973972	3021	1.85
1527222625.27	1850	18.456496	0.0	958994	3613	1.85
1527222629.08	1850	18.633704	0.0	982064	3489	1.85
1527222633.61	2850	18.112174	0.0	1231456	4234	1.85
1527222638.9	2850	16.81889	0.0	1364537	5029	2.85
1527222642.97	2850	14.437224	0.0	889412	3766	2.85
