1528189381.13	1000	59.577371	0.0	598727	1686	1.0
1528189385.21	1000	59.577865	0.0	487812	845	1.0
1528189389.02	1000	59.828176	0.0	575591	1582	1.0
1528189393.24	1000	59.57852	0.0	605884	1468	1.0
1528189397.09	1000	59.828137	0.0	587506	2091	1.0
1528189401.24	1000	59.577863	0.0	566904	2908	1.0
1528189405.13	1000	59.57812	0.0	641452	2671	1.0
1528189412.82	1000	56.589023	0.0	599477	1812	1.0
1528189415.66	1000	56.95664	0.0	634861	2636	1.0
1528189419.08	1000	57.59828	0.0	630203	3212	1.0
1528189425.04	2000	55.638634	0.0	982064	5736	1.0
1528189426.9	2000	57.759834	0.0	830730	1653	2.0
1528189431.11	1000	57.568746	0.0	550906	3994	0.0
1528189436.46	2000	53.894231	0.0	598850	5124	1.0
1528189552.68	600	3.994315	-11.89	1034108	7728	50.327000000000005
1528189554.96	2000	4.615493	0.0	957685	2094	0.6000000000000001
1528189557.72	2000	5.891316	0.0	877771	2539	2.0
1528189559.86	2000	7.749714	0.0	933276	1936	2.0
1528189562.77	2000	8.856661	0.0	996749	2659	2.0
1528189569.86	2000	5.732764	0.0	801058	6897	2.0
1528189572.58	2000	7.021653	0.0	905515	2465	2.0
1528189574.93	2000	8.666729	0.0	1060487	2154	2.0
1528189577.41	2000	10.20036	0.0	852833	2281	2.0
1528189583.7	2000	8.316683	0.0	913888	5675	2.0
1528189609.11	2000	4.247778	9.592	939819	17042	-39.245599999999996
1528189625.75	2000	4.010238	16.472	917428	14124	-68.82959999999999
1528189629.73	2000	4.484976	0.44	946851	3620	0.1080000000000001
1528189631.35	2000	6.838176	0.0	1036454	1423	2.0
1528189632.73	2000	9.462933	0.0	821631	1171	2.0
1528189633.79	1000	12.397625	0.0	587876	801	0.0
1528189634.79	1000	15.397814	0.0	617242	787	1.0
1528189635.76	1000	18.464076	0.0	581493	715	1.0
1528189636.71	1000	21.476618	0.0	639204	746	1.0
1528189637.62	1000	24.576015	0.0	586839	696	1.0
1528189639.3	1000	26.87657	0.0	601738	1493	1.0
1528189657.58	1000	13.613393	0.0	616206	17054	1.0
1528189667.21	1000	6.950784	0.0	656471	6137	1.0
1528189672.74	1000	5.484671	0.0	536667	5254	1.0
1528189678.43	2000	4.489026	0.715	897976	5325	-2.0745
1528189681.66	2000	5.281508	0.0	905935	2970	2.0
1528189687.74	2000	4.390244	1.216	1076599	5863	-3.2288000000000006
1528189691.1	2000	5.016536	0.0	758197	3105	2.0
1528189695.22	2000	4.885444	0.0	972798	3920	2.0
1528189707.26	2000	4.354888	7.492	975811	11837	-30.215600000000002
1528189710.92	2000	4.695306	0.0	873429	3386	2.0
1528189714.32	2000	5.306235	0.0	954453	3183	2.0
1528189718.84	2000	4.765569	0.0	885062	4324	2.0
1528189724.47	2000	4.348291	1.188	1035329	5412	-3.1083999999999996
1528189729.27	2000	4.285742	0.753	1026056	4548	-1.2379000000000002
