1527223280.82	750	3.993241	1.646	668286	1541	-7.077799999999999
1527223281.6	300	7.203447	0.0	155580	417	-0.15000000000000002
1527223284.55	1850	8.264602	0.0	877771	2569	0.30000000000000004
1527223291.51	1850	5.286358	0.0	933276	6606	1.85
1527223294.09	750	6.728678	0.0	411561	2112	-0.3500000000000001
1527223295.84	750	8.983526	0.0	318564	1444	0.75
1527223297.48	750	11.351148	0.0	352642	1299	0.75
1527223305.77	750	7.038161	0.0	437162	7966	0.75
1527223307.63	300	9.179995	0.0	150710	1474	-0.15000000000000002
1527223308.71	300	12.119538	0.0	139105	732	0.3
1527223309.76	300	15.05262	0.0	141840	720	0.3
1527223310.91	300	17.931081	0.0	156148	787	0.3
1527223312.03	300	20.780698	0.0	160746	770	0.3
1527223315.07	750	21.73333	0.0	434409	2369	0.3
1527223318.7	1850	22.118344	0.0	821631	3254	0.75
1527223323.79	1850	21.0676	0.0	923170	4706	1.85
1527223327.95	1850	20.868834	0.0	966699	3836	1.85
1527223335.71	1850	17.099348	0.0	885714	7438	1.85
1527223350.37	1850	6.463355	0.0	987708	14228	1.85
1527223351.11	300	9.726054	0.0	140881	348	-1.25
1527223351.77	300	13.050341	0.0	157671	308	0.3
1527223353.78	300	15.050186	0.0	157812	1288	0.3
1527223354.67	300	18.17156	0.0	163927	561	0.3
1527223355.36	300	21.459082	0.0	137654	395	0.3
1527223358.26	1850	22.53591	0.0	897976	2609	0.30000000000000004
1527223359.9	1850	24.888343	0.0	905935	1386	1.85
1527223362.45	1850	26.363675	0.0	1076599	2238	1.85
1527223364.72	2850	28.07276	0.0	1141971	1900	1.85
1527223368.52	4300	28.274647	0.0	2134614	3379	2.8499999999999996
1527223371.63	4300	29.17127	0.0	2164140	2788	4.3
1527223375.11	4300	29.712077	0.0	2113193	3151	4.3
1527223379.11	4300	29.702512	0.0	2147852	3700	4.3
1527223382.7	4300	30.131229	0.0	2191074	3267	4.3
1527223387.29	4300	29.741738	0.0	2286761	3853	4.3
1527223396.32	4300	24.437518	0.0	2307787	8748	4.3
1527223399.37	4300	25.440085	0.0	2143948	2641	4.3
1527223401.98	4300	26.827991	0.0	1919781	2308	4.3
1527223404.93	4300	27.897459	0.0	2147467	2560	4.3
1527223408.32	4300	28.513648	0.0	2133870	3062	4.3
1527223432.16	4300	8.709215	0.0	2146120	23443	4.3
1527223436.25	750	8.610422	0.0	345516	3613	-2.8
1527223438.52	300	10.295599	0.0	161857	1939	-0.15000000000000002
1527223439.62	300	13.216973	0.0	145210	734	0.3
1527223440.68	300	16.142473	0.0	172312	730	0.3
1527223441.92	300	18.899405	0.0	167025	938	0.3
1527223443.67	300	21.135164	0.0	160064	1456	0.3
1527223444.91	300	23.927642	0.0	137507	915	0.3
1527223456.83	2850	16.048346	0.0	1364537	11529	0.30000000000000027
1527223460.66	2850	13.823486	0.0	889412	3538	2.85
