1528184776.08	600	3.986882	0.512	450283	432	-2.2016
1528184776.68	1000	7.365053	0.0	611087	355	0.6
1528184777.13	1000	10.91459	0.0	571051	282	1.0
1528184777.56	1000	14.502175	0.0	617681	247	1.0
1528184777.97	1000	18.082813	0.0	652874	219	1.0
1528184778.31	1000	21.742633	0.0	520315	145	1.0
1528184778.63	1000	25.443873	0.0	561791	134	1.0
1528184779.05	1000	29.005206	0.0	709534	239	1.0
1528184779.38	1000	32.667255	0.0	584846	166	1.0
1528184779.75	1000	36.314172	0.0	560821	160	1.0
1528184780.11	1000	39.943675	0.0	607410	181	1.0
1528184780.49	1000	43.562339	0.0	594078	192	1.0
1528184780.84	1000	47.219479	0.0	624282	166	1.0
1528184781.2	1000	50.854036	0.0	687371	193	1.0
1528184781.57	1000	54.490389	0.0	526950	180	1.0
1528184781.99	1000	58.072092	0.0	587876	237	1.0
1528184784.41	1000	59.748775	0.0	617242	230	1.0
1528184788.1	1000	59.99809	0.0	581493	502	1.0
1528184792.18	1000	59.999347	0.0	639204	877	1.0
1528184796.35	1000	59.749446	0.0	586839	483	1.0
1528184800.15	1000	59.99933	0.0	601738	613	1.0
1528184804.67	1000	59.499587	0.0	616206	821	1.0
1528184808.74	1000	59.500004	0.0	656471	1262	1.0
1528184812.45	1000	59.997936	0.0	536667	684	1.0
1528184816.11	1000	59.998524	0.0	587236	494	1.0
1528184820.4	1000	59.7503	0.0	590335	581	1.0
1528184824.54	1000	59.747896	0.0	696376	431	1.0
1528184828.08	1000	59.998731	0.0	487160	351	1.0
1528184832.38	1000	59.748666	0.0	622896	600	1.0
1528184836.46	1000	59.746698	0.0	641447	884	1.0
1528184840.34	1000	59.748183	0.0	570392	648	1.0
1528184844.58	1000	59.499951	0.0	620283	532	1.0
1528184848.3	1000	59.74962	0.0	584349	540	1.0
1528184852.6	1000	59.498596	0.0	670129	604	1.0
1528184856.74	1000	59.49742	0.0	690253	408	1.0
1528184860.78	1000	59.499993	0.0	598727	338	1.0
1528184864.33	1000	59.749596	0.0	487812	342	1.0
1528184868.4	1000	59.750078	0.0	575591	375	1.0
1528184872.4	1000	59.748958	0.0	605884	295	1.0
1528184876.38	1000	59.749492	0.0	587506	280	1.0
1528184880.36	1000	59.748426	0.0	566904	286	1.0
1528184884.39	1000	59.74906	0.0	641452	303	1.0
1528184888.5	1000	59.750013	0.0	599477	141	1.0
1528184892.59	1000	59.499919	0.0	634861	406	1.0
1528184896.32	1000	59.749463	0.0	630203	1015	1.0
1528184900.51	1000	59.749866	0.0	638661	1494	1.0
1528184904.55	1000	59.749828	0.0	538612	845	1.0
1528184908.65	1000	59.500231	0.0	550906	868	1.0
1528184909.96	1000	59.929689	0.0	391450	606	1.0
