1527463019.64	750	39.652552	3.657	179801	9427	-15.7251
1527463058.17	1200	4.529581	0.0	140051	4642	0.75
1527463058.29	1200	4.047258	0.0	140051	4642	1.2
1527463058.55	750	3.883634	0.0	140051	4642	0.3
1527463058.77	300	3.665354	0.0	140051	4642	-0.15000000000000002
1527463063.18	300	4.435333	0.525	138313	3370	-1.9574999999999998
1527463063.86	300	6.994113	0.0	143509	400	0.3
1527463064.49	300	10.434823	0.0	150616	372	0.3
1527463064.69	750	10.279664	0.0	150616	372	0.3
1527463064.86	1200	10.070037	0.0	150616	372	0.75
1527463066.77	1850	12.158601	0.0	987708	1498	1.2000000000000002
1527463070.97	2850	11.945194	0.0	1336050	3823	1.85
1527463074.32	2850	12.593254	0.0	1415116	3105	2.85
1527463083.56	2850	7.333958	0.0	1468126	9015	2.85
1527463087.57	2850	7.339467	0.0	1505760	3714	2.85
1527463094.2	2850	4.924514	0.0	1323990	6168	2.85
1527463094.38	1850	4.577247	0.0	1323990	6168	0.8500000000000001
1527463099.67	1850	4.459242	1.169	897976	4938	-3.1767
1527463099.83	1200	4.246487	0.0	897976	4938	0.5499999999999999
1527463103.89	1200	4.364279	0.183	590335	3815	0.4131
1527463124.58	1200	14.641677	14.983	149029	520	-63.226899999999986
1527463124.71	1850	14.512238	0.0	149029	520	1.2000000000000002
1527463137.86	1850	5.616533	0.0	873429	12681	1.85
1527463151.56	1850	59.838695	0.0	118421	207	1.85
1527463173.94	4300	39.0907	0.0	391450	10978	1.8499999999999996
1527463174.18	2850	38.801698	0.0	391450	10978	1.4000000000000001
1527463174.39	1850	38.560367	0.0	391450	10978	0.8500000000000001
1527463174.56	1200	38.385023	0.0	391450	10978	0.5499999999999999
1527463174.72	300	38.223019	0.0	391450	10978	-0.6000000000000001
1527463446.26	750	3.9989	-20.211	181801	219	87.2073
1527463449.11	4300	5.143596	0.0	2123065	2519	0.75
1527463451.91	4300	6.336421	0.0	2177073	2581	4.3
1527463454.78	4300	7.473452	0.0	2160877	2573	4.3
1527463458.67	4300	7.77932	0.0	2233056	3449	4.3
1527463476.69	4300	4.479139	10.738	520315	10558	-41.873400000000004
1527463477.07	4300	4.144066	0.0	520315	10558	4.3
1527463490.4	2850	4.272697	5.679	709534	4871	-23.0197
1527463496.96	1850	4.370776	2.648	852833	6182	-10.5364
1527463497.11	1200	4.210018	0.0	852833	6182	0.5499999999999999
1527463502.06	750	4.261202	1.0	362795	4559	-4.0
1527463504.4	750	5.896938	0.0	353220	2101	0.75
1527463507.02	750	7.262999	0.0	405134	2417	0.75
1527463508.7	750	9.585163	0.0	386351	1476	0.75
1527463510.48	750	11.828279	0.0	434409	1547	0.75
1527463510.62	1200	11.680194	0.0	434409	1547	0.75
1527463512.95	1200	13.356679	0.0	526950	2116	1.2
1527463513.07	1850	13.227941	0.0	526950	2116	1.2000000000000002
1527463516.31	1850	13.982204	0.0	923170	3019	1.85
1527463520.14	1850	14.167384	0.0	966699	3623	1.85
1527463523.64	1850	14.664273	0.0	885714	3277	1.85
1527463532.33	1850	10.208781	0.0	987708	8217	1.85
1527463532.44	1200	9.83919	0.0	987708	8217	0.5499999999999999
1527463537.29	1200	9.03008	0.0	586839	4461	1.2
1527463542.79	1200	7.533074	0.0	601738	5252	1.2
1527463542.94	750	7.3635	0.0	601738	5252	0.3
1527463549.29	750	5.041624	0.0	399894	6091	0.75
1527463555.64	750	4.267535	1.612	401853	6019	-6.1815999999999995
1527463555.8	300	4.126473	0.0	401853	6019	-0.15000000000000002
1527463558.51	300	5.424996	0.0	137654	2451	0.3
1527463559.75	300	8.149096	0.0	146754	1021	0.3
1527463561.12	300	10.796817	0.0	153938	1151	0.3
1527463562.45	300	13.508295	0.0	181901	1067	0.3
1527463562.61	750	13.326995	0.0	181901	1067	0.3
1527463563.92	750	15.988677	0.0	277716	1108	0.75
1527463564.08	1200	15.866331	0.0	277716	1108	0.75
1527463567.44	1200	16.468341	0.0	622896	3147	1.2
1527463570.05	1200	17.871122	0.0	641447	2378	1.2
1527463572.81	1200	19.091957	0.0	570392	2553	1.2
1527463575.07	1200	20.841703	0.0	620283	2026	1.2
1527463577.12	1200	22.81869	0.0	584349	1788	1.2
1527463577.26	1850	22.664044	0.0	584349	1788	1.2000000000000002
1527463580.54	1850	23.36994	0.0	1035329	3008	1.85
1527463584.05	1850	23.865286	0.0	1026056	3270	1.85
1527463588.64	1850	23.259506	0.0	943942	4378	1.85
1527463593.75	1850	22.167895	0.0	728962	4888	1.85
1527463673.0	750	3.998702	-21.422	181801	473	91.7646
1527463675.81	1850	5.182271	0.0	957685	2545	0.75
1527463678.47	1850	6.549873	0.0	877771	2434	1.85
1527463681.4	1850	7.595347	0.0	933276	2707	1.85
1527463684.85	1850	8.1624	0.0	996749	3215	1.85
1527463687.48	1850	9.517996	0.0	801058	2424	1.85
1527463690.49	1850	10.51724	0.0	905515	2790	1.85
1527463694.02	1850	10.976264	0.0	1060487	3310	1.85
1527463696.62	1850	12.377355	0.0	852833	2400	1.85
1527463699.55	1850	13.442918	0.0	913888	2695	1.85
1527463702.73	1850	14.271963	0.0	939819	2942	1.85
1527463706.28	1850	14.719367	0.0	917428	3318	1.85
1527463709.32	1850	15.690382	0.0	946851	2842	1.85
1527463714.66	1850	14.383105	0.0	1036454	5077	1.85
1527463725.99	1850	7.078566	0.0	821631	10918	1.85
1527463737.42	1850	19.643286	0.0	157671	427	1.85
1527463739.18	750	21.821327	0.0	399894	1467	-0.3500000000000001
1527463740.66	1200	24.378757	0.0	656471	1136	0.75
1527463740.78	1850	24.222272	0.0	656471	1136	1.2000000000000002
1527463742.21	1850	26.811728	0.0	874175	1168	1.85
1527463744.34	2850	28.676533	0.0	1383735	1817	1.85
1527463747.7	4300	29.339792	0.0	2105231	2944	2.8499999999999996
1527463751.37	4300	29.691206	0.0	2395588	3372	4.3
1527463757.71	4300	27.304984	0.0	1972048	6009	4.3
1527463762.65	4300	26.363985	0.0	2134614	4611	4.3
1527463768.04	4300	24.974293	0.0	2164140	5142	4.3
1527463768.17	2850	24.847042	0.0	2164140	5142	1.4000000000000001
1527463772.07	2850	24.952701	0.0	1341201	3648	2.85
1527463776.46	2850	24.574829	0.0	1497683	4086	2.85
1527463776.61	1850	24.422184	0.0	1497683	4086	0.8500000000000001
1527463780.37	1850	24.733318	0.0	885062	3399	1.85
1527463784.83	1850	24.206222	0.0	1035329	4155	1.85
1527463787.82	1850	25.202773	0.0	1026056	2724	1.85
1527463790.02	1850	27.049147	0.0	943942	1917	1.85
1527463791.67	1850	29.347973	0.0	728962	1389	1.85
1527463794.33	1850	30.708888	0.0	938587	2382	1.85
1527463797.16	1850	31.851931	0.0	908665	2585	1.85
1527463797.31	2850	31.727812	0.0	908665	2585	1.85
1527463801.78	2850	31.278096	0.0	1402287	4200	2.85
1527463801.97	1850	31.136469	0.0	1402287	4200	0.8500000000000001
1527463805.31	1850	31.725812	0.0	858450	3091	1.85
1527463808.7	1850	32.351857	0.0	1025005	3158	1.85
1527463811.48	1850	33.618624	0.0	886255	2493	1.85
1527463815.61	1850	33.517231	0.0	973972	3780	1.85
1527463819.36	1850	33.680158	0.0	958994	3534	1.85
1527463822.0	1850	35.082379	0.0	982064	2395	1.85
1527463823.78	1850	37.31385	0.0	830730	1511	1.85
1527463825.66	1850	39.429397	0.0	846370	1607	1.85
1527463827.54	1850	39.195096	0.0	598850	1644	1.85
