1527448790.88	750	4	0.421	450283	355	-1.8103
1527448792.17	4300	6.853439	0.0	2123065	991	0.75
1527448793.21	4300	9.833759	0.0	2177073	802	4.3
1527448794.25	4300	12.78438	0.0	2160877	813	4.3
1527448795.4	4300	15.635032	0.0	2233056	903	4.3
1527448796.33	4300	18.699222	0.0	1941625	716	4.3
1527448797.29	4300	21.735255	0.0	2157535	725	4.3
1527448799.16	4300	23.88246	0.0	2290172	1586	4.3
1527448800.58	4300	26.462617	0.0	2055469	1135	4.3
1527448802.02	4300	29.016117	0.0	2169201	1156	4.3
1527448803.27	4300	31.829734	0.0	2173522	924	4.3
1527448804.38	4300	34.704848	0.0	2102452	862	4.3
1527448805.67	4300	37.430833	0.0	2209463	1009	4.3
1527448807.3	4300	39.795328	0.0	2275376	1362	4.3
1527448808.38	4300	42.703113	0.0	2005399	808	4.3
1527448809.57	4300	45.528702	0.0	2152483	881	4.3
1527448810.56	4300	48.526697	0.0	2289689	720	4.3
1527448811.46	4300	51.638724	0.0	2059512	640	4.3
1527448812.33	4300	54.747957	0.0	2220726	622	4.3
1527448813.29	4300	57.810239	0.0	2156729	686	4.3
1527448815.66	4300	59.605085	0.0	2039773	620	4.3
1527448819.27	4300	59.855393	0.0	2176469	871	4.3
1527448823.29	4300	59.855098	0.0	2221506	1762	4.3
1527448827.28	4300	59.85506	0.0	2044075	1737	4.3
1527448831.69	4300	59.605682	0.0	2186790	2168	4.3
1527448835.53	4300	59.604554	0.0	2105231	2565	4.3
1527448839.68	4300	59.410893	0.0	2395588	3882	4.3
1527448843.46	4300	59.854829	0.0	1972048	1903	4.3
1527448847.65	4300	59.437072	0.0	2134614	3938	4.3
1527448851.45	4300	59.855159	0.0	2164140	1058	4.3
1527448855.51	4300	59.605542	0.0	2113193	1289	4.3
1527448859.48	4300	59.605253	0.0	2147852	1204	4.3
1527448863.31	4300	59.854883	0.0	2191074	1035	4.3
1527448867.68	4300	59.605155	0.0	2286761	2122	4.3
1527448871.63	4300	59.466767	0.0	2307787	3707	4.3
1527448875.55	4300	59.60477	0.0	2143948	2198	4.3
1527448879.48	4300	59.855022	0.0	1919781	1662	4.3
1527448883.54	4300	59.604698	0.0	2147467	1799	4.3
1527448887.25	4300	59.855692	0.0	2133870	1466	4.3
1527448891.49	4300	59.604963	0.0	2146120	982	4.3
1527448895.5	4300	59.604779	0.0	2108491	765	4.3
1527448899.43	4300	59.855473	0.0	2184571	705	4.3
1527448903.71	4300	59.605646	0.0	2121928	1025	4.3
1527448907.23	4300	59.854632	0.0	2219102	769	4.3
1527448911.59	4300	59.603524	0.0	2124950	624	4.3
1527448915.57	4300	59.605113	0.0	2246506	752	4.3
1527448919.54	4300	59.60535	0.0	1961140	735	4.3
1527448923.32	4300	59.854544	0.0	2155012	1044	4.3
1527448925.17	4300	59.785428	0.0	1433658	1138	4.3
