1528186318.95	1000	59.50369	0.0	598727	620	1.0
1528186323.16	1000	59.503316	0.0	487812	486	1.0
1528186326.93	1000	59.503935	0.0	575591	544	1.0
1528186331.13	1000	59.503345	0.0	605884	483	1.0
1528186334.81	1000	59.753546	0.0	587506	464	1.0
1528186338.86	1000	59.753814	0.0	566904	351	1.0
1528186342.92	1000	59.751654	0.0	641452	337	1.0
1528186346.93	1000	59.75383	0.0	599477	752	1.0
1528186350.93	1000	59.503224	0.0	634861	777	1.0
1528186354.7	1000	59.753329	0.0	630203	587	1.0
1528186358.94	1000	59.503591	0.0	638661	1016	1.0
1528186369.62	1000	54.040489	0.0	538612	9199	1.0
1528186372.39	1000	54.038078	0.0	550906	820	1.0
1528186373.21	1000	54.941504	0.0	391450	552	1.0
1528186474.46	600	3.995947	-0.34	668286	329	1.662
1528186474.92	1000	7.537193	0.0	611087	279	0.6
1528186475.34	1000	11.113588	0.0	571051	245	1.0
1528186475.79	1000	14.658983	0.0	617681	278	1.0
1528186476.29	1000	18.15884	0.0	652874	303	1.0
1528186476.71	1000	21.759569	0.0	520315	195	1.0
1528186477.2	1000	25.253606	0.0	561791	310	1.0
1528186477.79	1000	28.668869	0.0	709534	401	1.0
1528186478.42	1000	32.026335	0.0	584846	448	1.0
1528186478.99	1000	35.471396	0.0	560821	389	1.0
1528186479.57	1000	38.880586	0.0	607410	410	1.0
1528186480.18	1000	42.277971	0.0	594078	417	1.0
1528186480.67	1000	45.785811	0.0	624282	292	1.0
1528186481.21	1000	49.256274	0.0	687371	303	1.0
1528186481.81	1000	52.662829	0.0	526950	386	1.0
1528186482.56	1000	55.904735	0.0	587876	525	1.0
1528186483.19	1000	59.256637	0.0	617242	458	1.0
1528186486.98	1000	59.501263	0.0	581493	567	1.0
1528186490.5	1000	59.999063	0.0	639204	324	1.0
1528186494.48	1000	59.999169	0.0	586839	294	1.0
1528186498.56	1000	59.999067	0.0	601738	373	1.0
1528186502.78	1000	59.748439	0.0	616206	510	1.0
1528186507.09	1000	59.500569	0.0	656471	608	1.0
1528186511.2	1000	59.50068	0.0	536667	408	1.0
1528186514.72	1000	59.750828	0.0	587236	337	1.0
1528186518.79	1000	59.748514	0.0	590335	377	1.0
1528186522.97	1000	59.501043	0.0	696376	489	1.0
1528186526.98	1000	59.50114	0.0	487160	307	1.0
1528186530.59	1000	59.998862	0.0	622896	411	1.0
1528186535.21	1000	59.500532	0.0	641447	431	1.0
1528186538.84	1000	59.750252	0.0	570392	439	1.0
1528186543.01	1000	59.500492	0.0	620283	458	1.0
1528186547.04	1000	59.501039	0.0	584349	338	1.0
1528186550.68	1000	59.99921	0.0	670129	459	1.0
1528186554.95	1000	59.501139	0.0	690253	583	1.0
