1527461435.83	750	4	0.052	450283	6	-0.22360000000000002
1527461436.07	4300	7.765036	0.0	2123065	30	0.75
1527461436.3	4300	11.517815	0.0	2177073	36	4.3
1527461436.52	4300	15.304177	0.0	2160877	44	4.3
1527461436.81	4300	19.021399	0.0	2233056	96	4.3
1527461437.04	4300	22.774147	0.0	1941625	72	4.3
1527461437.25	4300	26.565461	0.0	2157535	34	4.3
1527461437.47	4300	30.352194	0.0	2290172	30	4.3
1527461437.71	4300	34.110089	0.0	2055469	43	4.3
1527461437.9	4300	37.924582	0.0	2169201	22	4.3
1527461438.09	4300	41.724394	0.0	2173522	33	4.3
1527461438.3	4300	45.522022	0.0	2102452	19	4.3
1527461438.54	4300	49.284055	0.0	2209463	54	4.3
1527461438.75	4300	53.065427	0.0	2275376	42	4.3
1527461439.0	4300	56.820658	0.0	2005399	63	4.3
1527461440.21	4300	59.738513	0.0	2152483	40	4.3
1527461443.85	4300	59.998706	0.0	2289689	1858	4.3
1527461448.3	4300	59.748741	0.0	2059512	1203	4.3
1527461452.53	4300	59.498242	0.0	2220726	1472	4.3
1527461456.09	4300	59.915556	0.0	2156729	841	4.3
1527461460.13	4300	59.915559	0.0	2039773	778	4.3
1527461464.29	4300	59.665471	0.0	2176469	1403	4.3
1527461468.0	4300	59.914707	0.0	2221506	2435	4.3
1527461472.28	4300	59.665477	0.0	2044075	1521	4.3
1527461476.3	4300	59.662197	0.0	2186790	2247	4.3
1527461480.3	4300	59.665031	0.0	2105231	2738	4.3
1527461484.35	4300	59.66407	0.0	2395588	3276	4.3
1527461489.23	4300	58.651374	0.0	1972048	4613	4.3
1527461492.18	4300	59.91464	0.0	2134614	1192	4.3
1527461496.13	4300	59.913873	0.0	2164140	1708	4.3
1527461500.03	4300	59.914837	0.0	2113193	1122	4.3
1527461504.14	4300	59.914647	0.0	2147852	1309	4.3
1527461508.17	4300	59.91526	0.0	2191074	1705	4.3
1527461512.22	4300	59.655511	0.0	2286761	3804	4.3
1527461516.08	4300	59.912854	0.0	2307787	2612	4.3
1527461520.22	4300	59.657009	0.0	2143948	1898	4.3
1527461524.02	4300	59.914917	0.0	1919781	1552	4.3
1527461528.44	4300	59.665024	0.0	2147467	1661	4.3
1527461532.27	4300	59.664853	0.0	2133870	985	4.3
1527461535.99	4300	59.915266	0.0	2146120	934	4.3
1527461540.2	4300	59.915034	0.0	2108491	941	4.3
1527461544.18	4300	59.9153	0.0	2184571	679	4.3
1527461548.07	4300	59.915238	0.0	2121928	630	4.3
1527461552.45	4300	59.665319	0.0	2219102	641	4.3
1527461556.4	4300	59.664955	0.0	2124950	660	4.3
1527461560.38	4300	59.5424	0.0	2246506	660	4.3
1527461564.32	4300	59.659744	0.0	1961140	661	4.3
1527461568.28	4300	59.663018	0.0	2155012	1192	4.3
1527461570.47	4300	59.078191	0.0	1433658	1923	4.3
