1527457436.01	750	4	1.287	2354772	1110	-5.5341
1527457437.2	4300	7.030752	0.0	2123065	858	0.75
1527457438.33	4300	9.900049	0.0	2177073	827	4.3
1527457439.47	4300	12.75467	0.0	2160877	826	4.3
1527457440.58	4300	15.652544	0.0	2233056	799	4.3
1527457441.67	4300	18.574785	0.0	1941625	764	4.3
1527457442.93	4300	21.299766	0.0	2157535	956	4.3
1527457444.09	4300	24.140613	0.0	2290172	871	4.3
1527457445.23	4300	26.992996	0.0	2055469	835	4.3
1527457446.49	4300	29.7238	0.0	2169201	975	4.3
1527457447.58	4300	32.640343	0.0	2173522	793	4.3
1527457448.78	4300	35.471257	0.0	2102452	868	4.3
1527457449.84	4300	38.375303	0.0	2209463	767	4.3
1527457451.46	4300	40.758791	0.0	2275376	1312	4.3
1527457452.59	4300	43.628855	0.0	2005399	834	4.3
1527457453.86	4300	46.361624	0.0	2152483	954	4.3
1527457455.17	4300	49.057111	0.0	2289689	1018	4.3
1527457456.21	4300	52.003844	0.0	2059512	745	4.3
1527457457.23	4300	54.983954	0.0	2220726	730	4.3
1527457458.24	4300	57.990275	0.0	2156729	720	4.3
1527457460.32	4300	59.99776	0.0	2039773	724	4.3
1527457464.72	4300	59.749409	0.0	2176469	1064	4.3
1527457468.43	4300	59.999038	0.0	2221506	839	4.3
1527457472.59	4300	59.749478	0.0	2044075	862	4.3
1527457476.97	4300	59.498527	0.0	2186790	985	4.3
1527457480.75	4300	59.749468	0.0	2105231	911	4.3
1527457484.66	4300	59.74885	0.0	2395588	1048	4.3
1527457488.42	4300	59.998964	0.0	1972048	852	4.3
1527457492.61	4300	59.749384	0.0	2134614	884	4.3
1527457496.38	4300	59.999135	0.0	2164140	890	4.3
1527457500.64	4300	59.749179	0.0	2113193	882	4.3
1527457504.48	4300	59.998761	0.0	2147852	955	4.3
1527457508.83	4300	59.645315	0.0	2191074	869	4.3
1527457512.94	4300	59.583986	0.0	2286761	1582	4.3
1527457516.97	4300	59.583628	0.0	2307787	1177	4.3
1527457520.96	4300	59.584119	0.0	2143948	1078	4.3
1527457524.72	4300	59.582429	0.0	1919781	952	4.3
1527457528.57	4300	59.832594	0.0	2147467	1008	4.3
1527457532.48	4300	59.834159	0.0	2133870	1075	4.3
1527457536.92	4300	59.582974	0.0	2146120	1018	4.3
1527457540.78	4300	59.583789	0.0	2108491	949	4.3
1527457544.69	4300	59.584014	0.0	2184571	1124	4.3
1527457548.83	4300	59.583917	0.0	2121928	1213	4.3
1527457552.78	4300	59.584293	0.0	2219102	1025	4.3
1527457556.64	4300	59.833695	0.0	2124950	1000	4.3
1527457560.51	4300	59.833439	0.0	2246506	1021	4.3
1527457564.77	4300	59.583372	0.0	1961140	895	4.3
1527457568.49	4300	59.832754	0.0	2155012	867	4.3
1527457570.43	4300	59.764134	0.0	1433658	653	4.3

1527457572.24	750	4	0.5	668286	389	-2.15
1527457573.61	4300	6.815516	0.0	2123065	966	0.75
1527457574.95	4300	9.492944	0.0	2177073	1022	4.3
1527457576.21	4300	12.223155	0.0	2160877	934	4.3
1527457577.34	4300	15.093263	0.0	2233056	805	4.3
1527457578.29	4300	18.140494	0.0	1941625	654	4.3
1527457579.34	4300	21.077602	0.0	2157535	767	4.3
1527457580.71	4300	23.718445	0.0	2290172	1058	4.3
1527457581.89	4300	26.545673	0.0	2055469	883	4.3
1527457583.12	4300	29.306552	0.0	2169201	935	4.3
1527457584.26	4300	32.166244	0.0	2173522	852	4.3
1527457585.31	4300	35.124787	0.0	2102452	752	4.3
1527457586.45	4300	37.977513	0.0	2209463	851	4.3
1527457587.56	4300	40.882658	0.0	2275376	806	4.3
1527457588.72	4300	43.708539	0.0	2005399	868	4.3
1527457589.89	4300	46.536937	0.0	2152483	886	4.3
1527457591.16	4300	49.269316	0.0	2289689	965	4.3
1527457592.47	4300	51.957205	0.0	2059512	1003	4.3
1527457593.78	4300	54.671256	0.0	2220726	984	4.3
1527457595.16	4300	57.284698	0.0	2156729	1073	4.3
1527457596.83	4300	59.749073	0.0	2039773	872	4.3
1527457600.68	4300	59.998253	0.0	2176469	1015	4.3
1527457604.57	4300	59.999226	0.0	2221506	1077	4.3
1527457608.58	4300	59.999152	0.0	2044075	1109	4.3
1527457612.53	4300	59.99916	0.0	2186790	1095	4.3
1527457616.89	4300	59.748194	0.0	2105231	908	4.3
1527457620.96	4300	59.7489	0.0	2395588	1207	4.3
1527457624.6	4300	59.99882	0.0	1972048	832	4.3
1527457628.49	4300	59.997547	0.0	2134614	1043	4.3
1527457632.8	4300	59.748751	0.0	2164140	921	4.3
1527457636.83	4300	59.748421	0.0	2113193	1146	4.3
1527457640.73	4300	59.999297	0.0	2147852	1012	4.3
1527457644.6	4300	59.998484	0.0	2191074	1052	4.3
1527457648.68	4300	59.997401	0.0	2286761	1169	4.3
1527457652.92	4300	59.748312	0.0	2307787	841	4.3
1527457656.93	4300	59.776102	0.0	2143948	1033	4.3
1527457660.97	4300	59.776213	0.0	1919781	590	4.3
1527457665.2	4300	59.525999	0.0	2147467	816	4.3
1527457668.88	4300	59.77568	0.0	2133870	807	4.3
1527457673.21	4300	59.525033	0.0	2146120	1003	4.3
1527457676.87	4300	59.775639	0.0	2108491	782	4.3
