1527460806.45	750	4	1.225	2354772	1097	-5.2675
1527460807.81	4300	6.812592	0.0	2123065	1084	0.75
1527460809.01	4300	9.604668	0.0	2177073	928	4.3
1527460810.15	4300	12.446203	0.0	2160877	896	4.3
1527460811.31	4300	15.297852	0.0	2233056	884	4.3
1527460812.4	4300	18.195482	0.0	1941625	846	4.3
1527460813.51	4300	21.104356	0.0	2157535	852	4.3
1527460814.77	4300	23.861654	0.0	2290172	988	4.3
1527460816.05	4300	26.574251	0.0	2055469	994	4.3
1527460817.25	4300	29.370127	0.0	2169201	917	4.3
1527460818.45	4300	32.168372	0.0	2173522	920	4.3
1527460819.59	4300	35.00644	0.0	2102452	865	4.3
1527460820.83	4300	37.777711	0.0	2209463	958	4.3
1527460822.01	4300	40.589475	0.0	2275376	915	4.3
1527460823.01	4300	43.608144	0.0	2005399	737	4.3
1527460824.22	4300	46.401241	0.0	2152483	948	4.3
1527460825.45	4300	49.179542	0.0	2289689	911	4.3
1527460826.55	4300	52.053898	0.0	2059512	848	4.3
1527460827.73	4300	54.883587	0.0	2220726	897	4.3
1527460829.11	4300	57.505737	0.0	2156729	1109	4.3
1527460830.69	4300	59.998636	0.0	2039773	741	4.3
1527460834.95	4300	59.748923	0.0	2176469	930	4.3
1527460839.19	4300	59.749742	0.0	2221506	878	4.3
1527460843.34	4300	59.499178	0.0	2044075	866	4.3
1527460847.17	4300	59.748771	0.0	2186790	993	4.3
1527460850.87	4300	59.999316	0.0	2105231	868	4.3
1527460854.71	4300	59.998321	0.0	2395588	998	4.3
1527460858.95	4300	59.998886	0.0	1972048	829	4.3
1527460863.21	4300	59.49961	0.0	2134614	894	4.3
1527460867.01	4300	59.749038	0.0	2164140	959	4.3
1527460870.94	4300	59.749823	0.0	2113193	1100	4.3
1527460874.71	4300	59.998752	0.0	2147852	961	4.3
1527460879.01	4300	59.749513	0.0	2191074	952	4.3
1527460882.86	4300	59.998996	0.0	2286761	991	4.3
1527460886.71	4300	59.999229	0.0	2307787	994	4.3
1527460891.07	4300	59.749091	0.0	2143948	1023	4.3
1527460894.94	4300	59.749432	0.0	1919781	1070	4.3
1527460899.27	4300	59.498836	0.0	2147467	976	4.3
1527460902.94	4300	59.749964	0.0	2133870	847	4.3
1527460907.34	4300	59.499537	0.0	2146120	1074	4.3
1527460911.1	4300	59.749162	0.0	2108491	943	4.3
1527460914.87	4300	59.998305	0.0	2184571	967	4.3
1527460918.7	4300	59.99941	0.0	2121928	1032	4.3
1527460923.19	4300	59.749167	0.0	2219102	1119	4.3
1527460927.11	4300	59.749114	0.0	2124950	1115	4.3
1527460931.57	4300	59.596527	0.0	2246506	1137	4.3
1527460935.23	4300	59.846427	0.0	1961140	812	4.3
1527460939.51	4300	59.596251	0.0	2155012	910	4.3
1527460941.02	4300	59.775273	0.0	1433658	698	4.3

1527460943.2	750	4	1.158	2354772	1022	-4.9794
1527460944.31	4300	7.054846	0.0	2123065	843	0.75
1527460945.47	4300	9.893208	0.0	2177073	867	4.3
1527460946.55	4300	12.807194	0.0	2160877	816	4.3
1527460947.66	4300	15.696729	0.0	2233056	862	4.3
1527460948.58	4300	18.761595	0.0	1941625	685	4.3
1527460949.65	4300	21.708167	0.0	2157535	823	4.3
1527460950.71	4300	24.639539	0.0	2290172	803	4.3
1527460951.75	4300	27.602635	0.0	2055469	799	4.3
1527460952.71	4300	30.639339	0.0	2169201	722	4.3
1527460953.83	4300	33.538777	0.0	2173522	872	4.3
1527460955.05	4300	36.287213	0.0	2102452	965	4.3
1527460956.32	4300	39.063832	0.0	2209463	967	4.3
1527460957.76	4300	41.672478	0.0	2275376	1098	4.3
1527460959.82	4300	43.572183	0.0	2005399	1734	4.3
1527460960.9	4300	46.459054	0.0	2152483	803	4.3
1527460962.15	4300	49.190949	0.0	2289689	997	4.3
1527460963.22	4300	52.13343	0.0	2059512	805	4.3
1527460964.46	4300	54.895096	0.0	2220726	1005	4.3
1527460965.75	4300	57.625518	0.0	2156729	989	4.3
1527460967.9	4300	59.749705	0.0	2039773	785	4.3
1527460971.66	4300	59.999492	0.0	2176469	930	4.3
1527460975.78	4300	59.749178	0.0	2221506	890	4.3
1527460979.53	4300	59.999159	0.0	2044075	905	4.3
1527460983.67	4300	59.998101	0.0	2186790	816	4.3
1527460987.81	4300	59.748329	0.0	2105231	816	4.3
1527460991.75	4300	59.749101	0.0	2395588	1118	4.3
1527460995.53	4300	59.997928	0.0	1972048	941	4.3
1527460999.6	4300	59.9985	0.0	2134614	802	4.3
1527461003.73	4300	59.748412	0.0	2164140	814	4.3
1527461007.49	4300	59.998373	0.0	2113193	963	4.3
1527461011.87	4300	59.749701	0.0	2147852	986	4.3
1527461015.73	4300	59.748977	0.0	2191074	1000	4.3
1527461019.67	4300	59.998011	0.0	2286761	1070	4.3
1527461023.5	4300	59.998452	0.0	2307787	998	4.3
1527461027.83	4300	59.748755	0.0	2143948	992	4.3
1527461031.45	4300	59.997967	0.0	1919781	794	4.3
1527461035.68	4300	59.749599	0.0	2147467	926	4.3
1527461039.99	4300	59.499336	0.0	2133870	956	4.3
1527461043.77	4300	59.749828	0.0	2146120	875	4.3
1527461047.74	4300	59.748447	0.0	2108491	1016	4.3
1527461051.94	4300	59.748803	0.0	2184571	843	4.3
1527461055.61	4300	59.998545	0.0	2121928	883	4.3
1527461059.97	4300	59.499525	0.0	2219102	1001	4.3
