1527462155.32	750	3.748687	6.378	1728879	5258	-27.425399999999996
1527462158.31	1850	6.188573	0.0	957685	1759	0.75
1527462159.4	2850	6.188573	0.0	957685	1759	1.85
1527462161.29	2850	10.188573	0.0	1300868	1556	2.85
1527462164.31	2850	14.188573	0.0	1520281	2225	2.85
1527462168.53	2850	18.188573	0.0	1472558	3323	2.85
1527462171.36	2850	22.188573	0.0	1224260	1624	2.85
1527462177.38	4300	26.188573	0.0	2157535	3865	2.8499999999999996
1527462181.4	4300	30.188573	0.0	2290172	3384	4.3
1527462185.38	4300	34.188573	0.0	2055469	2917	4.3
1527462190.42	4300	38.188573	0.0	2169201	4122	4.3
1527462194.31	4300	42.188573	0.0	2173522	3506	4.3
1527462198.36	4300	46.188573	0.0	2102452	2745	4.3
1527462204.36	4300	50.188573	0.0	2209463	4620	4.3
1527462210.39	4300	54.188573	0.0	2275376	5328	4.3
1527462248.33	2850	54.188573	0.0	2275376	5328	1.4000000000000001
1527462271.36	2850	58.188573	0.0	337059	1144	2.85
1527462291.44	2850	58.188573	0.0	337059	1144	2.85
1527462330.43	1850	58.188573	0.0	337059	1144	0.8500000000000001
1527462392.33	750	3.498384	-4.968	450283	1198	21.012399999999996
1527462402.48	1850	6.486215	0.0	957685	3259	0.75
1527462440.35	1850	10.486215	0.0	877771	2312	1.85
1527462459.46	1850	14.486215	0.0	933276	2720	1.85
1527462490.4	1850	18.486215	0.0	996749	2208	1.85
