1527466081.05	750	4	3.297	1034108	3167	-14.1771
1527466084.9	1850	4.396798	0.0	957685	3541	0.75
1527466087.53	1850	5.781578	0.0	877771	2251	1.85
1527466089.63	1850	7.659161	0.0	933276	1763	1.85
1527466092.02	1850	9.316841	0.0	996749	2044	1.85
1527466095.06	1850	10.227832	0.0	801058	2741	1.85
1527466100.44	1850	8.8513	0.0	905515	4922	1.85
1527466103.4	750	9.886555	0.0	437162	2469	-0.3500000000000001
1527466104.98	750	12.304832	0.0	374758	1248	0.75
1527466105.97	300	15.305567	0.0	139105	515	-0.15000000000000002
1527466106.79	300	18.504085	0.0	141840	474	0.3
1527466107.6	300	21.690026	0.0	156148	468	0.3
1527466109.97	1850	23.365613	0.0	946851	2013	0.30000000000000004
1527466113.47	1850	23.838	0.0	1036454	3176	1.85
1527466116.87	1850	24.419784	0.0	821631	3089	1.85
1527466119.74	1850	25.558422	0.0	923170	2545	1.85
1527466123.0	1850	26.286766	0.0	966699	2946	1.85
1527466126.66	2850	26.635327	0.0	1358801	3226	1.85
1527466133.93	4300	23.344447	0.0	2220726	6851	2.8499999999999996
1527466140.49	4300	20.795523	0.0	2156729	6182	4.3
1527466145.56	4300	19.723205	0.0	2039773	4715	4.3
1527466152.12	4300	17.211046	0.0	2176469	6214	4.3
1527466161.41	4300	11.885073	0.0	2221506	8889	4.3
1527466167.93	2850	9.350793	0.0	1323990	6148	1.4000000000000001
1527466171.69	1850	9.618204	0.0	897976	3347	0.8500000000000001
1527466174.74	1850	10.574951	0.0	905935	2691	1.85
1527466179.45	1850	9.835847	0.0	1076599	4251	1.85
1527466182.71	1850	10.820048	0.0	758197	2708	1.85
1527466188.36	1850	8.871998	0.0	972798	4754	1.85
1527466191.0	1850	10.288859	0.0	975811	2310	1.85
1527466193.76	1850	11.533974	0.0	873429	2447	1.85
1527466196.52	1850	12.76798	0.0	954453	2434	1.85
1527466198.91	1850	14.36125	0.0	885062	2109	1.85
1527466204.44	2850	12.845405	0.0	1587293	5197	1.85
1527466208.18	2850	13.124848	0.0	1492672	3320	2.85
1527466211.76	2850	13.535116	0.0	1439896	3240	2.85
1527466214.83	2850	14.464646	0.0	1139291	2701	2.85
1527466218.82	2850	14.463012	0.0	1499009	3641	2.85
1527466222.15	2850	15.154581	0.0	1427478	3004	2.85
1527466227.19	4300	14.118505	0.0	2146120	4703	2.8499999999999996
1527466234.4	4300	10.900783	0.0	2108491	6899	4.3
1527466241.41	2850	7.931742	0.0	1527299	6554	1.4000000000000001
1527466245.3	1850	7.981265	0.0	886255	3287	0.8500000000000001
1527466248.04	1850	9.313546	0.0	973972	2360	1.85
1527466250.12	1850	11.263459	0.0	958994	1683	1.85
1527466252.57	1850	12.748319	0.0	982064	2105	1.85
1527466255.77	2850	13.524607	0.0	1231456	2879	1.85
1527466260.56	4300	12.726338	0.0	2155012	4428	2.8499999999999996
1527466265.19	4300	9.821742	0.0	1433658	4321	4.3

1527466269.06	750	4	1.719	668286	1556	-7.3917
1527466271.32	1850	5.981956	0.0	957685	1841	0.75
1527466275.54	2850	5.757338	0.0	1300868	3707	1.85
1527466280.23	2850	5.042648	0.0	1520281	4362	2.85
1527466283.24	1850	6.046977	0.0	996749	2679	0.8500000000000001
1527466286.26	1850	7.05487	0.0	801058	2655	1.85
1527466289.16	1850	8.170459	0.0	905515	2466	1.85
1527466293.8	1850	7.573011	0.0	1060487	4133	1.85
1527466297.19	1850	8.114955	0.0	852833	2986	1.85
1527466301.61	1850	7.824053	0.0	913888	3921	1.85
1527466304.33	1850	9.070775	0.0	939819	2265	1.85
1527466308.1	1850	9.401657	0.0	917428	3060	1.85
1527466314.29	1850	7.305451	0.0	946851	5067	1.85
1527466316.89	1850	8.329665	0.0	1036454	2283	1.85
1527466322.87	1850	6.583359	0.0	821631	5423	1.85
1527466324.78	300	8.498055	0.0	138313	547	-1.25
1527466325.42	300	11.903881	0.0	143509	287	0.3
1527466327.54	300	13.745566	0.0	150616	904	0.3
1527466328.62	300	16.84558	0.0	165384	549	0.3
1527466329.96	300	19.348282	0.0	140881	621	0.3
1527466332.21	1850	21.082801	0.0	891604	1912	0.30000000000000004
1527466335.73	1850	21.619689	0.0	955231	3122	1.85
1527466338.35	1850	22.942281	0.0	968026	2319	1.85
1527466346.6	2850	18.725976	0.0	1323990	7901	1.85
1527466350.35	1850	19.128313	0.0	897976	3059	0.8500000000000001
1527466354.29	1850	18.946301	0.0	905935	3064	1.85
1527466360.57	1850	16.715819	0.0	1076599	5236	1.85
1527466363.03	1850	18.253573	0.0	758197	2092	1.85
1527466365.79	1850	19.488321	0.0	972798	2448	1.85
1527466369.3	2850	20.139844	0.0	1561263	2947	1.85
1527466372.35	2850	20.936025	0.0	1341201	2701	2.85
