1527461735.02	750	4	4.801	2354772	4637	-20.644299999999998
1527461738.57	2850	4.680924	0.0	1431809	2497	0.75
1527461740.87	2850	6.404025	0.0	1300868	1964	2.85
1527461743.95	4300	7.328779	0.0	2160877	2762	2.8499999999999996
1527461747.26	4300	8.015308	0.0	2233056	3016	4.3
1527461749.87	4300	9.398957	0.0	1941625	2312	4.3
1527461754.02	4300	9.262202	0.0	2157535	3860	4.3
1527461757.81	4300	9.568316	0.0	2290172	3356	4.3
1527461762.3	4300	8.999379	0.0	2055469	4072	4.3
1527461764.89	4300	10.414812	0.0	2169201	2234	4.3
1527461767.33	4300	11.953242	0.0	2173522	2125	4.3
1527461770.09	4300	13.20517	0.0	2102452	2430	4.3
1527461772.51	4300	14.770067	0.0	2209463	2075	4.3
1527461775.37	4300	15.902349	0.0	2275376	2578	4.3
1527461777.19	4300	18.082122	0.0	2005399	1513	4.3
1527461780.71	4300	18.584248	0.0	2152483	3185	4.3
1527461784.07	4300	19.221843	0.0	2289689	3042	4.3
1527461787.24	4300	20.051054	0.0	2059512	2851	4.3
1527461790.4	4300	20.874576	0.0	2220726	2863	4.3
1527461793.31	4300	22.039866	0.0	2156729	2490	4.3
1527461796.58	4300	22.688938	0.0	2039773	2963	4.3
1527461800.19	4300	23.099652	0.0	2176469	3293	4.3
1527461803.37	4300	23.912973	0.0	2221506	2845	4.3
1527461807.07	4300	24.209926	0.0	2044075	3361	4.3
1527461813.89	4300	21.410338	0.0	2186790	6484	4.3
1527461823.99	4300	15.29001	0.0	2105231	9565	4.3
1527461828.04	2850	15.285889	0.0	1547572	3584	1.4000000000000001
1527461831.44	1850	15.85817	0.0	758197	2949	0.8500000000000001
1527461833.7	1850	17.596715	0.0	972798	1915	1.85
1527461836.43	1850	18.928158	0.0	975811	2333	1.85
1527461837.95	1850	21.346272	0.0	873429	1173	1.85
1527461840.46	1850	22.841587	0.0	954453	2184	1.85
1527461843.99	2850	23.300255	0.0	1358081	3155	1.85
1527461849.77	4300	21.581573	0.0	2286761	5348	2.8499999999999996
1527461855.84	4300	19.444056	0.0	2307787	5664	4.3
1527461861.14	4300	18.198692	0.0	2143948	4925	4.3
1527461864.29	4300	18.988345	0.0	1919781	2756	4.3
1527461866.43	4300	20.837813	0.0	2147467	1834	4.3
1527461869.33	4300	21.942843	0.0	2133870	2577	4.3
1527461871.2	4300	24.071806	0.0	2146120	1576	4.3
1527461874.41	4300	24.91861	0.0	2108491	2848	4.3
1527461876.89	4300	26.465817	0.0	2184571	2091	4.3
1527461881.22	4300	26.068738	0.0	2121928	4000	4.3
1527461884.91	4300	26.376031	0.0	2219102	3374	4.3
1527461887.71	4300	27.554266	0.0	2124950	2515	4.3
1527461891.61	4300	27.704076	0.0	2246506	3566	4.3
1527461896.89	4300	26.388972	0.0	1961140	4903	4.3
1527461902.5	4300	24.79443	0.0	2155012	5137	4.3
1527461905.98	4300	23.192622	0.0	1433658	2966	4.3

1527461911.49	750	4	3.787	668286	3435	-16.2841
1527461912.34	300	7.513303	0.0	155580	435	-0.15000000000000002
1527461913.23	300	10.770955	0.0	139857	495	0.3
1527461914.09	300	13.950283	0.0	155432	366	0.3
1527461914.82	300	17.124721	0.0	163442	380	0.3
1527461915.61	300	20.350971	0.0	126289	409	0.3
1527461919.29	1850	20.640065	0.0	905515	3216	0.30000000000000004
1527461922.08	1850	21.857066	0.0	1060487	2461	1.85
1527461929.13	4300	18.968095	0.0	2055469	6394	1.8499999999999996
1527461937.48	4300	14.452327	0.0	2169201	7327	4.3
1527461943.7	4300	12.213454	0.0	2173522	5902	4.3
1527461947.17	2850	12.743763	0.0	1519951	3001	1.4000000000000001
1527461949.91	2850	14.001358	0.0	1422919	2450	2.85
1527461953.24	2850	14.704379	0.0	1578343	2973	2.85
1527461956.16	2850	15.761476	0.0	1231445	2596	2.85
1527461961.01	4300	14.892379	0.0	2152483	4523	2.8499999999999996
1527461964.46	4300	15.467838	0.0	2289689	3117	4.3
1527461968.5	4300	15.40718	0.0	2059512	3753	4.3
1527461973.47	4300	14.694153	0.0	2220726	4661	4.3
1527461978.84	4300	13.367458	0.0	2156729	4968	4.3
1527461984.45	4300	11.715474	0.0	2039773	5222	4.3
1527461989.6	4300	10.57875	0.0	2176469	4836	4.3
1527461997.22	4300	6.973797	0.0	2221506	7270	4.3
1527462002.59	2850	5.608918	0.0	1323990	4942	1.4000000000000001
1527462006.63	1850	5.563876	0.0	897976	3633	0.8500000000000001
1527462011.43	1850	4.745897	0.0	905935	4473	1.85
1527462012.32	300	7.851152	0.0	181901	588	-1.25
1527462013.06	300	11.098545	0.0	111155	437	0.3
1527462014.75	1200	13.405671	0.0	622896	1394	0.29999999999999993
1527462017.59	1850	14.571967	0.0	975811	2559	1.2000000000000002
1527462019.76	1850	16.402951	0.0	873429	1906	1.85
1527462023.24	2850	16.919255	0.0	1497683	3148	1.85
