1527466421.41	750	3.248818	6.678	1728879	5923	-28.7154
1527466426.35	1850	6.237767	0.0	957685	2853	0.75
1527466430.42	1850	10.237767	0.0	877771	3521	1.85
1527466435.38	1850	14.237767	0.0	933276	4030	1.85
1527466439.38	1850	18.237767	0.0	996749	3053	1.85
1527466441.32	1850	22.237767	0.0	801058	1575	1.85
1527466444.4	1850	26.237767	0.0	905515	1902	1.85
1527466448.39	1850	30.237767	0.0	1060487	2834	1.85
1527466453.38	1850	34.237767	0.0	852833	1766	1.85
1527466475.38	2850	34.237767	0.0	852833	1766	1.85
1527466498.54	2850	38.237767	0.0	1429765	3137	2.85
1527466539.51	2850	42.237767	0.0	1354548	2972	2.85
1527466577.46	2850	46.237767	0.0	1519951	2762	2.85
1527466609.57	2850	50.237767	0.0	1422919	2284	2.85
1527466692.45	2850	54.237767	0.0	1578343	2514	2.85
1527466702.91	2850	58.237767	0.0	1231445	2307	2.85
1527466706.94	750	4	-4.029	1728879	2518	15.9747
1527466715.15	4300	4.494297	4.246	2123065	7520	-17.5078
1527466715.6	2850	3.733425	0.0	2123065	7520	1.4000000000000001
1527466718.17	2850	5.318483	0.0	1300868	1955	2.85
1527466722.46	2850	7.125398	0.0	1520281	2914	2.85
1527466752.49	2850	11.125398	0.0	1472558	3378	2.85
1527466786.41	2850	15.125398	0.0	1224260	2876	2.85
1527466812.48	2850	19.125398	0.0	1388403	5274	2.85
1527466847.5	2850	23.125398	0.0	1638769	1557	2.85
