1527467035.34	750	4	5.928	1728879	5729	-25.490399999999998
1527467037.7	750	6.066887	0.0	398865	1617	0.75
1527467039.71	750	7.746202	0.0	350812	1243	0.75
1527467041.16	750	10.368535	0.0	382355	1071	0.75
1527467044.15	750	11.727927	0.0	411561	2063	0.75
1527467044.91	750	14.546619	0.0	318564	473	0.75
1527467046.87	1850	16.679842	0.0	905515	1432	0.75
1527467048.96	1850	18.706469	0.0	1060487	1665	1.85
1527467051.32	1850	20.19421	0.0	852833	1905	1.85
1527467052.72	1850	22.87685	0.0	913888	1075	1.85
1527467053.78	1850	25.780039	0.0	939819	700	1.85
1527467059.51	4300	24.260426	0.0	2102452	4784	1.8499999999999996
1527467066.26	4300	21.209215	0.0	2209463	5613	4.3
1527467069.55	4300	22.054007	0.0	2275376	2711	4.3
1527467074.05	4300	21.490616	0.0	2005399	4188	4.3
1527467080.47	4300	19.066449	0.0	2152483	6088	4.3
1527467089.46	4300	14.341597	0.0	2289689	8360	4.3
1527467095.15	1850	12.601156	0.0	885714	4926	-0.6000000000000001
1527467097.68	1850	13.781275	0.0	987708	2266	1.85
1527467100.48	1850	15.067889	0.0	923755	2498	1.85
1527467103.53	1850	16.047777	0.0	891604	2653	1.85
1527467105.56	1850	17.963885	0.0	955231	1704	1.85
1527467108.34	1850	19.338948	0.0	968026	2302	1.85
1527467114.51	1850	17.067128	0.0	874175	4413	1.85
1527467116.79	1850	18.913337	0.0	897976	1769	1.85
1527467118.67	1850	20.906803	0.0	905935	1414	1.85
1527467122.98	1850	20.546307	0.0	1076599	3911	1.85
1527467126.28	1850	21.292304	0.0	758197	2967	1.85
1527467129.46	1850	22.336178	0.0	972798	2548	1.85
1527467132.02	1850	23.490407	0.0	975811	2302	1.85
1527467133.64	1850	25.872038	0.0	873429	1273	1.85
1527467135.26	1850	28.359092	0.0	954453	1247	1.85
1527467140.2	4300	27.367284	0.0	2191074	4601	1.8499999999999996
1527467144.99	4300	26.61406	0.0	2286761	4412	4.3
1527467152.27	4300	23.561708	0.0	2307787	6674	4.3
1527467157.99	4300	21.502212	0.0	2143948	5062	4.3
1527467161.73	4300	21.815247	0.0	1919781	3402	4.3
1527467166.36	4300	21.273279	0.0	2147467	4228	4.3
1527467170.94	4300	20.697341	0.0	2133870	4013	4.3
1527467175.88	4300	19.650036	0.0	2146120	4538	4.3
1527467179.09	4300	20.41719	0.0	2108491	2908	4.3
1527467181.99	4300	21.563137	0.0	2184571	2605	4.3
1527467184.81	4300	22.698849	0.0	2121928	2584	4.3
1527467192.31	4300	20.033253	0.0	2219102	6409	4.3
1527467196.61	4300	18.863593	0.0	2124950	4014	4.3
1527467203.32	4300	16.185993	0.0	2246506	6360	4.3
1527467206.72	4300	16.805694	0.0	1961140	2939	4.3
1527467210.6	4300	16.957136	0.0	2155012	3517	4.3
1527467214.23	4300	14.96966	0.0	1433658	3371	4.3

1527467216.84	750	4	1.36	668286	1239	-5.848
1527467218.49	1850	6.556093	0.0	957685	1242	0.75
1527467221.18	1850	8.054587	0.0	877771	2249	1.85
1527467224.61	1850	8.465166	0.0	933276	2486	1.85
1527467227.38	1850	9.662855	0.0	996749	2456	1.85
1527467230.28	1850	10.769883	0.0	801058	2649	1.85
1527467232.57	1850	12.497401	0.0	905515	2006	1.85
1527467234.84	1850	14.212804	0.0	1060487	1858	1.85
1527467240.54	1850	13.239305	0.0	852833	4518	1.85
1527467244.84	1850	12.147042	0.0	913888	2830	1.85
1527467247.85	1850	13.200728	0.0	939819	2461	1.85
1527467250.17	1850	15.167951	0.0	917428	1786	1.85
1527467253.02	1850	16.028405	0.0	946851	2158	1.85
1527467255.56	1850	17.492002	0.0	1036454	2257	1.85
1527467260.28	1850	16.873779	0.0	821631	4016	1.85
1527467262.03	1850	19.179222	0.0	923170	1216	1.85
1527467264.45	1850	20.595853	0.0	966699	1756	1.85
1527467266.66	1850	22.474234	0.0	885714	1851	1.85
1527467269.3	1850	23.984362	0.0	987708	1945	1.85
1527467271.33	1850	25.636171	0.0	923755	1356	1.85
1527467272.99	1850	28.074496	0.0	891604	1305	1.85
1527467282.01	4300	23.136329	0.0	2176469	8541	1.8499999999999996
1527467285.85	4300	23.190315	0.0	2221506	3503	4.3
1527467289.24	4300	23.978745	0.0	2044075	2953	4.3
1527467292.27	4300	24.78475	0.0	2186790	2540	4.3
1527467297.66	4300	23.487026	0.0	2105231	5014	4.3
1527467306.31	4300	18.773645	0.0	2395588	8133	4.3
1527467313.35	4300	15.684966	0.0	1972048	6714	4.3
1527467321.08	4300	12.168512	0.0	2134614	7215	4.3
1527467327.96	4300	9.04799	0.0	2164140	5969	4.3
1527467329.91	1850	11.137557	0.0	873429	1667	-0.6000000000000001
1527467331.58	1850	13.459391	0.0	954453	1421	1.85
1527467332.76	1850	16.298256	0.0	885062	909	1.85
1527467333.94	1850	19.11273	0.0	1035329	919	1.85
1527467336.7	4300	20.321611	0.0	2307787	2523	1.8499999999999996
