1527458380.37	750	4	1.152	2354772	1043	-4.9536
1527458381.06	1850	7.476789	0.0	957685	339	0.75
1527458381.7	1850	10.843295	0.0	877771	407	1.85
1527458382.77	4300	13.779712	0.0	2160877	819	1.8499999999999996
1527458383.82	4300	16.729615	0.0	2233056	802	4.3
1527458384.78	4300	19.749184	0.0	1941625	731	4.3
1527458385.75	4300	22.787095	0.0	2157535	733	4.3
1527458386.78	4300	25.763614	0.0	2290172	776	4.3
1527458387.67	4300	28.866434	0.0	2055469	657	4.3
1527458388.74	4300	31.792859	0.0	2169201	798	4.3
1527458389.74	4300	34.791271	0.0	2173522	784	4.3
1527458390.84	4300	37.703943	0.0	2102452	862	4.3
1527458392.06	4300	40.476308	0.0	2209463	974	4.3
1527458393.16	4300	43.403407	0.0	2275376	835	4.3
1527458394.33	4300	46.193345	0.0	2005399	957	4.3
1527458395.44	4300	49.104142	0.0	2152483	832	4.3
1527458396.7	4300	51.849889	0.0	2289689	991	4.3
1527458398.06	4300	54.498858	0.0	2059512	1091	4.3
1527458399.09	4300	57.453696	0.0	2220726	779	4.3
1527458400.84	4300	59.99939	0.0	2156729	871	4.3
1527458404.88	4300	59.749549	0.0	2039773	746	4.3
1527458408.7	4300	59.998756	0.0	2176469	983	4.3
1527458412.98	4300	59.749275	0.0	2221506	957	4.3
1527458416.82	4300	59.999029	0.0	2044075	944	4.3
1527458420.8	4300	59.998624	0.0	2186790	1040	4.3
1527458425.08	4300	59.748127	0.0	2105231	942	4.3
1527458428.84	4300	59.749077	0.0	2395588	946	4.3
1527458432.81	4300	59.998624	0.0	1972048	1001	4.3
1527458436.54	4300	59.998748	0.0	2134614	1010	4.3
1527458441.05	4300	59.748269	0.0	2164140	1210	4.3
1527458444.72	4300	59.997782	0.0	2113193	922	4.3
1527458449.08	4300	59.748713	0.0	2147852	992	4.3
1527458452.92	4300	59.749684	0.0	2191074	1011	4.3
1527458457.03	4300	59.747732	0.0	2286761	831	4.3
1527458461.37	4300	59.499225	0.0	2307787	889	4.3
1527458465.05	4300	59.747877	0.0	2143948	896	4.3
1527458469.21	4300	59.747806	0.0	1919781	682	4.3
1527458472.85	4300	59.748866	0.0	2147467	1241	4.3
1527458476.95	4300	59.747896	0.0	2133870	790	4.3
1527458480.81	4300	59.99815	0.0	2146120	948	4.3
1527458484.86	4300	59.998053	0.0	2108491	1053	4.3
1527458488.58	4300	59.999404	0.0	2184571	974	4.3
1527458492.94	4300	59.747811	0.0	2121928	1036	4.3
1527458496.88	4300	59.749543	0.0	2219102	1113	4.3
1527458500.77	4300	59.99779	0.0	2124950	1020	4.3
1527458505.18	4300	59.7495	0.0	2246506	978	4.3
1527458508.74	4300	59.998878	0.0	1961140	813	4.3
1527458513.09	4300	59.749597	0.0	2155012	918	4.3
1527458514.53	4300	59.928216	0.0	1433658	657	4.3

1527458516.42	750	4	0.504	668286	346	-2.1672
1527458517.54	4300	7.028034	0.0	2123065	771	0.75
1527458518.72	4300	9.838693	0.0	2177073	938	4.3
1527458519.92	4300	12.642989	0.0	2160877	960	4.3
1527458521.05	4300	15.521106	0.0	2233056	860	4.3
1527458522.06	4300	18.5146	0.0	1941625	772	4.3
1527458523.19	4300	21.395626	0.0	2157535	871	4.3
1527458524.5	4300	24.115058	0.0	2290172	1002	4.3
1527458525.64	4300	26.941711	0.0	2055469	883	4.3
1527458526.82	4300	29.749829	0.0	2169201	931	4.3
1527458527.97	4300	32.605543	0.0	2173522	901	4.3
1527458529.02	4300	35.558204	0.0	2102452	798	4.3
1527458530.2	4300	38.384667	0.0	2209463	917	4.3
1527458531.34	4300	41.221601	0.0	2275376	904	4.3
1527458532.56	4300	44.019851	0.0	2005399	945	4.3
1527458533.84	4300	46.749385	0.0	2152483	1013	4.3
1527458535.3	4300	49.433953	0.0	2289689	1069	4.3
1527458537.42	4300	51.185115	0.0	2059512	1878	4.3
1527458538.48	4300	54.114108	0.0	2220726	832	4.3
1527458539.62	4300	56.995853	0.0	2156729	877	4.3
1527458541.0	4300	59.611432	0.0	2039773	1132	4.3
1527458544.77	4300	59.990451	0.0	2176469	1003	4.3
1527458549.17	4300	59.740691	0.0	2221506	1059	4.3
1527458552.9	4300	59.989521	0.0	2044075	776	4.3
1527458557.01	4300	59.740703	0.0	2186790	849	4.3
1527458560.89	4300	59.989483	0.0	2105231	960	4.3
1527458564.77	4300	59.98977	0.0	2395588	1016	4.3
1527458568.92	4300	59.989997	0.0	1972048	768	4.3
1527458573.09	4300	59.740467	0.0	2134614	780	4.3
1527458576.89	4300	59.989927	0.0	2164140	829	4.3
1527458580.93	4300	59.740725	0.0	2113193	815	4.3
1527458584.76	4300	59.988958	0.0	2147852	944	4.3
1527458589.04	4300	59.7392	0.0	2191074	1005	4.3
1527458592.77	4300	59.990591	0.0	2286761	978	4.3
1527458596.7	4300	59.990569	0.0	2307787	1118	4.3
1527458600.93	4300	59.740461	0.0	2143948	897	4.3
1527458605.16	4300	59.739025	0.0	1919781	924	4.3
1527458608.95	4300	59.87595	0.0	2147467	1003	4.3
1527458613.25	4300	59.596173	0.0	2133870	976	4.3
1527458617.1	4300	59.846585	0.0	2146120	979	4.3
1527458621.43	4300	59.595783	0.0	2108491	1024	4.3
1527458625.19	4300	59.846879	0.0	2184571	872	4.3
1527458629.4	4300	59.595584	0.0	2121928	788	4.3
1527458633.28	4300	59.59546	0.0	2219102	1011	4.3
1527458637.38	4300	59.596284	0.0	2124950	823	4.3
1527458641.17	4300	59.846172	0.0	2246506	875	4.3
