1527461200.31	750	3.748852	1.317	450283	319	-5.663099999999999
1527461202.38	1850	6.480744	0.0	957685	660	0.75
1527461204.38	1850	10.480744	0.0	877771	736	1.85
1527461206.3	1850	14.480744	0.0	933276	693	1.85
1527461208.41	1850	18.480744	0.0	996749	761	1.85
1527461212.34	4300	22.480744	0.0	1941625	1989	1.8499999999999996
1527461215.38	4300	26.480744	0.0	2157535	2126	4.3
1527461218.36	4300	30.480744	0.0	2290172	2154	4.3
1527461220.34	4300	34.480744	0.0	2055469	1177	4.3
1527461222.39	4300	38.480744	0.0	2169201	1005	4.3
1527461224.39	4300	42.480744	0.0	2173522	1402	4.3
1527461226.37	4300	46.480744	0.0	2102452	1110	4.3
1527461228.36	4300	50.480744	0.0	2209463	1174	4.3
1527461230.38	4300	54.480744	0.0	2275376	1334	4.3
1527461232.38	4300	58.480744	0.0	2005399	850	4.3
1527461384.94	4300	59.561178	0.0	2152483	1380	4.3
1527461393.09	4300	55.260085	0.0	2289689	7443	4.3
1527461399.43	4300	52.73129	0.0	2059512	5932	4.3
1527461407.51	4300	48.686929	0.0	2220726	7736	4.3
1527461414.71	4300	45.458174	0.0	2156729	6844	4.3
1527461420.82	4300	43.402112	0.0	2039773	5716	4.3
1527461426.95	4300	41.455815	0.0	2176469	5724	4.3
1527461433.73	4300	38.837446	0.0	2221506	6319	4.3
1527461442.61	750	4	-0.121	450283	1009	-2.2797
1527461444.75	750	6.263832	0.0	398865	1467	0.75
1527461446.68	750	8.204791	0.0	350812	1572	0.75
1527461448.06	750	10.779937	0.0	382355	1097	0.75
1527461450.39	1850	12.472925	0.0	996749	1911	0.75
1527461452.69	1850	14.188416	0.0	801058	1957	1.85
1527461455.65	1850	15.186519	0.0	905515	2697	1.85
1527461458.78	1850	16.11153	0.0	1060487	2773	1.85
1527461461.13	1850	17.711492	0.0	852833	2095	1.85
1527461463.73	1850	19.134377	0.0	913888	2275	1.85
1527461466.09	1850	20.747196	0.0	939819	2064	1.85
1527461468.56	1850	22.300284	0.0	917428	2162	1.85
1527461470.89	1850	24.011785	0.0	946851	1988	1.85
1527461473.42	1850	25.440447	0.0	1036454	2212	1.85
1527461476.52	1850	26.466382	0.0	821631	2680	1.85
1527461479.31	1850	27.583238	0.0	923170	2429	1.85
1527461481.75	1850	29.120154	0.0	966699	2103	1.85
1527461484.21	1850	30.644241	0.0	885714	2160	1.85
1527461485.82	1850	33.031758	0.0	987708	1320	1.85
1527461489.86	4300	33.199072	0.0	2156729	3522	1.8499999999999996
1527461499.03	4300	27.993902	0.0	2039773	8690	4.3
1527461505.83	4300	25.295482	0.0	2176469	6348	4.3
1527461510.17	4300	24.851875	0.0	2221506	3970	4.3
1527461513.67	4300	25.341122	0.0	2044075	3189	4.3
1527461516.19	4300	26.813151	0.0	2186790	2231	4.3
1527461518.98	4300	28.036767	0.0	2105231	2473	4.3
1527461523.2	4300	27.83137	0.0	2395588	3929	4.3
1527461526.82	4300	28.17358	0.0	1972048	3299	4.3
1527461531.86	4300	27.201372	0.0	2134614	4709	4.3
1527461535.72	4300	27.299272	0.0	2164140	3568	4.3
1527461538.84	4300	28.16307	0.0	2113193	2832	4.3
1527461541.76	4300	29.226883	0.0	2147852	2664	4.3
