1527457749.99	750	4	1.213	2354772	1073	-5.2158999999999995
1527457750.96	4300	7.272611	0.0	2123065	698	0.75
1527457752.05	4300	10.168503	0.0	2177073	839	4.3
1527457753.24	4300	12.979982	0.0	2160877	954	4.3
1527457754.61	4300	15.605086	0.0	2233056	1110	4.3
1527457755.74	4300	18.483006	0.0	1941625	900	4.3
1527457756.96	4300	21.258505	0.0	2157535	981	4.3
1527457758.12	4300	24.100586	0.0	2290172	915	4.3
1527457759.16	4300	27.05827	0.0	2055469	801	4.3
1527457760.37	4300	29.844044	0.0	2169201	926	4.3
1527457761.48	4300	32.738024	0.0	2173522	847	4.3
1527457762.47	4300	35.750842	0.0	2102452	750	4.3
1527457763.57	4300	38.643046	0.0	2209463	863	4.3
1527457764.6	4300	41.618396	0.0	2275376	801	4.3
1527457765.55	4300	44.667376	0.0	2005399	712	4.3
1527457766.55	4300	47.6669	0.0	2152483	760	4.3
1527457767.74	4300	50.470374	0.0	2289689	965	4.3
1527457768.66	4300	53.566262	0.0	2059512	660	4.3
1527457769.67	4300	56.542677	0.0	2220726	758	4.3
1527457770.67	4300	59.565479	0.0	2156729	749	4.3
1527457774.74	4300	59.748286	0.0	2039773	722	4.3
1527457778.44	4300	59.997876	0.0	2176469	918	4.3
1527457782.76	4300	59.749603	0.0	2221506	917	4.3
1527457786.64	4300	59.748179	0.0	2044075	1028	4.3
1527457790.28	4300	59.999481	0.0	2186790	879	4.3
1527457794.4	4300	59.998446	0.0	2105231	844	4.3
1527457798.74	4300	59.749517	0.0	2395588	1007	4.3
1527457802.75	4300	59.749608	0.0	1972048	700	4.3
1527457806.45	4300	59.997705	0.0	2134614	879	4.3
1527457810.76	4300	59.749116	0.0	2164140	907	4.3
1527457814.51	4300	59.999323	0.0	2113193	933	4.3
1527457818.72	4300	59.848072	0.0	2147852	872	4.3
1527457822.53	4300	59.847932	0.0	2191074	1012	4.3
1527457826.77	4300	59.597816	0.0	2286761	975	4.3
1527457830.48	4300	59.847953	0.0	2307787	939	4.3
1527457834.72	4300	59.84741	0.0	2143948	879	4.3
1527457838.86	4300	59.5984	0.0	1919781	810	4.3
1527457842.49	4300	59.848626	0.0	2147467	889	4.3
1527457846.68	4300	59.84824	0.0	2133870	837	4.3
1527457850.87	4300	59.598526	0.0	2146120	821	4.3
1527457854.56	4300	59.848228	0.0	2108491	896	4.3
1527457858.81	4300	59.598299	0.0	2184571	928	4.3
1527457862.97	4300	59.598744	0.0	2121928	783	4.3
1527457866.9	4300	59.597821	0.0	2219102	1059	4.3
1527457870.84	4300	59.597861	0.0	2124950	951	4.3
1527457874.53	4300	59.847078	0.0	2246506	891	4.3
1527457878.62	4300	59.848189	0.0	1961140	835	4.3
1527457882.72	4300	59.848126	0.0	2155012	789	4.3
1527457884.57	4300	59.528136	0.0	1433658	544	4.3

1527457886.62	750	4	0.987	2354772	867	-4.2440999999999995
1527457887.73	4300	7.054024	0.0	2123065	857	0.75
1527457888.92	4300	9.870144	0.0	2177073	932	4.3
1527457889.94	4300	12.834017	0.0	2160877	787	4.3
1527457891.13	4300	15.650079	0.0	2233056	937	4.3
1527457892.25	4300	18.525334	0.0	1941625	876	4.3
1527457893.25	4300	21.514803	0.0	2157535	774	4.3
1527457894.34	4300	24.428913	0.0	2290172	851	4.3
1527457895.32	4300	27.448041	0.0	2055469	730	4.3
1527457896.39	4300	30.417072	0.0	2169201	773	4.3
1527457897.33	4300	33.439837	0.0	2173522	695	4.3
1527457898.48	4300	36.320577	0.0	2102452	876	4.3
1527457911.26	4300	59.722867	0.0	601738	282	4.3
1527457911.41	4300	59.371788	0.0	601738	282	4.3
1527457915.36	4300	59.722463	0.0	2176469	1031	4.3
1527457919.36	4300	59.724106	0.0	2221506	1063	4.3
1527457923.04	4300	59.974266	0.0	2044075	751	4.3
1527457927.04	4300	59.973934	0.0	2186790	1057	4.3
1527457931.47	4300	59.724121	0.0	2105231	975	4.3
1527457935.22	4300	59.723572	0.0	2395588	1012	4.3
1527457939.05	4300	59.972523	0.0	1972048	1002	4.3
1527457943.16	4300	59.72248	0.0	2134614	810	4.3
1527457947.11	4300	59.972441	0.0	2164140	991	4.3
1527457951.15	4300	59.722646	0.0	2113193	787	4.3
1527457955.1	4300	59.973084	0.0	2147852	964	4.3
1527457959.19	4300	59.722609	0.0	2191074	1241	4.3
1527457963.1	4300	59.973491	0.0	2286761	962	4.3
1527457967.02	4300	59.97398	0.0	2307787	1165	4.3
1527457970.96	4300	59.974091	0.0	2143948	949	4.3
1527457975.18	4300	59.724048	0.0	1919781	821	4.3
1527457978.93	4300	59.972266	0.0	2147467	976	4.3
1527457983.16	4300	59.973916	0.0	2133870	794	4.3
1527457987.26	4300	59.723967	0.0	2146120	834	4.3
1527457991.15	4300	59.974289	0.0	2108491	990	4.3
1527457995.45	4300	59.723549	0.0	2184571	832	4.3
1527457999.0	4300	59.972757	0.0	2121928	772	4.3
1527458003.42	4300	59.723827	0.0	2219102	922	4.3
1527458007.17	4300	59.724242	0.0	2124950	957	4.3
1527458010.82	4300	59.973371	0.0	2246506	867	4.3
1527458015.13	4300	59.974085	0.0	1961140	838	4.3
1527458019.31	4300	59.724114	0.0	2155012	910	4.3
1527458020.63	4300	59.904211	0.0	1433658	575	4.3
1527458127.69	750	4	0.245	2354772	1066	-3.8535
1527458128.66	4300	7.328005	0.0	2123065	750	0.75
1527458129.77	4300	10.268019	0.0	2177073	852	4.3
1527458130.87	4300	13.162087	0.0	2160877	843	4.3
1527458131.99	4300	16.02236	0.0	2233056	879	4.3
1527458132.95	4300	19.07615	0.0	1941625	685	4.3
1527458134.07	4300	21.957374	0.0	2157535	839	4.3
1527458135.37	4300	24.656529	0.0	2290172	1026	4.3
1527458136.49	4300	27.53506	0.0	2055469	858	4.3
1527458137.64	4300	30.393762	0.0	2169201	866	4.3
1527458138.81	4300	33.22069	0.0	2173522	911	4.3
1527458140.82	4300	35.265733	0.0	2102452	1645	4.3
1527458142.07	4300	37.966093	0.0	2209463	879	4.3
1527458143.12	4300	40.900105	0.0	2275376	826	4.3
1527458144.11	4300	43.986816	0.0	2005399	736	4.3
1527458145.11	4300	46.97303	0.0	2152483	749	4.3
1527458146.18	4300	49.919127	0.0	2289689	807	4.3
1527458147.21	4300	52.882447	0.0	2059512	791	4.3
1527458148.25	4300	55.84224	0.0	2220726	785	4.3
1527458149.31	4300	58.77442	0.0	2156729	804	4.3
1527458152.61	4300	59.822869	0.0	2039773	900	4.3
1527458156.42	4300	59.823858	0.0	2176469	1004	4.3
1527458160.6	4300	59.687854	0.0	2221506	861	4.3
