1527454354.92	750	4	0.866	2354772	767	-3.7237999999999998
1527454356.48	4300	6.631561	0.0	2123065	1289	0.75
1527454357.51	4300	9.623021	0.0	2177073	761	4.3
1527454358.37	4300	12.740689	0.0	2160877	590	4.3
1527454359.26	4300	15.876434	0.0	2233056	549	4.3
1527454360.02	4300	19.120501	0.0	1941625	476	4.3
1527454361.14	4300	21.96291	0.0	2157535	836	4.3
1527454363.11	4300	24.008901	0.0	2290172	1710	4.3
1527454363.96	4300	27.145445	0.0	2055469	594	4.3
1527454365.48	4300	29.618095	0.0	2169201	1282	4.3
1527454366.65	4300	32.46098	0.0	2173522	921	4.3
1527454368.1	4300	35.013863	0.0	2102452	1171	4.3
1527454369.3	4300	37.812212	0.0	2209463	948	4.3
1527454370.6	4300	40.51466	0.0	2275376	1040	4.3
1527454372.1	4300	43.026299	0.0	2005399	1239	4.3
1527454372.94	4300	46.166451	0.0	2152483	581	4.3
1527454374.24	4300	48.889777	0.0	2289689	996	4.3
1527454375.13	4300	51.976912	0.0	2059512	621	4.3
1527454375.94	4300	55.174308	0.0	2220726	536	4.3
1527454377.94	4300	57.175866	0.0	2156729	1726	4.3
1527454381.65	4300	57.708018	0.0	2039773	3370	4.3
1527454383.6	4300	59.748749	0.0	2176469	1615	4.3
1527454387.86	4300	59.545351	0.0	2221506	1404	4.3
1527454392.02	4300	59.546865	0.0	2044075	1294	4.3
1527454395.97	4300	59.545723	0.0	2186790	637	4.3
1527454400.02	4300	59.647457	0.0	2105231	613	4.3
1527454403.96	4300	59.648482	0.0	2395588	1285	4.3
1527454407.87	4300	59.647138	0.0	1972048	601	4.3
1527454411.49	4300	59.896702	0.0	2134614	1807	4.3
1527454415.93	4300	59.648863	0.0	2164140	1137	4.3
1527454419.62	4300	59.896299	0.0	2113193	1358	4.3
1527454423.76	4300	59.897064	0.0	2147852	711	4.3
1527454428.04	4300	59.647699	0.0	2191074	747	4.3
1527454431.82	4300	59.646976	0.0	2286761	786	4.3
1527454435.61	4300	59.897451	0.0	2307787	889	4.3
1527454439.61	4300	59.897225	0.0	2143948	690	4.3
1527454443.58	4300	59.898491	0.0	1919781	610	4.3
1527454447.7	4300	59.898101	0.0	2147467	657	4.3
1527454452.0	4300	59.647412	0.0	2133870	804	4.3
1527454455.8	4300	59.648762	0.0	2146120	906	4.3
1527454459.9	4300	59.897066	0.0	2108491	616	4.3
1527454463.95	4300	59.646895	0.0	2184571	707	4.3
1527454467.98	4300	59.647606	0.0	2121928	643	4.3
1527454471.71	4300	59.897808	0.0	2219102	913	4.3
1527454475.7	4300	59.897146	0.0	2124950	703	4.3
1527454479.75	4300	59.898572	0.0	2246506	662	4.3
1527454484.05	4300	59.646824	0.0	1961140	923	4.3
1527454487.63	4300	59.897835	0.0	2155012	655	4.3
1527454489.44	4300	59.828414	0.0	1433658	555	4.3

1527454490.9	750	4	0.38	668286	259	-1.634
1527454491.88	4300	7.215375	0.0	2123065	586	0.75
1527454492.72	4300	10.384754	0.0	2177073	548	4.3
1527454493.55	4300	13.538268	0.0	2160877	529	4.3
1527454494.54	4300	16.558189	0.0	2233056	695	4.3
1527454495.3	4300	19.801737	0.0	1941625	492	4.3
1527454496.13	4300	22.978613	0.0	2157535	531	4.3
1527454496.98	4300	26.111078	0.0	2290172	563	4.3
1527454497.77	4300	29.337548	0.0	2055469	496	4.3
1527454498.57	4300	32.523505	0.0	2169201	515	4.3
1527454499.43	4300	35.662977	0.0	2173522	557	4.3
1527454500.26	4300	38.830609	0.0	2102452	520	4.3
1527454501.09	4300	41.998124	0.0	2209463	544	4.3
1527454502.01	4300	45.125352	0.0	2275376	596	4.3
1527454502.81	4300	48.28881	0.0	2005399	503	4.3
1527454503.64	4300	51.458556	0.0	2152483	520	4.3
1527454504.57	4300	54.550784	0.0	2289689	619	4.3
1527454505.42	4300	57.681467	0.0	2059512	531	4.3
1527454507.54	4300	59.999187	0.0	2220726	576	4.3
1527454511.55	4300	59.749206	0.0	2156729	661	4.3
1527454515.28	4300	59.999072	0.0	2039773	681	4.3
1527454519.38	4300	59.99786	0.0	2176469	746	4.3
1527454523.14	4300	59.997994	0.0	2221506	938	4.3
1527454527.36	4300	59.99941	0.0	2044075	783	4.3
1527454531.59	4300	59.748436	0.0	2186790	819	4.3
1527454535.16	4300	59.997942	0.0	2105231	638	4.3
1527454539.86	4300	59.498787	0.0	2395588	716	4.3
1527454543.29	4300	59.998709	0.0	1972048	613	4.3
1527454547.55	4300	59.747764	0.0	2134614	744	4.3
1527454551.75	4300	59.748328	0.0	2164140	693	4.3
1527454555.37	4300	59.749659	0.0	2113193	792	4.3
1527454559.3	4300	59.998879	0.0	2147852	979	4.3
1527454563.15	4300	59.998724	0.0	2191074	1004	4.3
1527454567.34	4300	59.998475	0.0	2286761	863	4.3
1527454571.36	4300	59.998052	0.0	2307787	1415	4.3
1527454575.39	4300	59.999032	0.0	2143948	1159	4.3
1527454579.29	4300	59.999356	0.0	1919781	1459	4.3
1527454583.21	4300	59.999198	0.0	2147467	1615	4.3
1527454587.78	4300	59.748866	0.0	2133870	1077	4.3
1527454591.56	4300	59.748667	0.0	2146120	872	4.3
1527454595.6	4300	59.749645	0.0	2108491	1224	4.3
1527454599.19	4300	59.999209	0.0	2184571	1224	4.3
1527454732.03	750	4	0.111	450283	362	-3.2773
1527454733.54	4300	6.689278	0.0	2123065	1097	0.75
1527454735.12	4300	9.241755	0.0	2177073	1137	4.3
1527454738.08	4300	10.289086	0.0	2160877	2434	4.3
1527454739.67	4300	12.561416	0.0	2233056	1273	4.3
1527454741.32	4300	14.890303	0.0	1941625	1385	4.3
1527454742.6	4300	17.613654	0.0	2157535	963	4.3
1527454746.52	4300	17.763496	0.0	2290172	3560	4.3
1527454748.72	4300	19.521606	0.0	2055469	1881	4.3
1527454751.34	4300	20.914399	0.0	2169201	2058	4.3
1527454752.76	4300	23.476293	0.0	2173522	1104	4.3
1527454754.23	4300	25.986208	0.0	2102452	1156	4.3
1527454755.51	4300	28.70578	0.0	2209463	964	4.3
1527454757.87	4300	30.345323	0.0	2275376	2070	4.3
1527454760.44	4300	31.773335	0.0	2005399	2292	4.3
1527454763.59	4300	32.69826	0.0	2152483	2771	4.3
1527454765.79	4300	34.453204	0.0	2289689	1865	4.3
1527454768.31	4300	35.914912	0.0	2059512	2193	4.3
1527454769.84	4300	38.388414	0.0	2220726	1133	4.3
1527454771.42	4300	40.810423	0.0	2156729	1279	4.3
1527454773.18	4300	43.057255	0.0	2039773	1460	4.3
1527454775.23	4300	44.992574	0.0	2176469	1760	4.3
1527454777.59	4300	46.678818	0.0	2221506	1999	4.3
