1527465474.43	750	3.497819	7.086	1034108	5492	-30.4698
1527465476.43	300	6.238199	0.0	155580	383	-0.15000000000000002
1527465479.43	750	10.238199	0.0	350812	847	0.3
1527465483.39	1850	14.238199	0.0	933276	2247	0.75
1527465488.4	1850	18.238199	0.0	996749	4068	1.85
1527465490.35	1850	22.238199	0.0	801058	1285	1.85
1527465492.44	1850	26.238199	0.0	905515	1282	1.85
1527465495.31	1850	30.238199	0.0	1060487	2578	1.85
1527465498.3	1850	34.238199	0.0	852833	2299	1.85
1527465502.34	2850	38.238199	0.0	1429765	2583	1.85
1527465514.39	4300	42.238199	0.0	2173522	3346	2.8499999999999996
1527465535.87	4300	46.238199	0.0	2102452	3461	4.3
1527465637.49	4300	50.238199	0.0	2209463	4611	4.3
1527465681.39	4300	54.238199	0.0	2275376	5894	4.3
1527465707.01	4300	58.238199	0.0	2005399	4584	4.3
1527465836.33	750	4	5.361	2354772	4365	-25.8523
1527465855.31	1850	6.236464	0.0	957685	1606	0.75
1527465872.38	1850	10.236464	0.0	877771	2091	1.85
