1527465095.43	750	26.488022	4.036	153295	876	-17.3548
1527465099.61	2850	30.488022	0.0	1638769	2469	0.75
1527465105.27	2850	34.488022	0.0	1348011	3814	2.85
1527465118.37	2850	50.488022	0.0	386351	716	2.85
1527465121.52	1850	54.488022	0.0	1036454	1199	0.8500000000000001
1527465157.4	2850	54.488022	0.0	1036454	1199	1.85
1527465185.4	2850	58.488022	0.0	337059	1081	2.85
1527465218.32	2850	58.488022	0.0	337059	1081	2.85
1527465333.57	750	3.747685	4.676	1728879	8280	-21.4568
1527465336.32	1200	6.236469	0.0	611087	1714	0.75
1527465340.34	1850	10.236469	0.0	877771	2657	1.2000000000000002
1527465342.34	1850	14.236469	0.0	933276	1594	1.85
1527465362.47	1850	18.236469	0.0	996749	2271	1.85
1527465398.0	1850	22.236469	0.0	801058	4207	1.85
