1527458776.49	750	4	1.127	2354772	1002	-4.8461
1527458777.62	4300	7.055918	0.0	2123065	852	0.75
1527458778.81	4300	9.885092	0.0	2177073	891	4.3
1527458780.1	4300	12.574785	0.0	2160877	991	4.3
1527458781.27	4300	15.417658	0.0	2233056	842	4.3
1527458782.22	4300	18.455817	0.0	1941625	658	4.3
1527458783.37	4300	21.316978	0.0	2157535	859	4.3
1527458784.55	4300	24.127688	0.0	2290172	848	4.3
1527458785.63	4300	27.054926	0.0	2055469	784	4.3
1527458786.98	4300	29.71479	0.0	2169201	1037	4.3
1527458788.23	4300	32.457625	0.0	2173522	960	4.3
1527458789.37	4300	35.311606	0.0	2102452	826	4.3
1527458790.57	4300	38.119625	0.0	2209463	900	4.3
1527458791.85	4300	40.838656	0.0	2275376	992	4.3
1527458792.9	4300	43.784445	0.0	2005399	752	4.3
1527458794.07	4300	46.607513	0.0	2152483	889	4.3
1527458795.43	4300	49.251022	0.0	2289689	1057	4.3
1527458796.59	4300	52.091347	0.0	2059512	855	4.3
1527458797.7	4300	54.98665	0.0	2220726	805	4.3
1527458798.85	4300	57.823515	0.0	2156729	872	4.3
1527458801.11	4300	59.749038	0.0	2039773	826	4.3
1527458804.9	4300	59.998188	0.0	2176469	926	4.3
1527458809.31	4300	59.749143	0.0	2221506	916	4.3
1527458813.03	4300	59.748515	0.0	2044075	868	4.3
1527458817.31	4300	59.749235	0.0	2186790	795	4.3
1527458821.0	4300	59.747626	0.0	2105231	823	4.3
1527458825.03	4300	59.747657	0.0	2395588	1171	4.3
1527458829.21	4300	59.74936	0.0	1972048	822	4.3
1527458833.07	4300	59.748702	0.0	2134614	942	4.3
1527458836.95	4300	59.998113	0.0	2164140	892	4.3
1527458840.84	4300	59.998014	0.0	2113193	982	4.3
1527458845.18	4300	59.749189	0.0	2147852	826	4.3
1527458848.89	4300	59.748959	0.0	2191074	944	4.3
1527458852.82	4300	59.999387	0.0	2286761	1290	4.3
1527458857.23	4300	59.749031	0.0	2307787	926	4.3
1527458861.13	4300	59.747889	0.0	2143948	917	4.3
1527458864.83	4300	59.998792	0.0	1919781	867	4.3
1527458869.17	4300	59.748083	0.0	2147467	976	4.3
1527458873.11	4300	59.74936	0.0	2133870	965	4.3
1527458876.9	4300	59.998838	0.0	2146120	814	4.3
1527458881.3	4300	59.749436	0.0	2108491	964	4.3
1527458885.09	4300	59.749206	0.0	2184571	902	4.3
1527458889.06	4300	59.748724	0.0	2121928	1109	4.3
1527458892.83	4300	59.998283	0.0	2219102	941	4.3
1527458897.29	4300	59.747993	0.0	2124950	974	4.3
1527458901.15	4300	59.749218	0.0	2246506	904	4.3
1527458905.22	4300	59.615052	0.0	1961140	733	4.3
1527458909.55	4300	59.497691	0.0	2155012	914	4.3
1527458910.39	4300	59.975882	0.0	1433658	543	4.3

1527458912.21	750	4	0.453	668286	344	-1.9479
1527458913.38	4300	7.039535	0.0	2123065	768	0.75
1527458914.42	4300	9.989279	0.0	2177073	728	4.3
1527458915.54	4300	12.888794	0.0	2160877	815	4.3
1527458916.6	4300	15.812874	0.0	2233056	785	4.3
1527458917.72	4300	18.693709	0.0	1941625	821	4.3
1527458918.79	4300	21.616389	0.0	2157535	767	4.3
1527458919.89	4300	24.523533	0.0	2290172	793	4.3
1527458920.97	4300	27.446108	0.0	2055469	789	4.3
1527458922.04	4300	30.362865	0.0	2169201	783	4.3
1527458923.17	4300	33.238929	0.0	2173522	838	4.3
1527458924.37	4300	36.031794	0.0	2102452	903	4.3
1527458925.55	4300	38.848732	0.0	2209463	884	4.3
1527458926.81	4300	41.625972	0.0	2275376	925	4.3
1527458927.97	4300	44.429463	0.0	2005399	877	4.3
1527458929.11	4300	47.297948	0.0	2152483	855	4.3
1527458930.41	4300	50.017843	0.0	2289689	967	4.3
1527458931.5	4300	52.93071	0.0	2059512	785	4.3
1527458932.65	4300	55.763792	0.0	2220726	861	4.3
1527458933.75	4300	58.647283	0.0	2156729	829	4.3
1527458937.02	4300	59.749183	0.0	2039773	769	4.3
1527458940.44	4300	59.99933	0.0	2176469	1112	4.3
1527458944.79	4300	59.747913	0.0	2221506	900	4.3
1527458948.99	4300	59.498052	0.0	2044075	848	4.3
1527458952.6	4300	59.999173	0.0	2186790	785	4.3
1527458956.99	4300	59.747852	0.0	2105231	890	4.3
1527458960.84	4300	59.859603	0.0	2395588	999	4.3
1527458965.26	4300	59.608718	0.0	1972048	833	4.3
1527458968.91	4300	59.858908	0.0	2134614	793	4.3
1527458973.07	4300	59.608378	0.0	2164140	819	4.3
1527458976.94	4300	59.857899	0.0	2113193	921	4.3
1527458981.25	4300	59.609832	0.0	2147852	935	4.3
1527458984.97	4300	59.859851	0.0	2191074	844	4.3
1527458988.92	4300	59.858605	0.0	2286761	1010	4.3
1527458993.22	4300	59.609878	0.0	2307787	977	4.3
1527458997.14	4300	59.611654	0.0	2143948	2608	4.3
1527459001.21	4300	59.612943	0.0	1919781	1150	4.3
1527459004.99	4300	59.717498	0.0	2147467	906	4.3
1527459008.77	4300	59.968749	0.0	2133870	928	4.3
1527459013.22	4300	59.71772	0.0	2146120	918	4.3
1527459016.97	4300	59.717939	0.0	2108491	862	4.3
1527459020.86	4300	59.969042	0.0	2184571	955	4.3
1527459025.02	4300	59.719018	0.0	2121928	799	4.3
1527459028.74	4300	59.968845	0.0	2219102	856	4.3
1527459033.05	4300	59.718902	0.0	2124950	836	4.3
1527459036.91	4300	59.968199	0.0	2246506	1015	4.3
1527459040.84	4300	59.968512	0.0	1961140	1079	4.3
1527459045.23	4300	59.71732	0.0	2155012	907	4.3
1527459046.67	4300	59.898951	0.0	1433658	550	4.3

1527459048.34	750	4	0.502	668286	378	-2.1586
1527459049.41	4300	7.102027	0.0	2123065	719	0.75
1527459050.57	4300	9.954417	0.0	2177073	880	4.3
1527459051.67	4300	12.859348	0.0	2160877	805	4.3
1527459052.75	4300	15.767955	0.0	2233056	795	4.3
1527459053.78	4300	18.775019	0.0	1941625	712	4.3
1527459054.98	4300	21.539844	0.0	2157535	915	4.3
1527459056.18	4300	24.350073	0.0	2290172	879	4.3
1527459057.31	4300	27.231381	0.0	2055469	804	4.3
1527459058.38	4300	30.152535	0.0	2169201	773	4.3
1527459059.38	4300	33.152045	0.0	2173522	721	4.3
1527459060.33	4300	36.199365	0.0	2102452	659	4.3
1527459061.34	4300	39.182115	0.0	2209463	722	4.3
1527459062.53	4300	41.990888	0.0	2275376	902	4.3
1527459064.42	4300	44.100867	0.0	2005399	878	4.3
1527459065.49	4300	47.034378	0.0	2152483	786	4.3
1527459066.62	4300	49.961084	0.0	2289689	787	4.3
1527459067.67	4300	52.860119	0.0	2059512	750	4.3
1527459068.66	4300	55.862259	0.0	2220726	693	4.3
1527459069.61	4300	58.919015	0.0	2156729	639	4.3
1527459072.9	4300	59.997709	0.0	2039773	801	4.3
1527459077.04	4300	59.748626	0.0	2176469	762	4.3
1527459080.77	4300	59.998006	0.0	2221506	921	4.3
1527459085.07	4300	59.747626	0.0	2044075	842	4.3
1527459089.24	4300	59.716769	0.0	2186790	796	4.3
1527459093.05	4300	59.975606	0.0	2105231	2082	4.3
1527459096.97	4300	59.976471	0.0	2395588	1506	4.3
1527459100.94	4300	59.9766	0.0	1972048	1096	4.3
1527459105.08	4300	59.975694	0.0	2134614	1096	4.3
1527459108.9	4300	59.976436	0.0	2164140	986	4.3
1527459112.92	4300	59.977396	0.0	2113193	1068	4.3
1527459117.22	4300	59.726024	0.0	2147852	946	4.3
1527459120.95	4300	59.976274	0.0	2191074	868	4.3
1527459125.4	4300	59.725676	0.0	2286761	925	4.3
