1527455403.5	750	4	1.067	2354772	949	-4.5881
1527455404.22	1850	7.467542	0.0	957685	341	0.75
1527455404.77	1850	10.910723	0.0	877771	312	1.85
1527455405.79	4300	13.893258	0.0	2160877	776	1.8499999999999996
1527455406.86	4300	16.819818	0.0	2233056	821	4.3
1527455407.84	4300	19.86048	0.0	1941625	677	4.3
1527455408.94	4300	22.748336	0.0	2157535	816	4.3
1527455410.12	4300	25.564143	0.0	2290172	929	4.3
1527455411.24	4300	28.455634	0.0	2055469	839	4.3
1527455412.14	4300	31.550297	0.0	2169201	645	4.3
1527455413.13	4300	34.543586	0.0	2173522	736	4.3
1527455414.15	4300	37.522719	0.0	2102452	756	4.3
1527455415.38	4300	40.454633	0.0	2209463	813	4.3
1527455416.45	4300	43.241649	0.0	2275376	787	4.3
1527455417.55	4300	46.138087	0.0	2005399	843	4.3
1527455418.67	4300	49.016375	0.0	2152483	876	4.3
1527455419.82	4300	51.873487	0.0	2289689	861	4.3
1527455421.02	4300	54.6676	0.0	2059512	951	4.3
1527455422.17	4300	57.537728	0.0	2220726	879	4.3
1527455424.19	4300	59.74931	0.0	2156729	1133	4.3
1527455427.84	4300	59.998403	0.0	2039773	881	4.3
1527455432.26	4300	59.749446	0.0	2176469	1510	4.3
1527455436.55	4300	59.499112	0.0	2221506	889	4.3
1527455440.47	4300	59.498574	0.0	2044075	1235	4.3
1527455443.87	4300	59.997857	0.0	2186790	1023	4.3
1527455448.34	4300	59.749107	0.0	2105231	1557	4.3
1527455451.83	4300	59.99791	0.0	2395588	1102	4.3
1527455456.03	4300	59.749073	0.0	1972048	924	4.3
1527455460.37	4300	59.748581	0.0	2134614	862	4.3
1527455464.15	4300	59.748039	0.0	2164140	996	4.3
1527455468.21	4300	59.747449	0.0	2113193	1487	4.3
1527455471.89	4300	59.997938	0.0	2147852	1332	4.3
1527455475.72	4300	59.998059	0.0	2191074	2051	4.3
1527455479.87	4300	59.997812	0.0	2286761	1363	4.3
1527455484.43	4300	59.498011	0.0	2307787	1606	4.3
1527455487.75	4300	59.997809	0.0	2143948	922	4.3
1527455491.96	4300	59.998727	0.0	1919781	816	4.3
1527455496.37	4300	59.749189	0.0	2147467	937	4.3
1527455500.28	4300	59.74879	0.0	2133870	967	4.3
1527455503.94	4300	59.749443	0.0	2146120	901	4.3
1527455508.15	4300	59.749649	0.0	2108491	782	4.3
1527455512.03	4300	59.998342	0.0	2184571	977	4.3
1527455516.05	4300	59.998652	0.0	2121928	1556	4.3
1527455520.11	4300	59.749686	0.0	2219102	805	4.3
1527455523.75	4300	59.997846	0.0	2124950	819	4.3
1527455528.02	4300	59.998782	0.0	2246506	898	4.3
1527455532.4	4300	59.749282	0.0	1961140	1394	4.3
1527455536.22	4300	59.749224	0.0	2155012	1028	4.3
1527455537.56	4300	59.9284	0.0	1433658	549	4.3

1527455539.61	750	4	0.731	668286	611	-3.1432999999999995
1527455540.85	1850	6.910539	0.0	957685	896	0.75
1527455543.18	4300	8.576559	0.0	2177073	1971	1.8499999999999996
1527455545.45	4300	10.319869	0.0	2160877	2015	4.3
1527455546.98	4300	12.77269	0.0	2233056	1296	4.3
1527455548.29	4300	15.492059	0.0	1941625	1045	4.3
1527455549.4	4300	18.365511	0.0	2157535	748	4.3
1527455550.63	4300	21.139755	0.0	2290172	978	4.3
1527455551.87	4300	23.884594	0.0	2055469	1005	4.3
1527455553.13	4300	26.640631	0.0	2169201	789	4.3
1527455554.32	4300	29.44671	0.0	2173522	908	4.3
1527455555.71	4300	32.044683	0.0	2102452	1145	4.3
1527455556.97	4300	34.803195	0.0	2209463	989	4.3
1527455558.44	4300	37.314352	0.0	2275376	1209	4.3
1527455559.34	4300	40.411404	0.0	2005399	675	4.3
1527455560.3	4300	43.473797	0.0	2152483	652	4.3
1527455561.34	4300	46.438167	0.0	2289689	773	4.3
1527455562.22	4300	49.553338	0.0	2059512	626	4.3
1527455563.21	4300	52.55691	0.0	2220726	744	4.3
1527455564.22	4300	55.532112	0.0	2156729	760	4.3
1527455565.45	4300	58.322734	0.0	2039773	970	4.3
1527455568.04	4300	59.998242	0.0	2176469	782	4.3
1527455571.83	4300	59.998842	0.0	2221506	987	4.3
1527455576.14	4300	59.748085	0.0	2044075	928	4.3
1527455580.23	4300	59.747936	0.0	2186790	1198	4.3
1527455584.02	4300	59.999026	0.0	2105231	917	4.3
1527455587.86	4300	59.999074	0.0	2395588	1521	4.3
1527455591.81	4300	59.999067	0.0	1972048	1145	4.3
1527455596.01	4300	59.999242	0.0	2134614	1280	4.3
1527455600.62	4300	59.498097	0.0	2164140	1208	4.3
1527455604.0	4300	59.999465	0.0	2113193	969	4.3
1527455608.43	4300	59.749403	0.0	2147852	976	4.3
1527455611.94	4300	59.999085	0.0	2191074	1200	4.3
1527455616.2	4300	59.749626	0.0	2286761	1680	4.3
1527455620.1	4300	59.749165	0.0	2307787	1065	4.3
1527455623.87	4300	59.997799	0.0	2143948	960	4.3
1527455627.97	4300	59.997849	0.0	1919781	1194	4.3
1527455632.05	4300	59.999023	0.0	2147467	1716	4.3
1527455635.94	4300	59.999168	0.0	2133870	1521	4.3
1527455639.95	4300	59.999462	0.0	2146120	1259	4.3
1527455644.23	4300	59.748277	0.0	2108491	852	4.3
1527455648.19	4300	59.749286	0.0	2184571	657	4.3
1527455652.23	4300	59.749202	0.0	2121928	636	4.3
1527455656.62	4300	59.498904	0.0	2219102	1015	4.3
1527455660.17	4300	59.748054	0.0	2124950	757	4.3
1527455664.29	4300	59.749146	0.0	2246506	831	4.3
1527455668.19	4300	59.749488	0.0	1961140	571	4.3
1527455672.32	4300	59.749318	0.0	2155012	674	4.3
1527455674.03	4300	59.679103	0.0	1433658	436	4.3

1527455675.53	750	4	0.356	668286	257	-1.5308
1527455676.47	4300	7.201216	0.0	2123065	543	0.75
1527455677.71	4300	9.963608	0.0	2177073	976	4.3
1527455678.39	4300	13.278873	0.0	2160877	451	4.3
1527455679.08	4300	16.585689	0.0	2233056	469	4.3
1527455679.74	4300	19.934995	0.0	1941625	420	4.3
1527455680.42	4300	23.250637	0.0	2157535	450	4.3
1527455681.13	4300	26.545645	0.0	2290172	462	4.3
1527455681.84	4300	29.848139	0.0	2055469	464	4.3
1527455682.57	4300	33.111445	0.0	2169201	480	4.3
1527455683.25	4300	36.455155	0.0	2173522	425	4.3
1527455684.28	4300	39.389784	0.0	2102452	801	4.3
1527455684.98	4300	42.698593	0.0	2209463	442	4.3
1527455685.68	4300	45.989592	0.0	2275376	448	4.3
1527455686.33	4300	49.335243	0.0	2005399	436	4.3
1527455687.04	4300	52.636915	0.0	2152483	473	4.3
1527455687.74	4300	55.93899	0.0	2289689	462	4.3
1527455688.42	4300	59.249693	0.0	2059512	430	4.3
1527455692.16	4300	59.726264	0.0	2220726	448	4.3
1527455695.97	4300	59.72778	0.0	2156729	540	4.3
1527455699.77	4300	59.977679	0.0	2039773	455	4.3
1527455704.24	4300	59.726482	0.0	2176469	585	4.3
1527455708.27	4300	59.72602	0.0	2221506	567	4.3
1527455711.89	4300	59.977908	0.0	2044075	746	4.3
1527455715.93	4300	59.977714	0.0	2186790	979	4.3
1527455719.71	4300	59.976519	0.0	2105231	546	4.3
1527455724.22	4300	59.726826	0.0	2395588	583	4.3
1527455728.33	4300	59.727836	0.0	1972048	623	4.3
1527455731.81	4300	59.978115	0.0	2134614	1221	4.3
1527455736.1	4300	59.727397	0.0	2164140	893	4.3
1527455740.19	4300	59.727833	0.0	2113193	1661	4.3
1527455743.89	4300	59.97805	0.0	2147852	816	4.3
