1527464124.59	750	3.248878	5.216	2354772	4927	-22.4288
1527464148.3	750	4.675547	0.0	398865	711	0.75
1527464165.34	1850	8.675547	0.0	877771	1972	0.75
1527464182.43	1850	12.675547	0.0	933276	1592	1.85
1527464210.4	1850	16.675547	0.0	996749	996	1.85
1527464236.48	1850	20.675547	0.0	801058	768	1.85
1527464274.3	1850	24.675547	0.0	905515	1254	1.85
1527464291.33	4300	28.675547	0.0	2290172	1964	1.8499999999999996
1527464306.29	4300	32.675547	0.0	2055469	2673	4.3
1527464322.4	4300	36.675547	0.0	2169201	4087	4.3
1527464346.31	4300	40.675547	0.0	2173522	2510	4.3
1527464362.62	4300	44.675547	0.0	2102452	3935	4.3
