1528220959.65	750	4	0.026	2354772	5	-0.11180000000000001
1528220959.79	4300	7.968263	0.0	2123065	17	0.75
1528220959.92	4300	11.829499	0.0	2177073	22	4.3
1528220960.07	4300	15.684109	0.0	2160877	28	4.3
1528220960.22	4300	19.5376	0.0	2233056	26	4.3
1528220960.37	4300	23.389353	0.0	1941625	23	4.3
1528220960.5	4300	27.255789	0.0	2157535	19	4.3
1528220960.64	4300	31.110938	0.0	2290172	27	4.3
1528220960.79	4300	34.970197	0.0	2055469	23	4.3
1528220960.94	4300	38.820303	0.0	2169201	25	4.3
1528220961.07	4300	42.680871	0.0	2173522	20	4.3
1528220961.24	4300	46.514081	0.0	2102452	24	4.3
1528220961.38	4300	50.377777	0.0	2209463	18	4.3
1528220961.54	4300	54.218543	0.0	2275376	24	4.3
1528220961.69	4300	58.066953	0.0	2005399	23	4.3
1528220963.83	4300	59.999213	0.0	2152483	17	4.3
1528220967.98	4300	59.999442	0.0	2289689	24	4.3
1528220972.15	4300	59.748744	0.0	2059512	23	4.3
1528220975.8	4300	59.999012	0.0	2220726	20	4.3
1528220979.96	4300	59.998095	0.0	2156729	22	4.3
1528220984.12	4300	59.748853	0.0	2039773	22	4.3
1528220987.77	4300	59.999285	0.0	2176469	19	4.3
1528220991.93	4300	59.998742	0.0	2221506	23	4.3
1528220996.09	4300	59.748243	0.0	2044075	23	4.3
1528221000.24	4300	59.748999	0.0	2186790	21	4.3
1528221003.9	4300	59.998316	0.0	2105231	24	4.3
1528221008.07	4300	59.748035	0.0	2395588	26	4.3
1528221012.22	4300	59.74964	0.0	1972048	19	4.3
1528221015.88	4300	59.998234	0.0	2134614	22	4.3
1528221020.03	4300	59.749311	0.0	2164140	26	4.3
1528221024.18	4300	59.748829	0.0	2113193	22	4.3
1528221027.82	4300	59.998902	0.0	2147852	19	4.3
1528221031.97	4300	59.997861	0.0	2191074	25	4.3
1528221036.14	4300	59.749261	0.0	2286761	24	4.3
1528221039.79	4300	59.999499	0.0	2307787	26	4.3
1528221044.45	4300	59.499783	0.0	2143948	24	4.3
1528221048.1	4300	59.749514	0.0	1919781	20	4.3
1528221052.26	4300	59.748884	0.0	2147467	24	4.3
1528221055.9	4300	59.998786	0.0	2133870	19	4.3
1528221060.06	4300	59.74949	0.0	2146120	23	4.3
1528221064.22	4300	59.748887	0.0	2108491	23	4.3
1528221067.89	4300	59.999123	0.0	2184571	19	4.3
1528221072.07	4300	59.749425	0.0	2121928	24	4.3
1528221076.23	4300	59.748274	0.0	2219102	26	4.3
1528221080.38	4300	59.499159	0.0	2124950	19	4.3
1528221084.03	4300	59.749761	0.0	2246506	23	4.3
1528221088.18	4300	59.748914	0.0	1961140	19	4.3
1528221092.31	4300	59.49931	0.0	2155012	25	4.3
1528221093.93	4300	59.678819	0.0	1433658	17	4.3

1528221094.14	750	4	0.012	668286	2	-0.05159999999999998
1528221094.3	4300	7.95004	0.0	2123065	14	0.75
1528221094.45	4300	11.809947	0.0	2177073	23	4.3
1528221094.6	4300	15.659638	0.0	2160877	32	4.3
1528221094.74	4300	19.515723	0.0	2233056	13	4.3
1528221094.87	4300	23.38221	0.0	1941625	17	4.3
1528221095.01	4300	27.241836	0.0	2157535	23	4.3
1528221095.16	4300	31.09368	0.0	2290172	26	4.3
1528221095.31	4300	34.949296	0.0	2055469	23	4.3
1528221095.45	4300	38.810603	0.0	2169201	20	4.3
1528221095.59	4300	42.66837	0.0	2173522	23	4.3
1528221095.73	4300	46.52212	0.0	2102452	24	4.3
1528221095.88	4300	50.374976	0.0	2209463	25	4.3
1528221096.04	4300	54.220215	0.0	2275376	28	4.3
1528221096.19	4300	58.075048	0.0	2005399	23	4.3
1528221098.36	4300	59.998319	0.0	2152483	8	4.3
1528221102.51	4300	59.998958	0.0	2289689	24	4.3
1528221106.66	4300	59.747239	0.0	2059512	19	4.3
1528221110.32	4300	59.998971	0.0	2220726	23	4.3
1528221114.47	4300	59.998328	0.0	2156729	25	4.3
1528221118.62	4300	59.748772	0.0	2039773	19	4.3
1528221122.29	4300	59.998499	0.0	2176469	25	4.3
1528221126.45	4300	59.997931	0.0	2221506	24	4.3
1528221130.61	4300	59.748927	0.0	2044075	24	4.3
1528221134.26	4300	59.998167	0.0	2186790	19	4.3
1528221138.55	4300	59.997817	0.0	2105231	22	4.3
1528221142.27	4300	59.998415	0.0	2395588	26	4.3
1528221146.42	4300	59.999036	0.0	1972048	21	4.3
1528221150.58	4300	59.748838	0.0	2134614	21	4.3
1528221154.74	4300	59.748404	0.0	2164140	23	4.3
1528221158.39	4300	59.998553	0.0	2113193	19	4.3
1528221162.54	4300	59.74888	0.0	2147852	23	4.3
1528221166.69	4300	59.748605	0.0	2191074	20	4.3
1528221170.35	4300	59.997662	0.0	2286761	22	4.3
1528221174.51	4300	59.998317	0.0	2307787	23	4.3
1528221178.66	4300	59.74913	0.0	2143948	19	4.3
1528221182.32	4300	59.997533	0.0	1919781	22	4.3
1528221186.47	4300	59.998338	0.0	2147467	24	4.3
1528221190.63	4300	59.748683	0.0	2133870	22	4.3
1528221194.33	4300	59.998134	0.0	2146120	24	4.3
1528221198.48	4300	59.998785	0.0	2108491	24	4.3
1528221202.63	4300	59.748169	0.0	2184571	21	4.3
1528221206.29	4300	59.998698	0.0	2121928	23	4.3
1528221210.45	4300	59.999184	0.0	2219102	25	4.3
1528221214.6	4300	59.749242	0.0	2124950	19	4.3
1528221218.76	4300	59.74877	0.0	2246506	24	4.3
1528221222.4	4300	59.998316	0.0	1961140	20	4.3
1528221226.53	4300	59.748012	0.0	2155012	26	4.3
1528221228.14	4300	59.927244	0.0	1433658	16	4.3

1528221228.36	750	4	0.017	668286	3	-0.07309999999999994
1528221228.51	4300	7.955261	0.0	2123065	15	0.75
1528221228.64	4300	11.816775	0.0	2177073	19	4.3
1528221228.79	4300	15.67082	0.0	2160877	23	4.3
1528221228.94	4300	19.520254	0.0	2233056	21	4.3
1528221229.08	4300	23.377092	0.0	1941625	23	4.3
1528221229.22	4300	27.242811	0.0	2157535	18	4.3
1528221229.36	4300	31.096961	0.0	2290172	24	4.3
1528221229.51	4300	34.953551	0.0	2055469	24	4.3
1528221229.66	4300	38.806163	0.0	2169201	24	4.3
1528221229.8	4300	42.654921	0.0	2173522	26	4.3
1528221229.94	4300	46.521089	0.0	2102452	21	4.3
1528221230.08	4300	50.380434	0.0	2209463	24	4.3
1528221230.23	4300	54.235788	0.0	2275376	24	4.3
1528221230.37	4300	58.088171	0.0	2005399	22	4.3
1528221232.57	4300	59.998324	0.0	2152483	11	4.3
1528221236.74	4300	59.747872	0.0	2289689	20	4.3
1528221240.9	4300	59.747848	0.0	2059512	23	4.3
1528221244.54	4300	59.999237	0.0	2220726	20	4.3
1528221248.71	4300	59.997833	0.0	2156729	23	4.3
1528221252.87	4300	59.748465	0.0	2039773	23	4.3
1528221256.52	4300	59.998928	0.0	2176469	21	4.3
1528221260.68	4300	59.999015	0.0	2221506	26	4.3
1528221264.83	4300	59.74788	0.0	2044075	23	4.3
1528221268.49	4300	59.998817	0.0	2186790	21	4.3
1528221272.64	4300	59.998458	0.0	2105231	24	4.3
1528221276.8	4300	59.748999	0.0	2395588	21	4.3
1528221280.95	4300	59.749221	0.0	1972048	22	4.3
1528221284.6	4300	59.999235	0.0	2134614	19	4.3
1528221288.75	4300	59.748929	0.0	2164140	24	4.3
1528221292.9	4300	59.749176	0.0	2113193	18	4.3
1528221296.56	4300	59.99893	0.0	2147852	23	4.3
1528221300.72	4300	59.748936	0.0	2191074	25	4.3
1528221304.87	4300	59.749564	0.0	2286761	20	4.3
1528221308.53	4300	59.998073	0.0	2307787	24	4.3
1528221312.69	4300	59.999091	0.0	2143948	24	4.3
1528221316.85	4300	59.74867	0.0	1919781	15	4.3
1528221320.51	4300	59.999286	0.0	2147467	16	4.3
1528221324.7	4300	59.997465	0.0	2133870	22	4.3
1528221328.86	4300	59.748599	0.0	2146120	21	4.3
1528221332.51	4300	59.999097	0.0	2108491	22	4.3
1528221336.66	4300	59.999277	0.0	2184571	25	4.3
