1528231110.01	750	4	0.023	2354772	6	-0.09889999999999999
1528231110.15	4300	7.964815	0.0	2123065	17	0.75
1528231110.29	4300	11.82059	0.0	2177073	20	4.3
1528231110.44	4300	15.676987	0.0	2160877	22	4.3
1528231110.59	4300	19.525036	0.0	2233056	25	4.3
1528231110.74	4300	23.378496	0.0	1941625	22	4.3
1528231110.87	4300	27.241492	0.0	2157535	18	4.3
1528231111.02	4300	31.094592	0.0	2290172	23	4.3
1528231111.16	4300	34.953871	0.0	2055469	22	4.3
1528231111.31	4300	38.808004	0.0	2169201	23	4.3
1528231111.45	4300	42.659436	0.0	2173522	23	4.3
1528231111.6	4300	46.511125	0.0	2102452	24	4.3
1528231111.75	4300	50.35969	0.0	2209463	27	4.3
1528231111.91	4300	54.207389	0.0	2275376	17	4.3
1528231112.05	4300	58.060378	0.0	2005399	23	4.3
1528231114.21	4300	59.999138	0.0	2152483	23	4.3
1528231118.41	4300	59.749482	0.0	2289689	26	4.3
1528231122.56	4300	59.748609	0.0	2059512	20	4.3
1528231126.22	4300	59.999178	0.0	2220726	27	4.3
1528231130.38	4300	59.748711	0.0	2156729	24	4.3
1528231134.53	4300	59.747664	0.0	2039773	19	4.3
1528231138.19	4300	59.997817	0.0	2176469	25	4.3
1528231142.35	4300	59.998923	0.0	2221506	24	4.3
1528231146.52	4300	59.749117	0.0	2044075	23	4.3
1528231150.18	4300	59.998953	0.0	2186790	18	4.3
1528231154.33	4300	59.998242	0.0	2105231	21	4.3
1528231158.5	4300	59.747483	0.0	2395588	26	4.3
1528231162.18	4300	59.999286	0.0	1972048	21	4.3
1528231166.35	4300	59.998839	0.0	2134614	24	4.3
1528231170.55	4300	59.749099	0.0	2164140	23	4.3
1528231174.19	4300	59.998125	0.0	2113193	22	4.3
1528231178.35	4300	59.997471	0.0	2147852	24	4.3
1528231182.52	4300	59.748707	0.0	2191074	24	4.3
1528231186.2	4300	59.997904	0.0	2286761	25	4.3
1528231190.35	4300	59.999126	0.0	2307787	24	4.3
1528231194.51	4300	59.748281	0.0	2143948	21	4.3
1528231198.15	4300	59.999141	0.0	1919781	21	4.3
1528231202.32	4300	59.999384	0.0	2147467	24	4.3
1528231206.53	4300	59.748542	0.0	2133870	46	4.3
1528231210.19	4300	59.997664	0.0	2146120	25	4.3
1528231214.35	4300	59.998981	0.0	2108491	24	4.3
1528231218.5	4300	59.748021	0.0	2184571	20	4.3
1528231222.16	4300	59.998815	0.0	2121928	27	4.3
1528231226.43	4300	59.998832	0.0	2219102	27	4.3
1528231230.59	4300	59.749473	0.0	2124950	20	4.3
1528231234.23	4300	59.997919	0.0	2246506	20	4.3
1528231238.37	4300	59.747684	0.0	1961140	20	4.3
1528231242.5	4300	59.748777	0.0	2155012	21	4.3
1528231244.11	4300	59.929305	0.0	1433658	16	4.3

1528231244.33	750	4	0.013	668286	3	-0.05589999999999995
1528231244.49	4300	7.948345	0.0	2123065	17	0.75
1528231244.63	4300	11.804326	0.0	2177073	23	4.3
1528231244.78	4300	15.657425	0.0	2160877	28	4.3
1528231244.92	4300	19.51893	0.0	2233056	10	4.3
1528231245.06	4300	23.379193	0.0	1941625	20	4.3
1528231245.2	4300	27.237143	0.0	2157535	24	4.3
1528231245.35	4300	31.088219	0.0	2290172	26	4.3
1528231245.49	4300	34.947743	0.0	2055469	22	4.3
1528231245.63	4300	38.810193	0.0	2169201	20	4.3
1528231245.77	4300	42.66508	0.0	2173522	24	4.3
1528231245.91	4300	46.519434	0.0	2102452	24	4.3
1528231246.06	4300	50.374215	0.0	2209463	25	4.3
1528231246.2	4300	54.235904	0.0	2275376	22	4.3
1528231246.34	4300	58.093903	0.0	2005399	22	4.3
1528231248.49	4300	59.998692	0.0	2152483	12	4.3
1528231252.79	4300	59.998933	0.0	2289689	19	4.3
1528231256.5	4300	59.998348	0.0	2059512	21	4.3
1528231260.65	4300	59.999442	0.0	2220726	21	4.3
1528231264.81	4300	59.749143	0.0	2156729	23	4.3
1528231268.96	4300	59.499382	0.0	2039773	24	4.3
1528231272.62	4300	59.99873	0.0	2176469	23	4.3
1528231276.78	4300	59.749161	0.0	2221506	24	4.3
1528231280.93	4300	59.749073	0.0	2044075	23	4.3
1528231285.07	4300	59.499708	0.0	2186790	19	4.3
1528231288.73	4300	59.748878	0.0	2105231	26	4.3
1528231292.89	4300	59.748865	0.0	2395588	25	4.3
1528231296.54	4300	59.998497	0.0	1972048	21	4.3
1528231300.7	4300	59.749569	0.0	2134614	22	4.3
1528231304.86	4300	59.749393	0.0	2164140	23	4.3
1528231308.54	4300	59.998632	0.0	2113193	25	4.3
1528231312.7	4300	59.748282	0.0	2147852	24	4.3
1528231316.84	4300	59.748123	0.0	2191074	20	4.3
1528231320.5	4300	59.997911	0.0	2286761	25	4.3
1528231325.16	4300	59.499436	0.0	2307787	26	4.3
1528231328.81	4300	59.749444	0.0	2143948	20	4.3
1528231332.48	4300	59.998982	0.0	1919781	23	4.3
1528231336.63	4300	59.998199	0.0	2147467	25	4.3
1528231340.82	4300	59.748772	0.0	2133870	24	4.3
1528231344.47	4300	59.99905	0.0	2146120	24	4.3
1528231348.63	4300	59.998005	0.0	2108491	24	4.3
1528231352.78	4300	59.749455	0.0	2184571	19	4.3
1528231356.94	4300	59.749488	0.0	2121928	23	4.3
1528231360.59	4300	59.999347	0.0	2219102	21	4.3
1528231364.75	4300	59.74903	0.0	2124950	25	4.3
1528231368.9	4300	59.749257	0.0	2246506	21	4.3
1528231372.53	4300	59.998586	0.0	1961140	19	4.3
1528231376.66	4300	59.999161	0.0	2155012	24	4.3
1528231378.26	4300	59.929527	0.0	1433658	15	4.3

1528231378.48	750	4	0.015	668286	2	-0.0645
1528231378.64	4300	7.952276	0.0	2123065	18	0.75
1528231378.79	4300	11.799403	0.0	2177073	25	4.3
1528231378.93	4300	15.660946	0.0	2160877	14	4.3
1528231379.07	4300	19.51795	0.0	2233056	15	4.3
1528231379.21	4300	23.374676	0.0	1941625	24	4.3
1528231379.4	4300	27.189362	0.0	2157535	20	4.3
1528231379.55	4300	31.042189	0.0	2290172	27	4.3
1528231379.69	4300	34.896703	0.0	2055469	23	4.3
1528231379.84	4300	38.74957	0.0	2169201	24	4.3
1528231379.97	4300	42.614861	0.0	2173522	20	4.3
1528231380.11	4300	46.474573	0.0	2102452	23	4.3
1528231380.26	4300	50.326848	0.0	2209463	26	4.3
1528231380.41	4300	54.179721	0.0	2275376	25	4.3
1528231380.55	4300	58.042023	0.0	2005399	18	4.3
1528231382.7	4300	59.998401	0.0	2152483	9	4.3
1528231386.86	4300	59.748414	0.0	2289689	24	4.3
1528231391.1	4300	59.749641	0.0	2059512	22	4.3
1528231394.76	4300	59.998799	0.0	2220726	22	4.3
1528231398.98	4300	59.748829	0.0	2156729	25	4.3
1528231402.63	4300	59.997787	0.0	2039773	17	4.3
1528231406.78	4300	59.998126	0.0	2176469	23	4.3
1528231410.93	4300	59.749654	0.0	2221506	18	4.3
1528231415.08	4300	59.749419	0.0	2044075	23	4.3
1528231419.26	4300	59.49793	0.0	2186790	24	4.3
1528231422.9	4300	59.74959	0.0	2105231	20	4.3
1528231427.06	4300	59.749468	0.0	2395588	28	4.3
1528231430.73	4300	59.999332	0.0	1972048	21	4.3
1528231434.89	4300	59.748234	0.0	2134614	25	4.3
1528231439.05	4300	59.748735	0.0	2164140	24	4.3
1528231442.73	4300	59.998588	0.0	2113193	21	4.3
1528231446.89	4300	59.749196	0.0	2147852	24	4.3
1528231451.06	4300	59.748872	0.0	2191074	25	4.3
1528231454.72	4300	59.999471	0.0	2286761	25	4.3
1528231458.89	4300	59.749781	0.0	2307787	28	4.3
1528231463.04	4300	59.748475	0.0	2143948	22	4.3
1528231466.7	4300	59.999336	0.0	1919781	20	4.3
1528231470.86	4300	59.749382	0.0	2147467	25	4.3
1528231475.0	4300	59.747838	0.0	2133870	23	4.3
1528231478.66	4300	59.998433	0.0	2146120	24	4.3
