1528160661.09	750	4	0.022	2354772	10	-0.09460000000000002
1528160661.15	4300	7.988434	0.0	2123065	6	0.75
1528160661.24	4300	11.897214	0.0	2177073	24	4.3
1528160661.33	4300	15.80327	0.0	2160877	25	4.3
1528160661.42	4300	19.724045	0.0	2233056	17	4.3
1528160661.51	4300	23.62639	0.0	1941625	23	4.3
1528160661.6	4300	27.536619	0.0	2157535	26	4.3
1528160661.7	4300	31.44214	0.0	2290172	27	4.3
1528160661.79	4300	35.350843	0.0	2055469	22	4.3
1528160661.87	4300	39.262092	0.0	2169201	23	4.3
1528160661.95	4300	43.189715	0.0	2173522	12	4.3
1528160662.05	4300	47.089102	0.0	2102452	26	4.3
1528160662.15	4300	50.992722	0.0	2209463	26	4.3
1528160662.25	4300	54.885836	0.0	2275376	23	4.3
1528160662.35	4300	58.787722	0.0	2005399	25	4.3
1528160665.43	4300	59.749418	0.0	2152483	9	4.3
1528160669.54	4300	59.748943	0.0	2289689	18	4.3
1528160673.14	4300	59.999106	0.0	2059512	24	4.3
1528160677.26	4300	59.998976	0.0	2220726	27	4.3
1528160681.36	4300	59.998341	0.0	2156729	25	4.3
1528160685.47	4300	59.748901	0.0	2039773	23	4.3
1528160689.58	4300	59.748327	0.0	2176469	24	4.3
1528160693.19	4300	59.999434	0.0	2221506	27	4.3
1528160697.29	4300	59.999225	0.0	2044075	24	4.3
1528160701.4	4300	59.74819	0.0	2186790	25	4.3
1528160705.51	4300	59.748539	0.0	2105231	23	4.3
1528160709.62	4300	59.748132	0.0	2395588	29	4.3
1528160713.23	4300	59.998115	0.0	1972048	25	4.3
1528160717.34	4300	59.998041	0.0	2134614	23	4.3
1528160721.45	4300	59.749309	0.0	2164140	26	4.3
1528160725.56	4300	59.749117	0.0	2113193	25	4.3
1528160729.21	4300	59.999495	0.0	2147852	27	4.3
1528160733.32	4300	59.998794	0.0	2191074	25	4.3
1528160737.44	4300	59.749222	0.0	2286761	26	4.3
1528160741.55	4300	59.748482	0.0	2307787	25	4.3
1528160745.16	4300	59.997799	0.0	2143948	24	4.3
1528160749.26	4300	59.998786	0.0	1919781	19	4.3
1528160753.37	4300	59.99828	0.0	2147467	24	4.3
1528160757.48	4300	59.749469	0.0	2133870	27	4.3
1528160761.57	4300	59.749093	0.0	2146120	10	4.3
1528160765.17	4300	59.999462	0.0	2108491	24	4.3
1528160769.28	4300	59.998321	0.0	2184571	24	4.3
1528160773.38	4300	59.998707	0.0	2121928	23	4.3
1528160777.49	4300	59.7487	0.0	2219102	28	4.3
1528160781.6	4300	59.664547	0.0	2124950	27	4.3
1528160785.21	4300	59.998574	0.0	2246506	28	4.3
1528160789.32	4300	59.999102	0.0	1961140	21	4.3
1528160793.42	4300	59.74962	0.0	2155012	24	4.3
1528160795.01	4300	59.928791	0.0	1433658	15	4.3

1528160795.22	750	4	0.027	2354772	7	-0.11609999999999998
1528160795.29	4300	7.986496	0.0	2123065	6	0.75
1528160795.37	4300	11.897732	0.0	2177073	23	4.3
1528160795.46	4300	15.818515	0.0	2160877	16	4.3
1528160795.56	4300	19.71671	0.0	2233056	30	4.3
1528160795.65	4300	23.628507	0.0	1941625	23	4.3
1528160795.74	4300	27.535561	0.0	2157535	24	4.3
1528160795.83	4300	31.442489	0.0	2290172	25	4.3
1528160795.93	4300	35.349394	0.0	2055469	23	4.3
1528160796.03	4300	39.238489	0.0	2169201	35	4.3
1528160796.12	4300	43.148511	0.0	2173522	23	4.3
1528160796.2	4300	47.07553	0.0	2102452	13	4.3
1528160796.29	4300	50.982888	0.0	2209463	20	4.3
1528160796.39	4300	54.881532	0.0	2275376	27	4.3
1528160796.49	4300	58.78674	0.0	2005399	24	4.3
1528160799.59	4300	59.74968	0.0	2152483	26	4.3
1528160803.7	4300	59.749562	0.0	2289689	33	4.3
1528160807.32	4300	59.999412	0.0	2059512	25	4.3
1528160811.43	4300	59.999193	0.0	2220726	24	4.3
1528160815.53	4300	59.749301	0.0	2156729	23	4.3
1528160819.64	4300	59.748986	0.0	2039773	25	4.3
1528160823.75	4300	59.748106	0.0	2176469	26	4.3
1528160827.36	4300	59.99881	0.0	2221506	26	4.3
1528160831.46	4300	59.999168	0.0	2044075	23	4.3
1528160835.57	4300	59.748009	0.0	2186790	27	4.3
1528160839.68	4300	59.747925	0.0	2105231	25	4.3
1528160843.79	4300	59.499111	0.0	2395588	30	4.3
1528160847.39	4300	59.998946	0.0	1972048	23	4.3
1528160851.51	4300	59.998551	0.0	2134614	26	4.3
1528160855.61	4300	59.749238	0.0	2164140	25	4.3
1528160859.72	4300	59.748117	0.0	2113193	23	4.3
1528160863.33	4300	59.998845	0.0	2147852	25	4.3
1528160867.44	4300	59.998716	0.0	2191074	24	4.3
1528160871.54	4300	59.749111	0.0	2286761	26	4.3
1528160875.65	4300	59.748994	0.0	2307787	26	4.3
1528160879.76	4300	59.749263	0.0	2143948	24	4.3
1528160883.37	4300	59.998558	0.0	1919781	23	4.3
1528160887.47	4300	59.998111	0.0	2147467	22	4.3
1528160891.59	4300	59.749199	0.0	2133870	25	4.3
1528160895.7	4300	59.749518	0.0	2146120	16	4.3
1528160899.3	4300	59.999444	0.0	2108491	21	4.3
1528160903.4	4300	59.998688	0.0	2184571	22	4.3
1528160907.51	4300	59.998068	0.0	2121928	26	4.3
1528160911.62	4300	59.749072	0.0	2219102	26	4.3
1528160915.73	4300	59.689472	0.0	2124950	24	4.3
1528160919.34	4300	59.999197	0.0	2246506	24	4.3
1528160923.44	4300	59.998285	0.0	1961140	24	4.3
1528160927.55	4300	59.749164	0.0	2155012	26	4.3
1528160929.14	4300	59.928583	0.0	1433658	17	4.3

1528160929.35	750	4	0.033	2354772	9	-0.14190000000000003
1528160929.41	4300	7.986195	0.0	2123065	8	0.75
1528160929.47	4300	11.925643	0.0	2177073	6	4.3
1528160929.53	4300	15.864484	0.0	2160877	6	4.3
1528160929.6	4300	19.801272	0.0	2233056	8	4.3
1528160929.68	4300	23.716489	0.0	1941625	13	4.3
1528160929.78	4300	27.634987	0.0	2157535	13	4.3
1528160929.87	4300	31.53217	0.0	2290172	25	4.3
1528160929.94	4300	35.456602	0.0	2055469	12	4.3
1528160930.03	4300	39.366208	0.0	2169201	21	4.3
1528160930.13	4300	43.268424	0.0	2173522	25	4.3
1528160930.23	4300	47.172267	0.0	2102452	24	4.3
1528160930.31	4300	51.095058	0.0	2209463	15	4.3
1528160930.42	4300	54.982314	0.0	2275376	27	4.3
1528160930.52	4300	58.880881	0.0	2005399	25	4.3
1528160933.63	4300	59.998605	0.0	2152483	27	4.3
1528160937.73	4300	59.748846	0.0	2289689	20	4.3
1528160941.84	4300	59.748016	0.0	2059512	24	4.3
1528160945.94	4300	59.498689	0.0	2220726	27	4.3
1528160949.55	4300	59.999107	0.0	2156729	25	4.3
