1528153836.54	750	4	0.023	2354772	11	-0.09889999999999999
1528153836.67	4300	7.962709	0.0	2123065	23	0.75
1528153836.76	4300	11.870731	0.0	2177073	21	4.3
1528153836.84	4300	15.795019	0.0	2160877	13	4.3
1528153836.92	4300	19.708928	0.0	2233056	16	4.3
1528153837.03	4300	23.606796	0.0	1941625	23	4.3
1528153837.11	4300	27.526339	0.0	2157535	13	4.3
1528153837.2	4300	31.430172	0.0	2290172	22	4.3
1528153837.27	4300	35.364972	0.0	2055469	7	4.3
1528153837.34	4300	39.291528	0.0	2169201	10	4.3
1528153837.44	4300	43.201118	0.0	2173522	18	4.3
1528153837.54	4300	47.09664	0.0	2102452	26	4.3
1528153837.61	4300	51.021277	0.0	2209463	11	4.3
1528153837.72	4300	54.915394	0.0	2275376	19	4.3
1528153837.81	4300	58.822002	0.0	2005399	21	4.3
1528153840.91	4300	59.748294	0.0	2152483	25	4.3
1528153845.03	4300	59.748204	0.0	2289689	25	4.3
1528153849.14	4300	59.7488	0.0	2059512	24	4.3
1528153852.74	4300	59.998539	0.0	2220726	25	4.3
1528153856.86	4300	59.998113	0.0	2156729	24	4.3
1528153860.97	4300	59.747908	0.0	2039773	23	4.3
1528153865.07	4300	59.74935	0.0	2176469	23	4.3
1528153869.19	4300	59.499048	0.0	2221506	24	4.3
1528153872.79	4300	59.998342	0.0	2044075	23	4.3
1528153876.9	4300	59.74893	0.0	2186790	22	4.3
1528153881.06	4300	59.748675	0.0	2105231	22	4.3
1528153884.75	4300	59.997424	0.0	2395588	29	4.3
1528153888.86	4300	59.998486	0.0	1972048	22	4.3
1528153892.97	4300	59.747662	0.0	2134614	25	4.3
1528153897.09	4300	59.748191	0.0	2164140	25	4.3
1528153900.69	4300	59.998858	0.0	2113193	22	4.3
1528153904.8	4300	59.99868	0.0	2147852	22	4.3
1528153908.91	4300	59.7489	0.0	2191074	24	4.3
1528153913.02	4300	59.749053	0.0	2286761	25	4.3
1528153917.13	4300	59.748908	0.0	2307787	25	4.3
1528153920.74	4300	59.998093	0.0	2143948	23	4.3
1528153924.84	4300	59.998874	0.0	1919781	18	4.3
1528153928.94	4300	59.74877	0.0	2147467	21	4.3
1528153933.05	4300	59.749417	0.0	2133870	26	4.3
1528153936.67	4300	59.998196	0.0	2146120	22	4.3
1528153940.77	4300	59.998424	0.0	2108491	21	4.3
1528153944.88	4300	59.997847	0.0	2184571	23	4.3
1528153948.99	4300	59.749334	0.0	2121928	19	4.3
1528153953.1	4300	59.749123	0.0	2219102	23	4.3
1528153956.68	4300	59.999403	0.0	2124950	12	4.3
1528153960.79	4300	59.999423	0.0	2246506	18	4.3
1528153964.9	4300	59.998921	0.0	1961140	18	4.3
1528153969.01	4300	59.748678	0.0	2155012	19	4.3
1528153970.6	4300	59.929184	0.0	1433658	15	4.3

1528153970.79	750	4	0.019	668286	5	-0.0817
1528153970.86	4300	7.981308	0.0	2123065	7	0.75
1528153970.95	4300	11.894286	0.0	2177073	23	4.3
1528153971.02	4300	15.818953	0.0	2160877	13	4.3
1528153971.13	4300	19.714772	0.0	2233056	32	4.3
1528153971.2	4300	23.642959	0.0	1941625	10	4.3
1528153971.3	4300	27.54206	0.0	2157535	19	4.3
1528153971.41	4300	31.440562	0.0	2290172	28	4.3
1528153971.5	4300	35.34728	0.0	2055469	19	4.3
1528153971.59	4300	39.254886	0.0	2169201	21	4.3
1528153971.67	4300	43.172227	0.0	2173522	14	4.3
1528153971.75	4300	47.091881	0.0	2102452	15	4.3
1528153971.85	4300	50.99186	0.0	2209463	25	4.3
1528153971.93	4300	54.915109	0.0	2275376	15	4.3
1528153972.03	4300	58.816449	0.0	2005399	24	4.3
1528153975.15	4300	59.748687	0.0	2152483	23	4.3
1528153979.26	4300	59.74902	0.0	2289689	22	4.3
1528153982.86	4300	59.997956	0.0	2059512	21	4.3
1528153986.96	4300	59.998936	0.0	2220726	24	4.3
1528153991.07	4300	59.998488	0.0	2156729	22	4.3
1528153995.18	4300	59.747856	0.0	2039773	24	4.3
1528153999.29	4300	59.74922	0.0	2176469	23	4.3
1528154002.9	4300	59.99937	0.0	2221506	24	4.3
1528154007.0	4300	59.998637	0.0	2044075	23	4.3
1528154011.11	4300	59.748405	0.0	2186790	24	4.3
1528154015.22	4300	59.749619	0.0	2105231	25	4.3
1528154019.33	4300	59.749584	0.0	2395588	26	4.3
1528154023.44	4300	59.499345	0.0	1972048	22	4.3
1528154027.05	4300	59.999177	0.0	2134614	24	4.3
1528154031.16	4300	59.749348	0.0	2164140	23	4.3
1528154035.26	4300	59.749194	0.0	2113193	24	4.3
1528154038.87	4300	59.999246	0.0	2147852	24	4.3
1528154042.98	4300	59.999311	0.0	2191074	21	4.3
1528154047.09	4300	59.998919	0.0	2286761	22	4.3
1528154051.21	4300	59.748924	0.0	2307787	24	4.3
1528154055.31	4300	59.74967	0.0	2143948	21	4.3
1528154059.42	4300	59.498915	0.0	1919781	22	4.3
1528154063.51	4300	59.499324	0.0	2147467	14	4.3
1528154067.13	4300	59.749049	0.0	2133870	26	4.3
1528154071.23	4300	59.747701	0.0	2146120	15	4.3
1528154075.35	4300	59.749258	0.0	2108491	24	4.3
1528154079.45	4300	59.49912	0.0	2184571	26	4.3
1528154083.06	4300	59.999474	0.0	2121928	23	4.3
1528154087.17	4300	59.749256	0.0	2219102	23	4.3
1528154091.27	4300	59.683128	0.0	2124950	24	4.3
1528154094.88	4300	59.999425	0.0	2246506	26	4.3
1528154098.98	4300	59.99935	0.0	1961140	22	4.3
1528154103.59	4300	59.49959	0.0	2155012	22	4.3
1528154104.68	4300	59.92923	0.0	1433658	15	4.3

1528154104.87	750	4	0.02	668286	5	-0.08599999999999997
1528154104.96	4300	7.963508	0.0	2123065	16	0.75
1528154105.05	4300	11.873004	0.0	2177073	25	4.3
1528154105.14	4300	15.782466	0.0	2160877	23	4.3
1528154105.22	4300	19.700881	0.0	2233056	16	4.3
1528154105.32	4300	23.604987	0.0	1941625	23	4.3
1528154105.4	4300	27.527754	0.0	2157535	10	4.3
1528154105.47	4300	31.45236	0.0	2290172	13	4.3
1528154105.55	4300	35.373968	0.0	2055469	12	4.3
1528154105.65	4300	39.273714	0.0	2169201	24	4.3
1528154105.73	4300	43.194881	0.0	2173522	14	4.3
1528154105.83	4300	47.096242	0.0	2102452	26	4.3
1528154105.92	4300	51.002539	0.0	2209463	25	4.3
1528154106.01	4300	54.91123	0.0	2275376	23	4.3
1528154106.1	4300	58.823065	0.0	2005399	21	4.3
1528154109.22	4300	59.747781	0.0	2152483	24	4.3
1528154113.33	4300	59.749561	0.0	2289689	23	4.3
1528154116.94	4300	59.999081	0.0	2059512	21	4.3
1528154121.04	4300	59.998624	0.0	2220726	22	4.3
1528154125.15	4300	59.998176	0.0	2156729	23	4.3
1528154129.25	4300	59.74772	0.0	2039773	24	4.3
1528154133.45	4300	59.749328	0.0	2176469	25	4.3
1528154137.06	4300	59.998147	0.0	2221506	24	4.3
1528154141.17	4300	59.997914	0.0	2044075	21	4.3
1528154145.36	4300	59.748599	0.0	2186790	22	4.3
1528154148.97	4300	59.998937	0.0	2105231	22	4.3
1528154153.08	4300	59.999292	0.0	2395588	24	4.3
1528154157.19	4300	59.749487	0.0	1972048	23	4.3
1528154161.3	4300	59.749176	0.0	2134614	24	4.3
1528154165.41	4300	59.749518	0.0	2164140	24	4.3
1528154169.01	4300	59.999172	0.0	2113193	23	4.3
1528154173.12	4300	59.998883	0.0	2147852	21	4.3
1528154177.24	4300	59.749517	0.0	2191074	25	4.3
1528154181.34	4300	59.748185	0.0	2286761	26	4.3
1528154184.95	4300	59.998719	0.0	2307787	25	4.3
