1528202720.68	750	4	0.023	2354772	8	-0.09889999999999999
1528202720.77	4300	7.965316	0.0	2123065	17	0.75
1528202720.87	4300	11.864222	0.0	2177073	28	4.3
1528202720.95	4300	15.789654	0.0	2160877	11	4.3
1528202721.06	4300	19.681632	0.0	2233056	31	4.3
1528202721.14	4300	23.591081	0.0	1941625	24	4.3
1528202721.24	4300	27.499418	0.0	2157535	26	4.3
1528202721.33	4300	31.406997	0.0	2290172	25	4.3
1528202721.42	4300	35.318476	0.0	2055469	20	4.3
1528202721.51	4300	39.226954	0.0	2169201	22	4.3
1528202721.6	4300	43.13668	0.0	2173522	21	4.3
1528202721.69	4300	47.043228	0.0	2102452	21	4.3
1528202721.78	4300	50.954165	0.0	2209463	20	4.3
1528202721.88	4300	54.849294	0.0	2275376	19	4.3
1528202721.98	4300	58.759754	0.0	2005399	19	4.3
1528202725.08	4300	59.747746	0.0	2152483	27	4.3
1528202729.19	4300	59.749454	0.0	2289689	21	4.3
1528202732.79	4300	59.999327	0.0	2059512	20	4.3
1528202737.39	4300	59.499053	0.0	2220726	23	4.3
1528202741.01	4300	59.748608	0.0	2156729	25	4.3
1528202745.11	4300	59.748361	0.0	2039773	24	4.3
1528202749.21	4300	59.748602	0.0	2176469	26	4.3
1528202752.82	4300	59.998859	0.0	2221506	28	4.3
1528202756.93	4300	59.999275	0.0	2044075	24	4.3
1528202761.03	4300	59.748124	0.0	2186790	26	4.3
1528202765.14	4300	59.74931	0.0	2105231	25	4.3
1528202768.76	4300	59.997975	0.0	2395588	36	4.3
1528202772.86	4300	59.999438	0.0	1972048	21	4.3
1528202776.97	4300	59.998947	0.0	2134614	22	4.3
1528202781.08	4300	59.749182	0.0	2164140	25	4.3
1528202785.18	4300	59.747624	0.0	2113193	25	4.3
1528202788.79	4300	59.998701	0.0	2147852	25	4.3
1528202792.92	4300	59.999495	0.0	2191074	24	4.3
1528202797.03	4300	59.74819	0.0	2286761	26	4.3
1528202801.18	4300	59.74811	0.0	2307787	28	4.3
1528202804.79	4300	59.997954	0.0	2143948	27	4.3
1528202808.94	4300	59.99766	0.0	1919781	21	4.3
1528202813.05	4300	59.749457	0.0	2147467	24	4.3
1528202817.17	4300	59.749427	0.0	2133870	23	4.3
1528202820.75	4300	59.999386	0.0	2146120	11	4.3
1528202824.85	4300	59.999332	0.0	2108491	22	4.3
1528202828.96	4300	59.998133	0.0	2184571	23	4.3
1528202833.07	4300	59.748662	0.0	2121928	25	4.3
1528202837.18	4300	59.749196	0.0	2219102	24	4.3
1528202840.78	4300	59.998567	0.0	2124950	28	4.3
1528202844.89	4300	59.999407	0.0	2246506	28	4.3
1528202848.99	4300	59.999481	0.0	1961140	23	4.3
1528202853.1	4300	59.749329	0.0	2155012	25	4.3
1528202854.7	4300	59.929078	0.0	1433658	16	4.3

1528202854.9	750	4	0.024	2354772	7	-0.10319999999999996
1528202855.0	4300	7.957372	0.0	2123065	24	0.75
1528202855.08	4300	11.875619	0.0	2177073	16	4.3
1528202855.18	4300	15.774766	0.0	2160877	25	4.3
1528202855.26	4300	19.701766	0.0	2233056	12	4.3
1528202855.35	4300	23.608282	0.0	1941625	22	4.3
1528202855.46	4300	27.498036	0.0	2157535	24	4.3
1528202855.55	4300	31.40467	0.0	2290172	22	4.3
1528202855.64	4300	35.316654	0.0	2055469	18	4.3
1528202855.73	4300	39.228641	0.0	2169201	22	4.3
1528202855.82	4300	43.139119	0.0	2173522	23	4.3
1528202855.91	4300	47.050248	0.0	2102452	22	4.3
1528202855.98	4300	50.977222	0.0	2209463	12	4.3
1528202856.08	4300	54.87861	0.0	2275376	27	4.3
1528202856.18	4300	58.784417	0.0	2005399	23	4.3
1528202859.28	4300	59.749158	0.0	2152483	25	4.3
1528202863.38	4300	59.7487	0.0	2289689	19	4.3
1528202866.99	4300	59.998701	0.0	2059512	23	4.3
1528202871.1	4300	59.999384	0.0	2220726	28	4.3
1528202875.21	4300	59.749243	0.0	2156729	25	4.3
1528202879.33	4300	59.748897	0.0	2039773	24	4.3
1528202883.44	4300	59.747521	0.0	2176469	26	4.3
1528202887.05	4300	59.998792	0.0	2221506	25	4.3
1528202891.16	4300	59.998098	0.0	2044075	23	4.3
1528202895.26	4300	59.748107	0.0	2186790	24	4.3
1528202899.37	4300	59.749289	0.0	2105231	25	4.3
1528202902.98	4300	59.999401	0.0	2395588	27	4.3
1528202907.08	4300	59.997596	0.0	1972048	22	4.3
1528202911.19	4300	59.997899	0.0	2134614	25	4.3
1528202915.3	4300	59.747733	0.0	2164140	26	4.3
1528202919.4	4300	59.747879	0.0	2113193	26	4.3
1528202923.02	4300	59.999359	0.0	2147852	26	4.3
1528202927.13	4300	59.997968	0.0	2191074	23	4.3
1528202931.23	4300	59.748684	0.0	2286761	23	4.3
1528202935.34	4300	59.748953	0.0	2307787	27	4.3
1528202939.45	4300	59.748693	0.0	2143948	24	4.3
1528202943.06	4300	59.999274	0.0	1919781	23	4.3
1528202947.17	4300	59.999382	0.0	2147467	21	4.3
1528202951.28	4300	59.748103	0.0	2133870	23	4.3
1528202955.37	4300	59.748376	0.0	2146120	14	4.3
1528202958.98	4300	59.998999	0.0	2108491	23	4.3
1528202963.09	4300	59.998978	0.0	2184571	24	4.3
1528202967.2	4300	59.998164	0.0	2121928	26	4.3
1528202971.31	4300	59.749263	0.0	2219102	27	4.3
1528202975.42	4300	59.692969	0.0	2124950	25	4.3
1528202979.03	4300	59.999242	0.0	2246506	29	4.3
