1527731765.14	750	4	0.014	450283	1	-0.06020000000000003
1527731765.26	4300	7.978493	0.0	2123065	7	0.75
1527731765.35	4300	11.870564	0.0	2177073	16	4.3
1527731765.43	4300	15.797157	0.0	2160877	10	4.3
1527731765.51	4300	19.716797	0.0	2233056	11	4.3
1527731765.58	4300	23.645516	0.0	1941625	10	4.3
1527731765.65	4300	27.571194	0.0	2157535	10	4.3
1527731765.72	4300	31.506015	0.0	2290172	6	4.3
1527731765.78	4300	35.441408	0.0	2055469	6	4.3
1527731765.85	4300	39.373766	0.0	2169201	7	4.3
1527731765.92	4300	43.306041	0.0	2173522	8	4.3
1527731765.98	4300	47.240682	0.0	2102452	7	4.3
1527731766.05	4300	51.174165	0.0	2209463	7	4.3
1527731766.11	4300	55.108893	0.0	2275376	7	4.3
1527731766.18	4300	59.04715	0.0	2005399	6	4.3
1527731769.26	4300	59.999297	0.0	2152483	6	4.3
1527731773.37	4300	59.999484	0.0	2289689	25	4.3
1527731777.48	4300	59.749325	0.0	2059512	22	4.3
1527731781.59	4300	59.748966	0.0	2220726	23	4.3
1527731785.7	4300	59.749571	0.0	2156729	23	4.3
1527731789.8	4300	59.498818	0.0	2039773	24	4.3
1527731793.9	4300	59.499331	0.0	2176469	14	4.3
1527731797.5	4300	59.748168	0.0	2221506	20	4.3
1527731801.6	4300	59.749312	0.0	2044075	20	4.3
1527731805.71	4300	59.749349	0.0	2186790	23	4.3
1527731809.32	4300	59.998039	0.0	2105231	21	4.3
1527731813.43	4300	59.999021	0.0	2395588	23	4.3
1527731817.54	4300	59.749117	0.0	1972048	19	4.3
1527731821.64	4300	59.74899	0.0	2134614	22	4.3
1527731825.3	4300	59.999341	0.0	2164140	23	4.3
1527731829.42	4300	59.998527	0.0	2113193	24	4.3
1527731833.53	4300	59.748311	0.0	2147852	21	4.3
1527731837.63	4300	59.747816	0.0	2191074	21	4.3
1527731841.24	4300	59.999341	0.0	2286761	24	4.3
1527731845.35	4300	59.998615	0.0	2307787	23	4.3
1527731849.45	4300	59.999182	0.0	2143948	22	4.3
1527731853.56	4300	59.747912	0.0	1919781	24	4.3
1527731857.65	4300	59.749581	0.0	2147467	14	4.3
1527731861.26	4300	59.99886	0.0	2133870	19	4.3
1527731865.88	4300	59.499468	0.0	2146120	24	4.3
1527731869.48	4300	59.749596	0.0	2108491	19	4.3
1527731873.59	4300	59.749016	0.0	2184571	24	4.3
1527731877.71	4300	59.749238	0.0	2121928	24	4.3
1527731881.31	4300	59.99918	0.0	2219102	25	4.3
1527731885.42	4300	59.84636	0.0	2124950	24	4.3
1527731889.53	4300	59.748711	0.0	2246506	26	4.3
1527731893.63	4300	59.748831	0.0	1961140	21	4.3
1527731897.24	4300	59.999442	0.0	2155012	24	4.3
1527731899.36	4300	59.679703	0.0	1433658	35	4.3

1527731899.58	750	4	0.012	668286	3	-0.05159999999999998
1527731899.65	4300	7.979085	0.0	2123065	7	0.75
1527731899.71	4300	11.914948	0.0	2177073	8	4.3
1527731899.79	4300	15.833369	0.0	2160877	17	4.3
1527731899.87	4300	19.762991	0.0	2233056	9	4.3
1527731899.94	4300	23.687899	0.0	1941625	9	4.3
1527731900.01	4300	27.616431	0.0	2157535	10	4.3
1527731900.09	4300	31.533668	0.0	2290172	11	4.3
1527731900.16	4300	35.471557	0.0	2055469	6	4.3
1527731900.22	4300	39.405479	0.0	2169201	7	4.3
1527731900.29	4300	43.338901	0.0	2173522	6	4.3
1527731900.35	4300	47.273319	0.0	2102452	6	4.3
1527731900.41	4300	51.210072	0.0	2209463	8	4.3
1527731900.48	4300	55.147244	0.0	2275376	8	4.3
1527731900.54	4300	59.08463	0.0	2005399	5	4.3
1527731904.12	4300	59.749521	0.0	2152483	7	4.3
1527731907.72	4300	59.999368	0.0	2289689	20	4.3
1527731911.93	4300	59.999478	0.0	2059512	17	4.3
1527731916.04	4300	59.749609	0.0	2220726	26	4.3
1527731920.15	4300	59.499666	0.0	2156729	25	4.3
1527731923.76	4300	59.999184	0.0	2039773	20	4.3
1527731927.87	4300	59.999241	0.0	2176469	22	4.3
1527731931.98	4300	59.749135	0.0	2221506	25	4.3
1527731936.09	4300	59.749297	0.0	2044075	22	4.3
1527731940.21	4300	59.498495	0.0	2186790	24	4.3
1527731943.81	4300	59.998899	0.0	2105231	19	4.3
1527731947.92	4300	59.747756	0.0	2395588	22	4.3
1527731952.02	4300	59.74811	0.0	1972048	23	4.3
1527731956.13	4300	59.748605	0.0	2134614	25	4.3
1527731959.74	4300	59.998874	0.0	2164140	25	4.3
1527731963.84	4300	59.998259	0.0	2113193	21	4.3
1527731967.95	4300	59.747863	0.0	2147852	23	4.3
1527731972.06	4300	59.749565	0.0	2191074	26	4.3
1527731976.17	4300	59.497913	0.0	2286761	25	4.3
1527731979.78	4300	59.999154	0.0	2307787	25	4.3
1527731983.88	4300	59.747946	0.0	2143948	23	4.3
1527731988.0	4300	59.749559	0.0	1919781	21	4.3
1527731992.08	4300	59.749641	0.0	2147467	11	4.3
1527731995.73	4300	59.999239	0.0	2133870	19	4.3
1527731999.89	4300	59.999193	0.0	2146120	24	4.3
1527732003.98	4300	59.749624	0.0	2108491	14	4.3
1527732008.09	4300	59.749478	0.0	2184571	22	4.3
1527732011.7	4300	59.998477	0.0	2121928	23	4.3
1527732016.3	4300	59.49936	0.0	2219102	22	4.3
1527732019.91	4300	59.748829	0.0	2124950	25	4.3
1527732024.02	4300	59.749099	0.0	2246506	26	4.3
1527732028.13	4300	59.747909	0.0	1961140	23	4.3
1527732032.22	4300	59.498938	0.0	2155012	10	4.3
1527732033.82	4300	59.67961	0.0	1433658	15	4.3

1527732034.04	750	4	0.017	668286	2	-0.07309999999999994
1527732034.11	4300	7.981794	0.0	2123065	6	0.75
1527732034.17	4300	11.918471	0.0	2177073	8	4.3
1527732034.26	4300	15.835141	0.0	2160877	18	4.3
1527732034.33	4300	19.763501	0.0	2233056	10	4.3
1527732034.4	4300	23.692181	0.0	1941625	10	4.3
1527732034.47	4300	27.621785	0.0	2157535	11	4.3
1527732034.55	4300	31.53694	0.0	2290172	11	4.3
1527732034.61	4300	35.475096	0.0	2055469	7	4.3
1527732034.7	4300	39.385986	0.0	2169201	18	4.3
1527732034.77	4300	43.315985	0.0	2173522	10	4.3
1527732034.84	4300	47.247361	0.0	2102452	9	4.3
1527732034.91	4300	51.177061	0.0	2209463	10	4.3
1527732034.98	4300	55.108606	0.0	2275376	11	4.3
1527732035.05	4300	59.042143	0.0	2005399	9	4.3
1527732038.63	4300	59.499527	0.0	2152483	11	4.3
1527732042.74	4300	59.499197	0.0	2289689	23	4.3
1527732046.35	4300	59.749337	0.0	2059512	21	4.3
