1527792608.85	750	4	0.026	2354772	10	-0.11180000000000001
1527792608.97	4300	7.962486	0.0	2123065	23	0.75
1527792609.05	4300	11.883771	0.0	2177073	14	4.3
1527792609.12	4300	15.814049	0.0	2160877	10	4.3
1527792609.22	4300	19.720857	0.0	2233056	19	4.3
1527792609.28	4300	23.655983	0.0	1941625	7	4.3
1527792609.35	4300	27.588768	0.0	2157535	6	4.3
1527792609.41	4300	31.519509	0.0	2290172	8	4.3
1527792609.48	4300	35.456968	0.0	2055469	7	4.3
1527792609.54	4300	39.392124	0.0	2169201	6	4.3
1527792609.61	4300	43.324614	0.0	2173522	8	4.3
1527792609.68	4300	47.253723	0.0	2102452	7	4.3
1527792609.75	4300	51.186564	0.0	2209463	7	4.3
1527792609.82	4300	55.112911	0.0	2275376	9	4.3
1527792609.89	4300	59.04778	0.0	2005399	8	4.3
1527792612.97	4300	59.998961	0.0	2152483	7	4.3
1527792617.07	4300	59.998919	0.0	2289689	24	4.3
1527792621.18	4300	59.99838	0.0	2059512	23	4.3
1527792625.29	4300	59.749059	0.0	2220726	24	4.3
1527792629.4	4300	59.748743	0.0	2156729	23	4.3
1527792633.01	4300	59.998129	0.0	2039773	20	4.3
1527792637.18	4300	59.998285	0.0	2176469	23	4.3
1527792641.28	4300	59.747386	0.0	2221506	20	4.3
1527792645.4	4300	59.74807	0.0	2044075	23	4.3
1527792649.0	4300	59.997415	0.0	2186790	21	4.3
1527792653.1	4300	59.997539	0.0	2105231	18	4.3
1527792657.21	4300	59.746392	0.0	2395588	28	4.3
1527792661.29	4300	59.748717	0.0	1972048	9	4.3
1527792665.4	4300	59.748274	0.0	2134614	25	4.3
1527792669.01	4300	59.999048	0.0	2164140	23	4.3
1527792673.11	4300	59.999212	0.0	2113193	22	4.3
1527792677.22	4300	59.748541	0.0	2147852	24	4.3
1527792681.33	4300	59.748596	0.0	2191074	26	4.3
1527792684.94	4300	59.998466	0.0	2286761	26	4.3
1527792689.04	4300	59.998814	0.0	2307787	22	4.3
1527792693.15	4300	59.998322	0.0	2143948	25	4.3
1527792697.26	4300	59.748964	0.0	1919781	20	4.3
1527792701.35	4300	59.748188	0.0	2147467	11	4.3
1527792704.95	4300	59.997643	0.0	2133870	18	4.3
1527792709.06	4300	59.998409	0.0	2146120	19	4.3
1527792713.16	4300	59.999085	0.0	2108491	22	4.3
1527792717.27	4300	59.747768	0.0	2184571	27	4.3
1527792721.38	4300	59.748678	0.0	2121928	23	4.3
1527792724.99	4300	59.998752	0.0	2219102	24	4.3
1527792729.1	4300	59.998606	0.0	2124950	21	4.3
1527792733.32	4300	59.748384	0.0	2246506	24	4.3
1527792737.43	4300	59.74794	0.0	1961140	21	4.3
1527792741.04	4300	59.998777	0.0	2155012	23	4.3
1527792743.13	4300	59.678931	0.0	1433658	17	4.3

1527792743.33	750	4	0.017	668286	3	-0.07309999999999994
1527792743.41	4300	7.970646	0.0	2123065	7	0.75
1527792743.5	4300	11.882431	0.0	2177073	21	4.3
1527792743.58	4300	15.805943	0.0	2160877	11	4.3
1527792743.65	4300	19.737765	0.0	2233056	8	4.3
1527792743.71	4300	23.672702	0.0	1941625	5	4.3
1527792743.77	4300	27.610294	0.0	2157535	6	4.3
1527792743.84	4300	31.54713	0.0	2290172	6	4.3
1527792743.9	4300	35.484366	0.0	2055469	8	4.3
1527792743.98	4300	39.406736	0.0	2169201	16	4.3
1527792744.05	4300	43.335829	0.0	2173522	10	4.3
1527792744.12	4300	47.264401	0.0	2102452	9	4.3
1527792744.19	4300	51.194557	0.0	2209463	11	4.3
1527792744.26	4300	55.12166	0.0	2275376	9	4.3
1527792744.33	4300	59.049262	0.0	2005399	15	4.3
1527792747.4	4300	59.999283	0.0	2152483	7	4.3
1527792751.51	4300	59.998899	0.0	2289689	20	4.3
1527792755.61	4300	59.998977	0.0	2059512	21	4.3
1527792759.72	4300	59.749256	0.0	2220726	26	4.3
1527792763.83	4300	59.747797	0.0	2156729	23	4.3
1527792767.44	4300	59.997876	0.0	2039773	22	4.3
1527792771.55	4300	59.999008	0.0	2176469	22	4.3
1527792775.66	4300	59.749444	0.0	2221506	22	4.3
1527792779.77	4300	59.748063	0.0	2044075	22	4.3
1527792783.87	4300	59.749532	0.0	2186790	25	4.3
1527792787.48	4300	59.999344	0.0	2105231	23	4.3
1527792791.59	4300	59.99897	0.0	2395588	23	4.3
1527792795.7	4300	59.749436	0.0	1972048	22	4.3
1527792799.81	4300	59.747679	0.0	2134614	21	4.3
1527792803.41	4300	59.9994	0.0	2164140	24	4.3
1527792807.52	4300	59.998977	0.0	2113193	22	4.3
1527792811.67	4300	59.997825	0.0	2147852	23	4.3
1527792815.81	4300	59.749358	0.0	2191074	25	4.3
1527792819.43	4300	59.998918	0.0	2286761	25	4.3
1527792823.54	4300	59.998903	0.0	2307787	23	4.3
1527792827.64	4300	59.748618	0.0	2143948	27	4.3
1527792831.75	4300	59.748081	0.0	1919781	21	4.3
1527792835.87	4300	59.74919	0.0	2147467	25	4.3
1527792839.47	4300	59.997672	0.0	2133870	15	4.3
1527792843.58	4300	59.999278	0.0	2146120	24	4.3
1527792847.68	4300	59.749247	0.0	2108491	24	4.3
1527792851.79	4300	59.749227	0.0	2184571	25	4.3
1527792855.41	4300	59.998908	0.0	2121928	23	4.3
1527792859.52	4300	59.999413	0.0	2219102	18	4.3
1527792863.62	4300	59.998618	0.0	2124950	18	4.3
1527792867.72	4300	59.747993	0.0	2246506	25	4.3
1527792871.83	4300	59.74951	0.0	1961140	22	4.3
1527792875.42	4300	59.99872	0.0	2155012	10	4.3
1527792877.52	4300	59.67793	0.0	1433658	17	4.3

1527792877.71	750	4	0.019	668286	4	-0.0817
1527792877.78	4300	7.98102	0.0	2123065	7	0.75
1527792877.84	4300	11.918938	0.0	2177073	7	4.3
1527792877.9	4300	15.855056	0.0	2160877	7	4.3
1527792877.97	4300	19.791899	0.0	2233056	6	4.3
1527792878.03	4300	23.728465	0.0	1941625	6	4.3
1527792878.11	4300	27.657544	0.0	2157535	8	4.3
1527792878.17	4300	31.587337	0.0	2290172	7	4.3
1527792878.24	4300	35.52514	0.0	2055469	6	4.3
1527792878.3	4300	39.459065	0.0	2169201	6	4.3
1527792878.37	4300	43.393423	0.0	2173522	7	4.3
1527792878.43	4300	47.327867	0.0	2102452	7	4.3
1527792878.49	4300	51.265297	0.0	2209463	8	4.3
1527792878.56	4300	55.201598	0.0	2275376	7	4.3
1527792878.62	4300	59.138657	0.0	2005399	6	4.3
1527792882.21	4300	59.748754	0.0	2152483	7	4.3
1527792885.87	4300	59.999052	0.0	2289689	24	4.3
1527792890.02	4300	59.99916	0.0	2059512	23	4.3
1527792894.16	4300	59.749081	0.0	2220726	23	4.3
1527792897.77	4300	59.998946	0.0	2156729	18	4.3
1527792902.37	4300	59.49819	0.0	2039773	19	4.3
1527792905.98	4300	59.99918	0.0	2176469	24	4.3
1527792910.08	4300	59.749102	0.0	2221506	23	4.3
1527792914.19	4300	59.748771	0.0	2044075	22	4.3
1527792917.81	4300	59.999061	0.0	2186790	28	4.3
