1527643853.3	750	4	0.024	2354772	10	-0.10319999999999996
1527643853.47	4300	7.958485	0.0	2123065	27	0.75
1527643853.62	4300	11.808743	0.0	2177073	25	4.3
1527643853.77	4300	15.661828	0.0	2160877	29	4.3
1527643853.92	4300	19.513312	0.0	2233056	26	4.3
1527643854.07	4300	23.365248	0.0	1941625	23	4.3
1527643854.21	4300	27.226061	0.0	2157535	20	4.3
1527643854.35	4300	31.086128	0.0	2290172	24	4.3
1527643854.49	4300	34.943123	0.0	2055469	24	4.3
1527643854.64	4300	38.792713	0.0	2169201	25	4.3
1527643854.78	4300	42.645482	0.0	2173522	26	4.3
1527643854.94	4300	46.494971	0.0	2102452	23	4.3
1527643855.07	4300	50.359095	0.0	2209463	19	4.3
1527643855.23	4300	54.202303	0.0	2275376	26	4.3
1527643855.37	4300	58.066007	0.0	2005399	19	4.3
1527643857.52	4300	59.999358	0.0	2152483	24	4.3
1527643861.68	4300	59.99753	0.0	2289689	25	4.3
1527643865.9	4300	59.748236	0.0	2059512	20	4.3
1527643870.06	4300	59.499245	0.0	2220726	27	4.3
1527643873.72	4300	59.748596	0.0	2156729	27	4.3
1527643877.88	4300	59.749475	0.0	2039773	24	4.3
1527643881.53	4300	59.999078	0.0	2176469	21	4.3
1527643885.7	4300	59.748692	0.0	2221506	24	4.3
1527643889.85	4300	59.749266	0.0	2044075	24	4.3
1527643893.5	4300	59.999015	0.0	2186790	22	4.3
1527643897.66	4300	59.998639	0.0	2105231	26	4.3
1527643901.81	4300	59.74933	0.0	2395588	21	4.3
1527643905.46	4300	59.99891	0.0	1972048	25	4.3
1527643909.62	4300	59.99934	0.0	2134614	25	4.3
1527643913.77	4300	59.749051	0.0	2164140	21	4.3
1527643917.93	4300	59.748594	0.0	2113193	25	4.3
1527643921.59	4300	59.998374	0.0	2147852	25	4.3
1527643925.76	4300	59.749039	0.0	2191074	25	4.3
1527643929.92	4300	59.748946	0.0	2286761	23	4.3
1527643934.08	4300	59.498451	0.0	2307787	30	4.3
1527643937.74	4300	59.748858	0.0	2143948	26	4.3
1527643941.9	4300	59.749241	0.0	1919781	22	4.3
1527643945.55	4300	59.999397	0.0	2147467	24	4.3
1527643949.72	4300	59.749487	0.0	2133870	39	4.3
1527643953.87	4300	59.747462	0.0	2146120	26	4.3
1527643957.53	4300	59.998698	0.0	2108491	19	4.3
1527643961.68	4300	59.998608	0.0	2184571	23	4.3
1527643965.84	4300	59.749536	0.0	2121928	23	4.3
1527643969.5	4300	59.99855	0.0	2219102	26	4.3
1527643973.65	4300	59.999372	0.0	2124950	25	4.3
1527643977.8	4300	59.749	0.0	2246506	22	4.3
1527643981.93	4300	59.748017	0.0	1961140	21	4.3
1527643985.56	4300	59.998869	0.0	2155012	26	4.3
1527643987.67	4300	59.679374	0.0	1433658	18	4.3

1527643987.91	750	4	0.012	668286	2	-0.05159999999999998
1527643988.06	4300	7.956154	0.0	2123065	11	0.75
1527643988.21	4300	11.813481	0.0	2177073	24	4.3
1527643988.37	4300	15.653241	0.0	2160877	20	4.3
1527643988.51	4300	19.512313	0.0	2233056	25	4.3
1527643988.65	4300	23.368451	0.0	1941625	20	4.3
1527643988.79	4300	27.223638	0.0	2157535	27	4.3
1527643988.93	4300	31.086977	0.0	2290172	21	4.3
1527643989.11	4300	34.94719	0.0	2055469	25	4.3
1527643989.26	4300	38.758407	0.0	2169201	21	4.3
1527643989.4	4300	42.613921	0.0	2173522	26	4.3
1527643989.55	4300	46.469884	0.0	2102452	26	4.3
1527643989.7	4300	50.321412	0.0	2209463	25	4.3
1527643989.85	4300	54.168842	0.0	2275376	27	4.3
1527643990.0	4300	58.022684	0.0	2005399	24	4.3
1527643992.15	4300	59.999018	0.0	2152483	12	4.3
1527643996.3	4300	59.748376	0.0	2289689	22	4.3
1527644000.46	4300	59.748401	0.0	2059512	23	4.3
1527644004.12	4300	59.997634	0.0	2220726	21	4.3
1527644008.27	4300	59.998136	0.0	2156729	24	4.3
1527644012.42	4300	59.748593	0.0	2039773	18	4.3
1527644016.07	4300	59.99862	0.0	2176469	27	4.3
1527644020.23	4300	59.998083	0.0	2221506	26	4.3
1527644024.42	4300	59.747056	0.0	2044075	24	4.3
1527644028.08	4300	59.99837	0.0	2186790	26	4.3
1527644032.24	4300	59.997536	0.0	2105231	26	4.3
1527644036.41	4300	59.748512	0.0	2395588	29	4.3
1527644040.05	4300	59.998622	0.0	1972048	21	4.3
1527644044.24	4300	59.998978	0.0	2134614	24	4.3
1527644048.4	4300	59.749134	0.0	2164140	26	4.3
1527644052.06	4300	59.997615	0.0	2113193	21	4.3
1527644056.21	4300	59.998003	0.0	2147852	24	4.3
1527644060.36	4300	59.74883	0.0	2191074	19	4.3
1527644064.51	4300	59.749167	0.0	2286761	27	4.3
1527644068.17	4300	59.999158	0.0	2307787	22	4.3
1527644072.32	4300	59.749223	0.0	2143948	25	4.3
1527644076.5	4300	59.748552	0.0	1919781	18	4.3
1527644080.16	4300	59.999147	0.0	2147467	24	4.3
1527644084.31	4300	59.748532	0.0	2133870	26	4.3
1527644088.46	4300	59.748338	0.0	2146120	24	4.3
1527644092.12	4300	59.997759	0.0	2108491	24	4.3
1527644096.28	4300	59.749226	0.0	2184571	24	4.3
1527644100.44	4300	59.748584	0.0	2121928	23	4.3
1527644104.07	4300	59.997293	0.0	2219102	10	4.3
1527644108.23	4300	59.998334	0.0	2124950	26	4.3
1527644112.38	4300	59.748779	0.0	2246506	25	4.3
1527644116.51	4300	59.748673	0.0	1961140	20	4.3
1527644120.14	4300	59.998733	0.0	2155012	25	4.3
1527644122.25	4300	59.67762	0.0	1433658	14	4.3

1527644122.46	750	4	0.016	668286	4	-0.06879999999999997
1527644122.62	4300	7.949947	0.0	2123065	21	0.75
1527644122.76	4300	11.808525	0.0	2177073	23	4.3
1527644122.91	4300	15.656406	0.0	2160877	19	4.3
1527644123.05	4300	19.519651	0.0	2233056	12	4.3
1527644123.18	4300	23.386618	0.0	1941625	19	4.3
1527644123.32	4300	27.241447	0.0	2157535	27	4.3
1527644123.47	4300	31.094849	0.0	2290172	25	4.3
1527644123.61	4300	34.952559	0.0	2055469	25	4.3
1527644123.75	4300	38.815502	0.0	2169201	22	4.3
1527644123.9	4300	42.671259	0.0	2173522	26	4.3
1527644124.04	4300	46.525545	0.0	2102452	25	4.3
1527644124.18	4300	50.387968	0.0	2209463	19	4.3
1527644124.32	4300	54.249012	0.0	2275376	25	4.3
1527644124.45	4300	58.118559	0.0	2005399	16	4.3
