1527787229.27	750	4	0.026	2354772	10	-0.11180000000000001
1527787229.41	4300	7.962638	0.0	2123065	24	0.75
1527787229.56	4300	11.815713	0.0	2177073	26	4.3
1527787229.68	4300	15.695944	0.0	2160877	9	4.3
1527787229.83	4300	19.547035	0.0	2233056	24	4.3
1527787229.97	4300	23.409449	0.0	1941625	18	4.3
1527787230.11	4300	27.270713	0.0	2157535	22	4.3
1527787230.23	4300	31.146489	0.0	2290172	12	4.3
1527787230.37	4300	35.003239	0.0	2055469	23	4.3
1527787230.5	4300	38.880376	0.0	2169201	11	4.3
1527787230.62	4300	42.76029	0.0	2173522	11	4.3
1527787230.74	4300	46.640259	0.0	2102452	13	4.3
1527787230.88	4300	50.493875	0.0	2209463	27	4.3
1527787231.05	4300	54.331107	0.0	2275376	29	4.3
1527787231.18	4300	58.19325	0.0	2005399	20	4.3
1527787233.84	4300	59.749234	0.0	2152483	23	4.3
1527787237.49	4300	59.999466	0.0	2289689	21	4.3
1527787241.67	4300	59.749167	0.0	2059512	22	4.3
1527787245.82	4300	59.749151	0.0	2220726	23	4.3
1527787249.48	4300	59.999318	0.0	2156729	26	4.3
1527787254.13	4300	59.499096	0.0	2039773	12	4.3
1527787257.79	4300	59.749647	0.0	2176469	27	4.3
1527787261.44	4300	59.99839	0.0	2221506	19	4.3
1527787265.59	4300	59.99835	0.0	2044075	22	4.3
1527787269.73	4300	59.749576	0.0	2186790	19	4.3
1527787273.39	4300	59.998391	0.0	2105231	25	4.3
1527787278.06	4300	59.498976	0.0	2395588	27	4.3
1527787281.7	4300	59.749359	0.0	1972048	19	4.3
1527787285.87	4300	59.748294	0.0	2134614	21	4.3
1527787289.52	4300	59.999484	0.0	2164140	18	4.3
1527787293.67	4300	59.749477	0.0	2113193	24	4.3
1527787297.83	4300	59.748396	0.0	2147852	18	4.3
1527787301.48	4300	59.99816	0.0	2191074	23	4.3
1527787305.64	4300	59.748983	0.0	2286761	27	4.3
1527787309.8	4300	59.747668	0.0	2307787	26	4.3
1527787313.45	4300	59.998861	0.0	2143948	23	4.3
1527787318.11	4300	59.499502	0.0	1919781	24	4.3
1527787321.76	4300	59.748515	0.0	2147467	19	4.3
1527787325.39	4300	59.998998	0.0	2133870	12	4.3
1527787329.55	4300	59.999442	0.0	2146120	21	4.3
1527787333.69	4300	59.749621	0.0	2108491	19	4.3
1527787337.85	4300	59.748805	0.0	2184571	26	4.3
1527787341.99	4300	59.497532	0.0	2121928	13	4.3
1527787345.65	4300	59.747598	0.0	2219102	20	4.3
1527787349.8	4300	59.74889	0.0	2124950	25	4.3
1527787353.44	4300	59.998805	0.0	2246506	23	4.3
1527787357.57	4300	59.999389	0.0	1961140	21	4.3
1527787361.7	4300	59.74955	0.0	2155012	25	4.3
1527787363.31	4300	59.927892	0.0	1433658	16	4.3

1527787363.54	750	4	0.014	668286	3	-0.06020000000000003
1527787363.7	4300	7.946908	0.0	2123065	24	0.75
1527787363.84	4300	11.802652	0.0	2177073	25	4.3
1527787363.98	4300	15.669256	0.0	2160877	19	4.3
1527787364.1	4300	19.541198	0.0	2233056	16	4.3
1527787364.24	4300	23.409267	0.0	1941625	20	4.3
1527787364.37	4300	27.274743	0.0	2157535	17	4.3
1527787364.51	4300	31.135333	0.0	2290172	22	4.3
1527787364.63	4300	35.018513	0.0	2055469	10	4.3
1527787364.75	4300	38.898138	0.0	2169201	13	4.3
1527787364.86	4300	42.779523	0.0	2173522	12	4.3
1527787364.99	4300	46.655857	0.0	2102452	11	4.3
1527787365.13	4300	50.514347	0.0	2209463	27	4.3
1527787365.26	4300	54.383753	0.0	2275376	16	4.3
1527787365.4	4300	58.243401	0.0	2005399	24	4.3
1527787368.03	4300	59.749235	0.0	2152483	13	4.3
1527787371.67	4300	59.998436	0.0	2289689	26	4.3
1527787375.9	4300	59.999218	0.0	2059512	25	4.3
1527787380.07	4300	59.749639	0.0	2220726	20	4.3
1527787383.79	4300	59.999032	0.0	2156729	25	4.3
1527787387.95	4300	59.749254	0.0	2039773	23	4.3
1527787392.11	4300	59.749075	0.0	2176469	23	4.3
1527787395.76	4300	59.99943	0.0	2221506	28	4.3
1527787399.92	4300	59.749458	0.0	2044075	21	4.3
1527787404.07	4300	59.749281	0.0	2186790	23	4.3
1527787407.73	4300	59.998196	0.0	2105231	25	4.3
1527787411.88	4300	59.998866	0.0	2395588	21	4.3
1527787416.03	4300	59.749743	0.0	1972048	23	4.3
1527787420.18	4300	59.498577	0.0	2134614	24	4.3
1527787424.4	4300	59.499422	0.0	2164140	20	4.3
1527787428.05	4300	59.749048	0.0	2113193	21	4.3
1527787431.7	4300	59.998832	0.0	2147852	24	4.3
1527787436.35	4300	59.49827	0.0	2191074	18	4.3
1527787440.0	4300	59.748017	0.0	2286761	20	4.3
1527787443.65	4300	59.998313	0.0	2307787	26	4.3
1527787447.78	4300	59.998108	0.0	2143948	15	4.3
1527787451.94	4300	59.749412	0.0	1919781	25	4.3
1527787456.1	4300	59.749528	0.0	2147467	24	4.3
1527787459.75	4300	59.999146	0.0	2133870	26	4.3
1527787463.9	4300	59.998927	0.0	2146120	19	4.3
1527787468.09	4300	59.748449	0.0	2108491	24	4.3
1527787471.75	4300	59.998775	0.0	2184571	25	4.3
1527787475.9	4300	59.749231	0.0	2121928	19	4.3
1527787480.07	4300	59.748098	0.0	2219102	22	4.3
1527787483.72	4300	59.999356	0.0	2124950	23	4.3
1527787487.87	4300	59.999385	0.0	2246506	21	4.3
1527787492.0	4300	59.749411	0.0	1961140	22	4.3
1527787496.11	4300	59.749613	0.0	2155012	7	4.3
1527787497.71	4300	59.679789	0.0	1433658	15	4.3

1527787497.92	750	4	0.015	668286	4	-0.0645
1527787498.07	4300	7.953329	0.0	2123065	18	0.75
1527787498.21	4300	11.811911	0.0	2177073	23	4.3
1527787498.34	4300	15.687705	0.0	2160877	13	4.3
1527787498.47	4300	19.55641	0.0	2233056	14	4.3
1527787498.59	4300	23.433442	0.0	1941625	13	4.3
1527787498.73	4300	27.295135	0.0	2157535	19	4.3
1527787498.85	4300	31.170391	0.0	2290172	14	4.3
1527787498.97	4300	35.052306	0.0	2055469	12	4.3
1527787499.1	4300	38.928371	0.0	2169201	12	4.3
1527787499.22	4300	42.807848	0.0	2173522	13	4.3
1527787499.34	4300	46.687327	0.0	2102452	12	4.3
1527787499.46	4300	50.568277	0.0	2209463	13	4.3
1527787499.58	4300	54.4477	0.0	2275376	13	4.3
1527787499.7	4300	58.329788	0.0	2005399	11	4.3
1527787502.33	4300	59.748686	0.0	2152483	11	4.3
1527787506.47	4300	59.748345	0.0	2289689	13	4.3
1527787510.12	4300	59.99863	0.0	2059512	25	4.3
1527787514.28	4300	59.74852	0.0	2220726	25	4.3
1527787518.43	4300	59.748958	0.0	2156729	20	4.3
1527787522.09	4300	59.999077	0.0	2039773	24	4.3
1527787526.24	4300	59.998291	0.0	2176469	20	4.3
1527787530.39	4300	59.749222	0.0	2221506	24	4.3
1527787534.04	4300	59.997429	0.0	2044075	21	4.3
1527787538.2	4300	59.998726	0.0	2186790	25	4.3
1527787542.35	4300	59.749101	0.0	2105231	20	4.3
1527787546.48	4300	59.748705	0.0	2395588	13	4.3
1527787550.11	4300	59.997485	0.0	1972048	12	4.3
1527787554.26	4300	59.998612	0.0	2134614	18	4.3
1527787558.41	4300	59.747757	0.0	2164140	27	4.3
1527787562.06	4300	59.998704	0.0	2113193	20	4.3
1527787566.23	4300	59.998507	0.0	2147852	25	4.3
1527787570.39	4300	59.747373	0.0	2191074	26	4.3
1527787574.53	4300	59.749237	0.0	2286761	17	4.3
1527787578.17	4300	59.998743	0.0	2307787	23	4.3
1527787582.33	4300	59.748705	0.0	2143948	28	4.3
1527787586.47	4300	59.749096	0.0	1919781	21	4.3
1527787590.11	4300	59.999144	0.0	2147467	19	4.3
1527787594.28	4300	59.749002	0.0	2133870	26	4.3
1527787598.44	4300	59.749144	0.0	2146120	25	4.3
1527787602.08	4300	59.998285	0.0	2108491	22	4.3
