1528269354.81	750	4	0.026	2354772	10	-0.11180000000000001
1528269354.88	4300	7.979883	0.0	2123065	6	0.75
1528269354.99	4300	11.878106	0.0	2177073	23	4.3
1528269355.08	4300	15.779131	0.0	2160877	25	4.3
1528269355.17	4300	19.692561	0.0	2233056	18	4.3
1528269355.26	4300	23.599391	0.0	1941625	22	4.3
1528269355.34	4300	27.524044	0.0	2157535	12	4.3
1528269355.44	4300	31.429236	0.0	2290172	21	4.3
1528269355.54	4300	35.328515	0.0	2055469	22	4.3
1528269355.63	4300	39.237335	0.0	2169201	22	4.3
1528269355.72	4300	43.141776	0.0	2173522	26	4.3
1528269355.81	4300	47.052204	0.0	2102452	23	4.3
1528269355.9	4300	50.960555	0.0	2209463	22	4.3
1528269356.01	4300	54.849824	0.0	2275376	21	4.3
1528269356.08	4300	58.780232	0.0	2005399	6	4.3
1528269359.18	4300	59.747703	0.0	2152483	20	4.3
1528269363.3	4300	59.747431	0.0	2289689	27	4.3
1528269366.91	4300	59.997865	0.0	2059512	25	4.3
1528269371.02	4300	59.998976	0.0	2220726	23	4.3
1528269375.13	4300	59.748078	0.0	2156729	25	4.3
1528269379.23	4300	59.7495	0.0	2039773	23	4.3
1528269383.34	4300	59.748753	0.0	2176469	26	4.3
1528269387.45	4300	59.499533	0.0	2221506	26	4.3
1528269391.06	4300	59.998161	0.0	2044075	23	4.3
1528269395.16	4300	59.747725	0.0	2186790	26	4.3
1528269399.27	4300	59.748702	0.0	2105231	24	4.3
1528269402.88	4300	59.997773	0.0	2395588	29	4.3
1528269406.98	4300	59.999014	0.0	1972048	23	4.3
1528269411.09	4300	59.999035	0.0	2134614	25	4.3
1528269415.2	4300	59.749484	0.0	2164140	26	4.3
1528269419.31	4300	59.748611	0.0	2113193	25	4.3
1528269422.92	4300	59.998458	0.0	2147852	27	4.3
1528269427.03	4300	59.999375	0.0	2191074	22	4.3
1528269431.14	4300	59.748413	0.0	2286761	22	4.3
1528269435.25	4300	59.74806	0.0	2307787	25	4.3
1528269439.36	4300	59.748323	0.0	2143948	23	4.3
1528269442.96	4300	59.998924	0.0	1919781	23	4.3
1528269447.07	4300	59.998607	0.0	2147467	21	4.3
1528269451.18	4300	59.748647	0.0	2133870	21	4.3
1528269455.27	4300	59.749215	0.0	2146120	11	4.3
1528269458.87	4300	59.998672	0.0	2108491	20	4.3
1528269462.98	4300	59.998748	0.0	2184571	20	4.3
1528269467.58	4300	59.499627	0.0	2121928	19	4.3
1528269471.19	4300	59.748683	0.0	2219102	26	4.3
1528269475.29	4300	59.701871	0.0	2124950	23	4.3
1528269478.9	4300	59.999305	0.0	2246506	27	4.3
1528269483.02	4300	59.999377	0.0	1961140	22	4.3
1528269487.12	4300	59.748476	0.0	2155012	18	4.3
1528269488.71	4300	59.92952	0.0	1433658	16	4.3

1528269488.94	750	4	0.024	2354772	7	-0.10319999999999996
1528269489.04	4300	7.960109	0.0	2123065	23	0.75
1528269489.13	4300	11.868528	0.0	2177073	25	4.3
1528269489.2	4300	15.795481	0.0	2160877	13	4.3
1528269489.29	4300	19.706511	0.0	2233056	15	4.3
1528269489.4	4300	23.597218	0.0	1941625	23	4.3
1528269489.49	4300	27.505597	0.0	2157535	22	4.3
1528269489.59	4300	31.410394	0.0	2290172	23	4.3
1528269489.68	4300	35.319957	0.0	2055469	19	4.3
1528269489.77	4300	39.230871	0.0	2169201	21	4.3
1528269489.86	4300	43.14069	0.0	2173522	23	4.3
1528269489.94	4300	47.061964	0.0	2102452	14	4.3
1528269490.03	4300	50.971219	0.0	2209463	24	4.3
1528269490.11	4300	54.886844	0.0	2275376	16	4.3
1528269490.21	4300	58.792257	0.0	2005399	24	4.3
1528269493.31	4300	59.749504	0.0	2152483	25	4.3
1528269497.42	4300	59.749621	0.0	2289689	21	4.3
1528269501.04	4300	59.99859	0.0	2059512	24	4.3
1528269505.14	4300	59.997755	0.0	2220726	26	4.3
1528269509.25	4300	59.749388	0.0	2156729	23	4.3
1528269513.35	4300	59.747701	0.0	2039773	24	4.3
1528269517.46	4300	59.749257	0.0	2176469	25	4.3
1528269521.07	4300	59.998845	0.0	2221506	24	4.3
1528269525.18	4300	59.999042	0.0	2044075	24	4.3
1528269529.29	4300	59.74957	0.0	2186790	26	4.3
1528269533.4	4300	59.74924	0.0	2105231	26	4.3
1528269537.01	4300	59.998768	0.0	2395588	29	4.3
1528269541.11	4300	59.999034	0.0	1972048	22	4.3
1528269545.22	4300	59.999435	0.0	2134614	27	4.3
1528269549.33	4300	59.747656	0.0	2164140	24	4.3
1528269553.44	4300	59.74913	0.0	2113193	24	4.3
1528269557.05	4300	59.999195	0.0	2147852	26	4.3
1528269561.66	4300	59.499216	0.0	2191074	24	4.3
1528269565.27	4300	59.747947	0.0	2286761	25	4.3
1528269569.37	4300	59.748169	0.0	2307787	26	4.3
1528269573.49	4300	59.747772	0.0	2143948	24	4.3
1528269577.09	4300	59.999133	0.0	1919781	22	4.3
1528269581.19	4300	59.997803	0.0	2147467	24	4.3
1528269585.31	4300	59.74916	0.0	2133870	26	4.3
1528269589.52	4300	59.748719	0.0	2146120	25	4.3
1528269593.12	4300	59.99925	0.0	2108491	19	4.3
1528269597.22	4300	59.999074	0.0	2184571	22	4.3
1528269601.32	4300	59.748864	0.0	2121928	26	4.3
1528269605.44	4300	59.748713	0.0	2219102	28	4.3
1528269609.04	4300	59.999413	0.0	2124950	27	4.3
1528269613.15	4300	59.999277	0.0	2246506	25	4.3
1528269617.25	4300	59.998921	0.0	1961140	21	4.3
1528269621.36	4300	59.749375	0.0	2155012	25	4.3
1528269622.96	4300	59.927645	0.0	1433658	18	4.3

1528269623.19	750	4	0.023	2354772	9	-0.09889999999999999
1528269623.28	4300	7.960342	0.0	2123065	22	0.75
1528269623.38	4300	11.864968	0.0	2177073	23	4.3
1528269623.46	4300	15.784231	0.0	2160877	15	4.3
1528269623.56	4300	19.685963	0.0	2233056	29	4.3
1528269623.63	4300	23.617193	0.0	1941625	9	4.3
1528269623.72	4300	27.524442	0.0	2157535	12	4.3
1528269623.81	4300	31.431694	0.0	2290172	22	4.3
1528269623.92	4300	35.329717	0.0	2055469	25	4.3
1528269624.01	4300	39.231169	0.0	2169201	27	4.3
1528269624.11	4300	43.138943	0.0	2173522	24	4.3
1528269624.19	4300	47.050499	0.0	2102452	23	4.3
1528269624.28	4300	50.961421	0.0	2209463	25	4.3
1528269624.37	4300	54.871417	0.0	2275376	26	4.3
1528269624.46	4300	58.78236	0.0	2005399	23	4.3
1528269627.55	4300	59.748118	0.0	2152483	15	4.3
1528269631.66	4300	59.749257	0.0	2289689	25	4.3
1528269635.26	4300	59.998441	0.0	2059512	25	4.3
1528269639.37	4300	59.999116	0.0	2220726	24	4.3
1528269643.97	4300	59.499519	0.0	2156729	26	4.3
