1527794575.02	750	4	0.027	2354772	7	-0.11609999999999998
1527794575.17	4300	7.956807	0.0	2123065	24	0.75
1527794575.32	4300	11.80705	0.0	2177073	26	4.3
1527794575.46	4300	15.670992	0.0	2160877	21	4.3
1527794575.6	4300	19.531612	0.0	2233056	27	4.3
1527794575.72	4300	23.410225	0.0	1941625	10	4.3
1527794575.84	4300	27.287903	0.0	2157535	12	4.3
1527794575.99	4300	31.142358	0.0	2290172	28	4.3
1527794576.11	4300	35.019428	0.0	2055469	13	4.3
1527794576.24	4300	38.897433	0.0	2169201	12	4.3
1527794576.36	4300	42.770054	0.0	2173522	11	4.3
1527794576.48	4300	46.65192	0.0	2102452	11	4.3
1527794576.6	4300	50.53213	0.0	2209463	12	4.3
1527794576.73	4300	54.395612	0.0	2275376	13	4.3
1527794576.84	4300	58.289175	0.0	2005399	6	4.3
1527794579.49	4300	59.74899	0.0	2152483	24	4.3
1527794583.13	4300	59.999098	0.0	2289689	21	4.3
1527794587.29	4300	59.999139	0.0	2059512	25	4.3
1527794591.44	4300	59.749102	0.0	2220726	22	4.3
1527794595.6	4300	59.748948	0.0	2156729	24	4.3
1527794599.24	4300	59.999054	0.0	2039773	20	4.3
1527794603.43	4300	59.749599	0.0	2176469	28	4.3
1527794607.58	4300	59.748416	0.0	2221506	21	4.3
1527794611.74	4300	59.499631	0.0	2044075	23	4.3
1527794615.38	4300	59.749658	0.0	2186790	21	4.3
1527794619.54	4300	59.748463	0.0	2105231	23	4.3
1527794623.69	4300	59.498667	0.0	2395588	22	4.3
1527794627.84	4300	59.49922	0.0	1972048	23	4.3
1527794631.5	4300	59.748774	0.0	2134614	23	4.3
1527794635.15	4300	59.998793	0.0	2164140	24	4.3
1527794639.36	4300	59.998725	0.0	2113193	20	4.3
1527794643.55	4300	59.748186	0.0	2147852	25	4.3
1527794647.18	4300	59.99892	0.0	2191074	15	4.3
1527794651.35	4300	59.997648	0.0	2286761	25	4.3
1527794655.51	4300	59.748706	0.0	2307787	29	4.3
1527794659.16	4300	59.998828	0.0	2143948	21	4.3
1527794663.31	4300	59.998687	0.0	1919781	23	4.3
1527794667.46	4300	59.74834	0.0	2147467	19	4.3
1527794671.62	4300	59.749226	0.0	2133870	25	4.3
1527794675.27	4300	59.998495	0.0	2146120	18	4.3
1527794679.42	4300	59.749023	0.0	2108491	25	4.3
1527794683.58	4300	59.749304	0.0	2184571	26	4.3
1527794687.23	4300	59.999166	0.0	2121928	25	4.3
1527794691.39	4300	59.748782	0.0	2219102	25	4.3
1527794695.54	4300	59.74843	0.0	2124950	22	4.3
1527794699.18	4300	59.998984	0.0	2246506	22	4.3
1527794703.3	4300	59.998996	0.0	1961140	19	4.3
1527794707.43	4300	59.749219	0.0	2155012	17	4.3
1527794709.04	4300	59.928637	0.0	1433658	17	4.3

1527794709.28	750	4	0.012	668286	2	-0.05159999999999998
1527794709.44	4300	7.950401	0.0	2123065	20	0.75
1527794709.58	4300	11.805847	0.0	2177073	25	4.3
1527794709.71	4300	15.680458	0.0	2160877	14	4.3
1527794709.86	4300	19.531637	0.0	2233056	26	4.3
1527794709.98	4300	23.406237	0.0	1941625	11	4.3
1527794710.13	4300	27.262775	0.0	2157535	22	4.3
1527794710.25	4300	31.136729	0.0	2290172	12	4.3
1527794710.4	4300	34.994509	0.0	2055469	22	4.3
1527794710.52	4300	38.863937	0.0	2169201	13	4.3
1527794710.65	4300	42.739009	0.0	2173522	11	4.3
1527794710.79	4300	46.593683	0.0	2102452	16	4.3
1527794710.94	4300	50.448853	0.0	2209463	21	4.3
1527794711.09	4300	54.300205	0.0	2275376	26	4.3
1527794711.22	4300	58.176078	0.0	2005399	13	4.3
1527794713.86	4300	59.748993	0.0	2152483	16	4.3
1527794717.55	4300	59.999415	0.0	2289689	24	4.3
1527794721.73	4300	59.749397	0.0	2059512	22	4.3
1527794725.39	4300	59.997647	0.0	2220726	29	4.3
1527794729.55	4300	59.99925	0.0	2156729	25	4.3
1527794733.7	4300	59.747841	0.0	2039773	21	4.3
1527794737.86	4300	59.749683	0.0	2176469	27	4.3
1527794741.51	4300	59.997842	0.0	2221506	19	4.3
1527794745.66	4300	59.748	0.0	2044075	24	4.3
1527794749.8	4300	59.749459	0.0	2186790	10	4.3
1527794753.95	4300	59.498089	0.0	2105231	21	4.3
1527794757.61	4300	59.998628	0.0	2395588	28	4.3
1527794761.77	4300	59.749086	0.0	1972048	22	4.3
1527794765.42	4300	59.999282	0.0	2134614	23	4.3
1527794769.58	4300	59.998976	0.0	2164140	25	4.3
1527794773.74	4300	59.748088	0.0	2113193	22	4.3
1527794777.4	4300	59.998737	0.0	2147852	21	4.3
1527794782.07	4300	59.498225	0.0	2191074	24	4.3
1527794785.72	4300	59.74952	0.0	2286761	24	4.3
1527794789.89	4300	59.748973	0.0	2307787	27	4.3
1527794793.56	4300	59.998819	0.0	2143948	25	4.3
1527794797.71	4300	59.749356	0.0	1919781	22	4.3
1527794801.86	4300	59.749429	0.0	2147467	22	4.3
1527794805.53	4300	59.999432	0.0	2133870	27	4.3
1527794809.73	4300	59.749505	0.0	2146120	25	4.3
1527794813.89	4300	59.74784	0.0	2108491	25	4.3
1527794817.52	4300	59.998367	0.0	2184571	15	4.3
1527794821.68	4300	59.748886	0.0	2121928	26	4.3
1527794825.84	4300	59.748529	0.0	2219102	20	4.3
1527794829.49	4300	59.999379	0.0	2124950	25	4.3
1527794833.64	4300	59.74948	0.0	2246506	20	4.3
1527794837.77	4300	59.749468	0.0	1961140	15	4.3
1527794841.4	4300	59.999079	0.0	2155012	25	4.3
1527794843.52	4300	59.679157	0.0	1433658	16	4.3

1527794843.75	750	4	0.014	668286	2	-0.06020000000000003
1527794843.91	4300	7.941304	0.0	2123065	11	0.75
1527794844.04	4300	11.813235	0.0	2177073	15	4.3
1527794844.19	4300	15.663762	0.0	2160877	22	4.3
1527794844.32	4300	19.53647	0.0	2233056	12	4.3
1527794844.44	4300	23.415448	0.0	1941625	9	4.3
1527794844.56	4300	27.290389	0.0	2157535	12	4.3
1527794844.7	4300	31.157755	0.0	2290172	12	4.3
1527794844.86	4300	34.997137	0.0	2055469	26	4.3
1527794845.01	4300	38.853733	0.0	2169201	25	4.3
1527794845.15	4300	42.7033	0.0	2173522	27	4.3
1527794845.3	4300	46.554806	0.0	2102452	25	4.3
1527794845.43	4300	50.428076	0.0	2209463	16	4.3
1527794845.56	4300	54.298584	0.0	2275376	15	4.3
1527794845.69	4300	58.159865	0.0	2005399	22	4.3
1527794848.33	4300	59.749468	0.0	2152483	17	4.3
