1527796044.35	750	4	0.025	2354772	7	-0.10750000000000004
1527796044.49	4300	7.969215	0.0	2123065	16	0.75
1527796044.63	4300	11.829857	0.0	2177073	24	4.3
1527796044.78	4300	15.682535	0.0	2160877	28	4.3
1527796044.92	4300	19.534413	0.0	2233056	25	4.3
1527796045.06	4300	23.400019	0.0	1941625	14	4.3
1527796045.19	4300	27.271908	0.0	2157535	9	4.3
1527796045.3	4300	31.156272	0.0	2290172	10	4.3
1527796045.44	4300	35.017005	0.0	2055469	22	4.3
1527796045.59	4300	38.873206	0.0	2169201	25	4.3
1527796045.73	4300	42.73346	0.0	2173522	17	4.3
1527796045.86	4300	46.595094	0.0	2102452	22	4.3
1527796046.0	4300	50.465072	0.0	2209463	14	4.3
1527796046.15	4300	54.307532	0.0	2275376	24	4.3
1527796046.26	4300	58.19762	0.0	2005399	7	4.3
1527796048.88	4300	59.749383	0.0	2152483	7	4.3
1527796052.53	4300	59.998752	0.0	2289689	21	4.3
1527796056.68	4300	59.999033	0.0	2059512	24	4.3
1527796060.83	4300	59.748865	0.0	2220726	23	4.3
1527796064.57	4300	59.998541	0.0	2156729	23	4.3
1527796068.7	4300	59.998167	0.0	2039773	10	4.3
1527796072.85	4300	59.748781	0.0	2176469	24	4.3
1527796076.52	4300	59.997849	0.0	2221506	24	4.3
1527796080.68	4300	59.998772	0.0	2044075	23	4.3
1527796084.83	4300	59.748812	0.0	2186790	19	4.3
1527796088.49	4300	59.997698	0.0	2105231	25	4.3
1527796092.65	4300	59.998418	0.0	2395588	29	4.3
1527796096.8	4300	59.747989	0.0	1972048	18	4.3
1527796100.96	4300	59.747822	0.0	2134614	27	4.3
1527796104.61	4300	59.997675	0.0	2164140	21	4.3
1527796108.77	4300	59.748758	0.0	2113193	25	4.3
1527796112.92	4300	59.74943	0.0	2147852	24	4.3
1527796116.57	4300	59.99785	0.0	2191074	24	4.3
1527796120.73	4300	59.74828	0.0	2286761	26	4.3
1527796124.89	4300	59.748956	0.0	2307787	23	4.3
1527796128.54	4300	59.997817	0.0	2143948	23	4.3
1527796132.7	4300	59.997838	0.0	1919781	22	4.3
1527796136.85	4300	59.748754	0.0	2147467	23	4.3
1527796140.51	4300	59.998884	0.0	2133870	26	4.3
1527796144.69	4300	59.998656	0.0	2146120	33	4.3
1527796148.85	4300	59.749365	0.0	2108491	23	4.3
1527796152.51	4300	59.998473	0.0	2184571	28	4.3
1527796156.65	4300	59.997753	0.0	2121928	19	4.3
1527796160.81	4300	59.749281	0.0	2219102	27	4.3
1527796164.96	4300	59.748705	0.0	2124950	21	4.3
1527796168.6	4300	59.999159	0.0	2246506	21	4.3
1527796172.73	4300	59.748355	0.0	1961140	18	4.3
1527796176.86	4300	59.747446	0.0	2155012	26	4.3
1527796178.46	4300	59.679075	0.0	1433658	17	4.3

1527796178.66	750	4	0.014	668286	2	-0.06020000000000003
1527796178.8	4300	7.956589	0.0	2123065	12	0.75
1527796178.93	4300	11.827609	0.0	2177073	16	4.3
1527796179.06	4300	15.697544	0.0	2160877	15	4.3
1527796179.18	4300	19.579768	0.0	2233056	10	4.3
1527796179.29	4300	23.471153	0.0	1941625	7	4.3
1527796179.4	4300	27.362029	0.0	2157535	7	4.3
1527796179.51	4300	31.247133	0.0	2290172	8	4.3
1527796179.62	4300	35.136991	0.0	2055469	7	4.3
1527796179.73	4300	39.028849	0.0	2169201	6	4.3
1527796179.84	4300	42.918124	0.0	2173522	8	4.3
1527796179.95	4300	46.810371	0.0	2102452	8	4.3
1527796180.06	4300	50.702224	0.0	2209463	8	4.3
1527796180.19	4300	54.56825	0.0	2275376	19	4.3
1527796180.33	4300	58.431952	0.0	2005399	18	4.3
1527796182.96	4300	59.997692	0.0	2152483	14	4.3
1527796187.12	4300	59.749257	0.0	2289689	26	4.3
1527796190.77	4300	59.999325	0.0	2059512	21	4.3
1527796194.93	4300	59.998665	0.0	2220726	23	4.3
1527796199.08	4300	59.749628	0.0	2156729	19	4.3
1527796203.23	4300	59.748773	0.0	2039773	25	4.3
1527796206.88	4300	59.997794	0.0	2176469	21	4.3
1527796211.04	4300	59.749462	0.0	2221506	27	4.3
1527796215.19	4300	59.74795	0.0	2044075	18	4.3
1527796218.87	4300	59.998989	0.0	2186790	26	4.3
1527796223.07	4300	59.749384	0.0	2105231	24	4.3
1527796227.21	4300	59.749403	0.0	2395588	23	4.3
1527796230.84	4300	59.99918	0.0	1972048	11	4.3
1527796234.99	4300	59.998899	0.0	2134614	11	4.3
1527796239.14	4300	59.749043	0.0	2164140	26	4.3
1527796243.29	4300	59.498815	0.0	2113193	19	4.3
1527796246.95	4300	59.998917	0.0	2147852	24	4.3
1527796251.1	4300	59.749479	0.0	2191074	16	4.3
1527796255.25	4300	59.749545	0.0	2286761	28	4.3
1527796258.92	4300	59.999249	0.0	2307787	25	4.3
1527796263.07	4300	59.7482	0.0	2143948	18	4.3
1527796267.22	4300	59.748514	0.0	1919781	22	4.3
1527796270.87	4300	59.999324	0.0	2147467	21	4.3
1527796275.02	4300	59.748958	0.0	2133870	24	4.3
1527796279.17	4300	59.749094	0.0	2146120	21	4.3
1527796283.32	4300	59.498132	0.0	2108491	20	4.3
1527796286.98	4300	59.999273	0.0	2184571	27	4.3
1527796291.13	4300	59.749286	0.0	2121928	24	4.3
1527796294.78	4300	59.997949	0.0	2219102	22	4.3
1527796298.93	4300	59.999208	0.0	2124950	24	4.3
