1528243180.88	750	4	0.026	2354772	7	-0.11180000000000001
1528243180.98	4300	7.959494	0.0	2123065	22	0.75
1528243181.08	4300	11.864203	0.0	2177073	25	4.3
1528243181.17	4300	15.772943	0.0	2160877	25	4.3
1528243181.24	4300	19.695055	0.0	2233056	12	4.3
1528243181.34	4300	23.600763	0.0	1941625	23	4.3
1528243181.44	4300	27.503727	0.0	2157535	25	4.3
1528243181.53	4300	31.410608	0.0	2290172	29	4.3
1528243181.62	4300	35.319152	0.0	2055469	20	4.3
1528243181.71	4300	39.229405	0.0	2169201	24	4.3
1528243181.8	4300	43.140534	0.0	2173522	25	4.3
1528243181.89	4300	47.048904	0.0	2102452	23	4.3
1528243181.98	4300	50.959157	0.0	2209463	24	4.3
1528243182.07	4300	54.869431	0.0	2275376	16	4.3
1528243182.15	4300	58.785277	0.0	2005399	24	4.3
1528243185.24	4300	59.749027	0.0	2152483	14	4.3
1528243189.35	4300	59.74943	0.0	2289689	26	4.3
1528243192.97	4300	59.999013	0.0	2059512	23	4.3
1528243197.08	4300	59.999011	0.0	2220726	29	4.3
1528243201.19	4300	59.748587	0.0	2156729	26	4.3
1528243205.31	4300	59.748911	0.0	2039773	24	4.3
1528243209.42	4300	59.747561	0.0	2176469	26	4.3
1528243213.03	4300	59.998005	0.0	2221506	26	4.3
1528243217.13	4300	59.999484	0.0	2044075	22	4.3
1528243221.24	4300	59.748127	0.0	2186790	25	4.3
1528243225.35	4300	59.74765	0.0	2105231	25	4.3
1528243228.96	4300	59.999249	0.0	2395588	26	4.3
1528243233.57	4300	59.499602	0.0	1972048	22	4.3
1528243237.74	4300	59.499238	0.0	2134614	27	4.3
1528243241.57	4300	59.749644	0.0	2164140	12	4.3
1528243245.32	4300	59.749272	0.0	2113193	23	4.3
1528243249.16	4300	59.998429	0.0	2147852	23	4.3
1528243253.27	4300	59.7495	0.0	2191074	20	4.3
1528243257.39	4300	59.749689	0.0	2286761	27	4.3
1528243261.09	4300	59.999399	0.0	2307787	26	4.3
1528243265.19	4300	59.748785	0.0	2143948	21	4.3
1528243269.3	4300	59.749028	0.0	1919781	24	4.3
1528243273.41	4300	59.747677	0.0	2147467	26	4.3
1528243277.02	4300	59.998784	0.0	2133870	26	4.3
1528243281.13	4300	59.998412	0.0	2146120	25	4.3
1528243285.24	4300	59.749266	0.0	2108491	23	4.3
1528243289.34	4300	59.749338	0.0	2184571	26	4.3
1528243292.97	4300	59.998071	0.0	2121928	27	4.3
1528243297.08	4300	59.999276	0.0	2219102	25	4.3
1528243301.18	4300	59.999314	0.0	2124950	25	4.3
1528243305.3	4300	59.749646	0.0	2246506	27	4.3
1528243309.41	4300	59.747509	0.0	1961140	22	4.3
1528243313.02	4300	59.999185	0.0	2155012	25	4.3
1528243315.11	4300	59.679155	0.0	1433658	15	4.3

1528243315.35	750	4	0.029	2354772	6	-0.12470000000000003
1528243315.42	4300	7.937888	0.0	2123065	6	0.75
1528243315.5	4300	11.853324	0.0	2177073	19	4.3
1528243315.6	4300	15.758541	0.0	2160877	25	4.3
1528243315.68	4300	19.681528	0.0	2233056	15	4.3
1528243315.77	4300	23.582882	0.0	1941625	21	4.3
1528243315.86	4300	27.50332	0.0	2157535	12	4.3
1528243315.95	4300	31.409496	0.0	2290172	18	4.3
1528243316.05	4300	35.309158	0.0	2055469	24	4.3
1528243316.14	4300	39.214701	0.0	2169201	22	4.3
1528243316.23	4300	43.123092	0.0	2173522	23	4.3
1528243316.32	4300	47.032516	0.0	2102452	22	4.3
1528243316.42	4300	50.938948	0.0	2209463	21	4.3
1528243316.51	4300	54.846518	0.0	2275376	22	4.3
1528243316.62	4300	58.740477	0.0	2005399	25	4.3
1528243319.72	4300	59.74851	0.0	2152483	24	4.3
1528243323.83	4300	59.748234	0.0	2289689	21	4.3
1528243327.43	4300	59.998408	0.0	2059512	19	4.3
1528243331.53	4300	59.998687	0.0	2220726	21	4.3
1528243335.63	4300	59.749138	0.0	2156729	22	4.3
1528243339.74	4300	59.74905	0.0	2039773	25	4.3
1528243343.85	4300	59.749214	0.0	2176469	24	4.3
1528243347.46	4300	59.999077	0.0	2221506	27	4.3
1528243351.56	4300	59.998681	0.0	2044075	22	4.3
1528243355.68	4300	59.748332	0.0	2186790	25	4.3
1528243359.79	4300	59.74899	0.0	2105231	25	4.3
1528243363.42	4300	59.999324	0.0	2395588	28	4.3
1528243367.52	4300	59.999112	0.0	1972048	20	4.3
1528243371.63	4300	59.748325	0.0	2134614	26	4.3
1528243375.74	4300	59.748956	0.0	2164140	28	4.3
1528243379.82	4300	59.749212	0.0	2113193	10	4.3
1528243383.43	4300	59.998555	0.0	2147852	25	4.3
1528243387.54	4300	59.999429	0.0	2191074	24	4.3
1528243391.65	4300	59.748763	0.0	2286761	24	4.3
1528243395.75	4300	59.749144	0.0	2307787	24	4.3
1528243399.94	4300	59.499066	0.0	2143948	27	4.3
1528243403.59	4300	59.997595	0.0	1919781	18	4.3
1528243407.7	4300	59.749098	0.0	2147467	20	4.3
1528243411.82	4300	59.748587	0.0	2133870	23	4.3
1528243415.41	4300	59.998872	0.0	2146120	13	4.3
1528243419.51	4300	59.99885	0.0	2108491	25	4.3
1528243423.62	4300	59.749509	0.0	2184571	25	4.3
1528243427.7	4300	59.748398	0.0	2121928	6	4.3
1528243432.26	4300	59.748416	0.0	2219102	17	4.3
1528243435.35	4300	59.99916	0.0	2124950	23	4.3
1528243439.46	4300	59.998977	0.0	2246506	25	4.3
1528243443.57	4300	59.998735	0.0	1961140	25	4.3
1528243447.68	4300	59.748441	0.0	2155012	25	4.3
1528243449.28	4300	59.928417	0.0	1433658	17	4.3

1528243449.51	750	4	0.025	2354772	10	-0.10750000000000004
1528243449.6	4300	7.957902	0.0	2123065	23	0.75
1528243449.7	4300	11.8604	0.0	2177073	26	4.3
1528243449.77	4300	15.787279	0.0	2160877	11	4.3
1528243449.87	4300	19.694512	0.0	2233056	22	4.3
1528243449.97	4300	23.594078	0.0	1941625	23	4.3
1528243450.05	4300	27.515063	0.0	2157535	11	4.3
1528243450.15	4300	31.412024	0.0	2290172	25	4.3
1528243450.24	4300	35.321116	0.0	2055469	22	4.3
1528243450.33	4300	39.227244	0.0	2169201	23	4.3
1528243450.42	4300	43.139168	0.0	2173522	25	4.3
1528243450.52	4300	47.04511	0.0	2102452	25	4.3
1528243450.62	4300	50.952407	0.0	2209463	23	4.3
1528243450.72	4300	54.844779	0.0	2275376	25	4.3
1528243450.79	4300	58.768439	0.0	2005399	12	4.3
1528243453.89	4300	59.749153	0.0	2152483	18	4.3
1528243458.0	4300	59.748866	0.0	2289689	26	4.3
1528243461.61	4300	59.999419	0.0	2059512	24	4.3
1528243465.71	4300	59.99886	0.0	2220726	25	4.3
1528243469.82	4300	59.749	0.0	2156729	27	4.3
1528243473.93	4300	59.749318	0.0	2039773	23	4.3
1528243478.05	4300	59.749644	0.0	2176469	25	4.3
1528243481.65	4300	59.998171	0.0	2221506	26	4.3
1528243485.75	4300	59.998581	0.0	2044075	24	4.3
1528243489.86	4300	59.748675	0.0	2186790	27	4.3
1528243493.97	4300	59.747633	0.0	2105231	24	4.3
1528243497.58	4300	59.999169	0.0	2395588	29	4.3
1528243501.68	4300	59.999177	0.0	1972048	17	4.3
1528243505.79	4300	59.9987	0.0	2134614	27	4.3
1528243509.9	4300	59.749479	0.0	2164140	25	4.3
1528243514.11	4300	59.749492	0.0	2113193	23	4.3
1528243517.72	4300	59.998554	0.0	2147852	23	4.3
1528243521.82	4300	59.748749	0.0	2191074	22	4.3
1528243525.93	4300	59.748737	0.0	2286761	20	4.3
1528243530.04	4300	59.748512	0.0	2307787	26	4.3
1528243534.15	4300	59.498958	0.0	2143948	22	4.3
1528243537.75	4300	59.999224	0.0	1919781	22	4.3
1528243541.86	4300	59.748629	0.0	2147467	24	4.3
1528243545.99	4300	59.748376	0.0	2133870	25	4.3
1528243549.58	4300	59.999183	0.0	2146120	13	4.3
1528243553.68	4300	59.999353	0.0	2108491	18	4.3
1528243557.78	4300	59.998966	0.0	2184571	25	4.3
