1528197328.35	750	4	0.022	2354772	5	-0.09460000000000002
1528197328.48	4300	7.959512	0.0	2123065	23	0.75
1528197328.57	4300	11.869909	0.0	2177073	22	4.3
1528197328.66	4300	15.77848	0.0	2160877	22	4.3
1528197328.75	4300	19.686606	0.0	2233056	26	4.3
1528197328.85	4300	23.585192	0.0	1941625	14	4.3
1528197328.96	4300	27.483871	0.0	2157535	24	4.3
1528197329.05	4300	31.385077	0.0	2290172	25	4.3
1528197329.14	4300	35.295775	0.0	2055469	22	4.3
1528197329.24	4300	39.201867	0.0	2169201	24	4.3
1528197329.33	4300	43.109435	0.0	2173522	18	4.3
1528197329.42	4300	47.017719	0.0	2102452	18	4.3
1528197329.53	4300	50.913644	0.0	2209463	26	4.3
1528197329.64	4300	54.800997	0.0	2275376	26	4.3
1528197329.74	4300	58.701956	0.0	2005399	21	4.3
1528197332.83	4300	59.748108	0.0	2152483	14	4.3
1528197336.45	4300	59.997679	0.0	2289689	26	4.3
1528197340.56	4300	59.998716	0.0	2059512	22	4.3
1528197344.67	4300	59.998148	0.0	2220726	25	4.3
1528197348.79	4300	59.749106	0.0	2156729	22	4.3
1528197352.89	4300	59.748674	0.0	2039773	23	4.3
1528197356.5	4300	59.999077	0.0	2176469	23	4.3
1528197360.62	4300	59.997774	0.0	2221506	24	4.3
1528197364.72	4300	59.749141	0.0	2044075	21	4.3
1528197368.85	4300	59.749493	0.0	2186790	21	4.3
1528197372.46	4300	59.999125	0.0	2105231	26	4.3
1528197377.07	4300	59.498725	0.0	2395588	24	4.3
1528197380.66	4300	59.998569	0.0	1972048	14	4.3
1528197384.77	4300	59.748913	0.0	2134614	20	4.3
1528197388.87	4300	59.747958	0.0	2164140	22	4.3
1528197392.48	4300	59.99917	0.0	2113193	24	4.3
1528197396.58	4300	59.998998	0.0	2147852	22	4.3
1528197400.69	4300	59.99782	0.0	2191074	23	4.3
1528197404.8	4300	59.748131	0.0	2286761	24	4.3
1528197408.91	4300	59.749136	0.0	2307787	27	4.3
1528197412.51	4300	59.999361	0.0	2143948	25	4.3
1528197417.12	4300	59.499475	0.0	1919781	23	4.3
1528197420.71	4300	59.749065	0.0	2147467	12	4.3
1528197424.81	4300	59.748114	0.0	2133870	21	4.3
1528197428.93	4300	59.748664	0.0	2146120	22	4.3
1528197432.53	4300	59.997927	0.0	2108491	22	4.3
1528197436.63	4300	59.998095	0.0	2184571	22	4.3
1528197440.74	4300	59.749078	0.0	2121928	24	4.3
1528197444.96	4300	59.749248	0.0	2219102	23	4.3
1528197448.6	4300	59.999091	0.0	2124950	18	4.3
1528197452.71	4300	59.748933	0.0	2246506	25	4.3
1528197456.82	4300	59.748056	0.0	1961140	22	4.3
1528197460.9	4300	59.749459	0.0	2155012	11	4.3
1528197462.5	4300	59.679373	0.0	1433658	16	4.3

1528197462.68	750	4	0.011	668286	3	-0.04730000000000001
1528197462.79	4300	7.955569	0.0	2123065	16	0.75
1528197462.89	4300	11.860639	0.0	2177073	22	4.3
1528197462.97	4300	15.779162	0.0	2160877	14	4.3
1528197463.06	4300	19.680925	0.0	2233056	25	4.3
1528197463.13	4300	23.612815	0.0	1941625	8	4.3
1528197463.21	4300	27.535162	0.0	2157535	10	4.3
1528197463.3	4300	31.445362	0.0	2290172	20	4.3
1528197463.39	4300	35.356504	0.0	2055469	18	4.3
1528197463.48	4300	39.261455	0.0	2169201	23	4.3
1528197463.57	4300	43.171619	0.0	2173522	23	4.3
1528197463.67	4300	47.077691	0.0	2102452	23	4.3
1528197463.76	4300	50.986876	0.0	2209463	22	4.3
1528197463.85	4300	54.894395	0.0	2275376	24	4.3
1528197463.94	4300	58.80546	0.0	2005399	18	4.3
1528197467.04	4300	59.749318	0.0	2152483	24	4.3
1528197471.15	4300	59.74872	0.0	2289689	26	4.3
1528197474.76	4300	59.999465	0.0	2059512	22	4.3
1528197478.87	4300	59.999286	0.0	2220726	25	4.3
1528197482.98	4300	59.998784	0.0	2156729	25	4.3
1528197487.08	4300	59.748618	0.0	2039773	22	4.3
1528197491.19	4300	59.749183	0.0	2176469	23	4.3
1528197494.8	4300	59.999241	0.0	2221506	24	4.3
1528197498.91	4300	59.998345	0.0	2044075	23	4.3
1528197503.03	4300	59.747733	0.0	2186790	19	4.3
1528197507.13	4300	59.74909	0.0	2105231	23	4.3
1528197511.24	4300	59.749302	0.0	2395588	28	4.3
1528197514.83	4300	59.999165	0.0	1972048	9	4.3
1528197518.93	4300	59.999492	0.0	2134614	20	4.3
1528197523.07	4300	59.749011	0.0	2164140	22	4.3
1528197527.2	4300	59.748441	0.0	2113193	23	4.3
1528197530.78	4300	59.999036	0.0	2147852	7	4.3
1528197534.96	4300	59.999069	0.0	2191074	24	4.3
1528197539.07	4300	59.747305	0.0	2286761	25	4.3
1528197543.2	4300	59.749177	0.0	2307787	26	4.3
1528197546.8	4300	59.999231	0.0	2143948	20	4.3
1528197550.9	4300	59.998676	0.0	1919781	19	4.3
1528197555.01	4300	59.7487	0.0	2147467	24	4.3
1528197559.12	4300	59.749324	0.0	2133870	23	4.3
1528197563.23	4300	59.748262	0.0	2146120	24	4.3
1528197566.82	4300	59.999223	0.0	2108491	11	4.3
1528197570.93	4300	59.998947	0.0	2184571	24	4.3
1528197575.05	4300	59.74797	0.0	2121928	25	4.3
1528197579.16	4300	59.748764	0.0	2219102	24	4.3
1528197582.77	4300	59.998615	0.0	2124950	24	4.3
1528197586.87	4300	59.998652	0.0	2246506	24	4.3
1528197590.98	4300	59.997448	0.0	1961140	22	4.3
1528197595.09	4300	59.747876	0.0	2155012	24	4.3
1528197596.68	4300	59.927767	0.0	1433658	17	4.3

1528197596.86	750	4	0.022	668286	3	-0.09460000000000002
1528197596.96	4300	7.960046	0.0	2123065	18	0.75
1528197597.04	4300	11.874671	0.0	2177073	18	4.3
1528197597.15	4300	15.770129	0.0	2160877	23	4.3
1528197597.24	4300	19.680724	0.0	2233056	15	4.3
1528197597.32	4300	23.59159	0.0	1941625	16	4.3
1528197597.4	4300	27.514307	0.0	2157535	14	4.3
1528197597.49	4300	31.424924	0.0	2290172	17	4.3
1528197597.58	4300	35.335623	0.0	2055469	20	4.3
1528197597.67	4300	39.242854	0.0	2169201	20	4.3
1528197597.77	4300	43.145549	0.0	2173522	25	4.3
1528197597.85	4300	47.071106	0.0	2102452	11	4.3
1528197597.95	4300	50.969335	0.0	2209463	27	4.3
1528197598.03	4300	54.88845	0.0	2275376	12	4.3
1528197598.13	4300	58.790456	0.0	2005399	25	4.3
1528197601.24	4300	59.749672	0.0	2152483	25	4.3
1528197605.35	4300	59.748586	0.0	2289689	23	4.3
1528197608.95	4300	59.999397	0.0	2059512	25	4.3
1528197613.06	4300	59.998595	0.0	2220726	24	4.3
1528197617.17	4300	59.998935	0.0	2156729	24	4.3
1528197621.28	4300	59.748202	0.0	2039773	23	4.3
1528197625.39	4300	59.748513	0.0	2176469	25	4.3
1528197629.0	4300	59.997888	0.0	2221506	24	4.3
1528197633.11	4300	59.998248	0.0	2044075	21	4.3
1528197637.21	4300	59.747758	0.0	2186790	23	4.3
1528197641.32	4300	59.748278	0.0	2105231	23	4.3
1528197645.43	4300	59.748809	0.0	2395588	28	4.3
1528197649.04	4300	59.999393	0.0	1972048	23	4.3
1528197653.14	4300	59.999433	0.0	2134614	24	4.3
1528197657.25	4300	59.74764	0.0	2164140	23	4.3
1528197661.36	4300	59.749557	0.0	2113193	22	4.3
1528197664.97	4300	59.998698	0.0	2147852	25	4.3
