1527672833.57	750	4	0.027	2354772	6	-0.11609999999999998
1527672833.71	4300	7.963222	0.0	2123065	23	0.75
1527672833.86	4300	11.812424	0.0	2177073	27	4.3
1527672834.01	4300	15.664003	0.0	2160877	28	4.3
1527672834.16	4300	19.513664	0.0	2233056	29	4.3
1527672834.31	4300	23.3675	0.0	1941625	25	4.3
1527672834.46	4300	27.216239	0.0	2157535	26	4.3
1527672834.61	4300	31.067865	0.0	2290172	25	4.3
1527672834.75	4300	34.921733	0.0	2055469	13	4.3
1527672834.91	4300	38.768803	0.0	2169201	25	4.3
1527672835.06	4300	42.617752	0.0	2173522	26	4.3
1527672835.21	4300	46.461965	0.0	2102452	26	4.3
1527672835.36	4300	50.313797	0.0	2209463	27	4.3
1527672835.53	4300	54.149518	0.0	2275376	26	4.3
1527672835.67	4300	58.006629	0.0	2005399	19	4.3
1527672837.84	4300	59.998971	0.0	2152483	35	4.3
1527672841.99	4300	59.749064	0.0	2289689	23	4.3
1527672846.16	4300	59.7486	0.0	2059512	24	4.3
1527672849.82	4300	59.998935	0.0	2220726	26	4.3
1527672853.98	4300	59.74879	0.0	2156729	27	4.3
1527672858.14	4300	59.748052	0.0	2039773	22	4.3
1527672861.8	4300	59.998754	0.0	2176469	25	4.3
1527672865.95	4300	59.748107	0.0	2221506	27	4.3
1527672870.1	4300	59.749314	0.0	2044075	17	4.3
1527672874.26	4300	59.498418	0.0	2186790	26	4.3
1527672877.91	4300	59.999371	0.0	2105231	21	4.3
1527672882.07	4300	59.749589	0.0	2395588	25	4.3
1527672885.73	4300	59.9993	0.0	1972048	23	4.3
1527672889.88	4300	59.998117	0.0	2134614	17	4.3
1527672894.03	4300	59.747987	0.0	2164140	23	4.3
1527672897.68	4300	59.999189	0.0	2113193	20	4.3
1527672901.84	4300	59.999147	0.0	2147852	24	4.3
1527672906.04	4300	59.748657	0.0	2191074	28	4.3
1527672909.71	4300	59.999307	0.0	2286761	27	4.3
1527672913.87	4300	59.998872	0.0	2307787	29	4.3
1527672918.03	4300	59.748991	0.0	2143948	25	4.3
1527672921.7	4300	59.998395	0.0	1919781	23	4.3
1527672925.89	4300	59.998139	0.0	2147467	24	4.3
1527672930.05	4300	59.74897	0.0	2133870	20	4.3
1527672934.21	4300	59.499677	0.0	2146120	24	4.3
1527672937.86	4300	59.999048	0.0	2108491	18	4.3
1527672942.01	4300	59.749035	0.0	2184571	21	4.3
1527672946.17	4300	59.749176	0.0	2121928	24	4.3
1527672949.83	4300	59.999272	0.0	2219102	21	4.3
1527672953.98	4300	59.749697	0.0	2124950	22	4.3
1527672958.12	4300	59.748653	0.0	2246506	24	4.3
1527672961.75	4300	59.998317	0.0	1961140	22	4.3
1527672965.89	4300	59.998966	0.0	2155012	25	4.3
1527672967.49	4300	59.929575	0.0	1433658	17	4.3

1527672967.71	750	4	0.016	668286	2	-0.06879999999999997
1527672967.86	4300	7.952474	0.0	2123065	16	0.75
1527672968.0	4300	11.808621	0.0	2177073	23	4.3
1527672968.14	4300	15.664582	0.0	2160877	26	4.3
1527672968.28	4300	19.528103	0.0	2233056	12	4.3
1527672968.42	4300	23.387855	0.0	1941625	15	4.3
1527672968.57	4300	27.242474	0.0	2157535	23	4.3
1527672968.71	4300	31.095354	0.0	2290172	28	4.3
1527672968.86	4300	34.951238	0.0	2055469	26	4.3
1527672969.01	4300	38.801152	0.0	2169201	27	4.3
1527672969.16	4300	42.653489	0.0	2173522	25	4.3
1527672969.29	4300	46.5161	0.0	2102452	18	4.3
1527672969.44	4300	50.372791	0.0	2209463	25	4.3
1527672969.58	4300	54.227799	0.0	2275376	27	4.3
1527672969.73	4300	58.08264	0.0	2005399	24	4.3
1527672971.88	4300	59.999242	0.0	2152483	11	4.3
1527672976.03	4300	59.998777	0.0	2289689	18	4.3
1527672980.18	4300	59.749305	0.0	2059512	17	4.3
1527672984.36	4300	59.498687	0.0	2220726	29	4.3
1527672988.01	4300	59.998663	0.0	2156729	25	4.3
1527672992.17	4300	59.748165	0.0	2039773	22	4.3
1527672995.81	4300	59.998355	0.0	2176469	21	4.3
1527672999.97	4300	59.999042	0.0	2221506	26	4.3
1527673004.11	4300	59.749199	0.0	2044075	12	4.3
1527673008.27	4300	59.749071	0.0	2186790	24	4.3
1527673011.92	4300	59.999145	0.0	2105231	22	4.3
1527673016.08	4300	59.74893	0.0	2395588	29	4.3
1527673020.24	4300	59.749437	0.0	1972048	23	4.3
1527673023.89	4300	59.998788	0.0	2134614	23	4.3
1527673028.05	4300	59.99884	0.0	2164140	25	4.3
1527673032.22	4300	59.749669	0.0	2113193	22	4.3
1527673036.39	4300	59.498344	0.0	2147852	25	4.3
1527673040.04	4300	59.997971	0.0	2191074	22	4.3
1527673044.21	4300	59.749077	0.0	2286761	25	4.3
1527673047.86	4300	59.999177	0.0	2307787	21	4.3
1527673052.52	4300	59.499245	0.0	2143948	26	4.3
1527673056.17	4300	59.748749	0.0	1919781	19	4.3
1527673059.83	4300	59.999082	0.0	2147467	25	4.3
1527673063.99	4300	59.999072	0.0	2133870	26	4.3
1527673068.16	4300	59.749199	0.0	2146120	21	4.3
1527673072.31	4300	59.749379	0.0	2108491	17	4.3
1527673075.96	4300	59.99908	0.0	2184571	26	4.3
1527673080.11	4300	59.748009	0.0	2121928	18	4.3
1527673084.27	4300	59.747709	0.0	2219102	27	4.3
1527673087.92	4300	59.998847	0.0	2124950	21	4.3
1527673092.06	4300	59.749315	0.0	2246506	28	4.3
1527673096.2	4300	59.748884	0.0	1961140	23	4.3
1527673099.83	4300	59.998898	0.0	2155012	21	4.3
1527673101.94	4300	59.679366	0.0	1433658	19	4.3

1527673102.17	750	4	0.015	668286	5	-0.0645
1527673102.32	4300	7.952757	0.0	2123065	17	0.75
1527673102.46	4300	11.81208	0.0	2177073	25	4.3
1527673102.6	4300	15.666529	0.0	2160877	28	4.3
1527673102.75	4300	19.523439	0.0	2233056	14	4.3
1527673102.88	4300	23.389118	0.0	1941625	19	4.3
1527673103.03	4300	27.244359	0.0	2157535	26	4.3
1527673103.17	4300	31.09691	0.0	2290172	27	4.3
1527673103.32	4300	34.950596	0.0	2055469	25	4.3
1527673103.47	4300	38.803631	0.0	2169201	26	4.3
1527673103.61	4300	42.667241	0.0	2173522	21	4.3
1527673103.75	4300	46.523662	0.0	2102452	27	4.3
1527673103.9	4300	50.376543	0.0	2209463	24	4.3
1527673104.04	4300	54.226746	0.0	2275376	29	4.3
1527673104.19	4300	58.078225	0.0	2005399	25	4.3
1527673106.35	4300	59.998188	0.0	2152483	10	4.3
1527673111.0	4300	59.498422	0.0	2289689	19	4.3
