1528198314.36	750	4	0.021	2354772	6	-0.09030000000000005
1528198314.46	4300	7.956741	0.0	2123065	24	0.75
1528198314.56	4300	11.862144	0.0	2177073	23	4.3
1528198314.63	4300	15.786265	0.0	2160877	13	4.3
1528198314.73	4300	19.685062	0.0	2233056	27	4.3
1528198314.83	4300	23.591209	0.0	1941625	30	4.3
1528198314.92	4300	27.497917	0.0	2157535	26	4.3
1528198315.01	4300	31.404284	0.0	2290172	22	4.3
1528198315.11	4300	35.314213	0.0	2055469	22	4.3
1528198315.2	4300	39.220654	0.0	2169201	22	4.3
1528198315.3	4300	43.117324	0.0	2173522	27	4.3
1528198315.38	4300	47.033092	0.0	2102452	15	4.3
1528198315.48	4300	50.934278	0.0	2209463	25	4.3
1528198315.59	4300	54.827151	0.0	2275376	24	4.3
1528198315.69	4300	58.727026	0.0	2005399	26	4.3
1528198318.8	4300	59.749196	0.0	2152483	26	4.3
1528198322.9	4300	59.749089	0.0	2289689	18	4.3
1528198326.5	4300	59.997826	0.0	2059512	21	4.3
1528198330.6	4300	59.99871	0.0	2220726	24	4.3
1528198334.7	4300	59.749517	0.0	2156729	25	4.3
1528198338.82	4300	59.749197	0.0	2039773	25	4.3
1528198342.43	4300	59.999133	0.0	2176469	28	4.3
1528198346.51	4300	59.997775	0.0	2221506	13	4.3
1528198350.62	4300	59.999177	0.0	2044075	22	4.3
1528198354.72	4300	59.749175	0.0	2186790	22	4.3
1528198358.83	4300	59.749289	0.0	2105231	25	4.3
1528198362.44	4300	59.998577	0.0	2395588	30	4.3
1528198366.6	4300	59.999038	0.0	1972048	22	4.3
1528198370.71	4300	59.748467	0.0	2134614	28	4.3
1528198374.9	4300	59.748636	0.0	2164140	27	4.3
1528198378.5	4300	59.997663	0.0	2113193	19	4.3
1528198382.6	4300	59.999193	0.0	2147852	19	4.3
1528198386.7	4300	59.748998	0.0	2191074	22	4.3
1528198390.81	4300	59.749104	0.0	2286761	25	4.3
1528198394.92	4300	59.74836	0.0	2307787	30	4.3
1528198398.53	4300	59.998172	0.0	2143948	28	4.3
1528198403.13	4300	59.497624	0.0	1919781	23	4.3
1528198406.73	4300	59.748646	0.0	2147467	20	4.3
1528198410.85	4300	59.7489	0.0	2133870	24	4.3
1528198414.43	4300	59.999411	0.0	2146120	10	4.3
1528198418.53	4300	59.999352	0.0	2108491	25	4.3
1528198422.64	4300	59.998812	0.0	2184571	25	4.3
1528198426.75	4300	59.748716	0.0	2121928	24	4.3
1528198430.86	4300	59.748552	0.0	2219102	26	4.3
1528198434.47	4300	59.997886	0.0	2124950	23	4.3
1528198438.58	4300	59.998901	0.0	2246506	22	4.3
1528198442.68	4300	59.998847	0.0	1961140	21	4.3
1528198446.77	4300	59.747815	0.0	2155012	10	4.3
1528198448.36	4300	59.929008	0.0	1433658	18	4.3

1528198448.56	750	4	0.022	2354772	7	-0.09460000000000002
1528198448.65	4300	7.968908	0.0	2123065	16	0.75
1528198448.75	4300	11.867499	0.0	2177073	24	4.3
1528198448.82	4300	15.791501	0.0	2160877	13	4.3
1528198448.91	4300	19.698986	0.0	2233056	21	4.3
1528198449.01	4300	23.60219	0.0	1941625	22	4.3
1528198449.12	4300	27.497809	0.0	2157535	20	4.3
1528198449.2	4300	31.408989	0.0	2290172	22	4.3
1528198449.3	4300	35.317341	0.0	2055469	23	4.3
1528198449.39	4300	39.22974	0.0	2169201	21	4.3
1528198449.48	4300	43.135394	0.0	2173522	22	4.3
1528198449.56	4300	47.048458	0.0	2102452	19	4.3
1528198449.66	4300	50.957447	0.0	2209463	23	4.3
1528198449.75	4300	54.864888	0.0	2275376	22	4.3
1528198449.84	4300	58.776296	0.0	2005399	20	4.3
1528198452.92	4300	59.748187	0.0	2152483	15	4.3
1528198457.03	4300	59.749163	0.0	2289689	23	4.3
1528198460.64	4300	59.998664	0.0	2059512	21	4.3
1528198464.74	4300	59.99913	0.0	2220726	21	4.3
1528198468.85	4300	59.998969	0.0	2156729	24	4.3
1528198472.95	4300	59.748739	0.0	2039773	24	4.3
1528198477.07	4300	59.748619	0.0	2176469	27	4.3
1528198480.67	4300	59.997834	0.0	2221506	27	4.3
1528198484.78	4300	59.999418	0.0	2044075	21	4.3
1528198488.88	4300	59.749481	0.0	2186790	26	4.3
1528198492.99	4300	59.749003	0.0	2105231	26	4.3
1528198497.1	4300	59.74902	0.0	2395588	27	4.3
1528198501.18	4300	59.498499	0.0	1972048	9	4.3
1528198504.79	4300	59.999279	0.0	2134614	27	4.3
1528198508.89	4300	59.748193	0.0	2164140	23	4.3
1528198513.0	4300	59.748624	0.0	2113193	26	4.3
1528198517.11	4300	59.749456	0.0	2147852	27	4.3
1528198520.72	4300	59.998804	0.0	2191074	27	4.3
1528198524.83	4300	59.999047	0.0	2286761	26	4.3
1528198528.94	4300	59.749386	0.0	2307787	27	4.3
1528198533.04	4300	59.748777	0.0	2143948	26	4.3
1528198536.66	4300	59.998607	0.0	1919781	23	4.3
1528198540.75	4300	59.997788	0.0	2147467	22	4.3
1528198544.86	4300	59.998681	0.0	2133870	23	4.3
1528198548.98	4300	59.749418	0.0	2146120	25	4.3
1528198553.09	4300	59.74881	0.0	2108491	23	4.3
1528198556.69	4300	59.998786	0.0	2184571	26	4.3
1528198560.79	4300	59.998875	0.0	2121928	27	4.3
1528198564.9	4300	59.748834	0.0	2219102	26	4.3
1528198569.01	4300	59.688599	0.0	2124950	25	4.3
1528198572.62	4300	59.99898	0.0	2246506	29	4.3
1528198576.72	4300	59.999281	0.0	1961140	24	4.3
1528198580.83	4300	59.998683	0.0	2155012	26	4.3
1528198582.43	4300	59.928523	0.0	1433658	18	4.3

1528198582.62	750	4	0.018	450283	4	-0.07740000000000002
1528198582.73	4300	7.94606	0.0	2123065	23	0.75
1528198582.82	4300	11.854207	0.0	2177073	26	4.3
1528198582.91	4300	15.763524	0.0	2160877	23	4.3
1528198583.01	4300	19.668978	0.0	2233056	27	4.3
1528198583.1	4300	23.579263	0.0	1941625	18	4.3
1528198583.19	4300	27.486276	0.0	2157535	21	4.3
1528198583.28	4300	31.394345	0.0	2290172	20	4.3
1528198583.37	4300	35.302963	0.0	2055469	18	4.3
1528198583.5	4300	39.213965	0.0	2169201	20	4.3
1528198583.6	4300	43.080349	0.0	2173522	26	4.3
1528198583.67	4300	47.009508	0.0	2102452	11	4.3
1528198583.75	4300	50.920534	0.0	2209463	22	4.3
1528198583.85	4300	54.827256	0.0	2275376	25	4.3
1528198583.94	4300	58.738672	0.0	2005399	20	4.3
1528198587.05	4300	59.749127	0.0	2152483	22	4.3
1528198591.16	4300	59.748898	0.0	2289689	24	4.3
1528198594.76	4300	59.99943	0.0	2059512	26	4.3
1528198598.87	4300	59.99802	0.0	2220726	25	4.3
1528198602.98	4300	59.749309	0.0	2156729	26	4.3
1528198607.08	4300	59.748895	0.0	2039773	23	4.3
1528198610.69	4300	59.999466	0.0	2176469	28	4.3
1528198614.8	4300	59.998274	0.0	2221506	24	4.3
1528198618.91	4300	59.998976	0.0	2044075	24	4.3
1528198623.01	4300	59.749499	0.0	2186790	26	4.3
1528198627.12	4300	59.74896	0.0	2105231	25	4.3
1528198630.73	4300	59.999471	0.0	2395588	27	4.3
