1527651065.38	750	4	0.024	2354772	8	-0.10319999999999996
1527651065.52	4300	7.963371	0.0	2123065	20	0.75
1527651065.67	4300	11.818091	0.0	2177073	25	4.3
1527651065.81	4300	15.672305	0.0	2160877	23	4.3
1527651065.96	4300	19.521646	0.0	2233056	25	4.3
1527651066.11	4300	23.376478	0.0	1941625	22	4.3
1527651066.26	4300	27.225388	0.0	2157535	26	4.3
1527651066.41	4300	31.073588	0.0	2290172	26	4.3
1527651066.56	4300	34.924527	0.0	2055469	22	4.3
1527651066.7	4300	38.787746	0.0	2169201	21	4.3
1527651066.84	4300	42.642608	0.0	2173522	24	4.3
1527651067.0	4300	46.489564	0.0	2102452	24	4.3
1527651067.15	4300	50.340123	0.0	2209463	25	4.3
1527651067.31	4300	54.180517	0.0	2275376	26	4.3
1527651067.45	4300	58.040924	0.0	2005399	20	4.3
1527651069.6	4300	59.997735	0.0	2152483	23	4.3
1527651073.76	4300	59.74879	0.0	2289689	29	4.3
1527651077.91	4300	59.74879	0.0	2059512	18	4.3
1527651081.57	4300	59.998617	0.0	2220726	25	4.3
1527651085.73	4300	59.998559	0.0	2156729	25	4.3
1527651089.9	4300	59.749468	0.0	2039773	23	4.3
1527651094.05	4300	59.498368	0.0	2176469	20	4.3
1527651097.71	4300	59.998163	0.0	2221506	26	4.3
1527651101.86	4300	59.748728	0.0	2044075	23	4.3
1527651106.02	4300	59.499331	0.0	2186790	22	4.3
1527651109.68	4300	59.999104	0.0	2105231	26	4.3
1527651113.84	4300	59.748771	0.0	2395588	28	4.3
1527651117.49	4300	59.999336	0.0	1972048	19	4.3
1527651121.64	4300	59.998957	0.0	2134614	21	4.3
1527651125.81	4300	59.749506	0.0	2164140	25	4.3
1527651129.96	4300	59.747778	0.0	2113193	21	4.3
1527651134.13	4300	59.498539	0.0	2147852	26	4.3
1527651137.78	4300	59.749332	0.0	2191074	27	4.3
1527651141.95	4300	59.748705	0.0	2286761	28	4.3
1527651145.63	4300	59.999284	0.0	2307787	23	4.3
1527651149.79	4300	59.749326	0.0	2143948	25	4.3
1527651153.95	4300	59.749372	0.0	1919781	24	4.3
1527651157.6	4300	59.998982	0.0	2147467	21	4.3
1527651161.75	4300	59.747949	0.0	2133870	25	4.3
1527651165.91	4300	59.748207	0.0	2146120	24	4.3
1527651169.56	4300	59.999159	0.0	2108491	22	4.3
1527651173.72	4300	59.999466	0.0	2184571	26	4.3
1527651177.89	4300	59.749425	0.0	2121928	25	4.3
1527651181.54	4300	59.999452	0.0	2219102	23	4.3
1527651185.7	4300	59.999162	0.0	2124950	24	4.3
1527651189.84	4300	59.747473	0.0	2246506	21	4.3
1527651193.97	4300	59.749584	0.0	1961140	21	4.3
1527651197.61	4300	59.999476	0.0	2155012	26	4.3
1527651199.73	4300	59.677704	0.0	1433658	16	4.3

1527651200.03	750	4	0.014	668286	3	-0.06020000000000003
1527651200.18	4300	7.953206	0.0	2123065	14	0.75
1527651200.32	4300	11.813768	0.0	2177073	21	4.3
1527651200.46	4300	15.66738	0.0	2160877	20	4.3
1527651200.61	4300	19.520547	0.0	2233056	32	4.3
1527651200.75	4300	23.376355	0.0	1941625	23	4.3
1527651200.91	4300	27.224396	0.0	2157535	27	4.3
1527651201.06	4300	31.073641	0.0	2290172	28	4.3
1527651201.21	4300	34.923809	0.0	2055469	25	4.3
1527651201.36	4300	38.775998	0.0	2169201	25	4.3
1527651201.5	4300	42.626435	0.0	2173522	26	4.3
1527651201.67	4300	46.477222	0.0	2102452	26	4.3
1527651201.81	4300	50.321866	0.0	2209463	25	4.3
1527651201.95	4300	54.175267	0.0	2275376	28	4.3
1527651202.1	4300	58.028169	0.0	2005399	24	4.3
1527651204.75	4300	59.499101	0.0	2152483	9	4.3
1527651208.41	4300	59.748915	0.0	2289689	27	4.3
1527651212.57	4300	59.749241	0.0	2059512	25	4.3
1527651216.22	4300	59.998574	0.0	2220726	22	4.3
1527651220.37	4300	59.999178	0.0	2156729	26	4.3
1527651224.52	4300	59.749304	0.0	2039773	20	4.3
1527651228.17	4300	59.9991	0.0	2176469	26	4.3
1527651232.32	4300	59.997956	0.0	2221506	21	4.3
1527651236.48	4300	59.748319	0.0	2044075	22	4.3
1527651240.63	4300	59.748671	0.0	2186790	20	4.3
1527651244.26	4300	59.999081	0.0	2105231	10	4.3
1527651248.42	4300	59.74734	0.0	2395588	28	4.3
1527651252.57	4300	59.749402	0.0	1972048	20	4.3
1527651256.23	4300	59.998971	0.0	2134614	27	4.3
1527651260.37	4300	59.998925	0.0	2164140	18	4.3
1527651264.53	4300	59.74877	0.0	2113193	25	4.3
1527651268.18	4300	59.99853	0.0	2147852	20	4.3
1527651272.35	4300	59.997773	0.0	2191074	25	4.3
1527651276.5	4300	59.748691	0.0	2286761	25	4.3
1527651280.16	4300	59.999231	0.0	2307787	22	4.3
1527651284.31	4300	59.998844	0.0	2143948	24	4.3
1527651288.47	4300	59.745901	0.0	1919781	23	4.3
1527651292.62	4300	59.748596	0.0	2147467	23	4.3
1527651296.28	4300	59.998143	0.0	2133870	25	4.3
1527651300.42	4300	59.747373	0.0	2146120	20	4.3
1527651304.58	4300	59.747643	0.0	2108491	24	4.3
1527651308.23	4300	59.997836	0.0	2184571	21	4.3
1527651312.38	4300	59.997612	0.0	2121928	23	4.3
1527651316.53	4300	59.748706	0.0	2219102	20	4.3
1527651320.2	4300	59.999001	0.0	2124950	27	4.3
1527651324.35	4300	59.997583	0.0	2246506	26	4.3
1527651328.49	4300	59.748384	0.0	1961140	25	4.3
1527651332.62	4300	59.748988	0.0	2155012	24	4.3
1527651334.23	4300	59.679534	0.0	1433658	16	4.3

1527651334.47	750	4	0.019	668286	5	-0.0817
1527651334.63	4300	7.945084	0.0	2123065	24	0.75
1527651334.78	4300	11.796103	0.0	2177073	27	4.3
1527651334.93	4300	15.641301	0.0	2160877	28	4.3
1527651335.08	4300	19.495036	0.0	2233056	27	4.3
1527651335.22	4300	23.347584	0.0	1941625	24	4.3
1527651335.37	4300	27.198354	0.0	2157535	27	4.3
1527651335.52	4300	31.050551	0.0	2290172	28	4.3
1527651335.67	4300	34.903824	0.0	2055469	25	4.3
1527651335.82	4300	38.754076	0.0	2169201	26	4.3
1527651335.96	4300	42.616728	0.0	2173522	19	4.3
1527651336.1	4300	46.474829	0.0	2102452	24	4.3
1527651336.24	4300	50.329032	0.0	2209463	25	4.3
1527651336.39	4300	54.182248	0.0	2275376	28	4.3
1527651336.54	4300	58.035366	0.0	2005399	24	4.3
1527651339.2	4300	59.498693	0.0	2152483	10	4.3
1527651342.85	4300	59.748872	0.0	2289689	26	4.3
1527651346.99	4300	59.748831	0.0	2059512	12	4.3
1527651350.64	4300	59.998505	0.0	2220726	25	4.3
1527651354.8	4300	59.998368	0.0	2156729	28	4.3
1527651358.98	4300	59.747958	0.0	2039773	27	4.3
1527651362.77	4300	59.998372	0.0	2176469	24	4.3
1527651366.93	4300	59.747896	0.0	2221506	26	4.3
1527651370.59	4300	59.997899	0.0	2044075	25	4.3
