1527702784.94	750	4	0.033	2354772	11	-0.14190000000000003
1527702785.06	4300	7.876903	0.0	2123065	22	0.75
1527702785.14	4300	11.799738	0.0	2177073	11	4.3
1527702785.21	4300	15.728853	0.0	2160877	7	4.3
1527702785.28	4300	19.66172	0.0	2233056	8	4.3
1527702785.34	4300	23.595923	0.0	1941625	7	4.3
1527702785.42	4300	27.514866	0.0	2157535	12	4.3
1527702785.5	4300	31.435591	0.0	2290172	12	4.3
1527702785.57	4300	35.369305	0.0	2055469	7	4.3
1527702785.63	4300	39.305033	0.0	2169201	6	4.3
1527702785.7	4300	43.241912	0.0	2173522	6	4.3
1527702785.78	4300	47.153282	0.0	2102452	18	4.3
1527702785.86	4300	51.081645	0.0	2209463	11	4.3
1527702785.95	4300	54.988839	0.0	2275376	12	4.3
1527702786.01	4300	58.923684	0.0	2005399	6	4.3
1527702789.09	4300	59.998997	0.0	2152483	6	4.3
1527702793.2	4300	59.748902	0.0	2289689	22	4.3
1527702797.3	4300	59.747815	0.0	2059512	17	4.3
1527702801.39	4300	59.748754	0.0	2220726	16	4.3
1527702805.0	4300	59.99899	0.0	2156729	18	4.3
1527702809.12	4300	59.997953	0.0	2039773	22	4.3
1527702813.23	4300	59.74759	0.0	2176469	25	4.3
1527702817.34	4300	59.748816	0.0	2221506	24	4.3
1527702820.94	4300	59.998869	0.0	2044075	23	4.3
1527702825.05	4300	59.999297	0.0	2186790	22	4.3
1527702829.15	4300	59.999001	0.0	2105231	24	4.3
1527702833.26	4300	59.749224	0.0	2395588	27	4.3
1527702837.35	4300	59.749077	0.0	1972048	13	4.3
1527702840.96	4300	59.998689	0.0	2134614	22	4.3
1527702845.06	4300	59.998969	0.0	2164140	21	4.3
1527702849.17	4300	59.998815	0.0	2113193	23	4.3
1527702853.28	4300	59.747559	0.0	2147852	24	4.3
1527702857.39	4300	59.748776	0.0	2191074	23	4.3
1527702861.0	4300	59.998891	0.0	2286761	21	4.3
1527702865.1	4300	59.998126	0.0	2307787	21	4.3
1527702869.21	4300	59.748985	0.0	2143948	24	4.3
1527702873.32	4300	59.749318	0.0	1919781	21	4.3
1527702877.41	4300	59.74724	0.0	2147467	11	4.3
1527702881.01	4300	59.999267	0.0	2133870	23	4.3
1527702885.2	4300	59.998871	0.0	2146120	16	4.3
1527702889.31	4300	59.749257	0.0	2108491	23	4.3
1527702893.42	4300	59.749225	0.0	2184571	24	4.3
1527702897.03	4300	59.998668	0.0	2121928	25	4.3
1527702901.13	4300	59.999329	0.0	2219102	23	4.3
1527702905.24	4300	59.748728	0.0	2124950	21	4.3
1527702909.34	4300	59.748609	0.0	2246506	27	4.3
1527702912.95	4300	59.998541	0.0	1961140	19	4.3
1527702917.06	4300	59.999006	0.0	2155012	22	4.3
1527702919.16	4300	59.677927	0.0	1433658	16	4.3

1527702919.38	750	4	0.013	668286	2	-0.05589999999999995
1527702919.45	4300	7.978456	0.0	2123065	8	0.75
1527702919.55	4300	11.880682	0.0	2177073	22	4.3
1527702919.62	4300	15.808845	0.0	2160877	11	4.3
1527702919.72	4300	19.71155	0.0	2233056	19	4.3
1527702919.79	4300	23.642312	0.0	1941625	6	4.3
1527702919.85	4300	27.57328	0.0	2157535	6	4.3
1527702919.92	4300	31.506465	0.0	2290172	7	4.3
1527702919.99	4300	35.43863	0.0	2055469	6	4.3
1527702920.08	4300	39.350822	0.0	2169201	18	4.3
1527702920.16	4300	43.262217	0.0	2173522	18	4.3
1527702920.24	4300	47.185815	0.0	2102452	15	4.3
1527702920.31	4300	51.115516	0.0	2209463	10	4.3
1527702920.38	4300	55.049039	0.0	2275376	9	4.3
1527702920.44	4300	58.984478	0.0	2005399	7	4.3
1527702923.52	4300	59.999251	0.0	2152483	8	4.3
1527702927.62	4300	59.999014	0.0	2289689	21	4.3
1527702931.73	4300	59.749564	0.0	2059512	24	4.3
1527702935.84	4300	59.749278	0.0	2220726	26	4.3
1527702939.95	4300	59.499119	0.0	2156729	25	4.3
1527702943.57	4300	59.99938	0.0	2039773	22	4.3
1527702947.67	4300	59.998726	0.0	2176469	18	4.3
1527702951.77	4300	59.749469	0.0	2221506	20	4.3
1527702955.88	4300	59.749369	0.0	2044075	22	4.3
1527702959.49	4300	59.999322	0.0	2186790	24	4.3
1527702963.61	4300	59.999244	0.0	2105231	20	4.3
1527702967.72	4300	59.748078	0.0	2395588	28	4.3
1527702971.82	4300	59.748752	0.0	1972048	13	4.3
1527702975.92	4300	59.748662	0.0	2134614	22	4.3
1527702979.53	4300	59.922086	0.0	2164140	24	4.3
1527702984.14	4300	59.49808	0.0	2113193	21	4.3
1527702987.75	4300	59.749235	0.0	2147852	25	4.3
1527702991.85	4300	59.748254	0.0	2191074	22	4.3
1527702995.46	4300	59.998359	0.0	2286761	24	4.3
1527702999.56	4300	59.998141	0.0	2307787	24	4.3
1527703003.68	4300	59.999403	0.0	2143948	24	4.3
1527703007.78	4300	59.748522	0.0	1919781	18	4.3
1527703011.86	4300	59.748745	0.0	2147467	11	4.3
1527703015.98	4300	59.499151	0.0	2133870	25	4.3
1527703019.59	4300	59.99923	0.0	2146120	21	4.3
1527703023.68	4300	59.747868	0.0	2108491	20	4.3
1527703027.79	4300	59.748627	0.0	2184571	24	4.3
1527703031.88	4300	59.749411	0.0	2121928	16	4.3
1527703035.99	4300	59.498295	0.0	2219102	21	4.3
1527703040.09	4300	59.497735	0.0	2124950	23	4.3
1527703043.7	4300	59.74925	0.0	2246506	25	4.3
1527703047.8	4300	59.749087	0.0	1961140	21	4.3
1527703051.91	4300	59.747847	0.0	2155012	24	4.3
1527703053.52	4300	59.678892	0.0	1433658	16	4.3

1527703053.75	750	4	0.017	668286	5	-0.07309999999999994
1527703053.82	4300	7.980451	0.0	2123065	6	0.75
1527703053.91	4300	11.888368	0.0	2177073	18	4.3
1527703054.0	4300	15.795201	0.0	2160877	18	4.3
1527703054.08	4300	19.720172	0.0	2233056	12	4.3
1527703054.15	4300	23.650669	0.0	1941625	10	4.3
1527703054.23	4300	27.572693	0.0	2157535	11	4.3
1527703054.3	4300	31.5036	0.0	2290172	7	4.3
1527703054.36	4300	35.437322	0.0	2055469	8	4.3
1527703054.43	4300	39.370397	0.0	2169201	7	4.3
1527703054.49	4300	43.305225	0.0	2173522	8	4.3
1527703054.56	4300	47.242307	0.0	2102452	7	4.3
1527703054.63	4300	51.1679	0.0	2209463	6	4.3
1527703054.7	4300	55.10315	0.0	2275376	8	4.3
1527703054.78	4300	59.017864	0.0	2005399	16	4.3
1527703058.37	4300	59.498831	0.0	2152483	11	4.3
1527703061.98	4300	59.997641	0.0	2289689	20	4.3
