1528225821.59	750	4	0.023	2354772	6	-0.09889999999999999
1528225821.66	4300	7.98755	0.0	2123065	7	0.75
1528225821.75	4300	11.896594	0.0	2177073	24	4.3
1528225821.84	4300	15.804054	0.0	2160877	25	4.3
1528225821.92	4300	19.717993	0.0	2233056	17	4.3
1528225821.99	4300	23.652155	0.0	1941625	7	4.3
1528225822.07	4300	27.576601	0.0	2157535	14	4.3
1528225822.17	4300	31.475921	0.0	2290172	31	4.3
1528225822.24	4300	35.402427	0.0	2055469	11	4.3
1528225822.34	4300	39.299453	0.0	2169201	26	4.3
1528225822.44	4300	43.20563	0.0	2173522	26	4.3
1528225822.51	4300	47.13211	0.0	2102452	13	4.3
1528225822.61	4300	51.029281	0.0	2209463	27	4.3
1528225822.73	4300	54.915689	0.0	2275376	26	4.3
1528225822.82	4300	58.819123	0.0	2005399	24	4.3
1528225825.92	4300	59.749057	0.0	2152483	15	4.3
1528225830.02	4300	59.749692	0.0	2289689	25	4.3
1528225834.13	4300	59.749141	0.0	2059512	24	4.3
1528225837.74	4300	59.998761	0.0	2220726	26	4.3
1528225841.84	4300	59.998943	0.0	2156729	24	4.3
1528225845.95	4300	59.748158	0.0	2039773	24	4.3
1528225850.05	4300	59.748886	0.0	2176469	26	4.3
1528225854.17	4300	59.499084	0.0	2221506	26	4.3
1528225857.78	4300	59.998847	0.0	2044075	24	4.3
1528225861.89	4300	59.999077	0.0	2186790	21	4.3
1528225865.99	4300	59.747952	0.0	2105231	23	4.3
1528225870.1	4300	59.748725	0.0	2395588	28	4.3
1528225873.69	4300	59.99917	0.0	1972048	11	4.3
1528225878.29	4300	59.498763	0.0	2134614	22	4.3
1528225881.9	4300	59.748802	0.0	2164140	26	4.3
1528225886.01	4300	59.74806	0.0	2113193	21	4.3
1528225890.14	4300	59.749605	0.0	2147852	23	4.3
1528225894.21	4300	59.499272	0.0	2191074	7	4.3
1528225897.82	4300	59.997748	0.0	2286761	18	4.3
1528225901.92	4300	59.74889	0.0	2307787	19	4.3
1528225906.02	4300	59.749317	0.0	2143948	20	4.3
1528225910.13	4300	59.748949	0.0	1919781	20	4.3
1528225913.73	4300	59.998963	0.0	2147467	14	4.3
1528225917.84	4300	59.999154	0.0	2133870	23	4.3
1528225921.95	4300	59.748916	0.0	2146120	18	4.3
1528225926.05	4300	59.749033	0.0	2108491	25	4.3
1528225929.66	4300	59.999373	0.0	2184571	26	4.3
1528225933.76	4300	59.998922	0.0	2121928	23	4.3
1528225937.87	4300	59.999374	0.0	2219102	27	4.3
1528225941.98	4300	59.671694	0.0	2124950	23	4.3
1528225946.1	4300	59.748103	0.0	2246506	28	4.3
1528225949.7	4300	59.999071	0.0	1961140	21	4.3
1528225953.8	4300	59.997726	0.0	2155012	25	4.3
1528225955.9	4300	59.429297	0.0	1433658	16	4.3

1528225956.1	750	4	0.027	2354772	8	-0.11609999999999998
1528225956.19	4300	7.967016	0.0	2123065	21	0.75
1528225956.28	4300	11.873728	0.0	2177073	21	4.3
1528225956.38	4300	15.77777	0.0	2160877	19	4.3
1528225956.47	4300	19.688024	0.0	2233056	16	4.3
1528225956.56	4300	23.595303	0.0	1941625	22	4.3
1528225956.66	4300	27.496325	0.0	2157535	26	4.3
1528225956.75	4300	31.40309	0.0	2290172	25	4.3
1528225956.84	4300	35.315762	0.0	2055469	25	4.3
1528225956.93	4300	39.228545	0.0	2169201	22	4.3
1528225957.01	4300	43.149066	0.0	2173522	15	4.3
1528225957.11	4300	47.04734	0.0	2102452	24	4.3
1528225957.2	4300	50.952893	0.0	2209463	25	4.3
1528225957.31	4300	54.845325	0.0	2275376	29	4.3
1528225957.41	4300	58.746156	0.0	2005399	22	4.3
1528225960.49	4300	59.748798	0.0	2152483	12	4.3
1528225964.6	4300	59.748808	0.0	2289689	27	4.3
1528225968.21	4300	59.998928	0.0	2059512	25	4.3
1528225972.31	4300	59.998626	0.0	2220726	25	4.3
1528225976.42	4300	59.749327	0.0	2156729	25	4.3
1528225980.53	4300	59.747602	0.0	2039773	26	4.3
1528225984.64	4300	59.74748	0.0	2176469	24	4.3
1528225988.25	4300	59.998915	0.0	2221506	28	4.3
1528225992.35	4300	59.99876	0.0	2044075	24	4.3
1528225996.46	4300	59.747754	0.0	2186790	27	4.3
1528226000.57	4300	59.747785	0.0	2105231	26	4.3
1528226004.18	4300	59.99812	0.0	2395588	29	4.3
1528226008.29	4300	59.998014	0.0	1972048	23	4.3
1528226012.4	4300	59.998884	0.0	2134614	29	4.3
1528226016.53	4300	59.742012	0.0	2164140	24	4.3
1528226020.64	4300	59.749135	0.0	2113193	23	4.3
1528226024.25	4300	59.998428	0.0	2147852	27	4.3
1528226028.36	4300	59.99793	0.0	2191074	22	4.3
1528226032.47	4300	59.749304	0.0	2286761	27	4.3
1528226036.57	4300	59.749209	0.0	2307787	26	4.3
1528226040.18	4300	59.999276	0.0	2143948	26	4.3
1528226044.29	4300	59.997745	0.0	1919781	24	4.3
1528226048.53	4300	59.999026	0.0	2147467	24	4.3
1528226052.65	4300	59.749042	0.0	2133870	19	4.3
1528226056.23	4300	59.998845	0.0	2146120	9	4.3
1528226060.33	4300	59.998969	0.0	2108491	27	4.3
1528226064.44	4300	59.748834	0.0	2184571	25	4.3
1528226068.55	4300	59.74933	0.0	2121928	27	4.3
1528226072.16	4300	59.998731	0.0	2219102	28	4.3
1528226076.27	4300	59.998163	0.0	2124950	24	4.3
1528226080.38	4300	59.997332	0.0	2246506	27	4.3
1528226084.48	4300	59.748243	0.0	1961140	25	4.3
1528226088.59	4300	59.748328	0.0	2155012	25	4.3
1528226090.19	4300	59.677494	0.0	1433658	18	4.3

1528226090.4	750	4	0.024	2354772	7	-0.10319999999999996
1528226090.46	4300	7.986309	0.0	2123065	7	0.75
1528226090.56	4300	11.890458	0.0	2177073	23	4.3
1528226090.65	4300	15.797924	0.0	2160877	23	4.3
1528226090.74	4300	19.706225	0.0	2233056	19	4.3
1528226090.83	4300	23.613334	0.0	1941625	19	4.3
1528226090.94	4300	27.513274	0.0	2157535	21	4.3
1528226091.04	4300	31.411475	0.0	2290172	25	4.3
1528226091.13	4300	35.312206	0.0	2055469	10	4.3
1528226091.23	4300	39.220781	0.0	2169201	21	4.3
1528226091.33	4300	43.118057	0.0	2173522	25	4.3
1528226091.43	4300	47.02143	0.0	2102452	26	4.3
1528226091.52	4300	50.925621	0.0	2209463	24	4.3
1528226091.62	4300	54.830978	0.0	2275376	24	4.3
1528226091.72	4300	58.729137	0.0	2005399	24	4.3
1528226094.81	4300	59.749207	0.0	2152483	13	4.3
1528226098.94	4300	59.749705	0.0	2289689	26	4.3
1528226102.55	4300	59.99796	0.0	2059512	22	4.3
1528226106.66	4300	59.998973	0.0	2220726	25	4.3
1528226110.77	4300	59.749415	0.0	2156729	25	4.3
1528226114.88	4300	59.748723	0.0	2039773	23	4.3
1528226118.49	4300	59.998522	0.0	2176469	26	4.3
1528226122.62	4300	59.998929	0.0	2221506	24	4.3
1528226126.72	4300	59.74936	0.0	2044075	22	4.3
1528226130.84	4300	59.748718	0.0	2186790	27	4.3
1528226134.95	4300	59.749147	0.0	2105231	26	4.3
1528226138.56	4300	59.998799	0.0	2395588	28	4.3
1528226143.16	4300	59.497539	0.0	1972048	19	4.3
1528226146.77	4300	59.749173	0.0	2134614	24	4.3
1528226150.88	4300	59.74871	0.0	2164140	26	4.3
1528226154.49	4300	59.998674	0.0	2113193	25	4.3
1528226158.59	4300	59.999434	0.0	2147852	25	4.3
1528226162.7	4300	59.748663	0.0	2191074	25	4.3
1528226166.81	4300	59.748997	0.0	2286761	25	4.3
