1528191586.66	750	4	0.024	2354772	6	-0.10319999999999996
1528191586.79	4300	7.959626	0.0	2123065	22	0.75
1528191586.9	4300	11.860042	0.0	2177073	22	4.3
1528191587.01	4300	15.741032	0.0	2160877	28	4.3
1528191587.1	4300	19.645246	0.0	2233056	20	4.3
1528191587.2	4300	23.545905	0.0	1941625	21	4.3
1528191587.3	4300	27.444719	0.0	2157535	28	4.3
1528191587.39	4300	31.351614	0.0	2290172	25	4.3
1528191587.48	4300	35.263443	0.0	2055469	22	4.3
1528191587.57	4300	39.171078	0.0	2169201	23	4.3
1528191587.65	4300	43.091676	0.0	2173522	15	4.3
1528191587.75	4300	46.994064	0.0	2102452	25	4.3
1528191587.85	4300	50.900481	0.0	2209463	22	4.3
1528191587.96	4300	54.788509	0.0	2275376	22	4.3
1528191588.02	4300	58.724045	0.0	2005399	5	4.3
1528191591.11	4300	59.748734	0.0	2152483	16	4.3
1528191595.22	4300	59.749002	0.0	2289689	22	4.3
1528191598.9	4300	59.999241	0.0	2059512	22	4.3
1528191603.01	4300	59.749198	0.0	2220726	25	4.3
1528191607.12	4300	59.748956	0.0	2156729	23	4.3
1528191611.23	4300	59.749501	0.0	2039773	22	4.3
1528191614.84	4300	59.998872	0.0	2176469	24	4.3
1528191618.95	4300	59.998938	0.0	2221506	22	4.3
1528191623.06	4300	59.748908	0.0	2044075	23	4.3
1528191627.16	4300	59.749264	0.0	2186790	25	4.3
1528191631.27	4300	59.498638	0.0	2105231	24	4.3
1528191634.88	4300	59.998892	0.0	2395588	27	4.3
1528191638.99	4300	59.999081	0.0	1972048	21	4.3
1528191643.1	4300	59.749116	0.0	2134614	21	4.3
1528191647.21	4300	59.749054	0.0	2164140	24	4.3
1528191650.82	4300	59.997612	0.0	2113193	22	4.3
1528191654.93	4300	59.998743	0.0	2147852	21	4.3
1528191659.03	4300	59.748636	0.0	2191074	20	4.3
1528191663.14	4300	59.749403	0.0	2286761	21	4.3
1528191666.75	4300	59.999122	0.0	2307787	24	4.3
1528191670.87	4300	59.999359	0.0	2143948	24	4.3
1528191675.03	4300	59.997746	0.0	1919781	20	4.3
1528191679.13	4300	59.749416	0.0	2147467	20	4.3
1528191683.28	4300	59.748995	0.0	2133870	22	4.3
1528191686.88	4300	59.998273	0.0	2146120	19	4.3
1528191691.5	4300	59.249251	0.0	2108491	24	4.3
1528191695.1	4300	59.749103	0.0	2184571	19	4.3
1528191699.22	4300	59.748997	0.0	2121928	23	4.3
1528191702.83	4300	59.99795	0.0	2219102	25	4.3
1528191706.94	4300	59.998911	0.0	2124950	24	4.3
1528191711.04	4300	59.748575	0.0	2246506	25	4.3
1528191715.15	4300	59.74847	0.0	1961140	20	4.3
1528191718.76	4300	59.99797	0.0	2155012	26	4.3
1528191720.85	4300	59.67901	0.0	1433658	17	4.3

1528191721.04	750	4	0.012	668286	2	-0.05159999999999998
1528191721.13	4300	7.960627	0.0	2123065	17	0.75
1528191721.22	4300	11.874525	0.0	2177073	22	4.3
1528191721.31	4300	15.780849	0.0	2160877	23	4.3
1528191721.4	4300	19.696573	0.0	2233056	16	4.3
1528191721.48	4300	23.612182	0.0	1941625	16	4.3
1528191721.59	4300	27.505461	0.0	2157535	18	4.3
1528191721.68	4300	31.413032	0.0	2290172	20	4.3
1528191721.77	4300	35.32376	0.0	2055469	17	4.3
1528191721.87	4300	39.220842	0.0	2169201	26	4.3
1528191721.97	4300	43.123078	0.0	2173522	23	4.3
1528191722.05	4300	47.044866	0.0	2102452	14	4.3
1528191722.15	4300	50.94644	0.0	2209463	25	4.3
1528191722.25	4300	54.848502	0.0	2275376	26	4.3
1528191722.32	4300	58.768296	0.0	2005399	13	4.3
1528191725.43	4300	59.749116	0.0	2152483	24	4.3
1528191729.55	4300	59.749601	0.0	2289689	25	4.3
1528191733.16	4300	59.998478	0.0	2059512	22	4.3
1528191737.27	4300	59.999009	0.0	2220726	26	4.3
1528191741.38	4300	59.748726	0.0	2156729	23	4.3
1528191745.49	4300	59.749689	0.0	2039773	23	4.3
1528191749.6	4300	59.49952	0.0	2176469	25	4.3
1528191753.2	4300	59.999399	0.0	2221506	25	4.3
1528191757.81	4300	59.498825	0.0	2044075	22	4.3
1528191761.42	4300	59.748527	0.0	2186790	25	4.3
1528191765.53	4300	59.749293	0.0	2105231	24	4.3
1528191769.14	4300	59.998852	0.0	2395588	25	4.3
1528191773.24	4300	59.998863	0.0	1972048	20	4.3
1528191777.35	4300	59.749412	0.0	2134614	23	4.3
1528191781.45	4300	59.748713	0.0	2164140	24	4.3
1528191785.56	4300	59.749313	0.0	2113193	23	4.3
1528191789.17	4300	59.998731	0.0	2147852	22	4.3
1528191793.28	4300	59.999061	0.0	2191074	23	4.3
1528191797.39	4300	59.74872	0.0	2286761	25	4.3
1528191801.5	4300	59.748979	0.0	2307787	27	4.3
1528191805.1	4300	59.998679	0.0	2143948	24	4.3
1528191809.21	4300	59.999404	0.0	1919781	22	4.3
1528191813.33	4300	59.998114	0.0	2147467	24	4.3
1528191817.43	4300	59.749263	0.0	2133870	21	4.3
1528191821.54	4300	59.748476	0.0	2146120	23	4.3
1528191825.64	4300	59.498778	0.0	2108491	23	4.3
1528191829.25	4300	59.999183	0.0	2184571	25	4.3
1528191833.36	4300	59.7491	0.0	2121928	23	4.3
1528191837.47	4300	59.748229	0.0	2219102	23	4.3
1528191841.58	4300	59.675133	0.0	2124950	25	4.3
1528191845.27	4300	59.997749	0.0	2246506	24	4.3
1528191849.38	4300	59.749573	0.0	1961140	23	4.3
1528191853.49	4300	59.749506	0.0	2155012	24	4.3
1528191855.08	4300	59.929235	0.0	1433658	15	4.3

1528191855.26	750	4	0.01	668286	2	-0.04300000000000004
1528191855.33	4300	7.97585	0.0	2123065	8	0.75
1528191855.44	4300	11.874795	0.0	2177073	23	4.3
1528191855.53	4300	15.777142	0.0	2160877	23	4.3
1528191855.61	4300	19.69773	0.0	2233056	15	4.3
1528191855.7	4300	23.606862	0.0	1941625	16	4.3
1528191855.79	4300	27.521897	0.0	2157535	11	4.3
1528191855.89	4300	31.423245	0.0	2290172	20	4.3
1528191855.99	4300	35.322692	0.0	2055469	23	4.3
1528191856.06	4300	39.246127	0.0	2169201	11	4.3
1528191856.17	4300	43.146304	0.0	2173522	25	4.3
1528191856.24	4300	47.068408	0.0	2102452	12	4.3
1528191856.33	4300	50.974292	0.0	2209463	20	4.3
1528191856.43	4300	54.886667	0.0	2275376	16	4.3
1528191856.52	4300	58.788051	0.0	2005399	25	4.3
1528191859.61	4300	59.748363	0.0	2152483	12	4.3
1528191863.72	4300	59.748737	0.0	2289689	24	4.3
1528191867.33	4300	59.998857	0.0	2059512	21	4.3
