1528254799.01	750	4	0.027	2354772	9	-0.11609999999999998
1528254799.12	4300	7.956745	0.0	2123065	25	0.75
1528254799.21	4300	11.862416	0.0	2177073	25	4.3
1528254799.29	4300	15.789816	0.0	2160877	12	4.3
1528254799.38	4300	19.699539	0.0	2233056	17	4.3
1528254799.48	4300	23.595357	0.0	1941625	24	4.3
1528254799.57	4300	27.501388	0.0	2157535	24	4.3
1528254799.65	4300	31.425683	0.0	2290172	13	4.3
1528254799.75	4300	35.32537	0.0	2055469	23	4.3
1528254799.85	4300	39.230056	0.0	2169201	26	4.3
1528254799.94	4300	43.136931	0.0	2173522	21	4.3
1528254800.03	4300	47.041323	0.0	2102452	22	4.3
1528254800.15	4300	50.9348	0.0	2209463	28	4.3
1528254800.26	4300	54.816475	0.0	2275376	24	4.3
1528254800.34	4300	58.731728	0.0	2005399	17	4.3
1528254803.45	4300	59.749142	0.0	2152483	25	4.3
1528254807.55	4300	59.74896	0.0	2289689	18	4.3
1528254811.16	4300	59.998826	0.0	2059512	24	4.3
1528254815.26	4300	59.999001	0.0	2220726	22	4.3
1528254819.37	4300	59.748359	0.0	2156729	25	4.3
1528254823.48	4300	59.748407	0.0	2039773	24	4.3
1528254827.08	4300	59.999462	0.0	2176469	26	4.3
1528254831.69	4300	59.499478	0.0	2221506	24	4.3
1528254835.3	4300	59.998872	0.0	2044075	21	4.3
1528254839.41	4300	59.749761	0.0	2186790	26	4.3
1528254843.51	4300	59.749212	0.0	2105231	25	4.3
1528254847.13	4300	59.998664	0.0	2395588	28	4.3
1528254851.73	4300	59.499115	0.0	1972048	22	4.3
1528254855.34	4300	59.74862	0.0	2134614	25	4.3
1528254859.45	4300	59.747967	0.0	2164140	21	4.3
1528254863.56	4300	59.747785	0.0	2113193	25	4.3
1528254867.67	4300	59.499583	0.0	2147852	24	4.3
1528254871.84	4300	59.498859	0.0	2191074	22	4.3
1528254875.44	4300	59.749144	0.0	2286761	25	4.3
1528254879.55	4300	59.748372	0.0	2307787	24	4.3
1528254883.16	4300	59.999042	0.0	2143948	27	4.3
1528254887.26	4300	59.998619	0.0	1919781	22	4.3
1528254891.37	4300	59.749779	0.0	2147467	26	4.3
1528254895.49	4300	59.749245	0.0	2133870	26	4.3
1528254899.57	4300	59.74786	0.0	2146120	11	4.3
1528254903.17	4300	59.998799	0.0	2108491	21	4.3
1528254907.78	4300	59.49964	0.0	2184571	24	4.3
1528254911.39	4300	59.748427	0.0	2121928	25	4.3
1528254915.49	4300	59.749429	0.0	2219102	24	4.3
1528254919.1	4300	59.998622	0.0	2124950	25	4.3
1528254923.22	4300	59.99831	0.0	2246506	22	4.3
1528254927.31	4300	59.999462	0.0	1961140	18	4.3
1528254931.42	4300	59.748346	0.0	2155012	27	4.3
1528254933.02	4300	59.929456	0.0	1433658	14	4.3

1528254933.26	750	4	0.027	2354772	8	-0.11609999999999998
1528254933.34	4300	7.968577	0.0	2123065	17	0.75
1528254933.43	4300	11.874933	0.0	2177073	23	4.3
1528254933.51	4300	15.801485	0.0	2160877	10	4.3
1528254933.6	4300	19.707675	0.0	2233056	17	4.3
1528254933.7	4300	23.60898	0.0	1941625	23	4.3
1528254933.8	4300	27.507708	0.0	2157535	20	4.3
1528254933.9	4300	31.413379	0.0	2290172	21	4.3
1528254933.99	4300	35.322292	0.0	2055469	20	4.3
1528254934.08	4300	39.230128	0.0	2169201	20	4.3
1528254934.19	4300	43.124508	0.0	2173522	27	4.3
1528254934.28	4300	47.033406	0.0	2102452	23	4.3
1528254934.38	4300	50.932848	0.0	2209463	17	4.3
1528254934.48	4300	54.828525	0.0	2275376	26	4.3
1528254934.58	4300	58.732916	0.0	2005399	25	4.3
1528254937.67	4300	59.747889	0.0	2152483	14	4.3
1528254941.79	4300	59.748298	0.0	2289689	25	4.3
1528254945.91	4300	59.499427	0.0	2059512	22	4.3
1528254949.53	4300	59.999084	0.0	2220726	27	4.3
1528254953.7	4300	59.748866	0.0	2156729	18	4.3
1528254957.81	4300	59.49834	0.0	2039773	25	4.3
1528254961.42	4300	59.998098	0.0	2176469	26	4.3
1528254965.53	4300	59.997967	0.0	2221506	25	4.3
1528254969.64	4300	59.748442	0.0	2044075	23	4.3
1528254973.75	4300	59.74889	0.0	2186790	27	4.3
1528254977.36	4300	59.998674	0.0	2105231	26	4.3
1528254981.47	4300	59.999437	0.0	2395588	27	4.3
1528254985.57	4300	59.747757	0.0	1972048	22	4.3
1528254989.68	4300	59.749155	0.0	2134614	24	4.3
1528254993.8	4300	59.749231	0.0	2164140	22	4.3
1528254997.41	4300	59.999331	0.0	2113193	21	4.3
1528255001.51	4300	59.998872	0.0	2147852	19	4.3
1528255005.62	4300	59.748937	0.0	2191074	21	4.3
1528255009.73	4300	59.748794	0.0	2286761	22	4.3
1528255013.33	4300	59.998841	0.0	2307787	24	4.3
1528255017.43	4300	59.998861	0.0	2143948	22	4.3
1528255022.04	4300	59.499179	0.0	1919781	23	4.3
1528255025.65	4300	59.749437	0.0	2147467	18	4.3
1528255029.77	4300	59.748926	0.0	2133870	27	4.3
1528255033.36	4300	59.99942	0.0	2146120	15	4.3
1528255037.47	4300	59.998858	0.0	2108491	26	4.3
1528255041.58	4300	59.749241	0.0	2184571	27	4.3
1528255045.7	4300	59.749555	0.0	2121928	26	4.3
1528255049.84	4300	59.747788	0.0	2219102	26	4.3
1528255053.44	4300	59.99785	0.0	2124950	24	4.3
1528255058.05	4300	59.499323	0.0	2246506	22	4.3
1528255061.66	4300	59.749055	0.0	1961140	21	4.3
1528255065.75	4300	59.747724	0.0	2155012	14	4.3
1528255067.34	4300	59.678016	0.0	1433658	16	4.3

1528255067.58	750	4	0.032	2354772	6	-0.13759999999999994
1528255067.67	4300	7.963777	0.0	2123065	19	0.75
1528255067.77	4300	11.860222	0.0	2177073	25	4.3
1528255067.85	4300	15.786136	0.0	2160877	12	4.3
1528255067.94	4300	19.694094	0.0	2233056	20	4.3
1528255068.04	4300	23.591981	0.0	1941625	24	4.3
1528255068.14	4300	27.494566	0.0	2157535	25	4.3
1528255068.24	4300	31.400408	0.0	2290172	25	4.3
1528255068.33	4300	35.309981	0.0	2055469	22	4.3
1528255068.42	4300	39.216899	0.0	2169201	21	4.3
1528255068.51	4300	43.124167	0.0	2173522	20	4.3
1528255068.61	4300	47.020546	0.0	2102452	27	4.3
1528255068.69	4300	50.946639	0.0	2209463	12	4.3
1528255068.8	4300	54.839477	0.0	2275376	19	4.3
1528255068.88	4300	58.753431	0.0	2005399	14	4.3
1528255071.99	4300	59.748944	0.0	2152483	26	4.3
1528255076.1	4300	59.749018	0.0	2289689	22	4.3
1528255079.71	4300	59.999331	0.0	2059512	22	4.3
1528255083.82	4300	59.998302	0.0	2220726	26	4.3
1528255087.93	4300	59.748932	0.0	2156729	26	4.3
1528255092.04	4300	59.749172	0.0	2039773	23	4.3
1528255095.65	4300	59.997788	0.0	2176469	27	4.3
1528255099.76	4300	59.998772	0.0	2221506	24	4.3
1528255103.86	4300	59.999373	0.0	2044075	24	4.3
1528255107.97	4300	59.748925	0.0	2186790	26	4.3
1528255112.08	4300	59.74882	0.0	2105231	25	4.3
1528255115.78	4300	59.999102	0.0	2395588	29	4.3
1528255119.91	4300	59.999288	0.0	1972048	24	4.3
1528255124.02	4300	59.749	0.0	2134614	25	4.3
1528255128.16	4300	59.74915	0.0	2164140	26	4.3
1528255131.77	4300	59.999425	0.0	2113193	26	4.3
1528255135.88	4300	59.998635	0.0	2147852	25	4.3
1528255139.98	4300	59.7489	0.0	2191074	22	4.3
1528255144.1	4300	59.749144	0.0	2286761	25	4.3
1528255147.71	4300	59.998791	0.0	2307787	26	4.3
1528255151.81	4300	59.999195	0.0	2143948	23	4.3
