1527748099.92	750	4	0.028	2354772	7	-0.12039999999999995
1527748100.07	4300	7.964889	0.0	2123065	19	0.75
1527748100.21	4300	11.819849	0.0	2177073	21	4.3
1527748100.34	4300	15.69397	0.0	2160877	12	4.3
1527748100.45	4300	19.581427	0.0	2233056	7	4.3
1527748100.56	4300	23.470584	0.0	1941625	7	4.3
1527748100.7	4300	27.333192	0.0	2157535	20	4.3
1527748100.84	4300	31.19246	0.0	2290172	23	4.3
1527748100.96	4300	35.071161	0.0	2055469	11	4.3
1527748101.08	4300	38.948905	0.0	2169201	12	4.3
1527748101.2	4300	42.825095	0.0	2173522	12	4.3
1527748101.32	4300	46.711736	0.0	2102452	7	4.3
1527748101.46	4300	50.575855	0.0	2209463	18	4.3
1527748101.61	4300	54.418943	0.0	2275376	21	4.3
1527748101.73	4300	58.296674	0.0	2005399	8	4.3
1527748104.36	4300	59.749169	0.0	2152483	10	4.3
1527748108.51	4300	59.749495	0.0	2289689	22	4.3
1527748112.68	4300	59.498754	0.0	2059512	23	4.3
1527748116.33	4300	59.747963	0.0	2220726	15	4.3
1527748120.49	4300	59.748678	0.0	2156729	24	4.3
1527748124.65	4300	59.499593	0.0	2039773	25	4.3
1527748128.29	4300	59.749101	0.0	2176469	20	4.3
1527748132.45	4300	59.749002	0.0	2221506	25	4.3
1527748136.09	4300	59.998188	0.0	2044075	18	4.3
1527748140.25	4300	59.999418	0.0	2186790	25	4.3
1527748144.41	4300	59.749359	0.0	2105231	26	4.3
1527748148.08	4300	59.999062	0.0	2395588	26	4.3
1527748152.74	4300	59.499607	0.0	1972048	22	4.3
1527748156.4	4300	59.748777	0.0	2134614	24	4.3
1527748160.56	4300	59.498695	0.0	2164140	26	4.3
1527748164.71	4300	59.499613	0.0	2113193	18	4.3
1527748168.37	4300	59.748915	0.0	2147852	25	4.3
1527748172.53	4300	59.749022	0.0	2191074	33	4.3
1527748176.17	4300	59.998312	0.0	2286761	16	4.3
1527748180.33	4300	59.749561	0.0	2307787	27	4.3
1527748184.48	4300	59.748891	0.0	2143948	20	4.3
1527748188.14	4300	59.998688	0.0	1919781	24	4.3
1527748192.29	4300	59.749202	0.0	2147467	25	4.3
1527748196.46	4300	59.749526	0.0	2133870	20	4.3
1527748200.59	4300	59.499146	0.0	2146120	14	4.3
1527748204.25	4300	59.999009	0.0	2108491	23	4.3
1527748208.41	4300	59.74772	0.0	2184571	24	4.3
1527748212.08	4300	59.998177	0.0	2121928	26	4.3
1527748216.24	4300	59.999032	0.0	2219102	25	4.3
1527748220.39	4300	59.748175	0.0	2124950	20	4.3
1527748224.05	4300	59.998977	0.0	2246506	24	4.3
1527748228.18	4300	59.997683	0.0	1961140	18	4.3
1527748232.32	4300	59.749347	0.0	2155012	26	4.3
1527748233.92	4300	59.928659	0.0	1433658	16	4.3

1527748234.16	750	4	0.015	668286	2	-0.0645
1527748234.32	4300	7.949035	0.0	2123065	20	0.75
1527748234.46	4300	11.809128	0.0	2177073	25	4.3
1527748234.58	4300	15.682811	0.0	2160877	12	4.3
1527748234.72	4300	19.55078	0.0	2233056	12	4.3
1527748234.84	4300	23.4251	0.0	1941625	14	4.3
1527748234.99	4300	27.275642	0.0	2157535	24	4.3
1527748235.13	4300	31.137945	0.0	2290172	20	4.3
1527748235.27	4300	34.998425	0.0	2055469	21	4.3
1527748235.39	4300	38.877109	0.0	2169201	12	4.3
1527748235.51	4300	42.751768	0.0	2173522	13	4.3
1527748235.64	4300	46.628592	0.0	2102452	12	4.3
1527748235.76	4300	50.508602	0.0	2209463	12	4.3
1527748235.88	4300	54.385447	0.0	2275376	12	4.3
1527748236.0	4300	58.266968	0.0	2005399	12	4.3
1527748238.65	4300	59.749426	0.0	2152483	23	4.3
1527748242.32	4300	59.999281	0.0	2289689	28	4.3
1527748246.98	4300	59.499099	0.0	2059512	25	4.3
1527748250.62	4300	59.749149	0.0	2220726	26	4.3
1527748254.77	4300	59.74951	0.0	2156729	7	4.3
1527748258.42	4300	59.998558	0.0	2039773	23	4.3
1527748262.57	4300	59.748167	0.0	2176469	19	4.3
1527748266.69	4300	59.748383	0.0	2221506	6	4.3
1527748270.39	4300	59.998645	0.0	2044075	15	4.3
1527748274.57	4300	59.748989	0.0	2186790	20	4.3
1527748278.73	4300	59.749222	0.0	2105231	25	4.3
1527748282.38	4300	59.999072	0.0	2395588	21	4.3
1527748286.53	4300	59.748121	0.0	1972048	22	4.3
1527748290.69	4300	59.748482	0.0	2134614	25	4.3
1527748294.36	4300	59.997746	0.0	2164140	25	4.3
1527748298.51	4300	59.99767	0.0	2113193	20	4.3
1527748302.66	4300	59.74875	0.0	2147852	27	4.3
1527748306.82	4300	59.498754	0.0	2191074	22	4.3
1527748310.47	4300	59.998277	0.0	2286761	27	4.3
1527748314.64	4300	59.747962	0.0	2307787	27	4.3
1527748318.29	4300	59.997902	0.0	2143948	19	4.3
1527748322.94	4300	59.498136	0.0	1919781	22	4.3
1527748326.61	4300	59.748526	0.0	2147467	25	4.3
1527748330.27	4300	59.998854	0.0	2133870	26	4.3
1527748334.92	4300	59.499535	0.0	2146120	17	4.3
1527748338.57	4300	59.748856	0.0	2108491	19	4.3
1527748342.75	4300	59.748471	0.0	2184571	24	4.3
1527748346.4	4300	59.999282	0.0	2121928	21	4.3
1527748350.55	4300	59.748894	0.0	2219102	27	4.3
1527748354.7	4300	59.748254	0.0	2124950	19	4.3
1527748358.86	4300	59.499315	0.0	2246506	26	4.3
1527748362.47	4300	59.999033	0.0	1961140	10	4.3
1527748366.6	4300	59.749273	0.0	2155012	24	4.3
1527748368.2	4300	59.928964	0.0	1433658	16	4.3

1527748368.42	750	4	0.023	668286	4	-0.09889999999999999
1527748368.57	4300	7.957821	0.0	2123065	12	0.75
1527748368.72	4300	11.811999	0.0	2177073	23	4.3
1527748368.85	4300	15.680573	0.0	2160877	12	4.3
1527748369.01	4300	19.524902	0.0	2233056	25	4.3
1527748369.13	4300	23.396658	0.0	1941625	13	4.3
1527748369.26	4300	27.265314	0.0	2157535	13	4.3
1527748369.41	4300	31.120416	0.0	2290172	22	4.3
1527748369.55	4300	34.980416	0.0	2055469	23	4.3
1527748369.68	4300	38.850773	0.0	2169201	13	4.3
1527748369.81	4300	42.725879	0.0	2173522	15	4.3
1527748369.95	4300	46.582178	0.0	2102452	19	4.3
1527748370.06	4300	50.468527	0.0	2209463	9	4.3
1527748370.19	4300	54.342452	0.0	2275376	15	4.3
1527748370.31	4300	58.217194	0.0	2005399	13	4.3
1527748372.94	4300	59.749543	0.0	2152483	9	4.3
1527748376.6	4300	59.998935	0.0	2289689	26	4.3
1527748380.79	4300	59.749463	0.0	2059512	23	4.3
1527748384.96	4300	59.749635	0.0	2220726	27	4.3
1527748388.61	4300	59.998942	0.0	2156729	20	4.3
1527748392.77	4300	59.998518	0.0	2039773	23	4.3
1527748396.96	4300	59.749233	0.0	2176469	27	4.3
1527748400.61	4300	59.998644	0.0	2221506	22	4.3
1527748404.77	4300	59.998895	0.0	2044075	25	4.3
1527748408.93	4300	59.749228	0.0	2186790	26	4.3
1527748412.58	4300	59.999037	0.0	2105231	18	4.3
1527748416.73	4300	59.998616	0.0	2395588	26	4.3
1527748420.89	4300	59.749214	0.0	1972048	24	4.3
1527748424.54	4300	59.999409	0.0	2134614	24	4.3
1527748428.7	4300	59.998769	0.0	2164140	26	4.3
1527748432.85	4300	59.74958	0.0	2113193	20	4.3
1527748437.0	4300	59.749102	0.0	2147852	28	4.3
1527748440.65	4300	59.999034	0.0	2191074	24	4.3
1527748444.81	4300	59.748199	0.0	2286761	27	4.3
1527748448.96	4300	59.748541	0.0	2307787	21	4.3
1527748452.62	4300	59.999408	0.0	2143948	27	4.3
1527748456.77	4300	59.999323	0.0	1919781	21	4.3
1527748460.92	4300	59.748863	0.0	2147467	23	4.3
1527748464.58	4300	59.999419	0.0	2133870	26	4.3
1527748468.75	4300	59.998456	0.0	2146120	26	4.3
1527748472.93	4300	59.748107	0.0	2108491	26	4.3
