1528220079.54	750	4	0.024	2354772	6	-0.10319999999999996
1528220079.62	4300	7.967844	0.0	2123065	17	0.75
1528220079.71	4300	11.878437	0.0	2177073	19	4.3
1528220079.8	4300	15.788978	0.0	2160877	19	4.3
1528220079.89	4300	19.699355	0.0	2233056	24	4.3
1528220079.98	4300	23.612358	0.0	1941625	21	4.3
1528220080.07	4300	27.522939	0.0	2157535	23	4.3
1528220080.16	4300	31.432445	0.0	2290172	26	4.3
1528220080.23	4300	35.36154	0.0	2055469	11	4.3
1528220080.33	4300	39.260107	0.0	2169201	28	4.3
1528220080.4	4300	43.188818	0.0	2173522	10	4.3
1528220080.49	4300	47.099318	0.0	2102452	22	4.3
1528220080.58	4300	51.008367	0.0	2209463	20	4.3
1528220080.69	4300	54.904217	0.0	2275376	22	4.3
1528220080.78	4300	58.809274	0.0	2005399	23	4.3
1528220083.89	4300	59.749512	0.0	2152483	27	4.3
1528220087.99	4300	59.749285	0.0	2289689	20	4.3
1528220092.09	4300	59.749196	0.0	2059512	19	4.3
1528220095.7	4300	59.999386	0.0	2220726	25	4.3
1528220099.8	4300	59.99908	0.0	2156729	23	4.3
1528220103.91	4300	59.749051	0.0	2039773	23	4.3
1528220108.02	4300	59.748478	0.0	2176469	25	4.3
1528220111.63	4300	59.997486	0.0	2221506	27	4.3
1528220115.73	4300	59.999028	0.0	2044075	23	4.3
1528220119.84	4300	59.997633	0.0	2186790	26	4.3
1528220123.95	4300	59.749214	0.0	2105231	26	4.3
1528220128.06	4300	59.749112	0.0	2395588	30	4.3
1528220131.67	4300	59.998504	0.0	1972048	24	4.3
1528220135.77	4300	59.998554	0.0	2134614	23	4.3
1528220139.88	4300	59.749234	0.0	2164140	28	4.3
1528220143.99	4300	59.748763	0.0	2113193	25	4.3
1528220148.09	4300	59.499017	0.0	2147852	26	4.3
1528220151.7	4300	59.997617	0.0	2191074	27	4.3
1528220155.81	4300	59.997672	0.0	2286761	28	4.3
1528220159.92	4300	59.748349	0.0	2307787	27	4.3
1528220164.03	4300	59.749329	0.0	2143948	25	4.3
1528220167.64	4300	59.999206	0.0	1919781	22	4.3
1528220171.74	4300	59.998096	0.0	2147467	23	4.3
1528220175.85	4300	59.749499	0.0	2133870	24	4.3
1528220180.01	4300	59.749189	0.0	2146120	25	4.3
1528220183.64	4300	59.999246	0.0	2108491	19	4.3
1528220187.74	4300	59.997558	0.0	2184571	18	4.3
1528220191.87	4300	59.999333	0.0	2121928	23	4.3
1528220196.04	4300	59.748825	0.0	2219102	27	4.3
1528220199.65	4300	59.999097	0.0	2124950	25	4.3
1528220203.76	4300	59.997601	0.0	2246506	23	4.3
1528220207.86	4300	59.738817	0.0	1961140	25	4.3
1528220211.97	4300	59.749021	0.0	2155012	25	4.3
1528220213.56	4300	59.927863	0.0	1433658	17	4.3

1528220213.76	750	4	0.018	450283	5	-0.07740000000000002
1528220213.83	4300	7.98034	0.0	2123065	5	0.75
1528220213.92	4300	11.889701	0.0	2177073	22	4.3
1528220214.02	4300	15.795391	0.0	2160877	24	4.3
1528220214.12	4300	19.698559	0.0	2233056	25	4.3
1528220214.22	4300	23.599348	0.0	1941625	24	4.3
1528220214.32	4300	27.495825	0.0	2157535	27	4.3
1528220214.41	4300	31.402628	0.0	2290172	25	4.3
1528220214.5	4300	35.315552	0.0	2055469	22	4.3
1528220214.59	4300	39.223508	0.0	2169201	25	4.3
1528220214.7	4300	43.130193	0.0	2173522	22	4.3
1528220214.8	4300	47.019416	0.0	2102452	27	4.3
1528220214.89	4300	50.926342	0.0	2209463	27	4.3
1528220214.98	4300	54.835158	0.0	2275376	25	4.3
1528220215.05	4300	58.761811	0.0	2005399	14	4.3
1528220218.17	4300	59.749626	0.0	2152483	25	4.3
1528220222.27	4300	59.749378	0.0	2289689	23	4.3
1528220225.88	4300	59.999486	0.0	2059512	22	4.3
1528220229.99	4300	59.998873	0.0	2220726	25	4.3
1528220234.11	4300	59.749226	0.0	2156729	28	4.3
1528220238.22	4300	59.749342	0.0	2039773	23	4.3
1528220241.83	4300	59.999175	0.0	2176469	24	4.3
1528220245.94	4300	59.998722	0.0	2221506	23	4.3
1528220250.54	4300	59.498785	0.0	2044075	20	4.3
1528220254.17	4300	59.747815	0.0	2186790	25	4.3
1528220258.27	4300	59.74963	0.0	2105231	21	4.3
1528220261.87	4300	59.998977	0.0	2395588	25	4.3
1528220265.98	4300	59.999337	0.0	1972048	20	4.3
1528220270.09	4300	59.74907	0.0	2134614	20	4.3
1528220274.2	4300	59.749028	0.0	2164140	22	4.3
1528220278.3	4300	59.747789	0.0	2113193	23	4.3
1528220282.41	4300	59.498956	0.0	2147852	27	4.3
1528220286.02	4300	59.999358	0.0	2191074	27	4.3
1528220290.13	4300	59.749441	0.0	2286761	23	4.3
1528220294.24	4300	59.749534	0.0	2307787	26	4.3
1528220297.84	4300	59.998954	0.0	2143948	23	4.3
1528220301.94	4300	59.999026	0.0	1919781	23	4.3
1528220306.05	4300	59.998943	0.0	2147467	23	4.3
1528220310.16	4300	59.747923	0.0	2133870	25	4.3
1528220314.27	4300	59.748484	0.0	2146120	27	4.3
1528220317.88	4300	59.998994	0.0	2108491	25	4.3
1528220322.49	4300	59.49911	0.0	2184571	25	4.3
1528220326.1	4300	59.748717	0.0	2121928	26	4.3
1528220330.21	4300	59.748832	0.0	2219102	25	4.3
1528220334.32	4300	59.683203	0.0	2124950	25	4.3
1528220337.92	4300	59.998711	0.0	2246506	25	4.3
1528220342.0	4300	59.999041	0.0	1961140	7	4.3
1528220346.1	4300	59.748026	0.0	2155012	25	4.3
1528220347.71	4300	59.929084	0.0	1433658	36	4.3

1528220347.92	750	4	0.02	2354772	7	-0.08599999999999997
1528220348.01	4300	7.968306	0.0	2123065	19	0.75
1528220348.1	4300	11.882044	0.0	2177073	20	4.3
1528220348.19	4300	15.78713	0.0	2160877	20	4.3
1528220348.28	4300	19.696598	0.0	2233056	22	4.3
1528220348.37	4300	23.609894	0.0	1941625	18	4.3
1528220348.47	4300	27.504727	0.0	2157535	14	4.3
1528220348.57	4300	31.407856	0.0	2290172	28	4.3
1528220348.66	4300	35.321384	0.0	2055469	23	4.3
1528220348.74	4300	39.242859	0.0	2169201	14	4.3
1528220348.82	4300	43.161975	0.0	2173522	16	4.3
1528220348.91	4300	47.073198	0.0	2102452	19	4.3
1528220349.0	4300	50.977057	0.0	2209463	23	4.3
1528220349.1	4300	54.874205	0.0	2275376	26	4.3
1528220349.2	4300	58.781937	0.0	2005399	23	4.3
1528220352.31	4300	59.75012	0.0	2152483	26	4.3
1528220356.42	4300	59.748716	0.0	2289689	27	4.3
1528220360.53	4300	59.500206	0.0	2059512	24	4.3
1528220364.64	4300	59.500182	0.0	2220726	28	4.3
1528220368.33	4300	59.750468	0.0	2156729	27	4.3
