1527776716.01	750	4	0.026	2354772	10	-0.11180000000000001
1527776716.13	4300	7.967765	0.0	2123065	19	0.75
1527776716.21	4300	11.893872	0.0	2177073	11	4.3
1527776716.28	4300	15.817758	0.0	2160877	7	4.3
1527776716.37	4300	19.728893	0.0	2233056	21	4.3
1527776716.43	4300	23.66425	0.0	1941625	7	4.3
1527776716.5	4300	27.597752	0.0	2157535	8	4.3
1527776716.57	4300	31.529015	0.0	2290172	7	4.3
1527776716.64	4300	35.460813	0.0	2055469	9	4.3
1527776716.71	4300	39.391494	0.0	2169201	10	4.3
1527776716.77	4300	43.325851	0.0	2173522	9	4.3
1527776716.84	4300	47.259017	0.0	2102452	9	4.3
1527776716.91	4300	51.193025	0.0	2209463	9	4.3
1527776716.99	4300	55.113161	0.0	2275376	9	4.3
1527776717.05	4300	59.05086	0.0	2005399	6	4.3
1527776720.12	4300	59.998984	0.0	2152483	6	4.3
1527776724.23	4300	59.999468	0.0	2289689	21	4.3
1527776728.36	4300	59.749395	0.0	2059512	22	4.3
1527776732.47	4300	59.747847	0.0	2220726	24	4.3
1527776736.57	4300	59.748762	0.0	2156729	26	4.3
1527776740.18	4300	59.998552	0.0	2039773	21	4.3
1527776744.33	4300	59.998375	0.0	2176469	24	4.3
1527776748.5	4300	59.748878	0.0	2221506	23	4.3
1527776752.6	4300	59.498616	0.0	2044075	23	4.3
1527776756.22	4300	59.99938	0.0	2186790	24	4.3
1527776760.32	4300	59.998235	0.0	2105231	19	4.3
1527776764.43	4300	59.749361	0.0	2395588	25	4.3
1527776768.51	4300	59.749329	0.0	1972048	11	4.3
1527776772.11	4300	59.997998	0.0	2134614	19	4.3
1527776776.21	4300	59.997638	0.0	2164140	21	4.3
1527776780.32	4300	59.998652	0.0	2113193	24	4.3
1527776784.44	4300	59.748699	0.0	2147852	25	4.3
1527776788.55	4300	59.747725	0.0	2191074	22	4.3
1527776792.15	4300	59.997811	0.0	2286761	25	4.3
1527776796.76	4300	59.49856	0.0	2307787	21	4.3
1527776800.37	4300	59.747841	0.0	2143948	24	4.3
1527776804.47	4300	59.74924	0.0	1919781	19	4.3
1527776808.58	4300	59.748156	0.0	2147467	25	4.3
1527776812.19	4300	59.99925	0.0	2133870	23	4.3
1527776816.3	4300	59.999427	0.0	2146120	18	4.3
1527776820.41	4300	59.749525	0.0	2108491	22	4.3
1527776824.52	4300	59.749136	0.0	2184571	23	4.3
1527776828.12	4300	59.99918	0.0	2121928	24	4.3
1527776832.32	4300	59.999209	0.0	2219102	23	4.3
1527776836.44	4300	59.749179	0.0	2124950	21	4.3
1527776840.54	4300	59.748829	0.0	2246506	16	4.3
1527776844.13	4300	59.999206	0.0	1961140	17	4.3
1527776848.25	4300	59.998835	0.0	2155012	25	4.3
1527776850.32	4300	59.677581	0.0	1433658	8	4.3

1527776850.54	750	4	0.014	668286	2	-0.06020000000000003
1527776850.64	4300	7.955294	0.0	2123065	14	0.75
1527776850.71	4300	11.887655	0.0	2177073	9	4.3
1527776850.78	4300	15.820629	0.0	2160877	8	4.3
1527776850.87	4300	19.729335	0.0	2233056	21	4.3
1527776850.95	4300	23.646741	0.0	1941625	15	4.3
1527776851.04	4300	27.563401	0.0	2157535	15	4.3
1527776851.1	4300	31.498235	0.0	2290172	8	4.3
1527776851.16	4300	35.434031	0.0	2055469	7	4.3
1527776851.23	4300	39.370323	0.0	2169201	7	4.3
1527776851.29	4300	43.304681	0.0	2173522	6	4.3
1527776851.37	4300	47.227433	0.0	2102452	15	4.3
1527776851.45	4300	51.153978	0.0	2209463	11	4.3
1527776851.51	4300	55.089111	0.0	2275376	6	4.3
1527776851.57	4300	59.026313	0.0	2005399	6	4.3
1527776855.15	4300	59.497983	0.0	2152483	7	4.3
1527776859.26	4300	59.499106	0.0	2289689	22	4.3
1527776862.86	4300	59.749694	0.0	2059512	22	4.3
1527776866.97	4300	59.749176	0.0	2220726	26	4.3
1527776871.08	4300	59.749527	0.0	2156729	21	4.3
1527776874.68	4300	59.998685	0.0	2039773	22	4.3
1527776878.78	4300	59.999243	0.0	2176469	22	4.3
1527776882.89	4300	59.749333	0.0	2221506	25	4.3
1527776887.0	4300	59.749079	0.0	2044075	22	4.3
1527776890.61	4300	59.998999	0.0	2186790	22	4.3
1527776894.72	4300	59.998799	0.0	2105231	21	4.3
1527776898.83	4300	59.998065	0.0	2395588	25	4.3
1527776902.91	4300	59.749684	0.0	1972048	8	4.3
1527776907.02	4300	59.749011	0.0	2134614	23	4.3
1527776910.62	4300	59.999405	0.0	2164140	23	4.3
1527776914.72	4300	59.998028	0.0	2113193	22	4.3
1527776918.91	4300	59.999125	0.0	2147852	23	4.3
1527776923.01	4300	59.749516	0.0	2191074	18	4.3
1527776926.62	4300	59.998513	0.0	2286761	23	4.3
1527776931.22	4300	59.499772	0.0	2307787	21	4.3
1527776934.83	4300	59.998991	0.0	2143948	23	4.3
1527776938.94	4300	59.748604	0.0	1919781	22	4.3
1527776943.05	4300	59.748746	0.0	2147467	25	4.3
1527776946.63	4300	59.999424	0.0	2133870	6	4.3
1527776950.73	4300	59.998399	0.0	2146120	20	4.3
1527776954.84	4300	59.998834	0.0	2108491	20	4.3
1527776958.95	4300	59.748462	0.0	2184571	25	4.3
1527776963.06	4300	59.748009	0.0	2121928	24	4.3
1527776966.66	4300	59.998074	0.0	2219102	22	4.3
1527776970.77	4300	59.998237	0.0	2124950	22	4.3
1527776974.86	4300	59.748848	0.0	2246506	19	4.3
