1527657781.89	750	4	0.025	2354772	7	-0.10750000000000004
1527657782.02	4300	7.960421	0.0	2123065	22	0.75
1527657782.11	4300	11.86339	0.0	2177073	24	4.3
1527657782.19	4300	15.789042	0.0	2160877	11	4.3
1527657782.29	4300	19.684978	0.0	2233056	24	4.3
1527657782.38	4300	23.59728	0.0	1941625	23	4.3
1527657782.46	4300	27.518626	0.0	2157535	14	4.3
1527657782.57	4300	31.413113	0.0	2290172	29	4.3
1527657782.66	4300	35.317713	0.0	2055469	18	4.3
1527657782.75	4300	39.228986	0.0	2169201	21	4.3
1527657782.84	4300	43.13502	0.0	2173522	19	4.3
1527657782.94	4300	47.042608	0.0	2102452	22	4.3
1527657783.02	4300	50.958839	0.0	2209463	16	4.3
1527657783.13	4300	54.848452	0.0	2275376	22	4.3
1527657783.19	4300	58.783096	0.0	2005399	8	4.3
1527657786.36	4300	59.749148	0.0	2152483	9	4.3
1527657790.47	4300	59.749545	0.0	2289689	25	4.3
1527657794.08	4300	59.999464	0.0	2059512	22	4.3
1527657798.19	4300	59.999172	0.0	2220726	24	4.3
1527657802.3	4300	59.748994	0.0	2156729	24	4.3
1527657806.41	4300	59.749374	0.0	2039773	22	4.3
1527657810.01	4300	59.99936	0.0	2176469	25	4.3
1527657814.12	4300	59.998779	0.0	2221506	24	4.3
1527657818.24	4300	59.999221	0.0	2044075	21	4.3
1527657822.35	4300	59.749225	0.0	2186790	21	4.3
1527657826.47	4300	59.749659	0.0	2105231	23	4.3
1527657830.08	4300	59.998976	0.0	2395588	26	4.3
1527657834.19	4300	59.999086	0.0	1972048	22	4.3
1527657838.3	4300	59.749427	0.0	2134614	24	4.3
1527657842.41	4300	59.748318	0.0	2164140	23	4.3
1527657846.02	4300	59.999156	0.0	2113193	25	4.3
1527657850.12	4300	59.998371	0.0	2147852	20	4.3
1527657854.23	4300	59.999022	0.0	2191074	24	4.3
1527657858.33	4300	59.74876	0.0	2286761	27	4.3
1527657862.45	4300	59.74959	0.0	2307787	25	4.3
1527657866.1	4300	59.998052	0.0	2143948	24	4.3
1527657870.26	4300	59.99921	0.0	1919781	22	4.3
1527657874.37	4300	59.749621	0.0	2147467	22	4.3
1527657878.54	4300	59.748318	0.0	2133870	22	4.3
1527657882.14	4300	59.998591	0.0	2146120	20	4.3
1527657886.25	4300	59.749085	0.0	2108491	20	4.3
1527657890.36	4300	59.749086	0.0	2184571	21	4.3
1527657894.46	4300	59.749514	0.0	2121928	22	4.3
1527657898.07	4300	59.998684	0.0	2219102	24	4.3
1527657902.17	4300	59.999343	0.0	2124950	21	4.3
1527657906.28	4300	59.748991	0.0	2246506	25	4.3
1527657910.39	4300	59.748607	0.0	1961140	22	4.3
1527657914.0	4300	59.998649	0.0	2155012	25	4.3
1527657916.09	4300	59.678921	0.0	1433658	17	4.3

1527657916.29	750	4	0.012	668286	2	-0.05159999999999998
1527657916.41	4300	7.947585	0.0	2123065	21	0.75
1527657916.51	4300	11.844775	0.0	2177073	22	4.3
1527657916.61	4300	15.739878	0.0	2160877	25	4.3
1527657916.71	4300	19.645336	0.0	2233056	22	4.3
1527657916.8	4300	23.548999	0.0	1941625	11	4.3
1527657916.91	4300	27.445965	0.0	2157535	26	4.3
1527657916.98	4300	31.368512	0.0	2290172	13	4.3
1527657917.08	4300	35.269654	0.0	2055469	22	4.3
1527657917.18	4300	39.174258	0.0	2169201	26	4.3
1527657917.27	4300	43.0762	0.0	2173522	23	4.3
1527657917.36	4300	46.989543	0.0	2102452	19	4.3
1527657917.46	4300	50.896825	0.0	2209463	22	4.3
1527657917.55	4300	54.800112	0.0	2275376	18	4.3
1527657917.66	4300	58.700247	0.0	2005399	22	4.3
1527657920.78	4300	59.749405	0.0	2152483	25	4.3
1527657924.38	4300	59.999058	0.0	2289689	20	4.3
1527657928.48	4300	59.998526	0.0	2059512	20	4.3
1527657932.59	4300	59.99922	0.0	2220726	25	4.3
1527657936.7	4300	59.748118	0.0	2156729	25	4.3
1527657940.81	4300	59.748057	0.0	2039773	22	4.3
1527657944.42	4300	59.998741	0.0	2176469	25	4.3
1527657948.53	4300	59.999038	0.0	2221506	21	4.3
1527657952.63	4300	59.749542	0.0	2044075	20	4.3
1527657956.74	4300	59.748419	0.0	2186790	26	4.3
1527657960.85	4300	59.749349	0.0	2105231	23	4.3
1527657964.46	4300	59.999017	0.0	2395588	27	4.3
1527657968.57	4300	59.999498	0.0	1972048	19	4.3
1527657972.67	4300	59.748085	0.0	2134614	24	4.3
1527657976.78	4300	59.748785	0.0	2164140	24	4.3
1527657980.39	4300	59.999248	0.0	2113193	24	4.3
1527657984.5	4300	59.998446	0.0	2147852	24	4.3
1527657988.62	4300	59.748698	0.0	2191074	20	4.3
1527657992.72	4300	59.748617	0.0	2286761	18	4.3
1527657996.82	4300	59.747936	0.0	2307787	22	4.3
1527658000.44	4300	59.998542	0.0	2143948	23	4.3
1527658004.53	4300	59.999301	0.0	1919781	17	4.3
1527658008.64	4300	59.747654	0.0	2147467	24	4.3
1527658012.77	4300	59.74844	0.0	2133870	23	4.3
1527658016.38	4300	59.998782	0.0	2146120	26	4.3
1527658020.49	4300	59.999254	0.0	2108491	22	4.3
1527658024.6	4300	59.997604	0.0	2184571	25	4.3
1527658028.71	4300	59.749232	0.0	2121928	24	4.3
1527658032.83	4300	59.747903	0.0	2219102	24	4.3
1527658036.49	4300	59.996931	0.0	2124950	24	4.3
1527658040.65	4300	59.748866	0.0	2246506	25	4.3
1527658044.76	4300	59.748586	0.0	1961140	21	4.3
1527658048.37	4300	59.998858	0.0	2155012	24	4.3
1527658050.46	4300	59.678545	0.0	1433658	15	4.3

1527658050.65	750	4	0.011	668286	2	-0.04730000000000001
1527658050.75	4300	7.953619	0.0	2123065	20	0.75
1527658050.84	4300	11.86419	0.0	2177073	21	4.3
1527658050.93	4300	15.774155	0.0	2160877	18	4.3
1527658051.02	4300	19.682231	0.0	2233056	19	4.3
1527658051.1	4300	23.596241	0.0	1941625	20	4.3
1527658051.18	4300	27.514866	0.0	2157535	12	4.3
1527658051.25	4300	31.44817	0.0	2290172	8	4.3
1527658051.31	4300	35.384681	0.0	2055469	7	4.3
1527658051.4	4300	39.295565	0.0	2169201	20	4.3
1527658051.5	4300	43.202786	0.0	2173522	21	4.3
1527658051.61	4300	47.098882	0.0	2102452	24	4.3
1527658051.72	4300	50.996212	0.0	2209463	22	4.3
1527658051.82	4300	54.873763	0.0	2275376	19	4.3
1527658051.97	4300	58.76776	0.0	2005399	21	4.3
1527658055.11	4300	59.748669	0.0	2152483	23	4.3
1527658059.23	4300	59.499453	0.0	2289689	21	4.3
1527658062.83	4300	59.998891	0.0	2059512	21	4.3
1527658066.94	4300	59.997776	0.0	2220726	21	4.3
1527658071.05	4300	59.748251	0.0	2156729	20	4.3
1527658075.15	4300	59.748896	0.0	2039773	22	4.3
1527658078.77	4300	59.998704	0.0	2176469	23	4.3
1527658082.87	4300	59.99897	0.0	2221506	20	4.3
1527658086.97	4300	59.748878	0.0	2044075	20	4.3
1527658091.08	4300	59.748121	0.0	2186790	27	4.3
1527658095.2	4300	59.749117	0.0	2105231	24	4.3
1527658098.8	4300	59.999391	0.0	2395588	27	4.3
1527658102.91	4300	59.998664	0.0	1972048	21	4.3
1527658107.02	4300	59.749416	0.0	2134614	24	4.3
1527658111.18	4300	59.715228	0.0	2164140	24	4.3
1527658115.29	4300	59.498659	0.0	2113193	27	4.3
1527658118.9	4300	59.998116	0.0	2147852	25	4.3
1527658123.01	4300	59.748852	0.0	2191074	24	4.3
1527658127.13	4300	59.747761	0.0	2286761	20	4.3
1527658131.23	4300	59.499696	0.0	2307787	20	4.3
1527658134.83	4300	59.999124	0.0	2143948	24	4.3
