1528188166.55	750	4	0.021	2354772	10	-0.09030000000000005
1528188166.61	4300	7.985784	0.0	2123065	6	0.75
1528188166.7	4300	11.897319	0.0	2177073	22	4.3
1528188166.8	4300	15.801073	0.0	2160877	25	4.3
1528188166.89	4300	19.707681	0.0	2233056	20	4.3
1528188166.98	4300	23.622246	0.0	1941625	21	4.3
1528188167.07	4300	27.532751	0.0	2157535	25	4.3
1528188167.16	4300	31.439994	0.0	2290172	27	4.3
1528188167.25	4300	35.348192	0.0	2055469	20	4.3
1528188167.35	4300	39.252629	0.0	2169201	21	4.3
1528188167.45	4300	43.149356	0.0	2173522	25	4.3
1528188167.55	4300	47.052089	0.0	2102452	24	4.3
1528188167.64	4300	50.956296	0.0	2209463	24	4.3
1528188167.75	4300	54.850007	0.0	2275376	22	4.3
1528188167.83	4300	58.773107	0.0	2005399	14	4.3
1528188170.94	4300	59.7487	0.0	2152483	27	4.3
1528188175.05	4300	59.749316	0.0	2289689	23	4.3
1528188178.65	4300	59.998832	0.0	2059512	21	4.3
1528188182.75	4300	59.999391	0.0	2220726	23	4.3
1528188186.89	4300	59.748826	0.0	2156729	24	4.3
1528188190.99	4300	59.749035	0.0	2039773	23	4.3
1528188194.61	4300	59.999385	0.0	2176469	24	4.3
1528188199.21	4300	59.49958	0.0	2221506	26	4.3
1528188202.83	4300	59.999112	0.0	2044075	23	4.3
1528188206.93	4300	59.74784	0.0	2186790	23	4.3
1528188211.04	4300	59.749345	0.0	2105231	24	4.3
1528188214.65	4300	59.99888	0.0	2395588	29	4.3
1528188218.73	4300	59.998276	0.0	1972048	7	4.3
1528188222.83	4300	59.998294	0.0	2134614	23	4.3
1528188226.94	4300	59.749642	0.0	2164140	25	4.3
1528188231.04	4300	59.747805	0.0	2113193	25	4.3
1528188234.65	4300	59.999003	0.0	2147852	25	4.3
1528188238.76	4300	59.999138	0.0	2191074	24	4.3
1528188242.87	4300	59.749144	0.0	2286761	28	4.3
1528188246.98	4300	59.748549	0.0	2307787	24	4.3
1528188251.09	4300	59.749203	0.0	2143948	27	4.3
1528188254.7	4300	59.999209	0.0	1919781	22	4.3
1528188258.84	4300	59.999083	0.0	2147467	24	4.3
1528188262.95	4300	59.748906	0.0	2133870	24	4.3
1528188267.04	4300	59.748109	0.0	2146120	14	4.3
1528188270.65	4300	59.997927	0.0	2108491	27	4.3
1528188274.76	4300	59.998186	0.0	2184571	23	4.3
1528188278.87	4300	59.749248	0.0	2121928	27	4.3
1528188282.98	4300	59.749382	0.0	2219102	26	4.3
1528188287.09	4300	59.694424	0.0	2124950	25	4.3
1528188290.7	4300	59.999127	0.0	2246506	27	4.3
1528188294.8	4300	59.999141	0.0	1961140	23	4.3
1528188298.9	4300	59.749089	0.0	2155012	25	4.3
1528188300.51	4300	59.92892	0.0	1433658	39	4.3

1528188300.7	750	4	0.022	2354772	10	-0.09460000000000002
1528188300.8	4300	7.958756	0.0	2123065	25	0.75
1528188300.9	4300	11.866023	0.0	2177073	23	4.3
1528188300.98	4300	15.784532	0.0	2160877	15	4.3
1528188301.08	4300	19.684757	0.0	2233056	31	4.3
1528188301.16	4300	23.597248	0.0	1941625	25	4.3
1528188301.25	4300	27.512806	0.0	2157535	14	4.3
1528188301.35	4300	31.415407	0.0	2290172	23	4.3
1528188301.43	4300	35.328762	0.0	2055469	23	4.3
1528188301.51	4300	39.255051	0.0	2169201	13	4.3
1528188301.61	4300	43.152445	0.0	2173522	27	4.3
1528188301.71	4300	47.056521	0.0	2102452	26	4.3
1528188301.8	4300	50.963206	0.0	2209463	25	4.3
1528188301.88	4300	54.880674	0.0	2275376	20	4.3
1528188301.97	4300	58.794394	0.0	2005399	19	4.3
1528188305.08	4300	59.74921	0.0	2152483	26	4.3
1528188309.19	4300	59.749134	0.0	2289689	29	4.3
1528188312.8	4300	59.999181	0.0	2059512	25	4.3
1528188316.91	4300	59.999413	0.0	2220726	24	4.3
1528188321.49	4300	59.498662	0.0	2156729	9	4.3
1528188325.1	4300	59.74868	0.0	2039773	21	4.3
1528188329.21	4300	59.749536	0.0	2176469	26	4.3
1528188332.82	4300	59.998046	0.0	2221506	24	4.3
1528188336.92	4300	59.997577	0.0	2044075	24	4.3
1528188341.1	4300	59.74784	0.0	2186790	25	4.3
1528188345.31	4300	59.749486	0.0	2105231	24	4.3
1528188348.93	4300	59.999497	0.0	2395588	29	4.3
1528188353.03	4300	59.74871	0.0	1972048	23	4.3
1528188357.13	4300	59.748835	0.0	2134614	24	4.3
1528188361.25	4300	59.682319	0.0	2164140	27	4.3
1528188364.85	4300	59.998255	0.0	2113193	24	4.3
1528188368.96	4300	59.998783	0.0	2147852	24	4.3
1528188373.07	4300	59.749021	0.0	2191074	28	4.3
1528188377.18	4300	59.747973	0.0	2286761	25	4.3
1528188380.79	4300	59.998974	0.0	2307787	28	4.3
1528188384.9	4300	59.999045	0.0	2143948	23	4.3
1528188389.0	4300	59.998761	0.0	1919781	22	4.3
1528188393.11	4300	59.74817	0.0	2147467	26	4.3
1528188397.22	4300	59.749451	0.0	2133870	27	4.3
1528188400.84	4300	59.998227	0.0	2146120	22	4.3
1528188404.94	4300	59.997645	0.0	2108491	22	4.3
1528188409.04	4300	59.747646	0.0	2184571	22	4.3
1528188413.15	4300	59.749014	0.0	2121928	23	4.3
1528188417.26	4300	59.748471	0.0	2219102	26	4.3
1528188420.85	4300	59.998611	0.0	2124950	12	4.3
1528188424.96	4300	59.998464	0.0	2246506	20	4.3
1528188429.06	4300	59.749449	0.0	1961140	20	4.3
1528188433.15	4300	59.749139	0.0	2155012	16	4.3
1528188434.74	4300	59.929464	0.0	1433658	17	4.3

1528188434.94	750	4	0.026	2354772	7	-0.11180000000000001
1528188435.03	4300	7.963233	0.0	2123065	20	0.75
1528188435.14	4300	11.852849	0.0	2177073	30	4.3
1528188435.23	4300	15.763179	0.0	2160877	18	4.3
1528188435.33	4300	19.665885	0.0	2233056	28	4.3
1528188435.41	4300	23.586123	0.0	1941625	17	4.3
1528188435.5	4300	27.496445	0.0	2157535	18	4.3
1528188435.6	4300	31.397571	0.0	2290172	29	4.3
1528188435.67	4300	35.323163	0.0	2055469	10	4.3
1528188435.76	4300	39.234107	0.0	2169201	20	4.3
1528188435.86	4300	43.132143	0.0	2173522	27	4.3
1528188435.94	4300	47.056163	0.0	2102452	11	4.3
1528188436.05	4300	50.953749	0.0	2209463	26	4.3
1528188436.15	4300	54.850791	0.0	2275376	28	4.3
1528188436.25	4300	58.747873	0.0	2005399	24	4.3
1528188439.36	4300	59.748813	0.0	2152483	25	4.3
1528188443.48	4300	59.749436	0.0	2289689	28	4.3
1528188447.59	4300	59.498706	0.0	2059512	24	4.3
1528188451.2	4300	59.998946	0.0	2220726	27	4.3
1528188455.31	4300	59.74882	0.0	2156729	23	4.3
1528188459.41	4300	59.749068	0.0	2039773	25	4.3
1528188463.02	4300	59.998969	0.0	2176469	24	4.3
1528188467.12	4300	59.999075	0.0	2221506	26	4.3
1528188471.23	4300	59.997997	0.0	2044075	24	4.3
1528188475.34	4300	59.749106	0.0	2186790	26	4.3
1528188479.45	4300	59.749319	0.0	2105231	25	4.3
1528188483.06	4300	59.999298	0.0	2395588	26	4.3
