1528171811.77	750	4	0.026	2354772	10	-0.11180000000000001
1528171811.92	4300	7.963965	0.0	2123065	22	0.75
1528171812.07	4300	11.815863	0.0	2177073	26	4.3
1528171812.21	4300	15.67733	0.0	2160877	14	4.3
1528171812.35	4300	19.538025	0.0	2233056	21	4.3
1528171812.5	4300	23.393912	0.0	1941625	22	4.3
1528171812.64	4300	27.244313	0.0	2157535	23	4.3
1528171812.78	4300	31.105909	0.0	2290172	17	4.3
1528171812.92	4300	34.966587	0.0	2055469	18	4.3
1528171813.07	4300	38.823393	0.0	2169201	24	4.3
1528171813.21	4300	42.675134	0.0	2173522	24	4.3
1528171813.37	4300	46.524795	0.0	2102452	23	4.3
1528171813.51	4300	50.376674	0.0	2209463	24	4.3
1528171813.68	4300	54.211118	0.0	2275376	25	4.3
1528171813.82	4300	58.073008	0.0	2005399	22	4.3
1528171815.97	4300	59.997986	0.0	2152483	24	4.3
1528171820.64	4300	59.248962	0.0	2289689	26	4.3
1528171824.31	4300	59.748757	0.0	2059512	19	4.3
1528171827.96	4300	59.998632	0.0	2220726	20	4.3
1528171832.61	4300	59.499422	0.0	2156729	24	4.3
1528171836.26	4300	59.749269	0.0	2039773	23	4.3
1528171839.92	4300	59.998855	0.0	2176469	22	4.3
1528171844.57	4300	59.499091	0.0	2221506	24	4.3
1528171848.23	4300	59.748754	0.0	2044075	19	4.3
1528171852.39	4300	59.749197	0.0	2186790	24	4.3
1528171856.03	4300	59.998023	0.0	2105231	20	4.3
1528171860.16	4300	59.748248	0.0	2395588	10	4.3
1528171864.31	4300	59.748695	0.0	1972048	17	4.3
1528171867.96	4300	59.998047	0.0	2134614	23	4.3
1528171872.12	4300	59.997875	0.0	2164140	18	4.3
1528171876.27	4300	59.749048	0.0	2113193	24	4.3
1528171879.91	4300	59.99949	0.0	2147852	19	4.3
1528171884.57	4300	59.497939	0.0	2191074	23	4.3
1528171888.22	4300	59.749484	0.0	2286761	24	4.3
1528171892.38	4300	59.749606	0.0	2307787	27	4.3
1528171896.02	4300	59.998097	0.0	2143948	17	4.3
1528171900.18	4300	59.74948	0.0	1919781	20	4.3
1528171904.33	4300	59.749482	0.0	2147467	19	4.3
1528171907.99	4300	59.998592	0.0	2133870	24	4.3
1528171912.16	4300	59.749209	0.0	2146120	25	4.3
1528171916.31	4300	59.749318	0.0	2108491	24	4.3
1528171919.97	4300	59.998935	0.0	2184571	23	4.3
1528171924.12	4300	59.998819	0.0	2121928	24	4.3
1528171928.27	4300	59.748383	0.0	2219102	20	4.3
1528171931.92	4300	59.998605	0.0	2124950	17	4.3
1528171936.57	4300	59.499508	0.0	2246506	22	4.3
1528171940.25	4300	59.747504	0.0	1961140	22	4.3
1528171944.38	4300	59.74872	0.0	2155012	21	4.3
1528171946.0	4300	59.679426	0.0	1433658	17	4.3

1528171946.23	750	4	0.014	668286	1	-0.06020000000000003
1528171946.38	4300	7.957581	0.0	2123065	13	0.75
1528171946.52	4300	11.81849	0.0	2177073	19	4.3
1528171946.66	4300	15.677572	0.0	2160877	18	4.3
1528171946.81	4300	19.528036	0.0	2233056	18	4.3
1528171946.96	4300	23.384436	0.0	1941625	23	4.3
1528171947.1	4300	27.236872	0.0	2157535	23	4.3
1528171947.25	4300	31.089096	0.0	2290172	16	4.3
1528171947.39	4300	34.955506	0.0	2055469	19	4.3
1528171947.53	4300	38.808815	0.0	2169201	23	4.3
1528171947.68	4300	42.65525	0.0	2173522	20	4.3
1528171947.83	4300	46.513776	0.0	2102452	24	4.3
1528171947.98	4300	50.364942	0.0	2209463	23	4.3
1528171948.13	4300	54.215179	0.0	2275376	25	4.3
1528171948.26	4300	58.080541	0.0	2005399	17	4.3
1528171950.41	4300	59.999497	0.0	2152483	9	4.3
1528171954.57	4300	59.999167	0.0	2289689	26	4.3
1528171958.77	4300	59.749354	0.0	2059512	23	4.3
1528171962.44	4300	59.997975	0.0	2220726	24	4.3
1528171966.6	4300	59.749628	0.0	2156729	25	4.3
1528171970.74	4300	59.748178	0.0	2039773	22	4.3
1528171974.39	4300	59.997847	0.0	2176469	21	4.3
1528171978.55	4300	59.999443	0.0	2221506	23	4.3
1528171982.71	4300	59.749373	0.0	2044075	23	4.3
1528171986.36	4300	59.998951	0.0	2186790	21	4.3
1528171990.51	4300	59.99939	0.0	2105231	24	4.3
1528171994.67	4300	59.747122	0.0	2395588	22	4.3
1528171998.82	4300	59.749787	0.0	1972048	20	4.3
1528172002.47	4300	59.998321	0.0	2134614	20	4.3
1528172006.63	4300	59.747872	0.0	2164140	24	4.3
1528172010.78	4300	59.749546	0.0	2113193	24	4.3
1528172014.44	4300	59.998959	0.0	2147852	20	4.3
1528172018.6	4300	59.748917	0.0	2191074	24	4.3
1528172022.75	4300	59.749788	0.0	2286761	20	4.3
1528172026.91	4300	59.499688	0.0	2307787	22	4.3
1528172030.57	4300	59.998975	0.0	2143948	23	4.3
1528172034.73	4300	59.749458	0.0	1919781	21	4.3
1528172038.9	4300	59.499223	0.0	2147467	23	4.3
1528172042.56	4300	59.998984	0.0	2133870	19	4.3
1528172046.71	4300	59.748943	0.0	2146120	21	4.3
1528172050.37	4300	59.999048	0.0	2108491	24	4.3
1528172055.03	4300	59.499744	0.0	2184571	26	4.3
1528172058.69	4300	59.749631	0.0	2121928	20	4.3
