1527788201.46	750	4	0.01	450283	3	-0.04300000000000004
1527788201.6	4300	7.953666	0.0	2123065	14	0.75
1527788201.7	4300	11.854285	0.0	2177073	25	4.3
1527788201.79	4300	15.770126	0.0	2160877	14	4.3
1527788201.86	4300	19.690695	0.0	2233056	9	4.3
1527788201.93	4300	23.623221	0.0	1941625	8	4.3
1527788202.0	4300	27.554346	0.0	2157535	8	4.3
1527788202.07	4300	31.484204	0.0	2290172	10	4.3
1527788202.14	4300	35.411451	0.0	2055469	7	4.3
1527788202.21	4300	39.342399	0.0	2169201	9	4.3
1527788202.28	4300	43.276876	0.0	2173522	8	4.3
1527788202.35	4300	47.20952	0.0	2102452	8	4.3
1527788202.41	4300	51.13865	0.0	2209463	9	4.3
1527788202.49	4300	55.065334	0.0	2275376	9	4.3
1527788202.56	4300	58.996764	0.0	2005399	8	4.3
1527788206.23	4300	59.498324	0.0	2152483	25	4.3
1527788209.86	4300	59.748112	0.0	2289689	15	4.3
1527788213.97	4300	59.749747	0.0	2059512	23	4.3
1527788218.08	4300	59.499698	0.0	2220726	25	4.3
1527788222.28	4300	59.499554	0.0	2156729	15	4.3
1527788225.89	4300	59.749548	0.0	2039773	23	4.3
1527788229.99	4300	59.748295	0.0	2176469	19	4.3
1527788233.59	4300	59.998226	0.0	2221506	25	4.3
1527788237.7	4300	59.999405	0.0	2044075	21	4.3
1527788241.81	4300	59.999193	0.0	2186790	25	4.3
1527788245.92	4300	59.74991	0.0	2105231	22	4.3
1527788250.03	4300	59.748999	0.0	2395588	26	4.3
1527788254.13	4300	59.498315	0.0	1972048	23	4.3
1527788258.25	4300	59.499887	0.0	2134614	23	4.3
1527788261.86	4300	59.702305	0.0	2164140	22	4.3
1527788265.96	4300	59.749355	0.0	2113193	22	4.3
1527788270.07	4300	59.499557	0.0	2147852	22	4.3
1527788273.68	4300	59.999354	0.0	2191074	24	4.3
1527788278.28	4300	59.499237	0.0	2286761	19	4.3
1527788281.89	4300	59.748673	0.0	2307787	26	4.3
1527788286.01	4300	59.748282	0.0	2143948	24	4.3
1527788289.61	4300	59.998154	0.0	1919781	20	4.3
1527788294.21	4300	59.499223	0.0	2147467	19	4.3
1527788297.82	4300	59.749299	0.0	2133870	23	4.3
1527788301.99	4300	59.749957	0.0	2146120	24	4.3
1527788306.1	4300	59.498141	0.0	2108491	21	4.3
1527788309.71	4300	59.998495	0.0	2184571	23	4.3
1527788313.81	4300	59.749851	0.0	2121928	23	4.3
1527788317.92	4300	59.74818	0.0	2219102	22	4.3
1527788322.03	4300	59.598112	0.0	2124950	25	4.3
1527788326.14	4300	59.499736	0.0	2246506	25	4.3
1527788329.74	4300	59.999433	0.0	1961140	21	4.3
1527788333.85	4300	59.748111	0.0	2155012	24	4.3
1527788335.44	4300	59.92918	0.0	1433658	16	4.3

1527788335.63	750	4	0.015	668286	3	-0.0645
1527788335.7	4300	7.977992	0.0	2123065	6	0.75
1527788335.8	4300	11.882917	0.0	2177073	20	4.3
1527788335.89	4300	15.792336	0.0	2160877	18	4.3
1527788335.96	4300	19.721032	0.0	2233056	9	4.3
1527788336.05	4300	23.634402	0.0	1941625	19	4.3
1527788336.12	4300	27.558325	0.0	2157535	12	4.3
1527788336.19	4300	31.489493	0.0	2290172	9	4.3
1527788336.25	4300	35.424381	0.0	2055469	7	4.3
1527788336.32	4300	39.359402	0.0	2169201	8	4.3
1527788336.39	4300	43.291184	0.0	2173522	9	4.3
1527788336.45	4300	47.226857	0.0	2102452	7	4.3
1527788336.52	4300	51.159195	0.0	2209463	6	4.3
1527788336.59	4300	55.094213	0.0	2275376	8	4.3
1527788336.65	4300	59.030141	0.0	2005399	6	4.3
1527788339.73	4300	59.998688	0.0	2152483	7	4.3
1527788343.83	4300	59.998898	0.0	2289689	25	4.3
1527788347.95	4300	59.749037	0.0	2059512	22	4.3
1527788352.06	4300	59.749369	0.0	2220726	23	4.3
1527788356.17	4300	59.749087	0.0	2156729	24	4.3
1527788359.78	4300	59.999469	0.0	2039773	24	4.3
1527788363.88	4300	59.999201	0.0	2176469	21	4.3
1527788367.99	4300	59.749638	0.0	2221506	24	4.3
1527788372.1	4300	59.747847	0.0	2044075	24	4.3
1527788376.26	4300	59.49786	0.0	2186790	24	4.3
1527788380.37	4300	59.498224	0.0	2105231	25	4.3
1527788384.03	4300	59.748119	0.0	2395588	26	4.3
1527788388.12	4300	59.74951	0.0	1972048	16	4.3
1527788391.73	4300	59.999188	0.0	2134614	24	4.3
1527788395.83	4300	59.873407	0.0	2164140	24	4.3
1527788399.93	4300	59.998715	0.0	2113193	22	4.3
1527788404.05	4300	59.747869	0.0	2147852	22	4.3
1527788408.16	4300	59.74879	0.0	2191074	25	4.3
1527788411.77	4300	59.997786	0.0	2286761	25	4.3
1527788415.87	4300	59.998852	0.0	2307787	24	4.3
1527788419.98	4300	59.748022	0.0	2143948	24	4.3
1527788424.09	4300	59.74885	0.0	1919781	21	4.3
1527788427.71	4300	59.999044	0.0	2147467	24	4.3
1527788432.33	4300	59.497881	0.0	2133870	25	4.3
1527788435.93	4300	59.99873	0.0	2146120	19	4.3
1527788440.03	4300	59.749001	0.0	2108491	16	4.3
1527788444.13	4300	59.749286	0.0	2184571	22	4.3
1527788447.74	4300	59.998007	0.0	2121928	22	4.3
1527788451.84	4300	59.999124	0.0	2219102	19	4.3
1527788455.95	4300	59.748017	0.0	2124950	23	4.3
1527788460.11	4300	59.749049	0.0	2246506	23	4.3
1527788463.72	4300	59.998959	0.0	1961140	24	4.3
1527788467.83	4300	59.999353	0.0	2155012	16	4.3
1527788469.93	4300	59.679051	0.0	1433658	15	4.3

1527788470.13	750	4	0.02	668286	6	-0.08599999999999997
1527788470.2	4300	7.980998	0.0	2123065	7	0.75
1527788470.28	4300	11.897064	0.0	2177073	17	4.3
1527788470.36	4300	15.824817	0.0	2160877	10	4.3
1527788470.43	4300	19.751691	0.0	2233056	12	4.3
1527788470.5	4300	23.680177	0.0	1941625	9	4.3
1527788470.56	4300	27.618502	0.0	2157535	7	4.3
1527788470.62	4300	31.5553	0.0	2290172	8	4.3
1527788470.68	4300	35.492175	0.0	2055469	7	4.3
1527788470.75	4300	39.428342	0.0	2169201	7	4.3
1527788470.81	4300	43.364504	0.0	2173522	8	4.3
1527788470.88	4300	47.302402	0.0	2102452	7	4.3
1527788470.94	4300	51.234594	0.0	2209463	6	4.3
1527788471.01	4300	55.171736	0.0	2275376	7	4.3
1527788471.07	4300	59.106343	0.0	2005399	7	4.3
1527788474.7	4300	59.749075	0.0	2152483	8	4.3
1527788478.31	4300	59.997961	0.0	2289689	25	4.3
1527788482.41	4300	59.998452	0.0	2059512	20	4.3
1527788486.52	4300	59.748902	0.0	2220726	25	4.3
1527788490.63	4300	59.748485	0.0	2156729	23	4.3
1527788494.24	4300	59.99946	0.0	2039773	24	4.3
1527788498.35	4300	59.999125	0.0	2176469	23	4.3
1527788502.45	4300	59.749501	0.0	2221506	25	4.3
1527788506.57	4300	59.748498	0.0	2044075	23	4.3
1527788510.67	4300	59.747622	0.0	2186790	22	4.3
1527788514.28	4300	59.998433	0.0	2105231	23	4.3
1527788518.39	4300	59.999263	0.0	2395588	21	4.3
1527788522.5	4300	59.749063	0.0	1972048	20	4.3
1527788526.61	4300	59.747704	0.0	2134614	22	4.3
1527788530.21	4300	59.99924	0.0	2164140	24	4.3
1527788534.81	4300	59.499531	0.0	2113193	19	4.3
1527788538.41	4300	59.997799	0.0	2147852	18	4.3
1527788542.51	4300	59.748995	0.0	2191074	17	4.3
1527788546.61	4300	59.749015	0.0	2286761	23	4.3
1527788550.22	4300	59.999492	0.0	2307787	26	4.3
1527788554.33	4300	59.999222	0.0	2143948	21	4.3
1527788558.43	4300	59.998754	0.0	1919781	20	4.3
1527788562.52	4300	59.748955	0.0	2147467	12	4.3
1527788566.63	4300	59.748779	0.0	2133870	24	4.3
1527788570.23	4300	59.999226	0.0	2146120	23	4.3
