1528292939.87	750	4	0.026	2354772	10	-0.11180000000000001
1528292939.99	4300	7.964546	0.0	2123065	18	0.75
1528292940.08	4300	11.870203	0.0	2177073	21	4.3
1528292940.16	4300	15.793594	0.0	2160877	12	4.3
1528292940.27	4300	19.694876	0.0	2233056	23	4.3
1528292940.36	4300	23.596777	0.0	1941625	19	4.3
1528292940.45	4300	27.504794	0.0	2157535	20	4.3
1528292940.56	4300	31.398236	0.0	2290172	29	4.3
1528292940.65	4300	35.307203	0.0	2055469	23	4.3
1528292940.72	4300	39.231349	0.0	2169201	12	4.3
1528292940.83	4300	43.128016	0.0	2173522	27	4.3
1528292940.91	4300	47.043845	0.0	2102452	14	4.3
1528292941.01	4300	50.946732	0.0	2209463	24	4.3
1528292941.1	4300	54.855698	0.0	2275376	15	4.3
1528292941.18	4300	58.77661	0.0	2005399	14	4.3
1528292944.28	4300	59.749242	0.0	2152483	16	4.3
1528292948.38	4300	59.748319	0.0	2289689	25	4.3
1528292951.99	4300	59.998277	0.0	2059512	23	4.3
1528292956.09	4300	59.998052	0.0	2220726	24	4.3
1528292960.2	4300	59.998538	0.0	2156729	24	4.3
1528292964.31	4300	59.747859	0.0	2039773	20	4.3
1528292968.4	4300	59.74857	0.0	2176469	11	4.3
1528292972.51	4300	59.498566	0.0	2221506	22	4.3
1528292976.11	4300	59.999421	0.0	2044075	22	4.3
1528292980.22	4300	59.749532	0.0	2186790	19	4.3
1528292984.33	4300	59.747864	0.0	2105231	22	4.3
1528292988.43	4300	59.748362	0.0	2395588	24	4.3
1528292992.02	4300	59.998305	0.0	1972048	10	4.3
1528292996.13	4300	59.998618	0.0	2134614	24	4.3
1528293000.24	4300	59.748259	0.0	2164140	24	4.3
1528293004.36	4300	59.749572	0.0	2113193	24	4.3
1528293007.98	4300	59.998922	0.0	2147852	27	4.3
1528293012.08	4300	59.999101	0.0	2191074	19	4.3
1528293016.23	4300	59.998734	0.0	2286761	23	4.3
1528293020.38	4300	59.749282	0.0	2307787	26	4.3
1528293024.49	4300	59.498214	0.0	2143948	24	4.3
1528293028.1	4300	59.997873	0.0	1919781	20	4.3
1528293032.21	4300	59.748852	0.0	2147467	24	4.3
1528293036.32	4300	59.748785	0.0	2133870	24	4.3
1528293040.42	4300	59.748216	0.0	2146120	24	4.3
1528293044.03	4300	59.999244	0.0	2108491	23	4.3
1528293048.14	4300	59.999208	0.0	2184571	21	4.3
1528293052.25	4300	59.748901	0.0	2121928	23	4.3
1528293056.36	4300	59.749455	0.0	2219102	26	4.3
1528293059.96	4300	59.999279	0.0	2124950	24	4.3
1528293064.07	4300	59.998338	0.0	2246506	23	4.3
1528293068.17	4300	59.999455	0.0	1961140	21	4.3
1528293072.26	4300	59.749153	0.0	2155012	12	4.3
1528293073.85	4300	59.929617	0.0	1433658	16	4.3

1528293074.07	750	4	0.015	668286	3	-0.0645
1528293074.18	4300	7.947041	0.0	2123065	22	0.75
1528293074.27	4300	11.854808	0.0	2177073	24	4.3
1528293074.35	4300	15.772199	0.0	2160877	15	4.3
1528293074.45	4300	19.679602	0.0	2233056	21	4.3
1528293074.52	4300	23.608049	0.0	1941625	8	4.3
1528293074.61	4300	27.51373	0.0	2157535	10	4.3
1528293074.72	4300	31.406968	0.0	2290172	29	4.3
1528293074.79	4300	35.334291	0.0	2055469	12	4.3
1528293074.89	4300	39.233005	0.0	2169201	26	4.3
1528293074.99	4300	43.137102	0.0	2173522	23	4.3
1528293075.07	4300	47.055888	0.0	2102452	14	4.3
1528293075.17	4300	50.958352	0.0	2209463	25	4.3
1528293075.27	4300	54.861572	0.0	2275376	24	4.3
1528293075.37	4300	58.758455	0.0	2005399	22	4.3
1528293078.48	4300	59.748008	0.0	2152483	23	4.3
1528293082.59	4300	59.749313	0.0	2289689	20	4.3
1528293086.19	4300	59.99823	0.0	2059512	20	4.3
1528293090.3	4300	59.997953	0.0	2220726	25	4.3
1528293094.49	4300	59.749394	0.0	2156729	24	4.3
1528293098.6	4300	59.749071	0.0	2039773	23	4.3
1528293102.21	4300	59.998773	0.0	2176469	23	4.3
1528293106.81	4300	59.499507	0.0	2221506	20	4.3
1528293110.42	4300	59.749028	0.0	2044075	24	4.3
1528293114.52	4300	59.749562	0.0	2186790	25	4.3
1528293118.13	4300	59.999393	0.0	2105231	25	4.3
1528293122.74	4300	59.498909	0.0	2395588	24	4.3
1528293126.35	4300	59.999347	0.0	1972048	21	4.3
1528293130.45	4300	59.749389	0.0	2134614	24	4.3
1528293134.56	4300	59.749585	0.0	2164140	24	4.3
1528293138.17	4300	59.99883	0.0	2113193	24	4.3
1528293142.28	4300	59.998682	0.0	2147852	23	4.3
1528293146.38	4300	59.749007	0.0	2191074	24	4.3
1528293150.49	4300	59.748704	0.0	2286761	23	4.3
1528293154.6	4300	59.748641	0.0	2307787	28	4.3
1528293158.21	4300	59.997881	0.0	2143948	24	4.3
1528293162.31	4300	59.999087	0.0	1919781	21	4.3
1528293166.43	4300	59.747981	0.0	2147467	25	4.3
1528293170.55	4300	59.748999	0.0	2133870	24	4.3
1528293174.15	4300	59.999304	0.0	2146120	21	4.3
1528293178.26	4300	59.997814	0.0	2108491	20	4.3
1528293182.36	4300	59.998787	0.0	2184571	20	4.3
1528293186.47	4300	59.749058	0.0	2121928	25	4.3
1528293190.57	4300	59.747915	0.0	2219102	24	4.3
1528293194.68	4300	59.499116	0.0	2124950	23	4.3
1528293198.29	4300	59.997818	0.0	2246506	25	4.3
1528293202.4	4300	59.7482	0.0	1961140	23	4.3
1528293206.51	4300	59.749467	0.0	2155012	23	4.3
1528293208.12	4300	59.929518	0.0	1433658	35	4.3

1528293208.36	750	4	0.015	668286	2	-0.0645
1528293208.47	4300	7.949559	0.0	2123065	22	0.75
1528293208.58	4300	11.841461	0.0	2177073	24	4.3
1528293208.68	4300	15.738675	0.0	2160877	26	4.3
1528293208.77	4300	19.646083	0.0	2233056	18	4.3
1528293208.88	4300	23.543831	0.0	1941625	23	4.3
1528293208.96	4300	27.456191	0.0	2157535	16	4.3
1528293209.05	4300	31.364723	0.0	2290172	19	4.3
1528293209.15	4300	35.267585	0.0	2055469	22	4.3
1528293209.25	4300	39.167852	0.0	2169201	15	4.3
1528293209.34	4300	43.079867	0.0	2173522	19	4.3
1528293209.43	4300	46.986388	0.0	2102452	20	4.3
1528293209.54	4300	50.881419	0.0	2209463	24	4.3
1528293209.64	4300	54.777285	0.0	2275376	26	4.3
1528293209.73	4300	58.686636	0.0	2005399	19	4.3
1528293212.84	4300	59.749046	0.0	2152483	20	4.3
1528293216.46	4300	59.998784	0.0	2289689	26	4.3
1528293220.57	4300	59.9987	0.0	2059512	23	4.3
1528293224.69	4300	59.748115	0.0	2220726	25	4.3
1528293228.8	4300	59.74898	0.0	2156729	23	4.3
1528293232.91	4300	59.747748	0.0	2039773	23	4.3
1528293237.02	4300	59.498061	0.0	2176469	25	4.3
1528293240.62	4300	59.998822	0.0	2221506	25	4.3
1528293244.75	4300	59.749202	0.0	2044075	20	4.3
1528293248.85	4300	59.749479	0.0	2186790	18	4.3
1528293252.46	4300	59.998018	0.0	2105231	21	4.3
1528293256.57	4300	59.999066	0.0	2395588	28	4.3
1528293260.68	4300	59.749641	0.0	1972048	21	4.3
1528293264.79	4300	59.748228	0.0	2134614	23	4.3
1528293268.91	4300	59.749559	0.0	2164140	24	4.3
1528293272.52	4300	59.998142	0.0	2113193	24	4.3
1528293276.62	4300	59.998056	0.0	2147852	22	4.3
1528293280.73	4300	59.749456	0.0	2191074	24	4.3
1528293284.84	4300	59.748561	0.0	2286761	25	4.3
1528293288.45	4300	59.997921	0.0	2307787	27	4.3
1528293292.55	4300	59.999028	0.0	2143948	21	4.3
1528293296.66	4300	59.999017	0.0	1919781	22	4.3
1528293300.77	4300	59.747879	0.0	2147467	24	4.3
1528293304.89	4300	59.749233	0.0	2133870	23	4.3
1528293308.49	4300	59.999225	0.0	2146120	23	4.3
1528293312.6	4300	59.998653	0.0	2108491	22	4.3
1528293316.7	4300	59.749296	0.0	2184571	22	4.3
