1527714873.18	750	4	0.023	2354772	9	-0.09889999999999999
1527714873.32	4300	7.965973	0.0	2123065	21	0.75
1527714873.46	4300	11.820118	0.0	2177073	26	4.3
1527714873.61	4300	15.671509	0.0	2160877	21	4.3
1527714873.76	4300	19.520054	0.0	2233056	26	4.3
1527714873.89	4300	23.394399	0.0	1941625	13	4.3
1527714874.01	4300	27.269579	0.0	2157535	14	4.3
1527714874.14	4300	31.14018	0.0	2290172	15	4.3
1527714874.27	4300	35.015483	0.0	2055469	13	4.3
1527714874.38	4300	38.901505	0.0	2169201	7	4.3
1527714874.52	4300	42.763536	0.0	2173522	23	4.3
1527714874.65	4300	46.633973	0.0	2102452	16	4.3
1527714874.78	4300	50.504754	0.0	2209463	16	4.3
1527714874.9	4300	54.379292	0.0	2275376	8	4.3
1527714875.02	4300	58.258654	0.0	2005399	6	4.3
1527714877.68	4300	59.748902	0.0	2152483	25	4.3
1527714881.34	4300	59.999146	0.0	2289689	21	4.3
1527714886.0	4300	59.499354	0.0	2059512	16	4.3
1527714889.66	4300	59.749534	0.0	2220726	25	4.3
1527714893.35	4300	59.998711	0.0	2156729	27	4.3
1527714897.51	4300	59.999107	0.0	2039773	26	4.3
1527714901.67	4300	59.749745	0.0	2176469	20	4.3
1527714905.33	4300	59.99925	0.0	2221506	25	4.3
1527714909.49	4300	59.998888	0.0	2044075	24	4.3
1527714913.64	4300	59.749728	0.0	2186790	18	4.3
1527714917.79	4300	59.498762	0.0	2105231	18	4.3
1527714921.45	4300	59.999253	0.0	2395588	22	4.3
1527714925.6	4300	59.749414	0.0	1972048	21	4.3
1527714929.76	4300	59.749013	0.0	2134614	26	4.3
1527714933.41	4300	59.999108	0.0	2164140	21	4.3
1527714937.57	4300	59.749616	0.0	2113193	26	4.3
1527714941.72	4300	59.74924	0.0	2147852	19	4.3
1527714945.37	4300	59.998947	0.0	2191074	27	4.3
1527714949.54	4300	59.749083	0.0	2286761	25	4.3
1527714953.69	4300	59.749041	0.0	2307787	21	4.3
1527714957.85	4300	59.49913	0.0	2143948	23	4.3
1527714961.49	4300	59.997867	0.0	1919781	18	4.3
1527714965.65	4300	59.748992	0.0	2147467	24	4.3
1527714969.31	4300	59.998388	0.0	2133870	28	4.3
1527714973.46	4300	59.997793	0.0	2146120	23	4.3
1527714977.62	4300	59.748639	0.0	2108491	25	4.3
1527714981.82	4300	59.749565	0.0	2184571	19	4.3
1527714985.48	4300	59.999321	0.0	2121928	22	4.3
1527714989.66	4300	59.749096	0.0	2219102	24	4.3
1527714993.81	4300	59.49975	0.0	2124950	23	4.3
1527714997.97	4300	59.498415	0.0	2246506	27	4.3
1527715001.6	4300	59.747888	0.0	1961140	20	4.3
1527715005.73	4300	59.747857	0.0	2155012	25	4.3
1527715007.34	4300	59.678861	0.0	1433658	14	4.3

1527715007.54	750	4	0.016	668286	2	-0.06879999999999997
1527715007.69	4300	7.953414	0.0	2123065	19	0.75
1527715007.82	4300	11.824867	0.0	2177073	14	4.3
1527715007.96	4300	15.690433	0.0	2160877	13	4.3
1527715008.1	4300	19.546928	0.0	2233056	21	4.3
1527715008.22	4300	23.425625	0.0	1941625	10	4.3
1527715008.34	4300	27.310765	0.0	2157535	7	4.3
1527715008.47	4300	31.185865	0.0	2290172	8	4.3
1527715008.58	4300	35.066901	0.0	2055469	6	4.3
1527715008.71	4300	38.932875	0.0	2169201	20	4.3
1527715008.84	4300	42.809725	0.0	2173522	15	4.3
1527715008.95	4300	46.69653	0.0	2102452	8	4.3
1527715009.07	4300	50.57455	0.0	2209463	13	4.3
1527715009.2	4300	54.45211	0.0	2275376	15	4.3
1527715009.32	4300	58.329453	0.0	2005399	13	4.3
1527715011.96	4300	59.748743	0.0	2152483	13	4.3
1527715016.11	4300	59.749129	0.0	2289689	27	4.3
1527715019.76	4300	59.998804	0.0	2059512	21	4.3
1527715023.91	4300	59.748083	0.0	2220726	25	4.3
1527715028.06	4300	59.74857	0.0	2156729	18	4.3
1527715031.72	4300	59.998439	0.0	2039773	24	4.3
1527715035.88	4300	59.999382	0.0	2176469	25	4.3
1527715040.04	4300	59.747453	0.0	2221506	25	4.3
1527715043.69	4300	59.9994	0.0	2044075	21	4.3
1527715047.84	4300	59.999188	0.0	2186790	24	4.3
1527715052.02	4300	59.749333	0.0	2105231	29	4.3
1527715055.67	4300	59.999016	0.0	2395588	24	4.3
1527715059.82	4300	59.998857	0.0	1972048	20	4.3
1527715064.02	4300	59.749163	0.0	2134614	27	4.3
1527715067.67	4300	59.998647	0.0	2164140	20	4.3
1527715071.83	4300	59.999155	0.0	2113193	23	4.3
1527715075.98	4300	59.748551	0.0	2147852	28	4.3
1527715080.13	4300	59.749282	0.0	2191074	23	4.3
1527715083.8	4300	59.999394	0.0	2286761	27	4.3
1527715087.96	4300	59.74927	0.0	2307787	29	4.3
1527715092.11	4300	59.747795	0.0	2143948	22	4.3
1527715095.77	4300	59.998958	0.0	1919781	24	4.3
1527715099.93	4300	59.748819	0.0	2147467	24	4.3
1527715104.09	4300	59.749076	0.0	2133870	25	4.3
1527715107.74	4300	59.998666	0.0	2146120	24	4.3
1527715111.9	4300	59.999188	0.0	2108491	22	4.3
1527715116.05	4300	59.74935	0.0	2184571	20	4.3
1527715119.7	4300	59.997953	0.0	2121928	25	4.3
1527715123.85	4300	59.999142	0.0	2219102	18	4.3
1527715128.01	4300	59.748983	0.0	2124950	24	4.3
1527715132.15	4300	59.499331	0.0	2246506	25	4.3
1527715135.79	4300	59.999369	0.0	1961140	22	4.3
1527715139.95	4300	59.748866	0.0	2155012	25	4.3
