1528292454.73	750	4	0.025	2354772	10	-0.10750000000000004
1528292454.83	4300	7.957534	0.0	2123065	24	0.75
1528292454.92	4300	11.863584	0.0	2177073	25	4.3
1528292455.01	4300	15.782211	0.0	2160877	14	4.3
1528292455.11	4300	19.682256	0.0	2233056	23	4.3
1528292455.19	4300	23.594828	0.0	1941625	24	4.3
1528292455.27	4300	27.514594	0.0	2157535	14	4.3
1528292455.37	4300	31.414177	0.0	2290172	26	4.3
1528292455.46	4300	35.325793	0.0	2055469	25	4.3
1528292455.55	4300	39.236114	0.0	2169201	22	4.3
1528292455.65	4300	43.144283	0.0	2173522	26	4.3
1528292455.74	4300	47.049713	0.0	2102452	24	4.3
1528292455.83	4300	50.955339	0.0	2209463	22	4.3
1528292455.96	4300	54.832128	0.0	2275376	27	4.3
1528292456.06	4300	58.730632	0.0	2005399	24	4.3
1528292459.17	4300	59.748872	0.0	2152483	28	4.3
1528292463.27	4300	59.748356	0.0	2289689	20	4.3
1528292466.88	4300	59.99892	0.0	2059512	18	4.3
1528292470.99	4300	59.998236	0.0	2220726	27	4.3
1528292475.11	4300	59.749332	0.0	2156729	27	4.3
1528292479.21	4300	59.748899	0.0	2039773	23	4.3
1528292482.82	4300	59.998983	0.0	2176469	27	4.3
1528292486.93	4300	59.998772	0.0	2221506	25	4.3
1528292491.04	4300	59.997691	0.0	2044075	25	4.3
1528292495.15	4300	59.747763	0.0	2186790	26	4.3
1528292499.26	4300	59.747722	0.0	2105231	27	4.3
1528292502.87	4300	59.998982	0.0	2395588	28	4.3
1528292506.97	4300	59.9993	0.0	1972048	23	4.3
1528292511.08	4300	59.748306	0.0	2134614	26	4.3
1528292515.2	4300	59.748384	0.0	2164140	27	4.3
1528292518.8	4300	59.99849	0.0	2113193	20	4.3
1528292522.91	4300	59.999063	0.0	2147852	20	4.3
1528292527.01	4300	59.998221	0.0	2191074	20	4.3
1528292531.12	4300	59.749188	0.0	2286761	24	4.3
1528292535.23	4300	59.748971	0.0	2307787	25	4.3
1528292538.84	4300	59.998676	0.0	2143948	26	4.3
1528292542.94	4300	59.99928	0.0	1919781	22	4.3
1528292547.04	4300	59.748705	0.0	2147467	26	4.3
1528292551.17	4300	59.747927	0.0	2133870	28	4.3
1528292555.26	4300	59.747494	0.0	2146120	15	4.3
1528292558.88	4300	59.999236	0.0	2108491	27	4.3
1528292562.98	4300	59.999259	0.0	2184571	25	4.3
1528292567.09	4300	59.749165	0.0	2121928	25	4.3
1528292571.2	4300	59.748799	0.0	2219102	25	4.3
1528292574.81	4300	59.999266	0.0	2124950	24	4.3
1528292578.92	4300	59.999058	0.0	2246506	21	4.3
1528292583.02	4300	59.998764	0.0	1961140	20	4.3
1528292587.13	4300	59.749179	0.0	2155012	27	4.3
1528292588.72	4300	59.928213	0.0	1433658	17	4.3

1528292588.95	750	4	0.024	2354772	7	-0.10319999999999996
1528292589.05	4300	7.960206	0.0	2123065	24	0.75
1528292589.14	4300	11.865616	0.0	2177073	26	4.3
1528292589.22	4300	15.794354	0.0	2160877	12	4.3
1528292589.32	4300	19.688748	0.0	2233056	24	4.3
1528292589.43	4300	23.590131	0.0	1941625	26	4.3
1528292589.53	4300	27.479721	0.0	2157535	27	4.3
1528292589.63	4300	31.383294	0.0	2290172	26	4.3
1528292589.7	4300	35.311778	0.0	2055469	11	4.3
1528292589.8	4300	39.211687	0.0	2169201	26	4.3
1528292589.89	4300	43.116886	0.0	2173522	26	4.3
1528292589.98	4300	47.028013	0.0	2102452	26	4.3
1528292590.07	4300	50.938683	0.0	2209463	25	4.3
1528292590.15	4300	54.866922	0.0	2275376	10	4.3
1528292590.23	4300	58.777623	0.0	2005399	19	4.3
1528292593.34	4300	59.748418	0.0	2152483	22	4.3
1528292597.44	4300	59.749199	0.0	2289689	25	4.3
1528292601.05	4300	59.997861	0.0	2059512	25	4.3
1528292605.23	4300	59.999289	0.0	2220726	26	4.3
1528292609.34	4300	59.748886	0.0	2156729	22	4.3
1528292613.44	4300	59.749223	0.0	2039773	23	4.3
1528292617.05	4300	59.998626	0.0	2176469	27	4.3
1528292621.15	4300	59.998781	0.0	2221506	24	4.3
1528292625.26	4300	59.999025	0.0	2044075	25	4.3
1528292629.37	4300	59.748452	0.0	2186790	25	4.3
1528292633.47	4300	59.748779	0.0	2105231	24	4.3
1528292637.09	4300	59.998264	0.0	2395588	27	4.3
1528292641.19	4300	59.999106	0.0	1972048	22	4.3
1528292645.3	4300	59.747903	0.0	2134614	25	4.3
1528292649.41	4300	59.748982	0.0	2164140	26	4.3
1528292653.02	4300	59.998913	0.0	2113193	24	4.3
1528292657.12	4300	59.999185	0.0	2147852	25	4.3
1528292661.22	4300	59.998629	0.0	2191074	25	4.3
1528292665.33	4300	59.74788	0.0	2286761	27	4.3
1528292669.44	4300	59.747462	0.0	2307787	28	4.3
1528292673.05	4300	59.997491	0.0	2143948	27	4.3
1528292677.16	4300	59.99898	0.0	1919781	23	4.3
1528292681.26	4300	59.749337	0.0	2147467	24	4.3
1528292685.38	4300	59.747101	0.0	2133870	24	4.3
1528292689.47	4300	59.74823	0.0	2146120	14	4.3
1528292693.07	4300	59.998838	0.0	2108491	22	4.3
1528292697.17	4300	59.99903	0.0	2184571	22	4.3
1528292701.28	4300	59.748813	0.0	2121928	23	4.3
1528292705.38	4300	59.74835	0.0	2219102	18	4.3
1528292709.48	4300	59.709146	0.0	2124950	21	4.3
1528292713.1	4300	59.999167	0.0	2246506	23	4.3
1528292717.21	4300	59.999016	0.0	1961140	24	4.3
1528292721.31	4300	59.749122	0.0	2155012	17	4.3
1528292722.9	4300	59.929164	0.0	1433658	15	4.3

1528292723.12	750	4	0.026	2354772	8	-0.11180000000000001
1528292723.19	4300	7.986531	0.0	2123065	6	0.75
1528292723.28	4300	11.899249	0.0	2177073	24	4.3
1528292723.36	4300	15.818128	0.0	2160877	16	4.3
1528292723.46	4300	19.71565	0.0	2233056	32	4.3
1528292723.55	4300	23.626825	0.0	1941625	21	4.3
1528292723.63	4300	27.544057	0.0	2157535	15	4.3
1528292723.73	4300	31.445877	0.0	2290172	28	4.3
1528292723.81	4300	35.364184	0.0	2055469	13	4.3
1528292723.9	4300	39.279266	0.0	2169201	19	4.3
1528292723.99	4300	43.179104	0.0	2173522	24	4.3
1528292724.07	4300	47.10786	0.0	2102452	12	4.3
1528292724.16	4300	51.016268	0.0	2209463	19	4.3
1528292724.25	4300	54.928812	0.0	2275376	21	4.3
1528292724.34	4300	58.840082	0.0	2005399	20	4.3
1528292727.43	4300	59.747968	0.0	2152483	21	4.3
1528292731.55	4300	59.749076	0.0	2289689	26	4.3
1528292735.66	4300	59.749272	0.0	2059512	24	4.3
1528292739.27	4300	59.999206	0.0	2220726	27	4.3
1528292743.37	4300	59.998789	0.0	2156729	23	4.3
1528292747.48	4300	59.749563	0.0	2039773	24	4.3
1528292751.59	4300	59.749535	0.0	2176469	25	4.3
1528292755.2	4300	59.99917	0.0	2221506	28	4.3
1528292759.3	4300	59.997951	0.0	2044075	23	4.3
1528292763.41	4300	59.998104	0.0	2186790	24	4.3
1528292767.52	4300	59.748151	0.0	2105231	26	4.3
1528292771.63	4300	59.749095	0.0	2395588	27	4.3
1528292775.21	4300	59.99834	0.0	1972048	10	4.3
1528292779.32	4300	59.999329	0.0	2134614	23	4.3
1528292783.42	4300	59.983764	0.0	2164140	25	4.3
1528292787.53	4300	59.749021	0.0	2113193	23	4.3
1528292791.64	4300	59.747871	0.0	2147852	24	4.3
1528292795.25	4300	59.999433	0.0	2191074	27	4.3
1528292799.36	4300	59.999334	0.0	2286761	26	4.3
1528292803.47	4300	59.748962	0.0	2307787	28	4.3
1528292807.57	4300	59.748818	0.0	2143948	24	4.3
1528292811.68	4300	59.749733	0.0	1919781	22	4.3
1528292815.78	4300	59.498382	0.0	2147467	12	4.3
1528292819.38	4300	59.999189	0.0	2133870	21	4.3
1528292823.49	4300	59.74942	0.0	2146120	17	4.3
1528292827.59	4300	59.748838	0.0	2108491	22	4.3
1528292831.2	4300	59.998315	0.0	2184571	25	4.3
1528292835.3	4300	59.998083	0.0	2121928	21	4.3
