1528240859.69	750	4	0.029	2354772	10	-0.12470000000000003
1528240859.82	4300	7.965834	0.0	2123065	19	0.75
1528240859.92	4300	11.854956	0.0	2177073	24	4.3
1528240860.02	4300	15.759432	0.0	2160877	22	4.3
1528240860.12	4300	19.657666	0.0	2233056	24	4.3
1528240860.22	4300	23.561817	0.0	1941625	21	4.3
1528240860.32	4300	27.460712	0.0	2157535	25	4.3
1528240860.39	4300	31.384963	0.0	2290172	12	4.3
1528240860.49	4300	35.287443	0.0	2055469	23	4.3
1528240860.59	4300	39.191868	0.0	2169201	25	4.3
1528240860.67	4300	43.112251	0.0	2173522	14	4.3
1528240860.77	4300	47.012133	0.0	2102452	23	4.3
1528240860.86	4300	50.919242	0.0	2209463	24	4.3
1528240860.97	4300	54.812342	0.0	2275376	24	4.3
1528240861.06	4300	58.716004	0.0	2005399	24	4.3
1528240864.17	4300	59.748765	0.0	2152483	27	4.3
1528240868.28	4300	59.498942	0.0	2289689	25	4.3
1528240871.88	4300	59.998887	0.0	2059512	16	4.3
1528240875.99	4300	59.998684	0.0	2220726	26	4.3
1528240880.11	4300	59.749338	0.0	2156729	24	4.3
1528240884.22	4300	59.749497	0.0	2039773	21	4.3
1528240887.83	4300	59.998955	0.0	2176469	24	4.3
1528240891.94	4300	59.997849	0.0	2221506	21	4.3
1528240896.04	4300	59.747715	0.0	2044075	23	4.3
1528240900.16	4300	59.749567	0.0	2186790	23	4.3
1528240904.26	4300	59.749552	0.0	2105231	23	4.3
1528240907.88	4300	59.997445	0.0	2395588	27	4.3
1528240911.98	4300	59.998587	0.0	1972048	16	4.3
1528240916.09	4300	59.749147	0.0	2134614	20	4.3
1528240920.2	4300	59.74941	0.0	2164140	21	4.3
1528240923.85	4300	59.998066	0.0	2113193	22	4.3
1528240927.96	4300	59.99934	0.0	2147852	24	4.3
1528240932.07	4300	59.749264	0.0	2191074	25	4.3
1528240936.18	4300	59.749073	0.0	2286761	24	4.3
1528240939.8	4300	59.998994	0.0	2307787	27	4.3
1528240943.92	4300	59.999213	0.0	2143948	24	4.3
1528240948.02	4300	59.997938	0.0	1919781	19	4.3
1528240952.14	4300	59.748736	0.0	2147467	23	4.3
1528240956.26	4300	59.748571	0.0	2133870	25	4.3
1528240959.85	4300	59.997645	0.0	2146120	13	4.3
1528240964.46	4300	59.498606	0.0	2108491	24	4.3
1528240968.06	4300	59.748452	0.0	2184571	20	4.3
1528240972.18	4300	59.747603	0.0	2121928	26	4.3
1528240975.79	4300	59.999113	0.0	2219102	25	4.3
1528240979.9	4300	59.998617	0.0	2124950	20	4.3
1528240984.0	4300	59.999107	0.0	2246506	25	4.3
1528240988.16	4300	59.748404	0.0	1961140	21	4.3
1528240992.28	4300	59.748926	0.0	2155012	24	4.3
1528240993.88	4300	59.678628	0.0	1433658	17	4.3

1528240994.1	750	4	0.014	668286	2	-0.06020000000000003
1528240994.2	4300	7.957071	0.0	2123065	13	0.75
1528240994.3	4300	11.858253	0.0	2177073	23	4.3
1528240994.39	4300	15.767033	0.0	2160877	22	4.3
1528240994.49	4300	19.673004	0.0	2233056	22	4.3
1528240994.58	4300	23.580234	0.0	1941625	23	4.3
1528240994.68	4300	27.481283	0.0	2157535	19	4.3
1528240994.78	4300	31.379921	0.0	2290172	28	4.3
1528240994.89	4300	35.265801	0.0	2055469	21	4.3
1528240994.99	4300	39.169992	0.0	2169201	23	4.3
1528240995.09	4300	43.069855	0.0	2173522	20	4.3
1528240995.19	4300	46.971637	0.0	2102452	23	4.3
1528240995.29	4300	50.872786	0.0	2209463	23	4.3
1528240995.36	4300	54.795059	0.0	2275376	14	4.3
1528240995.46	4300	58.695603	0.0	2005399	21	4.3
1528240998.57	4300	59.749396	0.0	2152483	24	4.3
1528241002.19	4300	59.99833	0.0	2289689	25	4.3
1528241006.29	4300	59.99924	0.0	2059512	21	4.3
1528241010.49	4300	59.999173	0.0	2220726	23	4.3
1528241014.61	4300	59.74916	0.0	2156729	23	4.3
1528241018.21	4300	59.99918	0.0	2039773	23	4.3
1528241022.32	4300	59.998411	0.0	2176469	21	4.3
1528241026.43	4300	59.748216	0.0	2221506	23	4.3
1528241030.53	4300	59.748626	0.0	2044075	23	4.3
1528241034.64	4300	59.749502	0.0	2186790	23	4.3
1528241038.25	4300	59.999195	0.0	2105231	23	4.3
1528241042.36	4300	59.999359	0.0	2395588	23	4.3
1528241046.47	4300	59.749671	0.0	1972048	19	4.3
1528241050.57	4300	59.748999	0.0	2134614	23	4.3
1528241054.68	4300	59.498006	0.0	2164140	25	4.3
1528241058.29	4300	59.998587	0.0	2113193	23	4.3
1528241062.9	4300	59.499757	0.0	2147852	23	4.3
1528241066.51	4300	59.747948	0.0	2191074	22	4.3
1528241070.61	4300	59.748997	0.0	2286761	24	4.3
1528241074.72	4300	59.499049	0.0	2307787	26	4.3
1528241078.33	4300	59.999454	0.0	2143948	25	4.3
1528241082.43	4300	59.749487	0.0	1919781	21	4.3
1528241086.54	4300	59.749694	0.0	2147467	25	4.3
1528241090.65	4300	59.748501	0.0	2133870	23	4.3
1528241094.26	4300	59.998257	0.0	2146120	24	4.3
1528241098.36	4300	59.999158	0.0	2108491	21	4.3
1528241102.47	4300	59.74833	0.0	2184571	25	4.3
1528241106.59	4300	59.747972	0.0	2121928	25	4.3
1528241110.19	4300	59.998837	0.0	2219102	23	4.3
1528241114.3	4300	59.998633	0.0	2124950	22	4.3
1528241118.9	4300	59.49988	0.0	2246506	23	4.3
1528241122.51	4300	59.749681	0.0	1961140	17	4.3
1528241126.63	4300	59.749767	0.0	2155012	24	4.3
1528241128.22	4300	59.677747	0.0	1433658	16	4.3

1528241128.44	750	4	0.017	668286	3	-0.07309999999999994
1528241128.55	4300	7.954714	0.0	2123065	14	0.75
1528241128.65	4300	11.853961	0.0	2177073	22	4.3
1528241128.72	4300	15.77765	0.0	2160877	13	4.3
1528241128.82	4300	19.681491	0.0	2233056	22	4.3
1528241128.88	4300	23.616072	0.0	1941625	8	4.3
1528241128.96	4300	27.545012	0.0	2157535	6	4.3
1528241129.06	4300	31.445209	0.0	2290172	21	4.3
1528241129.13	4300	35.373267	0.0	2055469	9	4.3
1528241129.22	4300	39.281319	0.0	2169201	22	4.3
1528241129.31	4300	43.184934	0.0	2173522	18	4.3
1528241129.4	4300	47.096297	0.0	2102452	16	4.3
1528241129.51	4300	50.990529	0.0	2209463	26	4.3
1528241129.59	4300	54.914835	0.0	2275376	13	4.3
1528241129.68	4300	58.827456	0.0	2005399	17	4.3
1528241132.79	4300	59.74806	0.0	2152483	27	4.3
1528241136.9	4300	59.749251	0.0	2289689	19	4.3
1528241141.0	4300	59.748091	0.0	2059512	20	4.3
