1527652534.94	750	4	0.025	2354772	9	-0.10750000000000004
1527652535.08	4300	7.967783	0.0	2123065	20	0.75
1527652535.22	4300	11.822633	0.0	2177073	28	4.3
1527652535.37	4300	15.675258	0.0	2160877	24	4.3
1527652535.52	4300	19.526336	0.0	2233056	26	4.3
1527652535.65	4300	23.392215	0.0	1941625	15	4.3
1527652535.79	4300	27.253472	0.0	2157535	24	4.3
1527652535.94	4300	31.104225	0.0	2290172	28	4.3
1527652536.08	4300	34.959381	0.0	2055469	23	4.3
1527652536.22	4300	38.8213	0.0	2169201	21	4.3
1527652536.37	4300	42.680424	0.0	2173522	24	4.3
1527652536.51	4300	46.532382	0.0	2102452	24	4.3
1527652536.66	4300	50.385841	0.0	2209463	26	4.3
1527652536.82	4300	54.230631	0.0	2275376	27	4.3
1527652536.96	4300	58.079277	0.0	2005399	22	4.3
1527652539.12	4300	59.999294	0.0	2152483	27	4.3
1527652543.27	4300	59.998729	0.0	2289689	20	4.3
1527652547.43	4300	59.749398	0.0	2059512	26	4.3
1527652551.58	4300	59.499711	0.0	2220726	25	4.3
1527652555.23	4300	59.998402	0.0	2156729	25	4.3
1527652559.39	4300	59.749417	0.0	2039773	24	4.3
1527652563.54	4300	59.748549	0.0	2176469	20	4.3
1527652567.2	4300	59.999006	0.0	2221506	25	4.3
1527652571.36	4300	59.749036	0.0	2044075	24	4.3
1527652575.51	4300	59.748843	0.0	2186790	23	4.3
1527652579.17	4300	59.998336	0.0	2105231	25	4.3
1527652583.3	4300	59.749417	0.0	2395588	8	4.3
1527652587.48	4300	59.749068	0.0	1972048	18	4.3
1527652591.14	4300	59.999231	0.0	2134614	25	4.3
1527652595.29	4300	59.998508	0.0	2164140	17	4.3
1527652599.45	4300	59.74903	0.0	2113193	24	4.3
1527652603.1	4300	59.998307	0.0	2147852	18	4.3
1527652607.26	4300	59.998816	0.0	2191074	22	4.3
1527652611.42	4300	59.74804	0.0	2286761	29	4.3
1527652615.09	4300	59.999185	0.0	2307787	23	4.3
1527652619.28	4300	59.999041	0.0	2143948	24	4.3
1527652623.42	4300	59.74913	0.0	1919781	20	4.3
1527652627.08	4300	59.998586	0.0	2147467	26	4.3
1527652631.75	4300	59.499483	0.0	2133870	26	4.3
1527652635.41	4300	59.749605	0.0	2146120	24	4.3
1527652639.06	4300	59.998787	0.0	2108491	18	4.3
1527652643.22	4300	59.998901	0.0	2184571	24	4.3
1527652647.39	4300	59.749288	0.0	2121928	26	4.3
1527652651.54	4300	59.748913	0.0	2219102	19	4.3
1527652655.69	4300	59.499363	0.0	2124950	23	4.3
1527652659.34	4300	59.748854	0.0	2246506	25	4.3
1527652663.47	4300	59.749278	0.0	1961140	21	4.3
1527652667.09	4300	59.999463	0.0	2155012	7	4.3
1527652669.2	4300	59.677742	0.0	1433658	18	4.3

1527652669.42	750	4	0.016	668286	2	-0.06879999999999997
1527652669.57	4300	7.950769	0.0	2123065	18	0.75
1527652669.72	4300	11.811117	0.0	2177073	23	4.3
1527652669.86	4300	15.663555	0.0	2160877	28	4.3
1527652670.01	4300	19.518155	0.0	2233056	16	4.3
1527652670.14	4300	23.385787	0.0	1941625	18	4.3
1527652670.28	4300	27.244298	0.0	2157535	24	4.3
1527652670.42	4300	31.110688	0.0	2290172	19	4.3
1527652670.55	4300	34.97193	0.0	2055469	23	4.3
1527652670.7	4300	38.827789	0.0	2169201	28	4.3
1527652670.85	4300	42.681747	0.0	2173522	26	4.3
1527652670.98	4300	46.546806	0.0	2102452	20	4.3
1527652671.17	4300	50.378364	0.0	2209463	26	4.3
1527652671.31	4300	54.219067	0.0	2275376	23	4.3
1527652671.45	4300	58.07748	0.0	2005399	23	4.3
1527652673.6	4300	59.999051	0.0	2152483	13	4.3
1527652677.75	4300	59.998848	0.0	2289689	17	4.3
1527652681.91	4300	59.749323	0.0	2059512	24	4.3
1527652686.07	4300	59.499678	0.0	2220726	24	4.3
1527652689.72	4300	59.997861	0.0	2156729	27	4.3
1527652693.88	4300	59.749609	0.0	2039773	24	4.3
1527652697.58	4300	59.999031	0.0	2176469	24	4.3
1527652701.82	4300	59.998852	0.0	2221506	27	4.3
1527652705.98	4300	59.748761	0.0	2044075	25	4.3
1527652709.64	4300	59.99918	0.0	2186790	26	4.3
1527652713.81	4300	59.749522	0.0	2105231	27	4.3
1527652717.96	4300	59.74921	0.0	2395588	22	4.3
1527652722.11	4300	59.499536	0.0	1972048	25	4.3
1527652725.76	4300	59.999005	0.0	2134614	23	4.3
1527652729.91	4300	59.749268	0.0	2164140	27	4.3
1527652733.56	4300	59.999353	0.0	2113193	19	4.3
1527652737.75	4300	59.999481	0.0	2147852	26	4.3
1527652741.96	4300	59.748295	0.0	2191074	26	4.3
1527652745.61	4300	59.999314	0.0	2286761	25	4.3
1527652749.77	4300	59.998127	0.0	2307787	27	4.3
1527652753.92	4300	59.749473	0.0	2143948	22	4.3
1527652757.57	4300	59.998227	0.0	1919781	16	4.3
1527652762.23	4300	59.499395	0.0	2147467	25	4.3
1527652765.88	4300	59.74891	0.0	2133870	21	4.3
1527652770.03	4300	59.499202	0.0	2146120	24	4.3
1527652773.68	4300	59.999115	0.0	2108491	20	4.3
1527652777.83	4300	59.749214	0.0	2184571	24	4.3
1527652782.08	4300	59.749509	0.0	2121928	26	4.3
1527652786.23	4300	59.498941	0.0	2219102	25	4.3
1527652789.89	4300	59.749156	0.0	2124950	25	4.3
1527652793.54	4300	59.999115	0.0	2246506	24	4.3
1527652797.68	4300	59.998356	0.0	1961140	22	4.3
1527652801.81	4300	59.7494	0.0	2155012	22	4.3
1527652803.42	4300	59.929537	0.0	1433658	17	4.3

1527652803.66	750	4	0.018	668286	3	-0.07740000000000002
1527652803.81	4300	7.95172	0.0	2123065	15	0.75
1527652803.97	4300	11.796576	0.0	2177073	27	4.3
1527652804.12	4300	15.642595	0.0	2160877	29	4.3
1527652804.27	4300	19.495378	0.0	2233056	27	4.3
1527652804.4	4300	23.362081	0.0	1941625	14	4.3
1527652804.54	4300	27.222518	0.0	2157535	22	4.3
1527652804.69	4300	31.075896	0.0	2290172	29	4.3
1527652804.84	4300	34.928677	0.0	2055469	24	4.3
1527652804.98	4300	38.783003	0.0	2169201	25	4.3
1527652805.13	4300	42.633591	0.0	2173522	25	4.3
1527652805.27	4300	46.490225	0.0	2102452	19	4.3
1527652805.41	4300	50.354521	0.0	2209463	22	4.3
1527652805.56	4300	54.207681	0.0	2275376	27	4.3
1527652805.7	4300	58.060188	0.0	2005399	21	4.3
1527652807.88	4300	59.998137	0.0	2152483	9	4.3
1527652812.04	4300	59.749207	0.0	2289689	23	4.3
1527652816.2	4300	59.749357	0.0	2059512	25	4.3
1527652819.85	4300	59.999399	0.0	2220726	21	4.3
