1528305541.06	750	4	0.024	2354772	6	-0.10319999999999996
1528305541.15	4300	7.967787	0.0	2123065	16	0.75
1528305541.24	4300	11.880272	0.0	2177073	20	4.3
1528305541.33	4300	15.788544	0.0	2160877	18	4.3
1528305541.42	4300	19.695628	0.0	2233056	15	4.3
1528305541.52	4300	23.600397	0.0	1941625	22	4.3
1528305541.62	4300	27.499435	0.0	2157535	26	4.3
1528305541.69	4300	31.42205	0.0	2290172	12	4.3
1528305541.79	4300	35.324703	0.0	2055469	23	4.3
1528305541.89	4300	39.230526	0.0	2169201	27	4.3
1528305541.96	4300	43.15878	0.0	2173522	12	4.3
1528305542.07	4300	47.052709	0.0	2102452	27	4.3
1528305542.16	4300	50.957966	0.0	2209463	25	4.3
1528305542.25	4300	54.872144	0.0	2275376	13	4.3
1528305542.31	4300	58.812272	0.0	2005399	5	4.3
1528305545.38	4300	59.748169	0.0	2152483	7	4.3
1528305549.51	4300	59.747816	0.0	2289689	27	4.3
1528305553.61	4300	59.748925	0.0	2059512	25	4.3
1528305557.22	4300	59.999321	0.0	2220726	26	4.3
1528305561.33	4300	59.999174	0.0	2156729	24	4.3
1528305565.43	4300	59.749258	0.0	2039773	24	4.3
1528305569.55	4300	59.749353	0.0	2176469	26	4.3
1528305573.15	4300	59.999055	0.0	2221506	25	4.3
1528305577.76	4300	59.499004	0.0	2044075	23	4.3
1528305581.37	4300	59.997985	0.0	2186790	27	4.3
1528305585.47	4300	59.749417	0.0	2105231	25	4.3
1528305589.58	4300	59.749197	0.0	2395588	30	4.3
1528305593.19	4300	59.998722	0.0	1972048	22	4.3
1528305597.3	4300	59.998978	0.0	2134614	23	4.3
1528305601.41	4300	59.748664	0.0	2164140	24	4.3
1528305605.52	4300	59.747795	0.0	2113193	24	4.3
1528305609.62	4300	59.498592	0.0	2147852	25	4.3
1528305613.21	4300	59.999476	0.0	2191074	8	4.3
1528305617.31	4300	59.999037	0.0	2286761	18	4.3
1528305621.42	4300	59.748596	0.0	2307787	23	4.3
1528305625.53	4300	59.749646	0.0	2143948	27	4.3
1528305629.13	4300	59.998798	0.0	1919781	19	4.3
1528305633.24	4300	59.998227	0.0	2147467	23	4.3
1528305637.34	4300	59.999265	0.0	2133870	27	4.3
1528305641.53	4300	59.748709	0.0	2146120	24	4.3
1528305645.13	4300	59.998665	0.0	2108491	18	4.3
1528305649.23	4300	59.997796	0.0	2184571	20	4.3
1528305653.33	4300	59.998986	0.0	2121928	24	4.3
1528305657.44	4300	59.748128	0.0	2219102	27	4.3
1528305661.55	4300	59.705367	0.0	2124950	24	4.3
1528305665.25	4300	59.998771	0.0	2246506	27	4.3
1528305669.35	4300	59.998723	0.0	1961140	21	4.3
1528305673.47	4300	59.748634	0.0	2155012	26	4.3
1528305675.06	4300	59.929504	0.0	1433658	18	4.3

1528305675.31	750	4	0.028	2354772	8	-0.12039999999999995
1528305675.4	4300	7.964073	0.0	2123065	18	0.75
1528305675.5	4300	11.868962	0.0	2177073	19	4.3
1528305675.6	4300	15.766217	0.0	2160877	23	4.3
1528305675.69	4300	19.668268	0.0	2233056	23	4.3
1528305675.79	4300	23.573502	0.0	1941625	32	4.3
1528305675.88	4300	27.482621	0.0	2157535	23	4.3
1528305675.98	4300	31.385282	0.0	2290172	21	4.3
1528305676.06	4300	35.301473	0.0	2055469	14	4.3
1528305676.14	4300	39.223445	0.0	2169201	16	4.3
1528305676.23	4300	43.133478	0.0	2173522	20	4.3
1528305676.32	4300	47.0431	0.0	2102452	21	4.3
1528305676.41	4300	50.95147	0.0	2209463	25	4.3
1528305676.49	4300	54.867224	0.0	2275376	13	4.3
1528305676.59	4300	58.774148	0.0	2005399	22	4.3
1528305679.69	4300	59.749342	0.0	2152483	27	4.3
1528305683.8	4300	59.749151	0.0	2289689	20	4.3
1528305687.4	4300	59.997736	0.0	2059512	19	4.3
1528305691.51	4300	59.998829	0.0	2220726	19	4.3
1528305695.63	4300	59.748847	0.0	2156729	25	4.3
1528305699.74	4300	59.748501	0.0	2039773	25	4.3
1528305703.85	4300	59.749157	0.0	2176469	25	4.3
1528305707.46	4300	59.999446	0.0	2221506	27	4.3
1528305711.57	4300	59.999145	0.0	2044075	23	4.3
1528305715.68	4300	59.748984	0.0	2186790	26	4.3
1528305719.78	4300	59.748657	0.0	2105231	23	4.3
1528305723.4	4300	59.999166	0.0	2395588	26	4.3
1528305727.59	4300	59.998478	0.0	1972048	23	4.3
1528305731.7	4300	59.747559	0.0	2134614	24	4.3
1528305735.81	4300	59.747664	0.0	2164140	26	4.3
1528305739.42	4300	59.999111	0.0	2113193	26	4.3
1528305743.52	4300	59.99764	0.0	2147852	22	4.3
1528305747.63	4300	59.749384	0.0	2191074	25	4.3
1528305751.74	4300	59.748919	0.0	2286761	24	4.3
1528305755.85	4300	59.748914	0.0	2307787	23	4.3
1528305759.96	4300	59.498966	0.0	2143948	24	4.3
1528305763.56	4300	59.998664	0.0	1919781	21	4.3
1528305767.67	4300	59.748971	0.0	2147467	25	4.3
1528305771.78	4300	59.749362	0.0	2133870	26	4.3
1528305775.37	4300	59.998918	0.0	2146120	13	4.3
1528305779.48	4300	59.9992	0.0	2108491	24	4.3
1528305783.59	4300	59.998942	0.0	2184571	27	4.3
1528305787.7	4300	59.74943	0.0	2121928	28	4.3
1528305791.82	4300	59.749189	0.0	2219102	29	4.3
1528305795.43	4300	59.997666	0.0	2124950	25	4.3
1528305799.54	4300	59.999282	0.0	2246506	22	4.3
1528305803.64	4300	59.746092	0.0	1961140	21	4.3
1528305807.73	4300	59.748691	0.0	2155012	12	4.3
1528305809.32	4300	59.928958	0.0	1433658	17	4.3

1528305809.7	750	4	0.028	2354772	6	-0.12039999999999995
1528305809.8	4300	7.960123	0.0	2123065	25	0.75
1528305809.89	4300	11.866835	0.0	2177073	25	4.3
1528305809.98	4300	15.775133	0.0	2160877	22	4.3
1528305810.08	4300	19.6747	0.0	2233056	16	4.3
1528305810.19	4300	23.574509	0.0	1941625	25	4.3
1528305810.28	4300	27.469809	0.0	2157535	20	4.3
1528305810.37	4300	31.381596	0.0	2290172	21	4.3
1528305810.47	4300	35.280758	0.0	2055469	25	4.3
1528305810.57	4300	39.18215	0.0	2169201	25	4.3
1528305810.67	4300	43.090058	0.0	2173522	26	4.3
1528305810.75	4300	47.001463	0.0	2102452	24	4.3
1528305810.85	4300	50.910199	0.0	2209463	27	4.3
1528305810.94	4300	54.815929	0.0	2275376	25	4.3
1528305811.03	4300	58.72729	0.0	2005399	23	4.3
1528305814.12	4300	59.748803	0.0	2152483	15	4.3
1528305818.23	4300	59.749046	0.0	2289689	21	4.3
1528305821.83	4300	59.99811	0.0	2059512	21	4.3
1528305825.94	4300	59.997828	0.0	2220726	24	4.3
1528305830.04	4300	59.748635	0.0	2156729	24	4.3
1528305834.15	4300	59.749033	0.0	2039773	24	4.3
1528305838.26	4300	59.498598	0.0	2176469	23	4.3
1528305841.87	4300	59.997799	0.0	2221506	26	4.3
1528305845.98	4300	59.998242	0.0	2044075	15	4.3
1528305850.09	4300	59.748596	0.0	2186790	23	4.3
1528305854.2	4300	59.749585	0.0	2105231	23	4.3
1528305857.8	4300	59.998308	0.0	2395588	24	4.3
1528305861.91	4300	59.998974	0.0	1972048	13	4.3
1528305866.01	4300	59.749603	0.0	2134614	23	4.3
1528305870.12	4300	59.748427	0.0	2164140	25	4.3
1528305874.23	4300	59.749096	0.0	2113193	25	4.3
1528305877.84	4300	59.999488	0.0	2147852	24	4.3
