1527659251.07	750	4	0.01	450283	2	-0.04300000000000004
1527659251.21	4300	7.957345	0.0	2123065	15	0.75
1527659251.31	4300	11.859852	0.0	2177073	23	4.3
1527659251.38	4300	15.782341	0.0	2160877	11	4.3
1527659251.48	4300	19.679473	0.0	2233056	29	4.3
1527659251.56	4300	23.608095	0.0	1941625	11	4.3
1527659251.65	4300	27.515385	0.0	2157535	20	4.3
1527659251.74	4300	31.427022	0.0	2290172	17	4.3
1527659251.83	4300	35.337728	0.0	2055469	17	4.3
1527659251.92	4300	39.245329	0.0	2169201	19	4.3
1527659252.01	4300	43.157452	0.0	2173522	18	4.3
1527659252.11	4300	47.054333	0.0	2102452	23	4.3
1527659252.21	4300	50.95833	0.0	2209463	24	4.3
1527659252.3	4300	54.864288	0.0	2275376	22	4.3
1527659252.39	4300	58.776232	0.0	2005399	18	4.3
1527659255.49	4300	59.748535	0.0	2152483	10	4.3
1527659259.59	4300	59.750345	0.0	2289689	20	4.3
1527659263.19	4300	59.999467	0.0	2059512	19	4.3
1527659267.8	4300	59.499746	0.0	2220726	21	4.3
1527659271.41	4300	59.998819	0.0	2156729	26	4.3
1527659275.51	4300	59.750126	0.0	2039773	20	4.3
1527659279.62	4300	59.749462	0.0	2176469	25	4.3
1527659283.73	4300	59.500213	0.0	2221506	23	4.3
1527659287.84	4300	59.500272	0.0	2044075	24	4.3
1527659291.45	4300	59.750101	0.0	2186790	24	4.3
1527659295.56	4300	59.74876	0.0	2105231	19	4.3
1527659299.66	4300	59.750184	0.0	2395588	22	4.3
1527659303.25	4300	59.99948	0.0	1972048	10	4.3
1527659307.35	4300	59.999395	0.0	2134614	19	4.3
1527659311.46	4300	59.750359	0.0	2164140	21	4.3
1527659315.57	4300	59.750423	0.0	2113193	20	4.3
1527659319.17	4300	59.998981	0.0	2147852	25	4.3
1527659323.77	4300	59.500273	0.0	2191074	24	4.3
1527659327.39	4300	59.998769	0.0	2286761	24	4.3
1527659331.5	4300	59.750035	0.0	2307787	23	4.3
1527659335.61	4300	59.749962	0.0	2143948	23	4.3
1527659339.21	4300	59.999089	0.0	1919781	21	4.3
1527659343.81	4300	59.499343	0.0	2147467	22	4.3
1527659347.43	4300	59.748675	0.0	2133870	23	4.3
1527659351.53	4300	59.749983	0.0	2146120	22	4.3
1527659355.64	4300	59.749633	0.0	2108491	25	4.3
1527659359.78	4300	59.498728	0.0	2184571	27	4.3
1527659363.89	4300	59.50045	0.0	2121928	24	4.3
1527659367.49	4300	59.750459	0.0	2219102	28	4.3
1527659371.61	4300	59.750322	0.0	2124950	24	4.3
1527659375.72	4300	59.49859	0.0	2246506	22	4.3
1527659379.82	4300	59.500225	0.0	1961140	21	4.3
1527659383.43	4300	59.750476	0.0	2155012	25	4.3
1527659385.02	4300	59.928648	0.0	1433658	15	4.3

1527659385.21	750	4	0.019	668286	5	-0.0817
1527659385.31	4300	7.956925	0.0	2123065	14	0.75
1527659385.41	4300	11.860699	0.0	2177073	22	4.3
1527659385.48	4300	15.787232	0.0	2160877	12	4.3
1527659385.58	4300	19.689692	0.0	2233056	17	4.3
1527659385.66	4300	23.606982	0.0	1941625	16	4.3
1527659385.75	4300	27.522153	0.0	2157535	13	4.3
1527659385.84	4300	31.430538	0.0	2290172	18	4.3
1527659385.92	4300	35.343383	0.0	2055469	18	4.3
1527659386.02	4300	39.2525	0.0	2169201	22	4.3
1527659386.1	4300	43.162621	0.0	2173522	20	4.3
1527659386.18	4300	47.087773	0.0	2102452	12	4.3
1527659386.27	4300	50.997294	0.0	2209463	21	4.3
1527659386.37	4300	54.89866	0.0	2275376	25	4.3
1527659386.45	4300	58.815389	0.0	2005399	10	4.3
1527659389.58	4300	59.748658	0.0	2152483	25	4.3
1527659393.68	4300	59.748198	0.0	2289689	28	4.3
1527659397.29	4300	59.999477	0.0	2059512	24	4.3
1527659401.9	4300	59.498654	0.0	2220726	23	4.3
1527659405.51	4300	59.99778	0.0	2156729	23	4.3
1527659409.61	4300	59.748834	0.0	2039773	23	4.3
1527659413.72	4300	59.747727	0.0	2176469	26	4.3
1527659417.33	4300	59.99802	0.0	2221506	24	4.3
1527659421.44	4300	59.997644	0.0	2044075	22	4.3
1527659425.54	4300	59.749591	0.0	2186790	24	4.3
1527659429.66	4300	59.748724	0.0	2105231	24	4.3
1527659433.76	4300	59.749474	0.0	2395588	24	4.3
1527659437.34	4300	59.998801	0.0	1972048	9	4.3
1527659441.45	4300	59.999496	0.0	2134614	22	4.3
1527659445.55	4300	59.749301	0.0	2164140	24	4.3
1527659449.7	4300	59.748834	0.0	2113193	22	4.3
1527659453.3	4300	59.99931	0.0	2147852	26	4.3
1527659457.44	4300	59.997917	0.0	2191074	22	4.3
1527659461.55	4300	59.749497	0.0	2286761	24	4.3
1527659465.66	4300	59.747809	0.0	2307787	23	4.3
1527659469.77	4300	59.499528	0.0	2143948	23	4.3
1527659473.37	4300	59.99845	0.0	1919781	21	4.3
1527659477.98	4300	59.498656	0.0	2147467	21	4.3
1527659481.59	4300	59.749577	0.0	2133870	25	4.3
1527659485.7	4300	59.74887	0.0	2146120	26	4.3
1527659489.3	4300	59.997854	0.0	2108491	25	4.3
1527659493.41	4300	59.999081	0.0	2184571	23	4.3
1527659497.52	4300	59.999461	0.0	2121928	24	4.3
1527659501.63	4300	59.748917	0.0	2219102	23	4.3
1527659505.74	4300	59.685074	0.0	2124950	23	4.3
1527659509.34	4300	59.998667	0.0	2246506	25	4.3
1527659513.44	4300	59.99882	0.0	1961140	23	4.3
1527659517.55	4300	59.748739	0.0	2155012	26	4.3
1527659519.15	4300	59.928632	0.0	1433658	18	4.3

1527659519.35	750	4	0.011	668286	2	-0.04730000000000001
1527659519.46	4300	7.948968	0.0	2123065	16	0.75
1527659519.55	4300	11.861096	0.0	2177073	19	4.3
1527659519.64	4300	15.767496	0.0	2160877	18	4.3
1527659519.73	4300	19.67814	0.0	2233056	17	4.3
1527659519.82	4300	23.593529	0.0	1941625	14	4.3
1527659519.91	4300	27.49814	0.0	2157535	11	4.3
1527659520.01	4300	31.398238	0.0	2290172	17	4.3
1527659520.11	4300	35.301262	0.0	2055469	22	4.3
1527659520.2	4300	39.207552	0.0	2169201	25	4.3
1527659520.28	4300	43.130594	0.0	2173522	14	4.3
1527659520.38	4300	47.030824	0.0	2102452	25	4.3
1527659520.45	4300	50.957745	0.0	2209463	12	4.3
1527659520.55	4300	54.865784	0.0	2275376	18	4.3
1527659520.65	4300	58.76682	0.0	2005399	21	4.3
1527659523.75	4300	59.750365	0.0	2152483	22	4.3
1527659527.86	4300	59.749643	0.0	2289689	20	4.3
1527659531.96	4300	59.499683	0.0	2059512	18	4.3
1527659535.59	4300	59.998819	0.0	2220726	24	4.3
1527659539.7	4300	59.74967	0.0	2156729	22	4.3
1527659543.81	4300	59.750256	0.0	2039773	22	4.3
1527659547.92	4300	59.500306	0.0	2176469	25	4.3
1527659552.03	4300	59.498455	0.0	2221506	25	4.3
1527659555.63	4300	59.999478	0.0	2044075	23	4.3
1527659559.74	4300	59.749886	0.0	2186790	22	4.3
1527659563.85	4300	59.749747	0.0	2105231	21	4.3
1527659567.46	4300	59.999223	0.0	2395588	25	4.3
1527659572.06	4300	59.500008	0.0	1972048	20	4.3
1527659575.67	4300	59.748932	0.0	2134614	24	4.3
1527659579.78	4300	59.749713	0.0	2164140	26	4.3
1527659583.89	4300	59.749604	0.0	2113193	23	4.3
