1528151981.85	750	4	0.023	2354772	6	-0.09889999999999999
1528151982.07	4300	7.965866	0.0	2123065	18	0.75
1528151982.23	4300	11.727748	0.0	2177073	27	4.3
1528151982.32	4300	15.636436	0.0	2160877	21	4.3
1528151982.41	4300	19.549431	0.0	2233056	19	4.3
1528151982.5	4300	23.458888	0.0	1941625	19	4.3
1528151982.6	4300	27.36527	0.0	2157535	21	4.3
1528151982.69	4300	31.272841	0.0	2290172	19	4.3
1528151982.77	4300	35.187138	0.0	2055469	17	4.3
1528151982.86	4300	39.093034	0.0	2169201	20	4.3
1528151982.95	4300	43.005266	0.0	2173522	20	4.3
1528151983.05	4300	46.915757	0.0	2102452	20	4.3
1528151983.15	4300	50.811471	0.0	2209463	26	4.3
1528151983.26	4300	54.699195	0.0	2275376	27	4.3
1528151983.36	4300	58.600434	0.0	2005399	25	4.3
1528151985.97	4300	59.99888	0.0	2152483	26	4.3
1528151990.07	4300	59.999207	0.0	2289689	28	4.3
1528151994.18	4300	59.998973	0.0	2059512	23	4.3
1528151998.29	4300	59.749393	0.0	2220726	28	4.3
1528152002.4	4300	59.749576	0.0	2156729	24	4.3
1528152006.01	4300	59.999445	0.0	2039773	24	4.3
1528152010.12	4300	59.999079	0.0	2176469	25	4.3
1528152014.23	4300	59.749592	0.0	2221506	26	4.3
1528152018.34	4300	59.749454	0.0	2044075	26	4.3
1528152022.44	4300	59.749056	0.0	2186790	28	4.3
1528152026.06	4300	59.999241	0.0	2105231	24	4.3
1528152030.67	4300	59.499498	0.0	2395588	23	4.3
1528152034.28	4300	59.749536	0.0	1972048	24	4.3
1528152038.38	4300	59.749563	0.0	2134614	20	4.3
1528152042.04	4300	59.998662	0.0	2164140	26	4.3
1528152046.15	4300	59.997729	0.0	2113193	24	4.3
1528152050.26	4300	59.748369	0.0	2147852	24	4.3
1528152054.37	4300	59.748722	0.0	2191074	24	4.3
1528152057.98	4300	59.998907	0.0	2286761	28	4.3
1528152062.08	4300	59.997741	0.0	2307787	25	4.3
1528152066.19	4300	59.999377	0.0	2143948	24	4.3
1528152070.3	4300	59.749477	0.0	1919781	22	4.3
1528152074.42	4300	59.749554	0.0	2147467	25	4.3
1528152078.02	4300	59.999102	0.0	2133870	24	4.3
1528152082.13	4300	59.997831	0.0	2146120	21	4.3
1528152086.23	4300	59.747706	0.0	2108491	25	4.3
1528152090.34	4300	59.748877	0.0	2184571	25	4.3
1528152094.44	4300	59.749095	0.0	2121928	24	4.3
1528152098.06	4300	59.998884	0.0	2219102	25	4.3
1528152102.16	4300	59.999098	0.0	2124950	23	4.3
1528152106.27	4300	59.748709	0.0	2246506	26	4.3
1528152110.38	4300	59.748663	0.0	1961140	23	4.3
1528152114.0	4300	59.998356	0.0	2155012	26	4.3
1528152116.1	4300	59.679015	0.0	1433658	18	4.3

1528152116.31	750	4	0.031	2354772	9	-0.13329999999999997
1528152116.41	4300	7.953637	0.0	2123065	25	0.75
1528152116.51	4300	11.855083	0.0	2177073	26	4.3
1528152116.61	4300	15.761702	0.0	2160877	24	4.3
1528152116.7	4300	19.665404	0.0	2233056	21	4.3
1528152116.79	4300	23.579639	0.0	1941625	18	4.3
1528152116.89	4300	27.473853	0.0	2157535	28	4.3
1528152116.97	4300	31.400928	0.0	2290172	11	4.3
1528152117.06	4300	35.3088	0.0	2055469	18	4.3
1528152117.16	4300	39.205895	0.0	2169201	25	4.3
1528152117.26	4300	43.11095	0.0	2173522	26	4.3
1528152117.35	4300	47.016511	0.0	2102452	23	4.3
1528152117.45	4300	50.921808	0.0	2209463	20	4.3
1528152117.57	4300	54.794476	0.0	2275376	26	4.3
1528152117.67	4300	58.693882	0.0	2005399	23	4.3
1528152120.76	4300	59.749114	0.0	2152483	10	4.3
1528152124.91	4300	59.749609	0.0	2289689	28	4.3
1528152128.53	4300	59.999005	0.0	2059512	20	4.3
1528152132.64	4300	59.748112	0.0	2220726	25	4.3
1528152136.75	4300	59.748797	0.0	2156729	26	4.3
1528152140.86	4300	59.749073	0.0	2039773	26	4.3
1528152144.47	4300	59.999367	0.0	2176469	28	4.3
1528152148.58	4300	59.998647	0.0	2221506	24	4.3
1528152152.68	4300	59.747968	0.0	2044075	22	4.3
1528152156.79	4300	59.747972	0.0	2186790	28	4.3
1528152160.4	4300	59.999152	0.0	2105231	26	4.3
1528152164.51	4300	59.99896	0.0	2395588	26	4.3
1528152168.62	4300	59.999068	0.0	1972048	20	4.3
1528152172.72	4300	59.74823	0.0	2134614	21	4.3
1528152176.84	4300	59.739124	0.0	2164140	26	4.3
1528152180.44	4300	59.998785	0.0	2113193	24	4.3
1528152184.55	4300	59.998998	0.0	2147852	22	4.3
1528152188.66	4300	59.74796	0.0	2191074	25	4.3
1528152192.77	4300	59.748015	0.0	2286761	26	4.3
1528152196.37	4300	59.998485	0.0	2307787	27	4.3
1528152200.48	4300	59.998675	0.0	2143948	24	4.3
1528152204.58	4300	59.99856	0.0	1919781	22	4.3
1528152208.69	4300	59.749034	0.0	2147467	25	4.3
1528152212.81	4300	59.748915	0.0	2133870	25	4.3
1528152216.39	4300	59.998273	0.0	2146120	10	4.3
1528152220.49	4300	59.998683	0.0	2108491	18	4.3
1528152224.59	4300	59.999186	0.0	2184571	23	4.3
1528152228.7	4300	59.748954	0.0	2121928	26	4.3
1528152232.81	4300	59.749235	0.0	2219102	26	4.3
1528152236.42	4300	59.999352	0.0	2124950	28	4.3
1528152240.53	4300	59.998516	0.0	2246506	22	4.3
1528152244.63	4300	59.749055	0.0	1961140	24	4.3
1528152248.72	4300	59.748815	0.0	2155012	13	4.3
1528152250.31	4300	59.928315	0.0	1433658	16	4.3

1528152250.55	750	4	0.026	2354772	6	-0.11180000000000001
1528152250.61	4300	7.937346	0.0	2123065	7	0.75
1528152250.69	4300	11.859028	0.0	2177073	16	4.3
1528152250.79	4300	15.761362	0.0	2160877	25	4.3
1528152250.87	4300	19.682916	0.0	2233056	14	4.3
1528152250.97	4300	23.584804	0.0	1941625	22	4.3
1528152251.07	4300	27.480749	0.0	2157535	15	4.3
1528152251.18	4300	31.370209	0.0	2290172	26	4.3
1528152251.25	4300	35.292988	0.0	2055469	13	4.3
1528152251.36	4300	39.188374	0.0	2169201	26	4.3
1528152251.45	4300	43.097937	0.0	2173522	25	4.3
1528152251.54	4300	47.00659	0.0	2102452	26	4.3
1528152251.63	4300	50.915439	0.0	2209463	25	4.3
1528152251.72	4300	54.82328	0.0	2275376	23	4.3
1528152251.79	4300	58.76009	0.0	2005399	6	4.3
1528152254.89	4300	59.748797	0.0	2152483	20	4.3
