1528180493.5	750	4	0.025	2354772	7	-0.10750000000000004
1528180493.64	4300	7.958811	0.0	2123065	22	0.75
1528180493.79	4300	11.818109	0.0	2177073	19	4.3
1528180493.94	4300	15.666252	0.0	2160877	20	4.3
1528180494.08	4300	19.524562	0.0	2233056	22	4.3
1528180494.22	4300	23.380168	0.0	1941625	24	4.3
1528180494.37	4300	27.235318	0.0	2157535	24	4.3
1528180494.5	4300	31.098183	0.0	2290172	21	4.3
1528180494.64	4300	34.956927	0.0	2055469	23	4.3
1528180494.79	4300	38.812693	0.0	2169201	25	4.3
1528180494.94	4300	42.664137	0.0	2173522	23	4.3
1528180495.08	4300	46.519462	0.0	2102452	23	4.3
1528180495.22	4300	50.382727	0.0	2209463	22	4.3
1528180495.38	4300	54.224584	0.0	2275376	24	4.3
1528180495.51	4300	58.088276	0.0	2005399	22	4.3
1528180498.16	4300	59.498101	0.0	2152483	25	4.3
1528180501.82	4300	59.999046	0.0	2289689	25	4.3
1528180505.97	4300	59.749771	0.0	2059512	22	4.3
1528180509.64	4300	59.999351	0.0	2220726	25	4.3
1528180513.81	4300	59.999432	0.0	2156729	23	4.3
1528180517.97	4300	59.749233	0.0	2039773	21	4.3
1528180522.15	4300	59.49925	0.0	2176469	20	4.3
1528180525.82	4300	59.99815	0.0	2221506	27	4.3
1528180529.97	4300	59.748915	0.0	2044075	23	4.3
1528180533.62	4300	59.999358	0.0	2186790	22	4.3
1528180537.78	4300	59.998333	0.0	2105231	22	4.3
1528180541.93	4300	59.748521	0.0	2395588	21	4.3
1528180546.08	4300	59.749622	0.0	1972048	22	4.3
1528180549.73	4300	59.999499	0.0	2134614	21	4.3
1528180553.88	4300	59.74942	0.0	2164140	24	4.3
1528180558.04	4300	59.749076	0.0	2113193	19	4.3
1528180561.69	4300	59.999076	0.0	2147852	24	4.3
1528180565.85	4300	59.999299	0.0	2191074	24	4.3
1528180570.0	4300	59.749796	0.0	2286761	22	4.3
1528180573.65	4300	59.998783	0.0	2307787	18	4.3
1528180577.8	4300	59.999404	0.0	2143948	20	4.3
1528180581.96	4300	59.748933	0.0	1919781	21	4.3
1528180586.11	4300	59.499194	0.0	2147467	23	4.3
1528180589.75	4300	59.999488	0.0	2133870	20	4.3
1528180593.91	4300	59.749638	0.0	2146120	24	4.3
1528180598.1	4300	59.748116	0.0	2108491	21	4.3
1528180602.26	4300	59.499514	0.0	2184571	20	4.3
1528180605.92	4300	59.749301	0.0	2121928	23	4.3
1528180610.07	4300	59.749606	0.0	2219102	23	4.3
1528180614.23	4300	59.498803	0.0	2124950	20	4.3
1528180617.86	4300	59.749784	0.0	2246506	20	4.3
1528180622.01	4300	59.749582	0.0	1961140	23	4.3
1528180625.63	4300	59.998778	0.0	2155012	20	4.3
1528180627.74	4300	59.679067	0.0	1433658	15	4.3

1528180627.97	750	4	0.015	668286	2	-0.0645
1528180628.13	4300	7.940168	0.0	2123065	32	0.75
1528180628.27	4300	11.7974	0.0	2177073	21	4.3
1528180628.42	4300	15.652486	0.0	2160877	23	4.3
1528180628.56	4300	19.508509	0.0	2233056	24	4.3
1528180628.7	4300	23.37388	0.0	1941625	16	4.3
1528180628.84	4300	27.234917	0.0	2157535	23	4.3
1528180628.98	4300	31.087145	0.0	2290172	26	4.3
1528180629.14	4300	34.927301	0.0	2055469	18	4.3
1528180629.28	4300	38.787116	0.0	2169201	26	4.3
1528180629.46	4300	42.608151	0.0	2173522	25	4.3
1528180629.64	4300	46.434328	0.0	2102452	23	4.3
1528180629.78	4300	50.294418	0.0	2209463	20	4.3
1528180629.92	4300	54.153758	0.0	2275376	24	4.3
1528180630.06	4300	58.010402	0.0	2005399	21	4.3
1528180632.21	4300	59.998884	0.0	2152483	10	4.3
1528180636.36	4300	59.748221	0.0	2289689	25	4.3
1528180640.53	4300	59.748275	0.0	2059512	20	4.3
1528180644.22	4300	59.998781	0.0	2220726	21	4.3
1528180648.38	4300	59.74888	0.0	2156729	25	4.3
1528180652.53	4300	59.749102	0.0	2039773	21	4.3
1528180656.17	4300	59.997253	0.0	2176469	17	4.3
1528180660.33	4300	59.748613	0.0	2221506	24	4.3
1528180664.48	4300	59.748532	0.0	2044075	18	4.3
1528180668.13	4300	59.999448	0.0	2186790	24	4.3
1528180672.28	4300	59.998873	0.0	2105231	17	4.3
1528180676.44	4300	59.749046	0.0	2395588	26	4.3
1528180680.08	4300	59.998651	0.0	1972048	20	4.3
1528180684.24	4300	59.998695	0.0	2134614	25	4.3
1528180688.38	4300	59.749111	0.0	2164140	20	4.3
1528180692.54	4300	59.748548	0.0	2113193	14	4.3
1528180696.19	4300	59.998437	0.0	2147852	25	4.3
1528180700.35	4300	59.748792	0.0	2191074	25	4.3
1528180704.5	4300	59.747557	0.0	2286761	20	4.3
1528180708.15	4300	59.999368	0.0	2307787	25	4.3
1528180712.32	4300	59.998355	0.0	2143948	22	4.3
1528180716.46	4300	59.748755	0.0	1919781	19	4.3
1528180720.12	4300	59.998984	0.0	2147467	20	4.3
1528180724.29	4300	59.999116	0.0	2133870	23	4.3
1528180728.44	4300	59.748517	0.0	2146120	19	4.3
1528180732.14	4300	59.99795	0.0	2108491	24	4.3
1528180736.29	4300	59.999438	0.0	2184571	23	4.3
1528180740.41	4300	59.748092	0.0	2121928	7	4.3
1528180744.57	4300	59.748825	0.0	2219102	22	4.3
1528180748.24	4300	59.999393	0.0	2124950	21	4.3
1528180752.38	4300	59.748137	0.0	2246506	21	4.3
1528180756.52	4300	59.748103	0.0	1961140	18	4.3
