1527695438.59	750	4	0.009	450283	1	-0.03869999999999996
1527695438.69	4300	7.98012	0.0	2123065	7	0.75
1527695438.78	4300	11.895071	0.0	2177073	19	4.3
1527695438.85	4300	15.823064	0.0	2160877	10	4.3
1527695438.92	4300	19.752176	0.0	2233056	10	4.3
1527695438.99	4300	23.677577	0.0	1941625	9	4.3
1527695439.06	4300	27.605566	0.0	2157535	10	4.3
1527695439.14	4300	31.53434	0.0	2290172	11	4.3
1527695439.21	4300	35.458239	0.0	2055469	8	4.3
1527695439.28	4300	39.393187	0.0	2169201	6	4.3
1527695439.34	4300	43.327541	0.0	2173522	6	4.3
1527695439.47	4300	47.249237	0.0	2102452	8	4.3
1527695439.55	4300	51.118159	0.0	2209463	19	4.3
1527695439.62	4300	55.050079	0.0	2275376	9	4.3
1527695439.69	4300	58.977314	0.0	2005399	9	4.3
1527695442.79	4300	59.998044	0.0	2152483	10	4.3
1527695446.9	4300	59.99921	0.0	2289689	27	4.3
1527695451.01	4300	59.749029	0.0	2059512	23	4.3
1527695455.19	4300	59.749071	0.0	2220726	23	4.3
1527695458.79	4300	59.998772	0.0	2156729	21	4.3
1527695462.9	4300	59.997444	0.0	2039773	16	4.3
1527695467.12	4300	59.749316	0.0	2176469	21	4.3
1527695470.73	4300	59.998771	0.0	2221506	24	4.3
1527695474.83	4300	59.999249	0.0	2044075	18	4.3
1527695478.95	4300	59.748359	0.0	2186790	23	4.3
1527695483.06	4300	59.748404	0.0	2105231	21	4.3
1527695487.16	4300	59.749211	0.0	2395588	21	4.3
1527695490.75	4300	59.998665	0.0	1972048	14	4.3
1527695494.86	4300	59.999455	0.0	2134614	24	4.3
1527695498.98	4300	59.747675	0.0	2164140	25	4.3
1527695503.09	4300	59.748658	0.0	2113193	25	4.3
1527695506.7	4300	59.99911	0.0	2147852	24	4.3
1527695510.81	4300	59.999103	0.0	2191074	21	4.3
1527695514.91	4300	59.99908	0.0	2286761	20	4.3
1527695519.02	4300	59.749305	0.0	2307787	25	4.3
1527695523.13	4300	59.749507	0.0	2143948	23	4.3
1527695526.74	4300	59.999155	0.0	1919781	22	4.3
1527695530.85	4300	59.998455	0.0	2147467	20	4.3
1527695534.96	4300	59.749264	0.0	2133870	21	4.3
1527695539.06	4300	59.747811	0.0	2146120	23	4.3
1527695543.17	4300	59.749579	0.0	2108491	23	4.3
1527695546.78	4300	59.998686	0.0	2184571	22	4.3
1527695550.88	4300	59.99936	0.0	2121928	19	4.3
1527695554.99	4300	59.748684	0.0	2219102	21	4.3
1527695559.1	4300	59.685887	0.0	2124950	25	4.3
1527695562.72	4300	59.999169	0.0	2246506	22	4.3
1527695566.84	4300	59.998297	0.0	1961140	22	4.3
1527695570.95	4300	59.749122	0.0	2155012	24	4.3
1527695572.54	4300	59.929626	0.0	1433658	16	4.3

1527695572.77	750	4	0.017	668286	5	-0.07309999999999994
1527695572.85	4300	7.978162	0.0	2123065	7	0.75
1527695572.93	4300	11.893436	0.0	2177073	18	4.3
1527695573.0	4300	15.823836	0.0	2160877	8	4.3
1527695573.08	4300	19.752057	0.0	2233056	10	4.3
1527695573.17	4300	23.652727	0.0	1941625	20	4.3
1527695573.26	4300	27.572401	0.0	2157535	15	4.3
1527695573.32	4300	31.506882	0.0	2290172	7	4.3
1527695573.39	4300	35.440842	0.0	2055469	6	4.3
1527695573.45	4300	39.37351	0.0	2169201	7	4.3
1527695573.52	4300	43.306582	0.0	2173522	7	4.3
1527695573.59	4300	47.240599	0.0	2102452	7	4.3
1527695573.65	4300	51.174735	0.0	2209463	7	4.3
1527695573.72	4300	55.108888	0.0	2275376	6	4.3
1527695573.79	4300	59.040923	0.0	2005399	6	4.3
1527695576.89	4300	59.999189	0.0	2152483	18	4.3
1527695580.98	4300	59.999056	0.0	2289689	14	4.3
1527695585.08	4300	59.749633	0.0	2059512	20	4.3
1527695589.19	4300	59.749662	0.0	2220726	25	4.3
1527695593.3	4300	59.749665	0.0	2156729	24	4.3
1527695596.91	4300	59.998812	0.0	2039773	23	4.3
1527695601.52	4300	59.49823	0.0	2176469	22	4.3
1527695605.13	4300	59.749592	0.0	2221506	26	4.3
1527695609.23	4300	59.747998	0.0	2044075	19	4.3
1527695612.84	4300	59.998787	0.0	2186790	23	4.3
1527695616.95	4300	59.998906	0.0	2105231	22	4.3
1527695621.13	4300	59.998544	0.0	2395588	23	4.3
1527695625.24	4300	59.748884	0.0	1972048	14	4.3
1527695628.87	4300	59.998928	0.0	2134614	19	4.3
1527695632.99	4300	59.997994	0.0	2164140	25	4.3
1527695637.1	4300	59.74953	0.0	2113193	24	4.3
1527695641.21	4300	59.74838	0.0	2147852	25	4.3
1527695645.32	4300	59.749528	0.0	2191074	24	4.3
1527695648.94	4300	59.998672	0.0	2286761	26	4.3
1527695653.04	4300	59.997602	0.0	2307787	19	4.3
1527695657.15	4300	59.748081	0.0	2143948	19	4.3
1527695661.28	4300	59.74943	0.0	1919781	19	4.3
1527695665.37	4300	59.499603	0.0	2147467	12	4.3
1527695668.99	4300	59.99935	0.0	2133870	20	4.3
1527695673.1	4300	59.749246	0.0	2146120	24	4.3
1527695677.21	4300	59.749128	0.0	2108491	24	4.3
1527695681.32	4300	59.749377	0.0	2184571	24	4.3
1527695684.93	4300	59.997972	0.0	2121928	24	4.3
1527695689.03	4300	59.998665	0.0	2219102	22	4.3
1527695693.14	4300	59.693033	0.0	2124950	23	4.3
1527695697.25	4300	59.747694	0.0	2246506	25	4.3
1527695700.86	4300	59.999257	0.0	1961140	24	4.3
1527695704.95	4300	59.999114	0.0	2155012	16	4.3
1527695707.04	4300	59.678773	0.0	1433658	14	4.3

1527695707.26	750	4	0.016	668286	4	-0.06879999999999997
1527695707.33	4300	7.978957	0.0	2123065	8	0.75
1527695707.39	4300	11.916176	0.0	2177073	7	4.3
1527695707.46	4300	15.854459	0.0	2160877	8	4.3
1527695707.52	4300	19.790579	0.0	2233056	7	4.3
1527695707.59	4300	23.721777	0.0	1941625	7	4.3
1527695707.66	4300	27.65608	0.0	2157535	7	4.3
1527695707.73	4300	31.58712	0.0	2290172	10	4.3
1527695707.81	4300	35.502465	0.0	2055469	22	4.3
1527695707.88	4300	39.436887	0.0	2169201	8	4.3
1527695707.94	4300	43.371066	0.0	2173522	8	4.3
1527695708.0	4300	47.307308	0.0	2102452	7	4.3
1527695708.07	4300	51.244414	0.0	2209463	7	4.3
1527695708.13	4300	55.180342	0.0	2275376	7	4.3
1527695708.22	4300	59.093272	0.0	2005399	17	4.3
1527695711.81	4300	59.749157	0.0	2152483	15	4.3
1527695715.41	4300	59.998982	0.0	2289689	24	4.3
1527695720.02	4300	59.497959	0.0	2059512	21	4.3
1527695723.63	4300	59.749486	0.0	2220726	23	4.3
1527695727.74	4300	59.749705	0.0	2156729	23	4.3
1527695731.34	4300	59.999135	0.0	2039773	21	4.3
1527695735.46	4300	59.998495	0.0	2176469	20	4.3
1527695739.56	4300	59.998016	0.0	2221506	17	4.3
1527695743.67	4300	59.749465	0.0	2044075	21	4.3
1527695747.78	4300	59.748716	0.0	2186790	19	4.3
1527695751.89	4300	59.497998	0.0	2105231	23	4.3
1527695755.99	4300	59.499746	0.0	2395588	26	4.3
1527695759.58	4300	59.748965	0.0	1972048	9	4.3
1527695763.69	4300	59.748104	0.0	2134614	19	4.3
1527695767.79	4300	59.748945	0.0	2164140	19	4.3
1527695771.39	4300	59.999322	0.0	2113193	22	4.3
1527695775.49	4300	59.999177	0.0	2147852	23	4.3
1527695779.6	4300	59.749096	0.0	2191074	24	4.3
1527695783.71	4300	59.747621	0.0	2286761	26	4.3
1527695787.82	4300	59.499424	0.0	2307787	25	4.3
1527695791.43	4300	59.99927	0.0	2143948	24	4.3
1527695795.58	4300	59.998831	0.0	1919781	21	4.3
1527695799.69	4300	59.748657	0.0	2147467	13	4.3
1527695803.8	4300	59.749582	0.0	2133870	19	4.3
1527695807.48	4300	59.998905	0.0	2146120	20	4.3
1527695811.59	4300	59.748811	0.0	2108491	22	4.3
1527695815.69	4300	59.74974	0.0	2184571	23	4.3
