1527682485.16	750	4	0.014	450283	2	-0.06020000000000003
1527682485.3	4300	7.949207	0.0	2123065	17	0.75
1527682485.4	4300	11.848412	0.0	2177073	23	4.3
1527682485.5	4300	15.749657	0.0	2160877	27	4.3
1527682485.59	4300	19.654383	0.0	2233056	22	4.3
1527682485.67	4300	23.585041	0.0	1941625	10	4.3
1527682485.77	4300	27.481735	0.0	2157535	29	4.3
1527682485.84	4300	31.406639	0.0	2290172	11	4.3
1527682485.93	4300	35.320925	0.0	2055469	16	4.3
1527682486.02	4300	39.231904	0.0	2169201	20	4.3
1527682486.11	4300	43.138316	0.0	2173522	18	4.3
1527682486.22	4300	47.033857	0.0	2102452	23	4.3
1527682486.29	4300	50.958055	0.0	2209463	10	4.3
1527682486.4	4300	54.855125	0.0	2275376	26	4.3
1527682486.49	4300	58.762784	0.0	2005399	22	4.3
1527682489.59	4300	59.748913	0.0	2152483	11	4.3
1527682493.69	4300	59.747907	0.0	2289689	19	4.3
1527682497.3	4300	59.999105	0.0	2059512	19	4.3
1527682501.4	4300	59.998978	0.0	2220726	19	4.3
1527682505.51	4300	59.749503	0.0	2156729	21	4.3
1527682509.61	4300	59.747845	0.0	2039773	23	4.3
1527682513.73	4300	59.748571	0.0	2176469	23	4.3
1527682517.4	4300	59.999319	0.0	2221506	23	4.3
1527682521.5	4300	59.999378	0.0	2044075	20	4.3
1527682525.61	4300	59.748981	0.0	2186790	24	4.3
1527682529.71	4300	59.748743	0.0	2105231	23	4.3
1527682533.32	4300	59.998919	0.0	2395588	27	4.3
1527682537.43	4300	59.999348	0.0	1972048	22	4.3
1527682541.54	4300	59.748535	0.0	2134614	25	4.3
1527682545.64	4300	59.749322	0.0	2164140	24	4.3
1527682549.75	4300	59.499103	0.0	2113193	25	4.3
1527682553.36	4300	59.998543	0.0	2147852	24	4.3
1527682557.47	4300	59.998849	0.0	2191074	25	4.3
1527682561.58	4300	59.749329	0.0	2286761	25	4.3
1527682565.69	4300	59.748447	0.0	2307787	24	4.3
1527682569.29	4300	59.999199	0.0	2143948	23	4.3
1527682573.39	4300	59.99812	0.0	1919781	21	4.3
1527682577.5	4300	59.99942	0.0	2147467	24	4.3
1527682581.61	4300	59.747805	0.0	2133870	23	4.3
1527682585.72	4300	59.748601	0.0	2146120	24	4.3
1527682589.33	4300	59.998679	0.0	2108491	22	4.3
1527682593.43	4300	59.999295	0.0	2184571	25	4.3
1527682597.55	4300	59.749475	0.0	2121928	27	4.3
1527682601.66	4300	59.748592	0.0	2219102	25	4.3
1527682605.34	4300	59.998667	0.0	2124950	24	4.3
1527682609.45	4300	59.99895	0.0	2246506	23	4.3
1527682613.56	4300	59.749602	0.0	1961140	23	4.3
1527682617.68	4300	59.749008	0.0	2155012	25	4.3
1527682619.27	4300	59.678982	0.0	1433658	17	4.3

1527682619.49	750	4	0.014	668286	2	-0.06020000000000003
1527682619.59	4300	7.958254	0.0	2123065	13	0.75
1527682619.69	4300	11.856375	0.0	2177073	24	4.3
1527682619.77	4300	15.775887	0.0	2160877	14	4.3
1527682619.87	4300	19.676292	0.0	2233056	23	4.3
1527682619.94	4300	23.608699	0.0	1941625	9	4.3
1527682620.04	4300	27.511649	0.0	2157535	10	4.3
1527682620.13	4300	31.418751	0.0	2290172	20	4.3
1527682620.23	4300	35.319377	0.0	2055469	23	4.3
1527682620.3	4300	39.246048	0.0	2169201	11	4.3
1527682620.4	4300	43.143766	0.0	2173522	26	4.3
1527682620.5	4300	47.047519	0.0	2102452	23	4.3
1527682620.58	4300	50.975082	0.0	2209463	12	4.3
1527682620.68	4300	54.871031	0.0	2275376	26	4.3
1527682620.77	4300	58.777303	0.0	2005399	22	4.3
1527682623.86	4300	59.749197	0.0	2152483	14	4.3
1527682627.97	4300	59.748622	0.0	2289689	24	4.3
1527682631.58	4300	59.999146	0.0	2059512	24	4.3
1527682635.68	4300	59.998358	0.0	2220726	20	4.3
1527682639.8	4300	59.998432	0.0	2156729	21	4.3
1527682643.9	4300	59.747722	0.0	2039773	20	4.3
1527682648.01	4300	59.749408	0.0	2176469	24	4.3
1527682651.61	4300	59.998283	0.0	2221506	24	4.3
1527682655.72	4300	59.998073	0.0	2044075	21	4.3
1527682659.82	4300	59.74922	0.0	2186790	26	4.3
1527682663.94	4300	59.747913	0.0	2105231	22	4.3
1527682668.05	4300	59.74812	0.0	2395588	28	4.3
1527682671.66	4300	59.998773	0.0	1972048	21	4.3
1527682675.8	4300	59.998583	0.0	2134614	22	4.3
1527682679.91	4300	59.749183	0.0	2164140	19	4.3
1527682684.01	4300	59.749482	0.0	2113193	23	4.3
1527682687.62	4300	59.997734	0.0	2147852	23	4.3
1527682691.72	4300	59.997987	0.0	2191074	20	4.3
1527682695.83	4300	59.749019	0.0	2286761	26	4.3
1527682699.94	4300	59.749343	0.0	2307787	26	4.3
1527682704.05	4300	59.747862	0.0	2143948	23	4.3
1527682707.65	4300	59.998708	0.0	1919781	22	4.3
1527682711.76	4300	59.99772	0.0	2147467	22	4.3
1527682715.87	4300	59.747934	0.0	2133870	25	4.3
1527682719.98	4300	59.74857	0.0	2146120	24	4.3
1527682723.58	4300	59.999364	0.0	2108491	24	4.3
1527682727.68	4300	59.999444	0.0	2184571	24	4.3
1527682731.79	4300	59.999247	0.0	2121928	21	4.3
1527682735.91	4300	59.748872	0.0	2219102	26	4.3
1527682740.02	4300	59.699284	0.0	2124950	22	4.3
1527682743.63	4300	59.998702	0.0	2246506	24	4.3
1527682747.73	4300	59.997683	0.0	1961140	23	4.3
1527682751.83	4300	59.748981	0.0	2155012	26	4.3
1527682753.43	4300	59.927734	0.0	1433658	16	4.3

1527682753.66	750	4	0.018	668286	3	-0.07740000000000002
1527682753.74	4300	7.978854	0.0	2123065	8	0.75
1527682753.83	4300	11.890623	0.0	2177073	23	4.3
1527682753.92	4300	15.797005	0.0	2160877	23	4.3
1527682754.01	4300	19.703813	0.0	2233056	20	4.3
1527682754.1	4300	23.611902	0.0	1941625	17	4.3
1527682754.19	4300	27.527601	0.0	2157535	13	4.3
1527682754.27	4300	31.442196	0.0	2290172	20	4.3
1527682754.36	4300	35.36041	0.0	2055469	14	4.3
1527682754.45	4300	39.26218	0.0	2169201	24	4.3
1527682754.55	4300	43.171131	0.0	2173522	23	4.3
1527682754.63	4300	47.087191	0.0	2102452	16	4.3
1527682754.72	4300	50.995733	0.0	2209463	20	4.3
1527682754.82	4300	54.898618	0.0	2275376	24	4.3
1527682754.89	4300	58.824926	0.0	2005399	11	4.3
1527682758.0	4300	59.747886	0.0	2152483	24	4.3
1527682762.11	4300	59.749001	0.0	2289689	21	4.3
1527682766.23	4300	59.7483	0.0	2059512	21	4.3
1527682769.9	4300	59.998562	0.0	2220726	25	4.3
