1527638953.97	750	4	0.023	2354772	6	-0.09889999999999999
1527638954.1	4300	7.9597	0.0	2123065	22	0.75
1527638954.19	4300	11.861981	0.0	2177073	25	4.3
1527638954.29	4300	15.768957	0.0	2160877	20	4.3
1527638954.38	4300	19.674904	0.0	2233056	16	4.3
1527638954.47	4300	23.590192	0.0	1941625	16	4.3
1527638954.56	4300	27.494613	0.0	2157535	20	4.3
1527638954.66	4300	31.40158	0.0	2290172	19	4.3
1527638954.76	4300	35.300439	0.0	2055469	20	4.3
1527638954.85	4300	39.20578	0.0	2169201	23	4.3
1527638954.93	4300	43.130549	0.0	2173522	14	4.3
1527638955.03	4300	47.031278	0.0	2102452	23	4.3
1527638955.11	4300	50.946089	0.0	2209463	15	4.3
1527638955.22	4300	54.833655	0.0	2275376	25	4.3
1527638955.31	4300	58.74387	0.0	2005399	16	4.3
1527638958.43	4300	59.748491	0.0	2152483	23	4.3
1527638962.53	4300	59.747419	0.0	2289689	21	4.3
1527638966.14	4300	59.999357	0.0	2059512	22	4.3
1527638970.24	4300	59.998488	0.0	2220726	21	4.3
1527638974.36	4300	59.749118	0.0	2156729	23	4.3
1527638978.48	4300	59.748686	0.0	2039773	21	4.3
1527638982.09	4300	59.998223	0.0	2176469	26	4.3
1527638986.2	4300	59.998079	0.0	2221506	24	4.3
1527638990.31	4300	59.999257	0.0	2044075	21	4.3
1527638994.42	4300	59.747944	0.0	2186790	24	4.3
1527638998.52	4300	59.749434	0.0	2105231	23	4.3
1527639002.13	4300	59.999012	0.0	2395588	25	4.3
1527639006.23	4300	59.99939	0.0	1972048	23	4.3
1527639010.35	4300	59.749456	0.0	2134614	25	4.3
1527639014.45	4300	59.749142	0.0	2164140	23	4.3
1527639018.06	4300	59.998534	0.0	2113193	24	4.3
1527639022.17	4300	59.999328	0.0	2147852	21	4.3
1527639026.27	4300	59.998922	0.0	2191074	24	4.3
1527639030.38	4300	59.749222	0.0	2286761	27	4.3
1527639034.5	4300	59.7487	0.0	2307787	25	4.3
1527639038.11	4300	59.999446	0.0	2143948	24	4.3
1527639042.21	4300	59.998545	0.0	1919781	19	4.3
1527639046.32	4300	59.748595	0.0	2147467	23	4.3
1527639050.44	4300	59.749129	0.0	2133870	23	4.3
1527639054.54	4300	59.749604	0.0	2146120	18	4.3
1527639058.14	4300	59.998885	0.0	2108491	24	4.3
1527639062.25	4300	59.99856	0.0	2184571	23	4.3
1527639066.36	4300	59.747579	0.0	2121928	19	4.3
1527639070.47	4300	59.748617	0.0	2219102	23	4.3
1527639074.08	4300	59.998534	0.0	2124950	23	4.3
1527639078.18	4300	59.998351	0.0	2246506	22	4.3
1527639082.29	4300	59.998865	0.0	1961140	22	4.3
1527639086.37	4300	59.748274	0.0	2155012	11	4.3
1527639087.96	4300	59.928993	0.0	1433658	16	4.3

1527639088.15	750	4	0.011	668286	2	-0.04730000000000001
1527639088.25	4300	7.953759	0.0	2123065	14	0.75
1527639088.35	4300	11.855709	0.0	2177073	20	4.3
1527639088.45	4300	15.759033	0.0	2160877	24	4.3
1527639088.54	4300	19.665152	0.0	2233056	27	4.3
1527639088.64	4300	23.569962	0.0	1941625	17	4.3
1527639088.73	4300	27.473126	0.0	2157535	21	4.3
1527639088.8	4300	31.406784	0.0	2290172	8	4.3
1527639088.88	4300	35.321375	0.0	2055469	16	4.3
1527639088.97	4300	39.234895	0.0	2169201	18	4.3
1527639089.07	4300	43.135508	0.0	2173522	23	4.3
1527639089.14	4300	47.063611	0.0	2102452	12	4.3
1527639089.23	4300	50.973203	0.0	2209463	20	4.3
1527639089.32	4300	54.883181	0.0	2275376	22	4.3
1527639089.42	4300	58.793074	0.0	2005399	18	4.3
1527639092.55	4300	59.74908	0.0	2152483	18	4.3
1527639096.66	4300	59.748294	0.0	2289689	24	4.3
1527639100.27	4300	59.999001	0.0	2059512	23	4.3
1527639104.39	4300	59.998533	0.0	2220726	24	4.3
1527639108.49	4300	59.748026	0.0	2156729	19	4.3
1527639112.59	4300	59.748945	0.0	2039773	18	4.3
1527639116.7	4300	59.747875	0.0	2176469	25	4.3
1527639120.31	4300	59.998176	0.0	2221506	23	4.3
1527639124.41	4300	59.999392	0.0	2044075	20	4.3
1527639128.52	4300	59.749352	0.0	2186790	22	4.3
1527639132.63	4300	59.749168	0.0	2105231	25	4.3
1527639136.24	4300	59.999028	0.0	2395588	28	4.3
1527639140.34	4300	59.998499	0.0	1972048	16	4.3
1527639144.95	4300	59.499099	0.0	2134614	22	4.3
1527639148.56	4300	59.749492	0.0	2164140	25	4.3
1527639152.67	4300	59.748806	0.0	2113193	24	4.3
1527639156.27	4300	59.99873	0.0	2147852	23	4.3
1527639160.38	4300	59.998245	0.0	2191074	24	4.3
1527639164.49	4300	59.748011	0.0	2286761	26	4.3
1527639168.6	4300	59.748822	0.0	2307787	26	4.3
1527639172.71	4300	59.749213	0.0	2143948	25	4.3
1527639176.31	4300	59.998897	0.0	1919781	21	4.3
1527639180.42	4300	59.999099	0.0	2147467	24	4.3
1527639184.55	4300	59.749504	0.0	2133870	6	4.3
1527639188.66	4300	59.74949	0.0	2146120	22	4.3
1527639192.26	4300	59.998203	0.0	2108491	15	4.3
1527639196.36	4300	59.999442	0.0	2184571	18	4.3
1527639200.47	4300	59.748916	0.0	2121928	23	4.3
1527639204.57	4300	59.749476	0.0	2219102	19	4.3
1527639208.68	4300	59.678833	0.0	2124950	23	4.3
1527639212.29	4300	59.998301	0.0	2246506	25	4.3
1527639216.39	4300	59.997821	0.0	1961140	19	4.3
1527639220.5	4300	59.748933	0.0	2155012	24	4.3
1527639222.09	4300	59.927942	0.0	1433658	16	4.3

1527639222.3	750	4	0.016	668286	2	-0.06879999999999997
1527639222.37	4300	7.980458	0.0	2123065	7	0.75
1527639222.46	4300	11.888846	0.0	2177073	24	4.3
1527639222.55	4300	15.79694	0.0	2160877	22	4.3
1527639222.65	4300	19.697506	0.0	2233056	24	4.3
1527639222.75	4300	23.598388	0.0	1941625	21	4.3
1527639222.83	4300	27.516241	0.0	2157535	15	4.3
1527639222.93	4300	31.422867	0.0	2290172	19	4.3
1527639223.02	4300	35.325056	0.0	2055469	25	4.3
1527639223.12	4300	39.229456	0.0	2169201	22	4.3
1527639223.22	4300	43.13348	0.0	2173522	21	4.3
1527639223.32	4300	47.02746	0.0	2102452	26	4.3
1527639223.42	4300	50.930041	0.0	2209463	25	4.3
1527639223.51	4300	54.836271	0.0	2275376	22	4.3
1527639223.61	4300	58.74266	0.0	2005399	20	4.3
1527639226.72	4300	59.749155	0.0	2152483	19	4.3
1527639230.83	4300	59.749133	0.0	2289689	20	4.3
1527639234.43	4300	59.998798	0.0	2059512	21	4.3
1527639238.54	4300	59.999039	0.0	2220726	21	4.3
1527639242.65	4300	59.749471	0.0	2156729	22	4.3
1527639246.75	4300	59.747653	0.0	2039773	20	4.3
1527639250.83	4300	59.748476	0.0	2176469	6	4.3
1527639254.44	4300	59.998018	0.0	2221506	23	4.3
1527639258.54	4300	59.997706	0.0	2044075	19	4.3
1527639262.65	4300	59.747654	0.0	2186790	22	4.3
1527639266.85	4300	59.749453	0.0	2105231	23	4.3
1527639270.46	4300	59.998041	0.0	2395588	24	4.3
1527639274.57	4300	59.99871	0.0	1972048	19	4.3
1527639278.68	4300	59.749081	0.0	2134614	22	4.3
1527639282.78	4300	59.725501	0.0	2164140	23	4.3
1527639286.39	4300	59.99923	0.0	2113193	25	4.3
1527639290.5	4300	59.999225	0.0	2147852	20	4.3
1527639294.6	4300	59.749351	0.0	2191074	24	4.3
