1528263961.97	750	4	0.012	450283	2	-0.05159999999999998
1528263962.12	4300	7.952479	0.0	2123065	14	0.75
1528263962.21	4300	11.852684	0.0	2177073	24	4.3
1528263962.3	4300	15.772092	0.0	2160877	13	4.3
1528263962.4	4300	19.66988	0.0	2233056	25	4.3
1528263962.47	4300	23.600301	0.0	1941625	10	4.3
1528263962.56	4300	27.502055	0.0	2157535	17	4.3
1528263962.66	4300	31.407973	0.0	2290172	19	4.3
1528263962.76	4300	35.312227	0.0	2055469	22	4.3
1528263962.85	4300	39.217233	0.0	2169201	25	4.3
1528263962.95	4300	43.120948	0.0	2173522	21	4.3
1528263963.04	4300	47.026126	0.0	2102452	19	4.3
1528263963.14	4300	50.923643	0.0	2209463	25	4.3
1528263963.24	4300	54.83007	0.0	2275376	26	4.3
1528263963.33	4300	58.736352	0.0	2005399	21	4.3
1528263966.45	4300	59.747761	0.0	2152483	22	4.3
1528263970.59	4300	59.747837	0.0	2289689	21	4.3
1528263974.23	4300	59.998191	0.0	2059512	19	4.3
1528263978.37	4300	59.749321	0.0	2220726	20	4.3
1528263982.48	4300	59.749241	0.0	2156729	20	4.3
1528263986.08	4300	59.999121	0.0	2039773	16	4.3
1528263990.18	4300	59.998994	0.0	2176469	19	4.3
1528263994.29	4300	59.998942	0.0	2221506	21	4.3
1528263998.4	4300	59.748107	0.0	2044075	23	4.3
1528264002.5	4300	59.749457	0.0	2186790	23	4.3
1528264006.11	4300	59.99896	0.0	2105231	24	4.3
1528264010.22	4300	59.997837	0.0	2395588	22	4.3
1528264014.32	4300	59.99775	0.0	1972048	21	4.3
1528264018.44	4300	59.749369	0.0	2134614	22	4.3
1528264022.55	4300	59.658958	0.0	2164140	24	4.3
1528264026.23	4300	59.998639	0.0	2113193	24	4.3
1528264030.4	4300	59.749123	0.0	2147852	24	4.3
1528264034.51	4300	59.748771	0.0	2191074	22	4.3
1528264038.12	4300	59.998842	0.0	2286761	25	4.3
1528264042.23	4300	59.999414	0.0	2307787	24	4.3
1528264046.34	4300	59.74965	0.0	2143948	24	4.3
1528264050.44	4300	59.749178	0.0	1919781	22	4.3
1528264054.55	4300	59.749196	0.0	2147467	23	4.3
1528264058.66	4300	59.49885	0.0	2133870	25	4.3
1528264062.27	4300	59.998625	0.0	2146120	25	4.3
1528264066.38	4300	59.749632	0.0	2108491	23	4.3
1528264070.49	4300	59.749293	0.0	2184571	25	4.3
1528264074.19	4300	59.998737	0.0	2121928	25	4.3
1528264078.81	4300	59.499243	0.0	2219102	25	4.3
1528264082.41	4300	59.749187	0.0	2124950	18	4.3
1528264086.52	4300	59.749211	0.0	2246506	20	4.3
1528264090.11	4300	59.998987	0.0	1961140	19	4.3
1528264094.72	4300	59.49918	0.0	2155012	21	4.3
1528264096.31	4300	59.679058	0.0	1433658	17	4.3

1528264096.54	750	4	0.017	668286	4	-0.07309999999999994
1528264096.66	4300	7.945657	0.0	2123065	21	0.75
1528264096.76	4300	11.839569	0.0	2177073	23	4.3
1528264096.87	4300	15.735642	0.0	2160877	23	4.3
1528264096.96	4300	19.642784	0.0	2233056	21	4.3
1528264097.05	4300	23.546877	0.0	1941625	9	4.3
1528264097.16	4300	27.457071	0.0	2157535	18	4.3
1528264097.26	4300	31.345223	0.0	2290172	20	4.3
1528264097.35	4300	35.256127	0.0	2055469	20	4.3
1528264097.44	4300	39.159941	0.0	2169201	20	4.3
1528264097.53	4300	43.068269	0.0	2173522	20	4.3
1528264097.64	4300	46.965903	0.0	2102452	24	4.3
1528264097.73	4300	50.869481	0.0	2209463	23	4.3
1528264097.83	4300	54.777568	0.0	2275376	23	4.3
1528264097.92	4300	58.687397	0.0	2005399	19	4.3
1528264101.02	4300	59.748775	0.0	2152483	21	4.3
1528264104.63	4300	59.999471	0.0	2289689	25	4.3
1528264108.74	4300	59.998923	0.0	2059512	21	4.3
1528264112.85	4300	59.998702	0.0	2220726	24	4.3
1528264116.96	4300	59.748145	0.0	2156729	24	4.3
1528264121.06	4300	59.749379	0.0	2039773	23	4.3
1528264124.67	4300	59.998195	0.0	2176469	23	4.3
1528264128.78	4300	59.998678	0.0	2221506	23	4.3
1528264132.89	4300	59.749054	0.0	2044075	21	4.3
1528264137.0	4300	59.748756	0.0	2186790	24	4.3
1528264141.1	4300	59.74829	0.0	2105231	22	4.3
1528264144.71	4300	59.999049	0.0	2395588	28	4.3
1528264148.81	4300	59.998465	0.0	1972048	20	4.3
1528264152.92	4300	59.749414	0.0	2134614	23	4.3
1528264157.03	4300	59.749084	0.0	2164140	26	4.3
1528264160.64	4300	59.998821	0.0	2113193	25	4.3
1528264164.81	4300	59.99895	0.0	2147852	25	4.3
1528264168.98	4300	59.749538	0.0	2191074	23	4.3
1528264173.09	4300	59.749142	0.0	2286761	25	4.3
1528264176.7	4300	59.998711	0.0	2307787	24	4.3
1528264180.83	4300	59.999359	0.0	2143948	20	4.3
1528264185.0	4300	59.749363	0.0	1919781	21	4.3
1528264189.1	4300	59.749593	0.0	2147467	24	4.3
1528264192.73	4300	59.998773	0.0	2133870	26	4.3
1528264196.84	4300	59.998914	0.0	2146120	25	4.3
1528264200.96	4300	59.748871	0.0	2108491	25	4.3
1528264205.07	4300	59.748791	0.0	2184571	23	4.3
1528264208.67	4300	59.999485	0.0	2121928	23	4.3
1528264212.78	4300	59.999003	0.0	2219102	22	4.3
1528264216.88	4300	59.74902	0.0	2124950	25	4.3
1528264221.01	4300	59.749451	0.0	2246506	26	4.3
1528264225.11	4300	59.749334	0.0	1961140	20	4.3
1528264228.74	4300	59.998751	0.0	2155012	24	4.3
1528264230.84	4300	59.678337	0.0	1433658	16	4.3

1528264231.06	750	4	0.018	668286	5	-0.07740000000000002
1528264231.16	4300	7.954636	0.0	2123065	12	0.75
1528264231.27	4300	11.850468	0.0	2177073	24	4.3
1528264231.35	4300	15.768873	0.0	2160877	13	4.3
1528264231.44	4300	19.679028	0.0	2233056	16	4.3
1528264231.53	4300	23.58825	0.0	1941625	17	4.3
1528264231.6	4300	27.51364	0.0	2157535	8	4.3
1528264231.7	4300	31.419544	0.0	2290172	19	4.3
1528264231.8	4300	35.31504	0.0	2055469	23	4.3
1528264231.88	4300	39.239366	0.0	2169201	11	4.3
1528264231.97	4300	43.146446	0.0	2173522	16	4.3
1528264232.07	4300	47.051138	0.0	2102452	21	4.3
1528264232.16	4300	50.961743	0.0	2209463	19	4.3
1528264232.23	4300	54.884541	0.0	2275376	12	4.3
1528264232.32	4300	58.792433	0.0	2005399	18	4.3
1528264235.43	4300	59.749103	0.0	2152483	22	4.3
1528264239.54	4300	59.749147	0.0	2289689	26	4.3
1528264243.14	4300	59.998081	0.0	2059512	23	4.3
1528264247.25	4300	59.999274	0.0	2220726	23	4.3
1528264251.36	4300	59.997882	0.0	2156729	24	4.3
1528264255.47	4300	59.74843	0.0	2039773	21	4.3
1528264259.58	4300	59.748514	0.0	2176469	22	4.3
1528264263.19	4300	59.99855	0.0	2221506	26	4.3
1528264267.29	4300	59.998744	0.0	2044075	17	4.3
1528264271.41	4300	59.749345	0.0	2186790	20	4.3
1528264275.52	4300	59.749563	0.0	2105231	15	4.3
1528264279.13	4300	59.999031	0.0	2395588	21	4.3
1528264283.24	4300	59.999429	0.0	1972048	23	4.3
1528264287.35	4300	59.998773	0.0	2134614	24	4.3
1528264291.47	4300	59.749191	0.0	2164140	25	4.3
1528264295.57	4300	59.749019	0.0	2113193	24	4.3
1528264299.21	4300	59.998778	0.0	2147852	24	4.3
1528264303.33	4300	59.999367	0.0	2191074	21	4.3
1528264307.43	4300	59.749497	0.0	2286761	24	4.3
1528264311.54	4300	59.749104	0.0	2307787	23	4.3
1528264315.15	4300	59.999355	0.0	2143948	23	4.3
1528264319.26	4300	59.998752	0.0	1919781	16	4.3
1528264323.36	4300	59.998468	0.0	2147467	23	4.3
1528264327.54	4300	59.747907	0.0	2133870	24	4.3
1528264331.14	4300	59.998158	0.0	2146120	21	4.3
