1527780989.38	750	4	0.013	450283	2	-0.05589999999999995
1527780989.48	4300	7.978333	0.0	2123065	6	0.75
1527780989.56	4300	11.896466	0.0	2177073	19	4.3
1527780989.65	4300	15.809725	0.0	2160877	19	4.3
1527780989.73	4300	19.729524	0.0	2233056	14	4.3
1527780989.79	4300	23.665242	0.0	1941625	7	4.3
1527780989.86	4300	27.598546	0.0	2157535	6	4.3
1527780989.92	4300	31.535144	0.0	2290172	8	4.3
1527780989.98	4300	35.472683	0.0	2055469	8	4.3
1527780990.08	4300	39.382641	0.0	2169201	20	4.3
1527780990.15	4300	43.305564	0.0	2173522	11	4.3
1527780990.22	4300	47.241167	0.0	2102452	8	4.3
1527780990.28	4300	51.174676	0.0	2209463	7	4.3
1527780990.35	4300	55.106487	0.0	2275376	8	4.3
1527780990.44	4300	59.015555	0.0	2005399	18	4.3
1527780993.53	4300	59.999111	0.0	2152483	8	4.3
1527780997.64	4300	59.998894	0.0	2289689	19	4.3
1527781001.75	4300	59.74911	0.0	2059512	24	4.3
1527781005.87	4300	59.749489	0.0	2220726	26	4.3
1527781009.98	4300	59.49956	0.0	2156729	25	4.3
1527781013.59	4300	59.99788	0.0	2039773	23	4.3
1527781017.7	4300	59.998026	0.0	2176469	21	4.3
1527781021.8	4300	59.748614	0.0	2221506	20	4.3
1527781025.91	4300	59.748565	0.0	2044075	22	4.3
1527781030.02	4300	59.499148	0.0	2186790	23	4.3
1527781034.13	4300	59.499804	0.0	2105231	24	4.3
1527781037.74	4300	59.749454	0.0	2395588	28	4.3
1527781041.85	4300	59.748398	0.0	1972048	17	4.3
1527781045.96	4300	59.748695	0.0	2134614	23	4.3
1527781049.57	4300	59.899454	0.0	2164140	23	4.3
1527781054.17	4300	59.499013	0.0	2113193	19	4.3
1527781057.78	4300	59.748043	0.0	2147852	26	4.3
1527781061.89	4300	59.748276	0.0	2191074	22	4.3
1527781065.99	4300	59.499549	0.0	2286761	21	4.3
1527781069.61	4300	59.99802	0.0	2307787	25	4.3
1527781073.73	4300	59.748208	0.0	2143948	24	4.3
1527781077.83	4300	59.748428	0.0	1919781	20	4.3
1527781081.95	4300	59.748819	0.0	2147467	26	4.3
1527781086.06	4300	59.499242	0.0	2133870	25	4.3
1527781089.7	4300	59.998501	0.0	2146120	20	4.3
1527781093.81	4300	59.749088	0.0	2108491	19	4.3
1527781097.92	4300	59.748007	0.0	2184571	23	4.3
1527781102.02	4300	59.499797	0.0	2121928	22	4.3
1527781106.13	4300	59.49942	0.0	2219102	26	4.3
1527781109.74	4300	59.748341	0.0	2124950	25	4.3
1527781113.85	4300	59.749417	0.0	2246506	25	4.3
1527781117.95	4300	59.748524	0.0	1961140	22	4.3
1527781121.55	4300	59.999157	0.0	2155012	10	4.3
1527781123.65	4300	59.678175	0.0	1433658	16	4.3

1527781123.94	750	4	0.018	668286	3	-0.07740000000000002
1527781124.04	4300	7.956878	0.0	2123065	14	0.75
1527781124.11	4300	11.888982	0.0	2177073	7	4.3
1527781124.18	4300	15.819039	0.0	2160877	8	4.3
1527781124.25	4300	19.751299	0.0	2233056	10	4.3
1527781124.32	4300	23.683279	0.0	1941625	9	4.3
1527781124.39	4300	27.608767	0.0	2157535	7	4.3
1527781124.46	4300	31.537155	0.0	2290172	8	4.3
1527781124.53	4300	35.469104	0.0	2055469	8	4.3
1527781124.6	4300	39.399068	0.0	2169201	10	4.3
1527781124.67	4300	43.330812	0.0	2173522	8	4.3
1527781124.73	4300	47.26313	0.0	2102452	9	4.3
1527781124.8	4300	51.195669	0.0	2209463	9	4.3
1527781124.87	4300	55.126254	0.0	2275376	10	4.3
1527781124.94	4300	59.060653	0.0	2005399	9	4.3
1527781128.01	4300	59.998418	0.0	2152483	8	4.3
1527781132.11	4300	59.998675	0.0	2289689	16	4.3
1527781136.22	4300	59.998749	0.0	2059512	24	4.3
1527781140.33	4300	59.748278	0.0	2220726	26	4.3
1527781144.44	4300	59.747842	0.0	2156729	24	4.3
1527781148.55	4300	59.498166	0.0	2039773	23	4.3
1527781152.16	4300	59.998476	0.0	2176469	25	4.3
1527781156.27	4300	59.749389	0.0	2221506	24	4.3
1527781160.37	4300	59.74967	0.0	2044075	22	4.3
1527781164.48	4300	59.747776	0.0	2186790	24	4.3
1527781168.59	4300	59.499474	0.0	2105231	24	4.3
1527781172.2	4300	59.998854	0.0	2395588	26	4.3
1527781176.31	4300	59.749002	0.0	1972048	19	4.3
1527781180.42	4300	59.748738	0.0	2134614	23	4.3
1527781184.02	4300	59.998008	0.0	2164140	26	4.3
1527781188.13	4300	59.998951	0.0	2113193	23	4.3
1527781192.74	4300	59.499246	0.0	2147852	26	4.3
1527781196.35	4300	59.749362	0.0	2191074	23	4.3
1527781200.45	4300	59.749211	0.0	2286761	23	4.3
1527781204.07	4300	59.998825	0.0	2307787	26	4.3
1527781208.17	4300	59.998877	0.0	2143948	21	4.3
1527781212.37	4300	59.730881	0.0	1919781	20	4.3
1527781216.46	4300	59.749623	0.0	2147467	11	4.3
1527781220.07	4300	59.997681	0.0	2133870	18	4.3
1527781224.18	4300	59.998159	0.0	2146120	25	4.3
1527781228.29	4300	59.747803	0.0	2108491	26	4.3
1527781232.4	4300	59.749317	0.0	2184571	25	4.3
1527781236.06	4300	59.999341	0.0	2121928	25	4.3
1527781240.18	4300	59.998171	0.0	2219102	23	4.3
1527781244.29	4300	59.748306	0.0	2124950	23	4.3
1527781248.4	4300	59.749161	0.0	2246506	25	4.3
1527781252.0	4300	59.998809	0.0	1961140	22	4.3
1527781256.11	4300	59.9988	0.0	2155012	22	4.3
1527781258.21	4300	59.679545	0.0	1433658	16	4.3

1527781258.43	750	4	0.015	668286	2	-0.0645
1527781258.5	4300	7.979443	0.0	2123065	6	0.75
1527781258.59	4300	11.891706	0.0	2177073	19	4.3
1527781258.67	4300	15.805957	0.0	2160877	18	4.3
1527781258.76	4300	19.71989	0.0	2233056	16	4.3
1527781258.83	4300	23.649469	0.0	1941625	10	4.3
1527781258.91	4300	27.564848	0.0	2157535	12	4.3
1527781259.0	4300	31.483933	0.0	2290172	12	4.3
1527781259.07	4300	35.406755	0.0	2055469	10	4.3
1527781259.13	4300	39.341008	0.0	2169201	7	4.3
1527781259.2	4300	43.279208	0.0	2173522	6	4.3
1527781259.26	4300	47.213893	0.0	2102452	7	4.3
1527781259.33	4300	51.146526	0.0	2209463	7	4.3
1527781259.4	4300	55.077721	0.0	2275376	8	4.3
1527781259.47	4300	59.009992	0.0	2005399	7	4.3
1527781262.55	4300	59.999338	0.0	2152483	7	4.3
1527781266.65	4300	59.999497	0.0	2289689	18	4.3
1527781270.76	4300	59.749655	0.0	2059512	20	4.3
1527781274.86	4300	59.748921	0.0	2220726	18	4.3
1527781278.96	4300	59.748057	0.0	2156729	21	4.3
1527781282.57	4300	59.999151	0.0	2039773	22	4.3
1527781286.68	4300	59.999206	0.0	2176469	24	4.3
1527781290.8	4300	59.748465	0.0	2221506	23	4.3
1527781294.9	4300	59.748415	0.0	2044075	18	4.3
1527781298.51	4300	59.999106	0.0	2186790	23	4.3
1527781302.61	4300	59.998889	0.0	2105231	21	4.3
1527781306.72	4300	59.999293	0.0	2395588	24	4.3
1527781310.81	4300	59.749381	0.0	1972048	12	4.3
1527781314.91	4300	59.749098	0.0	2134614	20	4.3
1527781318.52	4300	59.998904	0.0	2164140	24	4.3
1527781322.62	4300	59.998712	0.0	2113193	19	4.3
