1528146626.49	750	4	0.026	2354772	10	-0.11180000000000001
1528146626.61	4300	7.965071	0.0	2123065	19	0.75
1528146626.71	4300	11.863009	0.0	2177073	25	4.3
1528146626.8	4300	15.782048	0.0	2160877	14	4.3
1528146626.89	4300	19.684281	0.0	2233056	15	4.3
1528146626.99	4300	23.589788	0.0	1941625	24	4.3
1528146627.08	4300	27.491276	0.0	2157535	21	4.3
1528146627.18	4300	31.395507	0.0	2290172	18	4.3
1528146627.26	4300	35.312882	0.0	2055469	15	4.3
1528146627.35	4300	39.223567	0.0	2169201	24	4.3
1528146627.45	4300	43.128261	0.0	2173522	18	4.3
1528146627.54	4300	47.040233	0.0	2102452	20	4.3
1528146627.62	4300	50.958219	0.0	2209463	16	4.3
1528146627.7	4300	54.876578	0.0	2275376	11	4.3
1528146627.78	4300	58.795101	0.0	2005399	14	4.3
1528146630.88	4300	59.74891	0.0	2152483	17	4.3
1528146634.99	4300	59.749109	0.0	2289689	25	4.3
1528146638.6	4300	59.997884	0.0	2059512	22	4.3
1528146642.7	4300	59.998784	0.0	2220726	24	4.3
1528146647.32	4300	59.497698	0.0	2156729	23	4.3
1528146650.93	4300	59.749339	0.0	2039773	21	4.3
1528146655.04	4300	59.749535	0.0	2176469	23	4.3
1528146658.65	4300	59.999213	0.0	2221506	23	4.3
1528146662.75	4300	59.999489	0.0	2044075	18	4.3
1528146666.85	4300	59.748681	0.0	2186790	23	4.3
1528146670.96	4300	59.749562	0.0	2105231	24	4.3
1528146675.07	4300	59.749612	0.0	2395588	27	4.3
1528146678.69	4300	59.999305	0.0	1972048	22	4.3
1528146682.81	4300	59.998918	0.0	2134614	24	4.3
1528146686.92	4300	59.748815	0.0	2164140	25	4.3
1528146691.03	4300	59.747732	0.0	2113193	23	4.3
1528146695.15	4300	59.498813	0.0	2147852	24	4.3
1528146698.75	4300	59.998108	0.0	2191074	25	4.3
1528146702.86	4300	59.748451	0.0	2286761	22	4.3
1528146706.96	4300	59.748309	0.0	2307787	26	4.3
1528146711.07	4300	59.748095	0.0	2143948	24	4.3
1528146714.69	4300	59.99855	0.0	1919781	21	4.3
1528146718.8	4300	59.997728	0.0	2147467	24	4.3
1528146722.92	4300	59.749572	0.0	2133870	23	4.3
1528146727.03	4300	59.749664	0.0	2146120	24	4.3
1528146730.64	4300	59.998978	0.0	2108491	23	4.3
1528146734.75	4300	59.997757	0.0	2184571	24	4.3
1528146738.85	4300	59.749574	0.0	2121928	24	4.3
1528146742.96	4300	59.749209	0.0	2219102	25	4.3
1528146747.08	4300	59.728586	0.0	2124950	23	4.3
1528146751.18	4300	59.498572	0.0	2246506	24	4.3
1528146754.79	4300	59.997917	0.0	1961140	24	4.3
1528146758.9	4300	59.749453	0.0	2155012	21	4.3
1528146760.49	4300	59.928664	0.0	1433658	18	4.3

1528146760.68	750	4	0.012	668286	2	-0.05159999999999998
1528146760.79	4300	7.957488	0.0	2123065	15	0.75
1528146760.88	4300	11.862429	0.0	2177073	23	4.3
1528146760.98	4300	15.762243	0.0	2160877	22	4.3
1528146761.08	4300	19.666119	0.0	2233056	21	4.3
1528146761.17	4300	23.572378	0.0	1941625	18	4.3
1528146761.25	4300	27.492965	0.0	2157535	6	4.3
1528146761.34	4300	31.401191	0.0	2290172	18	4.3
1528146761.43	4300	35.309787	0.0	2055469	17	4.3
1528146761.53	4300	39.208438	0.0	2169201	25	4.3
1528146761.63	4300	43.11414	0.0	2173522	26	4.3
1528146761.72	4300	47.022971	0.0	2102452	24	4.3
1528146761.81	4300	50.932217	0.0	2209463	24	4.3
1528146761.91	4300	54.837867	0.0	2275376	23	4.3
1528146762.0	4300	58.744568	0.0	2005399	19	4.3
1528146765.09	4300	59.74999	0.0	2152483	14	4.3
1528146769.19	4300	59.749869	0.0	2289689	21	4.3
1528146773.29	4300	59.498814	0.0	2059512	22	4.3
1528146776.9	4300	59.999323	0.0	2220726	25	4.3
1528146781.01	4300	59.749232	0.0	2156729	23	4.3
1528146785.12	4300	59.749311	0.0	2039773	22	4.3
1528146789.23	4300	59.750066	0.0	2176469	23	4.3
1528146793.34	4300	59.499278	0.0	2221506	23	4.3
1528146797.44	4300	59.499977	0.0	2044075	24	4.3
1528146801.05	4300	59.749418	0.0	2186790	24	4.3
1528146805.15	4300	59.750209	0.0	2105231	23	4.3
1528146809.27	4300	59.499922	0.0	2395588	26	4.3
1528146812.85	4300	59.999342	0.0	1972048	10	4.3
1528146817.45	4300	59.499537	0.0	2134614	21	4.3
1528146821.06	4300	59.74931	0.0	2164140	25	4.3
1528146825.16	4300	59.749524	0.0	2113193	24	4.3
1528146829.27	4300	59.499822	0.0	2147852	23	4.3
1528146833.38	4300	59.49938	0.0	2191074	24	4.3
1528146837.0	4300	59.749635	0.0	2286761	26	4.3
1528146841.1	4300	59.748305	0.0	2307787	21	4.3
1528146845.21	4300	59.749904	0.0	2143948	23	4.3
1528146848.81	4300	59.999275	0.0	1919781	21	4.3
1528146853.42	4300	59.499883	0.0	2147467	22	4.3
1528146857.03	4300	59.750197	0.0	2133870	26	4.3
1528146861.17	4300	59.74922	0.0	2146120	24	4.3
1528146864.78	4300	59.999167	0.0	2108491	23	4.3
1528146869.39	4300	59.499349	0.0	2184571	20	4.3
1528146873.0	4300	59.749597	0.0	2121928	22	4.3
1528146877.14	4300	59.749891	0.0	2219102	19	4.3
1528146881.24	4300	59.674262	0.0	2124950	20	4.3
1528146885.35	4300	59.50019	0.0	2246506	26	4.3
1528146888.95	4300	59.999327	0.0	1961140	22	4.3
1528146893.06	4300	59.749586	0.0	2155012	22	4.3
1528146894.65	4300	59.928975	0.0	1433658	18	4.3

1528146894.84	750	4	0.012	668286	3	-0.05159999999999998
1528146894.94	4300	7.961765	0.0	2123065	12	0.75
1528146895.04	4300	11.864329	0.0	2177073	24	4.3
1528146895.14	4300	15.767177	0.0	2160877	19	4.3
1528146895.23	4300	19.675604	0.0	2233056	19	4.3
1528146895.32	4300	23.587306	0.0	1941625	19	4.3
1528146895.39	4300	27.512214	0.0	2157535	13	4.3
1528146895.5	4300	31.411989	0.0	2290172	28	4.3
1528146895.59	4300	35.312864	0.0	2055469	23	4.3
1528146895.66	4300	39.244848	0.0	2169201	7	4.3
1528146895.75	4300	43.157224	0.0	2173522	17	4.3
1528146895.85	4300	47.05734	0.0	2102452	22	4.3
1528146895.95	4300	50.958182	0.0	2209463	23	4.3
1528146896.05	4300	54.852706	0.0	2275376	24	4.3
1528146896.15	4300	58.755657	0.0	2005399	23	4.3
1528146899.23	4300	59.749716	0.0	2152483	13	4.3
1528146903.35	4300	59.749914	0.0	2289689	23	4.3
1528146906.95	4300	59.999181	0.0	2059512	22	4.3
1528146911.57	4300	59.500131	0.0	2220726	25	4.3
1528146915.18	4300	59.749963	0.0	2156729	23	4.3
1528146919.28	4300	59.74965	0.0	2039773	20	4.3
1528146923.39	4300	59.748954	0.0	2176469	23	4.3
1528146927.5	4300	59.499992	0.0	2221506	25	4.3
1528146931.6	4300	59.500307	0.0	2044075	24	4.3
1528146935.21	4300	59.750362	0.0	2186790	24	4.3
1528146939.32	4300	59.749886	0.0	2105231	23	4.3
