1527709996.01	750	4	0.023	2354772	6	-0.09889999999999999
1527709996.14	4300	7.958515	0.0	2123065	24	0.75
1527709996.23	4300	11.875865	0.0	2177073	14	4.3
1527709996.29	4300	15.809327	0.0	2160877	8	4.3
1527709996.36	4300	19.737098	0.0	2233056	9	4.3
1527709996.43	4300	23.671103	0.0	1941625	8	4.3
1527709996.5	4300	27.602108	0.0	2157535	8	4.3
1527709996.57	4300	31.53339	0.0	2290172	8	4.3
1527709996.63	4300	35.467248	0.0	2055469	8	4.3
1527709996.7	4300	39.397923	0.0	2169201	9	4.3
1527709996.77	4300	43.331677	0.0	2173522	9	4.3
1527709996.84	4300	47.264677	0.0	2102452	8	4.3
1527709996.91	4300	51.19644	0.0	2209463	8	4.3
1527709996.99	4300	55.116581	0.0	2275376	8	4.3
1527709997.05	4300	59.052733	0.0	2005399	7	4.3
1527710000.13	4300	59.998732	0.0	2152483	8	4.3
1527710004.24	4300	59.999306	0.0	2289689	26	4.3
1527710008.35	4300	59.999296	0.0	2059512	21	4.3
1527710012.46	4300	59.749389	0.0	2220726	25	4.3
1527710016.57	4300	59.748788	0.0	2156729	24	4.3
1527710020.18	4300	59.999009	0.0	2039773	22	4.3
1527710024.78	4300	59.498307	0.0	2176469	23	4.3
1527710028.4	4300	59.748887	0.0	2221506	26	4.3
1527710032.52	4300	59.749551	0.0	2044075	24	4.3
1527710036.14	4300	59.997839	0.0	2186790	26	4.3
1527710040.24	4300	59.999004	0.0	2105231	19	4.3
1527710044.35	4300	59.998974	0.0	2395588	26	4.3
1527710048.44	4300	59.748651	0.0	1972048	10	4.3
1527710052.54	4300	59.748205	0.0	2134614	22	4.3
1527710056.2	4300	59.999245	0.0	2164140	22	4.3
1527710060.31	4300	59.999433	0.0	2113193	23	4.3
1527710064.42	4300	59.74788	0.0	2147852	25	4.3
1527710068.53	4300	59.747712	0.0	2191074	24	4.3
1527710072.14	4300	59.999411	0.0	2286761	25	4.3
1527710076.24	4300	59.998796	0.0	2307787	23	4.3
1527710080.35	4300	59.998777	0.0	2143948	23	4.3
1527710084.46	4300	59.749252	0.0	1919781	21	4.3
1527710088.54	4300	59.749625	0.0	2147467	10	4.3
1527710092.15	4300	59.999467	0.0	2133870	23	4.3
1527710096.75	4300	59.499691	0.0	2146120	22	4.3
1527710100.37	4300	59.74891	0.0	2108491	24	4.3
1527710104.47	4300	59.749194	0.0	2184571	23	4.3
1527710108.58	4300	59.749046	0.0	2121928	25	4.3
1527710112.19	4300	59.998746	0.0	2219102	25	4.3
1527710116.8	4300	59.374804	0.0	2124950	22	4.3
1527710120.41	4300	59.749406	0.0	2246506	25	4.3
1527710124.51	4300	59.748458	0.0	1961140	20	4.3
1527710128.12	4300	59.99894	0.0	2155012	24	4.3
1527710130.22	4300	59.679152	0.0	1433658	15	4.3

1527710130.51	750	4	0.014	668286	3	-0.06020000000000003
1527710130.61	4300	7.957744	0.0	2123065	17	0.75
1527710130.68	4300	11.88476	0.0	2177073	9	4.3
1527710130.75	4300	15.816661	0.0	2160877	8	4.3
1527710130.82	4300	19.746172	0.0	2233056	9	4.3
1527710130.89	4300	23.68129	0.0	1941625	8	4.3
1527710130.96	4300	27.606246	0.0	2157535	10	4.3
1527710131.03	4300	31.542466	0.0	2290172	7	4.3
1527710131.09	4300	35.475487	0.0	2055469	7	4.3
1527710131.16	4300	39.409117	0.0	2169201	8	4.3
1527710131.23	4300	43.341351	0.0	2173522	8	4.3
1527710131.29	4300	47.279592	0.0	2102452	6	4.3
1527710131.35	4300	51.21595	0.0	2209463	6	4.3
1527710131.41	4300	55.154219	0.0	2275376	8	4.3
1527710131.48	4300	59.090894	0.0	2005399	7	4.3
1527710135.05	4300	59.748994	0.0	2152483	8	4.3
1527710138.66	4300	59.997487	0.0	2289689	20	4.3
1527710142.76	4300	59.999192	0.0	2059512	19	4.3
1527710146.87	4300	59.748834	0.0	2220726	21	4.3
1527710150.97	4300	59.747669	0.0	2156729	23	4.3
1527710154.59	4300	59.999013	0.0	2039773	22	4.3
1527710158.7	4300	59.998758	0.0	2176469	21	4.3
1527710162.8	4300	59.998841	0.0	2221506	20	4.3
1527710166.91	4300	59.749379	0.0	2044075	20	4.3
1527710171.02	4300	59.748066	0.0	2186790	24	4.3
1527710175.12	4300	59.498541	0.0	2105231	22	4.3
1527710178.73	4300	59.999423	0.0	2395588	29	4.3
1527710182.84	4300	59.747367	0.0	1972048	19	4.3
1527710186.95	4300	59.748789	0.0	2134614	23	4.3
1527710191.05	4300	59.747772	0.0	2164140	24	4.3
1527710194.66	4300	59.999381	0.0	2113193	24	4.3
1527710198.77	4300	59.997799	0.0	2147852	22	4.3
1527710202.88	4300	59.749212	0.0	2191074	20	4.3
1527710206.98	4300	59.748811	0.0	2286761	26	4.3
1527710211.1	4300	59.498737	0.0	2307787	25	4.3
1527710214.68	4300	59.999431	0.0	2143948	15	4.3
1527710218.76	4300	59.998547	0.0	1919781	6	4.3
1527710222.86	4300	59.749246	0.0	2147467	18	4.3
1527710227.02	4300	59.74874	0.0	2133870	21	4.3
1527710230.61	4300	59.999444	0.0	2146120	17	4.3
1527710235.23	4300	59.498872	0.0	2108491	24	4.3
1527710238.83	4300	59.749527	0.0	2184571	20	4.3
1527710242.93	4300	59.749015	0.0	2121928	19	4.3
1527710247.04	4300	59.747576	0.0	2219102	24	4.3
1527710250.67	4300	59.9991	0.0	2124950	23	4.3
1527710254.8	4300	59.999395	0.0	2246506	24	4.3
1527710258.91	4300	59.749481	0.0	1961140	23	4.3
1527710263.01	4300	59.749398	0.0	2155012	14	4.3
1527710264.6	4300	59.67935	0.0	1433658	17	4.3

1527710264.83	750	4	0.017	668286	2	-0.07309999999999994
1527710264.9	4300	7.980365	0.0	2123065	7	0.75
1527710265.01	4300	11.876833	0.0	2177073	24	4.3
1527710265.08	4300	15.804127	0.0	2160877	11	4.3
1527710265.16	4300	19.726145	0.0	2233056	10	4.3
1527710265.22	4300	23.663697	0.0	1941625	8	4.3
1527710265.28	4300	27.597992	0.0	2157535	7	4.3
1527710265.35	4300	31.529672	0.0	2290172	6	4.3
1527710265.42	4300	35.464734	0.0	2055469	7	4.3
1527710265.49	4300	39.398278	0.0	2169201	7	4.3
1527710265.55	4300	43.332176	0.0	2173522	6	4.3
1527710265.62	4300	47.26236	0.0	2102452	10	4.3
1527710265.7	4300	51.185154	0.0	2209463	14	4.3
1527710265.77	4300	55.116497	0.0	2275376	9	4.3
1527710265.83	4300	59.048118	0.0	2005399	7	4.3
1527710268.92	4300	59.999435	0.0	2152483	9	4.3
1527710273.04	4300	59.998946	0.0	2289689	21	4.3
1527710277.15	4300	59.749028	0.0	2059512	22	4.3
1527710281.26	4300	59.749151	0.0	2220726	25	4.3
1527710285.37	4300	59.749043	0.0	2156729	23	4.3
1527710288.99	4300	59.999068	0.0	2039773	22	4.3
1527710293.09	4300	59.999342	0.0	2176469	19	4.3
1527710297.2	4300	59.747829	0.0	2221506	22	4.3
1527710301.31	4300	59.749385	0.0	2044075	18	4.3
1527710304.92	4300	59.998401	0.0	2186790	24	4.3
1527710309.08	4300	59.999206	0.0	2105231	16	4.3
