1527699846.54	750	4	0.014	450283	4	-0.06020000000000003
1527699846.67	4300	7.954138	0.0	2123065	14	0.75
1527699846.77	4300	11.855631	0.0	2177073	23	4.3
1527699846.85	4300	15.776987	0.0	2160877	12	4.3
1527699846.93	4300	19.695793	0.0	2233056	13	4.3
1527699847.0	4300	23.619873	0.0	1941625	12	4.3
1527699847.07	4300	27.555939	0.0	2157535	8	4.3
1527699847.15	4300	31.472208	0.0	2290172	12	4.3
1527699847.22	4300	35.407049	0.0	2055469	8	4.3
1527699847.28	4300	39.341194	0.0	2169201	8	4.3
1527699847.35	4300	43.276173	0.0	2173522	7	4.3
1527699847.43	4300	47.193221	0.0	2102452	17	4.3
1527699847.5	4300	51.119438	0.0	2209463	12	4.3
1527699847.58	4300	55.044206	0.0	2275376	13	4.3
1527699847.67	4300	58.953736	0.0	2005399	23	4.3
1527699850.77	4300	59.999043	0.0	2152483	11	4.3
1527699854.89	4300	59.749513	0.0	2289689	28	4.3
1527699859.0	4300	59.74946	0.0	2059512	23	4.3
1527699863.1	4300	59.74882	0.0	2220726	16	4.3
1527699866.71	4300	59.998885	0.0	2156729	19	4.3
1527699870.82	4300	59.999251	0.0	2039773	24	4.3
1527699874.93	4300	59.748536	0.0	2176469	23	4.3
1527699879.04	4300	59.749665	0.0	2221506	25	4.3
1527699882.65	4300	59.998107	0.0	2044075	24	4.3
1527699886.76	4300	59.998669	0.0	2186790	22	4.3
1527699890.87	4300	59.999154	0.0	2105231	23	4.3
1527699894.97	4300	59.749225	0.0	2395588	27	4.3
1527699899.06	4300	59.748912	0.0	1972048	11	4.3
1527699902.67	4300	59.998095	0.0	2134614	24	4.3
1527699906.77	4300	59.957303	0.0	2164140	20	4.3
1527699910.88	4300	59.998952	0.0	2113193	23	4.3
1527699914.99	4300	59.749082	0.0	2147852	22	4.3
1527699919.1	4300	59.749639	0.0	2191074	25	4.3
1527699922.71	4300	59.998576	0.0	2286761	25	4.3
1527699926.82	4300	59.998838	0.0	2307787	22	4.3
1527699930.92	4300	59.749123	0.0	2143948	18	4.3
1527699935.03	4300	59.748625	0.0	1919781	22	4.3
1527699939.12	4300	59.748993	0.0	2147467	11	4.3
1527699943.24	4300	59.499549	0.0	2133870	23	4.3
1527699947.35	4300	59.499621	0.0	2146120	25	4.3
1527699950.96	4300	59.748961	0.0	2108491	23	4.3
1527699955.07	4300	59.74775	0.0	2184571	23	4.3
1527699958.71	4300	59.997543	0.0	2121928	22	4.3
1527699962.82	4300	59.998777	0.0	2219102	19	4.3
1527699966.93	4300	59.716754	0.0	2124950	20	4.3
1527699971.03	4300	59.749527	0.0	2246506	20	4.3
1527699974.63	4300	59.998723	0.0	1961140	21	4.3
1527699978.74	4300	59.999286	0.0	2155012	22	4.3
1527699980.84	4300	59.679368	0.0	1433658	17	4.3

1527699981.06	750	4	0.014	668286	3	-0.06020000000000003
1527699981.13	4300	7.98102	0.0	2123065	6	0.75
1527699981.23	4300	11.882273	0.0	2177073	25	4.3
1527699981.31	4300	15.80323	0.0	2160877	16	4.3
1527699981.38	4300	19.734099	0.0	2233056	11	4.3
1527699981.44	4300	23.669478	0.0	1941625	6	4.3
1527699981.51	4300	27.603403	0.0	2157535	7	4.3
1527699981.58	4300	31.532312	0.0	2290172	7	4.3
1527699981.64	4300	35.467618	0.0	2055469	7	4.3
1527699981.71	4300	39.400998	0.0	2169201	7	4.3
1527699981.78	4300	43.334525	0.0	2173522	7	4.3
1527699981.84	4300	47.272955	0.0	2102452	7	4.3
1527699981.9	4300	51.208996	0.0	2209463	7	4.3
1527699981.98	4300	55.136932	0.0	2275376	12	4.3
1527699982.04	4300	59.073285	0.0	2005399	6	4.3
1527699985.61	4300	59.499525	0.0	2152483	6	4.3
1527699989.22	4300	59.999041	0.0	2289689	23	4.3
1527699993.32	4300	59.998322	0.0	2059512	20	4.3
1527699997.43	4300	59.74959	0.0	2220726	23	4.3
1527700001.54	4300	59.748853	0.0	2156729	24	4.3
1527700005.14	4300	59.998991	0.0	2039773	22	4.3
1527700009.75	4300	59.498906	0.0	2176469	23	4.3
1527700013.35	4300	59.998858	0.0	2221506	18	4.3
1527700017.47	4300	59.749627	0.0	2044075	19	4.3
1527700021.58	4300	59.747723	0.0	2186790	24	4.3
1527700025.16	4300	59.99765	0.0	2105231	6	4.3
1527700029.27	4300	59.998664	0.0	2395588	22	4.3
1527700033.37	4300	59.749026	0.0	1972048	20	4.3
1527700037.48	4300	59.749517	0.0	2134614	22	4.3
1527700041.58	4300	59.749462	0.0	2164140	25	4.3
1527700045.19	4300	59.999056	0.0	2113193	22	4.3
1527700049.31	4300	59.998295	0.0	2147852	24	4.3
1527700053.42	4300	59.748725	0.0	2191074	22	4.3
1527700057.52	4300	59.748967	0.0	2286761	20	4.3
1527700061.13	4300	59.998692	0.0	2307787	25	4.3
1527700065.23	4300	59.999479	0.0	2143948	23	4.3
1527700069.34	4300	59.998073	0.0	1919781	21	4.3
1527700073.43	4300	59.748867	0.0	2147467	11	4.3
1527700077.53	4300	59.748359	0.0	2133870	23	4.3
1527700081.14	4300	59.998407	0.0	2146120	23	4.3
1527700085.25	4300	59.998953	0.0	2108491	22	4.3
1527700089.35	4300	59.99796	0.0	2184571	22	4.3
1527700093.46	4300	59.749165	0.0	2121928	24	4.3
1527700097.57	4300	59.749003	0.0	2219102	24	4.3
1527700101.68	4300	59.499421	0.0	2124950	23	4.3
1527700105.29	4300	59.999027	0.0	2246506	27	4.3
1527700109.39	4300	59.747923	0.0	1961140	20	4.3
1527700113.5	4300	59.749307	0.0	2155012	25	4.3
1527700115.1	4300	59.928228	0.0	1433658	17	4.3

1527700115.33	750	4	0.016	668286	5	-0.06879999999999997
1527700115.4	4300	7.978029	0.0	2123065	7	0.75
1527700115.5	4300	11.882827	0.0	2177073	22	4.3
1527700115.58	4300	15.800069	0.0	2160877	15	4.3
1527700115.66	4300	19.715359	0.0	2233056	16	4.3
1527700115.73	4300	23.64461	0.0	1941625	6	4.3
1527700115.81	4300	27.569224	0.0	2157535	8	4.3
1527700115.87	4300	31.503693	0.0	2290172	7	4.3
1527700115.94	4300	35.439409	0.0	2055469	7	4.3
1527700116.01	4300	39.36969	0.0	2169201	8	4.3
1527700116.08	4300	43.304137	0.0	2173522	6	4.3
1527700116.14	4300	47.237316	0.0	2102452	7	4.3
1527700116.21	4300	51.171621	0.0	2209463	7	4.3
1527700116.27	4300	55.104715	0.0	2275376	6	4.3
1527700116.34	4300	59.042032	0.0	2005399	5	4.3
1527700119.94	4300	59.49867	0.0	2152483	20	4.3
1527700123.55	4300	59.99907	0.0	2289689	17	4.3
1527700127.72	4300	59.74812	0.0	2059512	24	4.3
1527700131.83	4300	59.749198	0.0	2220726	26	4.3
1527700135.51	4300	59.997583	0.0	2156729	24	4.3
1527700139.61	4300	59.999401	0.0	2039773	16	4.3
1527700143.71	4300	59.748759	0.0	2176469	22	4.3
1527700147.82	4300	59.747957	0.0	2221506	24	4.3
1527700151.43	4300	59.998322	0.0	2044075	22	4.3
1527700155.54	4300	59.999263	0.0	2186790	22	4.3
1527700159.64	4300	59.748208	0.0	2105231	23	4.3
1527700163.75	4300	59.749031	0.0	2395588	27	4.3
