1527666956.71	750	4	0.024	2354772	8	-0.10319999999999996
1527666956.85	4300	7.966047	0.0	2123065	16	0.75
1527666956.99	4300	11.824565	0.0	2177073	25	4.3
1527666957.14	4300	15.677724	0.0	2160877	22	4.3
1527666957.29	4300	19.528699	0.0	2233056	28	4.3
1527666957.43	4300	23.386037	0.0	1941625	23	4.3
1527666957.57	4300	27.2468	0.0	2157535	20	4.3
1527666957.72	4300	31.102804	0.0	2290172	25	4.3
1527666957.86	4300	34.958022	0.0	2055469	24	4.3
1527666958.01	4300	38.807969	0.0	2169201	25	4.3
1527666958.17	4300	42.646007	0.0	2173522	20	4.3
1527666958.32	4300	46.504331	0.0	2102452	23	4.3
1527666958.46	4300	50.359026	0.0	2209463	24	4.3
1527666958.63	4300	54.193005	0.0	2275376	26	4.3
1527666958.77	4300	58.053411	0.0	2005399	19	4.3
1527666961.45	4300	59.499117	0.0	2152483	21	4.3
1527666965.11	4300	59.749135	0.0	2289689	22	4.3
1527666969.26	4300	59.74935	0.0	2059512	20	4.3
1527666972.92	4300	59.998387	0.0	2220726	25	4.3
1527666977.08	4300	59.748037	0.0	2156729	27	4.3
1527666981.25	4300	59.748903	0.0	2039773	26	4.3
1527666984.9	4300	59.999093	0.0	2176469	21	4.3
1527666989.06	4300	59.999278	0.0	2221506	22	4.3
1527666993.22	4300	59.749429	0.0	2044075	24	4.3
1527666996.88	4300	59.99918	0.0	2186790	19	4.3
1527667001.03	4300	59.998839	0.0	2105231	21	4.3
1527667005.19	4300	59.748531	0.0	2395588	29	4.3
1527667008.84	4300	59.998649	0.0	1972048	19	4.3
1527667013.0	4300	59.997816	0.0	2134614	23	4.3
1527667017.15	4300	59.749368	0.0	2164140	19	4.3
1527667021.3	4300	59.748963	0.0	2113193	25	4.3
1527667024.95	4300	59.999478	0.0	2147852	19	4.3
1527667029.11	4300	59.749331	0.0	2191074	24	4.3
1527667033.26	4300	59.749504	0.0	2286761	20	4.3
1527667036.92	4300	59.99924	0.0	2307787	19	4.3
1527667041.08	4300	59.747709	0.0	2143948	23	4.3
1527667045.25	4300	59.748951	0.0	1919781	23	4.3
1527667048.94	4300	59.99923	0.0	2147467	24	4.3
1527667053.15	4300	59.748596	0.0	2133870	46	4.3
1527667057.31	4300	59.749648	0.0	2146120	21	4.3
1527667060.95	4300	59.998802	0.0	2108491	17	4.3
1527667065.11	4300	59.748934	0.0	2184571	26	4.3
1527667069.27	4300	59.749592	0.0	2121928	25	4.3
1527667072.92	4300	59.99903	0.0	2219102	21	4.3
1527667077.08	4300	59.748689	0.0	2124950	23	4.3
1527667081.22	4300	59.748114	0.0	2246506	23	4.3
1527667085.36	4300	59.499073	0.0	1961140	21	4.3
1527667089.49	4300	59.498875	0.0	2155012	25	4.3
1527667090.6	4300	59.928064	0.0	1433658	18	4.3

1527667090.83	750	4	0.017	668286	2	-0.07309999999999994
1527667090.98	4300	7.951576	0.0	2123065	20	0.75
1527667091.13	4300	11.800456	0.0	2177073	23	4.3
1527667091.29	4300	15.642038	0.0	2160877	27	4.3
1527667091.43	4300	19.502663	0.0	2233056	25	4.3
1527667091.56	4300	23.370863	0.0	1941625	16	4.3
1527667091.7	4300	27.227592	0.0	2157535	24	4.3
1527667091.84	4300	31.08473	0.0	2290172	28	4.3
1527667092.0	4300	34.929539	0.0	2055469	17	4.3
1527667092.19	4300	38.741189	0.0	2169201	21	4.3
1527667092.37	4300	42.559958	0.0	2173522	21	4.3
1527667092.56	4300	46.369271	0.0	2102452	25	4.3
1527667092.75	4300	50.180977	0.0	2209463	23	4.3
1527667092.94	4300	53.993636	0.0	2275376	21	4.3
1527667093.08	4300	57.848089	0.0	2005399	18	4.3
1527667095.23	4300	59.748908	0.0	2152483	25	4.3
1527667099.4	4300	59.749086	0.0	2289689	24	4.3
1527667103.04	4300	59.999099	0.0	2059512	19	4.3
1527667107.2	4300	59.748807	0.0	2220726	25	4.3
1527667111.35	4300	59.748899	0.0	2156729	19	4.3
1527667115.0	4300	59.997987	0.0	2039773	22	4.3
1527667119.16	4300	59.998079	0.0	2176469	28	4.3
1527667123.32	4300	59.749292	0.0	2221506	22	4.3
1527667127.03	4300	59.998491	0.0	2044075	25	4.3
1527667131.22	4300	59.747849	0.0	2186790	25	4.3
1527667135.37	4300	59.748955	0.0	2105231	21	4.3
1527667139.02	4300	59.998904	0.0	2395588	22	4.3
1527667143.67	4300	59.49753	0.0	1972048	21	4.3
1527667147.32	4300	59.749377	0.0	2134614	23	4.3
1527667151.48	4300	59.498713	0.0	2164140	25	4.3
1527667155.65	4300	59.498848	0.0	2113193	24	4.3
1527667159.29	4300	59.74802	0.0	2147852	22	4.3
1527667162.96	4300	59.999005	0.0	2191074	25	4.3
1527667167.11	4300	59.998938	0.0	2286761	25	4.3
1527667171.26	4300	59.74954	0.0	2307787	22	4.3
1527667174.95	4300	59.999356	0.0	2143948	22	4.3
1527667179.11	4300	59.999371	0.0	1919781	24	4.3
1527667183.26	4300	59.749159	0.0	2147467	21	4.3
1527667187.41	4300	59.748828	0.0	2133870	25	4.3
1527667191.06	4300	59.99886	0.0	2146120	22	4.3
1527667195.22	4300	59.74926	0.0	2108491	23	4.3
1527667199.42	4300	59.748951	0.0	2184571	24	4.3
1527667203.09	4300	59.998737	0.0	2121928	24	4.3
1527667207.25	4300	59.748523	0.0	2219102	26	4.3
1527667211.42	4300	59.747956	0.0	2124950	22	4.3
1527667215.07	4300	59.99846	0.0	2246506	19	4.3
1527667219.21	4300	59.749147	0.0	1961140	23	4.3
1527667223.34	4300	59.748797	0.0	2155012	20	4.3
1527667225.0	4300	59.679033	0.0	1433658	18	4.3

1527667225.33	750	4	0.013	668286	3	-0.05589999999999995
1527667225.48	4300	7.956878	0.0	2123065	11	0.75
1527667225.62	4300	11.81787	0.0	2177073	24	4.3
1527667225.77	4300	15.664911	0.0	2160877	21	4.3
1527667225.91	4300	19.522314	0.0	2233056	29	4.3
1527667226.05	4300	23.388316	0.0	1941625	19	4.3
1527667226.19	4300	27.245089	0.0	2157535	22	4.3
1527667226.34	4300	31.101643	0.0	2290172	28	4.3
1527667226.47	4300	34.969908	0.0	2055469	16	4.3
1527667226.61	4300	38.826998	0.0	2169201	23	4.3
1527667226.75	4300	42.681506	0.0	2173522	28	4.3
1527667226.91	4300	46.534643	0.0	2102452	26	4.3
1527667227.05	4300	50.383884	0.0	2209463	28	4.3
1527667227.2	4300	54.234813	0.0	2275376	29	4.3
1527667227.34	4300	58.100847	0.0	2005399	19	4.3
1527667229.49	4300	59.998258	0.0	2152483	8	4.3
1527667233.65	4300	59.995962	0.0	2289689	26	4.3
1527667237.82	4300	59.749268	0.0	2059512	23	4.3
1527667241.46	4300	59.997602	0.0	2220726	21	4.3
1527667245.62	4300	59.998631	0.0	2156729	21	4.3
1527667249.78	4300	59.748551	0.0	2039773	21	4.3
1527667253.93	4300	59.747965	0.0	2176469	25	4.3
1527667257.6	4300	59.998701	0.0	2221506	27	4.3
1527667261.75	4300	59.748839	0.0	2044075	23	4.3
1527667265.91	4300	59.749009	0.0	2186790	23	4.3
1527667269.57	4300	59.998783	0.0	2105231	26	4.3
1527667273.73	4300	59.748412	0.0	2395588	28	4.3
1527667277.89	4300	59.747757	0.0	1972048	22	4.3
1527667281.54	4300	59.99808	0.0	2134614	23	4.3
1527667285.7	4300	59.74798	0.0	2164140	27	4.3
1527667289.86	4300	59.749615	0.0	2113193	22	4.3
1527667293.51	4300	59.999128	0.0	2147852	25	4.3
1527667297.67	4300	59.99906	0.0	2191074	26	4.3
1527667301.82	4300	59.748835	0.0	2286761	23	4.3
1527667306.04	4300	59.499334	0.0	2307787	27	4.3
1527667309.7	4300	59.749575	0.0	2143948	24	4.3
1527667313.85	4300	59.749404	0.0	1919781	18	4.3
