1528217141.85	750	4	0.025	2354772	7	-0.10750000000000004
1528217141.94	4300	7.965275	0.0	2123065	20	0.75
1528217142.04	4300	11.871641	0.0	2177073	23	4.3
1528217142.14	4300	15.767031	0.0	2160877	24	4.3
1528217142.22	4300	19.69158	0.0	2233056	9	4.3
1528217142.31	4300	23.602027	0.0	1941625	19	4.3
1528217142.38	4300	27.524691	0.0	2157535	13	4.3
1528217142.48	4300	31.4292	0.0	2290172	27	4.3
1528217142.57	4300	35.337399	0.0	2055469	25	4.3
1528217142.65	4300	39.263575	0.0	2169201	12	4.3
1528217142.75	4300	43.160702	0.0	2173522	26	4.3
1528217142.82	4300	47.085856	0.0	2102452	12	4.3
1528217142.91	4300	50.996076	0.0	2209463	18	4.3
1528217143.02	4300	54.890494	0.0	2275376	19	4.3
1528217143.08	4300	58.824638	0.0	2005399	7	4.3
1528217146.18	4300	59.749051	0.0	2152483	22	4.3
1528217150.28	4300	59.749521	0.0	2289689	22	4.3
1528217154.39	4300	59.748883	0.0	2059512	22	4.3
1528217158.0	4300	59.998932	0.0	2220726	27	4.3
1528217162.11	4300	59.999094	0.0	2156729	20	4.3
1528217166.21	4300	59.749593	0.0	2039773	22	4.3
1528217170.32	4300	59.748071	0.0	2176469	24	4.3
1528217173.92	4300	59.999268	0.0	2221506	27	4.3
1528217178.03	4300	59.998998	0.0	2044075	23	4.3
1528217182.23	4300	59.999467	0.0	2186790	25	4.3
1528217186.34	4300	59.74954	0.0	2105231	23	4.3
1528217189.96	4300	59.998362	0.0	2395588	25	4.3
1528217194.07	4300	59.999075	0.0	1972048	23	4.3
1528217198.18	4300	59.749557	0.0	2134614	27	4.3
1528217202.3	4300	59.749135	0.0	2164140	29	4.3
1528217206.41	4300	59.749491	0.0	2113193	26	4.3
1528217210.01	4300	59.997867	0.0	2147852	25	4.3
1528217214.12	4300	59.999242	0.0	2191074	23	4.3
1528217218.22	4300	59.748796	0.0	2286761	26	4.3
1528217222.33	4300	59.749393	0.0	2307787	26	4.3
1528217225.95	4300	59.998831	0.0	2143948	26	4.3
1528217230.06	4300	59.999092	0.0	1919781	24	4.3
1528217234.16	4300	59.747794	0.0	2147467	21	4.3
1528217238.27	4300	59.749757	0.0	2133870	23	4.3
1528217242.37	4300	59.749196	0.0	2146120	25	4.3
1528217246.49	4300	59.498486	0.0	2108491	25	4.3
1528217250.6	4300	59.499126	0.0	2184571	27	4.3
1528217254.21	4300	59.749661	0.0	2121928	26	4.3
1528217258.31	4300	59.748886	0.0	2219102	24	4.3
1528217261.92	4300	59.999229	0.0	2124950	23	4.3
1528217266.02	4300	59.998369	0.0	2246506	22	4.3
1528217270.13	4300	59.998248	0.0	1961140	24	4.3
1528217274.24	4300	59.749413	0.0	2155012	24	4.3
1528217275.84	4300	59.929154	0.0	1433658	18	4.3

1528217276.03	750	4	0.021	2354772	6	-0.09030000000000005
1528217276.12	4300	7.967223	0.0	2123065	16	0.75
1528217276.21	4300	11.866822	0.0	2177073	23	4.3
1528217276.31	4300	15.770929	0.0	2160877	26	4.3
1528217276.39	4300	19.688864	0.0	2233056	14	4.3
1528217276.49	4300	23.594771	0.0	1941625	24	4.3
1528217276.58	4300	27.504251	0.0	2157535	13	4.3
1528217276.67	4300	31.414613	0.0	2290172	20	4.3
1528217276.77	4300	35.319594	0.0	2055469	24	4.3
1528217276.86	4300	39.226064	0.0	2169201	23	4.3
1528217276.95	4300	43.135883	0.0	2173522	23	4.3
1528217277.01	4300	47.07274	0.0	2102452	7	4.3
1528217277.07	4300	51.007593	0.0	2209463	6	4.3
1528217277.16	4300	54.917748	0.0	2275376	20	4.3
1528217277.26	4300	58.821476	0.0	2005399	24	4.3
1528217280.38	4300	59.747879	0.0	2152483	26	4.3
1528217284.52	4300	59.749227	0.0	2289689	25	4.3
1528217288.13	4300	59.99911	0.0	2059512	24	4.3
1528217292.23	4300	59.999299	0.0	2220726	25	4.3
1528217296.34	4300	59.749446	0.0	2156729	25	4.3
1528217300.45	4300	59.748343	0.0	2039773	24	4.3
1528217304.56	4300	59.747831	0.0	2176469	25	4.3
1528217308.17	4300	59.998243	0.0	2221506	25	4.3
1528217312.27	4300	59.998349	0.0	2044075	23	4.3
1528217316.38	4300	59.747951	0.0	2186790	27	4.3
1528217320.49	4300	59.749543	0.0	2105231	24	4.3
1528217324.11	4300	59.998897	0.0	2395588	27	4.3
1528217328.71	4300	59.499113	0.0	1972048	21	4.3
1528217332.32	4300	59.99842	0.0	2134614	25	4.3
1528217336.43	4300	59.749241	0.0	2164140	24	4.3
1528217340.53	4300	59.749549	0.0	2113193	22	4.3
1528217344.12	4300	59.997615	0.0	2147852	16	4.3
1528217348.22	4300	59.999164	0.0	2191074	18	4.3
1528217352.33	4300	59.99901	0.0	2286761	27	4.3
1528217356.44	4300	59.749336	0.0	2307787	26	4.3
1528217360.58	4300	59.748787	0.0	2143948	25	4.3
1528217364.18	4300	59.998892	0.0	1919781	22	4.3
1528217368.29	4300	59.999279	0.0	2147467	23	4.3
1528217372.4	4300	59.748676	0.0	2133870	25	4.3
1528217376.51	4300	59.749112	0.0	2146120	20	4.3
1528217380.12	4300	59.999039	0.0	2108491	25	4.3
1528217384.22	4300	59.998566	0.0	2184571	23	4.3
1528217388.33	4300	59.998521	0.0	2121928	24	4.3
1528217392.44	4300	59.747892	0.0	2219102	25	4.3
1528217396.55	4300	59.685983	0.0	2124950	26	4.3
1528217400.16	4300	59.998893	0.0	2246506	27	4.3
1528217404.26	4300	59.998772	0.0	1961140	21	4.3
1528217408.36	4300	59.748568	0.0	2155012	25	4.3
1528217409.97	4300	59.928435	0.0	1433658	38	4.3

1528217410.17	750	4	0.023	2354772	7	-0.09889999999999999
1528217410.23	4300	7.986738	0.0	2123065	7	0.75
1528217410.33	4300	11.892604	0.0	2177073	25	4.3
1528217410.4	4300	15.818118	0.0	2160877	12	4.3
1528217410.5	4300	19.714361	0.0	2233056	30	4.3
1528217410.6	4300	23.625445	0.0	1941625	24	4.3
1528217410.69	4300	27.533254	0.0	2157535	24	4.3
1528217410.76	4300	31.456901	0.0	2290172	14	4.3
1528217410.86	4300	35.357697	0.0	2055469	25	4.3
1528217410.95	4300	39.276125	0.0	2169201	19	4.3
1528217411.03	4300	43.186662	0.0	2173522	19	4.3
1528217411.13	4300	47.086643	0.0	2102452	25	4.3
1528217411.21	4300	51.013163	0.0	2209463	12	4.3
1528217411.3	4300	54.91688	0.0	2275376	20	4.3
1528217411.4	4300	58.819673	0.0	2005399	25	4.3
1528217414.5	4300	59.749011	0.0	2152483	25	4.3
1528217418.61	4300	59.748237	0.0	2289689	22	4.3
1528217422.71	4300	59.748837	0.0	2059512	23	4.3
1528217426.32	4300	59.999047	0.0	2220726	24	4.3
1528217430.42	4300	59.999144	0.0	2156729	24	4.3
1528217434.52	4300	59.748259	0.0	2039773	24	4.3
1528217438.64	4300	59.749116	0.0	2176469	24	4.3
1528217442.25	4300	59.998033	0.0	2221506	28	4.3
1528217446.35	4300	59.99854	0.0	2044075	23	4.3
1528217450.96	4300	59.497959	0.0	2186790	26	4.3
1528217454.56	4300	59.748086	0.0	2105231	19	4.3
1528217458.68	4300	59.747634	0.0	2395588	28	4.3
1528217462.28	4300	59.998356	0.0	1972048	23	4.3
1528217466.39	4300	59.997961	0.0	2134614	24	4.3
1528217470.49	4300	59.748975	0.0	2164140	26	4.3
