1527700343.66	750	4	0.028	2354772	7	-0.12039999999999995
1527700343.81	4300	7.848808	0.0	2123065	23	0.75
1527700343.95	4300	11.715952	0.0	2177073	12	4.3
1527700344.09	4300	15.567822	0.0	2160877	11	4.3
1527700344.22	4300	19.443434	0.0	2233056	14	4.3
1527700344.36	4300	23.306191	0.0	1941625	18	4.3
1527700344.5	4300	27.161189	0.0	2157535	24	4.3
1527700344.64	4300	31.024279	0.0	2290172	15	4.3
1527700344.76	4300	34.89965	0.0	2055469	12	4.3
1527700344.88	4300	38.783066	0.0	2169201	9	4.3
1527700345.02	4300	42.644303	0.0	2173522	20	4.3
1527700345.15	4300	46.515683	0.0	2102452	14	4.3
1527700345.28	4300	50.378711	0.0	2209463	20	4.3
1527700345.45	4300	54.21629	0.0	2275376	28	4.3
1527700345.58	4300	58.086052	0.0	2005399	17	4.3
1527700347.71	4300	59.997848	0.0	2152483	10	4.3
1527700351.87	4300	59.998608	0.0	2289689	26	4.3
1527700356.02	4300	59.749162	0.0	2059512	19	4.3
1527700360.16	4300	59.748498	0.0	2220726	17	4.3
1527700364.31	4300	59.497666	0.0	2156729	17	4.3
1527700367.95	4300	59.747649	0.0	2039773	12	4.3
1527700372.1	4300	59.749413	0.0	2176469	18	4.3
1527700375.79	4300	59.998533	0.0	2221506	27	4.3
1527700379.95	4300	59.749166	0.0	2044075	26	4.3
1527700384.1	4300	59.748092	0.0	2186790	18	4.3
1527700387.76	4300	59.999162	0.0	2105231	25	4.3
1527700391.93	4300	59.748072	0.0	2395588	28	4.3
1527700396.09	4300	59.749469	0.0	1972048	25	4.3
1527700399.73	4300	59.999443	0.0	2134614	23	4.3
1527700403.89	4300	59.998404	0.0	2164140	26	4.3
1527700408.05	4300	59.749454	0.0	2113193	23	4.3
1527700411.74	4300	59.998401	0.0	2147852	26	4.3
1527700415.89	4300	59.997643	0.0	2191074	25	4.3
1527700420.04	4300	59.748854	0.0	2286761	21	4.3
1527700423.69	4300	59.999443	0.0	2307787	19	4.3
1527700427.86	4300	59.999326	0.0	2143948	25	4.3
1527700432.0	4300	59.747532	0.0	1919781	19	4.3
1527700436.15	4300	59.748474	0.0	2147467	19	4.3
1527700439.81	4300	59.998336	0.0	2133870	26	4.3
1527700443.97	4300	59.748977	0.0	2146120	31	4.3
1527700448.12	4300	59.749346	0.0	2108491	20	4.3
1527700451.78	4300	59.998516	0.0	2184571	26	4.3
1527700455.94	4300	59.748746	0.0	2121928	24	4.3
1527700460.12	4300	59.748533	0.0	2219102	21	4.3
1527700463.78	4300	59.998793	0.0	2124950	24	4.3
1527700467.92	4300	59.748466	0.0	2246506	22	4.3
1527700472.13	4300	59.747896	0.0	1961140	22	4.3
1527700475.76	4300	59.99811	0.0	2155012	24	4.3
1527700477.87	4300	59.67768	0.0	1433658	17	4.3

1527700478.1	750	4	0.014	668286	3	-0.06020000000000003
1527700478.25	4300	7.953172	0.0	2123065	19	0.75
1527700478.39	4300	11.809718	0.0	2177073	26	4.3
1527700478.52	4300	15.679348	0.0	2160877	13	4.3
1527700478.66	4300	19.535145	0.0	2233056	17	4.3
1527700478.81	4300	23.391361	0.0	1941625	23	4.3
1527700478.93	4300	27.271927	0.0	2157535	13	4.3
1527700479.05	4300	31.151509	0.0	2290172	13	4.3
1527700479.2	4300	35.005068	0.0	2055469	24	4.3
1527700479.32	4300	38.876853	0.0	2169201	14	4.3
1527700479.45	4300	42.748889	0.0	2173522	16	4.3
1527700479.58	4300	46.623924	0.0	2102452	14	4.3
1527700479.71	4300	50.494548	0.0	2209463	15	4.3
1527700479.85	4300	54.345757	0.0	2275376	27	4.3
1527700480.01	4300	58.195331	0.0	2005399	25	4.3
1527700482.65	4300	59.749288	0.0	2152483	18	4.3
1527700486.31	4300	59.998984	0.0	2289689	26	4.3
1527700490.47	4300	59.749034	0.0	2059512	24	4.3
1527700494.62	4300	59.748661	0.0	2220726	23	4.3
1527700498.27	4300	59.997828	0.0	2156729	24	4.3
1527700502.45	4300	59.998408	0.0	2039773	21	4.3
1527700506.61	4300	59.747995	0.0	2176469	28	4.3
1527700510.29	4300	59.998297	0.0	2221506	24	4.3
1527700514.44	4300	59.999447	0.0	2044075	24	4.3
1527700518.59	4300	59.749277	0.0	2186790	20	4.3
1527700522.25	4300	59.997983	0.0	2105231	23	4.3
1527700526.41	4300	59.998061	0.0	2395588	26	4.3
1527700530.56	4300	59.749478	0.0	1972048	20	4.3
1527700534.22	4300	59.99823	0.0	2134614	25	4.3
1527700538.38	4300	59.999388	0.0	2164140	27	4.3
1527700542.53	4300	59.748343	0.0	2113193	21	4.3
1527700546.69	4300	59.748609	0.0	2147852	26	4.3
1527700550.34	4300	59.998441	0.0	2191074	16	4.3
1527700554.5	4300	59.749418	0.0	2286761	27	4.3
1527700558.69	4300	59.749192	0.0	2307787	26	4.3
1527700562.34	4300	59.99785	0.0	2143948	20	4.3
1527700566.5	4300	59.748663	0.0	1919781	21	4.3
1527700570.65	4300	59.749066	0.0	2147467	18	4.3
1527700574.3	4300	59.999278	0.0	2133870	24	4.3
1527700578.47	4300	59.748712	0.0	2146120	24	4.3
1527700582.64	4300	59.748558	0.0	2108491	25	4.3
1527700586.29	4300	59.998844	0.0	2184571	20	4.3
1527700590.44	4300	59.998806	0.0	2121928	25	4.3
1527700594.59	4300	59.747662	0.0	2219102	18	4.3
1527700598.24	4300	59.999458	0.0	2124950	26	4.3
1527700602.38	4300	59.999083	0.0	2246506	20	4.3
1527700606.53	4300	59.74955	0.0	1961140	14	4.3
1527700610.64	4300	59.749007	0.0	2155012	12	4.3
1527700612.25	4300	59.678983	0.0	1433658	18	4.3

1527700612.48	750	4	0.022	668286	3	-0.09460000000000002
1527700612.64	4300	7.945573	0.0	2123065	21	0.75
1527700612.79	4300	11.791887	0.0	2177073	26	4.3
1527700612.92	4300	15.666611	0.0	2160877	13	4.3
1527700613.06	4300	19.531499	0.0	2233056	13	4.3
1527700613.17	4300	23.415762	0.0	1941625	9	4.3
1527700613.31	4300	27.279769	0.0	2157535	22	4.3
1527700613.43	4300	31.15747	0.0	2290172	14	4.3
1527700613.55	4300	35.038818	0.0	2055469	12	4.3
1527700613.68	4300	38.912714	0.0	2169201	13	4.3
1527700613.8	4300	42.789525	0.0	2173522	12	4.3
1527700613.92	4300	46.667496	0.0	2102452	13	4.3
1527700614.04	4300	50.54548	0.0	2209463	13	4.3
1527700614.15	4300	54.436707	0.0	2275376	8	4.3
1527700614.28	4300	58.304164	0.0	2005399	16	4.3
1527700616.93	4300	59.749091	0.0	2152483	23	4.3
1527700620.6	4300	59.998581	0.0	2289689	25	4.3
1527700624.75	4300	59.998387	0.0	2059512	21	4.3
1527700628.91	4300	59.749631	0.0	2220726	22	4.3
1527700633.09	4300	59.749609	0.0	2156729	21	4.3
1527700637.24	4300	59.498546	0.0	2039773	21	4.3
1527700640.9	4300	59.748456	0.0	2176469	26	4.3
1527700645.07	4300	59.74836	0.0	2221506	27	4.3
