1527706192.5	750	4	0.027	2354772	7	-0.11609999999999998
1527706192.64	4300	7.964697	0.0	2123065	19	0.75
1527706192.79	4300	11.819493	0.0	2177073	23	4.3
1527706192.93	4300	15.673504	0.0	2160877	22	4.3
1527706193.08	4300	19.52599	0.0	2233056	25	4.3
1527706193.21	4300	23.392233	0.0	1941625	15	4.3
1527706193.35	4300	27.252639	0.0	2157535	22	4.3
1527706193.48	4300	31.129341	0.0	2290172	13	4.3
1527706193.6	4300	35.008626	0.0	2055469	11	4.3
1527706193.72	4300	38.883338	0.0	2169201	13	4.3
1527706193.85	4300	42.761215	0.0	2173522	13	4.3
1527706193.97	4300	46.638449	0.0	2102452	13	4.3
1527706194.11	4300	50.49754	0.0	2209463	21	4.3
1527706194.27	4300	54.337906	0.0	2275376	25	4.3
1527706194.41	4300	58.20001	0.0	2005399	20	4.3
1527706197.04	4300	59.748124	0.0	2152483	11	4.3
1527706200.7	4300	59.998926	0.0	2289689	29	4.3
1527706204.85	4300	59.999481	0.0	2059512	17	4.3
1527706209.01	4300	59.749459	0.0	2220726	24	4.3
1527706212.68	4300	59.998705	0.0	2156729	25	4.3
1527706216.83	4300	59.998074	0.0	2039773	23	4.3
1527706221.0	4300	59.7491	0.0	2176469	21	4.3
1527706224.65	4300	59.999118	0.0	2221506	22	4.3
1527706228.81	4300	59.998769	0.0	2044075	22	4.3
1527706232.97	4300	59.748768	0.0	2186790	25	4.3
1527706236.62	4300	59.999337	0.0	2105231	20	4.3
1527706240.78	4300	59.998062	0.0	2395588	27	4.3
1527706244.92	4300	59.749794	0.0	1972048	17	4.3
1527706249.08	4300	59.748422	0.0	2134614	26	4.3
1527706253.23	4300	59.499015	0.0	2164140	24	4.3
1527706256.87	4300	59.749646	0.0	2113193	18	4.3
1527706261.03	4300	59.749473	0.0	2147852	24	4.3
1527706264.68	4300	59.997933	0.0	2191074	24	4.3
1527706268.84	4300	59.999375	0.0	2286761	21	4.3
1527706272.99	4300	59.748015	0.0	2307787	25	4.3
1527706277.15	4300	59.499595	0.0	2143948	20	4.3
1527706280.8	4300	59.997877	0.0	1919781	23	4.3
1527706284.96	4300	59.749331	0.0	2147467	24	4.3
1527706288.61	4300	59.999172	0.0	2133870	21	4.3
1527706293.27	4300	59.498036	0.0	2146120	29	4.3
1527706296.93	4300	59.748741	0.0	2108491	25	4.3
1527706301.09	4300	59.749404	0.0	2184571	14	4.3
1527706304.74	4300	59.998927	0.0	2121928	23	4.3
1527706308.9	4300	59.749723	0.0	2219102	25	4.3
1527706313.06	4300	59.749136	0.0	2124950	18	4.3
1527706316.71	4300	59.999382	0.0	2246506	26	4.3
1527706321.35	4300	59.498314	0.0	1961140	21	4.3
1527706324.96	4300	59.748857	0.0	2155012	14	4.3
1527706326.57	4300	59.929713	0.0	1433658	17	4.3

1527706326.82	750	4	0.015	668286	2	-0.0645
1527706326.97	4300	7.950398	0.0	2123065	15	0.75
1527706327.11	4300	11.806642	0.0	2177073	18	4.3
1527706327.24	4300	15.679021	0.0	2160877	13	4.3
1527706327.36	4300	19.55726	0.0	2233056	10	4.3
1527706327.49	4300	23.43101	0.0	1941625	15	4.3
1527706327.63	4300	27.283909	0.0	2157535	26	4.3
1527706327.78	4300	31.137002	0.0	2290172	27	4.3
1527706327.9	4300	35.01433	0.0	2055469	13	4.3
1527706328.02	4300	38.894584	0.0	2169201	9	4.3
1527706328.16	4300	42.759951	0.0	2173522	18	4.3
1527706328.29	4300	46.630415	0.0	2102452	15	4.3
1527706328.4	4300	50.512117	0.0	2209463	11	4.3
1527706328.53	4300	54.390279	0.0	2275376	10	4.3
1527706328.64	4300	58.272942	0.0	2005399	10	4.3
1527706331.29	4300	59.749528	0.0	2152483	20	4.3
1527706334.93	4300	59.999227	0.0	2289689	12	4.3
1527706339.09	4300	59.999251	0.0	2059512	24	4.3
1527706343.21	4300	59.749243	0.0	2220726	7	4.3
1527706347.37	4300	59.74939	0.0	2156729	25	4.3
1527706351.02	4300	59.999457	0.0	2039773	19	4.3
1527706355.18	4300	59.748561	0.0	2176469	24	4.3
1527706359.33	4300	59.749438	0.0	2221506	27	4.3
1527706363.0	4300	59.999392	0.0	2044075	25	4.3
1527706367.18	4300	59.74936	0.0	2186790	23	4.3
1527706371.34	4300	59.748898	0.0	2105231	27	4.3
1527706374.99	4300	59.998818	0.0	2395588	22	4.3
1527706379.17	4300	59.749145	0.0	1972048	22	4.3
1527706383.36	4300	59.749384	0.0	2134614	27	4.3
1527706387.06	4300	59.999473	0.0	2164140	25	4.3
1527706391.21	4300	59.74853	0.0	2113193	21	4.3
1527706395.37	4300	59.748128	0.0	2147852	27	4.3
1527706399.04	4300	59.998606	0.0	2191074	24	4.3
1527706403.2	4300	59.747821	0.0	2286761	26	4.3
1527706407.35	4300	59.7493	0.0	2307787	21	4.3
1527706411.01	4300	59.998892	0.0	2143948	27	4.3
1527706415.16	4300	59.997922	0.0	1919781	22	4.3
1527706419.32	4300	59.747536	0.0	2147467	21	4.3
1527706422.98	4300	59.999475	0.0	2133870	26	4.3
1527706427.13	4300	59.999162	0.0	2146120	24	4.3
1527706431.29	4300	59.748397	0.0	2108491	22	4.3
1527706434.95	4300	59.998504	0.0	2184571	25	4.3
1527706439.11	4300	59.999115	0.0	2121928	27	4.3
1527706443.26	4300	59.748037	0.0	2219102	21	4.3
