1527730766.1	750	4	0.023	2354772	6	-0.09889999999999999
1527730766.24	4300	7.965465	0.0	2123065	19	0.75
1527730766.38	4300	11.822268	0.0	2177073	25	4.3
1527730766.52	4300	15.690988	0.0	2160877	13	4.3
1527730766.64	4300	19.568303	0.0	2233056	13	4.3
1527730766.78	4300	23.426759	0.0	1941625	13	4.3
1527730766.96	4300	27.28271	0.0	2157535	26	4.3
1527730767.11	4300	31.098674	0.0	2290172	23	4.3
1527730767.23	4300	34.974901	0.0	2055469	11	4.3
1527730767.38	4300	38.822802	0.0	2169201	18	4.3
1527730767.51	4300	42.697954	0.0	2173522	14	4.3
1527730767.64	4300	46.560374	0.0	2102452	21	4.3
1527730767.79	4300	50.416802	0.0	2209463	27	4.3
1527730767.95	4300	54.256359	0.0	2275376	26	4.3
1527730768.09	4300	58.116485	0.0	2005399	25	4.3
1527730770.23	4300	59.998652	0.0	2152483	18	4.3
1527730774.88	4300	59.498893	0.0	2289689	27	4.3
1527730778.54	4300	59.749086	0.0	2059512	25	4.3
1527730782.22	4300	59.998961	0.0	2220726	26	4.3
1527730786.38	4300	59.998496	0.0	2156729	26	4.3
1527730790.53	4300	59.748481	0.0	2039773	21	4.3
1527730794.69	4300	59.749049	0.0	2176469	25	4.3
1527730798.84	4300	59.497879	0.0	2221506	21	4.3
1527730802.49	4300	59.747779	0.0	2044075	20	4.3
1527730806.65	4300	59.747891	0.0	2186790	21	4.3
1527730810.31	4300	59.998725	0.0	2105231	24	4.3
1527730814.46	4300	59.748921	0.0	2395588	29	4.3
1527730818.61	4300	59.749275	0.0	1972048	23	4.3
1527730822.25	4300	59.999384	0.0	2134614	18	4.3
1527730826.42	4300	59.998692	0.0	2164140	17	4.3
1527730830.61	4300	59.749067	0.0	2113193	24	4.3
1527730834.76	4300	59.498506	0.0	2147852	16	4.3
1527730838.42	4300	59.998807	0.0	2191074	25	4.3
1527730842.58	4300	59.74788	0.0	2286761	24	4.3
1527730846.23	4300	59.999184	0.0	2307787	19	4.3
1527730850.38	4300	59.998825	0.0	2143948	21	4.3
1527730854.52	4300	59.749167	0.0	1919781	16	4.3
1527730858.69	4300	59.748096	0.0	2147467	26	4.3
1527730862.83	4300	59.498742	0.0	2133870	18	4.3
1527730866.49	4300	59.748597	0.0	2146120	25	4.3
1527730870.64	4300	59.749243	0.0	2108491	18	4.3
1527730874.3	4300	59.998885	0.0	2184571	25	4.3
1527730878.46	4300	59.997771	0.0	2121928	25	4.3
1527730882.61	4300	59.748802	0.0	2219102	21	4.3
1527730886.26	4300	59.99871	0.0	2124950	22	4.3
1527730890.44	4300	59.998247	0.0	2246506	17	4.3
1527730894.58	4300	59.748707	0.0	1961140	19	4.3
1527730898.7	4300	59.747739	0.0	2155012	24	4.3
1527730900.31	4300	59.679416	0.0	1433658	16	4.3

1527730900.53	750	4	0.015	668286	3	-0.0645
1527730900.68	4300	7.946751	0.0	2123065	10	0.75
1527730900.82	4300	11.807584	0.0	2177073	25	4.3
1527730900.94	4300	15.688462	0.0	2160877	11	4.3
1527730901.06	4300	19.564188	0.0	2233056	15	4.3
1527730901.19	4300	23.442296	0.0	1941625	12	4.3
1527730901.31	4300	27.313376	0.0	2157535	13	4.3
1527730901.43	4300	31.193113	0.0	2290172	14	4.3
1527730901.55	4300	35.07305	0.0	2055469	14	4.3
1527730901.69	4300	38.937526	0.0	2169201	23	4.3
1527730901.82	4300	42.801523	0.0	2173522	13	4.3
1527730901.96	4300	46.667302	0.0	2102452	21	4.3
1527730902.1	4300	50.525633	0.0	2209463	24	4.3
1527730902.25	4300	54.375185	0.0	2275376	27	4.3
1527730902.38	4300	58.242795	0.0	2005399	19	4.3
1527730905.07	4300	59.748937	0.0	2152483	16	4.3
1527730908.71	4300	59.999422	0.0	2289689	12	4.3
1527730912.87	4300	59.999491	0.0	2059512	25	4.3
1527730917.01	4300	59.747928	0.0	2220726	22	4.3
1527730920.67	4300	59.999367	0.0	2156729	28	4.3
1527730924.81	4300	59.999048	0.0	2039773	12	4.3
1527730928.95	4300	59.748778	0.0	2176469	19	4.3
1527730933.11	4300	59.74965	0.0	2221506	25	4.3
1527730936.76	4300	59.997675	0.0	2044075	20	4.3
1527730940.92	4300	59.748896	0.0	2186790	28	4.3
1527730945.06	4300	59.749815	0.0	2105231	19	4.3
1527730948.73	4300	59.998969	0.0	2395588	31	4.3
1527730952.88	4300	59.749424	0.0	1972048	23	4.3
1527730957.03	4300	59.749048	0.0	2134614	21	4.3
1527730960.68	4300	59.998859	0.0	2164140	19	4.3
1527730964.83	4300	59.998171	0.0	2113193	21	4.3
1527730968.99	4300	59.749315	0.0	2147852	24	4.3
1527730972.64	4300	59.998756	0.0	2191074	24	4.3
1527730976.8	4300	59.997695	0.0	2286761	26	4.3
1527730980.95	4300	59.749395	0.0	2307787	23	4.3
1527730985.1	4300	59.749527	0.0	2143948	28	4.3
1527730988.75	4300	59.997752	0.0	1919781	22	4.3
1527730992.96	4300	59.749534	0.0	2147467	26	4.3
1527730997.11	4300	59.749384	0.0	2133870	26	4.3
1527731000.82	4300	59.998054	0.0	2146120	20	4.3
1527731004.97	4300	59.749422	0.0	2108491	25	4.3
1527731009.12	4300	59.749725	0.0	2184571	20	4.3
1527731012.77	4300	59.999251	0.0	2121928	22	4.3
1527731016.91	4300	59.749394	0.0	2219102	20	4.3
1527731021.08	4300	59.749768	0.0	2124950	25	4.3
1527731024.72	4300	59.999358	0.0	2246506	26	4.3
1527731028.85	4300	59.997995	0.0	1961140	20	4.3
1527731032.98	4300	59.748731	0.0	2155012	26	4.3
1527731034.59	4300	59.929715	0.0	1433658	17	4.3

1527731034.81	750	4	0.018	668286	4	-0.07740000000000002
1527731034.95	4300	7.956898	0.0	2123065	17	0.75
1527731035.1	4300	11.811282	0.0	2177073	29	4.3
1527731035.22	4300	15.689625	0.0	2160877	10	4.3
1527731035.37	4300	19.539958	0.0	2233056	22	4.3
1527731035.49	4300	23.422051	0.0	1941625	8	4.3
1527731035.62	4300	27.28659	0.0	2157535	17	4.3
1527731035.75	4300	31.159267	0.0	2290172	17	4.3
1527731035.87	4300	35.037559	0.0	2055469	13	4.3
1527731035.99	4300	38.915055	0.0	2169201	16	4.3
1527731036.12	4300	42.788213	0.0	2173522	20	4.3
1527731036.24	4300	46.671552	0.0	2102452	11	4.3
1527731036.36	4300	50.548922	0.0	2209463	12	4.3
1527731036.48	4300	54.424009	0.0	2275376	13	4.3
1527731036.61	4300	58.302879	0.0	2005399	11	4.3
1527731039.26	4300	59.749464	0.0	2152483	13	4.3
1527731043.41	4300	59.749389	0.0	2289689	23	4.3
1527731047.06	4300	59.999449	0.0	2059512	23	4.3
1527731051.21	4300	59.749047	0.0	2220726	20	4.3
1527731055.37	4300	59.74778	0.0	2156729	25	4.3
1527731059.01	4300	59.998047	0.0	2039773	22	4.3
1527731063.17	4300	59.748647	0.0	2176469	27	4.3
1527731067.31	4300	59.748976	0.0	2221506	22	4.3
1527731070.96	4300	59.997742	0.0	2044075	20	4.3
1527731075.11	4300	59.998974	0.0	2186790	26	4.3
1527731079.3	4300	59.749459	0.0	2105231	20	4.3
1527731082.99	4300	59.998714	0.0	2395588	28	4.3
