1528285244.49	750	4	0.022	2354772	6	-0.09460000000000002
1528285244.57	4300	7.968333	0.0	2123065	17	0.75
1528285244.67	4300	11.867078	0.0	2177073	23	4.3
1528285244.77	4300	15.772992	0.0	2160877	23	4.3
1528285244.84	4300	19.695838	0.0	2233056	10	4.3
1528285244.94	4300	23.598985	0.0	1941625	23	4.3
1528285245.02	4300	27.519073	0.0	2157535	14	4.3
1528285245.11	4300	31.428318	0.0	2290172	21	4.3
1528285245.21	4300	35.326534	0.0	2055469	25	4.3
1528285245.31	4300	39.235253	0.0	2169201	24	4.3
1528285245.4	4300	43.13608	0.0	2173522	21	4.3
1528285245.5	4300	47.045046	0.0	2102452	22	4.3
1528285245.59	4300	50.953669	0.0	2209463	22	4.3
1528285245.69	4300	54.845275	0.0	2275376	22	4.3
1528285245.77	4300	58.771853	0.0	2005399	11	4.3
1528285248.87	4300	59.748534	0.0	2152483	19	4.3
1528285252.98	4300	59.74891	0.0	2289689	28	4.3
1528285256.59	4300	59.998743	0.0	2059512	26	4.3
1528285260.7	4300	59.999173	0.0	2220726	24	4.3
1528285264.8	4300	59.748022	0.0	2156729	22	4.3
1528285268.91	4300	59.748304	0.0	2039773	24	4.3
1528285273.02	4300	59.749005	0.0	2176469	24	4.3
1528285276.63	4300	59.999304	0.0	2221506	27	4.3
1528285280.74	4300	59.998164	0.0	2044075	21	4.3
1528285284.84	4300	59.749397	0.0	2186790	26	4.3
1528285288.95	4300	59.748678	0.0	2105231	24	4.3
1528285292.56	4300	59.998251	0.0	2395588	27	4.3
1528285297.16	4300	59.497865	0.0	1972048	21	4.3
1528285300.77	4300	59.99898	0.0	2134614	25	4.3
1528285304.88	4300	59.74931	0.0	2164140	27	4.3
1528285308.99	4300	59.749608	0.0	2113193	24	4.3
1528285313.12	4300	59.499695	0.0	2147852	24	4.3
1528285317.22	4300	59.499545	0.0	2191074	19	4.3
1528285320.83	4300	59.749315	0.0	2286761	23	4.3
1528285324.94	4300	59.747528	0.0	2307787	22	4.3
1528285329.05	4300	59.499214	0.0	2143948	21	4.3
1528285333.15	4300	59.498657	0.0	1919781	19	4.3
1528285336.76	4300	59.999008	0.0	2147467	24	4.3
1528285340.86	4300	59.749446	0.0	2133870	21	4.3
1528285344.96	4300	59.749599	0.0	2146120	24	4.3
1528285349.07	4300	59.498921	0.0	2108491	23	4.3
1528285352.68	4300	59.9993	0.0	2184571	26	4.3
1528285356.78	4300	59.997897	0.0	2121928	23	4.3
1528285360.9	4300	59.74864	0.0	2219102	27	4.3
1528285365.0	4300	59.708561	0.0	2124950	24	4.3
1528285368.61	4300	59.998695	0.0	2246506	24	4.3
1528285372.71	4300	59.998906	0.0	1961140	21	4.3
1528285376.82	4300	59.748094	0.0	2155012	25	4.3
1528285378.41	4300	59.921672	0.0	1433658	18	4.3

1528285378.65	750	4	0.027	2354772	6	-0.11609999999999998
1528285378.75	4300	7.957715	0.0	2123065	25	0.75
1528285378.83	4300	11.884606	0.0	2177073	12	4.3
1528285378.93	4300	15.779618	0.0	2160877	25	4.3
1528285379.02	4300	19.685866	0.0	2233056	24	4.3
1528285379.09	4300	23.616998	0.0	1941625	10	4.3
1528285379.18	4300	27.520635	0.0	2157535	10	4.3
1528285379.29	4300	31.419463	0.0	2290172	28	4.3
1528285379.36	4300	35.347687	0.0	2055469	11	4.3
1528285379.45	4300	39.25446	0.0	2169201	20	4.3
1528285379.55	4300	43.152022	0.0	2173522	24	4.3
1528285379.63	4300	47.074395	0.0	2102452	13	4.3
1528285379.74	4300	50.970352	0.0	2209463	27	4.3
1528285379.81	4300	54.892564	0.0	2275376	13	4.3
1528285379.91	4300	58.794936	0.0	2005399	25	4.3
1528285383.02	4300	59.748985	0.0	2152483	25	4.3
1528285387.14	4300	59.748802	0.0	2289689	28	4.3
1528285390.75	4300	59.998004	0.0	2059512	22	4.3
1528285394.85	4300	59.999273	0.0	2220726	22	4.3
1528285398.96	4300	59.74797	0.0	2156729	23	4.3
1528285403.07	4300	59.749608	0.0	2039773	24	4.3
1528285407.18	4300	59.748986	0.0	2176469	27	4.3
1528285410.79	4300	59.998981	0.0	2221506	27	4.3
1528285414.89	4300	59.999479	0.0	2044075	24	4.3
1528285419.0	4300	59.749149	0.0	2186790	27	4.3
1528285423.11	4300	59.747945	0.0	2105231	25	4.3
1528285427.23	4300	59.483301	0.0	2395588	29	4.3
1528285430.81	4300	59.999314	0.0	1972048	11	4.3
1528285434.93	4300	59.999415	0.0	2134614	25	4.3
1528285439.04	4300	59.749206	0.0	2164140	28	4.3
1528285443.15	4300	59.749408	0.0	2113193	23	4.3
1528285446.76	4300	59.998154	0.0	2147852	25	4.3
1528285451.37	4300	59.49957	0.0	2191074	25	4.3
1528285454.98	4300	59.747696	0.0	2286761	25	4.3
1528285459.09	4300	59.749473	0.0	2307787	26	4.3
1528285463.2	4300	59.748667	0.0	2143948	24	4.3
1528285466.81	4300	59.997886	0.0	1919781	24	4.3
1528285470.91	4300	59.99778	0.0	2147467	23	4.3
1528285475.02	4300	59.749062	0.0	2133870	24	4.3
1528285479.13	4300	59.748992	0.0	2146120	24	4.3
1528285482.73	4300	59.999308	0.0	2108491	25	4.3
1528285486.84	4300	59.998802	0.0	2184571	25	4.3
1528285490.95	4300	59.999494	0.0	2121928	25	4.3
1528285495.06	4300	59.747738	0.0	2219102	25	4.3
1528285499.16	4300	59.708337	0.0	2124950	25	4.3
1528285502.77	4300	59.998816	0.0	2246506	26	4.3
1528285506.88	4300	59.999089	0.0	1961140	23	4.3
1528285510.98	4300	59.749181	0.0	2155012	26	4.3
1528285512.58	4300	59.928275	0.0	1433658	18	4.3

1528285512.83	750	4	0.029	2354772	6	-0.12470000000000003
1528285512.92	4300	7.912161	0.0	2123065	19	0.75
1528285513.01	4300	11.821284	0.0	2177073	20	4.3
1528285513.1	4300	15.729757	0.0	2160877	24	4.3
1528285513.21	4300	19.623378	0.0	2233056	27	4.3
1528285513.31	4300	23.524143	0.0	1941625	30	4.3
1528285513.4	4300	27.433388	0.0	2157535	22	4.3
1528285513.49	4300	31.34238	0.0	2290172	23	4.3
1528285513.58	4300	35.25393	0.0	2055469	20	4.3
1528285513.67	4300	39.159894	0.0	2169201	24	4.3
1528285513.76	4300	43.07121	0.0	2173522	20	4.3
1528285513.85	4300	46.981075	0.0	2102452	20	4.3
1528285513.93	4300	50.89879	0.0	2209463	15	4.3
1528285514.03	4300	54.801861	0.0	2275376	25	4.3
1528285514.11	4300	58.724283	0.0	2005399	13	4.3
1528285517.21	4300	59.748293	0.0	2152483	27	4.3
1528285521.33	4300	59.748947	0.0	2289689	26	4.3
1528285524.94	4300	59.999299	0.0	2059512	24	4.3
1528285529.05	4300	59.998487	0.0	2220726	26	4.3
1528285533.16	4300	59.748879	0.0	2156729	25	4.3
1528285537.26	4300	59.749626	0.0	2039773	25	4.3
1528285540.87	4300	59.999015	0.0	2176469	26	4.3
1528285544.98	4300	59.998213	0.0	2221506	22	4.3
1528285549.09	4300	59.74911	0.0	2044075	24	4.3
1528285553.2	4300	59.749341	0.0	2186790	25	4.3
1528285557.3	4300	59.748626	0.0	2105231	26	4.3
1528285560.96	4300	59.998824	0.0	2395588	29	4.3
1528285565.08	4300	59.999139	0.0	1972048	21	4.3
1528285569.19	4300	59.748563	0.0	2134614	23	4.3
1528285573.29	4300	59.747387	0.0	2164140	24	4.3
1528285576.9	4300	59.999412	0.0	2113193	25	4.3
1528285581.01	4300	59.999246	0.0	2147852	27	4.3
1528285585.12	4300	59.749061	0.0	2191074	26	4.3
