1527769369.5	750	4	0.027	2354772	6	-0.11609999999999998
1527769369.63	4300	7.958606	0.0	2123065	21	0.75
1527769369.72	4300	11.861959	0.0	2177073	24	4.3
1527769369.8	4300	15.784002	0.0	2160877	12	4.3
1527769369.89	4300	19.695502	0.0	2233056	16	4.3
1527769369.97	4300	23.613412	0.0	1941625	13	4.3
1527769370.05	4300	27.534758	0.0	2157535	15	4.3
1527769370.13	4300	31.452519	0.0	2290172	15	4.3
1527769370.2	4300	35.383742	0.0	2055469	8	4.3
1527769370.27	4300	39.315543	0.0	2169201	9	4.3
1527769370.34	4300	43.246337	0.0	2173522	8	4.3
1527769370.41	4300	47.178893	0.0	2102452	8	4.3
1527769370.48	4300	51.110639	0.0	2209463	8	4.3
1527769370.56	4300	55.02796	0.0	2275376	9	4.3
1527769370.62	4300	58.962894	0.0	2005399	6	4.3
1527769373.7	4300	59.997972	0.0	2152483	8	4.3
1527769377.81	4300	59.997922	0.0	2289689	24	4.3
1527769381.92	4300	59.749062	0.0	2059512	22	4.3
1527769386.02	4300	59.747868	0.0	2220726	19	4.3
1527769389.63	4300	59.999058	0.0	2156729	21	4.3
1527769393.72	4300	59.999086	0.0	2039773	15	4.3
1527769397.84	4300	59.998731	0.0	2176469	23	4.3
1527769401.94	4300	59.749234	0.0	2221506	23	4.3
1527769406.05	4300	59.748187	0.0	2044075	23	4.3
1527769409.65	4300	59.998821	0.0	2186790	24	4.3
1527769414.26	4300	59.499488	0.0	2105231	23	4.3
1527769417.88	4300	59.745729	0.0	2395588	29	4.3
1527769421.96	4300	59.748904	0.0	1972048	10	4.3
1527769426.07	4300	59.74922	0.0	2134614	19	4.3
1527769429.67	4300	59.999324	0.0	2164140	23	4.3
1527769433.77	4300	59.998902	0.0	2113193	22	4.3
1527769437.88	4300	59.749416	0.0	2147852	25	4.3
1527769442.0	4300	59.749147	0.0	2191074	25	4.3
1527769445.6	4300	59.998882	0.0	2286761	23	4.3
1527769449.71	4300	59.998193	0.0	2307787	21	4.3
1527769454.31	4300	59.498149	0.0	2143948	22	4.3
1527769457.92	4300	59.74759	0.0	1919781	21	4.3
1527769462.01	4300	59.748693	0.0	2147467	12	4.3
1527769465.62	4300	59.999423	0.0	2133870	21	4.3
1527769470.24	4300	59.498685	0.0	2146120	32	4.3
1527769473.83	4300	59.999345	0.0	2108491	17	4.3
1527769477.94	4300	59.747857	0.0	2184571	18	4.3
1527769482.04	4300	59.747983	0.0	2121928	22	4.3
1527769485.65	4300	59.999087	0.0	2219102	23	4.3
1527769489.75	4300	59.998829	0.0	2124950	19	4.3
1527769493.86	4300	59.747896	0.0	2246506	25	4.3
1527769497.97	4300	59.749205	0.0	1961140	22	4.3
1527769502.06	4300	59.749562	0.0	2155012	11	4.3
1527769503.65	4300	59.678679	0.0	1433658	14	4.3

1527769503.88	750	4	0.021	668286	2	-0.09030000000000005
1527769503.95	4300	7.980411	0.0	2123065	7	0.75
1527769504.03	4300	11.89667	0.0	2177073	16	4.3
1527769504.1	4300	15.82833	0.0	2160877	8	4.3
1527769504.2	4300	19.727136	0.0	2233056	27	4.3
1527769504.28	4300	23.652035	0.0	1941625	11	4.3
1527769504.36	4300	27.567055	0.0	2157535	12	4.3
1527769504.43	4300	31.502618	0.0	2290172	7	4.3
1527769504.49	4300	35.437353	0.0	2055469	6	4.3
1527769504.55	4300	39.374942	0.0	2169201	7	4.3
1527769504.62	4300	43.312038	0.0	2173522	7	4.3
1527769504.68	4300	47.247947	0.0	2102452	7	4.3
1527769504.74	4300	51.183144	0.0	2209463	7	4.3
1527769504.81	4300	55.120062	0.0	2275376	8	4.3
1527769504.87	4300	59.058075	0.0	2005399	5	4.3
1527769507.94	4300	59.998779	0.0	2152483	8	4.3
1527769512.54	4300	59.497875	0.0	2289689	17	4.3
1527769516.14	4300	59.998803	0.0	2059512	17	4.3
1527769520.24	4300	59.748846	0.0	2220726	18	4.3
1527769524.34	4300	59.749368	0.0	2156729	24	4.3
1527769527.95	4300	59.998054	0.0	2039773	23	4.3
1527769532.04	4300	59.999046	0.0	2176469	18	4.3
1527769536.15	4300	59.998387	0.0	2221506	16	4.3
1527769540.25	4300	59.748983	0.0	2044075	20	4.3
1527769544.35	4300	59.749642	0.0	2186790	24	4.3
1527769547.98	4300	59.999022	0.0	2105231	25	4.3
1527769552.09	4300	59.999308	0.0	2395588	27	4.3
1527769556.24	4300	59.748737	0.0	1972048	23	4.3
1527769560.34	4300	59.747866	0.0	2134614	24	4.3
1527769564.06	4300	59.999487	0.0	2164140	26	4.3
1527769568.17	4300	59.998126	0.0	2113193	25	4.3
1527769572.27	4300	59.749682	0.0	2147852	23	4.3
1527769576.39	4300	59.749386	0.0	2191074	24	4.3
1527769580.0	4300	59.999231	0.0	2286761	24	4.3
1527769584.1	4300	59.999481	0.0	2307787	26	4.3
1527769588.21	4300	59.748351	0.0	2143948	24	4.3
1527769592.32	4300	59.749521	0.0	1919781	23	4.3
1527769596.43	4300	59.748648	0.0	2147467	23	4.3
1527769600.04	4300	59.998981	0.0	2133870	25	4.3
1527769604.14	4300	59.999016	0.0	2146120	24	4.3
1527769608.26	4300	59.749294	0.0	2108491	25	4.3
1527769612.37	4300	59.748043	0.0	2184571	20	4.3
1527769615.97	4300	59.999175	0.0	2121928	20	4.3
1527769620.58	4300	59.497969	0.0	2219102	20	4.3
1527769624.19	4300	59.749521	0.0	2124950	23	4.3
1527769628.29	4300	59.749314	0.0	2246506	24	4.3
1527769632.4	4300	59.748023	0.0	1961140	23	4.3
1527769635.99	4300	59.998917	0.0	2155012	11	4.3
1527769638.08	4300	59.678864	0.0	1433658	12	4.3

1527769638.3	750	4	0.015	668286	3	-0.0645
1527769638.4	4300	7.95473	0.0	2123065	15	0.75
1527769638.49	4300	11.868103	0.0	2177073	19	4.3
1527769638.58	4300	15.779039	0.0	2160877	16	4.3
1527769638.67	4300	19.684919	0.0	2233056	17	4.3
1527769638.74	4300	23.618078	0.0	1941625	10	4.3
1527769638.81	4300	27.548388	0.0	2157535	10	4.3
1527769638.88	4300	31.474625	0.0	2290172	10	4.3
1527769638.94	4300	35.41345	0.0	2055469	7	4.3
1527769639.02	4300	39.341636	0.0	2169201	9	4.3
1527769639.08	4300	43.273238	0.0	2173522	10	4.3
1527769639.15	4300	47.2056	0.0	2102452	10	4.3
1527769639.22	4300	51.135635	0.0	2209463	9	4.3
1527769639.29	4300	55.066519	0.0	2275376	10	4.3
1527769639.36	4300	58.997578	0.0	2005399	9	4.3
1527769642.94	4300	59.500051	0.0	2152483	11	4.3
1527769646.53	4300	59.998436	0.0	2289689	16	4.3
1527769650.65	4300	59.748068	0.0	2059512	24	4.3
1527769654.75	4300	59.749422	0.0	2220726	24	4.3
1527769658.36	4300	59.999199	0.0	2156729	25	4.3
1527769662.97	4300	59.499612	0.0	2039773	21	4.3
1527769667.08	4300	59.49985	0.0	2176469	24	4.3
1527769670.69	4300	59.749595	0.0	2221506	24	4.3
1527769674.79	4300	59.749735	0.0	2044075	21	4.3
1527769678.4	4300	59.998964	0.0	2186790	27	4.3
1527769683.0	4300	59.499114	0.0	2105231	22	4.3
1527769687.12	4300	59.249134	0.0	2395588	19	4.3
1527769690.72	4300	59.749277	0.0	1972048	23	4.3
1527769694.83	4300	59.749351	0.0	2134614	23	4.3
1527769698.94	4300	59.49977	0.0	2164140	25	4.3
1527769703.05	4300	59.499698	0.0	2113193	26	4.3
1527769706.66	4300	59.749602	0.0	2147852	25	4.3
1527769710.77	4300	59.74916	0.0	2191074	23	4.3
1527769714.88	4300	59.49976	0.0	2286761	23	4.3
1527769718.56	4300	59.999239	0.0	2307787	22	4.3
1527769722.67	4300	59.74832	0.0	2143948	23	4.3
1527769726.86	4300	59.749722	0.0	1919781	22	4.3
