1528264948.18	750	4	0.026	2354772	8	-0.11180000000000001
1528264948.27	4300	7.959855	0.0	2123065	22	0.75
1528264948.37	4300	11.864399	0.0	2177073	25	4.3
1528264948.45	4300	15.783905	0.0	2160877	14	4.3
1528264948.54	4300	19.686372	0.0	2233056	23	4.3
1528264948.64	4300	23.596041	0.0	1941625	25	4.3
1528264948.73	4300	27.500367	0.0	2157535	22	4.3
1528264948.83	4300	31.406281	0.0	2290172	21	4.3
1528264948.91	4300	35.318489	0.0	2055469	20	4.3
1528264949.0	4300	39.228802	0.0	2169201	21	4.3
1528264949.1	4300	43.136532	0.0	2173522	20	4.3
1528264949.19	4300	47.046921	0.0	2102452	22	4.3
1528264949.28	4300	50.95415	0.0	2209463	23	4.3
1528264949.39	4300	54.847999	0.0	2275376	20	4.3
1528264949.46	4300	58.770458	0.0	2005399	12	4.3
1528264952.56	4300	59.749406	0.0	2152483	20	4.3
1528264956.67	4300	59.749551	0.0	2289689	31	4.3
1528264960.28	4300	59.998764	0.0	2059512	22	4.3
1528264964.39	4300	59.999097	0.0	2220726	22	4.3
1528264968.5	4300	59.749563	0.0	2156729	26	4.3
1528264972.65	4300	59.747907	0.0	2039773	24	4.3
1528264976.29	4300	59.999092	0.0	2176469	18	4.3
1528264980.43	4300	59.998829	0.0	2221506	27	4.3
1528264984.55	4300	59.749436	0.0	2044075	23	4.3
1528264988.65	4300	59.747706	0.0	2186790	24	4.3
1528264992.26	4300	59.998843	0.0	2105231	24	4.3
1528264996.36	4300	59.998655	0.0	2395588	27	4.3
1528265000.48	4300	59.998778	0.0	1972048	23	4.3
1528265004.58	4300	59.748557	0.0	2134614	23	4.3
1528265008.69	4300	59.742475	0.0	2164140	25	4.3
1528265012.3	4300	59.998892	0.0	2113193	24	4.3
1528265016.41	4300	59.99949	0.0	2147852	26	4.3
1528265020.51	4300	59.748634	0.0	2191074	23	4.3
1528265024.62	4300	59.749547	0.0	2286761	28	4.3
1528265028.73	4300	59.749217	0.0	2307787	27	4.3
1528265032.84	4300	59.498167	0.0	2143948	25	4.3
1528265036.45	4300	59.998247	0.0	1919781	22	4.3
1528265040.56	4300	59.749355	0.0	2147467	25	4.3
1528265044.68	4300	59.747627	0.0	2133870	22	4.3
1528265048.27	4300	59.998977	0.0	2146120	11	4.3
1528265052.38	4300	59.999077	0.0	2108491	25	4.3
1528265056.49	4300	59.749593	0.0	2184571	24	4.3
1528265060.6	4300	59.749262	0.0	2121928	26	4.3
1528265064.7	4300	59.747689	0.0	2219102	27	4.3
1528265068.31	4300	59.999265	0.0	2124950	24	4.3
1528265072.92	4300	59.498391	0.0	2246506	26	4.3
1528265076.53	4300	59.748275	0.0	1961140	23	4.3
1528265080.63	4300	59.748739	0.0	2155012	23	4.3
1528265082.23	4300	59.928623	0.0	1433658	18	4.3

1528265082.47	750	4	0.029	2354772	6	-0.12470000000000003
1528265082.56	4300	7.918411	0.0	2123065	18	0.75
1528265082.65	4300	11.823891	0.0	2177073	26	4.3
1528265082.73	4300	15.747248	0.0	2160877	12	4.3
1528265082.83	4300	19.644528	0.0	2233056	27	4.3
1528265082.92	4300	23.556398	0.0	1941625	22	4.3
1528265083.0	4300	27.472029	0.0	2157535	12	4.3
1528265083.1	4300	31.374285	0.0	2290172	27	4.3
1528265083.19	4300	35.286736	0.0	2055469	23	4.3
1528265083.28	4300	39.193408	0.0	2169201	26	4.3
1528265083.37	4300	43.101348	0.0	2173522	24	4.3
1528265083.48	4300	47.009104	0.0	2102452	22	4.3
1528265083.58	4300	50.893777	0.0	2209463	27	4.3
1528265083.66	4300	54.814479	0.0	2275376	14	4.3
1528265083.76	4300	58.718103	0.0	2005399	24	4.3
1528265086.86	4300	59.749049	0.0	2152483	23	4.3
1528265090.97	4300	59.748694	0.0	2289689	22	4.3
1528265094.57	4300	59.998647	0.0	2059512	19	4.3
1528265098.67	4300	59.998353	0.0	2220726	20	4.3
1528265102.78	4300	59.748667	0.0	2156729	23	4.3
1528265106.88	4300	59.748219	0.0	2039773	23	4.3
1528265110.5	4300	59.99948	0.0	2176469	24	4.3
1528265114.6	4300	59.998713	0.0	2221506	22	4.3
1528265118.71	4300	59.998952	0.0	2044075	24	4.3
1528265122.82	4300	59.7487	0.0	2186790	24	4.3
1528265126.92	4300	59.748689	0.0	2105231	23	4.3
1528265130.54	4300	59.998139	0.0	2395588	27	4.3
1528265134.65	4300	59.998096	0.0	1972048	14	4.3
1528265138.75	4300	59.748729	0.0	2134614	21	4.3
1528265142.86	4300	59.749502	0.0	2164140	24	4.3
1528265146.97	4300	59.748639	0.0	2113193	25	4.3
1528265150.58	4300	59.998683	0.0	2147852	26	4.3
1528265154.68	4300	59.998536	0.0	2191074	22	4.3
1528265158.88	4300	59.749301	0.0	2286761	26	4.3
1528265162.99	4300	59.498365	0.0	2307787	24	4.3
1528265166.6	4300	59.998984	0.0	2143948	26	4.3
1528265170.7	4300	59.998639	0.0	1919781	21	4.3
1528265174.81	4300	59.748762	0.0	2147467	25	4.3
1528265178.93	4300	59.749202	0.0	2133870	26	4.3
1528265182.51	4300	59.999155	0.0	2146120	13	4.3
1528265186.63	4300	59.998658	0.0	2108491	25	4.3
1528265190.74	4300	59.749537	0.0	2184571	25	4.3
1528265194.84	4300	59.749367	0.0	2121928	24	4.3
1528265198.96	4300	59.748155	0.0	2219102	28	4.3
1528265202.56	4300	59.99937	0.0	2124950	24	4.3
1528265206.67	4300	59.999245	0.0	2246506	25	4.3
1528265210.77	4300	59.748245	0.0	1961140	24	4.3
1528265214.88	4300	59.747967	0.0	2155012	27	4.3
1528265216.47	4300	59.929253	0.0	1433658	17	4.3

1528265216.71	750	4	0.017	450283	4	-0.07309999999999994
1528265216.84	4300	7.949016	0.0	2123065	19	0.75
1528265216.93	4300	11.832343	0.0	2177073	25	4.3
1528265217.03	4300	15.740961	0.0	2160877	26	4.3
1528265217.12	4300	19.645846	0.0	2233056	18	4.3
1528265217.21	4300	23.558632	0.0	1941625	19	4.3
1528265217.29	4300	27.477908	0.0	2157535	15	4.3
1528265217.38	4300	31.391149	0.0	2290172	18	4.3
1528265217.47	4300	35.296813	0.0	2055469	21	4.3
1528265217.57	4300	39.199569	0.0	2169201	26	4.3
1528265217.66	4300	43.110026	0.0	2173522	22	4.3
1528265217.75	4300	47.020342	0.0	2102452	24	4.3
1528265217.84	4300	50.93125	0.0	2209463	24	4.3
1528265217.93	4300	54.840553	0.0	2275376	26	4.3
1528265217.99	4300	58.77622	0.0	2005399	6	4.3
1528265221.1	4300	59.749343	0.0	2152483	21	4.3
1528265225.2	4300	59.7494	0.0	2289689	24	4.3
1528265229.31	4300	59.499616	0.0	2059512	24	4.3
1528265232.92	4300	59.998649	0.0	2220726	25	4.3
1528265237.02	4300	59.748675	0.0	2156729	25	4.3
1528265241.13	4300	59.749046	0.0	2039773	22	4.3
1528265245.24	4300	59.749603	0.0	2176469	26	4.3
1528265248.93	4300	59.99841	0.0	2221506	27	4.3
1528265253.04	4300	59.748186	0.0	2044075	24	4.3
1528265257.15	4300	59.749576	0.0	2186790	27	4.3
1528265261.25	4300	59.749661	0.0	2105231	15	4.3
1528265264.86	4300	59.998727	0.0	2395588	23	4.3
1528265268.97	4300	59.999493	0.0	1972048	23	4.3
1528265273.07	4300	59.749181	0.0	2134614	19	4.3
1528265277.17	4300	59.749097	0.0	2164140	21	4.3
1528265280.77	4300	59.999032	0.0	2113193	25	4.3
1528265285.38	4300	59.499463	0.0	2147852	25	4.3
1528265288.99	4300	59.998861	0.0	2191074	23	4.3
1528265293.1	4300	59.749338	0.0	2286761	26	4.3
1528265297.21	4300	59.748684	0.0	2307787	27	4.3
