1527711934.58	750	4	0.025	2354772	9	-0.10750000000000004
1527711934.73	4300	7.958844	0.0	2123065	23	0.75
1527711934.89	4300	11.793507	0.0	2177073	22	4.3
1527711935.03	4300	15.65971	0.0	2160877	15	4.3
1527711935.16	4300	19.528449	0.0	2233056	17	4.3
1527711935.29	4300	23.399196	0.0	1941625	14	4.3
1527711935.43	4300	27.259981	0.0	2157535	20	4.3
1527711935.55	4300	31.137136	0.0	2290172	12	4.3
1527711935.7	4300	34.991562	0.0	2055469	22	4.3
1527711935.82	4300	38.868848	0.0	2169201	12	4.3
1527711935.95	4300	42.740177	0.0	2173522	13	4.3
1527711936.08	4300	46.608327	0.0	2102452	17	4.3
1527711936.23	4300	50.456105	0.0	2209463	25	4.3
1527711936.39	4300	54.304858	0.0	2275376	26	4.3
1527711936.56	4300	58.130891	0.0	2005399	18	4.3
1527711938.71	4300	59.998752	0.0	2152483	25	4.3
1527711942.86	4300	59.999272	0.0	2289689	23	4.3
1527711947.03	4300	59.749573	0.0	2059512	25	4.3
1527711951.21	4300	59.497733	0.0	2220726	27	4.3
1527711954.89	4300	59.998699	0.0	2156729	25	4.3
1527711959.05	4300	59.747872	0.0	2039773	23	4.3
1527711962.7	4300	59.998848	0.0	2176469	21	4.3
1527711966.85	4300	59.997877	0.0	2221506	25	4.3
1527711971.0	4300	59.747902	0.0	2044075	19	4.3
1527711975.22	4300	59.749029	0.0	2186790	26	4.3
1527711978.89	4300	59.999416	0.0	2105231	19	4.3
1527711983.05	4300	59.749167	0.0	2395588	29	4.3
1527711987.2	4300	59.499202	0.0	1972048	13	4.3
1527711991.36	4300	59.498737	0.0	2134614	25	4.3
1527711995.01	4300	59.749001	0.0	2164140	21	4.3
1527711999.16	4300	59.749118	0.0	2113193	24	4.3
1527712002.81	4300	59.998318	0.0	2147852	19	4.3
1527712006.97	4300	59.749548	0.0	2191074	24	4.3
1527712011.13	4300	59.748736	0.0	2286761	26	4.3
1527712014.78	4300	59.998087	0.0	2307787	21	4.3
1527712018.94	4300	59.749158	0.0	2143948	20	4.3
1527712023.1	4300	59.748678	0.0	1919781	24	4.3
1527712027.24	4300	59.499348	0.0	2147467	14	4.3
1527712030.89	4300	59.998319	0.0	2133870	22	4.3
1527712035.05	4300	59.749093	0.0	2146120	21	4.3
1527712038.71	4300	59.998381	0.0	2108491	26	4.3
1527712042.87	4300	59.997685	0.0	2184571	28	4.3
1527712047.02	4300	59.748926	0.0	2121928	20	4.3
1527712051.19	4300	59.749385	0.0	2219102	28	4.3
1527712054.85	4300	59.998848	0.0	2124950	26	4.3
1527712058.99	4300	59.749324	0.0	2246506	21	4.3
1527712063.13	4300	59.749434	0.0	1961140	19	4.3
1527712066.8	4300	59.998933	0.0	2155012	11	4.3
1527712068.92	4300	59.67905	0.0	1433658	17	4.3

1527712069.15	750	4	0.016	668286	2	-0.06879999999999997
1527712069.3	4300	7.954697	0.0	2123065	13	0.75
1527712069.43	4300	11.823493	0.0	2177073	19	4.3
1527712069.58	4300	15.674731	0.0	2160877	22	4.3
1527712069.73	4300	19.527456	0.0	2233056	15	4.3
1527712069.87	4300	23.389679	0.0	1941625	17	4.3
1527712070.01	4300	27.246647	0.0	2157535	22	4.3
1527712070.16	4300	31.101986	0.0	2290172	24	4.3
1527712070.28	4300	34.979794	0.0	2055469	11	4.3
1527712070.4	4300	38.85499	0.0	2169201	13	4.3
1527712070.52	4300	42.731739	0.0	2173522	11	4.3
1527712070.65	4300	46.611641	0.0	2102452	13	4.3
1527712070.77	4300	50.487717	0.0	2209463	13	4.3
1527712070.89	4300	54.364162	0.0	2275376	13	4.3
1527712071.02	4300	58.230974	0.0	2005399	16	4.3
1527712073.67	4300	59.748631	0.0	2152483	19	4.3
1527712077.33	4300	59.998459	0.0	2289689	24	4.3
1527712081.48	4300	59.999229	0.0	2059512	25	4.3
1527712085.65	4300	59.748837	0.0	2220726	26	4.3
1527712089.3	4300	59.998595	0.0	2156729	20	4.3
1527712093.46	4300	59.999082	0.0	2039773	22	4.3
1527712097.61	4300	59.747665	0.0	2176469	18	4.3
1527712101.26	4300	59.998048	0.0	2221506	26	4.3
1527712105.42	4300	59.999039	0.0	2044075	23	4.3
1527712109.58	4300	59.749261	0.0	2186790	18	4.3
1527712113.74	4300	59.749109	0.0	2105231	26	4.3
1527712117.39	4300	59.998986	0.0	2395588	22	4.3
1527712121.54	4300	59.74915	0.0	1972048	21	4.3
1527712125.68	4300	59.749175	0.0	2134614	12	4.3
1527712129.35	4300	59.998892	0.0	2164140	27	4.3
1527712133.5	4300	59.998828	0.0	2113193	24	4.3
1527712137.68	4300	59.74823	0.0	2147852	18	4.3
1527712141.36	4300	59.998139	0.0	2191074	20	4.3
1527712145.51	4300	59.748194	0.0	2286761	22	4.3
1527712149.68	4300	59.749415	0.0	2307787	32	4.3
1527712153.33	4300	59.997883	0.0	2143948	17	4.3
1527712157.48	4300	59.999019	0.0	1919781	22	4.3
1527712161.63	4300	59.748151	0.0	2147467	18	4.3
1527712165.29	4300	59.996863	0.0	2133870	24	4.3
1527712169.44	4300	59.997451	0.0	2146120	24	4.3
1527712173.59	4300	59.748541	0.0	2108491	19	4.3
1527712177.76	4300	59.747325	0.0	2184571	24	4.3
1527712181.4	4300	59.999182	0.0	2121928	19	4.3
1527712185.56	4300	59.749187	0.0	2219102	24	4.3
1527712189.7	4300	59.748949	0.0	2124950	19	4.3
1527712193.35	4300	59.999086	0.0	2246506	21	4.3
1527712197.5	4300	59.998653	0.0	1961140	23	4.3
1527712201.62	4300	59.749317	0.0	2155012	18	4.3
1527712203.23	4300	59.929347	0.0	1433658	17	4.3

1527712203.47	750	4	0.016	668286	5	-0.06879999999999997
1527712203.62	4300	7.956772	0.0	2123065	16	0.75
1527712203.75	4300	11.827426	0.0	2177073	16	4.3
1527712203.87	4300	15.699964	0.0	2160877	11	4.3
1527712204.04	4300	19.537161	0.0	2233056	15	4.3
1527712204.17	4300	23.407135	0.0	1941625	17	4.3
1527712204.31	4300	27.262426	0.0	2157535	25	4.3
1527712204.44	4300	31.139738	0.0	2290172	13	4.3
1527712204.56	4300	35.011848	0.0	2055469	9	4.3
1527712204.68	4300	38.897348	0.0	2169201	8	4.3
1527712204.79	4300	42.780677	0.0	2173522	8	4.3
1527712204.94	4300	46.636605	0.0	2102452	22	4.3
1527712205.06	4300	50.516886	0.0	2209463	13	4.3
1527712205.18	4300	54.391185	0.0	2275376	12	4.3
1527712205.33	4300	58.247022	0.0	2005399	12	4.3
1527712208.01	4300	59.748946	0.0	2152483	8	4.3
1527712211.67	4300	59.999355	0.0	2289689	25	4.3
1527712215.86	4300	59.74864	0.0	2059512	25	4.3
1527712220.06	4300	59.749188	0.0	2220726	18	4.3
1527712223.71	4300	59.999412	0.0	2156729	19	4.3
1527712227.96	4300	59.748308	0.0	2039773	13	4.3
1527712231.61	4300	59.99848	0.0	2176469	25	4.3
1527712235.88	4300	59.997529	0.0	2221506	24	4.3
1527712240.04	4300	59.748954	0.0	2044075	19	4.3
