1528156254.58	750	4	0.022	2354772	7	-0.09460000000000002
1528156254.68	4300	7.954401	0.0	2123065	25	0.75
1528156254.78	4300	11.856223	0.0	2177073	27	4.3
1528156254.87	4300	15.764983	0.0	2160877	23	4.3
1528156254.96	4300	19.673332	0.0	2233056	20	4.3
1528156255.05	4300	23.58342	0.0	1941625	21	4.3
1528156255.15	4300	27.487849	0.0	2157535	22	4.3
1528156255.24	4300	31.396528	0.0	2290172	23	4.3
1528156255.34	4300	35.292725	0.0	2055469	25	4.3
1528156255.44	4300	39.198273	0.0	2169201	26	4.3
1528156255.53	4300	43.104012	0.0	2173522	22	4.3
1528156255.61	4300	47.027829	0.0	2102452	13	4.3
1528156255.71	4300	50.927931	0.0	2209463	29	4.3
1528156255.82	4300	54.812071	0.0	2275376	28	4.3
1528156255.89	4300	58.749106	0.0	2005399	7	4.3
1528156258.98	4300	59.748692	0.0	2152483	14	4.3
1528156263.09	4300	59.748882	0.0	2289689	25	4.3
1528156266.7	4300	59.99901	0.0	2059512	19	4.3
1528156270.8	4300	59.999211	0.0	2220726	21	4.3
1528156274.91	4300	59.748982	0.0	2156729	25	4.3
1528156279.01	4300	59.747693	0.0	2039773	24	4.3
1528156283.12	4300	59.747947	0.0	2176469	27	4.3
1528156286.73	4300	59.998743	0.0	2221506	26	4.3
1528156290.83	4300	59.998716	0.0	2044075	21	4.3
1528156294.94	4300	59.748121	0.0	2186790	27	4.3
1528156299.13	4300	59.747632	0.0	2105231	23	4.3
1528156302.75	4300	59.999049	0.0	2395588	19	4.3
1528156306.87	4300	59.999221	0.0	1972048	13	4.3
1528156310.96	4300	59.748953	0.0	2134614	19	4.3
1528156315.07	4300	59.749204	0.0	2164140	25	4.3
1528156318.68	4300	59.999071	0.0	2113193	25	4.3
1528156322.79	4300	59.998798	0.0	2147852	25	4.3
1528156326.89	4300	59.74755	0.0	2191074	24	4.3
1528156331.0	4300	59.749371	0.0	2286761	25	4.3
1528156335.11	4300	59.74834	0.0	2307787	29	4.3
1528156338.7	4300	59.998151	0.0	2143948	10	4.3
1528156342.81	4300	59.997873	0.0	1919781	22	4.3
1528156346.91	4300	59.749382	0.0	2147467	20	4.3
1528156351.03	4300	59.747652	0.0	2133870	22	4.3
1528156355.11	4300	59.747883	0.0	2146120	11	4.3
1528156358.82	4300	59.999475	0.0	2108491	24	4.3
1528156362.96	4300	59.747836	0.0	2184571	20	4.3
1528156367.07	4300	59.748596	0.0	2121928	20	4.3
1528156370.67	4300	59.998831	0.0	2219102	23	4.3
1528156374.77	4300	59.998967	0.0	2124950	23	4.3
1528156378.88	4300	59.998844	0.0	2246506	27	4.3
1528156382.99	4300	59.748611	0.0	1961140	24	4.3
1528156387.11	4300	59.748909	0.0	2155012	26	4.3
1528156388.71	4300	59.678654	0.0	1433658	18	4.3

1528156388.9	750	4	0.024	2354772	9	-0.10319999999999996
1528156388.97	4300	7.987423	0.0	2123065	7	0.75
1528156389.06	4300	11.893147	0.0	2177073	25	4.3
1528156389.15	4300	15.813636	0.0	2160877	14	4.3
1528156389.25	4300	19.709422	0.0	2233056	20	4.3
1528156389.34	4300	23.619997	0.0	1941625	20	4.3
1528156389.43	4300	27.524198	0.0	2157535	21	4.3
1528156389.52	4300	31.432239	0.0	2290172	20	4.3
1528156389.61	4300	35.344891	0.0	2055469	20	4.3
1528156389.7	4300	39.255311	0.0	2169201	19	4.3
1528156389.8	4300	43.162823	0.0	2173522	20	4.3
1528156389.91	4300	47.057965	0.0	2102452	28	4.3
1528156390.0	4300	50.955098	0.0	2209463	22	4.3
1528156390.11	4300	54.847916	0.0	2275376	19	4.3
1528156390.18	4300	58.772387	0.0	2005399	12	4.3
1528156393.29	4300	59.749032	0.0	2152483	26	4.3
1528156397.44	4300	59.748911	0.0	2289689	24	4.3
1528156401.54	4300	59.497838	0.0	2059512	19	4.3
1528156405.15	4300	59.998212	0.0	2220726	24	4.3
1528156409.25	4300	59.747952	0.0	2156729	23	4.3
1528156413.36	4300	59.74789	0.0	2039773	21	4.3
1528156416.96	4300	59.998863	0.0	2176469	26	4.3
1528156421.06	4300	59.998959	0.0	2221506	25	4.3
1528156425.17	4300	59.999311	0.0	2044075	23	4.3
1528156429.28	4300	59.74966	0.0	2186790	24	4.3
1528156433.39	4300	59.748131	0.0	2105231	26	4.3
1528156437.0	4300	59.998978	0.0	2395588	31	4.3
1528156441.1	4300	59.998863	0.0	1972048	19	4.3
1528156445.21	4300	59.748827	0.0	2134614	25	4.3
1528156449.32	4300	59.749348	0.0	2164140	26	4.3
1528156453.43	4300	59.748758	0.0	2113193	24	4.3
1528156457.04	4300	59.999326	0.0	2147852	27	4.3
1528156461.65	4300	59.4991	0.0	2191074	25	4.3
1528156465.26	4300	59.748887	0.0	2286761	28	4.3
1528156469.37	4300	59.749403	0.0	2307787	22	4.3
1528156472.98	4300	59.997856	0.0	2143948	22	4.3
1528156477.08	4300	59.999493	0.0	1919781	21	4.3
1528156481.18	4300	59.999263	0.0	2147467	25	4.3
1528156485.3	4300	59.748623	0.0	2133870	28	4.3
1528156489.39	4300	59.749522	0.0	2146120	15	4.3
1528156493.0	4300	59.999202	0.0	2108491	24	4.3
1528156497.12	4300	59.997967	0.0	2184571	27	4.3
1528156501.22	4300	59.7497	0.0	2121928	25	4.3
1528156505.34	4300	59.748653	0.0	2219102	25	4.3
1528156509.44	4300	59.686998	0.0	2124950	25	4.3
1528156513.05	4300	59.998724	0.0	2246506	25	4.3
1528156517.15	4300	59.998876	0.0	1961140	24	4.3
1528156521.26	4300	59.749299	0.0	2155012	27	4.3
1528156522.87	4300	59.929422	0.0	1433658	37	4.3

1528156523.07	750	4	0.021	2354772	8	-0.09030000000000005
1528156523.13	4300	7.98756	0.0	2123065	6	0.75
1528156523.22	4300	11.89658	0.0	2177073	21	4.3
1528156523.31	4300	15.818658	0.0	2160877	14	4.3
1528156523.4	4300	19.714866	0.0	2233056	29	4.3
1528156523.47	4300	23.644344	0.0	1941625	11	4.3
1528156523.56	4300	27.555157	0.0	2157535	21	4.3
1528156523.66	4300	31.4614	0.0	2290172	21	4.3
1528156523.75	4300	35.372423	0.0	2055469	18	4.3
1528156523.85	4300	39.271067	0.0	2169201	28	4.3
1528156523.94	4300	43.17556	0.0	2173522	25	4.3
1528156524.03	4300	47.087316	0.0	2102452	26	4.3
1528156524.11	4300	51.011332	0.0	2209463	12	4.3
1528156524.21	4300	54.909991	0.0	2275376	27	4.3
1528156524.3	4300	58.821696	0.0	2005399	21	4.3
1528156527.39	4300	59.749667	0.0	2152483	16	4.3
1528156531.51	4300	59.749446	0.0	2289689	24	4.3
1528156535.61	4300	59.748891	0.0	2059512	22	4.3
1528156539.19	4300	59.998795	0.0	2220726	13	4.3
1528156543.29	4300	59.99881	0.0	2156729	22	4.3
1528156547.41	4300	59.749557	0.0	2039773	20	4.3
1528156551.51	4300	59.749266	0.0	2176469	21	4.3
1528156555.62	4300	59.749157	0.0	2221506	25	4.3
1528156559.22	4300	59.999155	0.0	2044075	23	4.3
1528156563.33	4300	59.998669	0.0	2186790	25	4.3
1528156567.44	4300	59.748617	0.0	2105231	25	4.3
1528156571.55	4300	59.747938	0.0	2395588	30	4.3
1528156575.15	4300	59.997826	0.0	1972048	24	4.3
1528156579.76	4300	59.498192	0.0	2134614	26	4.3
1528156583.36	4300	59.998398	0.0	2164140	19	4.3
1528156587.47	4300	59.749186	0.0	2113193	25	4.3
1528156591.58	4300	59.749529	0.0	2147852	22	4.3
1528156595.19	4300	59.997656	0.0	2191074	23	4.3
1528156599.3	4300	59.998698	0.0	2286761	25	4.3
