1528257736.95	750	4	0.024	2354772	8	-0.10319999999999996
1528257737.05	4300	7.953818	0.0	2123065	23	0.75
1528257737.15	4300	11.855557	0.0	2177073	23	4.3
1528257737.24	4300	15.761739	0.0	2160877	25	4.3
1528257737.33	4300	19.667404	0.0	2233056	22	4.3
1528257737.43	4300	23.568196	0.0	1941625	22	4.3
1528257737.52	4300	27.483378	0.0	2157535	15	4.3
1528257737.61	4300	31.395728	0.0	2290172	17	4.3
1528257737.7	4300	35.301523	0.0	2055469	16	4.3
1528257737.8	4300	39.199343	0.0	2169201	27	4.3
1528257737.88	4300	43.123811	0.0	2173522	13	4.3
1528257737.98	4300	47.021974	0.0	2102452	26	4.3
1528257738.07	4300	50.926681	0.0	2209463	28	4.3
1528257738.16	4300	54.839215	0.0	2275376	12	4.3
1528257738.24	4300	58.766179	0.0	2005399	10	4.3
1528257741.35	4300	59.749437	0.0	2152483	25	4.3
1528257745.46	4300	59.74881	0.0	2289689	21	4.3
1528257749.07	4300	59.999012	0.0	2059512	22	4.3
1528257753.17	4300	59.999335	0.0	2220726	18	4.3
1528257757.28	4300	59.748105	0.0	2156729	22	4.3
1528257761.39	4300	59.748424	0.0	2039773	23	4.3
1528257765.5	4300	59.748963	0.0	2176469	24	4.3
1528257769.1	4300	59.998757	0.0	2221506	24	4.3
1528257773.2	4300	59.999389	0.0	2044075	23	4.3
1528257777.31	4300	59.749326	0.0	2186790	25	4.3
1528257781.42	4300	59.747826	0.0	2105231	26	4.3
1528257785.03	4300	59.998631	0.0	2395588	29	4.3
1528257789.13	4300	59.997885	0.0	1972048	25	4.3
1528257793.24	4300	59.998624	0.0	2134614	25	4.3
1528257797.35	4300	59.748921	0.0	2164140	24	4.3
1528257801.46	4300	59.748226	0.0	2113193	24	4.3
1528257805.06	4300	59.998999	0.0	2147852	23	4.3
1528257809.18	4300	59.997776	0.0	2191074	27	4.3
1528257813.29	4300	59.749459	0.0	2286761	24	4.3
1528257817.39	4300	59.748754	0.0	2307787	26	4.3
1528257821.5	4300	59.74942	0.0	2143948	25	4.3
1528257825.11	4300	59.997675	0.0	1919781	22	4.3
1528257829.22	4300	59.998562	0.0	2147467	24	4.3
1528257833.33	4300	59.749014	0.0	2133870	25	4.3
1528257837.44	4300	59.749628	0.0	2146120	21	4.3
1528257841.04	4300	59.99892	0.0	2108491	26	4.3
1528257845.15	4300	59.998681	0.0	2184571	22	4.3
1528257849.25	4300	59.998196	0.0	2121928	22	4.3
1528257853.36	4300	59.748129	0.0	2219102	26	4.3
1528257857.47	4300	59.711989	0.0	2124950	23	4.3
1528257861.08	4300	59.999389	0.0	2246506	23	4.3
1528257865.19	4300	59.999113	0.0	1961140	21	4.3
1528257869.3	4300	59.749364	0.0	2155012	26	4.3
1528257870.89	4300	59.928731	0.0	1433658	18	4.3

1528257871.14	750	4	0.026	2354772	10	-0.11180000000000001
1528257871.23	4300	7.969002	0.0	2123065	17	0.75
1528257871.32	4300	11.879251	0.0	2177073	20	4.3
1528257871.42	4300	15.777876	0.0	2160877	27	4.3
1528257871.52	4300	19.680731	0.0	2233056	22	4.3
1528257871.61	4300	23.588013	0.0	1941625	29	4.3
1528257871.71	4300	27.491792	0.0	2157535	21	4.3
1528257871.8	4300	31.400758	0.0	2290172	24	4.3
1528257871.89	4300	35.31037	0.0	2055469	18	4.3
1528257871.99	4300	39.207359	0.0	2169201	28	4.3
1528257872.09	4300	43.112587	0.0	2173522	27	4.3
1528257872.18	4300	47.021253	0.0	2102452	24	4.3
1528257872.27	4300	50.931496	0.0	2209463	28	4.3
1528257872.36	4300	54.839147	0.0	2275376	28	4.3
1528257872.43	4300	58.767562	0.0	2005399	10	4.3
1528257875.53	4300	59.748673	0.0	2152483	21	4.3
1528257879.64	4300	59.748934	0.0	2289689	27	4.3
1528257883.25	4300	59.997992	0.0	2059512	24	4.3
1528257887.36	4300	59.999036	0.0	2220726	25	4.3
1528257891.46	4300	59.748865	0.0	2156729	25	4.3
1528257895.57	4300	59.749036	0.0	2039773	24	4.3
1528257899.68	4300	59.748811	0.0	2176469	27	4.3
1528257903.29	4300	59.998489	0.0	2221506	27	4.3
1528257907.39	4300	59.999096	0.0	2044075	22	4.3
1528257911.5	4300	59.749187	0.0	2186790	25	4.3
1528257915.61	4300	59.748142	0.0	2105231	24	4.3
1528257919.22	4300	59.999437	0.0	2395588	28	4.3
1528257923.32	4300	59.998109	0.0	1972048	22	4.3
1528257927.63	4300	59.998162	0.0	2134614	27	4.3
1528257931.27	4300	59.999139	0.0	2164140	27	4.3
1528257935.38	4300	59.999324	0.0	2113193	27	4.3
1528257939.49	4300	59.749326	0.0	2147852	25	4.3
1528257943.6	4300	59.749474	0.0	2191074	26	4.3
1528257947.21	4300	59.999402	0.0	2286761	23	4.3
1528257951.31	4300	59.999316	0.0	2307787	24	4.3
1528257955.42	4300	59.999403	0.0	2143948	26	4.3
1528257959.52	4300	59.749081	0.0	1919781	21	4.3
1528257963.63	4300	59.749455	0.0	2147467	27	4.3
1528257967.76	4300	59.499052	0.0	2133870	26	4.3
1528257971.34	4300	59.999205	0.0	2146120	10	4.3
1528257975.45	4300	59.749182	0.0	2108491	24	4.3
1528257979.56	4300	59.748841	0.0	2184571	25	4.3
1528257983.68	4300	59.74903	0.0	2121928	25	4.3
1528257987.29	4300	59.998115	0.0	2219102	26	4.3
1528257991.4	4300	59.999283	0.0	2124950	24	4.3
1528257995.51	4300	59.74814	0.0	2246506	29	4.3
1528257999.61	4300	59.747814	0.0	1961140	22	4.3
1528258003.22	4300	59.998989	0.0	2155012	25	4.3
1528258005.31	4300	59.679354	0.0	1433658	18	4.3

1528258005.6	750	4	0.014	450283	4	-0.06020000000000003
1528258005.7	4300	7.957094	0.0	2123065	14	0.75
1528258005.79	4300	11.859384	0.0	2177073	23	4.3
1528258005.89	4300	15.762265	0.0	2160877	23	4.3
1528258005.97	4300	19.679201	0.0	2233056	14	4.3
1528258006.07	4300	23.5802	0.0	1941625	29	4.3
1528258006.17	4300	27.480486	0.0	2157535	16	4.3
1528258006.26	4300	31.389104	0.0	2290172	22	4.3
1528258006.36	4300	35.290264	0.0	2055469	23	4.3
1528258006.46	4300	39.192585	0.0	2169201	27	4.3
1528258006.55	4300	43.100125	0.0	2173522	25	4.3
1528258006.62	4300	47.028157	0.0	2102452	12	4.3
1528258006.73	4300	50.925087	0.0	2209463	28	4.3
1528258006.8	4300	54.850288	0.0	2275376	13	4.3
1528258006.9	4300	58.750988	0.0	2005399	27	4.3
1528258010.01	4300	59.749385	0.0	2152483	24	4.3
1528258014.11	4300	59.747723	0.0	2289689	24	4.3
1528258017.72	4300	59.998616	0.0	2059512	23	4.3
1528258021.82	4300	59.998821	0.0	2220726	18	4.3
1528258025.92	4300	59.749427	0.0	2156729	26	4.3
1528258030.03	4300	59.748977	0.0	2039773	24	4.3
1528258034.14	4300	59.749291	0.0	2176469	25	4.3
1528258037.75	4300	59.999341	0.0	2221506	28	4.3
1528258041.86	4300	59.999399	0.0	2044075	22	4.3
1528258045.99	4300	59.749036	0.0	2186790	23	4.3
1528258050.1	4300	59.748501	0.0	2105231	26	4.3
