1527636508.17	750	4	0.01	450283	2	-0.04300000000000004
1527636508.33	4300	7.95243	0.0	2123065	20	0.75
1527636508.48	4300	11.808429	0.0	2177073	26	4.3
1527636508.62	4300	15.660433	0.0	2160877	27	4.3
1527636508.77	4300	19.509175	0.0	2233056	28	4.3
1527636508.92	4300	23.363924	0.0	1941625	22	4.3
1527636509.06	4300	27.224113	0.0	2157535	20	4.3
1527636509.21	4300	31.072018	0.0	2290172	21	4.3
1527636509.37	4300	34.910699	0.0	2055469	25	4.3
1527636509.53	4300	38.753964	0.0	2169201	24	4.3
1527636509.67	4300	42.607457	0.0	2173522	27	4.3
1527636509.82	4300	46.463287	0.0	2102452	24	4.3
1527636509.97	4300	50.311414	0.0	2209463	28	4.3
1527636510.12	4300	54.16167	0.0	2275376	28	4.3
1527636510.27	4300	58.013639	0.0	2005399	23	4.3
1527636512.47	4300	59.998443	0.0	2152483	10	4.3
1527636516.63	4300	59.748781	0.0	2289689	28	4.3
1527636520.29	4300	59.998436	0.0	2059512	24	4.3
1527636524.45	4300	59.99785	0.0	2220726	27	4.3
1527636528.6	4300	59.749305	0.0	2156729	16	4.3
1527636532.75	4300	59.748749	0.0	2039773	19	4.3
1527636536.4	4300	59.999019	0.0	2176469	26	4.3
1527636540.6	4300	59.748164	0.0	2221506	22	4.3
1527636544.75	4300	59.747527	0.0	2044075	21	4.3
1527636548.4	4300	59.998879	0.0	2186790	25	4.3
1527636552.56	4300	59.747814	0.0	2105231	27	4.3
1527636556.72	4300	59.749061	0.0	2395588	21	4.3
1527636560.38	4300	59.998919	0.0	1972048	22	4.3
1527636564.54	4300	59.749166	0.0	2134614	25	4.3
1527636568.7	4300	59.748755	0.0	2164140	19	4.3
1527636572.35	4300	59.99921	0.0	2113193	23	4.3
1527636576.51	4300	59.998594	0.0	2147852	23	4.3
1527636580.67	4300	59.748428	0.0	2191074	26	4.3
1527636584.32	4300	59.998202	0.0	2286761	24	4.3
1527636588.48	4300	59.999269	0.0	2307787	26	4.3
1527636592.63	4300	59.749081	0.0	2143948	18	4.3
1527636596.31	4300	59.997672	0.0	1919781	20	4.3
1527636600.47	4300	59.998938	0.0	2147467	24	4.3
1527636604.63	4300	59.749079	0.0	2133870	24	4.3
1527636608.29	4300	59.999338	0.0	2146120	26	4.3
1527636612.45	4300	59.998802	0.0	2108491	24	4.3
1527636616.57	4300	59.749421	0.0	2184571	7	4.3
1527636620.73	4300	59.749315	0.0	2121928	23	4.3
1527636624.4	4300	59.99856	0.0	2219102	24	4.3
1527636628.59	4300	59.748125	0.0	2124950	26	4.3
1527636632.74	4300	59.748857	0.0	2246506	23	4.3
1527636636.37	4300	59.998479	0.0	1961140	23	4.3
1527636640.5	4300	59.998156	0.0	2155012	28	4.3
1527636642.1	4300	59.927791	0.0	1433658	16	4.3

1527636642.33	750	4	0.019	668286	5	-0.0817
1527636642.5	4300	7.9551	0.0	2123065	14	0.75
1527636642.69	4300	11.764225	0.0	2177073	25	4.3
1527636642.85	4300	15.609346	0.0	2160877	29	4.3
1527636642.99	4300	19.463484	0.0	2233056	27	4.3
1527636643.13	4300	23.332989	0.0	1941625	14	4.3
1527636643.27	4300	27.1898	0.0	2157535	22	4.3
1527636643.41	4300	31.044625	0.0	2290172	27	4.3
1527636643.55	4300	34.913445	0.0	2055469	18	4.3
1527636643.69	4300	38.77158	0.0	2169201	25	4.3
1527636643.85	4300	42.611314	0.0	2173522	21	4.3
1527636644.01	4300	46.447384	0.0	2102452	25	4.3
1527636644.16	4300	50.311282	0.0	2209463	20	4.3
1527636644.33	4300	54.130791	0.0	2275376	21	4.3
1527636644.48	4300	57.979432	0.0	2005399	25	4.3
1527636646.63	4300	59.99739	0.0	2152483	22	4.3
1527636650.79	4300	59.749049	0.0	2289689	22	4.3
1527636654.95	4300	59.748568	0.0	2059512	25	4.3
1527636658.6	4300	59.998834	0.0	2220726	24	4.3
1527636662.76	4300	59.748227	0.0	2156729	25	4.3
1527636666.95	4300	59.749187	0.0	2039773	24	4.3
1527636670.6	4300	59.998601	0.0	2176469	22	4.3
1527636674.76	4300	59.749336	0.0	2221506	26	4.3
1527636678.91	4300	59.748857	0.0	2044075	19	4.3
1527636682.56	4300	59.99885	0.0	2186790	23	4.3
1527636686.72	4300	59.748559	0.0	2105231	21	4.3
1527636690.87	4300	59.747632	0.0	2395588	27	4.3
1527636694.53	4300	59.999212	0.0	1972048	25	4.3
1527636698.68	4300	59.998054	0.0	2134614	19	4.3
1527636702.84	4300	59.747445	0.0	2164140	26	4.3
1527636706.48	4300	59.998477	0.0	2113193	20	4.3
1527636710.67	4300	59.998953	0.0	2147852	26	4.3
1527636714.92	4300	59.749089	0.0	2191074	25	4.3
1527636718.67	4300	59.998748	0.0	2286761	25	4.3
1527636723.03	4300	59.749207	0.0	2307787	25	4.3
1527636726.85	4300	59.748374	0.0	2143948	21	4.3
1527636730.57	4300	59.998261	0.0	1919781	22	4.3
1527636734.79	4300	59.74866	0.0	2147467	21	4.3
1527636738.98	4300	59.749077	0.0	2133870	16	4.3
1527636742.63	4300	59.998539	0.0	2146120	22	4.3
1527636746.8	4300	59.747673	0.0	2108491	26	4.3
1527636750.96	4300	59.748188	0.0	2184571	25	4.3
1527636754.64	4300	59.998904	0.0	2121928	19	4.3
1527636758.79	4300	59.747484	0.0	2219102	24	4.3
1527636762.96	4300	59.747929	0.0	2124950	24	4.3
1527636766.66	4300	59.998878	0.0	2246506	25	4.3
1527636770.8	4300	59.748414	0.0	1961140	22	4.3
1527636774.93	4300	59.747816	0.0	2155012	24	4.3
1527636776.54	4300	59.678559	0.0	1433658	17	4.3

1527636776.78	750	4	0.015	668286	2	-0.0645
1527636776.93	4300	7.953677	0.0	2123065	14	0.75
1527636777.08	4300	11.808695	0.0	2177073	22	4.3
1527636777.22	4300	15.665438	0.0	2160877	23	4.3
1527636777.36	4300	19.522159	0.0	2233056	17	4.3
1527636777.5	4300	23.383738	0.0	1941625	17	4.3
1527636777.65	4300	27.233578	0.0	2157535	24	4.3
1527636777.79	4300	31.09162	0.0	2290172	24	4.3
1527636777.94	4300	34.949527	0.0	2055469	23	4.3
1527636778.09	4300	38.797063	0.0	2169201	24	4.3
1527636778.24	4300	42.651094	0.0	2173522	25	4.3
1527636778.38	4300	46.502726	0.0	2102452	25	4.3
1527636778.52	4300	50.366827	0.0	2209463	20	4.3
1527636778.66	4300	54.222278	0.0	2275376	24	4.3
1527636778.81	4300	58.079156	0.0	2005399	24	4.3
1527636780.96	4300	59.999441	0.0	2152483	12	4.3
1527636785.11	4300	59.999444	0.0	2289689	18	4.3
1527636789.28	4300	59.747858	0.0	2059512	24	4.3
1527636792.94	4300	59.999063	0.0	2220726	24	4.3
1527636797.1	4300	59.999479	0.0	2156729	26	4.3
1527636801.25	4300	59.748703	0.0	2039773	18	4.3
1527636805.41	4300	59.498735	0.0	2176469	23	4.3
1527636809.06	4300	59.999126	0.0	2221506	25	4.3
1527636813.21	4300	59.749044	0.0	2044075	22	4.3
1527636817.36	4300	59.749232	0.0	2186790	22	4.3
1527636821.02	4300	59.998868	0.0	2105231	25	4.3
1527636825.18	4300	59.748723	0.0	2395588	28	4.3
1527636829.33	4300	59.749453	0.0	1972048	21	4.3
1527636832.99	4300	59.998797	0.0	2134614	25	4.3
1527636837.15	4300	59.748876	0.0	2164140	25	4.3
1527636841.3	4300	59.748852	0.0	2113193	22	4.3
1527636845.0	4300	59.999469	0.0	2147852	23	4.3
1527636849.19	4300	59.749255	0.0	2191074	25	4.3
1527636853.35	4300	59.74865	0.0	2286761	27	4.3
1527636857.08	4300	59.997637	0.0	2307787	23	4.3
1527636861.26	4300	59.748407	0.0	2143948	15	4.3
1527636864.91	4300	59.999093	0.0	1919781	23	4.3
1527636869.07	4300	59.998404	0.0	2147467	26	4.3
1527636873.22	4300	59.748305	0.0	2133870	21	4.3
1527636877.38	4300	59.748961	0.0	2146120	26	4.3
