1527622083.53	750	4	0.012	450283	2	-0.05159999999999998
1527622083.7	4300	7.948767	0.0	2123065	16	0.75
1527622083.84	4300	11.805394	0.0	2177073	18	4.3
1527622083.98	4300	15.65934	0.0	2160877	17	4.3
1527622084.13	4300	19.512607	0.0	2233056	24	4.3
1527622084.28	4300	23.366396	0.0	1941625	25	4.3
1527622084.43	4300	27.215347	0.0	2157535	24	4.3
1527622084.91	4300	30.736381	0.0	2290172	339	4.3
1527622085.05	4300	34.59194	0.0	2055469	24	4.3
1527622085.21	4300	38.43818	0.0	2169201	30	4.3
1527622085.36	4300	42.287491	0.0	2173522	26	4.3
1527622085.51	4300	46.139154	0.0	2102452	25	4.3
1527622085.67	4300	49.972414	0.0	2209463	29	4.3
1527622085.82	4300	53.826926	0.0	2275376	20	4.3
1527622085.96	4300	57.685275	0.0	2005399	22	4.3
1527622088.12	4300	59.748805	0.0	2152483	26	4.3
1527622091.78	4300	59.99932	0.0	2289689	26	4.3
1527622095.94	4300	59.749432	0.0	2059512	24	4.3
1527622100.1	4300	59.749225	0.0	2220726	24	4.3
1527622103.75	4300	59.997909	0.0	2156729	21	4.3
1527622107.91	4300	59.747982	0.0	2039773	23	4.3
1527622112.07	4300	59.748292	0.0	2176469	17	4.3
1527622115.73	4300	59.998408	0.0	2221506	22	4.3
1527622119.89	4300	59.998179	0.0	2044075	23	4.3
1527622124.05	4300	59.749402	0.0	2186790	23	4.3
1527622127.72	4300	59.999044	0.0	2105231	25	4.3
1527622131.88	4300	59.999182	0.0	2395588	28	4.3
1527622136.04	4300	59.748971	0.0	1972048	21	4.3
1527622140.21	4300	59.497824	0.0	2134614	26	4.3
1527622143.87	4300	59.998029	0.0	2164140	20	4.3
1527622148.02	4300	59.74768	0.0	2113193	24	4.3
1527622151.69	4300	59.997584	0.0	2147852	25	4.3
1527622155.85	4300	59.999173	0.0	2191074	24	4.3
1527622160.02	4300	59.749239	0.0	2286761	27	4.3
1527622163.69	4300	59.998203	0.0	2307787	26	4.3
1527622167.85	4300	59.998652	0.0	2143948	25	4.3
1527622172.05	4300	59.749179	0.0	1919781	22	4.3
1527622175.7	4300	59.999165	0.0	2147467	18	4.3
1527622180.36	4300	59.49905	0.0	2133870	21	4.3
1527622184.03	4300	59.749191	0.0	2146120	26	4.3
1527622187.69	4300	59.998662	0.0	2108491	25	4.3
1527622191.85	4300	59.999321	0.0	2184571	26	4.3
1527622196.02	4300	59.749339	0.0	2121928	26	4.3
1527622199.67	4300	59.998768	0.0	2219102	19	4.3
1527622203.82	4300	59.999299	0.0	2124950	23	4.3
1527622207.97	4300	59.749591	0.0	2246506	23	4.3
1527622212.11	4300	59.749243	0.0	1961140	18	4.3
1527622215.74	4300	59.998331	0.0	2155012	23	4.3
1527622217.86	4300	59.679431	0.0	1433658	17	4.3

1527622218.17	750	4	0.017	668286	2	-0.07309999999999994
1527622218.33	4300	7.94627	0.0	2123065	19	0.75
1527622218.48	4300	11.803527	0.0	2177073	20	4.3
1527622218.62	4300	15.659424	0.0	2160877	26	4.3
1527622218.77	4300	19.509042	0.0	2233056	28	4.3
1527622218.92	4300	23.362222	0.0	1941625	23	4.3
1527622219.07	4300	27.212858	0.0	2157535	26	4.3
1527622219.22	4300	31.060917	0.0	2290172	28	4.3
1527622219.36	4300	34.914467	0.0	2055469	24	4.3
1527622219.52	4300	38.765415	0.0	2169201	23	4.3
1527622219.67	4300	42.614193	0.0	2173522	26	4.3
1527622219.82	4300	46.462597	0.0	2102452	26	4.3
1527622219.97	4300	50.313481	0.0	2209463	25	4.3
1527622220.12	4300	54.163414	0.0	2275376	25	4.3
1527622220.28	4300	58.002719	0.0	2005399	39	4.3
1527622222.43	4300	59.999315	0.0	2152483	24	4.3
1527622226.61	4300	59.749553	0.0	2289689	20	4.3
1527622230.76	4300	59.747996	0.0	2059512	21	4.3
1527622234.91	4300	59.497864	0.0	2220726	19	4.3
1527622238.57	4300	59.74866	0.0	2156729	25	4.3
1527622242.73	4300	59.749437	0.0	2039773	25	4.3
1527622246.4	4300	59.999387	0.0	2176469	24	4.3
1527622250.56	4300	59.749478	0.0	2221506	27	4.3
1527622254.72	4300	59.749764	0.0	2044075	25	4.3
1527622258.38	4300	59.99781	0.0	2186790	20	4.3
1527622262.54	4300	59.749365	0.0	2105231	22	4.3
1527622266.7	4300	59.748086	0.0	2395588	29	4.3
1527622270.35	4300	59.999228	0.0	1972048	16	4.3
1527622274.51	4300	59.998809	0.0	2134614	22	4.3
1527622278.67	4300	59.749622	0.0	2164140	25	4.3
1527622282.34	4300	59.999392	0.0	2113193	25	4.3
1527622286.5	4300	59.999338	0.0	2147852	23	4.3
1527622290.67	4300	59.748359	0.0	2191074	24	4.3
1527622294.34	4300	59.999205	0.0	2286761	27	4.3
1527622299.05	4300	59.498746	0.0	2307787	27	4.3
1527622302.71	4300	59.748289	0.0	2143948	25	4.3
1527622306.37	4300	59.998595	0.0	1919781	23	4.3
1527622310.53	4300	59.998156	0.0	2147467	27	4.3
1527622314.7	4300	59.749034	0.0	2133870	24	4.3
1527622318.41	4300	59.999419	0.0	2146120	28	4.3
1527622322.57	4300	59.748171	0.0	2108491	22	4.3
1527622326.73	4300	59.749006	0.0	2184571	23	4.3
1527622330.4	4300	59.999454	0.0	2121928	26	4.3
1527622334.56	4300	59.748879	0.0	2219102	29	4.3
1527622338.73	4300	59.749115	0.0	2124950	26	4.3
1527622342.38	4300	59.997886	0.0	2246506	23	4.3
1527622346.53	4300	59.998775	0.0	1961140	22	4.3
1527622350.68	4300	59.749341	0.0	2155012	26	4.3
1527622352.28	4300	59.929146	0.0	1433658	17	4.3

1527622352.51	750	4	0.016	668286	2	-0.06879999999999997
1527622352.67	4300	7.946139	0.0	2123065	20	0.75
1527622352.81	4300	11.802607	0.0	2177073	24	4.3
1527622352.94	4300	15.680704	0.0	2160877	6	4.3
1527622353.08	4300	19.538504	0.0	2233056	13	4.3
1527622353.23	4300	23.390215	0.0	1941625	23	4.3
1527622353.37	4300	27.249541	0.0	2157535	17	4.3
1527622353.51	4300	31.10794	0.0	2290172	18	4.3
1527622353.65	4300	34.965444	0.0	2055469	24	4.3
1527622353.8	4300	38.816599	0.0	2169201	27	4.3
1527622353.95	4300	42.668845	0.0	2173522	25	4.3
1527622354.1	4300	46.518377	0.0	2102452	23	4.3
1527622354.25	4300	50.368192	0.0	2209463	25	4.3
1527622354.4	4300	54.215744	0.0	2275376	27	4.3
1527622354.55	4300	58.06746	0.0	2005399	25	4.3
1527622357.22	4300	59.499377	0.0	2152483	11	4.3
1527622360.88	4300	59.74839	0.0	2289689	25	4.3
1527622365.04	4300	59.748081	0.0	2059512	24	4.3
1527622368.7	4300	59.998397	0.0	2220726	20	4.3
1527622372.86	4300	59.998849	0.0	2156729	18	4.3
1527622377.01	4300	59.747892	0.0	2039773	25	4.3
1527622380.67	4300	59.998772	0.0	2176469	18	4.3
1527622384.83	4300	59.999446	0.0	2221506	19	4.3
