1528208945.94	750	4	0.028	2354772	9	-0.12039999999999995
1528208946.07	4300	7.958594	0.0	2123065	24	0.75
1528208946.16	4300	11.864283	0.0	2177073	24	4.3
1528208946.26	4300	15.766981	0.0	2160877	21	4.3
1528208946.34	4300	19.684093	0.0	2233056	13	4.3
1528208946.43	4300	23.594972	0.0	1941625	21	4.3
1528208946.52	4300	27.502542	0.0	2157535	22	4.3
1528208946.61	4300	31.409979	0.0	2290172	21	4.3
1528208946.71	4300	35.314644	0.0	2055469	18	4.3
1528208946.81	4300	39.212601	0.0	2169201	24	4.3
1528208946.91	4300	43.11187	0.0	2173522	26	4.3
1528208947.01	4300	47.0168	0.0	2102452	20	4.3
1528208947.11	4300	50.921224	0.0	2209463	17	4.3
1528208947.22	4300	54.80296	0.0	2275376	26	4.3
1528208947.32	4300	58.702839	0.0	2005399	22	4.3
1528208950.43	4300	59.749128	0.0	2152483	24	4.3
1528208954.05	4300	59.999067	0.0	2289689	26	4.3
1528208958.16	4300	59.99923	0.0	2059512	21	4.3
1528208962.26	4300	59.999029	0.0	2220726	22	4.3
1528208966.37	4300	59.749406	0.0	2156729	25	4.3
1528208970.47	4300	59.749331	0.0	2039773	23	4.3
1528208974.59	4300	59.498627	0.0	2176469	23	4.3
1528208978.2	4300	59.998868	0.0	2221506	26	4.3
1528208982.31	4300	59.749467	0.0	2044075	21	4.3
1528208986.42	4300	59.748735	0.0	2186790	24	4.3
1528208990.63	4300	59.749673	0.0	2105231	21	4.3
1528208994.75	4300	59.499498	0.0	2395588	27	4.3
1528208998.36	4300	59.748101	0.0	1972048	23	4.3
1528209002.46	4300	59.748564	0.0	2134614	22	4.3
1528209006.57	4300	59.499081	0.0	2164140	25	4.3
1528209010.18	4300	59.998622	0.0	2113193	23	4.3
1528209014.29	4300	59.748004	0.0	2147852	21	4.3
1528209018.4	4300	59.747666	0.0	2191074	23	4.3
1528209022.51	4300	59.748903	0.0	2286761	25	4.3
1528209026.62	4300	59.499223	0.0	2307787	24	4.3
1528209030.23	4300	59.99871	0.0	2143948	22	4.3
1528209034.33	4300	59.748582	0.0	1919781	16	4.3
1528209038.42	4300	59.749481	0.0	2147467	8	4.3
1528209042.52	4300	59.749019	0.0	2133870	18	4.3
1528209046.12	4300	59.998021	0.0	2146120	22	4.3
1528209050.23	4300	59.998844	0.0	2108491	22	4.3
1528209054.33	4300	59.747806	0.0	2184571	23	4.3
1528209058.45	4300	59.748451	0.0	2121928	22	4.3
1528209062.56	4300	59.499598	0.0	2219102	24	4.3
1528209066.66	4300	59.381748	0.0	2124950	26	4.3
1528209070.27	4300	59.9988	0.0	2246506	24	4.3
1528209074.41	4300	59.749495	0.0	1961140	23	4.3
1528209078.62	4300	59.748205	0.0	2155012	22	4.3
1528209080.21	4300	59.679317	0.0	1433658	14	4.3

1528209080.4	750	4	0.02	668286	1	-0.08599999999999997
1528209080.47	4300	7.982501	0.0	2123065	7	0.75
1528209080.56	4300	11.89414	0.0	2177073	24	4.3
1528209080.65	4300	15.803209	0.0	2160877	24	4.3
1528209080.74	4300	19.710749	0.0	2233056	22	4.3
1528209080.83	4300	23.619759	0.0	1941625	20	4.3
1528209080.91	4300	27.54106	0.0	2157535	14	4.3
1528209080.98	4300	31.469431	0.0	2290172	10	4.3
1528209081.05	4300	35.403531	0.0	2055469	8	4.3
1528209081.14	4300	39.314115	0.0	2169201	20	4.3
1528209081.23	4300	43.22075	0.0	2173522	19	4.3
1528209081.33	4300	47.120505	0.0	2102452	25	4.3
1528209081.41	4300	51.039107	0.0	2209463	14	4.3
1528209081.5	4300	54.950214	0.0	2275376	19	4.3
1528209081.61	4300	58.845734	0.0	2005399	33	4.3
1528209084.73	4300	59.749123	0.0	2152483	24	4.3
1528209088.84	4300	59.749117	0.0	2289689	26	4.3
1528209092.95	4300	59.747976	0.0	2059512	23	4.3
1528209096.55	4300	59.997711	0.0	2220726	25	4.3
1528209100.66	4300	59.999492	0.0	2156729	21	4.3
1528209104.76	4300	59.74899	0.0	2039773	21	4.3
1528209108.87	4300	59.749346	0.0	2176469	26	4.3
1528209112.48	4300	59.998675	0.0	2221506	25	4.3
1528209116.59	4300	59.999156	0.0	2044075	22	4.3
1528209120.7	4300	59.998736	0.0	2186790	22	4.3
1528209124.81	4300	59.748602	0.0	2105231	23	4.3
1528209128.91	4300	59.74912	0.0	2395588	28	4.3
1528209132.52	4300	59.999191	0.0	1972048	22	4.3
1528209136.63	4300	59.998847	0.0	2134614	21	4.3
1528209140.74	4300	59.748974	0.0	2164140	22	4.3
1528209144.84	4300	59.748117	0.0	2113193	23	4.3
1528209148.95	4300	59.748023	0.0	2147852	24	4.3
1528209152.56	4300	59.997801	0.0	2191074	24	4.3
1528209156.67	4300	59.998921	0.0	2286761	23	4.3
1528209160.77	4300	59.749215	0.0	2307787	26	4.3
1528209164.89	4300	59.747932	0.0	2143948	22	4.3
1528209168.49	4300	59.99785	0.0	1919781	23	4.3
1528209172.59	4300	59.998449	0.0	2147467	23	4.3
1528209177.2	4300	59.499543	0.0	2133870	22	4.3
1528209180.81	4300	59.747922	0.0	2146120	24	4.3
1528209184.92	4300	59.749425	0.0	2108491	26	4.3
1528209189.03	4300	59.499376	0.0	2184571	25	4.3
1528209193.14	4300	59.49894	0.0	2121928	23	4.3
1528209196.75	4300	59.748256	0.0	2219102	25	4.3
1528209200.86	4300	59.685507	0.0	2124950	23	4.3
1528209204.47	4300	59.998982	0.0	2246506	24	4.3
1528209208.57	4300	59.99949	0.0	1961140	19	4.3
1528209212.67	4300	59.99913	0.0	2155012	24	4.3
1528209214.27	4300	59.929546	0.0	1433658	19	4.3

1528209214.44	750	4	0.016	668286	3	-0.06879999999999997
1528209214.51	4300	7.979595	0.0	2123065	7	0.75
1528209214.61	4300	11.882475	0.0	2177073	18	4.3
1528209214.69	4300	15.800647	0.0	2160877	17	4.3
1528209214.78	4300	19.714271	0.0	2233056	21	4.3
1528209214.84	4300	23.646979	0.0	1941625	7	4.3
1528209214.91	4300	27.582838	0.0	2157535	8	4.3
1528209215.0	4300	31.494814	0.0	2290172	18	4.3
1528209215.09	4300	35.404966	0.0	2055469	16	4.3
1528209215.19	4300	39.308631	0.0	2169201	14	4.3
1528209215.28	4300	43.211065	0.0	2173522	15	4.3
1528209215.38	4300	47.114762	0.0	2102452	24	4.3
1528209215.45	4300	51.041477	0.0	2209463	13	4.3
1528209215.54	4300	54.952059	0.0	2275376	21	4.3
1528209215.63	4300	58.863783	0.0	2005399	18	4.3
1528209218.72	4300	59.9981	0.0	2152483	15	4.3
1528209222.82	4300	59.749215	0.0	2289689	20	4.3
1528209226.92	4300	59.749416	0.0	2059512	22	4.3
1528209230.53	4300	59.998856	0.0	2220726	25	4.3
1528209235.13	4300	59.499042	0.0	2156729	22	4.3
1528209238.71	4300	59.99916	0.0	2039773	7	4.3
1528209242.82	4300	59.748311	0.0	2176469	23	4.3
1528209246.93	4300	59.749521	0.0	2221506	24	4.3
1528209250.54	4300	59.999252	0.0	2044075	24	4.3
1528209254.65	4300	59.999081	0.0	2186790	21	4.3
1528209258.76	4300	59.748832	0.0	2105231	23	4.3
