1527737584.81	750	4	0.026	2354772	10	-0.11180000000000001
1527737584.93	4300	7.966902	0.0	2123065	21	0.75
1527737585.0	4300	11.887574	0.0	2177073	14	4.3
1527737585.1	4300	15.792469	0.0	2160877	26	4.3
1527737585.18	4300	19.71501	0.0	2233056	11	4.3
1527737585.25	4300	23.642243	0.0	1941625	10	4.3
1527737585.32	4300	27.568932	0.0	2157535	10	4.3
1527737585.4	4300	31.493999	0.0	2290172	12	4.3
1527737585.48	4300	35.416717	0.0	2055469	12	4.3
1527737585.55	4300	39.344714	0.0	2169201	13	4.3
1527737585.61	4300	43.280064	0.0	2173522	7	4.3
1527737585.68	4300	47.215946	0.0	2102452	6	4.3
1527737585.75	4300	51.139177	0.0	2209463	6	4.3
1527737585.83	4300	55.06387	0.0	2275376	7	4.3
1527737585.89	4300	58.999059	0.0	2005399	7	4.3
1527737588.96	4300	59.99895	0.0	2152483	7	4.3
1527737593.07	4300	59.998833	0.0	2289689	26	4.3
1527737597.18	4300	59.749041	0.0	2059512	23	4.3
1527737601.29	4300	59.748411	0.0	2220726	25	4.3
1527737604.9	4300	59.998966	0.0	2156729	24	4.3
1527737609.01	4300	59.998538	0.0	2039773	23	4.3
1527737613.11	4300	59.999257	0.0	2176469	24	4.3
1527737617.22	4300	59.74866	0.0	2221506	24	4.3
1527737621.32	4300	59.74864	0.0	2044075	15	4.3
1527737624.93	4300	59.999417	0.0	2186790	19	4.3
1527737629.04	4300	59.998169	0.0	2105231	25	4.3
1527737633.15	4300	59.747833	0.0	2395588	27	4.3
1527737637.24	4300	59.747622	0.0	1972048	14	4.3
1527737641.35	4300	59.747521	0.0	2134614	23	4.3
1527737644.95	4300	59.998803	0.0	2164140	24	4.3
1527737649.06	4300	59.999327	0.0	2113193	21	4.3
1527737653.17	4300	59.747541	0.0	2147852	25	4.3
1527737657.32	4300	59.749026	0.0	2191074	24	4.3
1527737661.0	4300	59.996758	0.0	2286761	20	4.3
1527737665.11	4300	59.997504	0.0	2307787	25	4.3
1527737669.21	4300	59.749215	0.0	2143948	25	4.3
1527737673.32	4300	59.749322	0.0	1919781	22	4.3
1527737676.92	4300	59.998619	0.0	2147467	14	4.3
1527737681.04	4300	59.999234	0.0	2133870	26	4.3
1527737685.15	4300	59.998354	0.0	2146120	23	4.3
1527737689.26	4300	59.748824	0.0	2108491	25	4.3
1527737693.37	4300	59.748535	0.0	2184571	25	4.3
1527737696.98	4300	59.998948	0.0	2121928	23	4.3
1527737701.09	4300	59.999032	0.0	2219102	17	4.3
1527737705.2	4300	59.748879	0.0	2124950	20	4.3
1527737709.31	4300	59.749164	0.0	2246506	21	4.3
1527737712.91	4300	59.998118	0.0	1961140	21	4.3
1527737717.01	4300	59.999323	0.0	2155012	23	4.3
1527737719.11	4300	59.678825	0.0	1433658	16	4.3

1527737719.31	750	4	0.015	668286	2	-0.0645
1527737719.39	4300	7.979411	0.0	2123065	5	0.75
1527737719.48	4300	11.892662	0.0	2177073	19	4.3
1527737719.55	4300	15.819376	0.0	2160877	11	4.3
1527737719.62	4300	19.743633	0.0	2233056	11	4.3
1527737719.69	4300	23.672128	0.0	1941625	11	4.3
1527737719.8	4300	27.571142	0.0	2157535	23	4.3
1527737719.86	4300	31.505288	0.0	2290172	8	4.3
1527737719.93	4300	35.43823	0.0	2055469	9	4.3
1527737720.0	4300	39.364789	0.0	2169201	8	4.3
1527737720.07	4300	43.294827	0.0	2173522	8	4.3
1527737720.14	4300	47.226639	0.0	2102452	8	4.3
1527737720.21	4300	51.159619	0.0	2209463	8	4.3
1527737720.32	4300	55.088664	0.0	2275376	9	4.3
1527737720.41	4300	58.958571	0.0	2005399	20	4.3
1527737723.49	4300	59.998598	0.0	2152483	12	4.3
1527737727.6	4300	59.999237	0.0	2289689	23	4.3
1527737731.71	4300	59.749159	0.0	2059512	21	4.3
1527737735.81	4300	59.749054	0.0	2220726	25	4.3
1527737739.42	4300	59.998805	0.0	2156729	22	4.3
1527737743.53	4300	59.998148	0.0	2039773	23	4.3
1527737747.63	4300	59.749431	0.0	2176469	15	4.3
1527737751.73	4300	59.749639	0.0	2221506	19	4.3
1527737755.85	4300	59.748655	0.0	2044075	20	4.3
1527737759.97	4300	59.498645	0.0	2186790	20	4.3
1527737763.58	4300	59.998988	0.0	2105231	23	4.3
1527737767.68	4300	59.749598	0.0	2395588	24	4.3
1527737771.79	4300	59.749083	0.0	1972048	21	4.3
1527737775.39	4300	59.999289	0.0	2134614	25	4.3
1527737779.5	4300	59.998937	0.0	2164140	25	4.3
1527737783.61	4300	59.999102	0.0	2113193	22	4.3
1527737787.72	4300	59.747926	0.0	2147852	25	4.3
1527737791.83	4300	59.749266	0.0	2191074	25	4.3
1527737795.44	4300	59.999279	0.0	2286761	27	4.3
1527737799.55	4300	59.999224	0.0	2307787	25	4.3
1527737803.65	4300	59.749064	0.0	2143948	22	4.3
1527737807.75	4300	59.748716	0.0	1919781	21	4.3
1527737811.84	4300	59.749208	0.0	2147467	10	4.3
1527737815.45	4300	59.999445	0.0	2133870	24	4.3
1527737819.55	4300	59.998609	0.0	2146120	24	4.3
1527737823.66	4300	59.749364	0.0	2108491	24	4.3
1527737827.77	4300	59.749624	0.0	2184571	26	4.3
1527737831.41	4300	59.997689	0.0	2121928	22	4.3
1527737835.52	4300	59.998662	0.0	2219102	20	4.3
1527737839.62	4300	59.749618	0.0	2124950	21	4.3
1527737843.74	4300	59.749091	0.0	2246506	25	4.3
