1527627336.62	750	4	0.012	450283	1	-0.05159999999999998
1527627336.75	4300	7.95864	0.0	2123065	12	0.75
1527627336.85	4300	11.856563	0.0	2177073	24	4.3
1527627336.97	4300	15.757018	0.0	2160877	18	4.3
1527627337.07	4300	19.63946	0.0	2233056	19	4.3
1527627337.16	4300	23.549273	0.0	1941625	21	4.3
1527627337.26	4300	27.456333	0.0	2157535	21	4.3
1527627337.33	4300	31.375925	0.0	2290172	13	4.3
1527627337.4	4300	35.313377	0.0	2055469	6	4.3
1527627337.48	4300	39.235515	0.0	2169201	14	4.3
1527627337.58	4300	43.135378	0.0	2173522	25	4.3
1527627337.65	4300	47.062456	0.0	2102452	11	4.3
1527627337.74	4300	50.973825	0.0	2209463	19	4.3
1527627337.84	4300	54.869568	0.0	2275376	26	4.3
1527627337.94	4300	58.770719	0.0	2005399	26	4.3
1527627341.04	4300	59.749858	0.0	2152483	15	4.3
1527627345.15	4300	59.749526	0.0	2289689	19	4.3
1527627348.75	4300	59.998296	0.0	2059512	20	4.3
1527627353.36	4300	59.498361	0.0	2220726	19	4.3
1527627356.96	4300	59.998736	0.0	2156729	23	4.3
1527627361.06	4300	59.749708	0.0	2039773	20	4.3
1527627365.17	4300	59.748331	0.0	2176469	24	4.3
1527627369.28	4300	59.499775	0.0	2221506	23	4.3
1527627373.39	4300	59.499753	0.0	2044075	17	4.3
1527627377.0	4300	59.749902	0.0	2186790	25	4.3
1527627381.11	4300	59.748327	0.0	2105231	21	4.3
1527627385.21	4300	59.748311	0.0	2395588	26	4.3
1527627388.79	4300	59.999164	0.0	1972048	8	4.3
1527627392.9	4300	59.999449	0.0	2134614	22	4.3
1527627397.0	4300	59.750015	0.0	2164140	21	4.3
1527627401.11	4300	59.749965	0.0	2113193	24	4.3
1527627404.72	4300	59.999294	0.0	2147852	24	4.3
1527627408.82	4300	59.999064	0.0	2191074	23	4.3
1527627413.43	4300	59.498685	0.0	2286761	25	4.3
1527627417.05	4300	59.750116	0.0	2307787	29	4.3
1527627421.16	4300	59.749764	0.0	2143948	23	4.3
1527627424.76	4300	59.999089	0.0	1919781	19	4.3
1527627429.37	4300	59.499811	0.0	2147467	20	4.3
1527627432.99	4300	59.749221	0.0	2133870	24	4.3
1527627437.09	4300	59.749725	0.0	2146120	19	4.3
1527627441.2	4300	59.749571	0.0	2108491	23	4.3
1527627444.81	4300	59.999321	0.0	2184571	24	4.3
1527627448.91	4300	59.999097	0.0	2121928	23	4.3
1527627453.02	4300	59.749807	0.0	2219102	21	4.3
1527627457.12	4300	59.599502	0.0	2124950	22	4.3
1527627461.24	4300	59.498248	0.0	2246506	26	4.3
1527627464.84	4300	59.998931	0.0	1961140	23	4.3
1527627468.95	4300	59.99856	0.0	2155012	21	4.3
1527627470.54	4300	59.929391	0.0	1433658	16	4.3

1527627470.72	750	4	0.017	668286	3	-0.07309999999999994
1527627470.83	4300	7.951569	0.0	2123065	14	0.75
1527627470.93	4300	11.850638	0.0	2177073	23	4.3
1527627471.01	4300	15.77124	0.0	2160877	14	4.3
1527627471.11	4300	19.668821	0.0	2233056	26	4.3
1527627471.18	4300	23.596619	0.0	1941625	12	4.3
1527627471.26	4300	27.519246	0.0	2157535	12	4.3
1527627471.34	4300	31.440472	0.0	2290172	14	4.3
1527627471.44	4300	35.340758	0.0	2055469	24	4.3
1527627471.53	4300	39.245423	0.0	2169201	26	4.3
1527627471.61	4300	43.164739	0.0	2173522	14	4.3
1527627471.71	4300	47.06979	0.0	2102452	23	4.3
1527627471.78	4300	50.992684	0.0	2209463	14	4.3
1527627471.88	4300	54.89955	0.0	2275376	17	4.3
1527627471.98	4300	58.802387	0.0	2005399	22	4.3
1527627475.07	4300	59.747973	0.0	2152483	15	4.3
1527627479.17	4300	59.748553	0.0	2289689	24	4.3
1527627483.28	4300	59.498478	0.0	2059512	24	4.3
1527627486.89	4300	59.999081	0.0	2220726	26	4.3
1527627491.0	4300	59.999324	0.0	2156729	24	4.3
1527627495.11	4300	59.747704	0.0	2039773	23	4.3
1527627499.22	4300	59.748962	0.0	2176469	23	4.3
1527627502.82	4300	59.999121	0.0	2221506	22	4.3
1527627506.92	4300	59.998389	0.0	2044075	20	4.3
1527627511.03	4300	59.748552	0.0	2186790	23	4.3
1527627515.14	4300	59.748156	0.0	2105231	23	4.3
1527627519.25	4300	59.748493	0.0	2395588	27	4.3
1527627522.88	4300	59.999367	0.0	1972048	21	4.3
1527627526.99	4300	59.999205	0.0	2134614	25	4.3
1527627531.1	4300	59.74899	0.0	2164140	23	4.3
1527627535.21	4300	59.748458	0.0	2113193	22	4.3
1527627538.82	4300	59.998412	0.0	2147852	25	4.3
1527627542.93	4300	59.998511	0.0	2191074	24	4.3
1527627547.04	4300	59.748676	0.0	2286761	25	4.3
1527627551.15	4300	59.748583	0.0	2307787	25	4.3
1527627555.25	4300	59.749055	0.0	2143948	24	4.3
1527627558.86	4300	59.998635	0.0	1919781	23	4.3
1527627562.97	4300	59.999342	0.0	2147467	24	4.3
1527627567.08	4300	59.748333	0.0	2133870	24	4.3
1527627571.24	4300	59.748488	0.0	2146120	23	4.3
1527627574.89	4300	59.998316	0.0	2108491	25	4.3
1527627579.1	4300	59.99846	0.0	2184571	20	4.3
1527627583.22	4300	59.747939	0.0	2121928	24	4.3
1527627586.83	4300	59.999305	0.0	2219102	26	4.3
1527627590.93	4300	59.997876	0.0	2124950	20	4.3
1527627595.04	4300	59.749042	0.0	2246506	24	4.3
1527627599.14	4300	59.748509	0.0	1961140	21	4.3
1527627603.23	4300	59.748093	0.0	2155012	11	4.3
1527627604.82	4300	59.678095	0.0	1433658	16	4.3

1527627605.03	750	4	0.02	668286	5	-0.08599999999999997
1527627605.1	4300	7.981901	0.0	2123065	6	0.75
1527627605.19	4300	11.890599	0.0	2177073	21	4.3
1527627605.28	4300	15.799452	0.0	2160877	18	4.3
1527627605.38	4300	19.69992	0.0	2233056	24	4.3
1527627605.48	4300	23.599328	0.0	1941625	23	4.3
1527627605.58	4300	27.499182	0.0	2157535	20	4.3
1527627605.67	4300	31.404449	0.0	2290172	18	4.3
1527627605.78	4300	35.302955	0.0	2055469	22	4.3
1527627605.87	4300	39.20632	0.0	2169201	25	4.3
1527627605.96	4300	43.117167	0.0	2173522	26	4.3
1527627606.06	4300	47.024122	0.0	2102452	23	4.3
1527627606.15	4300	50.931876	0.0	2209463	21	4.3
1527627606.24	4300	54.839013	0.0	2275376	21	4.3
1527627606.33	4300	58.749387	0.0	2005399	18	4.3
1527627609.45	4300	59.749017	0.0	2152483	21	4.3
1527627613.54	4300	59.749605	0.0	2289689	7	4.3
1527627617.15	4300	59.998106	0.0	2059512	22	4.3
1527627621.76	4300	59.49811	0.0	2220726	24	4.3
1527627625.37	4300	59.748357	0.0	2156729	25	4.3
1527627629.48	4300	59.748109	0.0	2039773	21	4.3
1527627633.09	4300	59.999412	0.0	2176469	23	4.3
1527627637.19	4300	59.997768	0.0	2221506	22	4.3
1527627641.8	4300	59.499323	0.0	2044075	22	4.3
1527627645.41	4300	59.748754	0.0	2186790	25	4.3
1527627649.52	4300	59.749266	0.0	2105231	22	4.3
1527627653.13	4300	59.999347	0.0	2395588	26	4.3
1527627657.24	4300	59.998363	0.0	1972048	18	4.3
1527627661.34	4300	59.748638	0.0	2134614	18	4.3
1527627665.45	4300	59.749595	0.0	2164140	23	4.3
1527627669.56	4300	59.749145	0.0	2113193	23	4.3
1527627673.17	4300	59.998886	0.0	2147852	25	4.3
1527627677.27	4300	59.999447	0.0	2191074	21	4.3
1527627681.38	4300	59.749142	0.0	2286761	24	4.3
1527627685.49	4300	59.749117	0.0	2307787	24	4.3
1527627689.1	4300	59.999276	0.0	2143948	24	4.3
1527627693.2	4300	59.998124	0.0	1919781	18	4.3
1527627697.31	4300	59.998703	0.0	2147467	23	4.3
