1527707527.3	750	4	0.024	2354772	6	-0.10319999999999996
1527707527.43	4300	7.970913	0.0	2123065	16	0.75
1527707527.57	4300	11.830305	0.0	2177073	26	4.3
1527707527.71	4300	15.692876	0.0	2160877	21	4.3
1527707527.85	4300	19.553796	0.0	2233056	25	4.3
1527707527.98	4300	23.420884	0.0	1941625	15	4.3
1527707528.12	4300	27.281394	0.0	2157535	18	4.3
1527707528.24	4300	31.157321	0.0	2290172	13	4.3
1527707528.39	4300	35.011399	0.0	2055469	20	4.3
1527707528.52	4300	38.885827	0.0	2169201	13	4.3
1527707528.64	4300	42.759177	0.0	2173522	13	4.3
1527707528.79	4300	46.616658	0.0	2102452	17	4.3
1527707528.91	4300	50.486124	0.0	2209463	15	4.3
1527707529.07	4300	54.334753	0.0	2275376	15	4.3
1527707529.17	4300	58.225657	0.0	2005399	8	4.3
1527707531.82	4300	59.749225	0.0	2152483	17	4.3
1527707535.47	4300	59.998999	0.0	2289689	20	4.3
1527707539.62	4300	59.999345	0.0	2059512	24	4.3
1527707543.78	4300	59.748938	0.0	2220726	23	4.3
1527707547.43	4300	59.999497	0.0	2156729	24	4.3
1527707551.62	4300	59.999419	0.0	2039773	24	4.3
1527707555.77	4300	59.748904	0.0	2176469	24	4.3
1527707559.93	4300	59.49905	0.0	2221506	28	4.3
1527707563.57	4300	59.998608	0.0	2044075	8	4.3
1527707567.73	4300	59.748938	0.0	2186790	27	4.3
1527707571.87	4300	59.748104	0.0	2105231	15	4.3
1527707575.52	4300	59.997924	0.0	2395588	22	4.3
1527707579.68	4300	59.748596	0.0	1972048	24	4.3
1527707583.83	4300	59.749678	0.0	2134614	22	4.3
1527707587.49	4300	59.999365	0.0	2164140	26	4.3
1527707591.64	4300	59.998493	0.0	2113193	26	4.3
1527707595.79	4300	59.749485	0.0	2147852	19	4.3
1527707599.45	4300	59.999342	0.0	2191074	27	4.3
1527707603.59	4300	59.999424	0.0	2286761	20	4.3
1527707607.75	4300	59.749101	0.0	2307787	26	4.3
1527707611.41	4300	59.998353	0.0	2143948	23	4.3
1527707615.56	4300	59.998468	0.0	1919781	20	4.3
1527707619.72	4300	59.748917	0.0	2147467	25	4.3
1527707623.88	4300	59.74871	0.0	2133870	20	4.3
1527707627.59	4300	59.999109	0.0	2146120	24	4.3
1527707631.77	4300	59.74883	0.0	2108491	20	4.3
1527707635.93	4300	59.498989	0.0	2184571	25	4.3
1527707640.09	4300	59.498336	0.0	2121928	26	4.3
1527707643.75	4300	59.74823	0.0	2219102	19	4.3
1527707647.9	4300	59.748473	0.0	2124950	24	4.3
1527707651.55	4300	59.998703	0.0	2246506	19	4.3
1527707655.69	4300	59.749279	0.0	1961140	25	4.3
1527707659.82	4300	59.748204	0.0	2155012	21	4.3
1527707661.45	4300	59.679591	0.0	1433658	18	4.3

1527707661.68	750	4	0.015	668286	2	-0.0645
1527707661.84	4300	7.951281	0.0	2123065	20	0.75
1527707661.98	4300	11.812889	0.0	2177073	26	4.3
1527707662.1	4300	15.688744	0.0	2160877	11	4.3
1527707662.23	4300	19.558563	0.0	2233056	12	4.3
1527707662.35	4300	23.439923	0.0	1941625	9	4.3
1527707662.47	4300	27.319703	0.0	2157535	12	4.3
1527707662.59	4300	31.197074	0.0	2290172	14	4.3
1527707662.71	4300	35.078604	0.0	2055469	11	4.3
1527707662.83	4300	38.961145	0.0	2169201	12	4.3
1527707662.95	4300	42.839571	0.0	2173522	12	4.3
1527707663.07	4300	46.719178	0.0	2102452	11	4.3
1527707663.19	4300	50.599681	0.0	2209463	13	4.3
1527707663.31	4300	54.478728	0.0	2275376	13	4.3
1527707663.45	4300	58.337371	0.0	2005399	20	4.3
1527707666.09	4300	59.74851	0.0	2152483	15	4.3
1527707670.25	4300	59.748409	0.0	2289689	25	4.3
1527707673.89	4300	59.998774	0.0	2059512	18	4.3
1527707678.05	4300	59.748063	0.0	2220726	29	4.3
1527707682.2	4300	59.749066	0.0	2156729	21	4.3
1527707686.35	4300	59.497948	0.0	2039773	25	4.3
1527707690.01	4300	59.999496	0.0	2176469	22	4.3
1527707694.16	4300	59.748294	0.0	2221506	27	4.3
1527707698.3	4300	59.499637	0.0	2044075	20	4.3
1527707702.46	4300	59.499565	0.0	2186790	27	4.3
1527707706.12	4300	59.749599	0.0	2105231	16	4.3
1527707710.29	4300	59.749081	0.0	2395588	11	4.3
1527707714.48	4300	59.497909	0.0	1972048	22	4.3
1527707718.14	4300	59.749545	0.0	2134614	27	4.3
1527707721.87	4300	59.999233	0.0	2164140	26	4.3
1527707726.02	4300	59.999485	0.0	2113193	20	4.3
1527707730.19	4300	59.749679	0.0	2147852	26	4.3
1527707733.84	4300	59.999408	0.0	2191074	21	4.3
1527707738.0	4300	59.998854	0.0	2286761	20	4.3
1527707742.2	4300	59.749341	0.0	2307787	27	4.3
1527707746.36	4300	59.498871	0.0	2143948	23	4.3
1527707750.01	4300	59.998609	0.0	1919781	19	4.3
1527707754.19	4300	59.747767	0.0	2147467	25	4.3
1527707758.34	4300	59.499482	0.0	2133870	20	4.3
1527707761.99	4300	59.999402	0.0	2146120	26	4.3
1527707766.14	4300	59.749367	0.0	2108491	18	4.3
1527707770.3	4300	59.499721	0.0	2184571	26	4.3
1527707773.95	4300	59.998102	0.0	2121928	20	4.3
1527707778.11	4300	59.749089	0.0	2219102	26	4.3
1527707782.26	4300	59.749258	0.0	2124950	25	4.3
1527707786.41	4300	59.499772	0.0	2246506	26	4.3
1527707790.05	4300	59.749002	0.0	1961140	23	4.3
1527707794.18	4300	59.749431	0.0	2155012	26	4.3
1527707795.78	4300	59.929338	0.0	1433658	15	4.3

1527707796.12	750	4	0.017	668286	3	-0.07309999999999994
1527707796.27	4300	7.950274	0.0	2123065	12	0.75
1527707796.42	4300	11.808086	0.0	2177073	22	4.3
1527707796.55	4300	15.673362	0.0	2160877	12	4.3
1527707796.66	4300	19.560828	0.0	2233056	7	4.3
1527707796.77	4300	23.45046	0.0	1941625	7	4.3
1527707796.92	4300	27.310309	0.0	2157535	18	4.3
1527707797.05	4300	31.173408	0.0	2290172	18	4.3
1527707797.19	4300	35.035402	0.0	2055469	24	4.3
1527707797.33	4300	38.902788	0.0	2169201	14	4.3
1527707797.46	4300	42.770066	0.0	2173522	14	4.3
1527707797.58	4300	46.645467	0.0	2102452	9	4.3
1527707797.69	4300	50.531507	0.0	2209463	8	4.3
1527707797.81	4300	54.416502	0.0	2275376	9	4.3
1527707797.93	4300	58.290633	0.0	2005399	8	4.3
1527707800.58	4300	59.748941	0.0	2152483	9	4.3
1527707804.84	4300	59.748532	0.0	2289689	13	4.3
1527707808.49	4300	59.749137	0.0	2059512	18	4.3
1527707812.66	4300	59.74812	0.0	2220726	15	4.3
1527707816.31	4300	59.999252	0.0	2156729	19	4.3
1527707820.46	4300	59.999276	0.0	2039773	23	4.3
1527707824.63	4300	59.748824	0.0	2176469	25	4.3
1527707828.78	4300	59.499454	0.0	2221506	21	4.3
1527707832.43	4300	59.999202	0.0	2044075	26	4.3
1527707836.6	4300	59.749307	0.0	2186790	27	4.3
1527707840.26	4300	59.998814	0.0	2105231	19	4.3
1527707844.5	4300	59.748161	0.0	2395588	27	4.3
1527707848.66	4300	59.749529	0.0	1972048	26	4.3
1527707852.31	4300	59.998691	0.0	2134614	22	4.3
1527707856.46	4300	59.998912	0.0	2164140	26	4.3
1527707860.62	4300	59.748125	0.0	2113193	24	4.3
1527707864.28	4300	59.998845	0.0	2147852	22	4.3
1527707868.46	4300	59.998399	0.0	2191074	25	4.3
1527707872.67	4300	59.748066	0.0	2286761	23	4.3
1527707876.33	4300	59.999221	0.0	2307787	28	4.3
1527707880.53	4300	59.748622	0.0	2143948	27	4.3
1527707884.69	4300	59.749525	0.0	1919781	23	4.3
1527707888.33	4300	59.998225	0.0	2147467	14	4.3
1527707892.48	4300	59.7492	0.0	2133870	18	4.3
