1527754946.33	750	4	0.013	450283	2	-0.05589999999999995
1527754946.43	4300	7.979856	0.0	2123065	6	0.75
1527754946.52	4300	11.891999	0.0	2177073	18	4.3
1527754946.61	4300	15.803262	0.0	2160877	21	4.3
1527754946.69	4300	19.723787	0.0	2233056	16	4.3
1527754946.75	4300	23.659992	0.0	1941625	6	4.3
1527754946.82	4300	27.594408	0.0	2157535	6	4.3
1527754946.88	4300	31.528744	0.0	2290172	7	4.3
1527754946.95	4300	35.459911	0.0	2055469	6	4.3
1527754947.02	4300	39.39606	0.0	2169201	8	4.3
1527754947.08	4300	43.333165	0.0	2173522	6	4.3
1527754947.16	4300	47.251436	0.0	2102452	15	4.3
1527754947.24	4300	51.171996	0.0	2209463	16	4.3
1527754947.32	4300	55.092824	0.0	2275376	16	4.3
1527754947.39	4300	59.025916	0.0	2005399	8	4.3
1527754950.48	4300	59.997791	0.0	2152483	8	4.3
1527754954.58	4300	59.999412	0.0	2289689	21	4.3
1527754958.69	4300	59.748916	0.0	2059512	21	4.3
1527754962.8	4300	59.74895	0.0	2220726	27	4.3
1527754966.91	4300	59.749163	0.0	2156729	23	4.3
1527754970.51	4300	59.998037	0.0	2039773	24	4.3
1527754974.62	4300	59.999389	0.0	2176469	22	4.3
1527754978.73	4300	59.748871	0.0	2221506	22	4.3
1527754982.83	4300	59.749238	0.0	2044075	21	4.3
1527754986.45	4300	59.999179	0.0	2186790	25	4.3
1527754990.55	4300	59.999443	0.0	2105231	20	4.3
1527754994.66	4300	59.997936	0.0	2395588	27	4.3
1527754998.74	4300	59.749433	0.0	1972048	11	4.3
1527755002.85	4300	59.749341	0.0	2134614	24	4.3
1527755006.95	4300	59.499005	0.0	2164140	25	4.3
1527755011.06	4300	59.499118	0.0	2113193	24	4.3
1527755014.67	4300	59.748812	0.0	2147852	23	4.3
1527755018.78	4300	59.748674	0.0	2191074	23	4.3
1527755022.96	4300	59.749608	0.0	2286761	20	4.3
1527755026.56	4300	59.999188	0.0	2307787	19	4.3
1527755030.67	4300	59.998948	0.0	2143948	20	4.3
1527755034.77	4300	59.74806	0.0	1919781	19	4.3
1527755038.85	4300	59.74973	0.0	2147467	9	4.3
1527755042.46	4300	59.99932	0.0	2133870	25	4.3
1527755046.57	4300	59.998598	0.0	2146120	21	4.3
1527755050.67	4300	59.749053	0.0	2108491	21	4.3
1527755054.78	4300	59.748618	0.0	2184571	24	4.3
1527755058.89	4300	59.749374	0.0	2121928	24	4.3
1527755062.49	4300	59.998871	0.0	2219102	25	4.3
1527755066.6	4300	59.998942	0.0	2124950	24	4.3
1527755070.71	4300	59.748411	0.0	2246506	24	4.3
1527755074.82	4300	59.747868	0.0	1961140	22	4.3
1527755078.9	4300	59.748709	0.0	2155012	10	4.3
1527755080.5	4300	59.678943	0.0	1433658	16	4.3

1527755080.71	750	4	0.014	668286	2	-0.06020000000000003
1527755080.81	4300	7.959335	0.0	2123065	12	0.75
1527755080.9	4300	11.867925	0.0	2177073	20	4.3
1527755080.99	4300	15.778867	0.0	2160877	19	4.3
1527755081.09	4300	19.683866	0.0	2233056	20	4.3
1527755081.16	4300	23.615493	0.0	1941625	9	4.3
1527755081.23	4300	27.539261	0.0	2157535	8	4.3
1527755081.3	4300	31.471486	0.0	2290172	7	4.3
1527755081.38	4300	35.396364	0.0	2055469	14	4.3
1527755081.45	4300	39.326189	0.0	2169201	7	4.3
1527755081.51	4300	43.258731	0.0	2173522	7	4.3
1527755081.6	4300	47.171375	0.0	2102452	19	4.3
1527755081.67	4300	51.100512	0.0	2209463	11	4.3
1527755081.74	4300	55.029243	0.0	2275376	10	4.3
1527755081.83	4300	58.943875	0.0	2005399	15	4.3
1527755085.41	4300	59.499859	0.0	2152483	10	4.3
1527755089.52	4300	59.499754	0.0	2289689	25	4.3
1527755093.12	4300	59.74893	0.0	2059512	24	4.3
1527755097.23	4300	59.749804	0.0	2220726	24	4.3
1527755100.84	4300	59.998544	0.0	2156729	22	4.3
1527755104.94	4300	59.999446	0.0	2039773	21	4.3
1527755109.05	4300	59.74893	0.0	2176469	24	4.3
1527755113.16	4300	59.749171	0.0	2221506	26	4.3
1527755117.26	4300	59.748806	0.0	2044075	23	4.3
1527755120.87	4300	59.999444	0.0	2186790	25	4.3
1527755124.99	4300	59.999453	0.0	2105231	16	4.3
1527755129.09	4300	59.749559	0.0	2395588	21	4.3
1527755133.18	4300	59.749171	0.0	1972048	12	4.3
1527755136.79	4300	59.998652	0.0	2134614	17	4.3
1527755141.39	4300	59.499271	0.0	2164140	19	4.3
1527755145.5	4300	59.499539	0.0	2113193	24	4.3
1527755149.1	4300	59.749956	0.0	2147852	24	4.3
1527755153.21	4300	59.749581	0.0	2191074	22	4.3
1527755156.82	4300	59.999391	0.0	2286761	24	4.3
1527755160.92	4300	59.99945	0.0	2307787	22	4.3
1527755165.03	4300	59.750259	0.0	2143948	23	4.3
1527755169.14	4300	59.748499	0.0	1919781	21	4.3
1527755173.22	4300	59.748171	0.0	2147467	12	4.3
1527755176.84	4300	59.998777	0.0	2133870	21	4.3
1527755180.95	4300	59.999159	0.0	2146120	25	4.3
1527755185.06	4300	59.749222	0.0	2108491	26	4.3
1527755189.17	4300	59.74825	0.0	2184571	25	4.3
1527755192.79	4300	59.998828	0.0	2121928	26	4.3
1527755196.88	4300	59.999481	0.0	2219102	16	4.3
1527755201.49	4300	59.351399	0.0	2124950	23	4.3
1527755205.1	4300	59.749242	0.0	2246506	21	4.3
1527755209.2	4300	59.749288	0.0	1961140	19	4.3
1527755212.8	4300	59.999169	0.0	2155012	23	4.3
1527755214.89	4300	59.679237	0.0	1433658	18	4.3

1527755215.11	750	4	0.015	668286	3	-0.0645
1527755215.18	4300	7.97947	0.0	2123065	6	0.75
1527755215.28	4300	11.88306	0.0	2177073	23	4.3
1527755215.36	4300	15.802305	0.0	2160877	15	4.3
1527755215.43	4300	19.730752	0.0	2233056	10	4.3
1527755215.5	4300	23.666382	0.0	1941625	7	4.3
1527755215.58	4300	27.58284	0.0	2157535	15	4.3
1527755215.65	4300	31.515498	0.0	2290172	10	4.3
1527755215.73	4300	35.432618	0.0	2055469	17	4.3
1527755215.8	4300	39.362967	0.0	2169201	11	4.3
1527755215.87	4300	43.293012	0.0	2173522	8	4.3
1527755215.94	4300	47.22587	0.0	2102452	10	4.3
1527755216.01	4300	51.156888	0.0	2209463	11	4.3
1527755216.08	4300	55.084093	0.0	2275376	11	4.3
1527755216.17	4300	58.991373	0.0	2005399	10	4.3
1527755219.24	4300	59.999062	0.0	2152483	6	4.3
1527755223.34	4300	59.999442	0.0	2289689	16	4.3
1527755227.44	4300	59.749385	0.0	2059512	18	4.3
1527755231.54	4300	59.748473	0.0	2220726	22	4.3
1527755235.65	4300	59.748459	0.0	2156729	24	4.3
