1527758249.23	750	4	0.011	450283	1	-0.04730000000000001
1527758249.39	4300	7.951554	0.0	2123065	15	0.75
1527758249.53	4300	11.809064	0.0	2177073	26	4.3
1527758249.67	4300	15.662699	0.0	2160877	24	4.3
1527758249.81	4300	19.525299	0.0	2233056	19	4.3
1527758249.94	4300	23.394182	0.0	1941625	15	4.3
1527758250.07	4300	27.2697	0.0	2157535	8	4.3
1527758250.22	4300	31.115141	0.0	2290172	25	4.3
1527758250.34	4300	34.996747	0.0	2055469	12	4.3
1527758250.46	4300	38.875665	0.0	2169201	12	4.3
1527758250.59	4300	42.75327	0.0	2173522	12	4.3
1527758250.71	4300	46.630823	0.0	2102452	12	4.3
1527758250.83	4300	50.509173	0.0	2209463	12	4.3
1527758250.95	4300	54.386436	0.0	2275376	14	4.3
1527758251.07	4300	58.266155	0.0	2005399	11	4.3
1527758253.71	4300	59.748044	0.0	2152483	13	4.3
1527758257.37	4300	59.998802	0.0	2289689	24	4.3
1527758261.52	4300	59.999425	0.0	2059512	26	4.3
1527758265.67	4300	59.748966	0.0	2220726	20	4.3
1527758269.83	4300	59.749537	0.0	2156729	28	4.3
1527758273.52	4300	59.99882	0.0	2039773	21	4.3
1527758277.71	4300	59.748431	0.0	2176469	21	4.3
1527758281.36	4300	59.999286	0.0	2221506	25	4.3
1527758285.51	4300	59.999305	0.0	2044075	23	4.3
1527758289.68	4300	59.747714	0.0	2186790	20	4.3
1527758293.83	4300	59.747558	0.0	2105231	23	4.3
1527758297.5	4300	59.998011	0.0	2395588	27	4.3
1527758301.66	4300	59.749233	0.0	1972048	24	4.3
1527758305.81	4300	59.749358	0.0	2134614	23	4.3
1527758309.47	4300	59.999014	0.0	2164140	25	4.3
1527758313.63	4300	59.749351	0.0	2113193	25	4.3
1527758317.78	4300	59.749254	0.0	2147852	21	4.3
1527758321.44	4300	59.998909	0.0	2191074	27	4.3
1527758325.6	4300	59.747911	0.0	2286761	24	4.3
1527758329.75	4300	59.749457	0.0	2307787	22	4.3
1527758333.41	4300	59.999214	0.0	2143948	25	4.3
1527758337.57	4300	59.999328	0.0	1919781	22	4.3
1527758341.72	4300	59.749329	0.0	2147467	19	4.3
1527758345.39	4300	59.998788	0.0	2133870	26	4.3
1527758349.54	4300	59.999203	0.0	2146120	24	4.3
1527758353.69	4300	59.748351	0.0	2108491	20	4.3
1527758357.35	4300	59.998247	0.0	2184571	27	4.3
1527758362.01	4300	59.499011	0.0	2121928	25	4.3
1527758365.73	4300	59.747891	0.0	2219102	25	4.3
1527758369.38	4300	59.999365	0.0	2124950	25	4.3
1527758373.52	4300	59.997672	0.0	2246506	21	4.3
1527758377.66	4300	59.749391	0.0	1961140	22	4.3
1527758381.79	4300	59.747891	0.0	2155012	24	4.3
1527758383.39	4300	59.678045	0.0	1433658	17	4.3

1527758383.61	750	4	0.018	668286	2	-0.07740000000000002
1527758383.76	4300	7.952242	0.0	2123065	17	0.75
1527758383.9	4300	11.811303	0.0	2177073	24	4.3
1527758384.03	4300	15.684926	0.0	2160877	13	4.3
1527758384.16	4300	19.556258	0.0	2233056	15	4.3
1527758384.28	4300	23.428879	0.0	1941625	13	4.3
1527758384.41	4300	27.305376	0.0	2157535	16	4.3
1527758384.53	4300	31.178029	0.0	2290172	16	4.3
1527758384.65	4300	35.06379	0.0	2055469	11	4.3
1527758384.77	4300	38.945139	0.0	2169201	11	4.3
1527758384.9	4300	42.810318	0.0	2173522	18	4.3
1527758385.04	4300	46.673379	0.0	2102452	24	4.3
1527758385.18	4300	50.52827	0.0	2209463	26	4.3
1527758385.32	4300	54.392404	0.0	2275376	21	4.3
1527758385.46	4300	58.25595	0.0	2005399	21	4.3
1527758388.09	4300	59.748955	0.0	2152483	15	4.3
1527758391.74	4300	59.999357	0.0	2289689	21	4.3
1527758395.89	4300	59.99792	0.0	2059512	25	4.3
1527758400.04	4300	59.747806	0.0	2220726	21	4.3
1527758404.27	4300	59.748595	0.0	2156729	27	4.3
1527758407.95	4300	59.999232	0.0	2039773	26	4.3
1527758412.12	4300	59.749173	0.0	2176469	25	4.3
1527758415.76	4300	59.998857	0.0	2221506	23	4.3
1527758420.39	4300	59.498605	0.0	2044075	6	4.3
1527758424.05	4300	59.74924	0.0	2186790	25	4.3
1527758428.2	4300	59.748798	0.0	2105231	23	4.3
1527758431.85	4300	59.998646	0.0	2395588	22	4.3
1527758436.02	4300	59.748384	0.0	1972048	24	4.3
1527758440.18	4300	59.748948	0.0	2134614	24	4.3
1527758443.82	4300	59.998231	0.0	2164140	19	4.3
1527758448.01	4300	59.74932	0.0	2113193	24	4.3
1527758452.25	4300	59.748135	0.0	2147852	18	4.3
1527758455.93	4300	59.998445	0.0	2191074	26	4.3
1527758460.07	4300	59.748289	0.0	2286761	18	4.3
1527758463.73	4300	59.999471	0.0	2307787	28	4.3
1527758467.89	4300	59.997846	0.0	2143948	24	4.3
1527758472.03	4300	59.749245	0.0	1919781	21	4.3
1527758476.17	4300	59.749408	0.0	2147467	11	4.3
1527758480.33	4300	59.497921	0.0	2133870	20	4.3
1527758483.98	4300	59.74903	0.0	2146120	24	4.3
1527758488.12	4300	59.749502	0.0	2108491	18	4.3
1527758492.29	4300	59.497709	0.0	2184571	28	4.3
1527758495.94	4300	59.997832	0.0	2121928	18	4.3
1527758500.09	4300	59.749587	0.0	2219102	22	4.3
1527758503.74	4300	59.999415	0.0	2124950	18	4.3
1527758507.89	4300	59.999365	0.0	2246506	25	4.3
1527758512.02	4300	59.748426	0.0	1961140	23	4.3
1527758516.14	4300	59.747929	0.0	2155012	21	4.3
1527758517.75	4300	59.679183	0.0	1433658	16	4.3

1527758517.98	750	4	0.014	668286	3	-0.06020000000000003
1527758518.16	4300	7.945175	0.0	2123065	23	0.75
1527758518.29	4300	11.814251	0.0	2177073	15	4.3
1527758518.43	4300	15.670352	0.0	2160877	12	4.3
1527758518.56	4300	19.54247	0.0	2233056	11	4.3
1527758518.67	4300	23.435282	0.0	1941625	7	4.3
1527758518.81	4300	27.29781	0.0	2157535	22	4.3
1527758518.95	4300	31.153682	0.0	2290172	12	4.3
1527758519.09	4300	35.017397	0.0	2055469	19	4.3
1527758519.22	4300	38.883331	0.0	2169201	15	4.3
1527758519.38	4300	42.719387	0.0	2173522	24	4.3
1527758519.53	4300	46.575114	0.0	2102452	27	4.3
1527758519.66	4300	50.442663	0.0	2209463	12	4.3
1527758519.81	4300	54.289951	0.0	2275376	21	4.3
1527758519.94	4300	58.161195	0.0	2005399	14	4.3
1527758522.59	4300	59.748967	0.0	2152483	19	4.3
1527758526.24	4300	59.999286	0.0	2289689	16	4.3
1527758530.39	4300	59.748576	0.0	2059512	22	4.3
1527758534.54	4300	59.748418	0.0	2220726	18	4.3
1527758538.19	4300	59.99846	0.0	2156729	27	4.3
1527758542.42	4300	59.998638	0.0	2039773	24	4.3
1527758546.58	4300	59.748904	0.0	2176469	25	4.3
1527758550.23	4300	59.998423	0.0	2221506	24	4.3
1527758554.39	4300	59.747465	0.0	2044075	20	4.3
1527758558.55	4300	59.749444	0.0	2186790	28	4.3
1527758562.7	4300	59.499467	0.0	2105231	23	4.3
1527758566.34	4300	59.998821	0.0	2395588	23	4.3
1527758570.5	4300	59.749054	0.0	1972048	25	4.3
1527758574.14	4300	59.998188	0.0	2134614	20	4.3
1527758578.8	4300	59.499053	0.0	2164140	24	4.3
1527758582.44	4300	59.748401	0.0	2113193	23	4.3
1527758586.6	4300	59.748897	0.0	2147852	24	4.3
1527758590.75	4300	59.498088	0.0	2191074	22	4.3
1527758594.39	4300	59.749638	0.0	2286761	20	4.3
1527758598.55	4300	59.749566	0.0	2307787	25	4.3
1527758602.71	4300	59.499566	0.0	2143948	24	4.3
1527758606.35	4300	59.999292	0.0	1919781	21	4.3
1527758610.51	4300	59.749336	0.0	2147467	25	4.3
1527758614.66	4300	59.498995	0.0	2133870	19	4.3
1527758618.32	4300	59.999177	0.0	2146120	29	4.3
