1527737949.95	750	4	0.026	2354772	7	-0.11180000000000001
1527737950.09	4300	7.962925	0.0	2123065	21	0.75
1527737950.21	4300	11.835436	0.0	2177073	16	4.3
1527737950.34	4300	15.704261	0.0	2160877	17	4.3
1527737950.48	4300	19.569342	0.0	2233056	21	4.3
1527737950.6	4300	23.447934	0.0	1941625	11	4.3
1527737950.72	4300	27.3245	0.0	2157535	13	4.3
1527737950.85	4300	31.199738	0.0	2290172	13	4.3
1527737950.97	4300	35.078695	0.0	2055469	11	4.3
1527737951.1	4300	38.949951	0.0	2169201	13	4.3
1527737951.21	4300	42.835133	0.0	2173522	7	4.3
1527737951.32	4300	46.726555	0.0	2102452	6	4.3
1527737951.46	4300	50.592539	0.0	2209463	7	4.3
1527737951.62	4300	54.430755	0.0	2275376	21	4.3
1527737951.75	4300	58.302557	0.0	2005399	13	4.3
1527737954.38	4300	59.747775	0.0	2152483	15	4.3
1527737958.54	4300	59.74778	0.0	2289689	28	4.3
1527737962.2	4300	59.998838	0.0	2059512	21	4.3
1527737966.35	4300	59.747759	0.0	2220726	20	4.3
1527737970.51	4300	59.748927	0.0	2156729	23	4.3
1527737974.16	4300	59.998852	0.0	2039773	20	4.3
1527737978.31	4300	59.747994	0.0	2176469	26	4.3
1527737982.46	4300	59.748617	0.0	2221506	22	4.3
1527737986.12	4300	59.998147	0.0	2044075	25	4.3
1527737990.77	4300	59.498786	0.0	2186790	19	4.3
1527737994.43	4300	59.749643	0.0	2105231	25	4.3
1527737998.09	4300	59.999298	0.0	2395588	29	4.3
1527738002.25	4300	59.998943	0.0	1972048	24	4.3
1527738006.38	4300	59.748705	0.0	2134614	9	4.3
1527738010.08	4300	59.998819	0.0	2164140	27	4.3
1527738014.23	4300	59.999359	0.0	2113193	19	4.3
1527738018.39	4300	59.749488	0.0	2147852	25	4.3
1527738022.54	4300	59.747671	0.0	2191074	23	4.3
1527738026.2	4300	59.998539	0.0	2286761	26	4.3
1527738030.35	4300	59.749428	0.0	2307787	18	4.3
1527738034.5	4300	59.748054	0.0	2143948	26	4.3
1527738038.15	4300	59.997985	0.0	1919781	19	4.3
1527738042.3	4300	59.748612	0.0	2147467	26	4.3
1527738046.46	4300	59.749307	0.0	2133870	20	4.3
1527738050.12	4300	59.999156	0.0	2146120	24	4.3
1527738054.78	4300	59.498971	0.0	2108491	27	4.3
1527738058.42	4300	59.749424	0.0	2184571	24	4.3
1527738062.08	4300	59.998364	0.0	2121928	25	4.3
1527738066.24	4300	59.998686	0.0	2219102	28	4.3
1527738070.4	4300	59.748786	0.0	2124950	20	4.3
1527738074.54	4300	59.749449	0.0	2246506	18	4.3
1527738078.17	4300	59.998131	0.0	1961140	19	4.3
1527738082.3	4300	59.99942	0.0	2155012	23	4.3
1527738083.91	4300	59.929187	0.0	1433658	18	4.3

1527738084.26	750	4	0.014	668286	3	-0.06020000000000003
1527738084.41	4300	7.947893	0.0	2123065	9	0.75
1527738084.55	4300	11.808652	0.0	2177073	27	4.3
1527738084.68	4300	15.680224	0.0	2160877	12	4.3
1527738084.81	4300	19.551901	0.0	2233056	12	4.3
1527738084.92	4300	23.440765	0.0	1941625	7	4.3
1527738085.05	4300	27.313114	0.0	2157535	16	4.3
1527738085.16	4300	31.197577	0.0	2290172	9	4.3
1527738085.29	4300	35.067315	0.0	2055469	8	4.3
1527738085.45	4300	38.912408	0.0	2169201	26	4.3
1527738085.63	4300	42.727501	0.0	2173522	24	4.3
1527738085.8	4300	46.562837	0.0	2102452	13	4.3
1527738085.95	4300	50.40918	0.0	2209463	12	4.3
1527738086.08	4300	54.277743	0.0	2275376	18	4.3
1527738086.2	4300	58.158644	0.0	2005399	11	4.3
1527738088.9	4300	59.749558	0.0	2152483	27	4.3
1527738092.6	4300	59.99924	0.0	2289689	15	4.3
1527738096.75	4300	59.748768	0.0	2059512	24	4.3
1527738100.4	4300	59.998847	0.0	2220726	21	4.3
1527738104.55	4300	59.998579	0.0	2156729	25	4.3
1527738108.7	4300	59.748962	0.0	2039773	19	4.3
1527738112.86	4300	59.749461	0.0	2176469	26	4.3
1527738116.51	4300	59.998781	0.0	2221506	24	4.3
1527738120.69	4300	59.74945	0.0	2044075	17	4.3
1527738124.85	4300	59.749379	0.0	2186790	20	4.3
1527738128.5	4300	59.997652	0.0	2105231	24	4.3
1527738132.66	4300	59.749442	0.0	2395588	28	4.3
1527738136.81	4300	59.749136	0.0	1972048	18	4.3
1527738140.47	4300	59.999159	0.0	2134614	25	4.3
1527738144.63	4300	59.748549	0.0	2164140	27	4.3
1527738148.78	4300	59.74884	0.0	2113193	20	4.3
1527738152.94	4300	59.499671	0.0	2147852	24	4.3
1527738156.59	4300	59.997827	0.0	2191074	22	4.3
1527738160.75	4300	59.748691	0.0	2286761	25	4.3
1527738164.39	4300	59.999398	0.0	2307787	21	4.3
1527738168.55	4300	59.998473	0.0	2143948	24	4.3
1527738172.7	4300	59.748708	0.0	1919781	22	4.3
1527738176.86	4300	59.749526	0.0	2147467	25	4.3
1527738180.52	4300	59.998909	0.0	2133870	25	4.3
1527738184.68	4300	59.748473	0.0	2146120	24	4.3
1527738188.83	4300	59.748426	0.0	2108491	22	4.3
1527738192.5	4300	59.997932	0.0	2184571	20	4.3
1527738196.66	4300	59.747813	0.0	2121928	26	4.3
1527738200.8	4300	59.748548	0.0	2219102	22	4.3
1527738204.45	4300	59.997643	0.0	2124950	18	4.3
1527738208.61	4300	59.998628	0.0	2246506	25	4.3
1527738212.74	4300	59.749624	0.0	1961140	22	4.3
1527738216.85	4300	59.749473	0.0	2155012	12	4.3
1527738218.45	4300	59.679003	0.0	1433658	13	4.3

1527738218.69	750	4	0.016	668286	1	-0.06879999999999997
1527738218.84	4300	7.949096	0.0	2123065	19	0.75
1527738218.99	4300	11.804316	0.0	2177073	26	4.3
1527738219.12	4300	15.671549	0.0	2160877	12	4.3
1527738219.25	4300	19.540313	0.0	2233056	13	4.3
1527738219.38	4300	23.407433	0.0	1941625	19	4.3
1527738219.53	4300	27.266136	0.0	2157535	28	4.3
1527738219.67	4300	31.119522	0.0	2290172	29	4.3
1527738219.81	4300	34.983789	0.0	2055469	17	4.3
1527738219.93	4300	38.855917	0.0	2169201	15	4.3
1527738220.07	4300	42.718576	0.0	2173522	21	4.3
1527738220.19	4300	46.596444	0.0	2102452	13	4.3
1527738220.34	4300	50.45417	0.0	2209463	27	4.3
1527738220.47	4300	54.325366	0.0	2275376	15	4.3
1527738220.62	4300	58.169215	0.0	2005399	25	4.3
1527738223.27	4300	59.74936	0.0	2152483	22	4.3
1527738226.91	4300	59.997641	0.0	2289689	20	4.3
1527738231.07	4300	59.749364	0.0	2059512	24	4.3
1527738235.27	4300	59.749523	0.0	2220726	27	4.3
1527738238.93	4300	59.998411	0.0	2156729	25	4.3
1527738243.11	4300	59.749148	0.0	2039773	22	4.3
1527738247.31	4300	59.749563	0.0	2176469	24	4.3
1527738250.97	4300	59.997784	0.0	2221506	28	4.3
1527738255.12	4300	59.7489	0.0	2044075	27	4.3
1527738259.28	4300	59.749379	0.0	2186790	22	4.3
1527738262.94	4300	59.998456	0.0	2105231	25	4.3
1527738267.13	4300	59.748912	0.0	2395588	30	4.3
1527738271.27	4300	59.748903	0.0	1972048	19	4.3
1527738274.94	4300	59.999062	0.0	2134614	26	4.3
1527738279.09	4300	59.749434	0.0	2164140	26	4.3
1527738283.26	4300	59.749198	0.0	2113193	22	4.3
1527738286.91	4300	59.998037	0.0	2147852	20	4.3
1527738291.07	4300	59.748931	0.0	2191074	24	4.3
1527738295.23	4300	59.749006	0.0	2286761	27	4.3
1527738298.92	4300	59.998548	0.0	2307787	24	4.3
1527738303.07	4300	59.749533	0.0	2143948	24	4.3
1527738307.23	4300	59.749417	0.0	1919781	21	4.3
1527738310.88	4300	59.997727	0.0	2147467	17	4.3
1527738315.05	4300	59.999469	0.0	2133870	26	4.3
1527738319.2	4300	59.748345	0.0	2146120	23	4.3
1527738323.35	4300	59.498122	0.0	2108491	23	4.3
1527738327.02	4300	59.99914	0.0	2184571	25	4.3
