1528193448.4	750	4	0.026	2354772	8	-0.11180000000000001
1528193448.53	4300	7.965878	0.0	2123065	19	0.75
1528193448.67	4300	11.825035	0.0	2177073	24	4.3
1528193448.81	4300	15.69007	0.0	2160877	20	4.3
1528193448.95	4300	19.54987	0.0	2233056	25	4.3
1528193449.09	4300	23.405988	0.0	1941625	24	4.3
1528193449.26	4300	27.272114	0.0	2157535	16	4.3
1528193449.4	4300	31.09538	0.0	2290172	21	4.3
1528193449.54	4300	34.956521	0.0	2055469	22	4.3
1528193449.69	4300	38.811067	0.0	2169201	24	4.3
1528193449.82	4300	42.676624	0.0	2173522	21	4.3
1528193449.96	4300	46.535526	0.0	2102452	24	4.3
1528193450.11	4300	50.388431	0.0	2209463	26	4.3
1528193450.28	4300	54.220187	0.0	2275376	26	4.3
1528193450.42	4300	58.080722	0.0	2005399	19	4.3
1528193452.57	4300	59.999149	0.0	2152483	24	4.3
1528193456.72	4300	59.999184	0.0	2289689	21	4.3
1528193460.88	4300	59.748708	0.0	2059512	22	4.3
1528193464.52	4300	59.998391	0.0	2220726	19	4.3
1528193468.67	4300	59.999255	0.0	2156729	23	4.3
1528193472.82	4300	59.749361	0.0	2039773	20	4.3
1528193476.98	4300	59.747864	0.0	2176469	26	4.3
1528193480.63	4300	59.997963	0.0	2221506	23	4.3
1528193484.78	4300	59.748964	0.0	2044075	21	4.3
1528193488.94	4300	59.748383	0.0	2186790	20	4.3
1528193492.61	4300	59.997571	0.0	2105231	22	4.3
1528193496.76	4300	59.748943	0.0	2395588	27	4.3
1528193500.91	4300	59.747946	0.0	1972048	16	4.3
1528193504.57	4300	59.997714	0.0	2134614	23	4.3
1528193508.77	4300	59.998034	0.0	2164140	25	4.3
1528193512.92	4300	59.749266	0.0	2113193	24	4.3
1528193516.57	4300	59.998795	0.0	2147852	22	4.3
1528193520.73	4300	59.999269	0.0	2191074	25	4.3
1528193524.88	4300	59.749116	0.0	2286761	21	4.3
1528193528.54	4300	59.997654	0.0	2307787	20	4.3
1528193532.7	4300	59.999132	0.0	2143948	25	4.3
1528193536.85	4300	59.749239	0.0	1919781	18	4.3
1528193540.5	4300	59.99916	0.0	2147467	26	4.3
1528193545.18	4300	59.499539	0.0	2133870	23	4.3
1528193548.82	4300	59.749053	0.0	2146120	21	4.3
1528193552.98	4300	59.749514	0.0	2108491	26	4.3
1528193556.63	4300	59.998387	0.0	2184571	20	4.3
1528193560.78	4300	59.748801	0.0	2121928	26	4.3
1528193564.94	4300	59.749103	0.0	2219102	26	4.3
1528193568.59	4300	59.999057	0.0	2124950	22	4.3
1528193572.74	4300	59.999278	0.0	2246506	25	4.3
1528193576.88	4300	59.749022	0.0	1961140	21	4.3
1528193580.51	4300	59.999325	0.0	2155012	20	4.3
1528193582.63	4300	59.679007	0.0	1433658	17	4.3

1528193582.85	750	4	0.017	668286	3	-0.07309999999999994
1528193583.0	4300	7.95444	0.0	2123065	16	0.75
1528193583.14	4300	11.813942	0.0	2177073	24	4.3
1528193583.29	4300	15.664911	0.0	2160877	27	4.3
1528193583.43	4300	19.520734	0.0	2233056	23	4.3
1528193583.56	4300	23.387485	0.0	1941625	16	4.3
1528193583.71	4300	27.240111	0.0	2157535	25	4.3
1528193583.86	4300	31.094639	0.0	2290172	24	4.3
1528193584.01	4300	34.944257	0.0	2055469	31	4.3
1528193584.16	4300	38.798344	0.0	2169201	24	4.3
1528193584.3	4300	42.650223	0.0	2173522	23	4.3
1528193584.45	4300	46.503983	0.0	2102452	24	4.3
1528193584.6	4300	50.354947	0.0	2209463	24	4.3
1528193584.73	4300	54.216853	0.0	2275376	20	4.3
1528193584.87	4300	58.078096	0.0	2005399	23	4.3
1528193587.02	4300	59.998891	0.0	2152483	18	4.3
1528193591.17	4300	59.999069	0.0	2289689	26	4.3
1528193595.32	4300	59.748657	0.0	2059512	21	4.3
1528193598.98	4300	59.999484	0.0	2220726	26	4.3
1528193603.13	4300	59.999134	0.0	2156729	26	4.3
1528193607.28	4300	59.748732	0.0	2039773	22	4.3
1528193611.43	4300	59.749072	0.0	2176469	19	4.3
1528193615.09	4300	59.999079	0.0	2221506	26	4.3
1528193619.25	4300	59.749412	0.0	2044075	23	4.3
1528193623.4	4300	59.748784	0.0	2186790	22	4.3
1528193627.05	4300	59.997945	0.0	2105231	23	4.3
1528193631.22	4300	59.748491	0.0	2395588	25	4.3
1528193635.38	4300	59.749243	0.0	1972048	23	4.3
1528193639.04	4300	59.999248	0.0	2134614	21	4.3
1528193643.19	4300	59.997982	0.0	2164140	23	4.3
1528193647.34	4300	59.749133	0.0	2113193	18	4.3
1528193650.98	4300	59.997578	0.0	2147852	19	4.3
1528193655.14	4300	59.998797	0.0	2191074	24	4.3
1528193659.29	4300	59.747826	0.0	2286761	20	4.3
1528193663.44	4300	59.748428	0.0	2307787	25	4.3
1528193667.09	4300	59.998924	0.0	2143948	21	4.3
1528193671.24	4300	59.749357	0.0	1919781	22	4.3
1528193675.39	4300	59.748135	0.0	2147467	19	4.3
1528193679.05	4300	59.998714	0.0	2133870	25	4.3
1528193683.21	4300	59.749195	0.0	2146120	25	4.3
1528193687.36	4300	59.747876	0.0	2108491	21	4.3
1528193691.02	4300	59.998793	0.0	2184571	25	4.3
1528193695.68	4300	59.498534	0.0	2121928	25	4.3
1528193699.34	4300	59.748755	0.0	2219102	24	4.3
1528193703.49	4300	59.497746	0.0	2124950	23	4.3
1528193707.14	4300	59.998191	0.0	2246506	21	4.3
1528193711.27	4300	59.749363	0.0	1961140	18	4.3
1528193715.4	4300	59.749415	0.0	2155012	23	4.3
1528193717.0	4300	59.679217	0.0	1433658	16	4.3

1528193717.24	750	4	0.015	668286	2	-0.0645
1528193717.4	4300	7.947474	0.0	2123065	15	0.75
1528193717.56	4300	11.78504	0.0	2177073	18	4.3
1528193717.7	4300	15.645576	0.0	2160877	18	4.3
1528193717.84	4300	19.501855	0.0	2233056	26	4.3
1528193717.98	4300	23.356532	0.0	1941625	23	4.3
1528193718.12	4300	27.221778	0.0	2157535	19	4.3
1528193718.27	4300	31.078504	0.0	2290172	23	4.3
1528193718.41	4300	34.934342	0.0	2055469	24	4.3
1528193718.54	4300	38.799429	0.0	2169201	19	4.3
1528193718.68	4300	42.660061	0.0	2173522	24	4.3
1528193718.83	4300	46.514338	0.0	2102452	24	4.3
1528193718.98	4300	50.366685	0.0	2209463	23	4.3
1528193719.13	4300	54.216896	0.0	2275376	26	4.3
1528193719.27	4300	58.070939	0.0	2005399	22	4.3
1528193721.43	4300	59.998224	0.0	2152483	11	4.3
1528193725.58	4300	59.999478	0.0	2289689	21	4.3
1528193729.74	4300	59.749353	0.0	2059512	23	4.3
1528193733.39	4300	59.998564	0.0	2220726	22	4.3
1528193737.54	4300	59.998929	0.0	2156729	25	4.3
1528193741.69	4300	59.747548	0.0	2039773	18	4.3
1528193745.35	4300	59.997937	0.0	2176469	27	4.3
1528193749.51	4300	59.999172	0.0	2221506	24	4.3
1528193753.66	4300	59.748385	0.0	2044075	21	4.3
1528193757.84	4300	59.748111	0.0	2186790	25	4.3
1528193761.49	4300	59.99811	0.0	2105231	22	4.3
1528193765.65	4300	59.748476	0.0	2395588	28	4.3
1528193769.8	4300	59.749145	0.0	1972048	18	4.3
1528193773.46	4300	59.998063	0.0	2134614	24	4.3
1528193777.62	4300	59.749007	0.0	2164140	24	4.3
1528193781.79	4300	59.749019	0.0	2113193	23	4.3
1528193785.45	4300	59.99901	0.0	2147852	21	4.3
1528193789.6	4300	59.999097	0.0	2191074	23	4.3
1528193793.74	4300	59.747721	0.0	2286761	20	4.3
1528193797.4	4300	59.998823	0.0	2307787	25	4.3
