1527777080.05	750	4	0.024	2354772	10	-0.10319999999999996
1527777080.19	4300	7.967144	0.0	2123065	18	0.75
1527777080.32	4300	11.842441	0.0	2177073	12	4.3
1527777080.45	4300	15.709902	0.0	2160877	15	4.3
1527777080.64	4300	19.559158	0.0	2233056	16	4.3
1527777080.76	4300	23.395027	0.0	1941625	15	4.3
1527777080.89	4300	27.268479	0.0	2157535	13	4.3
1527777081.03	4300	31.126777	0.0	2290172	23	4.3
1527777081.18	4300	34.972954	0.0	2055469	20	4.3
1527777081.31	4300	38.840778	0.0	2169201	17	4.3
1527777081.46	4300	42.700401	0.0	2173522	19	4.3
1527777081.62	4300	46.536652	0.0	2102452	25	4.3
1527777081.8	4300	50.358322	0.0	2209463	26	4.3
1527777081.95	4300	54.201577	0.0	2275376	22	4.3
1527777082.07	4300	58.091617	0.0	2005399	7	4.3
1527777084.2	4300	59.998853	0.0	2152483	18	4.3
1527777088.37	4300	59.998009	0.0	2289689	18	4.3
1527777092.53	4300	59.749439	0.0	2059512	24	4.3
1527777096.18	4300	59.997507	0.0	2220726	23	4.3
1527777100.34	4300	59.999066	0.0	2156729	25	4.3
1527777104.5	4300	59.748444	0.0	2039773	24	4.3
1527777108.65	4300	59.747608	0.0	2176469	23	4.3
1527777112.31	4300	59.997893	0.0	2221506	27	4.3
1527777116.46	4300	59.749571	0.0	2044075	18	4.3
1527777120.62	4300	59.74924	0.0	2186790	25	4.3
1527777124.28	4300	59.998888	0.0	2105231	25	4.3
1527777128.45	4300	59.749111	0.0	2395588	37	4.3
1527777132.61	4300	59.748322	0.0	1972048	22	4.3
1527777136.27	4300	59.999307	0.0	2134614	21	4.3
1527777140.42	4300	59.749114	0.0	2164140	25	4.3
1527777144.57	4300	59.749089	0.0	2113193	14	4.3
1527777148.23	4300	59.998911	0.0	2147852	26	4.3
1527777152.39	4300	59.998828	0.0	2191074	26	4.3
1527777156.54	4300	59.748628	0.0	2286761	22	4.3
1527777160.2	4300	59.998963	0.0	2307787	28	4.3
1527777164.36	4300	59.998892	0.0	2143948	25	4.3
1527777168.51	4300	59.749205	0.0	1919781	18	4.3
1527777172.16	4300	59.998884	0.0	2147467	26	4.3
1527777176.31	4300	59.998938	0.0	2133870	17	4.3
1527777180.47	4300	59.748639	0.0	2146120	21	4.3
1527777184.63	4300	59.748703	0.0	2108491	25	4.3
1527777188.28	4300	59.998806	0.0	2184571	25	4.3
1527777192.44	4300	59.748164	0.0	2121928	25	4.3
1527777196.59	4300	59.749384	0.0	2219102	20	4.3
1527777200.26	4300	59.998828	0.0	2124950	24	4.3
1527777204.41	4300	59.998802	0.0	2246506	25	4.3
1527777208.54	4300	59.749459	0.0	1961140	25	4.3
1527777212.65	4300	59.749191	0.0	2155012	11	4.3
1527777214.26	4300	59.679422	0.0	1433658	16	4.3

1527777214.47	750	4	0.016	668286	3	-0.06879999999999997
1527777214.63	4300	7.94946	0.0	2123065	18	0.75
1527777214.75	4300	11.824036	0.0	2177073	12	4.3
1527777214.89	4300	15.681277	0.0	2160877	12	4.3
1527777215.02	4300	19.54862	0.0	2233056	12	4.3
1527777215.14	4300	23.437165	0.0	1941625	7	4.3
1527777215.27	4300	27.302156	0.0	2157535	19	4.3
1527777215.39	4300	31.187859	0.0	2290172	9	4.3
1527777215.5	4300	35.074197	0.0	2055469	8	4.3
1527777215.61	4300	38.958956	0.0	2169201	9	4.3
1527777215.73	4300	42.843202	0.0	2173522	10	4.3
1527777215.85	4300	46.728716	0.0	2102452	9	4.3
1527777215.96	4300	50.612046	0.0	2209463	10	4.3
1527777216.11	4300	54.462155	0.0	2275376	27	4.3
1527777216.25	4300	58.325864	0.0	2005399	18	4.3
1527777218.93	4300	59.748786	0.0	2152483	23	4.3
1527777222.58	4300	59.999412	0.0	2289689	20	4.3
1527777226.73	4300	59.998894	0.0	2059512	22	4.3
1527777230.9	4300	59.74953	0.0	2220726	27	4.3
1527777235.05	4300	59.748656	0.0	2156729	22	4.3
1527777238.71	4300	59.999192	0.0	2039773	23	4.3
1527777242.87	4300	59.74756	0.0	2176469	26	4.3
1527777247.07	4300	59.748884	0.0	2221506	20	4.3
1527777250.8	4300	59.997806	0.0	2044075	18	4.3
1527777254.96	4300	59.748257	0.0	2186790	26	4.3
1527777258.61	4300	59.999465	0.0	2105231	19	4.3
1527777262.77	4300	59.99774	0.0	2395588	24	4.3
1527777266.92	4300	59.749084	0.0	1972048	24	4.3
1527777271.08	4300	59.748506	0.0	2134614	22	4.3
1527777274.74	4300	59.998294	0.0	2164140	25	4.3
1527777278.9	4300	59.749302	0.0	2113193	25	4.3
1527777283.05	4300	59.748931	0.0	2147852	21	4.3
1527777286.71	4300	59.999036	0.0	2191074	27	4.3
1527777290.87	4300	59.748636	0.0	2286761	28	4.3
1527777295.02	4300	59.748672	0.0	2307787	18	4.3
1527777298.68	4300	59.998047	0.0	2143948	21	4.3
1527777302.84	4300	59.748516	0.0	1919781	23	4.3
1527777306.99	4300	59.749305	0.0	2147467	19	4.3
1527777311.15	4300	59.499398	0.0	2133870	25	4.3
1527777314.82	4300	59.997666	0.0	2146120	24	4.3
1527777318.98	4300	59.749313	0.0	2108491	27	4.3
1527777322.63	4300	59.997625	0.0	2184571	20	4.3
1527777326.78	4300	59.998649	0.0	2121928	24	4.3
1527777330.95	4300	59.747787	0.0	2219102	27	4.3
1527777334.65	4300	59.998899	0.0	2124950	20	4.3
1527777338.79	4300	59.998651	0.0	2246506	19	4.3
1527777342.93	4300	59.748637	0.0	1961140	21	4.3
1527777347.06	4300	59.749178	0.0	2155012	25	4.3
1527777348.67	4300	59.678786	0.0	1433658	17	4.3

1527777348.89	750	4	0.019	668286	2	-0.0817
1527777349.04	4300	7.954769	0.0	2123065	14	0.75
1527777349.18	4300	11.813317	0.0	2177073	21	4.3
1527777349.31	4300	15.678194	0.0	2160877	17	4.3
1527777349.44	4300	19.557781	0.0	2233056	7	4.3
1527777349.58	4300	23.419116	0.0	1941625	18	4.3
1527777349.71	4300	27.28587	0.0	2157535	21	4.3
1527777349.86	4300	31.136088	0.0	2290172	26	4.3
1527777350.0	4300	34.989422	0.0	2055469	24	4.3
1527777350.15	4300	38.840415	0.0	2169201	27	4.3
1527777350.28	4300	42.712687	0.0	2173522	15	4.3
1527777350.43	4300	46.568828	0.0	2102452	24	4.3
1527777350.55	4300	50.440309	0.0	2209463	15	4.3
1527777350.7	4300	54.294727	0.0	2275376	26	4.3
1527777350.85	4300	58.14402	0.0	2005399	10	4.3
1527777353.5	4300	59.499328	0.0	2152483	25	4.3
1527777357.66	4300	59.499379	0.0	2289689	24	4.3
1527777361.32	4300	59.749317	0.0	2059512	24	4.3
1527777365.48	4300	59.749632	0.0	2220726	24	4.3
1527777369.13	4300	59.997797	0.0	2156729	20	4.3
1527777373.28	4300	59.749068	0.0	2039773	24	4.3
1527777377.44	4300	59.748904	0.0	2176469	24	4.3
1527777381.09	4300	59.999347	0.0	2221506	22	4.3
1527777385.25	4300	59.748832	0.0	2044075	24	4.3
1527777389.4	4300	59.748992	0.0	2186790	21	4.3
1527777393.04	4300	59.999413	0.0	2105231	19	4.3
1527777397.2	4300	59.999459	0.0	2395588	26	4.3
1527777401.34	4300	59.749126	0.0	1972048	15	4.3
1527777405.0	4300	59.999181	0.0	2134614	25	4.3
1527777409.65	4300	59.499525	0.0	2164140	18	4.3
1527777413.32	4300	59.74957	0.0	2113193	25	4.3
1527777417.47	4300	59.747971	0.0	2147852	27	4.3
1527777421.14	4300	59.9993	0.0	2191074	25	4.3
1527777425.3	4300	59.748774	0.0	2286761	26	4.3
1527777429.45	4300	59.749217	0.0	2307787	22	4.3
1527777433.09	4300	59.998905	0.0	2143948	17	4.3
1527777437.24	4300	59.998986	0.0	1919781	21	4.3
1527777441.39	4300	59.749517	0.0	2147467	20	4.3
1527777445.56	4300	59.499379	0.0	2133870	25	4.3
1527777449.22	4300	59.998464	0.0	2146120	26	4.3
1527777453.37	4300	59.749669	0.0	2108491	19	4.3
1527777457.02	4300	59.998384	0.0	2184571	27	4.3
