1528185711.13	750	4	0.024	2354772	7	-0.10319999999999996
1528185711.26	4300	7.960476	0.0	2123065	23	0.75
1528185711.35	4300	11.867582	0.0	2177073	22	4.3
1528185711.45	4300	15.773248	0.0	2160877	23	4.3
1528185711.54	4300	19.674879	0.0	2233056	13	4.3
1528185711.64	4300	23.577481	0.0	1941625	22	4.3
1528185711.74	4300	27.47865	0.0	2157535	27	4.3
1528185711.83	4300	31.382689	0.0	2290172	27	4.3
1528185711.93	4300	35.29049	0.0	2055469	20	4.3
1528185712.02	4300	39.19708	0.0	2169201	20	4.3
1528185712.12	4300	43.100734	0.0	2173522	19	4.3
1528185712.22	4300	47.001612	0.0	2102452	23	4.3
1528185712.31	4300	50.908711	0.0	2209463	24	4.3
1528185712.4	4300	54.820788	0.0	2275376	13	4.3
1528185712.47	4300	58.74417	0.0	2005399	11	4.3
1528185715.59	4300	59.749202	0.0	2152483	25	4.3
1528185719.7	4300	59.747513	0.0	2289689	21	4.3
1528185723.3	4300	59.998488	0.0	2059512	19	4.3
1528185727.41	4300	59.998927	0.0	2220726	24	4.3
1528185731.53	4300	59.748933	0.0	2156729	24	4.3
1528185735.64	4300	59.749014	0.0	2039773	22	4.3
1528185739.25	4300	59.998769	0.0	2176469	25	4.3
1528185743.36	4300	59.998733	0.0	2221506	21	4.3
1528185747.58	4300	59.998761	0.0	2044075	22	4.3
1528185751.69	4300	59.748631	0.0	2186790	26	4.3
1528185755.31	4300	59.998041	0.0	2105231	24	4.3
1528185759.42	4300	59.999022	0.0	2395588	21	4.3
1528185763.52	4300	59.748352	0.0	1972048	17	4.3
1528185767.63	4300	59.748966	0.0	2134614	22	4.3
1528185771.24	4300	59.998956	0.0	2164140	22	4.3
1528185775.36	4300	59.998916	0.0	2113193	25	4.3
1528185779.47	4300	59.749203	0.0	2147852	23	4.3
1528185783.59	4300	59.749386	0.0	2191074	23	4.3
1528185787.69	4300	59.748241	0.0	2286761	25	4.3
1528185791.3	4300	59.998946	0.0	2307787	26	4.3
1528185795.4	4300	59.99834	0.0	2143948	21	4.3
1528185799.5	4300	59.748654	0.0	1919781	22	4.3
1528185803.62	4300	59.747833	0.0	2147467	22	4.3
1528185807.23	4300	59.998538	0.0	2133870	25	4.3
1528185811.33	4300	59.999133	0.0	2146120	24	4.3
1528185815.44	4300	59.998422	0.0	2108491	24	4.3
1528185819.55	4300	59.748956	0.0	2184571	25	4.3
1528185823.66	4300	59.748974	0.0	2121928	22	4.3
1528185827.27	4300	59.998497	0.0	2219102	25	4.3
1528185831.38	4300	59.998685	0.0	2124950	21	4.3
1528185835.5	4300	59.749342	0.0	2246506	24	4.3
1528185839.59	4300	59.74874	0.0	1961140	20	4.3
1528185843.7	4300	59.747944	0.0	2155012	11	4.3
1528185845.3	4300	59.678493	0.0	1433658	15	4.3

1528185845.49	750	4	0.014	668286	2	-0.06020000000000003
1528185845.59	4300	7.959407	0.0	2123065	14	0.75
1528185845.69	4300	11.862688	0.0	2177073	22	4.3
1528185845.78	4300	15.770309	0.0	2160877	25	4.3
1528185845.88	4300	19.676603	0.0	2233056	21	4.3
1528185845.98	4300	23.578987	0.0	1941625	18	4.3
1528185846.08	4300	27.473707	0.0	2157535	30	4.3
1528185846.17	4300	31.37822	0.0	2290172	25	4.3
1528185846.27	4300	35.286802	0.0	2055469	21	4.3
1528185846.36	4300	39.196494	0.0	2169201	21	4.3
1528185846.45	4300	43.104763	0.0	2173522	20	4.3
1528185846.54	4300	47.013701	0.0	2102452	18	4.3
1528185846.63	4300	50.922086	0.0	2209463	22	4.3
1528185846.73	4300	54.818458	0.0	2275376	26	4.3
1528185846.83	4300	58.72468	0.0	2005399	24	4.3
1528185849.93	4300	59.749273	0.0	2152483	23	4.3
1528185854.03	4300	59.748326	0.0	2289689	19	4.3
1528185857.63	4300	59.998738	0.0	2059512	22	4.3
1528185861.74	4300	59.997572	0.0	2220726	22	4.3
1528185865.85	4300	59.74912	0.0	2156729	24	4.3
1528185869.95	4300	59.749544	0.0	2039773	21	4.3
1528185873.56	4300	59.998682	0.0	2176469	24	4.3
1528185877.67	4300	59.998232	0.0	2221506	23	4.3
1528185881.78	4300	59.99916	0.0	2044075	22	4.3
1528185885.89	4300	59.748685	0.0	2186790	25	4.3
1528185889.99	4300	59.748944	0.0	2105231	23	4.3
1528185893.6	4300	59.998888	0.0	2395588	27	4.3
1528185897.71	4300	59.999129	0.0	1972048	21	4.3
1528185901.81	4300	59.749028	0.0	2134614	23	4.3
1528185905.93	4300	59.749464	0.0	2164140	24	4.3
1528185910.03	4300	59.749162	0.0	2113193	25	4.3
1528185913.64	4300	59.998104	0.0	2147852	25	4.3
1528185917.75	4300	59.999043	0.0	2191074	26	4.3
1528185921.86	4300	59.747627	0.0	2286761	24	4.3
1528185925.97	4300	59.747682	0.0	2307787	25	4.3
1528185929.58	4300	59.998871	0.0	2143948	23	4.3
1528185933.68	4300	59.998616	0.0	1919781	17	4.3
1528185937.78	4300	59.997917	0.0	2147467	26	4.3
1528185941.89	4300	59.748421	0.0	2133870	24	4.3
1528185946.0	4300	59.748976	0.0	2146120	24	4.3
1528185949.61	4300	59.99888	0.0	2108491	23	4.3
1528185953.71	4300	59.998391	0.0	2184571	24	4.3
1528185957.83	4300	59.749051	0.0	2121928	25	4.3
1528185961.93	4300	59.749149	0.0	2219102	25	4.3
1528185966.05	4300	59.69023	0.0	2124950	24	4.3
1528185969.66	4300	59.999209	0.0	2246506	25	4.3
1528185973.8	4300	59.999472	0.0	1961140	19	4.3
1528185977.9	4300	59.748569	0.0	2155012	22	4.3
1528185979.5	4300	59.929148	0.0	1433658	34	4.3

1528185979.67	750	4	0.011	668286	2	-0.04730000000000001
1528185979.78	4300	7.95236	0.0	2123065	13	0.75
1528185979.88	4300	11.847815	0.0	2177073	25	4.3
1528185979.97	4300	15.765401	0.0	2160877	13	4.3
1528185980.04	4300	19.694619	0.0	2233056	10	4.3
1528185980.12	4300	23.60942	0.0	1941625	19	4.3
1528185980.2	4300	27.529158	0.0	2157535	10	4.3
1528185980.3	4300	31.433614	0.0	2290172	20	4.3
1528185980.37	4300	35.364686	0.0	2055469	8	4.3
1528185980.45	4300	39.282292	0.0	2169201	19	4.3
1528185980.56	4300	43.177714	0.0	2173522	15	4.3
1528185980.67	4300	47.061671	0.0	2102452	22	4.3
1528185980.76	4300	50.969609	0.0	2209463	21	4.3
1528185980.85	4300	54.878102	0.0	2275376	20	4.3
1528185980.95	4300	58.784088	0.0	2005399	18	4.3
1528185984.04	4300	59.749663	0.0	2152483	16	4.3
1528185988.15	4300	59.748394	0.0	2289689	27	4.3
1528185991.78	4300	59.999247	0.0	2059512	23	4.3
1528185995.9	4300	59.999443	0.0	2220726	23	4.3
1528186000.05	4300	59.749755	0.0	2156729	25	4.3
1528186004.19	4300	59.748592	0.0	2039773	16	4.3
1528186007.79	4300	59.998562	0.0	2176469	21	4.3
1528186011.9	4300	59.99917	0.0	2221506	21	4.3
1528186016.0	4300	59.749283	0.0	2044075	22	4.3
1528186020.11	4300	59.749811	0.0	2186790	23	4.3
1528186024.22	4300	59.749817	0.0	2105231	22	4.3
1528186027.83	4300	59.999213	0.0	2395588	25	4.3
1528186032.45	4300	59.499851	0.0	1972048	18	4.3
1528186036.05	4300	59.749406	0.0	2134614	21	4.3
1528186040.16	4300	59.723223	0.0	2164140	21	4.3
1528186044.27	4300	59.498535	0.0	2113193	21	4.3
1528186048.37	4300	59.499067	0.0	2147852	22	4.3
1528186052.48	4300	59.498697	0.0	2191074	25	4.3
1528186056.09	4300	59.748798	0.0	2286761	23	4.3
1528186060.19	4300	59.748414	0.0	2307787	24	4.3
1528186063.81	4300	59.99871	0.0	2143948	22	4.3
1528186067.91	4300	59.998954	0.0	1919781	21	4.3
