1528159192.21	750	4	0.025	2354772	10	-0.10750000000000004
1528159192.28	4300	7.987068	0.0	2123065	5	0.75
1528159192.37	4300	11.896201	0.0	2177073	25	4.3
1528159192.45	4300	15.818982	0.0	2160877	14	4.3
1528159192.55	4300	19.714689	0.0	2233056	31	4.3
1528159192.64	4300	23.623314	0.0	1941625	24	4.3
1528159192.74	4300	27.524773	0.0	2157535	22	4.3
1528159192.83	4300	31.430084	0.0	2290172	22	4.3
1528159192.92	4300	35.343221	0.0	2055469	20	4.3
1528159193.02	4300	39.240552	0.0	2169201	26	4.3
1528159193.12	4300	43.142897	0.0	2173522	27	4.3
1528159193.19	4300	47.06976	0.0	2102452	12	4.3
1528159193.29	4300	50.969471	0.0	2209463	26	4.3
1528159193.38	4300	54.879906	0.0	2275376	12	4.3
1528159193.45	4300	58.811343	0.0	2005399	8	4.3
1528159196.53	4300	59.747491	0.0	2152483	10	4.3
1528159200.64	4300	59.749038	0.0	2289689	28	4.3
1528159204.75	4300	59.747731	0.0	2059512	24	4.3
1528159208.36	4300	59.998641	0.0	2220726	27	4.3
1528159212.46	4300	59.99886	0.0	2156729	22	4.3
1528159216.57	4300	59.749423	0.0	2039773	26	4.3
1528159220.68	4300	59.749052	0.0	2176469	25	4.3
1528159224.79	4300	59.499322	0.0	2221506	24	4.3
1528159228.4	4300	59.998707	0.0	2044075	25	4.3
1528159232.63	4300	59.999376	0.0	2186790	26	4.3
1528159236.73	4300	59.748189	0.0	2105231	25	4.3
1528159240.34	4300	59.999314	0.0	2395588	27	4.3
1528159244.44	4300	59.999161	0.0	1972048	22	4.3
1528159248.55	4300	59.748718	0.0	2134614	27	4.3
1528159252.66	4300	59.748259	0.0	2164140	25	4.3
1528159256.77	4300	59.748235	0.0	2113193	24	4.3
1528159260.38	4300	59.998032	0.0	2147852	28	4.3
1528159264.48	4300	59.999177	0.0	2191074	24	4.3
1528159268.59	4300	59.74945	0.0	2286761	28	4.3
1528159272.71	4300	59.749241	0.0	2307787	27	4.3
1528159276.32	4300	59.99924	0.0	2143948	25	4.3
1528159280.42	4300	59.997858	0.0	1919781	16	4.3
1528159284.53	4300	59.747986	0.0	2147467	24	4.3
1528159288.64	4300	59.748923	0.0	2133870	23	4.3
1528159292.74	4300	59.749673	0.0	2146120	28	4.3
1528159296.35	4300	59.999071	0.0	2108491	25	4.3
1528159300.45	4300	59.999355	0.0	2184571	25	4.3
1528159304.6	4300	59.747958	0.0	2121928	25	4.3
1528159308.71	4300	59.749242	0.0	2219102	24	4.3
1528159312.4	4300	59.998473	0.0	2124950	23	4.3
1528159316.51	4300	59.998025	0.0	2246506	22	4.3
1528159320.61	4300	59.747996	0.0	1961140	23	4.3
1528159324.72	4300	59.749098	0.0	2155012	26	4.3
1528159326.28	4300	59.679087	0.0	1433658	5	4.3

1528159326.46	750	4	0.024	2354772	7	-0.10319999999999996
1528159326.52	4300	7.986059	0.0	2123065	6	0.75
1528159326.59	4300	11.922738	0.0	2177073	7	4.3
1528159326.65	4300	15.85592	0.0	2160877	7	4.3
1528159326.72	4300	19.793752	0.0	2233056	6	4.3
1528159326.78	4300	23.731533	0.0	1941625	6	4.3
1528159326.84	4300	27.668032	0.0	2157535	8	4.3
1528159326.91	4300	31.604214	0.0	2290172	7	4.3
1528159326.98	4300	35.535754	0.0	2055469	5	4.3
1528159327.04	4300	39.466177	0.0	2169201	6	4.3
1528159327.11	4300	43.400964	0.0	2173522	7	4.3
1528159327.17	4300	47.339362	0.0	2102452	6	4.3
1528159327.23	4300	51.278286	0.0	2209463	7	4.3
1528159327.3	4300	55.214727	0.0	2275376	6	4.3
1528159327.36	4300	59.153184	0.0	2005399	6	4.3
1528159330.93	4300	59.74903	0.0	2152483	7	4.3
1528159334.54	4300	59.999324	0.0	2289689	28	4.3
1528159339.15	4300	59.499305	0.0	2059512	24	4.3
1528159343.26	4300	59.498468	0.0	2220726	26	4.3
1528159346.87	4300	59.748934	0.0	2156729	25	4.3
1528159350.98	4300	59.748338	0.0	2039773	22	4.3
1528159354.58	4300	59.999446	0.0	2176469	27	4.3
1528159358.68	4300	59.999052	0.0	2221506	23	4.3
1528159362.79	4300	59.749261	0.0	2044075	25	4.3
1528159366.9	4300	59.749493	0.0	2186790	26	4.3
1528159371.01	4300	59.499712	0.0	2105231	29	4.3
1528159375.12	4300	59.499314	0.0	2395588	29	4.3
1528159378.73	4300	59.998683	0.0	1972048	23	4.3
1528159382.84	4300	59.748871	0.0	2134614	26	4.3
1528159386.94	4300	59.749413	0.0	2164140	24	4.3
1528159390.55	4300	59.999033	0.0	2113193	26	4.3
1528159394.65	4300	59.99846	0.0	2147852	25	4.3
1528159399.27	4300	59.498473	0.0	2191074	26	4.3
1528159402.93	4300	59.748408	0.0	2286761	22	4.3
1528159406.54	4300	59.999377	0.0	2307787	25	4.3
1528159410.65	4300	59.998329	0.0	2143948	23	4.3
1528159414.76	4300	59.998161	0.0	1919781	22	4.3
1528159418.85	4300	59.748076	0.0	2147467	12	4.3
1528159422.96	4300	59.749383	0.0	2133870	20	4.3
1528159426.56	4300	59.999154	0.0	2146120	18	4.3
1528159430.67	4300	59.998592	0.0	2108491	16	4.3
1528159434.77	4300	59.748014	0.0	2184571	22	4.3
1528159438.88	4300	59.748806	0.0	2121928	21	4.3
1528159442.98	4300	59.747665	0.0	2219102	26	4.3
1528159446.56	4300	59.999323	0.0	2124950	5	4.3
1528159450.67	4300	59.999434	0.0	2246506	26	4.3
1528159454.78	4300	59.999041	0.0	1961140	22	4.3
1528159458.86	4300	59.747982	0.0	2155012	11	4.3
1528159460.45	4300	59.929085	0.0	1433658	16	4.3

1528159460.65	750	4	0.021	2354772	8	-0.09030000000000005
1528159460.74	4300	7.961781	0.0	2123065	21	0.75
1528159460.84	4300	11.863197	0.0	2177073	27	4.3
1528159460.91	4300	15.789991	0.0	2160877	12	4.3
1528159461.01	4300	19.696743	0.0	2233056	21	4.3
1528159461.11	4300	23.594614	0.0	1941625	24	4.3
1528159461.21	4300	27.493355	0.0	2157535	18	4.3
1528159461.3	4300	31.402147	0.0	2290172	19	4.3
1528159461.39	4300	35.311071	0.0	2055469	20	4.3
1528159461.48	4300	39.221033	0.0	2169201	21	4.3
1528159461.57	4300	43.127732	0.0	2173522	20	4.3
1528159461.66	4300	47.040583	0.0	2102452	17	4.3
1528159461.75	4300	50.950575	0.0	2209463	22	4.3
1528159461.84	4300	54.862174	0.0	2275376	20	4.3
1528159461.94	4300	58.765932	0.0	2005399	22	4.3
1528159465.04	4300	59.74924	0.0	2152483	28	4.3
1528159469.16	4300	59.749534	0.0	2289689	25	4.3
1528159472.76	4300	59.998549	0.0	2059512	22	4.3
1528159476.87	4300	59.999228	0.0	2220726	21	4.3
1528159480.98	4300	59.748653	0.0	2156729	22	4.3
1528159485.08	4300	59.747823	0.0	2039773	21	4.3
1528159489.2	4300	59.748652	0.0	2176469	26	4.3
1528159492.81	4300	59.999012	0.0	2221506	21	4.3
1528159496.91	4300	59.998705	0.0	2044075	22	4.3
1528159501.02	4300	59.747966	0.0	2186790	19	4.3
