1528178500.39	750	4	0.026	2354772	9	-0.11180000000000001
1528178500.52	4300	7.960604	0.0	2123065	21	0.75
1528178500.62	4300	11.860361	0.0	2177073	24	4.3
1528178500.7	4300	15.780702	0.0	2160877	14	4.3
1528178500.8	4300	19.679437	0.0	2233056	26	4.3
1528178500.88	4300	23.593052	0.0	1941625	22	4.3
1528178500.96	4300	27.517187	0.0	2157535	11	4.3
1528178501.05	4300	31.425098	0.0	2290172	22	4.3
1528178501.15	4300	35.324963	0.0	2055469	23	4.3
1528178501.25	4300	39.22907	0.0	2169201	24	4.3
1528178501.34	4300	43.138615	0.0	2173522	24	4.3
1528178501.42	4300	47.059721	0.0	2102452	14	4.3
1528178501.51	4300	50.962289	0.0	2209463	25	4.3
1528178501.62	4300	54.85424	0.0	2275376	25	4.3
1528178501.72	4300	58.758095	0.0	2005399	22	4.3
1528178504.82	4300	59.749206	0.0	2152483	22	4.3
1528178508.93	4300	59.747449	0.0	2289689	22	4.3
1528178512.53	4300	59.997996	0.0	2059512	21	4.3
1528178516.64	4300	59.999154	0.0	2220726	24	4.3
1528178520.74	4300	59.749292	0.0	2156729	22	4.3
1528178524.85	4300	59.749031	0.0	2039773	22	4.3
1528178528.96	4300	59.748879	0.0	2176469	22	4.3
1528178532.57	4300	59.998493	0.0	2221506	28	4.3
1528178536.68	4300	59.998381	0.0	2044075	20	4.3
1528178540.78	4300	59.748869	0.0	2186790	25	4.3
1528178544.89	4300	59.749287	0.0	2105231	23	4.3
1528178548.5	4300	59.998661	0.0	2395588	27	4.3
1528178552.6	4300	59.998428	0.0	1972048	18	4.3
1528178556.73	4300	59.998723	0.0	2134614	22	4.3
1528178560.92	4300	59.749087	0.0	2164140	23	4.3
1528178564.52	4300	59.997923	0.0	2113193	21	4.3
1528178568.62	4300	59.99757	0.0	2147852	20	4.3
1528178572.73	4300	59.748268	0.0	2191074	24	4.3
1528178576.84	4300	59.747497	0.0	2286761	24	4.3
1528178580.95	4300	59.747852	0.0	2307787	27	4.3
1528178584.56	4300	59.99783	0.0	2143948	25	4.3
1528178588.66	4300	59.99772	0.0	1919781	22	4.3
1528178592.78	4300	59.747794	0.0	2147467	24	4.3
1528178596.89	4300	59.749308	0.0	2133870	23	4.3
1528178600.98	4300	59.498193	0.0	2146120	12	4.3
1528178604.59	4300	59.998046	0.0	2108491	24	4.3
1528178608.7	4300	59.997707	0.0	2184571	25	4.3
1528178612.81	4300	59.74875	0.0	2121928	21	4.3
1528178616.92	4300	59.749369	0.0	2219102	24	4.3
1528178620.53	4300	59.998666	0.0	2124950	24	4.3
1528178624.64	4300	59.998377	0.0	2246506	24	4.3
1528178628.74	4300	59.747598	0.0	1961140	22	4.3
1528178632.93	4300	59.748518	0.0	2155012	24	4.3
1528178634.53	4300	59.678345	0.0	1433658	17	4.3

1528178634.73	750	4	0.013	668286	2	-0.05589999999999995
1528178634.81	4300	7.980304	0.0	2123065	7	0.75
1528178634.9	4300	11.889286	0.0	2177073	23	4.3
1528178634.99	4300	15.797981	0.0	2160877	26	4.3
1528178635.08	4300	19.704324	0.0	2233056	22	4.3
1528178635.17	4300	23.61403	0.0	1941625	20	4.3
1528178635.25	4300	27.53113	0.0	2157535	11	4.3
1528178635.32	4300	31.464948	0.0	2290172	6	4.3
1528178635.4	4300	35.38118	0.0	2055469	16	4.3
1528178635.5	4300	39.285825	0.0	2169201	24	4.3
1528178635.59	4300	43.193633	0.0	2173522	23	4.3
1528178635.67	4300	47.114791	0.0	2102452	14	4.3
1528178635.75	4300	51.0353	0.0	2209463	15	4.3
1528178635.83	4300	54.953094	0.0	2275376	15	4.3
1528178635.92	4300	58.862738	0.0	2005399	18	4.3
1528178639.53	4300	59.498486	0.0	2152483	22	4.3
1528178643.13	4300	59.748552	0.0	2289689	21	4.3
1528178647.25	4300	59.749064	0.0	2059512	23	4.3
1528178651.36	4300	59.499697	0.0	2220726	24	4.3
1528178654.97	4300	59.998592	0.0	2156729	25	4.3
1528178659.07	4300	59.74881	0.0	2039773	22	4.3
1528178663.18	4300	59.748503	0.0	2176469	24	4.3
1528178667.29	4300	59.747865	0.0	2221506	24	4.3
1528178670.9	4300	59.998951	0.0	2044075	22	4.3
1528178675.0	4300	59.998992	0.0	2186790	23	4.3
1528178679.12	4300	59.74876	0.0	2105231	24	4.3
1528178683.23	4300	59.748871	0.0	2395588	25	4.3
1528178686.84	4300	59.997934	0.0	1972048	22	4.3
1528178690.94	4300	59.997757	0.0	2134614	20	4.3
1528178695.05	4300	59.74941	0.0	2164140	23	4.3
1528178699.16	4300	59.749671	0.0	2113193	19	4.3
1528178703.27	4300	59.748219	0.0	2147852	23	4.3
1528178706.88	4300	59.997835	0.0	2191074	23	4.3
1528178711.0	4300	59.999298	0.0	2286761	26	4.3
1528178715.13	4300	59.749599	0.0	2307787	26	4.3
1528178719.23	4300	59.749608	0.0	2143948	19	4.3
1528178722.82	4300	59.999145	0.0	1919781	15	4.3
1528178726.98	4300	59.999014	0.0	2147467	25	4.3
1528178731.12	4300	59.748145	0.0	2133870	18	4.3
1528178735.22	4300	59.748661	0.0	2146120	20	4.3
1528178738.82	4300	59.997548	0.0	2108491	23	4.3
1528178742.93	4300	59.99906	0.0	2184571	22	4.3
1528178747.05	4300	59.748935	0.0	2121928	24	4.3
1528178751.15	4300	59.749093	0.0	2219102	18	4.3
1528178755.26	4300	59.676795	0.0	2124950	23	4.3
1528178758.86	4300	59.9994	0.0	2246506	23	4.3
1528178763.47	4300	59.498873	0.0	1961140	22	4.3
1528178767.08	4300	59.748579	0.0	2155012	24	4.3
1528178768.67	4300	59.929291	0.0	1433658	18	4.3

1528178768.86	750	4	0.021	668286	7	-0.09030000000000005
1528178768.96	4300	7.953597	0.0	2123065	15	0.75
1528178769.06	4300	11.852998	0.0	2177073	24	4.3
1528178769.13	4300	15.778809	0.0	2160877	10	4.3
1528178769.23	4300	19.684341	0.0	2233056	13	4.3
1528178769.31	4300	23.617901	0.0	1941625	6	4.3
1528178769.39	4300	27.519746	0.0	2157535	19	4.3
1528178769.46	4300	31.445625	0.0	2290172	8	4.3
1528178769.55	4300	35.357681	0.0	2055469	12	4.3
1528178769.65	4300	39.2653	0.0	2169201	19	4.3
1528178769.75	4300	43.160867	0.0	2173522	26	4.3
1528178769.84	4300	47.075684	0.0	2102452	16	4.3
1528178769.9	4300	51.008313	0.0	2209463	7	4.3
1528178769.99	4300	54.922443	0.0	2275376	19	4.3
1528178770.06	4300	58.848745	0.0	2005399	10	4.3
1528178773.18	4300	59.748588	0.0	2152483	18	4.3
1528178777.3	4300	59.74809	0.0	2289689	24	4.3
1528178780.92	4300	59.99849	0.0	2059512	24	4.3
1528178785.03	4300	59.998131	0.0	2220726	19	4.3
1528178789.13	4300	59.999269	0.0	2156729	19	4.3
1528178793.24	4300	59.749256	0.0	2039773	22	4.3
1528178797.35	4300	59.747983	0.0	2176469	23	4.3
1528178801.46	4300	59.499451	0.0	2221506	26	4.3
1528178805.56	4300	59.499229	0.0	2044075	23	4.3
1528178809.17	4300	59.748307	0.0	2186790	25	4.3
1528178813.28	4300	59.748788	0.0	2105231	22	4.3
1528178817.39	4300	59.749832	0.0	2395588	28	4.3
1528178821.5	4300	59.499547	0.0	1972048	21	4.3
1528178825.1	4300	59.999302	0.0	2134614	25	4.3
