1528283775.48	750	4	0.017	450283	3	-0.07309999999999994
1528283775.58	4300	7.956203	0.0	2123065	13	0.75
1528283775.69	4300	11.866277	0.0	2177073	17	4.3
1528283775.78	4300	15.752424	0.0	2160877	21	4.3
1528283775.87	4300	19.661315	0.0	2233056	23	4.3
1528283775.97	4300	23.565012	0.0	1941625	19	4.3
1528283776.07	4300	27.46285	0.0	2157535	25	4.3
1528283776.17	4300	31.362711	0.0	2290172	25	4.3
1528283776.26	4300	35.275553	0.0	2055469	22	4.3
1528283776.35	4300	39.182421	0.0	2169201	24	4.3
1528283776.44	4300	43.088595	0.0	2173522	21	4.3
1528283776.54	4300	46.996495	0.0	2102452	22	4.3
1528283776.64	4300	50.891416	0.0	2209463	26	4.3
1528283776.72	4300	54.814586	0.0	2275376	12	4.3
1528283776.8	4300	58.727885	0.0	2005399	17	4.3
1528283779.92	4300	59.748094	0.0	2152483	20	4.3
1528283784.03	4300	59.748815	0.0	2289689	21	4.3
1528283787.63	4300	59.998638	0.0	2059512	20	4.3
1528283791.74	4300	59.998731	0.0	2220726	23	4.3
1528283795.84	4300	59.74888	0.0	2156729	21	4.3
1528283799.99	4300	59.74792	0.0	2039773	24	4.3
1528283803.6	4300	59.999187	0.0	2176469	22	4.3
1528283808.26	4300	59.498451	0.0	2221506	27	4.3
1528283811.87	4300	59.747708	0.0	2044075	24	4.3
1528283815.98	4300	59.749398	0.0	2186790	24	4.3
1528283819.58	4300	59.999123	0.0	2105231	21	4.3
1528283823.69	4300	59.999387	0.0	2395588	21	4.3
1528283827.79	4300	59.74952	0.0	1972048	19	4.3
1528283831.9	4300	59.7496	0.0	2134614	23	4.3
1528283836.01	4300	59.749401	0.0	2164140	26	4.3
1528283839.61	4300	59.997839	0.0	2113193	23	4.3
1528283844.22	4300	59.497794	0.0	2147852	25	4.3
1528283847.84	4300	59.749134	0.0	2191074	25	4.3
1528283851.94	4300	59.748831	0.0	2286761	24	4.3
1528283855.56	4300	59.998946	0.0	2307787	26	4.3
1528283860.17	4300	59.498743	0.0	2143948	24	4.3
1528283864.27	4300	59.499641	0.0	1919781	17	4.3
1528283867.89	4300	59.748764	0.0	2147467	24	4.3
1528283872.0	4300	59.748751	0.0	2133870	27	4.3
1528283875.61	4300	59.998566	0.0	2146120	23	4.3
1528283879.72	4300	59.998326	0.0	2108491	27	4.3
1528283883.83	4300	59.749102	0.0	2184571	26	4.3
1528283887.94	4300	59.748556	0.0	2121928	25	4.3
1528283891.55	4300	59.99878	0.0	2219102	26	4.3
1528283895.72	4300	59.998842	0.0	2124950	23	4.3
1528283899.83	4300	59.74879	0.0	2246506	19	4.3
1528283903.93	4300	59.748468	0.0	1961140	19	4.3
1528283908.02	4300	59.748409	0.0	2155012	12	4.3
1528283909.61	4300	59.678199	0.0	1433658	18	4.3

1528283909.85	750	4	0.026	2354772	6	-0.11180000000000001
1528283909.95	4300	7.961855	0.0	2123065	20	0.75
1528283910.03	4300	11.871378	0.0	2177073	19	4.3
1528283910.13	4300	15.779329	0.0	2160877	21	4.3
1528283910.22	4300	19.686537	0.0	2233056	21	4.3
1528283910.33	4300	23.581147	0.0	1941625	30	4.3
1528283910.39	4300	27.51123	0.0	2157535	10	4.3
1528283910.49	4300	31.420819	0.0	2290172	23	4.3
1528283910.57	4300	35.333135	0.0	2055469	17	4.3
1528283910.68	4300	39.229557	0.0	2169201	24	4.3
1528283910.77	4300	43.131266	0.0	2173522	24	4.3
1528283910.85	4300	47.058828	0.0	2102452	11	4.3
1528283910.95	4300	50.957726	0.0	2209463	26	4.3
1528283911.05	4300	54.860574	0.0	2275376	26	4.3
1528283911.14	4300	58.763352	0.0	2005399	21	4.3
1528283914.24	4300	59.749435	0.0	2152483	21	4.3
1528283918.36	4300	59.749623	0.0	2289689	27	4.3
1528283921.97	4300	59.998212	0.0	2059512	23	4.3
1528283926.07	4300	59.998293	0.0	2220726	24	4.3
1528283930.18	4300	59.747833	0.0	2156729	27	4.3
1528283934.28	4300	59.749067	0.0	2039773	24	4.3
1528283938.39	4300	59.749038	0.0	2176469	24	4.3
1528283942.0	4300	59.999154	0.0	2221506	26	4.3
1528283946.61	4300	59.499198	0.0	2044075	25	4.3
1528283950.22	4300	59.749683	0.0	2186790	25	4.3
1528283954.33	4300	59.748767	0.0	2105231	23	4.3
1528283957.94	4300	59.999142	0.0	2395588	28	4.3
1528283962.55	4300	59.498994	0.0	1972048	20	4.3
1528283966.16	4300	59.998232	0.0	2134614	25	4.3
1528283970.26	4300	59.749332	0.0	2164140	25	4.3
1528283974.37	4300	59.748284	0.0	2113193	27	4.3
1528283977.98	4300	59.998734	0.0	2147852	25	4.3
1528283982.08	4300	59.998274	0.0	2191074	23	4.3
1528283986.19	4300	59.748387	0.0	2286761	27	4.3
1528283990.3	4300	59.748608	0.0	2307787	26	4.3
1528283993.91	4300	59.99829	0.0	2143948	26	4.3
1528283998.02	4300	59.998664	0.0	1919781	22	4.3
1528284002.63	4300	59.497936	0.0	2147467	24	4.3
1528284006.25	4300	59.74946	0.0	2133870	24	4.3
1528284010.35	4300	59.749126	0.0	2146120	17	4.3
1528284014.46	4300	59.498452	0.0	2108491	21	4.3
1528284018.06	4300	59.998962	0.0	2184571	24	4.3
1528284022.2	4300	59.749635	0.0	2121928	27	4.3
1528284026.31	4300	59.747886	0.0	2219102	25	4.3
1528284029.91	4300	59.99944	0.0	2124950	23	4.3
1528284034.02	4300	59.999204	0.0	2246506	21	4.3
1528284038.12	4300	59.998639	0.0	1961140	26	4.3
1528284042.2	4300	59.749647	0.0	2155012	13	4.3
1528284043.8	4300	59.929626	0.0	1433658	17	4.3

1528284044.04	750	4	0.029	2354772	6	-0.12470000000000003
1528284044.14	4300	7.964398	0.0	2123065	18	0.75
1528284044.23	4300	11.872785	0.0	2177073	21	4.3
1528284044.32	4300	15.78091	0.0	2160877	19	4.3
1528284044.41	4300	19.684327	0.0	2233056	24	4.3
1528284044.52	4300	23.580376	0.0	1941625	32	4.3
1528284044.6	4300	27.50434	0.0	2157535	12	4.3
1528284044.7	4300	31.401096	0.0	2290172	29	4.3
1528284044.78	4300	35.314426	0.0	2055469	22	4.3
1528284044.87	4300	39.233718	0.0	2169201	15	4.3
1528284044.97	4300	43.132794	0.0	2173522	26	4.3
1528284045.06	4300	47.040988	0.0	2102452	25	4.3
1528284045.15	4300	50.949916	0.0	2209463	26	4.3
1528284045.23	4300	54.868931	0.0	2275376	15	4.3
1528284045.33	4300	58.773063	0.0	2005399	25	4.3
1528284048.42	4300	59.748563	0.0	2152483	15	4.3
1528284052.52	4300	59.748989	0.0	2289689	26	4.3
1528284056.17	4300	59.998828	0.0	2059512	24	4.3
1528284060.28	4300	59.999087	0.0	2220726	21	4.3
1528284064.38	4300	59.74926	0.0	2156729	20	4.3
1528284068.57	4300	59.749586	0.0	2039773	23	4.3
1528284072.18	4300	59.998632	0.0	2176469	24	4.3
1528284076.29	4300	59.998611	0.0	2221506	23	4.3
1528284080.39	4300	59.748328	0.0	2044075	22	4.3
1528284084.47	4300	59.749138	0.0	2186790	8	4.3
1528284088.58	4300	59.748857	0.0	2105231	25	4.3
1528284092.19	4300	59.999464	0.0	2395588	29	4.3
1528284096.3	4300	59.998437	0.0	1972048	21	4.3
1528284100.41	4300	59.748061	0.0	2134614	26	4.3
1528284104.52	4300	59.749414	0.0	2164140	22	4.3
1528284108.63	4300	59.498594	0.0	2113193	25	4.3
1528284112.24	4300	59.997944	0.0	2147852	22	4.3
1528284116.34	4300	59.998769	0.0	2191074	21	4.3
1528284120.45	4300	59.749549	0.0	2286761	21	4.3
1528284124.56	4300	59.748799	0.0	2307787	26	4.3
1528284128.16	4300	59.999468	0.0	2143948	24	4.3
1528284132.77	4300	59.498768	0.0	1919781	21	4.3
1528284136.38	4300	59.748864	0.0	2147467	25	4.3
