1527623553.05	750	4	0.028	2354772	10	-0.12039999999999995
1527623553.19	4300	7.963932	0.0	2123065	21	0.75
1527623553.33	4300	11.817921	0.0	2177073	26	4.3
1527623553.48	4300	15.67132	0.0	2160877	22	4.3
1527623553.63	4300	19.521483	0.0	2233056	24	4.3
1527623553.76	4300	23.388421	0.0	1941625	19	4.3
1527623553.91	4300	27.245572	0.0	2157535	24	4.3
1527623554.05	4300	31.098627	0.0	2290172	26	4.3
1527623554.2	4300	34.953506	0.0	2055469	25	4.3
1527623554.34	4300	38.815432	0.0	2169201	19	4.3
1527623554.48	4300	42.674902	0.0	2173522	24	4.3
1527623554.62	4300	46.52981	0.0	2102452	26	4.3
1527623554.77	4300	50.3798	0.0	2209463	28	4.3
1527623554.93	4300	54.216659	0.0	2275376	29	4.3
1527623555.07	4300	58.07629	0.0	2005399	23	4.3
1527623557.23	4300	59.998597	0.0	2152483	25	4.3
1527623561.39	4300	59.998783	0.0	2289689	24	4.3
1527623565.54	4300	59.74958	0.0	2059512	19	4.3
1527623569.2	4300	59.997856	0.0	2220726	25	4.3
1527623573.36	4300	59.999027	0.0	2156729	26	4.3
1527623577.51	4300	59.748089	0.0	2039773	19	4.3
1527623581.17	4300	59.999388	0.0	2176469	28	4.3
1527623585.33	4300	59.99915	0.0	2221506	27	4.3
1527623589.48	4300	59.748703	0.0	2044075	19	4.3
1527623593.65	4300	59.7492	0.0	2186790	27	4.3
1527623597.3	4300	59.999107	0.0	2105231	19	4.3
1527623601.46	4300	59.748831	0.0	2395588	28	4.3
1527623605.62	4300	59.749479	0.0	1972048	25	4.3
1527623609.26	4300	59.998405	0.0	2134614	21	4.3
1527623613.42	4300	59.747841	0.0	2164140	26	4.3
1527623617.57	4300	59.74913	0.0	2113193	19	4.3
1527623621.23	4300	59.997511	0.0	2147852	25	4.3
1527623625.39	4300	59.999251	0.0	2191074	24	4.3
1527623629.55	4300	59.748628	0.0	2286761	25	4.3
1527623633.2	4300	59.998863	0.0	2307787	18	4.3
1527623637.36	4300	59.998829	0.0	2143948	26	4.3
1527623641.5	4300	59.748633	0.0	1919781	20	4.3
1527623645.75	4300	59.748603	0.0	2147467	18	4.3
1527623649.4	4300	59.99862	0.0	2133870	20	4.3
1527623653.56	4300	59.748121	0.0	2146120	22	4.3
1527623657.22	4300	59.999213	0.0	2108491	25	4.3
1527623661.38	4300	59.998152	0.0	2184571	26	4.3
1527623665.53	4300	59.747873	0.0	2121928	20	4.3
1527623669.19	4300	59.999035	0.0	2219102	27	4.3
1527623673.34	4300	59.999169	0.0	2124950	20	4.3
1527623677.49	4300	59.749114	0.0	2246506	26	4.3
1527623681.64	4300	59.749145	0.0	1961140	22	4.3
1527623685.26	4300	59.99792	0.0	2155012	19	4.3
1527623687.37	4300	59.677912	0.0	1433658	17	4.3

1527623687.6	750	4	0.02	668286	3	-0.08599999999999997
1527623687.75	4300	7.951353	0.0	2123065	16	0.75
1527623687.92	4300	11.783334	0.0	2177073	26	4.3
1527623688.07	4300	15.630175	0.0	2160877	27	4.3
1527623688.22	4300	19.486771	0.0	2233056	26	4.3
1527623688.37	4300	23.33956	0.0	1941625	20	4.3
1527623688.51	4300	27.191952	0.0	2157535	25	4.3
1527623688.66	4300	31.04133	0.0	2290172	28	4.3
1527623688.81	4300	34.89174	0.0	2055469	25	4.3
1527623688.96	4300	38.743548	0.0	2169201	25	4.3
1527623689.11	4300	42.595248	0.0	2173522	26	4.3
1527623689.25	4300	46.458291	0.0	2102452	19	4.3
1527623689.39	4300	50.31606	0.0	2209463	24	4.3
1527623689.54	4300	54.167401	0.0	2275376	27	4.3
1527623689.68	4300	58.02335	0.0	2005399	24	4.3
1527623691.83	4300	59.998755	0.0	2152483	10	4.3
1527623695.98	4300	59.749301	0.0	2289689	22	4.3
1527623700.14	4300	59.749317	0.0	2059512	24	4.3
1527623703.79	4300	59.9989	0.0	2220726	23	4.3
1527623708.45	4300	59.49908	0.0	2156729	24	4.3
1527623712.1	4300	59.749464	0.0	2039773	21	4.3
1527623715.76	4300	59.99899	0.0	2176469	24	4.3
1527623720.42	4300	59.499609	0.0	2221506	28	4.3
1527623724.07	4300	59.749422	0.0	2044075	22	4.3
1527623727.72	4300	59.998696	0.0	2186790	28	4.3
1527623731.94	4300	59.9993	0.0	2105231	24	4.3
1527623736.09	4300	59.74853	0.0	2395588	26	4.3
1527623739.75	4300	59.998963	0.0	1972048	24	4.3
1527623743.92	4300	59.998231	0.0	2134614	26	4.3
1527623748.07	4300	59.749202	0.0	2164140	21	4.3
1527623751.74	4300	59.998422	0.0	2113193	27	4.3
1527623755.89	4300	59.999376	0.0	2147852	26	4.3
1527623760.05	4300	59.748088	0.0	2191074	26	4.3
1527623764.18	4300	59.748609	0.0	2286761	7	4.3
1527623767.84	4300	59.998009	0.0	2307787	28	4.3
1527623771.96	4300	59.749639	0.0	2143948	9	4.3
1527623776.11	4300	59.749604	0.0	1919781	17	4.3
1527623779.78	4300	59.997457	0.0	2147467	25	4.3
1527623783.94	4300	59.997971	0.0	2133870	25	4.3
1527623788.1	4300	59.747805	0.0	2146120	25	4.3
1527623791.75	4300	59.999014	0.0	2108491	19	4.3
1527623795.94	4300	59.999407	0.0	2184571	26	4.3
1527623800.09	4300	59.748989	0.0	2121928	21	4.3
1527623803.75	4300	59.997662	0.0	2219102	23	4.3
1527623807.91	4300	59.998749	0.0	2124950	25	4.3
1527623812.13	4300	59.749002	0.0	2246506	21	4.3
1527623815.77	4300	59.998797	0.0	1961140	23	4.3
1527623819.94	4300	59.997858	0.0	2155012	28	4.3
1527623821.54	4300	59.929336	0.0	1433658	17	4.3

1527623821.9	750	4	0.014	668286	4	-0.06020000000000003
1527623822.06	4300	7.944484	0.0	2123065	22	0.75
1527623822.2	4300	11.802152	0.0	2177073	23	4.3
1527623822.36	4300	15.648679	0.0	2160877	20	4.3
1527623822.5	4300	19.504935	0.0	2233056	24	4.3
1527623822.65	4300	23.360267	0.0	1941625	26	4.3
1527623822.8	4300	27.209335	0.0	2157535	24	4.3
1527623822.95	4300	31.057276	0.0	2290172	26	4.3
1527623823.1	4300	34.912775	0.0	2055469	24	4.3
1527623823.25	4300	38.759615	0.0	2169201	28	4.3
1527623823.39	4300	42.610334	0.0	2173522	26	4.3
1527623823.52	4300	46.479218	0.0	2102452	17	4.3
1527623823.67	4300	50.335326	0.0	2209463	27	4.3
1527623823.82	4300	54.18906	0.0	2275376	26	4.3
1527623823.97	4300	58.040963	0.0	2005399	24	4.3
1527623826.12	4300	59.999255	0.0	2152483	14	4.3
1527623830.27	4300	59.748428	0.0	2289689	23	4.3
1527623834.43	4300	59.747837	0.0	2059512	24	4.3
