1527747734.84	750	4	0.011	450283	2	-0.04730000000000001
1527747734.97	4300	7.95523	0.0	2123065	14	0.75
1527747735.08	4300	11.84799	0.0	2177073	25	4.3
1527747735.17	4300	15.756304	0.0	2160877	24	4.3
1527747735.26	4300	19.662718	0.0	2233056	28	4.3
1527747735.33	4300	23.59318	0.0	1941625	10	4.3
1527747735.4	4300	27.521371	0.0	2157535	12	4.3
1527747735.47	4300	31.458728	0.0	2290172	7	4.3
1527747735.53	4300	35.393226	0.0	2055469	6	4.3
1527747735.6	4300	39.329084	0.0	2169201	7	4.3
1527747735.67	4300	43.257073	0.0	2173522	6	4.3
1527747735.75	4300	47.1771	0.0	2102452	13	4.3
1527747735.83	4300	51.092614	0.0	2209463	16	4.3
1527747735.91	4300	55.010764	0.0	2275376	16	4.3
1527747735.98	4300	58.94392	0.0	2005399	9	4.3
1527747739.07	4300	59.999016	0.0	2152483	8	4.3
1527747743.66	4300	59.499105	0.0	2289689	16	4.3
1527747747.26	4300	59.749135	0.0	2059512	21	4.3
1527747751.37	4300	59.747677	0.0	2220726	20	4.3
1527747754.97	4300	59.998788	0.0	2156729	22	4.3
1527747759.16	4300	59.999175	0.0	2039773	20	4.3
1527747763.27	4300	59.749655	0.0	2176469	26	4.3
1527747767.38	4300	59.749356	0.0	2221506	23	4.3
1527747771.05	4300	59.999194	0.0	2044075	21	4.3
1527747775.16	4300	59.99931	0.0	2186790	23	4.3
1527747779.27	4300	59.74878	0.0	2105231	26	4.3
1527747783.37	4300	59.749023	0.0	2395588	25	4.3
1527747786.95	4300	59.999444	0.0	1972048	8	4.3
1527747791.06	4300	59.999317	0.0	2134614	20	4.3
1527747795.67	4300	59.499698	0.0	2164140	22	4.3
1527747799.26	4300	59.749081	0.0	2113193	16	4.3
1527747803.36	4300	59.749401	0.0	2147852	18	4.3
1527747806.97	4300	59.998927	0.0	2191074	22	4.3
1527747811.07	4300	59.999258	0.0	2286761	22	4.3
1527747815.18	4300	59.748602	0.0	2307787	25	4.3
1527747819.29	4300	59.74859	0.0	2143948	20	4.3
1527747823.4	4300	59.748111	0.0	1919781	23	4.3
1527747826.98	4300	59.998384	0.0	2147467	11	4.3
1527747831.09	4300	59.998634	0.0	2133870	19	4.3
1527747835.19	4300	59.748975	0.0	2146120	21	4.3
1527747839.29	4300	59.748062	0.0	2108491	22	4.3
1527747843.44	4300	59.74952	0.0	2184571	26	4.3
1527747847.04	4300	59.999448	0.0	2121928	24	4.3
1527747851.65	4300	59.498669	0.0	2219102	23	4.3
1527747855.26	4300	59.74783	0.0	2124950	24	4.3
1527747859.37	4300	59.74894	0.0	2246506	23	4.3
1527747862.97	4300	59.999323	0.0	1961140	23	4.3
1527747867.58	4300	59.498025	0.0	2155012	21	4.3
1527747869.18	4300	59.678737	0.0	1433658	17	4.3

1527747869.41	750	4	0.017	668286	4	-0.07309999999999994
1527747869.48	4300	7.980364	0.0	2123065	6	0.75
1527747869.54	4300	11.913041	0.0	2177073	6	4.3
1527747869.61	4300	15.848291	0.0	2160877	6	4.3
1527747869.67	4300	19.785028	0.0	2233056	8	4.3
1527747869.75	4300	23.706495	0.0	1941625	6	4.3
1527747869.81	4300	27.641578	0.0	2157535	8	4.3
1527747869.88	4300	31.571342	0.0	2290172	6	4.3
1527747869.95	4300	35.509232	0.0	2055469	7	4.3
1527747870.02	4300	39.443224	0.0	2169201	6	4.3
1527747870.08	4300	43.375401	0.0	2173522	7	4.3
1527747870.14	4300	47.312535	0.0	2102452	7	4.3
1527747870.21	4300	51.249343	0.0	2209463	8	4.3
1527747870.27	4300	55.184601	0.0	2275376	6	4.3
1527747870.34	4300	59.120091	0.0	2005399	6	4.3
1527747873.91	4300	59.749273	0.0	2152483	6	4.3
1527747877.53	4300	59.998856	0.0	2289689	24	4.3
1527747881.63	4300	59.998993	0.0	2059512	20	4.3
1527747885.74	4300	59.748371	0.0	2220726	25	4.3
1527747889.84	4300	59.747781	0.0	2156729	25	4.3
1527747893.93	4300	59.747771	0.0	2039773	9	4.3
1527747897.54	4300	59.99932	0.0	2176469	23	4.3
1527747902.15	4300	59.499693	0.0	2221506	21	4.3
1527747905.76	4300	59.748069	0.0	2044075	20	4.3
1527747909.87	4300	59.748076	0.0	2186790	21	4.3
1527747913.47	4300	59.999175	0.0	2105231	21	4.3
1527747917.59	4300	59.999021	0.0	2395588	19	4.3
1527747921.7	4300	59.999238	0.0	1972048	21	4.3
1527747925.82	4300	59.749172	0.0	2134614	26	4.3
1527747929.93	4300	59.749606	0.0	2164140	25	4.3
1527747933.54	4300	59.99922	0.0	2113193	22	4.3
1527747937.65	4300	59.998829	0.0	2147852	22	4.3
1527747941.75	4300	59.749568	0.0	2191074	21	4.3
1527747945.87	4300	59.748612	0.0	2286761	23	4.3
1527747949.47	4300	59.99801	0.0	2307787	21	4.3
1527747953.58	4300	59.998834	0.0	2143948	18	4.3
1527747957.68	4300	59.999319	0.0	1919781	19	4.3
1527747961.76	4300	59.747683	0.0	2147467	10	4.3
1527747965.87	4300	59.748313	0.0	2133870	24	4.3
1527747969.48	4300	59.999124	0.0	2146120	23	4.3
1527747973.59	4300	59.998282	0.0	2108491	18	4.3
1527747977.69	4300	59.998487	0.0	2184571	20	4.3
1527747981.8	4300	59.749536	0.0	2121928	23	4.3
1527747985.91	4300	59.748927	0.0	2219102	23	4.3
1527747990.02	4300	59.499121	0.0	2124950	23	4.3
