1527749568.89	750	4	0.024	2354772	6	-0.10319999999999996
1527749569.03	4300	7.965546	0.0	2123065	19	0.75
1527749569.16	4300	11.837213	0.0	2177073	14	4.3
1527749569.3	4300	15.695894	0.0	2160877	21	4.3
1527749569.42	4300	19.571903	0.0	2233056	14	4.3
1527749569.55	4300	23.44794	0.0	1941625	12	4.3
1527749569.69	4300	27.309068	0.0	2157535	18	4.3
1527749569.84	4300	31.157547	0.0	2290172	23	4.3
1527749569.97	4300	35.027593	0.0	2055469	14	4.3
1527749570.09	4300	38.906701	0.0	2169201	7	4.3
1527749570.2	4300	42.796141	0.0	2173522	7	4.3
1527749570.31	4300	46.684633	0.0	2102452	7	4.3
1527749570.44	4300	50.549883	0.0	2209463	20	4.3
1527749570.58	4300	54.409302	0.0	2275376	21	4.3
1527749570.7	4300	58.294824	0.0	2005399	8	4.3
1527749573.32	4300	59.749561	0.0	2152483	9	4.3
1527749577.49	4300	59.748989	0.0	2289689	22	4.3
1527749581.14	4300	59.998762	0.0	2059512	23	4.3
1527749585.29	4300	59.748914	0.0	2220726	17	4.3
1527749589.45	4300	59.749638	0.0	2156729	26	4.3
1527749593.65	4300	59.497336	0.0	2039773	13	4.3
1527749597.29	4300	59.74856	0.0	2176469	15	4.3
1527749601.45	4300	59.74923	0.0	2221506	24	4.3
1527749605.1	4300	59.998668	0.0	2044075	17	4.3
1527749609.24	4300	59.998585	0.0	2186790	15	4.3
1527749613.39	4300	59.74824	0.0	2105231	21	4.3
1527749617.05	4300	59.998197	0.0	2395588	27	4.3
1527749621.22	4300	59.998506	0.0	1972048	20	4.3
1527749625.38	4300	59.7481	0.0	2134614	22	4.3
1527749629.03	4300	59.998703	0.0	2164140	23	4.3
1527749633.19	4300	59.997406	0.0	2113193	23	4.3
1527749637.34	4300	59.749362	0.0	2147852	20	4.3
1527749641.49	4300	59.749518	0.0	2191074	25	4.3
1527749645.14	4300	59.999111	0.0	2286761	18	4.3
1527749649.29	4300	59.749266	0.0	2307787	28	4.3
1527749653.45	4300	59.749502	0.0	2143948	19	4.3
1527749657.1	4300	59.997903	0.0	1919781	22	4.3
1527749661.26	4300	59.749608	0.0	2147467	26	4.3
1527749665.41	4300	59.749633	0.0	2133870	20	4.3
1527749669.06	4300	59.999291	0.0	2146120	17	4.3
1527749673.21	4300	59.998871	0.0	2108491	22	4.3
1527749677.43	4300	59.748124	0.0	2184571	17	4.3
1527749681.08	4300	59.998954	0.0	2121928	22	4.3
1527749685.25	4300	59.997659	0.0	2219102	25	4.3
1527749689.4	4300	59.74906	0.0	2124950	26	4.3
1527749693.55	4300	59.498254	0.0	2246506	24	4.3
1527749697.18	4300	59.999276	0.0	1961140	23	4.3
1527749701.31	4300	59.747802	0.0	2155012	25	4.3
1527749702.91	4300	59.929451	0.0	1433658	16	4.3

1527749703.16	750	4	0.013	668286	2	-0.05589999999999995
1527749703.31	4300	7.95012	0.0	2123065	19	0.75
1527749703.45	4300	11.805491	0.0	2177073	25	4.3
1527749703.58	4300	15.677222	0.0	2160877	14	4.3
1527749703.71	4300	19.548002	0.0	2233056	12	4.3
1527749703.84	4300	23.413049	0.0	1941625	22	4.3
1527749703.97	4300	27.291978	0.0	2157535	12	4.3
1527749704.09	4300	31.168438	0.0	2290172	13	4.3
1527749704.21	4300	35.046009	0.0	2055469	12	4.3
1527749704.35	4300	38.907578	0.0	2169201	25	4.3
1527749704.47	4300	42.784836	0.0	2173522	12	4.3
1527749704.62	4300	46.63942	0.0	2102452	14	4.3
1527749704.77	4300	50.48938	0.0	2209463	26	4.3
1527749704.9	4300	54.361586	0.0	2275376	13	4.3
1527749705.04	4300	58.214669	0.0	2005399	20	4.3
1527749707.68	4300	59.749558	0.0	2152483	14	4.3
1527749711.34	4300	59.997963	0.0	2289689	26	4.3
1527749715.5	4300	59.998823	0.0	2059512	24	4.3
1527749719.65	4300	59.749681	0.0	2220726	20	4.3
1527749723.31	4300	59.998827	0.0	2156729	24	4.3
1527749727.47	4300	59.998599	0.0	2039773	23	4.3
1527749731.63	4300	59.74899	0.0	2176469	24	4.3
1527749735.28	4300	59.998928	0.0	2221506	26	4.3
1527749739.44	4300	59.998882	0.0	2044075	22	4.3
1527749743.59	4300	59.749294	0.0	2186790	22	4.3
1527749747.75	4300	59.74907	0.0	2105231	22	4.3
1527749751.9	4300	59.498675	0.0	2395588	23	4.3
1527749755.53	4300	59.749282	0.0	1972048	13	4.3
1527749759.69	4300	59.74846	0.0	2134614	26	4.3
1527749763.84	4300	59.499549	0.0	2164140	21	4.3
1527749767.48	4300	59.998913	0.0	2113193	20	4.3
1527749771.63	4300	59.748863	0.0	2147852	24	4.3
1527749775.28	4300	59.998485	0.0	2191074	21	4.3
1527749779.44	4300	59.999234	0.0	2286761	26	4.3
1527749783.59	4300	59.749186	0.0	2307787	22	4.3
1527749787.75	4300	59.748629	0.0	2143948	23	4.3
1527749791.39	4300	59.998748	0.0	1919781	18	4.3
1527749795.54	4300	59.748478	0.0	2147467	25	4.3
1527749799.74	4300	59.748364	0.0	2133870	26	4.3
1527749803.89	4300	59.498267	0.0	2146120	20	4.3
1527749807.55	4300	59.747948	0.0	2108491	25	4.3
1527749811.69	4300	59.749508	0.0	2184571	20	4.3
1527749815.39	4300	59.998652	0.0	2121928	25	4.3
1527749819.55	4300	59.749288	0.0	2219102	26	4.3
1527749823.71	4300	59.748033	0.0	2124950	25	4.3
1527749827.35	4300	59.99907	0.0	2246506	26	4.3
1527749831.97	4300	59.499549	0.0	1961140	11	4.3
1527749835.59	4300	59.748625	0.0	2155012	11	4.3
1527749837.2	4300	59.927901	0.0	1433658	15	4.3

1527749837.41	750	4	0.012	668286	2	-0.05159999999999998
1527749837.57	4300	7.953015	0.0	2123065	12	0.75
1527749837.71	4300	11.814253	0.0	2177073	22	4.3
1527749837.85	4300	15.670422	0.0	2160877	22	4.3
1527749837.99	4300	19.528317	0.0	2233056	16	4.3
1527749838.13	4300	23.395754	0.0	1941625	22	4.3
1527749838.25	4300	27.274726	0.0	2157535	12	4.3
1527749838.37	4300	31.154317	0.0	2290172	13	4.3
1527749838.49	4300	35.032925	0.0	2055469	12	4.3
1527749838.61	4300	38.911565	0.0	2169201	13	4.3
1527749838.73	4300	42.791748	0.0	2173522	11	4.3
1527749838.85	4300	46.670946	0.0	2102452	11	4.3
1527749838.97	4300	50.548844	0.0	2209463	12	4.3
1527749839.1	4300	54.426079	0.0	2275376	13	4.3
1527749839.22	4300	58.30726	0.0	2005399	10	4.3
1527749841.95	4300	59.749193	0.0	2152483	23	4.3
1527749845.59	4300	59.998412	0.0	2289689	15	4.3
1527749849.73	4300	59.999042	0.0	2059512	18	4.3
1527749853.89	4300	59.748199	0.0	2220726	14	4.3
1527749857.54	4300	59.998961	0.0	2156729	22	4.3
1527749861.69	4300	59.999372	0.0	2039773	24	4.3
1527749865.84	4300	59.747321	0.0	2176469	21	4.3
1527749869.99	4300	59.749065	0.0	2221506	20	4.3
1527749873.64	4300	59.998361	0.0	2044075	24	4.3
1527749877.8	4300	59.747627	0.0	2186790	24	4.3
1527749881.95	4300	59.749456	0.0	2105231	23	4.3
1527749885.6	4300	59.998664	0.0	2395588	21	4.3
1527749889.75	4300	59.999383	0.0	1972048	22	4.3
1527749893.89	4300	59.748948	0.0	2134614	17	4.3
1527749897.55	4300	59.997949	0.0	2164140	25	4.3
1527749901.71	4300	59.997721	0.0	2113193	24	4.3
1527749905.86	4300	59.749047	0.0	2147852	21	4.3
1527749910.01	4300	59.749262	0.0	2191074	18	4.3
1527749913.67	4300	59.999165	0.0	2286761	27	4.3
1527749917.82	4300	59.747704	0.0	2307787	26	4.3
1527749922.03	4300	59.749416	0.0	2143948	23	4.3
