1528253329.85	750	4	0.026	2354772	7	-0.11180000000000001
1528253329.95	4300	7.957985	0.0	2123065	25	0.75
1528253330.05	4300	11.858912	0.0	2177073	27	4.3
1528253330.14	4300	15.765758	0.0	2160877	20	4.3
1528253330.24	4300	19.671415	0.0	2233056	14	4.3
1528253330.34	4300	23.57221	0.0	1941625	21	4.3
1528253330.43	4300	27.472059	0.0	2157535	28	4.3
1528253330.53	4300	31.378063	0.0	2290172	22	4.3
1528253330.62	4300	35.286311	0.0	2055469	21	4.3
1528253330.71	4300	39.198577	0.0	2169201	18	4.3
1528253330.8	4300	43.104492	0.0	2173522	21	4.3
1528253330.89	4300	47.012443	0.0	2102452	18	4.3
1528253331.0	4300	50.908251	0.0	2209463	27	4.3
1528253331.11	4300	54.795678	0.0	2275376	27	4.3
1528253331.21	4300	58.696043	0.0	2005399	24	4.3
1528253334.3	4300	59.748276	0.0	2152483	15	4.3
1528253337.91	4300	59.999	0.0	2289689	23	4.3
1528253342.52	4300	59.499141	0.0	2059512	20	4.3
1528253346.13	4300	59.999392	0.0	2220726	25	4.3
1528253350.23	4300	59.749511	0.0	2156729	20	4.3
1528253354.34	4300	59.748728	0.0	2039773	21	4.3
1528253357.95	4300	59.999246	0.0	2176469	26	4.3
1528253362.05	4300	59.999058	0.0	2221506	22	4.3
1528253366.15	4300	59.99834	0.0	2044075	22	4.3
1528253370.26	4300	59.748871	0.0	2186790	24	4.3
1528253374.37	4300	59.749268	0.0	2105231	25	4.3
1528253377.98	4300	59.998863	0.0	2395588	26	4.3
1528253382.08	4300	59.998959	0.0	1972048	22	4.3
1528253386.2	4300	59.748245	0.0	2134614	25	4.3
1528253390.3	4300	59.749498	0.0	2164140	25	4.3
1528253393.91	4300	59.998025	0.0	2113193	26	4.3
1528253398.02	4300	59.998968	0.0	2147852	21	4.3
1528253402.13	4300	59.999144	0.0	2191074	25	4.3
1528253406.24	4300	59.748789	0.0	2286761	23	4.3
1528253410.35	4300	59.749174	0.0	2307787	26	4.3
1528253414.46	4300	59.499444	0.0	2143948	23	4.3
1528253418.07	4300	59.998888	0.0	1919781	21	4.3
1528253422.17	4300	59.748106	0.0	2147467	23	4.3
1528253426.29	4300	59.747951	0.0	2133870	25	4.3
1528253430.38	4300	59.748757	0.0	2146120	14	4.3
1528253433.99	4300	59.997882	0.0	2108491	24	4.3
1528253438.1	4300	59.998769	0.0	2184571	25	4.3
1528253442.24	4300	59.747923	0.0	2121928	24	4.3
1528253446.44	4300	59.748104	0.0	2219102	23	4.3
1528253450.04	4300	59.998105	0.0	2124950	23	4.3
1528253454.18	4300	59.999285	0.0	2246506	23	4.3
1528253458.29	4300	59.74954	0.0	1961140	20	4.3
1528253462.4	4300	59.747887	0.0	2155012	24	4.3
1528253463.99	4300	59.678146	0.0	1433658	20	4.3

1528253464.22	750	4	0.028	2354772	6	-0.12039999999999995
1528253464.32	4300	7.956332	0.0	2123065	25	0.75
1528253464.41	4300	11.860226	0.0	2177073	23	4.3
1528253464.5	4300	15.770013	0.0	2160877	25	4.3
1528253464.58	4300	19.689883	0.0	2233056	15	4.3
1528253464.69	4300	23.591779	0.0	1941625	26	4.3
1528253464.78	4300	27.497136	0.0	2157535	22	4.3
1528253464.87	4300	31.404447	0.0	2290172	22	4.3
1528253464.96	4300	35.315305	0.0	2055469	19	4.3
1528253465.06	4300	39.222488	0.0	2169201	21	4.3
1528253465.16	4300	43.118462	0.0	2173522	29	4.3
1528253465.25	4300	47.022731	0.0	2102452	26	4.3
1528253465.34	4300	50.933062	0.0	2209463	26	4.3
1528253465.41	4300	54.862041	0.0	2275376	7	4.3
1528253465.51	4300	58.764706	0.0	2005399	25	4.3
1528253468.62	4300	59.749028	0.0	2152483	25	4.3
1528253472.74	4300	59.747999	0.0	2289689	26	4.3
1528253476.35	4300	59.999323	0.0	2059512	24	4.3
1528253480.46	4300	59.997562	0.0	2220726	28	4.3
1528253484.57	4300	59.748618	0.0	2156729	26	4.3
1528253488.67	4300	59.749194	0.0	2039773	26	4.3
1528253492.28	4300	59.99907	0.0	2176469	25	4.3
1528253496.37	4300	59.999261	0.0	2221506	14	4.3
1528253500.46	4300	59.998968	0.0	2044075	15	4.3
1528253504.64	4300	59.748611	0.0	2186790	27	4.3
1528253508.31	4300	59.998758	0.0	2105231	27	4.3
1528253512.42	4300	59.99899	0.0	2395588	25	4.3
1528253516.52	4300	59.998662	0.0	1972048	21	4.3
1528253520.63	4300	59.749618	0.0	2134614	23	4.3
1528253524.73	4300	59.749182	0.0	2164140	25	4.3
1528253528.34	4300	59.999188	0.0	2113193	22	4.3
1528253532.47	4300	59.997675	0.0	2147852	24	4.3
1528253536.62	4300	59.748509	0.0	2191074	27	4.3
1528253540.73	4300	59.749626	0.0	2286761	25	4.3
1528253544.34	4300	59.998769	0.0	2307787	27	4.3
1528253548.45	4300	59.998928	0.0	2143948	20	4.3
1528253552.54	4300	59.740595	0.0	1919781	20	4.3
1528253556.66	4300	59.748378	0.0	2147467	26	4.3
1528253560.77	4300	59.749551	0.0	2133870	25	4.3
1528253564.37	4300	59.997739	0.0	2146120	26	4.3
1528253568.48	4300	59.998656	0.0	2108491	26	4.3
1528253572.59	4300	59.749551	0.0	2184571	25	4.3
1528253576.7	4300	59.748674	0.0	2121928	25	4.3
1528253580.31	4300	59.999165	0.0	2219102	25	4.3
1528253584.41	4300	59.997842	0.0	2124950	23	4.3
1528253588.52	4300	59.99917	0.0	2246506	25	4.3
1528253592.63	4300	59.749325	0.0	1961140	23	4.3
1528253596.72	4300	59.74925	0.0	2155012	12	4.3
1528253598.31	4300	59.678525	0.0	1433658	18	4.3

1528253598.53	750	4	0.023	2354772	9	-0.09889999999999999
1528253598.61	4300	7.987738	0.0	2123065	6	0.75
1528253598.7	4300	11.882812	0.0	2177073	20	4.3
1528253598.82	4300	15.793356	0.0	2160877	20	4.3
1528253598.91	4300	19.673073	0.0	2233056	20	4.3
1528253599.01	4300	23.576938	0.0	1941625	24	4.3
1528253599.11	4300	27.473796	0.0	2157535	27	4.3
1528253599.19	4300	31.399949	0.0	2290172	13	4.3
1528253599.27	4300	35.315601	0.0	2055469	15	4.3
1528253599.36	4300	39.222847	0.0	2169201	21	4.3
1528253599.46	4300	43.131103	0.0	2173522	23	4.3
1528253599.56	4300	47.030935	0.0	2102452	26	4.3
1528253599.66	4300	50.929016	0.0	2209463	26	4.3
1528253599.75	4300	54.841224	0.0	2275376	25	4.3
1528253599.83	4300	58.752934	0.0	2005399	24	4.3
1528253602.91	4300	59.749184	0.0	2152483	12	4.3
1528253607.03	4300	59.74915	0.0	2289689	27	4.3
1528253610.69	4300	59.999203	0.0	2059512	25	4.3
1528253614.79	4300	59.999457	0.0	2220726	28	4.3
1528253618.9	4300	59.749528	0.0	2156729	26	4.3
1528253623.01	4300	59.74832	0.0	2039773	23	4.3
1528253626.62	4300	59.998667	0.0	2176469	27	4.3
1528253630.73	4300	59.99911	0.0	2221506	26	4.3
1528253634.83	4300	59.997872	0.0	2044075	26	4.3
1528253638.94	4300	59.748813	0.0	2186790	24	4.3
1528253643.06	4300	59.749196	0.0	2105231	24	4.3
1528253646.67	4300	59.999051	0.0	2395588	27	4.3
1528253650.77	4300	59.998684	0.0	1972048	24	4.3
1528253654.88	4300	59.74943	0.0	2134614	23	4.3
1528253658.99	4300	59.748558	0.0	2164140	26	4.3
1528253663.1	4300	59.49787	0.0	2113193	26	4.3
1528253666.71	4300	59.999415	0.0	2147852	27	4.3
1528253670.82	4300	59.999225	0.0	2191074	22	4.3
1528253674.95	4300	59.748876	0.0	2286761	28	4.3
1528253679.05	4300	59.749103	0.0	2307787	28	4.3
1528253682.66	4300	59.998908	0.0	2143948	25	4.3
1528253687.27	4300	59.499377	0.0	1919781	25	4.3
1528253690.89	4300	59.749376	0.0	2147467	27	4.3
1528253695.0	4300	59.74906	0.0	2133870	25	4.3
1528253699.09	4300	59.748071	0.0	2146120	12	4.3
1528253702.7	4300	59.998994	0.0	2108491	20	4.3
