1528244650.0	750	4	0.024	2354772	8	-0.10319999999999996
1528244650.09	4300	7.966327	0.0	2123065	18	0.75
1528244650.18	4300	11.875821	0.0	2177073	22	4.3
1528244650.28	4300	15.781399	0.0	2160877	21	4.3
1528244650.37	4300	19.685715	0.0	2233056	21	4.3
1528244650.47	4300	23.584284	0.0	1941625	23	4.3
1528244650.55	4300	27.509808	0.0	2157535	12	4.3
1528244650.64	4300	31.418227	0.0	2290172	21	4.3
1528244650.74	4300	35.315614	0.0	2055469	26	4.3
1528244650.84	4300	39.221497	0.0	2169201	26	4.3
1528244650.93	4300	43.127648	0.0	2173522	21	4.3
1528244651.04	4300	47.022725	0.0	2102452	25	4.3
1528244651.14	4300	50.92316	0.0	2209463	27	4.3
1528244651.23	4300	54.83195	0.0	2275376	14	4.3
1528244651.32	4300	58.742573	0.0	2005399	26	4.3
1528244654.42	4300	59.747787	0.0	2152483	26	4.3
1528244658.54	4300	59.748899	0.0	2289689	28	4.3
1528244662.15	4300	59.998255	0.0	2059512	26	4.3
1528244666.25	4300	59.998298	0.0	2220726	24	4.3
1528244670.36	4300	59.747955	0.0	2156729	24	4.3
1528244674.47	4300	59.747697	0.0	2039773	24	4.3
1528244678.08	4300	59.997684	0.0	2176469	26	4.3
1528244682.19	4300	59.997616	0.0	2221506	21	4.3
1528244686.3	4300	59.999494	0.0	2044075	23	4.3
1528244690.41	4300	59.748844	0.0	2186790	22	4.3
1528244694.52	4300	59.747752	0.0	2105231	21	4.3
1528244698.13	4300	59.997942	0.0	2395588	23	4.3
1528244702.25	4300	59.999355	0.0	1972048	22	4.3
1528244706.36	4300	59.748703	0.0	2134614	26	4.3
1528244710.47	4300	59.749343	0.0	2164140	25	4.3
1528244714.08	4300	59.998405	0.0	2113193	25	4.3
1528244718.19	4300	59.998761	0.0	2147852	25	4.3
1528244722.29	4300	59.999131	0.0	2191074	24	4.3
1528244726.4	4300	59.748697	0.0	2286761	27	4.3
1528244730.51	4300	59.749076	0.0	2307787	27	4.3
1528244734.12	4300	59.997633	0.0	2143948	27	4.3
1528244738.22	4300	59.998939	0.0	1919781	21	4.3
1528244742.35	4300	59.749395	0.0	2147467	26	4.3
1528244746.46	4300	59.749089	0.0	2133870	25	4.3
1528244750.08	4300	59.99846	0.0	2146120	25	4.3
1528244754.18	4300	59.999404	0.0	2108491	23	4.3
1528244758.79	4300	59.499408	0.0	2184571	27	4.3
1528244762.39	4300	59.747713	0.0	2121928	19	4.3
1528244766.51	4300	59.749581	0.0	2219102	26	4.3
1528244770.11	4300	59.998588	0.0	2124950	25	4.3
1528244774.23	4300	59.998697	0.0	2246506	27	4.3
1528244778.33	4300	59.737913	0.0	1961140	23	4.3
1528244782.44	4300	59.748548	0.0	2155012	25	4.3
1528244784.04	4300	59.928582	0.0	1433658	18	4.3

1528244784.26	750	4	0.023	2354772	9	-0.09889999999999999
1528244784.34	4300	7.987163	0.0	2123065	7	0.75
1528244784.43	4300	11.885826	0.0	2177073	23	4.3
1528244784.52	4300	15.797399	0.0	2160877	25	4.3
1528244784.6	4300	19.718159	0.0	2233056	12	4.3
1528244784.69	4300	23.623169	0.0	1941625	20	4.3
1528244784.79	4300	27.522558	0.0	2157535	19	4.3
1528244784.89	4300	31.43212	0.0	2290172	23	4.3
1528244784.97	4300	35.342474	0.0	2055469	18	4.3
1528244785.06	4300	39.251668	0.0	2169201	22	4.3
1528244785.15	4300	43.162571	0.0	2173522	22	4.3
1528244785.24	4300	47.075356	0.0	2102452	20	4.3
1528244785.31	4300	51.000256	0.0	2209463	16	4.3
1528244785.42	4300	54.901376	0.0	2275376	27	4.3
1528244785.49	4300	58.825697	0.0	2005399	12	4.3
1528244788.6	4300	59.748093	0.0	2152483	25	4.3
1528244792.71	4300	59.748956	0.0	2289689	21	4.3
1528244796.81	4300	59.748723	0.0	2059512	25	4.3
1528244800.42	4300	59.999306	0.0	2220726	26	4.3
1528244804.52	4300	59.998817	0.0	2156729	24	4.3
1528244808.63	4300	59.749512	0.0	2039773	27	4.3
1528244812.75	4300	59.749	0.0	2176469	22	4.3
1528244816.35	4300	59.999239	0.0	2221506	24	4.3
1528244820.46	4300	59.999461	0.0	2044075	21	4.3
1528244824.57	4300	59.74911	0.0	2186790	24	4.3
1528244828.68	4300	59.748975	0.0	2105231	20	4.3
1528244832.78	4300	59.74935	0.0	2395588	29	4.3
1528244836.37	4300	59.997752	0.0	1972048	10	4.3
1528244840.47	4300	59.998641	0.0	2134614	19	4.3
1528244844.57	4300	59.749478	0.0	2164140	25	4.3
1528244848.68	4300	59.74798	0.0	2113193	25	4.3
1528244852.79	4300	59.749171	0.0	2147852	25	4.3
1528244856.4	4300	59.999271	0.0	2191074	26	4.3
1528244860.51	4300	59.997673	0.0	2286761	23	4.3
1528244864.61	4300	59.749407	0.0	2307787	25	4.3
1528244868.72	4300	59.749662	0.0	2143948	25	4.3
1528244872.33	4300	59.999165	0.0	1919781	22	4.3
1528244876.43	4300	59.999201	0.0	2147467	22	4.3
1528244880.54	4300	59.99826	0.0	2133870	25	4.3
1528244884.66	4300	59.749546	0.0	2146120	22	4.3
1528244888.76	4300	59.749452	0.0	2108491	24	4.3
1528244892.37	4300	59.999329	0.0	2184571	26	4.3
1528244896.98	4300	59.498065	0.0	2121928	22	4.3
1528244900.59	4300	59.74889	0.0	2219102	26	4.3
1528244904.7	4300	59.697301	0.0	2124950	24	4.3
1528244908.81	4300	59.749298	0.0	2246506	26	4.3
1528244912.41	4300	59.998047	0.0	1961140	22	4.3
1528244916.52	4300	59.998985	0.0	2155012	27	4.3
1528244918.12	4300	59.927808	0.0	1433658	35	4.3

1528244918.36	750	4	0.024	2354772	9	-0.10319999999999996
1528244918.46	4300	7.956156	0.0	2123065	22	0.75
1528244918.56	4300	11.860401	0.0	2177073	25	4.3
1528244918.66	4300	15.764542	0.0	2160877	25	4.3
1528244918.76	4300	19.659249	0.0	2233056	21	4.3
1528244918.89	4300	23.556683	0.0	1941625	21	4.3
1528244918.99	4300	27.434289	0.0	2157535	22	4.3
1528244919.08	4300	31.342627	0.0	2290172	23	4.3
1528244919.17	4300	35.252806	0.0	2055469	19	4.3
1528244919.27	4300	39.146852	0.0	2169201	25	4.3
1528244919.35	4300	43.065589	0.0	2173522	15	4.3
1528244919.46	4300	46.962772	0.0	2102452	25	4.3
1528244919.56	4300	50.860498	0.0	2209463	28	4.3
1528244919.67	4300	54.754722	0.0	2275376	28	4.3
1528244919.74	4300	58.680298	0.0	2005399	11	4.3
1528244922.86	4300	59.74891	0.0	2152483	20	4.3
1528244926.46	4300	59.998787	0.0	2289689	19	4.3
1528244930.58	4300	59.999204	0.0	2059512	18	4.3
1528244934.7	4300	59.74873	0.0	2220726	27	4.3
1528244938.91	4300	59.749311	0.0	2156729	27	4.3
1528244943.01	4300	59.498457	0.0	2039773	19	4.3
1528244946.62	4300	59.998015	0.0	2176469	23	4.3
1528244950.73	4300	59.748013	0.0	2221506	22	4.3
1528244954.86	4300	59.748892	0.0	2044075	24	4.3
1528244958.47	4300	59.998253	0.0	2186790	25	4.3
1528244962.57	4300	59.999046	0.0	2105231	21	4.3
1528244966.68	4300	59.99916	0.0	2395588	24	4.3
1528244970.77	4300	59.748954	0.0	1972048	12	4.3
1528244974.91	4300	59.749002	0.0	2134614	20	4.3
1528244979.03	4300	59.499198	0.0	2164140	25	4.3
1528244983.14	4300	59.498957	0.0	2113193	22	4.3
1528244986.77	4300	59.748258	0.0	2147852	26	4.3
1528244990.9	4300	59.748769	0.0	2191074	25	4.3
1528244994.51	4300	59.999004	0.0	2286761	23	4.3
1528244999.13	4300	59.498074	0.0	2307787	28	4.3
1528245002.74	4300	59.74911	0.0	2143948	17	4.3
1528245006.85	4300	59.749031	0.0	1919781	21	4.3
