1528178018.88	750	4	0.027	2354772	9	-0.11609999999999998
1528178018.98	4300	7.956782	0.0	2123065	24	0.75
1528178019.06	4300	11.881273	0.0	2177073	13	4.3
1528178019.16	4300	15.779403	0.0	2160877	24	4.3
1528178019.25	4300	19.682275	0.0	2233056	25	4.3
1528178019.34	4300	23.594985	0.0	1941625	25	4.3
1528178019.41	4300	27.525632	0.0	2157535	11	4.3
1528178019.5	4300	31.433472	0.0	2290172	22	4.3
1528178019.59	4300	35.34699	0.0	2055469	19	4.3
1528178019.66	4300	39.275061	0.0	2169201	12	4.3
1528178019.76	4300	43.176923	0.0	2173522	25	4.3
1528178019.84	4300	47.102205	0.0	2102452	12	4.3
1528178019.93	4300	51.006242	0.0	2209463	20	4.3
1528178020.05	4300	54.890408	0.0	2275376	26	4.3
1528178020.15	4300	58.784493	0.0	2005399	20	4.3
1528178023.24	4300	59.748033	0.0	2152483	11	4.3
1528178027.35	4300	59.749599	0.0	2289689	28	4.3
1528178030.96	4300	59.998985	0.0	2059512	25	4.3
1528178035.19	4300	59.998655	0.0	2220726	25	4.3
1528178039.32	4300	59.749373	0.0	2156729	18	4.3
1528178043.43	4300	59.748718	0.0	2039773	23	4.3
1528178047.04	4300	59.998625	0.0	2176469	23	4.3
1528178051.15	4300	59.999122	0.0	2221506	24	4.3
1528178055.25	4300	59.748758	0.0	2044075	23	4.3
1528178059.36	4300	59.749639	0.0	2186790	25	4.3
1528178062.96	4300	59.997853	0.0	2105231	24	4.3
1528178067.08	4300	59.997802	0.0	2395588	28	4.3
1528178071.19	4300	59.999036	0.0	1972048	22	4.3
1528178075.29	4300	59.748942	0.0	2134614	26	4.3
1528178079.4	4300	59.749133	0.0	2164140	26	4.3
1528178083.01	4300	59.998294	0.0	2113193	23	4.3
1528178087.61	4300	59.499157	0.0	2147852	26	4.3
1528178091.23	4300	59.748979	0.0	2191074	27	4.3
1528178095.33	4300	59.749014	0.0	2286761	26	4.3
1528178099.44	4300	59.749389	0.0	2307787	26	4.3
1528178103.55	4300	59.498928	0.0	2143948	27	4.3
1528178107.15	4300	59.998731	0.0	1919781	13	4.3
1528178111.26	4300	59.748797	0.0	2147467	24	4.3
1528178115.38	4300	59.749025	0.0	2133870	27	4.3
1528178119.46	4300	59.498321	0.0	2146120	9	4.3
1528178123.06	4300	59.998579	0.0	2108491	25	4.3
1528178127.17	4300	59.998731	0.0	2184571	19	4.3
1528178131.27	4300	59.748696	0.0	2121928	21	4.3
1528178135.38	4300	59.749382	0.0	2219102	24	4.3
1528178138.99	4300	59.998484	0.0	2124950	25	4.3
1528178143.1	4300	59.998965	0.0	2246506	22	4.3
1528178147.2	4300	59.742838	0.0	1961140	22	4.3
1528178151.31	4300	59.748923	0.0	2155012	24	4.3
1528178152.91	4300	59.928994	0.0	1433658	19	4.3

1528178153.11	750	4	0.027	2354772	9	-0.11609999999999998
1528178153.21	4300	7.955084	0.0	2123065	24	0.75
1528178153.3	4300	11.859978	0.0	2177073	26	4.3
1528178153.39	4300	15.768505	0.0	2160877	22	4.3
1528178153.48	4300	19.676899	0.0	2233056	21	4.3
1528178153.58	4300	23.583454	0.0	1941625	21	4.3
1528178153.67	4300	27.487796	0.0	2157535	22	4.3
1528178153.78	4300	31.381998	0.0	2290172	27	4.3
1528178153.85	4300	35.310496	0.0	2055469	11	4.3
1528178153.94	4300	39.21937	0.0	2169201	21	4.3
1528178154.04	4300	43.116212	0.0	2173522	26	4.3
1528178154.14	4300	47.020932	0.0	2102452	27	4.3
1528178154.24	4300	50.926593	0.0	2209463	23	4.3
1528178154.34	4300	54.818829	0.0	2275376	28	4.3
1528178154.44	4300	58.723528	0.0	2005399	22	4.3
1528178157.54	4300	59.748608	0.0	2152483	24	4.3
1528178161.66	4300	59.748611	0.0	2289689	29	4.3
1528178165.27	4300	59.998505	0.0	2059512	26	4.3
1528178169.38	4300	59.998085	0.0	2220726	27	4.3
1528178173.48	4300	59.74874	0.0	2156729	24	4.3
1528178177.59	4300	59.749108	0.0	2039773	26	4.3
1528178181.2	4300	59.998961	0.0	2176469	25	4.3
1528178185.31	4300	59.998101	0.0	2221506	23	4.3
1528178189.41	4300	59.99776	0.0	2044075	22	4.3
1528178193.52	4300	59.747896	0.0	2186790	26	4.3
1528178197.63	4300	59.74768	0.0	2105231	23	4.3
1528178201.74	4300	59.497637	0.0	2395588	27	4.3
1528178205.35	4300	59.997528	0.0	1972048	22	4.3
1528178209.45	4300	59.747938	0.0	2134614	22	4.3
1528178213.72	4300	59.748637	0.0	2164140	26	4.3
1528178217.32	4300	59.999107	0.0	2113193	24	4.3
1528178221.43	4300	59.749478	0.0	2147852	23	4.3
1528178225.54	4300	59.748608	0.0	2191074	27	4.3
1528178229.68	4300	59.749301	0.0	2286761	26	4.3
1528178233.28	4300	59.997932	0.0	2307787	28	4.3
1528178237.39	4300	59.999407	0.0	2143948	23	4.3
1528178241.49	4300	59.748651	0.0	1919781	21	4.3
1528178245.58	4300	59.749456	0.0	2147467	11	4.3
1528178249.18	4300	59.997796	0.0	2133870	26	4.3
1528178253.29	4300	59.999348	0.0	2146120	25	4.3
1528178257.39	4300	59.99869	0.0	2108491	24	4.3
1528178261.5	4300	59.749	0.0	2184571	24	4.3
1528178265.61	4300	59.749425	0.0	2121928	23	4.3
1528178269.22	4300	59.999389	0.0	2219102	23	4.3
1528178273.33	4300	59.998943	0.0	2124950	22	4.3
1528178277.43	4300	59.749414	0.0	2246506	27	4.3
1528178281.54	4300	59.748631	0.0	1961140	21	4.3
1528178285.63	4300	59.748604	0.0	2155012	12	4.3
1528178287.22	4300	59.678969	0.0	1433658	16	4.3

1528178287.43	750	4	0.031	2354772	9	-0.13329999999999997
1528178287.52	4300	7.965622	0.0	2123065	22	0.75
1528178287.61	4300	11.871302	0.0	2177073	23	4.3
1528178287.69	4300	15.79336	0.0	2160877	15	4.3
1528178287.79	4300	19.693046	0.0	2233056	29	4.3
1528178287.88	4300	23.602009	0.0	1941625	24	4.3
1528178287.96	4300	27.52464	0.0	2157535	14	4.3
1528178288.06	4300	31.422401	0.0	2290172	27	4.3
1528178288.15	4300	35.333044	0.0	2055469	22	4.3
1528178288.24	4300	39.243262	0.0	2169201	24	4.3
1528178288.32	4300	43.165609	0.0	2173522	15	4.3
1528178288.42	4300	47.065522	0.0	2102452	23	4.3
1528178288.51	4300	50.969536	0.0	2209463	26	4.3
1528178288.6	4300	54.878393	0.0	2275376	15	4.3
1528178288.7	4300	58.789285	0.0	2005399	22	4.3
1528178291.79	4300	59.748678	0.0	2152483	21	4.3
1528178295.91	4300	59.749513	0.0	2289689	27	4.3
1528178299.52	4300	59.998073	0.0	2059512	24	4.3
1528178303.63	4300	59.998137	0.0	2220726	26	4.3
1528178308.22	4300	59.499526	0.0	2156729	11	4.3
1528178311.83	4300	59.747741	0.0	2039773	21	4.3
1528178315.93	4300	59.749218	0.0	2176469	22	4.3
1528178319.53	4300	59.998938	0.0	2221506	25	4.3
1528178323.63	4300	59.999058	0.0	2044075	20	4.3
1528178327.74	4300	59.749391	0.0	2186790	27	4.3
1528178331.85	4300	59.747817	0.0	2105231	24	4.3
1528178335.96	4300	59.748139	0.0	2395588	27	4.3
1528178340.07	4300	59.498839	0.0	1972048	23	4.3
