1527698874.74	750	4	0.012	450283	1	-0.05159999999999998
1527698874.92	4300	7.949956	0.0	2123065	15	0.75
1527698875.05	4300	11.821085	0.0	2177073	11	4.3
1527698875.19	4300	15.68513	0.0	2160877	14	4.3
1527698875.31	4300	19.557437	0.0	2233056	9	4.3
1527698875.43	4300	23.442173	0.0	1941625	9	4.3
1527698875.58	4300	27.298101	0.0	2157535	25	4.3
1527698875.7	4300	31.169619	0.0	2290172	13	4.3
1527698875.84	4300	35.027662	0.0	2055469	26	4.3
1527698876.0	4300	38.872242	0.0	2169201	21	4.3
1527698876.13	4300	42.746814	0.0	2173522	12	4.3
1527698876.28	4300	46.59524	0.0	2102452	16	4.3
1527698876.41	4300	50.460944	0.0	2209463	15	4.3
1527698876.53	4300	54.339734	0.0	2275376	9	4.3
1527698876.65	4300	58.221804	0.0	2005399	8	4.3
1527698879.3	4300	59.749165	0.0	2152483	8	4.3
1527698882.96	4300	59.99941	0.0	2289689	16	4.3
1527698887.12	4300	59.999024	0.0	2059512	25	4.3
1527698891.27	4300	59.748711	0.0	2220726	15	4.3
1527698894.93	4300	59.99817	0.0	2156729	22	4.3
1527698899.09	4300	59.998893	0.0	2039773	24	4.3
1527698903.24	4300	59.74885	0.0	2176469	21	4.3
1527698906.9	4300	59.997829	0.0	2221506	27	4.3
1527698911.56	4300	59.499459	0.0	2044075	22	4.3
1527698915.21	4300	59.748665	0.0	2186790	25	4.3
1527698919.37	4300	59.749085	0.0	2105231	24	4.3
1527698923.04	4300	59.999327	0.0	2395588	29	4.3
1527698927.2	4300	59.747969	0.0	1972048	22	4.3
1527698931.36	4300	59.748432	0.0	2134614	26	4.3
1527698935.01	4300	59.997729	0.0	2164140	22	4.3
1527698939.18	4300	59.749342	0.0	2113193	24	4.3
1527698943.34	4300	59.749078	0.0	2147852	23	4.3
1527698947.48	4300	59.499417	0.0	2191074	20	4.3
1527698951.13	4300	59.749434	0.0	2286761	18	4.3
1527698955.28	4300	59.748062	0.0	2307787	24	4.3
1527698958.98	4300	59.999304	0.0	2143948	26	4.3
1527698963.14	4300	59.747936	0.0	1919781	22	4.3
1527698967.4	4300	59.748924	0.0	2147467	20	4.3
1527698971.07	4300	59.998205	0.0	2133870	21	4.3
1527698975.29	4300	59.748395	0.0	2146120	26	4.3
1527698978.95	4300	59.999327	0.0	2108491	24	4.3
1527698983.12	4300	59.999485	0.0	2184571	22	4.3
1527698987.29	4300	59.749526	0.0	2121928	28	4.3
1527698991.46	4300	59.49984	0.0	2219102	24	4.3
1527698995.11	4300	59.999352	0.0	2124950	20	4.3
1527698999.26	4300	59.748885	0.0	2246506	23	4.3
1527699002.92	4300	59.999153	0.0	1961140	24	4.3
1527699007.06	4300	59.998853	0.0	2155012	26	4.3
1527699008.66	4300	59.929845	0.0	1433658	17	4.3

1527699008.9	750	4	0.019	668286	3	-0.0817
1527699009.06	4300	7.945632	0.0	2123065	22	0.75
1527699009.2	4300	11.800785	0.0	2177073	26	4.3
1527699009.33	4300	15.670959	0.0	2160877	10	4.3
1527699009.46	4300	19.536754	0.0	2233056	13	4.3
1527699009.58	4300	23.424544	0.0	1941625	7	4.3
1527699009.7	4300	27.29785	0.0	2157535	16	4.3
1527699009.85	4300	31.158645	0.0	2290172	20	4.3
1527699009.99	4300	35.011587	0.0	2055469	15	4.3
1527699010.12	4300	38.879661	0.0	2169201	15	4.3
1527699010.26	4300	42.741143	0.0	2173522	15	4.3
1527699010.39	4300	46.60671	0.0	2102452	15	4.3
1527699010.54	4300	50.45733	0.0	2209463	25	4.3
1527699010.69	4300	54.308732	0.0	2275376	27	4.3
1527699010.81	4300	58.191539	0.0	2005399	10	4.3
1527699013.44	4300	59.749728	0.0	2152483	10	4.3
1527699017.09	4300	59.99859	0.0	2289689	25	4.3
1527699021.25	4300	59.999134	0.0	2059512	24	4.3
1527699025.42	4300	59.748885	0.0	2220726	28	4.3
1527699029.07	4300	59.999091	0.0	2156729	22	4.3
1527699033.22	4300	59.998565	0.0	2039773	22	4.3
1527699037.38	4300	59.748509	0.0	2176469	19	4.3
1527699041.03	4300	59.999	0.0	2221506	26	4.3
1527699045.19	4300	59.998014	0.0	2044075	25	4.3
1527699049.35	4300	59.749753	0.0	2186790	20	4.3
1527699053.5	4300	59.747988	0.0	2105231	20	4.3
1527699057.16	4300	59.998603	0.0	2395588	19	4.3
1527699061.32	4300	59.749097	0.0	1972048	18	4.3
1527699065.47	4300	59.748468	0.0	2134614	27	4.3
1527699069.15	4300	59.997911	0.0	2164140	25	4.3
1527699073.3	4300	59.747797	0.0	2113193	24	4.3
1527699077.47	4300	59.749099	0.0	2147852	26	4.3
1527699081.62	4300	59.49976	0.0	2191074	22	4.3
1527699085.28	4300	59.749316	0.0	2286761	28	4.3
1527699089.44	4300	59.749413	0.0	2307787	22	4.3
1527699093.11	4300	59.998813	0.0	2143948	25	4.3
1527699097.26	4300	59.749537	0.0	1919781	22	4.3
1527699101.41	4300	59.749014	0.0	2147467	22	4.3
1527699105.08	4300	59.998844	0.0	2133870	24	4.3
1527699109.24	4300	59.997936	0.0	2146120	24	4.3
1527699113.39	4300	59.749481	0.0	2108491	22	4.3
1527699117.05	4300	59.999166	0.0	2184571	25	4.3
1527699121.21	4300	59.998903	0.0	2121928	25	4.3
1527699125.36	4300	59.748936	0.0	2219102	20	4.3
1527699129.52	4300	59.499674	0.0	2124950	23	4.3
1527699133.94	4300	59.4996	0.0	2246506	22	4.3
1527699137.06	4300	59.999498	0.0	1961140	13	4.3
1527699141.27	4300	59.999295	0.0	2155012	18	4.3
1527699142.91	4300	59.928818	0.0	1433658	17	4.3

1527699143.13	750	4	0.015	668286	4	-0.0645
1527699143.31	4300	7.953689	0.0	2123065	18	0.75
1527699143.46	4300	11.803724	0.0	2177073	20	4.3
1527699143.59	4300	15.678014	0.0	2160877	15	4.3
1527699143.72	4300	19.540034	0.0	2233056	13	4.3
1527699143.85	4300	23.411709	0.0	1941625	17	4.3
1527699143.99	4300	27.273846	0.0	2157535	18	4.3
1527699144.11	4300	31.153955	0.0	2290172	10	4.3
1527699144.23	4300	35.036	0.0	2055469	9	4.3
1527699144.36	4300	38.900558	0.0	2169201	19	4.3
1527699144.51	4300	42.75824	0.0	2173522	21	4.3
1527699144.63	4300	46.635497	0.0	2102452	12	4.3
1527699144.75	4300	50.516438	0.0	2209463	13	4.3
1527699144.87	4300	54.392307	0.0	2275376	12	4.3
1527699145.0	4300	58.266517	0.0	2005399	11	4.3
1527699147.62	4300	59.748517	0.0	2152483	8	4.3
1527699151.76	4300	59.748059	0.0	2289689	16	4.3
1527699155.42	4300	59.998451	0.0	2059512	24	4.3
1527699159.58	4300	59.749004	0.0	2220726	26	4.3
1527699163.73	4300	59.747302	0.0	2156729	20	4.3
1527699167.38	4300	59.99827	0.0	2039773	25	4.3
1527699171.54	4300	59.7491	0.0	2176469	20	4.3
1527699175.71	4300	59.748634	0.0	2221506	24	4.3
1527699179.37	4300	59.99735	0.0	2044075	20	4.3
1527699183.52	4300	59.748317	0.0	2186790	25	4.3
1527699187.67	4300	59.747798	0.0	2105231	18	4.3
1527699191.33	4300	59.998627	0.0	2395588	26	4.3
1527699195.49	4300	59.998982	0.0	1972048	26	4.3
