1527625022.23	750	4	0.014	450283	2	-0.06020000000000003
1527625022.38	4300	7.95156	0.0	2123065	16	0.75
1527625022.57	4300	11.759929	0.0	2177073	26	4.3
1527625022.72	4300	15.609993	0.0	2160877	23	4.3
1527625022.87	4300	19.461578	0.0	2233056	26	4.3
1527625023.02	4300	23.31351	0.0	1941625	21	4.3
1527625023.17	4300	27.158704	0.0	2157535	27	4.3
1527625023.36	4300	30.97393	0.0	2290172	24	4.3
1527625023.5	4300	34.830634	0.0	2055469	24	4.3
1527625023.64	4300	38.691726	0.0	2169201	15	4.3
1527625023.8	4300	42.530241	0.0	2173522	26	4.3
1527625023.96	4300	46.377365	0.0	2102452	25	4.3
1527625024.1	4300	50.229582	0.0	2209463	26	4.3
1527625024.24	4300	54.092255	0.0	2275376	16	4.3
1527625024.39	4300	57.94457	0.0	2005399	8	4.3
1527625026.54	4300	59.998226	0.0	2152483	25	4.3
1527625030.7	4300	59.749251	0.0	2289689	29	4.3
1527625034.35	4300	59.999384	0.0	2059512	17	4.3
1527625038.51	4300	59.999349	0.0	2220726	25	4.3
1527625042.67	4300	59.74905	0.0	2156729	25	4.3
1527625046.82	4300	59.748373	0.0	2039773	19	4.3
1527625050.98	4300	59.498934	0.0	2176469	25	4.3
1527625054.65	4300	59.748173	0.0	2221506	36	4.3
1527625058.81	4300	59.747632	0.0	2044075	23	4.3
1527625062.45	4300	59.997958	0.0	2186790	20	4.3
1527625066.61	4300	59.748195	0.0	2105231	25	4.3
1527625070.76	4300	59.748638	0.0	2395588	21	4.3
1527625074.42	4300	59.998362	0.0	1972048	22	4.3
1527625078.58	4300	59.998672	0.0	2134614	27	4.3
1527625082.75	4300	59.748481	0.0	2164140	25	4.3
1527625086.41	4300	59.997698	0.0	2113193	25	4.3
1527625090.56	4300	59.99911	0.0	2147852	18	4.3
1527625094.72	4300	59.747729	0.0	2191074	25	4.3
1527625098.38	4300	59.999463	0.0	2286761	28	4.3
1527625102.53	4300	59.99857	0.0	2307787	20	4.3
1527625106.69	4300	59.748945	0.0	2143948	27	4.3
1527625110.36	4300	59.999377	0.0	1919781	23	4.3
1527625114.51	4300	59.998662	0.0	2147467	24	4.3
1527625118.67	4300	59.747798	0.0	2133870	23	4.3
1527625122.82	4300	59.747636	0.0	2146120	25	4.3
1527625126.48	4300	59.99936	0.0	2108491	20	4.3
1527625130.64	4300	59.749281	0.0	2184571	25	4.3
1527625134.8	4300	59.749051	0.0	2121928	25	4.3
1527625138.45	4300	59.999144	0.0	2219102	19	4.3
1527625142.61	4300	59.749403	0.0	2124950	23	4.3
1527625146.76	4300	59.748494	0.0	2246506	27	4.3
1527625150.42	4300	59.999278	0.0	1961140	22	4.3
1527625154.55	4300	59.998876	0.0	2155012	19	4.3
1527625156.2	4300	59.928576	0.0	1433658	16	4.3

1527625156.43	750	4	0.014	668286	3	-0.06020000000000003
1527625156.58	4300	7.953798	0.0	2123065	15	0.75
1527625156.72	4300	11.808976	0.0	2177073	21	4.3
1527625156.86	4300	15.669459	0.0	2160877	19	4.3
1527625157.01	4300	19.518503	0.0	2233056	19	4.3
1527625157.15	4300	23.376278	0.0	1941625	24	4.3
1527625157.3	4300	27.228009	0.0	2157535	25	4.3
1527625157.45	4300	31.076895	0.0	2290172	26	4.3
1527625157.6	4300	34.928858	0.0	2055469	24	4.3
1527625157.77	4300	38.77681	0.0	2169201	26	4.3
1527625157.91	4300	42.622821	0.0	2173522	25	4.3
1527625158.06	4300	46.474072	0.0	2102452	27	4.3
1527625158.21	4300	50.322655	0.0	2209463	28	4.3
1527625158.51	4300	54.023098	0.0	2275376	28	4.3
1527625158.65	4300	57.87971	0.0	2005399	11	4.3
1527625160.8	4300	59.749596	0.0	2152483	21	4.3
1527625164.96	4300	59.749579	0.0	2289689	27	4.3
1527625168.61	4300	59.999432	0.0	2059512	26	4.3
1527625172.78	4300	59.999388	0.0	2220726	27	4.3
1527625176.93	4300	59.748465	0.0	2156729	18	4.3
1527625180.59	4300	59.998883	0.0	2039773	23	4.3
1527625185.25	4300	59.497995	0.0	2176469	24	4.3
1527625188.9	4300	59.749268	0.0	2221506	26	4.3
1527625192.56	4300	59.999457	0.0	2044075	25	4.3
1527625196.72	4300	59.998721	0.0	2186790	26	4.3
1527625200.89	4300	59.749451	0.0	2105231	24	4.3
1527625205.03	4300	59.749471	0.0	2395588	25	4.3
1527625208.69	4300	59.99854	0.0	1972048	25	4.3
1527625212.86	4300	59.74885	0.0	2134614	21	4.3
1527625217.02	4300	59.749443	0.0	2164140	19	4.3
1527625220.68	4300	59.999288	0.0	2113193	23	4.3
1527625224.83	4300	59.748988	0.0	2147852	25	4.3
1527625228.99	4300	59.749134	0.0	2191074	24	4.3
1527625232.65	4300	59.998503	0.0	2286761	24	4.3
1527625236.8	4300	59.748944	0.0	2307787	27	4.3
1527625240.95	4300	59.749106	0.0	2143948	19	4.3
1527625244.61	4300	59.998813	0.0	1919781	23	4.3
1527625248.76	4300	59.998784	0.0	2147467	17	4.3
1527625252.91	4300	59.748871	0.0	2133870	26	4.3
1527625256.56	4300	59.998285	0.0	2146120	22	4.3
1527625260.71	4300	59.999459	0.0	2108491	23	4.3
1527625264.86	4300	59.749004	0.0	2184571	21	4.3
1527625269.06	4300	59.747838	0.0	2121928	24	4.3
1527625272.72	4300	59.997892	0.0	2219102	24	4.3
1527625276.88	4300	59.748449	0.0	2124950	26	4.3
1527625281.02	4300	59.748468	0.0	2246506	25	4.3
1527625285.16	4300	59.498948	0.0	1961140	25	4.3
