1528231697.38	750	4	0.015	450283	2	-0.0645
1528231697.48	4300	7.957569	0.0	2123065	15	0.75
1528231697.58	4300	11.851563	0.0	2177073	31	4.3
1528231697.68	4300	15.754034	0.0	2160877	23	4.3
1528231697.77	4300	19.66303	0.0	2233056	26	4.3
1528231697.85	4300	23.578205	0.0	1941625	22	4.3
1528231697.93	4300	27.502139	0.0	2157535	11	4.3
1528231698.02	4300	31.411596	0.0	2290172	21	4.3
1528231698.12	4300	35.311216	0.0	2055469	24	4.3
1528231698.19	4300	39.236212	0.0	2169201	12	4.3
1528231698.29	4300	43.144547	0.0	2173522	22	4.3
1528231698.38	4300	47.04336	0.0	2102452	24	4.3
1528231698.48	4300	50.947583	0.0	2209463	28	4.3
1528231698.57	4300	54.854559	0.0	2275376	26	4.3
1528231698.65	4300	58.778922	0.0	2005399	14	4.3
1528231701.78	4300	59.747613	0.0	2152483	24	4.3
1528231705.89	4300	59.747822	0.0	2289689	24	4.3
1528231709.5	4300	59.998509	0.0	2059512	24	4.3
1528231713.62	4300	59.999451	0.0	2220726	26	4.3
1528231717.74	4300	59.748655	0.0	2156729	25	4.3
1528231721.84	4300	59.74786	0.0	2039773	24	4.3
1528231725.45	4300	59.998552	0.0	2176469	27	4.3
1528231729.62	4300	59.998163	0.0	2221506	25	4.3
1528231733.73	4300	59.748575	0.0	2044075	24	4.3
1528231737.84	4300	59.748493	0.0	2186790	24	4.3
1528231741.44	4300	59.998548	0.0	2105231	24	4.3
1528231745.55	4300	59.997928	0.0	2395588	24	4.3
1528231749.66	4300	59.997555	0.0	1972048	23	4.3
1528231753.77	4300	59.74771	0.0	2134614	25	4.3
1528231757.88	4300	59.724531	0.0	2164140	25	4.3
1528231761.49	4300	59.999163	0.0	2113193	25	4.3
1528231765.6	4300	59.998287	0.0	2147852	22	4.3
1528231769.7	4300	59.747977	0.0	2191074	23	4.3
1528231773.82	4300	59.749152	0.0	2286761	27	4.3
1528231777.92	4300	59.748628	0.0	2307787	24	4.3
1528231781.54	4300	59.99924	0.0	2143948	24	4.3
1528231785.65	4300	59.998903	0.0	1919781	24	4.3
1528231789.76	4300	59.749429	0.0	2147467	23	4.3
1528231793.88	4300	59.74838	0.0	2133870	25	4.3
1528231797.49	4300	59.998837	0.0	2146120	25	4.3
1528231801.6	4300	59.999142	0.0	2108491	20	4.3
1528231805.7	4300	59.748077	0.0	2184571	24	4.3
1528231809.95	4300	59.748638	0.0	2121928	24	4.3
1528231813.55	4300	59.999472	0.0	2219102	19	4.3
1528231817.66	4300	59.998418	0.0	2124950	24	4.3
1528231821.8	4300	59.748676	0.0	2246506	29	4.3
1528231825.91	4300	59.747956	0.0	1961140	23	4.3
1528231829.52	4300	59.998192	0.0	2155012	26	4.3
1528231831.61	4300	59.678976	0.0	1433658	16	4.3

1528231831.82	750	4	0.02	2354772	7	-0.08599999999999997
1528231831.92	4300	7.955017	0.0	2123065	24	0.75
1528231832.01	4300	11.860281	0.0	2177073	24	4.3
1528231832.09	4300	15.785163	0.0	2160877	12	4.3
1528231832.18	4300	19.69513	0.0	2233056	14	4.3
1528231832.28	4300	23.597269	0.0	1941625	23	4.3
1528231832.38	4300	27.494427	0.0	2157535	22	4.3
1528231832.47	4300	31.399949	0.0	2290172	21	4.3
1528231832.58	4300	35.296261	0.0	2055469	25	4.3
1528231832.69	4300	39.200948	0.0	2169201	24	4.3
1528231832.78	4300	43.09824	0.0	2173522	20	4.3
1528231832.88	4300	46.995061	0.0	2102452	25	4.3
1528231832.97	4300	50.897281	0.0	2209463	26	4.3
1528231833.06	4300	54.807161	0.0	2275376	26	4.3
1528231833.15	4300	58.721129	0.0	2005399	23	4.3
1528231836.24	4300	59.748777	0.0	2152483	14	4.3
1528231840.35	4300	59.749499	0.0	2289689	26	4.3
1528231844.46	4300	59.499549	0.0	2059512	24	4.3
1528231848.06	4300	59.998026	0.0	2220726	27	4.3
1528231852.17	4300	59.748065	0.0	2156729	24	4.3
1528231856.28	4300	59.748384	0.0	2039773	20	4.3
1528231859.89	4300	59.99888	0.0	2176469	26	4.3
1528231863.99	4300	59.997999	0.0	2221506	21	4.3
1528231868.1	4300	59.999418	0.0	2044075	24	4.3
1528231872.2	4300	59.748247	0.0	2186790	26	4.3
1528231876.31	4300	59.749311	0.0	2105231	26	4.3
1528231879.91	4300	59.999148	0.0	2395588	22	4.3
1528231884.02	4300	59.998066	0.0	1972048	21	4.3
1528231888.12	4300	59.999291	0.0	2134614	18	4.3
1528231892.33	4300	59.748979	0.0	2164140	22	4.3
1528231895.96	4300	59.998895	0.0	2113193	21	4.3
1528231900.14	4300	59.998827	0.0	2147852	21	4.3
1528231904.25	4300	59.749385	0.0	2191074	26	4.3
1528231908.36	4300	59.748564	0.0	2286761	27	4.3
1528231911.97	4300	59.997988	0.0	2307787	26	4.3
1528231916.07	4300	59.999275	0.0	2143948	23	4.3
1528231920.18	4300	59.749285	0.0	1919781	21	4.3
1528231924.3	4300	59.749618	0.0	2147467	25	4.3
1528231927.9	4300	59.999207	0.0	2133870	22	4.3
1528231932.51	4300	59.499723	0.0	2146120	17	4.3
1528231936.11	4300	59.998495	0.0	2108491	26	4.3
1528231940.22	4300	59.749543	0.0	2184571	25	4.3
1528231944.31	4300	59.748393	0.0	2121928	10	4.3
1528231947.92	4300	59.998518	0.0	2219102	26	4.3
1528231952.03	4300	59.998364	0.0	2124950	24	4.3
1528231956.15	4300	59.748462	0.0	2246506	25	4.3
1528231960.25	4300	59.748268	0.0	1961140	23	4.3
1528231964.37	4300	59.747747	0.0	2155012	23	4.3
