1527730296.05	750	4	0.009	450283	2	-0.03869999999999996
1527730296.19	4300	7.956509	0.0	2123065	16	0.75
1527730296.29	4300	11.861837	0.0	2177073	17	4.3
1527730296.37	4300	15.777739	0.0	2160877	14	4.3
1527730296.45	4300	19.697594	0.0	2233056	14	4.3
1527730296.51	4300	23.632283	0.0	1941625	7	4.3
1527730296.58	4300	27.566529	0.0	2157535	9	4.3
1527730296.64	4300	31.503011	0.0	2290172	6	4.3
1527730296.71	4300	35.437867	0.0	2055469	7	4.3
1527730296.77	4300	39.372966	0.0	2169201	6	4.3
1527730296.84	4300	43.305613	0.0	2173522	8	4.3
1527730296.9	4300	47.239468	0.0	2102452	7	4.3
1527730296.97	4300	51.173783	0.0	2209463	8	4.3
1527730297.04	4300	55.106766	0.0	2275376	7	4.3
1527730297.1	4300	59.042542	0.0	2005399	7	4.3
1527730300.19	4300	59.998937	0.0	2152483	7	4.3
1527730304.31	4300	59.998362	0.0	2289689	30	4.3
1527730308.41	4300	59.749737	0.0	2059512	23	4.3
1527730312.52	4300	59.748885	0.0	2220726	26	4.3
1527730316.63	4300	59.749176	0.0	2156729	25	4.3
1527730320.74	4300	59.4997	0.0	2039773	23	4.3
1527730324.85	4300	59.499526	0.0	2176469	27	4.3
1527730328.46	4300	59.748323	0.0	2221506	25	4.3
1527730332.56	4300	59.749716	0.0	2044075	23	4.3
1527730336.68	4300	59.499398	0.0	2186790	23	4.3
1527730340.28	4300	59.998251	0.0	2105231	23	4.3
1527730344.39	4300	59.999467	0.0	2395588	23	4.3
1527730348.5	4300	59.749105	0.0	1972048	23	4.3
1527730352.61	4300	59.748836	0.0	2134614	21	4.3
1527730356.22	4300	59.95455	0.0	2164140	24	4.3
1527730360.82	4300	59.499696	0.0	2113193	19	4.3
1527730364.43	4300	59.749841	0.0	2147852	24	4.3
1527730368.53	4300	59.750093	0.0	2191074	24	4.3
1527730372.65	4300	59.750128	0.0	2286761	27	4.3
1527730376.76	4300	59.500004	0.0	2307787	26	4.3
1527730380.37	4300	59.999412	0.0	2143948	24	4.3
1527730384.47	4300	59.750069	0.0	1919781	19	4.3
1527730388.57	4300	59.750033	0.0	2147467	24	4.3
1527730392.69	4300	59.49853	0.0	2133870	24	4.3
1527730396.3	4300	59.998692	0.0	2146120	23	4.3
1527730400.4	4300	59.749571	0.0	2108491	19	4.3
1527730404.53	4300	59.748125	0.0	2184571	23	4.3
1527730408.66	4300	59.749688	0.0	2121928	24	4.3
1527730412.3	4300	59.998753	0.0	2219102	21	4.3
1527730416.41	4300	59.748319	0.0	2124950	24	4.3
1527730420.52	4300	59.74976	0.0	2246506	24	4.3
1527730424.8	4300	59.74956	0.0	1961140	24	4.3
1527730428.51	4300	59.749717	0.0	2155012	22	4.3
1527730430.1	4300	59.929286	0.0	1433658	15	4.3

1527730430.34	750	4	0.014	668286	2	-0.06020000000000003
1527730430.41	4300	7.978408	0.0	2123065	6	0.75
1527730430.49	4300	11.896408	0.0	2177073	16	4.3
1527730430.56	4300	15.823564	0.0	2160877	10	4.3
1527730430.64	4300	19.749672	0.0	2233056	11	4.3
1527730430.71	4300	23.679169	0.0	1941625	10	4.3
1527730430.78	4300	27.607935	0.0	2157535	10	4.3
1527730430.88	4300	31.507343	0.0	2290172	17	4.3
1527730430.95	4300	35.440662	0.0	2055469	7	4.3
1527730431.02	4300	39.372177	0.0	2169201	8	4.3
1527730431.08	4300	43.303136	0.0	2173522	7	4.3
1527730431.15	4300	47.235897	0.0	2102452	8	4.3
1527730431.22	4300	51.167898	0.0	2209463	8	4.3
1527730431.29	4300	55.096672	0.0	2275376	9	4.3
1527730431.36	4300	59.030281	0.0	2005399	8	4.3
1527730434.43	4300	59.998055	0.0	2152483	10	4.3
1527730438.54	4300	59.999429	0.0	2289689	19	4.3
1527730442.64	4300	59.74944	0.0	2059512	21	4.3
1527730446.75	4300	59.747753	0.0	2220726	24	4.3
1527730450.86	4300	59.748655	0.0	2156729	24	4.3
1527730454.47	4300	59.999286	0.0	2039773	21	4.3
1527730458.56	4300	59.998673	0.0	2176469	14	4.3
1527730462.67	4300	59.749004	0.0	2221506	24	4.3
1527730466.78	4300	59.749474	0.0	2044075	23	4.3
1527730470.39	4300	59.999238	0.0	2186790	24	4.3
1527730474.5	4300	59.999006	0.0	2105231	23	4.3
1527730478.61	4300	59.998698	0.0	2395588	28	4.3
1527730482.69	4300	59.749082	0.0	1972048	10	4.3
1527730486.84	4300	59.749045	0.0	2134614	23	4.3
1527730490.99	4300	59.499486	0.0	2164140	23	4.3
1527730495.1	4300	59.499005	0.0	2113193	24	4.3
1527730498.71	4300	59.749282	0.0	2147852	15	4.3
1527730502.81	4300	59.748732	0.0	2191074	25	4.3
1527730506.43	4300	59.99794	0.0	2286761	26	4.3
1527730510.54	4300	59.998902	0.0	2307787	20	4.3
1527730514.64	4300	59.748476	0.0	2143948	21	4.3
1527730518.75	4300	59.748386	0.0	1919781	19	4.3
1527730522.84	4300	59.749221	0.0	2147467	11	4.3
1527730526.45	4300	59.997732	0.0	2133870	20	4.3
1527730530.55	4300	59.99935	0.0	2146120	18	4.3
1527730534.67	4300	59.749358	0.0	2108491	17	4.3
1527730538.76	4300	59.749236	0.0	2184571	11	4.3
1527730542.87	4300	59.748097	0.0	2121928	25	4.3
1527730546.48	4300	59.998154	0.0	2219102	24	4.3
1527730550.58	4300	59.997825	0.0	2124950	21	4.3
1527730554.69	4300	59.749578	0.0	2246506	25	4.3
1527730558.8	4300	59.748879	0.0	1961140	21	4.3
1527730562.89	4300	59.748635	0.0	2155012	12	4.3
1527730564.48	4300	59.679068	0.0	1433658	16	4.3

1527730564.69	750	4	0.012	668286	2	-0.05159999999999998
1527730564.79	4300	7.959074	0.0	2123065	12	0.75
1527730564.88	4300	11.869907	0.0	2177073	17	4.3
1527730564.97	4300	15.783004	0.0	2160877	19	4.3
1527730565.04	4300	19.710573	0.0	2233056	13	4.3
1527730565.1	4300	23.650239	0.0	1941625	6	4.3
1527730565.18	4300	27.567327	0.0	2157535	12	4.3
1527730565.25	4300	31.50237	0.0	2290172	8	4.3
1527730565.34	4300	35.416165	0.0	2055469	16	4.3
1527730565.41	4300	39.344914	0.0	2169201	9	4.3
1527730565.48	4300	43.274525	0.0	2173522	10	4.3
1527730565.55	4300	47.204836	0.0	2102452	10	4.3
1527730565.62	4300	51.127546	0.0	2209463	9	4.3
1527730565.7	4300	55.056741	0.0	2275376	11	4.3
1527730565.76	4300	58.986749	0.0	2005399	9	4.3
1527730568.84	4300	59.999123	0.0	2152483	9	4.3
1527730572.96	4300	59.998865	0.0	2289689	29	4.3
1527730577.07	4300	59.747928	0.0	2059512	23	4.3
1527730581.18	4300	59.749405	0.0	2220726	25	4.3
1527730584.79	4300	59.998316	0.0	2156729	24	4.3
1527730588.89	4300	59.999112	0.0	2039773	21	4.3
1527730593.0	4300	59.997847	0.0	2176469	23	4.3
1527730597.11	4300	59.748987	0.0	2221506	26	4.3
