1527633212.69	750	4	0.025	2354772	6	-0.10750000000000004
1527633212.81	4300	7.963385	0.0	2123065	24	0.75
1527633212.9	4300	11.871453	0.0	2177073	23	4.3
1527633213.0	4300	15.776212	0.0	2160877	20	4.3
1527633213.09	4300	19.683638	0.0	2233056	13	4.3
1527633213.19	4300	23.585272	0.0	1941625	22	4.3
1527633213.29	4300	27.482296	0.0	2157535	27	4.3
1527633213.39	4300	31.387954	0.0	2290172	21	4.3
1527633213.48	4300	35.297665	0.0	2055469	19	4.3
1527633213.57	4300	39.204105	0.0	2169201	21	4.3
1527633213.67	4300	43.100095	0.0	2173522	24	4.3
1527633213.77	4300	47.005332	0.0	2102452	25	4.3
1527633213.86	4300	50.916769	0.0	2209463	25	4.3
1527633213.96	4300	54.809903	0.0	2275376	26	4.3
1527633214.06	4300	58.713742	0.0	2005399	23	4.3
1527633217.17	4300	59.749402	0.0	2152483	27	4.3
1527633220.79	4300	59.998308	0.0	2289689	26	4.3
1527633224.89	4300	59.999202	0.0	2059512	22	4.3
1527633229.0	4300	59.998874	0.0	2220726	17	4.3
1527633233.11	4300	59.749394	0.0	2156729	24	4.3
1527633237.22	4300	59.748037	0.0	2039773	22	4.3
1527633240.83	4300	59.998925	0.0	2176469	22	4.3
1527633244.94	4300	59.997631	0.0	2221506	23	4.3
1527633249.05	4300	59.749108	0.0	2044075	22	4.3
1527633253.17	4300	59.748705	0.0	2186790	25	4.3
1527633256.79	4300	59.997965	0.0	2105231	23	4.3
1527633260.89	4300	59.999373	0.0	2395588	24	4.3
1527633265.0	4300	59.999359	0.0	1972048	21	4.3
1527633269.13	4300	59.749428	0.0	2134614	23	4.3
1527633273.34	4300	59.748773	0.0	2164140	19	4.3
1527633276.96	4300	59.99949	0.0	2113193	25	4.3
1527633281.07	4300	59.74872	0.0	2147852	22	4.3
1527633285.18	4300	59.748732	0.0	2191074	20	4.3
1527633288.79	4300	59.999153	0.0	2286761	19	4.3
1527633292.9	4300	59.999314	0.0	2307787	25	4.3
1527633297.02	4300	59.99927	0.0	2143948	22	4.3
1527633301.12	4300	59.749071	0.0	1919781	20	4.3
1527633305.23	4300	59.747578	0.0	2147467	24	4.3
1527633309.34	4300	59.499006	0.0	2133870	23	4.3
1527633312.95	4300	59.998724	0.0	2146120	23	4.3
1527633317.06	4300	59.748664	0.0	2108491	21	4.3
1527633321.17	4300	59.749388	0.0	2184571	23	4.3
1527633325.27	4300	59.749498	0.0	2121928	23	4.3
1527633328.88	4300	59.999469	0.0	2219102	24	4.3
1527633332.99	4300	59.997962	0.0	2124950	21	4.3
1527633337.09	4300	59.748074	0.0	2246506	24	4.3
1527633341.2	4300	59.74914	0.0	1961140	22	4.3
1527633345.31	4300	59.498715	0.0	2155012	25	4.3
1527633346.91	4300	59.679212	0.0	1433658	16	4.3

1527633347.09	750	4	0.013	668286	3	-0.05589999999999995
1527633347.19	4300	7.961963	0.0	2123065	11	0.75
1527633347.29	4300	11.863461	0.0	2177073	24	4.3
1527633347.39	4300	15.767985	0.0	2160877	23	4.3
1527633347.49	4300	19.670298	0.0	2233056	23	4.3
1527633347.57	4300	23.580516	0.0	1941625	19	4.3
1527633347.67	4300	27.487477	0.0	2157535	22	4.3
1527633347.77	4300	31.39118	0.0	2290172	20	4.3
1527633347.85	4300	35.303566	0.0	2055469	18	4.3
1527633347.96	4300	39.198454	0.0	2169201	26	4.3
1527633348.05	4300	43.101434	0.0	2173522	23	4.3
1527633348.15	4300	47.01037	0.0	2102452	19	4.3
1527633348.24	4300	50.919585	0.0	2209463	21	4.3
1527633348.33	4300	54.826449	0.0	2275376	22	4.3
1527633348.42	4300	58.738261	0.0	2005399	20	4.3
1527633351.52	4300	59.753109	0.0	2152483	21	4.3
1527633355.63	4300	59.752563	0.0	2289689	27	4.3
1527633359.74	4300	59.503587	0.0	2059512	23	4.3
1527633363.88	4300	59.503824	0.0	2220726	25	4.3
1527633367.49	4300	59.753681	0.0	2156729	24	4.3
1527633371.59	4300	59.754422	0.0	2039773	23	4.3
1527633375.68	4300	59.503961	0.0	2176469	8	4.3
1527633379.79	4300	59.504081	0.0	2221506	26	4.3
1527633383.89	4300	59.502809	0.0	2044075	23	4.3
1527633387.5	4300	59.753868	0.0	2186790	25	4.3
1527633391.6	4300	59.754233	0.0	2105231	24	4.3
1527633395.72	4300	59.503584	0.0	2395588	27	4.3
1527633399.8	4300	59.503084	0.0	1972048	11	4.3
1527633403.4	4300	59.753322	0.0	2134614	23	4.3
1527633407.51	4300	59.753867	0.0	2164140	21	4.3
1527633411.62	4300	59.752929	0.0	2113193	23	4.3
1527633415.73	4300	59.50397	0.0	2147852	23	4.3
1527633419.84	4300	59.502958	0.0	2191074	23	4.3
1527633423.45	4300	59.753753	0.0	2286761	25	4.3
1527633427.56	4300	59.75453	0.0	2307787	22	4.3
1527633431.66	4300	59.503501	0.0	2143948	20	4.3
1527633435.77	4300	59.504257	0.0	1919781	23	4.3
1527633439.86	4300	59.503346	0.0	2147467	12	4.3
1527633443.47	4300	59.754273	0.0	2133870	19	4.3
1527633447.57	4300	59.75399	0.0	2146120	17	4.3
1527633451.67	4300	59.504512	0.0	2108491	19	4.3
1527633455.78	4300	59.50454	0.0	2184571	23	4.3
1527633459.89	4300	59.50443	0.0	2121928	21	4.3
1527633463.49	4300	59.754338	0.0	2219102	25	4.3
1527633467.6	4300	59.684088	0.0	2124950	22	4.3
1527633471.71	4300	59.503602	0.0	2246506	27	4.3
1527633475.82	4300	59.503678	0.0	1961140	20	4.3
1527633479.42	4300	59.753009	0.0	2155012	24	4.3
1527633481.02	4300	59.933383	0.0	1433658	15	4.3

1527633481.21	750	4	0.017	668286	2	-0.07309999999999994
1527633481.28	4300	7.982449	0.0	2123065	7	0.75
1527633481.37	4300	11.888376	0.0	2177073	23	4.3
1527633481.47	4300	15.795605	0.0	2160877	24	4.3
1527633481.56	4300	19.699662	0.0	2233056	23	4.3
1527633481.63	4300	23.62888	0.0	1941625	12	4.3
1527633481.73	4300	27.526754	0.0	2157535	27	4.3
1527633481.81	4300	31.448685	0.0	2290172	11	4.3
1527633481.91	4300	35.350687	0.0	2055469	24	4.3
1527633482.0	4300	39.255524	0.0	2169201	23	4.3
1527633482.09	4300	43.175021	0.0	2173522	14	4.3
1527633482.17	4300	47.089467	0.0	2102452	17	4.3
1527633482.27	4300	50.987644	0.0	2209463	26	4.3
1527633482.37	4300	54.893539	0.0	2275376	24	4.3
1527633482.44	4300	58.819948	0.0	2005399	11	4.3
1527633485.56	4300	59.748839	0.0	2152483	25	4.3
1527633489.67	4300	59.748388	0.0	2289689	25	4.3
1527633493.29	4300	59.998904	0.0	2059512	23	4.3
