1528195376.28	750	4	0.025	2354772	8	-0.10750000000000004
1528195376.37	4300	7.95967	0.0	2123065	22	0.75
1528195376.47	4300	11.863917	0.0	2177073	25	4.3
1528195376.55	4300	15.775477	0.0	2160877	14	4.3
1528195376.62	4300	19.709294	0.0	2233056	9	4.3
1528195376.69	4300	23.645304	0.0	1941625	6	4.3
1528195376.77	4300	27.558945	0.0	2157535	23	4.3
1528195376.87	4300	31.466005	0.0	2290172	23	4.3
1528195376.95	4300	35.377521	0.0	2055469	22	4.3
1528195377.03	4300	39.303368	0.0	2169201	12	4.3
1528195377.13	4300	43.203772	0.0	2173522	25	4.3
1528195377.22	4300	47.111781	0.0	2102452	25	4.3
1528195377.3	4300	51.036992	0.0	2209463	13	4.3
1528195377.4	4300	54.931985	0.0	2275376	20	4.3
1528195377.46	4300	58.868912	0.0	2005399	8	4.3
1528195380.56	4300	59.999233	0.0	2152483	27	4.3
1528195384.66	4300	59.748599	0.0	2289689	21	4.3
1528195388.77	4300	59.748238	0.0	2059512	22	4.3
1528195392.37	4300	59.998014	0.0	2220726	26	4.3
1528195396.48	4300	59.999269	0.0	2156729	25	4.3
1528195400.58	4300	59.999343	0.0	2039773	23	4.3
1528195404.69	4300	59.748847	0.0	2176469	24	4.3
1528195408.8	4300	59.748598	0.0	2221506	25	4.3
1528195412.41	4300	59.99811	0.0	2044075	23	4.3
1528195416.52	4300	59.999281	0.0	2186790	25	4.3
1528195420.62	4300	59.747949	0.0	2105231	25	4.3
1528195424.74	4300	59.748623	0.0	2395588	30	4.3
1528195428.34	4300	59.997425	0.0	1972048	24	4.3
1528195432.45	4300	59.999496	0.0	2134614	27	4.3
1528195436.55	4300	59.998821	0.0	2164140	25	4.3
1528195440.64	4300	59.748864	0.0	2113193	11	4.3
1528195444.75	4300	59.748873	0.0	2147852	24	4.3
1528195448.35	4300	59.99902	0.0	2191074	24	4.3
1528195452.46	4300	59.999108	0.0	2286761	26	4.3
1528195456.56	4300	59.998788	0.0	2307787	29	4.3
1528195460.67	4300	59.749031	0.0	2143948	28	4.3
1528195464.79	4300	59.748914	0.0	1919781	22	4.3
1528195468.37	4300	59.999142	0.0	2147467	10	4.3
1528195472.47	4300	59.999258	0.0	2133870	22	4.3
1528195476.58	4300	59.998435	0.0	2146120	22	4.3
1528195480.69	4300	59.748367	0.0	2108491	23	4.3
1528195484.8	4300	59.74823	0.0	2184571	25	4.3
1528195488.41	4300	59.99813	0.0	2121928	24	4.3
1528195492.52	4300	59.99863	0.0	2219102	23	4.3
1528195496.62	4300	59.749003	0.0	2124950	23	4.3
1528195500.69	4300	59.747657	0.0	2246506	7	4.3
1528195504.8	4300	59.74919	0.0	1961140	21	4.3
1528195508.41	4300	59.998871	0.0	2155012	27	4.3
1528195510.53	4300	59.677497	0.0	1433658	35	4.3

1528195510.73	750	4	0.027	2354772	7	-0.11609999999999998
1528195510.82	4300	7.909835	0.0	2123065	19	0.75
1528195510.92	4300	11.816007	0.0	2177073	20	4.3
1528195511.02	4300	15.708507	0.0	2160877	31	4.3
1528195511.12	4300	19.612495	0.0	2233056	26	4.3
1528195511.21	4300	23.522498	0.0	1941625	21	4.3
1528195511.31	4300	27.425007	0.0	2157535	21	4.3
1528195511.4	4300	31.332178	0.0	2290172	21	4.3
1528195511.5	4300	35.232656	0.0	2055469	22	4.3
1528195511.58	4300	39.154292	0.0	2169201	9	4.3
1528195511.66	4300	43.066553	0.0	2173522	19	4.3
1528195511.76	4300	46.974328	0.0	2102452	20	4.3
1528195511.85	4300	50.884533	0.0	2209463	20	4.3
1528195511.95	4300	54.782001	0.0	2275376	23	4.3
1528195512.04	4300	58.688369	0.0	2005399	24	4.3
1528195515.13	4300	59.74916	0.0	2152483	14	4.3
1528195518.81	4300	59.998847	0.0	2289689	34	4.3
1528195522.93	4300	59.999233	0.0	2059512	24	4.3
1528195527.04	4300	59.749577	0.0	2220726	28	4.3
1528195531.2	4300	59.747641	0.0	2156729	26	4.3
1528195534.81	4300	59.99896	0.0	2039773	24	4.3
1528195538.92	4300	59.998881	0.0	2176469	25	4.3
1528195543.03	4300	59.748787	0.0	2221506	26	4.3
1528195547.14	4300	59.748596	0.0	2044075	24	4.3
1528195550.75	4300	59.998445	0.0	2186790	27	4.3
1528195554.85	4300	59.999081	0.0	2105231	23	4.3
1528195558.96	4300	59.997701	0.0	2395588	26	4.3
1528195563.07	4300	59.748714	0.0	1972048	25	4.3
1528195567.19	4300	59.748845	0.0	2134614	23	4.3
1528195570.8	4300	59.999265	0.0	2164140	23	4.3
1528195574.91	4300	59.998643	0.0	2113193	24	4.3
1528195579.01	4300	59.749139	0.0	2147852	19	4.3
1528195583.11	4300	59.749267	0.0	2191074	24	4.3
1528195587.22	4300	59.748227	0.0	2286761	29	4.3
1528195590.83	4300	59.998809	0.0	2307787	26	4.3
1528195594.93	4300	59.997853	0.0	2143948	21	4.3
1528195599.04	4300	59.747764	0.0	1919781	23	4.3
1528195603.15	4300	59.74948	0.0	2147467	26	4.3
1528195606.74	4300	59.998912	0.0	2133870	12	4.3
1528195610.86	4300	59.998955	0.0	2146120	25	4.3
1528195614.99	4300	59.998648	0.0	2108491	26	4.3
1528195619.1	4300	59.747993	0.0	2184571	25	4.3
1528195623.2	4300	59.74897	0.0	2121928	21	4.3
1528195626.82	4300	59.997537	0.0	2219102	27	4.3
1528195630.93	4300	59.997927	0.0	2124950	25	4.3
1528195635.04	4300	59.747592	0.0	2246506	28	4.3
1528195639.14	4300	59.749489	0.0	1961140	24	4.3
1528195642.75	4300	59.999157	0.0	2155012	26	4.3
1528195644.85	4300	59.679224	0.0	1433658	19	4.3

1528195645.06	750	4	0.032	2354772	9	-0.13759999999999994
1528195645.15	4300	7.959077	0.0	2123065	23	0.75
1528195645.24	4300	11.866775	0.0	2177073	24	4.3
1528195645.32	4300	15.793667	0.0	2160877	12	4.3
1528195645.43	4300	19.687419	0.0	2233056	23	4.3
1528195645.51	4300	23.603652	0.0	1941625	18	4.3
1528195645.61	4300	27.506779	0.0	2157535	26	4.3
1528195645.69	4300	31.420032	0.0	2290172	17	4.3
1528195645.78	4300	35.327413	0.0	2055469	25	4.3
1528195645.87	4300	39.239743	0.0	2169201	20	4.3
1528195645.97	4300	43.145422	0.0	2173522	27	4.3
1528195646.05	4300	47.070214	0.0	2102452	12	4.3
1528195646.14	4300	50.966458	0.0	2209463	27	4.3
1528195646.23	4300	54.876375	0.0	2275376	14	4.3
1528195646.3	4300	58.815013	0.0	2005399	7	4.3
1528195649.37	4300	59.749294	0.0	2152483	9	4.3
1528195653.48	4300	59.749455	0.0	2289689	28	4.3
1528195657.6	4300	59.74933	0.0	2059512	23	4.3
1528195661.22	4300	59.999476	0.0	2220726	29	4.3
1528195665.34	4300	59.997962	0.0	2156729	24	4.3
1528195669.45	4300	59.748963	0.0	2039773	25	4.3
1528195673.54	4300	59.748737	0.0	2176469	19	4.3
1528195677.14	4300	59.999437	0.0	2221506	20	4.3
1528195681.25	4300	59.999211	0.0	2044075	19	4.3
1528195685.35	4300	59.997753	0.0	2186790	24	4.3
1528195689.46	4300	59.749235	0.0	2105231	25	4.3
1528195693.59	4300	59.747892	0.0	2395588	26	4.3
1528195697.3	4300	59.999195	0.0	1972048	24	4.3
1528195701.4	4300	59.749426	0.0	2134614	23	4.3
1528195705.51	4300	59.749557	0.0	2164140	24	4.3
1528195709.12	4300	59.998779	0.0	2113193	26	4.3
1528195713.23	4300	59.998797	0.0	2147852	24	4.3
1528195717.33	4300	59.999266	0.0	2191074	27	4.3
1528195721.44	4300	59.749457	0.0	2286761	27	4.3
1528195725.55	4300	59.749103	0.0	2307787	25	4.3
1528195729.16	4300	59.998932	0.0	2143948	27	4.3
