1527794078.16	750	4	0.025	2354772	6	-0.10750000000000004
1527794078.29	4300	7.959026	0.0	2123065	23	0.75
1527794078.37	4300	11.882888	0.0	2177073	13	4.3
1527794078.44	4300	15.814491	0.0	2160877	7	4.3
1527794078.52	4300	19.730959	0.0	2233056	15	4.3
1527794078.59	4300	23.664185	0.0	1941625	7	4.3
1527794078.65	4300	27.596315	0.0	2157535	7	4.3
1527794078.72	4300	31.527558	0.0	2290172	8	4.3
1527794078.79	4300	35.462358	0.0	2055469	6	4.3
1527794078.85	4300	39.396515	0.0	2169201	7	4.3
1527794078.92	4300	43.32749	0.0	2173522	8	4.3
1527794078.99	4300	47.262796	0.0	2102452	8	4.3
1527794079.05	4300	51.19782	0.0	2209463	7	4.3
1527794079.13	4300	55.121021	0.0	2275376	8	4.3
1527794079.19	4300	59.057059	0.0	2005399	6	4.3
1527794082.27	4300	59.998286	0.0	2152483	7	4.3
1527794086.37	4300	59.999122	0.0	2289689	19	4.3
1527794090.48	4300	59.998472	0.0	2059512	16	4.3
1527794094.58	4300	59.747959	0.0	2220726	21	4.3
1527794098.69	4300	59.749058	0.0	2156729	20	4.3
1527794102.3	4300	59.998077	0.0	2039773	21	4.3
1527794106.4	4300	59.997707	0.0	2176469	22	4.3
1527794110.51	4300	59.748835	0.0	2221506	23	4.3
1527794114.62	4300	59.748466	0.0	2044075	22	4.3
1527794118.73	4300	59.747479	0.0	2186790	23	4.3
1527794122.34	4300	59.998222	0.0	2105231	24	4.3
1527794126.44	4300	59.999096	0.0	2395588	24	4.3
1527794130.55	4300	59.749356	0.0	1972048	21	4.3
1527794134.66	4300	59.748565	0.0	2134614	25	4.3
1527794138.27	4300	59.999216	0.0	2164140	24	4.3
1527794142.37	4300	59.999383	0.0	2113193	21	4.3
1527794146.48	4300	59.998409	0.0	2147852	20	4.3
1527794150.59	4300	59.748032	0.0	2191074	24	4.3
1527794154.7	4300	59.747963	0.0	2286761	24	4.3
1527794158.31	4300	59.998248	0.0	2307787	24	4.3
1527794162.41	4300	59.99744	0.0	2143948	22	4.3
1527794166.52	4300	59.743107	0.0	1919781	23	4.3
1527794170.63	4300	59.747614	0.0	2147467	26	4.3
1527794174.75	4300	59.749289	0.0	2133870	22	4.3
1527794178.33	4300	59.998877	0.0	2146120	10	4.3
1527794182.45	4300	59.998801	0.0	2108491	24	4.3
1527794186.55	4300	59.749261	0.0	2184571	25	4.3
1527794190.67	4300	59.747637	0.0	2121928	23	4.3
1527794194.28	4300	59.99761	0.0	2219102	27	4.3
1527794198.38	4300	59.998985	0.0	2124950	22	4.3
1527794202.49	4300	59.998258	0.0	2246506	25	4.3
1527794206.6	4300	59.747594	0.0	1961140	23	4.3
1527794210.68	4300	59.749187	0.0	2155012	10	4.3
1527794212.27	4300	59.679453	0.0	1433658	17	4.3

1527794212.46	750	4	0.014	668286	4	-0.06020000000000003
1527794212.54	4300	7.974633	0.0	2123065	7	0.75
1527794212.6	4300	11.90701	0.0	2177073	8	4.3
1527794212.67	4300	15.841957	0.0	2160877	7	4.3
1527794212.76	4300	19.757554	0.0	2233056	19	4.3
1527794212.83	4300	23.685555	0.0	1941625	10	4.3
1527794212.89	4300	27.617347	0.0	2157535	11	4.3
1527794213.0	4300	31.513459	0.0	2290172	20	4.3
1527794213.07	4300	35.444917	0.0	2055469	8	4.3
1527794213.14	4300	39.370951	0.0	2169201	10	4.3
1527794213.21	4300	43.300858	0.0	2173522	11	4.3
1527794213.28	4300	47.23	0.0	2102452	10	4.3
1527794213.35	4300	51.164442	0.0	2209463	6	4.3
1527794213.41	4300	55.099718	0.0	2275376	7	4.3
1527794213.47	4300	59.036771	0.0	2005399	7	4.3
1527794217.05	4300	59.498977	0.0	2152483	7	4.3
1527794220.65	4300	59.998057	0.0	2289689	22	4.3
1527794224.84	4300	59.997832	0.0	2059512	18	4.3
1527794228.95	4300	59.749084	0.0	2220726	25	4.3
1527794232.61	4300	59.998661	0.0	2156729	24	4.3
1527794237.22	4300	59.497953	0.0	2039773	23	4.3
1527794240.83	4300	59.74886	0.0	2176469	26	4.3
1527794244.94	4300	59.74923	0.0	2221506	24	4.3
1527794248.53	4300	59.998736	0.0	2044075	15	4.3
1527794252.65	4300	59.99923	0.0	2186790	26	4.3
1527794256.75	4300	59.998897	0.0	2105231	23	4.3
1527794260.86	4300	59.749647	0.0	2395588	22	4.3
1527794264.95	4300	59.749436	0.0	1972048	13	4.3
1527794268.54	4300	59.999083	0.0	2134614	15	4.3
1527794272.65	4300	59.998785	0.0	2164140	26	4.3
1527794276.76	4300	59.998983	0.0	2113193	24	4.3
1527794280.88	4300	59.747681	0.0	2147852	23	4.3
1527794284.99	4300	59.749681	0.0	2191074	24	4.3
1527794288.59	4300	59.998458	0.0	2286761	26	4.3
1527794292.7	4300	59.999396	0.0	2307787	27	4.3
1527794296.81	4300	59.749528	0.0	2143948	25	4.3
1527794300.92	4300	59.749377	0.0	1919781	22	4.3
1527794305.01	4300	59.74891	0.0	2147467	10	4.3
1527794308.62	4300	59.998103	0.0	2133870	22	4.3
1527794312.72	4300	59.999051	0.0	2146120	18	4.3
1527794316.86	4300	59.748557	0.0	2108491	20	4.3
1527794320.96	4300	59.749533	0.0	2184571	21	4.3
1527794325.07	4300	59.498922	0.0	2121928	23	4.3
1527794328.68	4300	59.999183	0.0	2219102	25	4.3
1527794332.78	4300	59.748716	0.0	2124950	22	4.3
1527794336.89	4300	59.749186	0.0	2246506	25	4.3
1527794341.0	4300	59.749425	0.0	1961140	24	4.3
1527794344.58	4300	59.999363	0.0	2155012	10	4.3
1527794346.68	4300	59.677608	0.0	1433658	16	4.3

1527794346.87	750	4	0.014	668286	2	-0.06020000000000003
1527794346.94	4300	7.98043	0.0	2123065	7	0.75
1527794347.09	4300	11.893432	0.0	2177073	18	4.3
1527794347.19	4300	15.727007	0.0	2160877	25	4.3
1527794347.27	4300	19.64494	0.0	2233056	15	4.3
1527794347.33	4300	23.583038	0.0	1941625	7	4.3
1527794347.4	4300	27.519502	0.0	2157535	5	4.3
1527794347.47	4300	31.454202	0.0	2290172	7	4.3
1527794347.53	4300	35.388699	0.0	2055469	7	4.3
1527794347.6	4300	39.316757	0.0	2169201	6	4.3
1527794347.67	4300	43.253458	0.0	2173522	6	4.3
1527794347.73	4300	47.187554	0.0	2102452	6	4.3
1527794347.8	4300	51.122467	0.0	2209463	9	4.3
1527794347.9	4300	55.02315	0.0	2275376	20	4.3
1527794347.97	4300	58.951995	0.0	2005399	8	4.3
1527794351.05	4300	59.998547	0.0	2152483	8	4.3
1527794355.16	4300	59.997744	0.0	2289689	24	4.3
1527794359.27	4300	59.748961	0.0	2059512	22	4.3
1527794363.38	4300	59.747903	0.0	2220726	24	4.3
1527794366.99	4300	59.999155	0.0	2156729	23	4.3
