1527744796.76	750	4	0.03	2354772	11	-0.129
1527744796.89	4300	7.962357	0.0	2123065	23	0.75
1527744796.96	4300	11.887795	0.0	2177073	12	4.3
1527744797.04	4300	15.811687	0.0	2160877	12	4.3
1527744797.14	4300	19.714334	0.0	2233056	28	4.3
1527744797.21	4300	23.639461	0.0	1941625	11	4.3
1527744797.31	4300	27.543591	0.0	2157535	25	4.3
1527744797.38	4300	31.467719	0.0	2290172	13	4.3
1527744797.47	4300	35.380657	0.0	2055469	12	4.3
1527744797.53	4300	39.314054	0.0	2169201	7	4.3
1527744797.6	4300	43.248127	0.0	2173522	8	4.3
1527744797.67	4300	47.181589	0.0	2102452	9	4.3
1527744797.74	4300	51.111712	0.0	2209463	8	4.3
1527744797.83	4300	55.018759	0.0	2275376	17	4.3
1527744797.92	4300	58.931781	0.0	2005399	16	4.3
1527744801.01	4300	59.999445	0.0	2152483	15	4.3
1527744805.13	4300	59.748017	0.0	2289689	29	4.3
1527744809.24	4300	59.749576	0.0	2059512	23	4.3
1527744813.34	4300	59.74934	0.0	2220726	16	4.3
1527744816.94	4300	59.998828	0.0	2156729	18	4.3
1527744821.04	4300	59.998849	0.0	2039773	17	4.3
1527744825.14	4300	59.748615	0.0	2176469	21	4.3
1527744829.24	4300	59.748324	0.0	2221506	16	4.3
1527744832.89	4300	59.998973	0.0	2044075	23	4.3
1527744837.0	4300	59.999407	0.0	2186790	21	4.3
1527744841.6	4300	59.499442	0.0	2105231	22	4.3
1527744845.22	4300	59.749447	0.0	2395588	28	4.3
1527744849.3	4300	59.748997	0.0	1972048	11	4.3
1527744852.91	4300	59.99885	0.0	2134614	20	4.3
1527744857.02	4300	59.975338	0.0	2164140	24	4.3
1527744861.14	4300	59.749557	0.0	2113193	23	4.3
1527744865.25	4300	59.74874	0.0	2147852	24	4.3
1527744868.86	4300	59.998149	0.0	2191074	25	4.3
1527744872.97	4300	59.998719	0.0	2286761	23	4.3
1527744877.08	4300	59.999016	0.0	2307787	21	4.3
1527744881.18	4300	59.749158	0.0	2143948	25	4.3
1527744885.29	4300	59.748814	0.0	1919781	22	4.3
1527744888.88	4300	59.99945	0.0	2147467	13	4.3
1527744892.98	4300	59.998227	0.0	2133870	17	4.3
1527744897.09	4300	59.998332	0.0	2146120	23	4.3
1527744901.19	4300	59.748808	0.0	2108491	23	4.3
1527744905.3	4300	59.748636	0.0	2184571	22	4.3
1527744908.91	4300	59.999101	0.0	2121928	23	4.3
1527744913.02	4300	59.999211	0.0	2219102	22	4.3
1527744917.12	4300	59.74639	0.0	2124950	25	4.3
1527744921.23	4300	59.748004	0.0	2246506	25	4.3
1527744925.34	4300	59.749332	0.0	1961140	22	4.3
1527744928.95	4300	59.998882	0.0	2155012	24	4.3
1527744931.06	4300	59.679092	0.0	1433658	32	4.3

1527744931.28	750	4	0.024	668286	7	-0.10319999999999996
1527744931.35	4300	7.97958	0.0	2123065	6	0.75
1527744931.42	4300	11.910938	0.0	2177073	6	4.3
1527744931.5	4300	15.83013	0.0	2160877	17	4.3
1527744931.57	4300	19.759462	0.0	2233056	9	4.3
1527744931.67	4300	23.666839	0.0	1941625	22	4.3
1527744931.73	4300	27.599662	0.0	2157535	6	4.3
1527744931.81	4300	31.518416	0.0	2290172	15	4.3
1527744931.89	4300	35.440782	0.0	2055469	16	4.3
1527744931.96	4300	39.372447	0.0	2169201	9	4.3
1527744932.02	4300	43.304473	0.0	2173522	9	4.3
1527744932.1	4300	47.224713	0.0	2102452	14	4.3
1527744932.18	4300	51.150844	0.0	2209463	13	4.3
1527744932.24	4300	55.086805	0.0	2275376	7	4.3
1527744932.3	4300	59.024744	0.0	2005399	7	4.3
1527744935.89	4300	59.498459	0.0	2152483	8	4.3
1527744939.49	4300	59.99896	0.0	2289689	23	4.3
1527744943.59	4300	59.749333	0.0	2059512	19	4.3
1527744947.7	4300	59.748917	0.0	2220726	21	4.3
1527744951.8	4300	59.748503	0.0	2156729	22	4.3
1527744955.41	4300	59.999089	0.0	2039773	24	4.3
1527744959.51	4300	59.999498	0.0	2176469	22	4.3
1527744963.6	4300	59.748437	0.0	2221506	14	4.3
1527744967.71	4300	59.748721	0.0	2044075	20	4.3
1527744971.81	4300	59.747982	0.0	2186790	23	4.3
1527744975.92	4300	59.49942	0.0	2105231	24	4.3
1527744979.53	4300	59.999487	0.0	2395588	28	4.3
1527744983.64	4300	59.748195	0.0	1972048	20	4.3
1527744987.74	4300	59.749023	0.0	2134614	25	4.3
1527744991.85	4300	59.497941	0.0	2164140	23	4.3
1527744995.46	4300	59.998066	0.0	2113193	22	4.3
1527744999.57	4300	59.999195	0.0	2147852	23	4.3
1527745003.68	4300	59.748166	0.0	2191074	23	4.3
1527745007.78	4300	59.749241	0.0	2286761	26	4.3
1527745011.39	4300	59.998516	0.0	2307787	25	4.3
1527745015.5	4300	59.997846	0.0	2143948	22	4.3
1527745019.6	4300	59.739098	0.0	1919781	22	4.3
1527745023.69	4300	59.7487	0.0	2147467	10	4.3
1527745027.79	4300	59.749366	0.0	2133870	26	4.3
1527745031.9	4300	59.499153	0.0	2146120	24	4.3
1527745036.01	4300	59.499065	0.0	2108491	24	4.3
1527745039.62	4300	59.748916	0.0	2184571	25	4.3
1527745043.73	4300	59.749091	0.0	2121928	23	4.3
1527745047.83	4300	59.749618	0.0	2219102	25	4.3
1527745051.44	4300	59.999115	0.0	2124950	23	4.3
1527745055.55	4300	59.999443	0.0	2246506	22	4.3
1527745059.66	4300	59.749424	0.0	1961140	22	4.3
1527745063.75	4300	59.749529	0.0	2155012	11	4.3
1527745065.34	4300	59.679345	0.0	1433658	17	4.3

1527745065.55	750	4	0.015	668286	2	-0.0645
1527745065.62	4300	7.98039	0.0	2123065	7	0.75
1527745065.72	4300	11.883749	0.0	2177073	24	4.3
1527745065.8	4300	15.805442	0.0	2160877	14	4.3
1527745065.87	4300	19.734006	0.0	2233056	8	4.3
1527745065.95	4300	23.655176	0.0	1941625	23	4.3
1527745066.02	4300	27.585262	0.0	2157535	7	4.3
1527745066.08	4300	31.517415	0.0	2290172	9	4.3
1527745066.15	4300	35.453856	0.0	2055469	7	4.3
1527745066.21	4300	39.388023	0.0	2169201	9	4.3
1527745066.28	4300	43.319977	0.0	2173522	9	4.3
1527745066.35	4300	47.253973	0.0	2102452	7	4.3
1527745066.41	4300	51.187963	0.0	2209463	7	4.3
1527745066.48	4300	55.121281	0.0	2275376	6	4.3
1527745066.56	4300	59.042007	0.0	2005399	17	4.3
1527745069.66	4300	59.999457	0.0	2152483	24	4.3
1527745073.77	4300	59.999427	0.0	2289689	19	4.3
1527745077.87	4300	59.749459	0.0	2059512	21	4.3
1527745081.98	4300	59.747879	0.0	2220726	23	4.3
1527745086.09	4300	59.74912	0.0	2156729	23	4.3
1527745090.2	4300	59.497736	0.0	2039773	22	4.3
