1528218610.68	750	4	0.024	2354772	8	-0.10319999999999996
1528218610.76	4300	7.970128	0.0	2123065	16	0.75
1528218610.86	4300	11.872723	0.0	2177073	26	4.3
1528218610.94	4300	15.791571	0.0	2160877	15	4.3
1528218611.03	4300	19.699137	0.0	2233056	20	4.3
1528218611.13	4300	23.601501	0.0	1941625	23	4.3
1528218611.21	4300	27.525934	0.0	2157535	13	4.3
1528218611.29	4300	31.445047	0.0	2290172	13	4.3
1528218611.38	4300	35.354846	0.0	2055469	17	4.3
1528218611.47	4300	39.262688	0.0	2169201	22	4.3
1528218611.57	4300	43.156141	0.0	2173522	28	4.3
1528218611.67	4300	47.059897	0.0	2102452	25	4.3
1528218611.75	4300	50.981554	0.0	2209463	15	4.3
1528218611.86	4300	54.866962	0.0	2275376	28	4.3
1528218611.96	4300	58.767871	0.0	2005399	20	4.3
1528218615.23	4300	59.748041	0.0	2152483	22	4.3
1528218618.89	4300	59.999122	0.0	2289689	21	4.3
1528218623.0	4300	59.749593	0.0	2059512	24	4.3
1528218627.11	4300	59.749646	0.0	2220726	24	4.3
1528218631.22	4300	59.749608	0.0	2156729	24	4.3
1528218634.83	4300	59.998862	0.0	2039773	24	4.3
1528218638.94	4300	59.997897	0.0	2176469	24	4.3
1528218643.05	4300	59.749222	0.0	2221506	25	4.3
1528218647.16	4300	59.749031	0.0	2044075	24	4.3
1528218650.76	4300	59.999063	0.0	2186790	25	4.3
1528218655.37	4300	59.498734	0.0	2105231	22	4.3
1528218658.98	4300	59.748752	0.0	2395588	29	4.3
1528218663.08	4300	59.748156	0.0	1972048	23	4.3
1528218667.19	4300	59.749035	0.0	2134614	26	4.3
1528218670.8	4300	59.997829	0.0	2164140	26	4.3
1528218674.91	4300	59.999021	0.0	2113193	24	4.3
1528218679.02	4300	59.749205	0.0	2147852	26	4.3
1528218683.12	4300	59.749257	0.0	2191074	25	4.3
1528218686.74	4300	59.999233	0.0	2286761	28	4.3
1528218691.35	4300	59.498917	0.0	2307787	23	4.3
1528218694.96	4300	59.998407	0.0	2143948	24	4.3
1528218699.03	4300	59.74949	0.0	1919781	6	4.3
1528218703.14	4300	59.748673	0.0	2147467	24	4.3
1528218706.75	4300	59.997761	0.0	2133870	22	4.3
1528218710.85	4300	59.999289	0.0	2146120	24	4.3
1528218714.96	4300	59.999129	0.0	2108491	22	4.3
1528218719.07	4300	59.749573	0.0	2184571	26	4.3
1528218723.18	4300	59.748814	0.0	2121928	26	4.3
1528218726.78	4300	59.998521	0.0	2219102	23	4.3
1528218730.89	4300	59.999276	0.0	2124950	23	4.3
1528218735.01	4300	59.749367	0.0	2246506	21	4.3
1528218739.11	4300	59.749657	0.0	1961140	22	4.3
1528218743.19	4300	59.749062	0.0	2155012	10	4.3
1528218744.78	4300	59.679157	0.0	1433658	17	4.3

1528218744.98	750	4	0.029	2354772	11	-0.12470000000000003
1528218745.05	4300	7.987553	0.0	2123065	5	0.75
1528218745.13	4300	11.898738	0.0	2177073	20	4.3
1528218745.23	4300	15.806227	0.0	2160877	22	4.3
1528218745.31	4300	19.726828	0.0	2233056	15	4.3
1528218745.43	4300	23.629353	0.0	1941625	25	4.3
1528218745.56	4300	27.47194	0.0	2157535	29	4.3
1528218745.64	4300	31.39464	0.0	2290172	13	4.3
1528218745.74	4300	35.296812	0.0	2055469	24	4.3
1528218745.83	4300	39.202853	0.0	2169201	27	4.3
1528218745.9	4300	43.131187	0.0	2173522	11	4.3
1528218746.01	4300	47.02825	0.0	2102452	24	4.3
1528218746.1	4300	50.932253	0.0	2209463	25	4.3
1528218746.19	4300	54.84259	0.0	2275376	12	4.3
1528218746.26	4300	58.773376	0.0	2005399	11	4.3
1528218749.37	4300	59.749301	0.0	2152483	25	4.3
1528218753.48	4300	59.748734	0.0	2289689	26	4.3
1528218757.08	4300	59.9988	0.0	2059512	24	4.3
1528218761.19	4300	59.999478	0.0	2220726	25	4.3
1528218765.29	4300	59.748013	0.0	2156729	26	4.3
1528218769.4	4300	59.748676	0.0	2039773	24	4.3
1528218773.59	4300	59.749216	0.0	2176469	25	4.3
1528218777.19	4300	59.998853	0.0	2221506	22	4.3
1528218781.29	4300	59.748728	0.0	2044075	23	4.3
1528218785.4	4300	59.74899	0.0	2186790	27	4.3
1528218789.51	4300	59.748987	0.0	2105231	26	4.3
1528218793.12	4300	59.999058	0.0	2395588	28	4.3
1528218797.22	4300	59.999427	0.0	1972048	21	4.3
1528218801.33	4300	59.748846	0.0	2134614	24	4.3
1528218805.44	4300	59.748524	0.0	2164140	24	4.3
1528218809.04	4300	59.997736	0.0	2113193	26	4.3
1528218813.15	4300	59.998428	0.0	2147852	27	4.3
1528218817.25	4300	59.998357	0.0	2191074	24	4.3
1528218821.35	4300	59.748376	0.0	2286761	18	4.3
1528218825.46	4300	59.749327	0.0	2307787	21	4.3
1528218829.06	4300	59.999179	0.0	2143948	21	4.3
1528218833.16	4300	59.998901	0.0	1919781	21	4.3
1528218837.77	4300	59.498765	0.0	2147467	26	4.3
1528218841.39	4300	59.748787	0.0	2133870	25	4.3
1528218845.48	4300	59.748928	0.0	2146120	14	4.3
1528218849.59	4300	59.498787	0.0	2108491	25	4.3
1528218853.7	4300	59.498628	0.0	2184571	26	4.3
1528218857.29	4300	59.998836	0.0	2121928	8	4.3
1528218861.4	4300	59.748893	0.0	2219102	21	4.3
1528218865.5	4300	59.689896	0.0	2124950	25	4.3
1528218869.11	4300	59.997928	0.0	2246506	25	4.3
1528218873.21	4300	59.999459	0.0	1961140	23	4.3
1528218877.31	4300	59.748945	0.0	2155012	27	4.3
1528218878.91	4300	59.929445	0.0	1433658	17	4.3

1528218879.11	750	4	0.021	2354772	6	-0.09030000000000005
1528218879.21	4300	7.955891	0.0	2123065	24	0.75
1528218879.31	4300	11.86217	0.0	2177073	24	4.3
1528218879.38	4300	15.782734	0.0	2160877	14	4.3
1528218879.47	4300	19.694525	0.0	2233056	19	4.3
1528218879.57	4300	23.600085	0.0	1941625	23	4.3
1528218879.66	4300	27.501941	0.0	2157535	27	4.3
1528218879.74	4300	31.428785	0.0	2290172	13	4.3
1528218879.84	4300	35.328568	0.0	2055469	22	4.3
1528218879.92	4300	39.249034	0.0	2169201	12	4.3
1528218880.01	4300	43.161443	0.0	2173522	19	4.3
1528218880.09	4300	47.077189	0.0	2102452	17	4.3
1528218880.18	4300	50.98221	0.0	2209463	21	4.3
1528218880.27	4300	54.892623	0.0	2275376	23	4.3
1528218880.36	4300	58.8023	0.0	2005399	19	4.3
1528218883.45	4300	59.7491	0.0	2152483	15	4.3
1528218887.57	4300	59.749342	0.0	2289689	24	4.3
1528218891.18	4300	59.998572	0.0	2059512	23	4.3
1528218895.29	4300	59.997958	0.0	2220726	27	4.3
1528218899.4	4300	59.999013	0.0	2156729	26	4.3
1528218903.51	4300	59.747504	0.0	2039773	24	4.3
1528218907.62	4300	59.749237	0.0	2176469	27	4.3
1528218911.23	4300	59.998548	0.0	2221506	24	4.3
1528218915.34	4300	59.999039	0.0	2044075	25	4.3
1528218919.45	4300	59.748354	0.0	2186790	22	4.3
