1527727357.71	750	4	0.01	450283	2	-0.04300000000000004
1527727357.84	4300	7.951996	0.0	2123065	15	0.75
1527727357.93	4300	11.862652	0.0	2177073	17	4.3
1527727358.0	4300	15.79389	0.0	2160877	9	4.3
1527727358.07	4300	19.726715	0.0	2233056	6	4.3
1527727358.13	4300	23.663078	0.0	1941625	5	4.3
1527727358.2	4300	27.595871	0.0	2157535	7	4.3
1527727358.28	4300	31.514302	0.0	2290172	16	4.3
1527727358.35	4300	35.447393	0.0	2055469	8	4.3
1527727358.41	4300	39.379351	0.0	2169201	8	4.3
1527727358.48	4300	43.310743	0.0	2173522	9	4.3
1527727358.55	4300	47.243175	0.0	2102452	8	4.3
1527727358.62	4300	51.17221	0.0	2209463	9	4.3
1527727358.69	4300	55.104412	0.0	2275376	9	4.3
1527727358.79	4300	59.004174	0.0	2005399	23	4.3
1527727361.89	4300	59.999056	0.0	2152483	12	4.3
1527727366.49	4300	59.497623	0.0	2289689	19	4.3
1527727370.1	4300	59.749033	0.0	2059512	19	4.3
1527727374.21	4300	59.749048	0.0	2220726	24	4.3
1527727377.82	4300	59.999183	0.0	2156729	25	4.3
1527727381.92	4300	59.998206	0.0	2039773	20	4.3
1527727386.03	4300	59.997839	0.0	2176469	23	4.3
1527727390.14	4300	59.749154	0.0	2221506	25	4.3
1527727394.24	4300	59.74945	0.0	2044075	21	4.3
1527727397.85	4300	59.998764	0.0	2186790	25	4.3
1527727402.04	4300	59.999078	0.0	2105231	23	4.3
1527727406.16	4300	59.736392	0.0	2395588	26	4.3
1527727410.26	4300	59.748726	0.0	1972048	22	4.3
1527727413.87	4300	59.999318	0.0	2134614	24	4.3
1527727417.98	4300	59.999055	0.0	2164140	24	4.3
1527727422.09	4300	59.748727	0.0	2113193	24	4.3
1527727426.2	4300	59.749341	0.0	2147852	23	4.3
1527727429.81	4300	59.999013	0.0	2191074	25	4.3
1527727433.92	4300	59.998992	0.0	2286761	20	4.3
1527727438.52	4300	59.499281	0.0	2307787	24	4.3
1527727442.13	4300	59.749361	0.0	2143948	22	4.3
1527727446.21	4300	59.749179	0.0	1919781	6	4.3
1527727449.82	4300	59.997655	0.0	2147467	24	4.3
1527727453.93	4300	59.997981	0.0	2133870	22	4.3
1527727458.04	4300	59.998796	0.0	2146120	19	4.3
1527727462.15	4300	59.748749	0.0	2108491	19	4.3
1527727466.26	4300	59.74775	0.0	2184571	19	4.3
1527727469.86	4300	59.998348	0.0	2121928	22	4.3
1527727473.96	4300	59.9982	0.0	2219102	20	4.3
1527727478.07	4300	59.748288	0.0	2124950	24	4.3
1527727482.18	4300	59.747739	0.0	2246506	25	4.3
1527727486.29	4300	59.748312	0.0	1961140	23	4.3
1527727489.87	4300	59.997801	0.0	2155012	13	4.3
1527727491.97	4300	59.678833	0.0	1433658	16	4.3

1527727492.16	750	4	0.016	668286	0	-0.06879999999999997
1527727492.24	4300	7.979985	0.0	2123065	6	0.75
1527727492.3	4300	11.91474	0.0	2177073	7	4.3
1527727492.37	4300	15.848577	0.0	2160877	7	4.3
1527727492.43	4300	19.784111	0.0	2233056	7	4.3
1527727492.5	4300	23.72147	0.0	1941625	6	4.3
1527727492.57	4300	27.644135	0.0	2157535	7	4.3
1527727492.65	4300	31.573788	0.0	2290172	7	4.3
1527727492.71	4300	35.507034	0.0	2055469	6	4.3
1527727492.78	4300	39.442663	0.0	2169201	8	4.3
1527727492.84	4300	43.377639	0.0	2173522	8	4.3
1527727492.92	4300	47.298776	0.0	2102452	8	4.3
1527727492.98	4300	51.234243	0.0	2209463	7	4.3
1527727493.05	4300	55.169355	0.0	2275376	7	4.3
1527727493.12	4300	59.099768	0.0	2005399	6	4.3
1527727496.69	4300	59.749638	0.0	2152483	7	4.3
1527727500.79	4300	59.498918	0.0	2289689	13	4.3
1527727504.39	4300	59.999245	0.0	2059512	21	4.3
1527727508.49	4300	59.748967	0.0	2220726	24	4.3
1527727512.6	4300	59.749058	0.0	2156729	25	4.3
1527727516.7	4300	59.749244	0.0	2039773	21	4.3
1527727520.31	4300	59.999169	0.0	2176469	27	4.3
1527727524.42	4300	59.998963	0.0	2221506	23	4.3
1527727528.53	4300	59.748346	0.0	2044075	24	4.3
1527727532.64	4300	59.747807	0.0	2186790	24	4.3
1527727536.25	4300	59.999029	0.0	2105231	24	4.3
1527727540.36	4300	59.999293	0.0	2395588	25	4.3
1527727544.47	4300	59.999174	0.0	1972048	20	4.3
1527727548.57	4300	59.749635	0.0	2134614	23	4.3
1527727552.68	4300	59.74905	0.0	2164140	24	4.3
1527727556.29	4300	59.997922	0.0	2113193	22	4.3
1527727560.39	4300	59.998173	0.0	2147852	21	4.3
1527727564.5	4300	59.748463	0.0	2191074	25	4.3
1527727568.61	4300	59.748667	0.0	2286761	27	4.3
1527727572.72	4300	59.748141	0.0	2307787	26	4.3
1527727576.33	4300	59.999023	0.0	2143948	23	4.3
1527727580.43	4300	59.999372	0.0	1919781	20	4.3
1527727584.54	4300	59.748696	0.0	2147467	24	4.3
1527727588.65	4300	59.749165	0.0	2133870	24	4.3
1527727592.26	4300	59.998434	0.0	2146120	25	4.3
1527727596.36	4300	59.999332	0.0	2108491	21	4.3
1527727600.47	4300	59.999045	0.0	2184571	26	4.3
1527727604.58	4300	59.748122	0.0	2121928	23	4.3
1527727608.7	4300	59.748612	0.0	2219102	24	4.3
1527727612.3	4300	59.999096	0.0	2124950	23	4.3
1527727616.41	4300	59.998003	0.0	2246506	22	4.3
1527727620.51	4300	59.747788	0.0	1961140	20	4.3
1527727624.6	4300	59.747988	0.0	2155012	11	4.3
1527727626.19	4300	59.929037	0.0	1433658	17	4.3

1527727626.41	750	4	0.016	668286	2	-0.06879999999999997
1527727626.48	4300	7.979728	0.0	2123065	6	0.75
1527727626.55	4300	11.915051	0.0	2177073	6	4.3
1527727626.64	4300	15.829054	0.0	2160877	18	4.3
1527727626.71	4300	19.753076	0.0	2233056	10	4.3
1527727626.8	4300	23.661577	0.0	1941625	19	4.3
1527727626.88	4300	27.587184	0.0	2157535	9	4.3
1527727626.94	4300	31.516803	0.0	2290172	7	4.3
1527727627.01	4300	35.447703	0.0	2055469	5	4.3
1527727627.08	4300	39.378176	0.0	2169201	8	4.3
1527727627.15	4300	43.313629	0.0	2173522	7	4.3
1527727627.22	4300	47.248123	0.0	2102452	6	4.3
1527727627.28	4300	51.180527	0.0	2209463	7	4.3
1527727627.35	4300	55.116718	0.0	2275376	8	4.3
1527727627.41	4300	59.048113	0.0	2005399	5	4.3
1527727630.49	4300	59.998592	0.0	2152483	7	4.3
1527727634.62	4300	59.99949	0.0	2289689	29	4.3
1527727638.72	4300	59.748954	0.0	2059512	23	4.3
1527727642.84	4300	59.748898	0.0	2220726	24	4.3
1527727646.94	4300	59.748845	0.0	2156729	23	4.3
1527727650.55	4300	59.998119	0.0	2039773	23	4.3
1527727654.68	4300	59.999363	0.0	2176469	24	4.3
1527727658.84	4300	59.748657	0.0	2221506	25	4.3
1527727662.94	4300	59.749379	0.0	2044075	18	4.3
1527727666.54	4300	59.997951	0.0	2186790	23	4.3
1527727670.65	4300	59.999453	0.0	2105231	22	4.3
1527727674.75	4300	59.748345	0.0	2395588	25	4.3
1527727678.84	4300	59.74914	0.0	1972048	11	4.3
1527727682.94	4300	59.747863	0.0	2134614	24	4.3
1527727686.55	4300	59.999438	0.0	2164140	26	4.3
1527727690.65	4300	59.998891	0.0	2113193	21	4.3
1527727694.76	4300	59.749054	0.0	2147852	23	4.3
1527727698.87	4300	59.748777	0.0	2191074	24	4.3
