1527665126.2	750	4	0.026	2354772	10	-0.11180000000000001
1527665126.32	4300	7.967054	0.0	2123065	18	0.75
1527665126.41	4300	11.876838	0.0	2177073	19	4.3
1527665126.5	4300	15.790619	0.0	2160877	15	4.3
1527665126.59	4300	19.69587	0.0	2233056	19	4.3
1527665126.68	4300	23.605879	0.0	1941625	16	4.3
1527665126.78	4300	27.503158	0.0	2157535	25	4.3
1527665126.86	4300	31.423383	0.0	2290172	13	4.3
1527665126.96	4300	35.323583	0.0	2055469	23	4.3
1527665127.05	4300	39.228208	0.0	2169201	24	4.3
1527665127.15	4300	43.135353	0.0	2173522	25	4.3
1527665127.24	4300	47.042959	0.0	2102452	23	4.3
1527665127.34	4300	50.946312	0.0	2209463	19	4.3
1527665127.45	4300	54.827834	0.0	2275376	24	4.3
1527665127.55	4300	58.738594	0.0	2005399	17	4.3
1527665130.64	4300	59.749202	0.0	2152483	18	4.3
1527665134.75	4300	59.749089	0.0	2289689	25	4.3
1527665138.36	4300	59.999134	0.0	2059512	22	4.3
1527665142.55	4300	59.998839	0.0	2220726	25	4.3
1527665146.67	4300	59.749217	0.0	2156729	25	4.3
1527665150.78	4300	59.749063	0.0	2039773	22	4.3
1527665154.89	4300	59.499707	0.0	2176469	25	4.3
1527665158.5	4300	59.999203	0.0	2221506	25	4.3
1527665162.6	4300	59.748023	0.0	2044075	20	4.3
1527665166.71	4300	59.748009	0.0	2186790	26	4.3
1527665170.82	4300	59.499145	0.0	2105231	26	4.3
1527665174.93	4300	59.499327	0.0	2395588	25	4.3
1527665178.54	4300	59.999418	0.0	1972048	21	4.3
1527665182.64	4300	59.749536	0.0	2134614	21	4.3
1527665186.75	4300	59.749653	0.0	2164140	25	4.3
1527665190.36	4300	59.999023	0.0	2113193	23	4.3
1527665194.47	4300	59.999465	0.0	2147852	20	4.3
1527665198.58	4300	59.749661	0.0	2191074	23	4.3
1527665202.68	4300	59.749015	0.0	2286761	22	4.3
1527665206.29	4300	59.998601	0.0	2307787	25	4.3
1527665210.4	4300	59.999006	0.0	2143948	18	4.3
1527665214.58	4300	59.998992	0.0	1919781	20	4.3
1527665218.73	4300	59.748262	0.0	2147467	20	4.3
1527665222.41	4300	59.998746	0.0	2133870	24	4.3
1527665226.53	4300	59.998622	0.0	2146120	30	4.3
1527665230.63	4300	59.749616	0.0	2108491	22	4.3
1527665234.75	4300	59.749177	0.0	2184571	23	4.3
1527665238.36	4300	59.999079	0.0	2121928	23	4.3
1527665242.47	4300	59.998927	0.0	2219102	24	4.3
1527665246.57	4300	59.74946	0.0	2124950	21	4.3
1527665250.68	4300	59.749719	0.0	2246506	26	4.3
1527665254.29	4300	59.99756	0.0	1961140	23	4.3
1527665258.39	4300	59.999273	0.0	2155012	22	4.3
1527665260.49	4300	59.679198	0.0	1433658	15	4.3

1527665260.68	750	4	0.015	668286	3	-0.0645
1527665260.77	4300	7.965289	0.0	2123065	14	0.75
1527665260.86	4300	11.870847	0.0	2177073	23	4.3
1527665260.95	4300	15.780799	0.0	2160877	23	4.3
1527665261.03	4300	19.697498	0.0	2233056	17	4.3
1527665261.12	4300	23.613921	0.0	1941625	16	4.3
1527665261.22	4300	27.514693	0.0	2157535	23	4.3
1527665261.29	4300	31.434787	0.0	2290172	13	4.3
1527665261.39	4300	35.334677	0.0	2055469	23	4.3
1527665261.47	4300	39.263008	0.0	2169201	12	4.3
1527665261.57	4300	43.160422	0.0	2173522	24	4.3
1527665261.66	4300	47.064397	0.0	2102452	22	4.3
1527665261.74	4300	50.990632	0.0	2209463	13	4.3
1527665261.84	4300	54.887148	0.0	2275376	27	4.3
1527665261.95	4300	58.778492	0.0	2005399	22	4.3
1527665265.06	4300	59.748484	0.0	2152483	25	4.3
1527665269.16	4300	59.749442	0.0	2289689	22	4.3
1527665272.77	4300	59.998807	0.0	2059512	23	4.3
1527665276.87	4300	59.999396	0.0	2220726	22	4.3
1527665280.98	4300	59.999394	0.0	2156729	24	4.3
1527665285.08	4300	59.74922	0.0	2039773	24	4.3
1527665289.2	4300	59.747614	0.0	2176469	24	4.3
1527665292.8	4300	59.99948	0.0	2221506	25	4.3
1527665296.91	4300	59.999455	0.0	2044075	23	4.3
1527665301.02	4300	59.749136	0.0	2186790	24	4.3
1527665305.13	4300	59.747697	0.0	2105231	23	4.3
1527665308.74	4300	59.99912	0.0	2395588	31	4.3
1527665312.85	4300	59.999026	0.0	1972048	20	4.3
1527665316.95	4300	59.998797	0.0	2134614	20	4.3
1527665321.06	4300	59.748865	0.0	2164140	23	4.3
1527665325.17	4300	59.749326	0.0	2113193	24	4.3
1527665328.78	4300	59.999307	0.0	2147852	24	4.3
1527665332.88	4300	59.998708	0.0	2191074	22	4.3
1527665337.0	4300	59.748737	0.0	2286761	24	4.3
1527665341.11	4300	59.749293	0.0	2307787	23	4.3
1527665345.21	4300	59.749312	0.0	2143948	22	4.3
1527665349.32	4300	59.499355	0.0	1919781	22	4.3
1527665353.44	4300	59.499485	0.0	2147467	24	4.3
1527665357.04	4300	59.749237	0.0	2133870	22	4.3
1527665361.14	4300	59.749702	0.0	2146120	19	4.3
1527665364.75	4300	59.998394	0.0	2108491	24	4.3
1527665368.86	4300	59.999177	0.0	2184571	21	4.3
1527665372.97	4300	59.999432	0.0	2121928	21	4.3
1527665377.11	4300	59.74837	0.0	2219102	25	4.3
1527665381.21	4300	59.67699	0.0	2124950	24	4.3
