1527674302.65	750	4	0.013	450283	3	-0.05589999999999995
1527674302.79	4300	7.954678	0.0	2123065	17	0.75
1527674302.94	4300	11.81042	0.0	2177073	26	4.3
1527674303.09	4300	15.664497	0.0	2160877	22	4.3
1527674303.24	4300	19.503306	0.0	2233056	19	4.3
1527674303.38	4300	23.365328	0.0	1941625	21	4.3
1527674303.53	4300	27.217908	0.0	2157535	26	4.3
1527674303.68	4300	31.06753	0.0	2290172	27	4.3
1527674303.82	4300	34.932712	0.0	2055469	18	4.3
1527674303.96	4300	38.787658	0.0	2169201	20	4.3
1527674304.11	4300	42.642152	0.0	2173522	25	4.3
1527674304.26	4300	46.493405	0.0	2102452	26	4.3
1527674304.41	4300	50.344357	0.0	2209463	26	4.3
1527674304.55	4300	54.194846	0.0	2275376	28	4.3
1527674304.69	4300	58.05918	0.0	2005399	18	4.3
1527674307.35	4300	59.498904	0.0	2152483	7	4.3
1527674311.01	4300	59.749644	0.0	2289689	28	4.3
1527674315.17	4300	59.749689	0.0	2059512	24	4.3
1527674318.82	4300	59.999062	0.0	2220726	23	4.3
1527674322.98	4300	59.999029	0.0	2156729	20	4.3
1527674327.14	4300	59.747857	0.0	2039773	26	4.3
1527674330.79	4300	59.997905	0.0	2176469	23	4.3
1527674334.94	4300	59.999375	0.0	2221506	26	4.3
1527674339.1	4300	59.749662	0.0	2044075	23	4.3
1527674343.26	4300	59.498906	0.0	2186790	23	4.3
1527674346.92	4300	59.998709	0.0	2105231	25	4.3
1527674351.08	4300	59.748027	0.0	2395588	29	4.3
1527674355.23	4300	59.747915	0.0	1972048	19	4.3
1527674359.39	4300	59.4987	0.0	2134614	23	4.3
1527674363.05	4300	59.747519	0.0	2164140	25	4.3
1527674367.21	4300	59.74868	0.0	2113193	24	4.3
1527674371.37	4300	59.497675	0.0	2147852	22	4.3
1527674375.03	4300	59.749387	0.0	2191074	26	4.3
1527674379.19	4300	59.749571	0.0	2286761	24	4.3
1527674382.85	4300	59.99936	0.0	2307787	22	4.3
1527674386.99	4300	59.998892	0.0	2143948	19	4.3
1527674391.16	4300	59.749421	0.0	1919781	21	4.3
1527674394.8	4300	59.999412	0.0	2147467	19	4.3
1527674399.0	4300	59.998868	0.0	2133870	23	4.3
1527674403.15	4300	59.749188	0.0	2146120	24	4.3
1527674407.34	4300	59.498292	0.0	2108491	22	4.3
1527674411.04	4300	59.998825	0.0	2184571	27	4.3
1527674415.21	4300	59.74819	0.0	2121928	26	4.3
1527674418.86	4300	59.999091	0.0	2219102	21	4.3
1527674423.02	4300	59.748787	0.0	2124950	24	4.3
1527674427.17	4300	59.748899	0.0	2246506	22	4.3
1527674430.8	4300	59.998932	0.0	1961140	21	4.3
1527674434.94	4300	59.999226	0.0	2155012	25	4.3
1527674436.55	4300	59.92748	0.0	1433658	19	4.3

1527674436.78	750	4	0.016	668286	5	-0.06879999999999997
1527674436.96	4300	7.967885	0.0	2123065	8	0.75
1527674437.1	4300	11.823394	0.0	2177073	23	4.3
1527674437.25	4300	15.672867	0.0	2160877	27	4.3
1527674437.4	4300	19.528857	0.0	2233056	28	4.3
1527674437.54	4300	23.385553	0.0	1941625	22	4.3
1527674437.69	4300	27.237932	0.0	2157535	25	4.3
1527674437.83	4300	31.093754	0.0	2290172	19	4.3
1527674437.97	4300	34.955775	0.0	2055469	22	4.3
1527674438.11	4300	38.813226	0.0	2169201	23	4.3
1527674438.26	4300	42.664002	0.0	2173522	26	4.3
1527674438.41	4300	46.520772	0.0	2102452	23	4.3
1527674438.54	4300	50.384491	0.0	2209463	20	4.3
1527674438.68	4300	54.242705	0.0	2275376	26	4.3
1527674438.83	4300	58.095795	0.0	2005399	23	4.3
1527674441.49	4300	59.511104	0.0	2152483	12	4.3
1527674445.64	4300	59.510327	0.0	2289689	24	4.3
1527674449.42	4300	59.760986	0.0	2059512	18	4.3
1527674453.62	4300	59.510933	0.0	2220726	26	4.3
1527674457.29	4300	59.761827	0.0	2156729	26	4.3
1527674461.45	4300	59.511501	0.0	2039773	23	4.3
1527674465.6	4300	59.511862	0.0	2176469	20	4.3
1527674469.25	4300	59.760814	0.0	2221506	25	4.3
1527674473.4	4300	59.759894	0.0	2044075	18	4.3
1527674477.56	4300	59.511788	0.0	2186790	25	4.3
1527674481.21	4300	59.761749	0.0	2105231	21	4.3
1527674485.36	4300	59.760621	0.0	2395588	26	4.3
1527674489.51	4300	59.511882	0.0	1972048	18	4.3
1527674493.19	4300	59.761181	0.0	2134614	19	4.3
1527674497.34	4300	59.760105	0.0	2164140	21	4.3
1527674501.5	4300	59.51104	0.0	2113193	27	4.3
1527674505.65	4300	59.51152	0.0	2147852	18	4.3
1527674509.31	4300	59.760513	0.0	2191074	27	4.3
1527674513.47	4300	59.511032	0.0	2286761	29	4.3
1527674517.62	4300	59.51187	0.0	2307787	21	4.3
1527674521.27	4300	59.761364	0.0	2143948	24	4.3
1527674525.43	4300	59.51179	0.0	1919781	23	4.3
1527674529.59	4300	59.511056	0.0	2147467	21	4.3
1527674533.25	4300	59.761221	0.0	2133870	23	4.3
1527674537.41	4300	59.761467	0.0	2146120	25	4.3
1527674541.56	4300	59.51187	0.0	2108491	19	4.3
1527674545.22	4300	59.761846	0.0	2184571	25	4.3
1527674549.37	4300	59.761466	0.0	2121928	23	4.3
1527674553.52	4300	59.511615	0.0	2219102	24	4.3
1527674557.19	4300	59.761494	0.0	2124950	28	4.3
