1527767900.11	750	4	0.015	450283	3	-0.0645
1527767900.22	4300	7.967099	0.0	2123065	13	0.75
1527767900.3	4300	11.888526	0.0	2177073	14	4.3
1527767900.37	4300	15.823694	0.0	2160877	7	4.3
1527767900.43	4300	19.7571	0.0	2233056	7	4.3
1527767900.52	4300	23.677395	0.0	1941625	15	4.3
1527767900.61	4300	27.585041	0.0	2157535	18	4.3
1527767900.68	4300	31.515003	0.0	2290172	10	4.3
1527767900.75	4300	35.441355	0.0	2055469	10	4.3
1527767900.82	4300	39.368149	0.0	2169201	10	4.3
1527767900.9	4300	43.296095	0.0	2173522	11	4.3
1527767900.97	4300	47.22337	0.0	2102452	9	4.3
1527767901.04	4300	51.150763	0.0	2209463	11	4.3
1527767901.11	4300	55.080282	0.0	2275376	10	4.3
1527767901.18	4300	59.010994	0.0	2005399	9	4.3
1527767904.27	4300	59.997967	0.0	2152483	10	4.3
1527767908.38	4300	59.999373	0.0	2289689	25	4.3
1527767912.49	4300	59.748642	0.0	2059512	25	4.3
1527767916.6	4300	59.749023	0.0	2220726	25	4.3
1527767920.21	4300	59.999019	0.0	2156729	25	4.3
1527767924.32	4300	59.997746	0.0	2039773	22	4.3
1527767928.42	4300	59.999006	0.0	2176469	22	4.3
1527767932.53	4300	59.749339	0.0	2221506	23	4.3
1527767936.64	4300	59.749132	0.0	2044075	21	4.3
1527767940.25	4300	59.998836	0.0	2186790	24	4.3
1527767944.36	4300	59.999289	0.0	2105231	20	4.3
1527767948.47	4300	59.735403	0.0	2395588	26	4.3
1527767952.55	4300	59.748688	0.0	1972048	8	4.3
1527767956.65	4300	59.74921	0.0	2134614	23	4.3
1527767960.26	4300	59.955308	0.0	2164140	26	4.3
1527767964.37	4300	59.998785	0.0	2113193	22	4.3
1527767968.59	4300	59.74936	0.0	2147852	23	4.3
1527767972.2	4300	59.999443	0.0	2191074	25	4.3
1527767976.31	4300	59.998834	0.0	2286761	24	4.3
1527767980.41	4300	59.999202	0.0	2307787	24	4.3
1527767984.52	4300	59.749493	0.0	2143948	24	4.3
1527767988.63	4300	59.749513	0.0	1919781	22	4.3
1527767992.22	4300	59.998614	0.0	2147467	11	4.3
1527767996.32	4300	59.998647	0.0	2133870	20	4.3
1527768000.42	4300	59.99891	0.0	2146120	21	4.3
1527768004.53	4300	59.748548	0.0	2108491	24	4.3
1527768008.64	4300	59.748254	0.0	2184571	23	4.3
1527768012.25	4300	59.999377	0.0	2121928	23	4.3
1527768016.35	4300	59.998963	0.0	2219102	24	4.3
1527768020.46	4300	59.748901	0.0	2124950	23	4.3
1527768024.57	4300	59.748488	0.0	2246506	24	4.3
1527768028.68	4300	59.74843	0.0	1961140	24	4.3
1527768032.26	4300	59.998732	0.0	2155012	10	4.3
1527768034.35	4300	59.679126	0.0	1433658	16	4.3

1527768034.62	750	4	0.014	668286	1	-0.06020000000000003
1527768034.76	4300	7.956816	0.0	2123065	15	0.75
1527768034.84	4300	11.883184	0.0	2177073	12	4.3
1527768034.9	4300	15.817049	0.0	2160877	10	4.3
1527768034.97	4300	19.749737	0.0	2233056	8	4.3
1527768035.04	4300	23.681514	0.0	1941625	8	4.3
1527768035.1	4300	27.617037	0.0	2157535	7	4.3
1527768035.17	4300	31.551109	0.0	2290172	8	4.3
1527768035.23	4300	35.486491	0.0	2055469	7	4.3
1527768035.3	4300	39.422049	0.0	2169201	7	4.3
1527768035.36	4300	43.359176	0.0	2173522	6	4.3
1527768035.42	4300	47.297771	0.0	2102452	8	4.3
1527768035.48	4300	51.233375	0.0	2209463	8	4.3
1527768035.55	4300	55.170552	0.0	2275376	8	4.3
1527768035.61	4300	59.107079	0.0	2005399	6	4.3
1527768039.19	4300	59.749178	0.0	2152483	7	4.3
1527768042.79	4300	59.999148	0.0	2289689	24	4.3
1527768047.41	4300	59.49809	0.0	2059512	23	4.3
1527768051.13	4300	59.749377	0.0	2220726	24	4.3
1527768054.74	4300	59.999253	0.0	2156729	19	4.3
1527768058.91	4300	59.997864	0.0	2039773	19	4.3
1527768063.01	4300	59.748878	0.0	2176469	21	4.3
1527768067.1	4300	59.749264	0.0	2221506	12	4.3
1527768071.2	4300	59.748288	0.0	2044075	18	4.3
1527768074.81	4300	59.998912	0.0	2186790	24	4.3
1527768078.91	4300	59.998806	0.0	2105231	19	4.3
1527768083.02	4300	59.748131	0.0	2395588	25	4.3
1527768087.1	4300	59.74907	0.0	1972048	10	4.3
1527768091.18	4300	59.749429	0.0	2134614	9	4.3
1527768095.29	4300	59.499026	0.0	2164140	23	4.3
1527768099.39	4300	59.499148	0.0	2113193	22	4.3
1527768103.0	4300	59.749613	0.0	2147852	24	4.3
1527768107.11	4300	59.749485	0.0	2191074	25	4.3
1527768111.22	4300	59.749643	0.0	2286761	25	4.3
1527768114.82	4300	59.998231	0.0	2307787	26	4.3
1527768119.43	4300	59.499121	0.0	2143948	22	4.3
1527768123.03	4300	59.749888	0.0	1919781	22	4.3
1527768127.12	4300	59.747815	0.0	2147467	11	4.3
1527768131.24	4300	59.499018	0.0	2133870	25	4.3
1527768134.84	4300	59.999452	0.0	2146120	22	4.3
1527768138.99	4300	59.999106	0.0	2108491	21	4.3
1527768143.1	4300	59.748687	0.0	2184571	26	4.3
1527768147.21	4300	59.748437	0.0	2121928	23	4.3
1527768150.82	4300	59.999403	0.0	2219102	24	4.3
1527768154.93	4300	59.999002	0.0	2124950	23	4.3
1527768159.04	4300	59.748955	0.0	2246506	24	4.3
1527768163.14	4300	59.748685	0.0	1961140	14	4.3
1527768167.23	4300	59.498817	0.0	2155012	9	4.3
1527768168.82	4300	59.678773	0.0	1433658	14	4.3

1527768169.05	750	4	0.018	668286	2	-0.07740000000000002
1527768169.15	4300	7.964099	0.0	2123065	12	0.75
1527768169.23	4300	11.890022	0.0	2177073	7	4.3
1527768169.33	4300	15.811551	0.0	2160877	7	4.3
1527768169.4	4300	19.710425	0.0	2233056	9	4.3
1527768169.46	4300	23.646355	0.0	1941625	8	4.3
1527768169.54	4300	27.576168	0.0	2157535	7	4.3
1527768169.6	4300	31.508292	0.0	2290172	7	4.3
1527768169.67	4300	35.442884	0.0	2055469	7	4.3
1527768169.73	4300	39.378206	0.0	2169201	8	4.3
1527768169.8	4300	43.311371	0.0	2173522	6	4.3
1527768169.86	4300	47.246705	0.0	2102452	8	4.3
1527768169.93	4300	51.182133	0.0	2209463	7	4.3
1527768169.99	4300	55.116932	0.0	2275376	7	4.3
1527768170.06	4300	59.052916	0.0	2005399	6	4.3
1527768173.64	4300	59.499064	0.0	2152483	8	4.3
1527768177.26	4300	59.997954	0.0	2289689	26	4.3
1527768181.36	4300	59.998977	0.0	2059512	19	4.3
1527768185.46	4300	59.748009	0.0	2220726	25	4.3
1527768189.57	4300	59.748733	0.0	2156729	26	4.3
1527768193.18	4300	59.998424	0.0	2039773	21	4.3
1527768197.79	4300	59.497991	0.0	2176469	25	4.3
1527768201.4	4300	59.748276	0.0	2221506	27	4.3
1527768205.51	4300	59.74939	0.0	2044075	23	4.3
1527768209.12	4300	59.999069	0.0	2186790	27	4.3
1527768213.22	4300	59.999465	0.0	2105231	22	4.3
1527768217.33	4300	59.998951	0.0	2395588	24	4.3
1527768221.41	4300	59.748837	0.0	1972048	10	4.3
1527768225.52	4300	59.749591	0.0	2134614	21	4.3
1527768229.13	4300	59.999216	0.0	2164140	23	4.3
1527768233.24	4300	59.999063	0.0	2113193	20	4.3
1527768237.34	4300	59.999174	0.0	2147852	21	4.3
1527768241.45	4300	59.74925	0.0	2191074	26	4.3
1527768245.56	4300	59.747615	0.0	2286761	24	4.3
1527768249.17	4300	59.998026	0.0	2307787	25	4.3
1527768253.27	4300	59.997861	0.0	2143948	21	4.3
1527768257.38	4300	59.748861	0.0	1919781	21	4.3
1527768261.46	4300	59.749464	0.0	2147467	11	4.3
1527768265.58	4300	59.748491	0.0	2133870	23	4.3
1527768269.18	4300	59.999191	0.0	2146120	21	4.3
1527768273.28	4300	59.999361	0.0	2108491	20	4.3
1527768277.4	4300	59.748912	0.0	2184571	18	4.3
