1528205524.32	750	4	0.025	2354772	9	-0.10750000000000004
1528205524.39	4300	7.986549	0.0	2123065	7	0.75
1528205524.48	4300	11.891572	0.0	2177073	23	4.3
1528205524.56	4300	15.816021	0.0	2160877	14	4.3
1528205524.62	4300	19.752302	0.0	2233056	6	4.3
1528205524.72	4300	23.653806	0.0	1941625	30	4.3
1528205524.79	4300	27.581045	0.0	2157535	13	4.3
1528205524.88	4300	31.492203	0.0	2290172	19	4.3
1528205524.96	4300	35.406973	0.0	2055469	19	4.3
1528205525.05	4300	39.319117	0.0	2169201	23	4.3
1528205525.15	4300	43.22359	0.0	2173522	23	4.3
1528205525.24	4300	47.136299	0.0	2102452	22	4.3
1528205525.33	4300	51.044817	0.0	2209463	22	4.3
1528205525.43	4300	54.937437	0.0	2275376	21	4.3
1528205525.52	4300	58.855436	0.0	2005399	16	4.3
1528205528.63	4300	59.748022	0.0	2152483	25	4.3
1528205532.73	4300	59.749335	0.0	2289689	21	4.3
1528205536.83	4300	59.749493	0.0	2059512	21	4.3
1528205540.44	4300	59.998253	0.0	2220726	27	4.3
1528205544.55	4300	59.997666	0.0	2156729	22	4.3
1528205548.65	4300	59.747623	0.0	2039773	23	4.3
1528205552.76	4300	59.747819	0.0	2176469	27	4.3
1528205556.87	4300	59.748415	0.0	2221506	27	4.3
1528205560.48	4300	59.998501	0.0	2044075	23	4.3
1528205564.59	4300	59.999199	0.0	2186790	25	4.3
1528205568.69	4300	59.748839	0.0	2105231	24	4.3
1528205572.91	4300	59.747998	0.0	2395588	28	4.3
1528205576.51	4300	59.998677	0.0	1972048	19	4.3
1528205580.63	4300	59.998675	0.0	2134614	8	4.3
1528205584.73	4300	59.748954	0.0	2164140	18	4.3
1528205588.85	4300	59.748765	0.0	2113193	25	4.3
1528205592.46	4300	59.998969	0.0	2147852	24	4.3
1528205597.06	4300	59.498052	0.0	2191074	25	4.3
1528205600.68	4300	59.749187	0.0	2286761	30	4.3
1528205604.78	4300	59.748707	0.0	2307787	26	4.3
1528205608.39	4300	59.999222	0.0	2143948	26	4.3
1528205612.5	4300	59.998398	0.0	1919781	21	4.3
1528205616.61	4300	59.999349	0.0	2147467	25	4.3
1528205620.71	4300	59.747813	0.0	2133870	25	4.3
1528205624.83	4300	59.747885	0.0	2146120	22	4.3
1528205628.43	4300	59.999331	0.0	2108491	23	4.3
1528205633.03	4300	59.498543	0.0	2184571	24	4.3
1528205636.65	4300	59.747982	0.0	2121928	23	4.3
1528205640.76	4300	59.74926	0.0	2219102	24	4.3
1528205644.87	4300	59.688588	0.0	2124950	25	4.3
1528205648.47	4300	59.998604	0.0	2246506	27	4.3
1528205652.58	4300	59.998998	0.0	1961140	20	4.3
1528205656.69	4300	59.749555	0.0	2155012	25	4.3
1528205658.28	4300	59.928428	0.0	1433658	16	4.3

1528205658.49	750	4	0.033	2354772	10	-0.14190000000000003
1528205658.57	4300	7.922155	0.0	2123065	16	0.75
1528205658.67	4300	11.822958	0.0	2177073	25	4.3
1528205658.75	4300	15.749396	0.0	2160877	10	4.3
1528205658.85	4300	19.643619	0.0	2233056	28	4.3
1528205658.92	4300	23.572097	0.0	1941625	11	4.3
1528205659.01	4300	27.480041	0.0	2157535	22	4.3
1528205659.1	4300	31.392514	0.0	2290172	20	4.3
1528205659.19	4300	35.302581	0.0	2055469	21	4.3
1528205659.28	4300	39.212	0.0	2169201	21	4.3
1528205659.37	4300	43.122362	0.0	2173522	20	4.3
1528205659.46	4300	47.034757	0.0	2102452	21	4.3
1528205659.55	4300	50.945294	0.0	2209463	22	4.3
1528205659.66	4300	54.835693	0.0	2275376	37	4.3
1528205659.75	4300	58.741132	0.0	2005399	23	4.3
1528205662.96	4300	59.74934	0.0	2152483	26	4.3
1528205667.07	4300	59.499056	0.0	2289689	28	4.3
1528205670.68	4300	59.998831	0.0	2059512	25	4.3
1528205674.78	4300	59.748722	0.0	2220726	25	4.3
1528205678.9	4300	59.748754	0.0	2156729	22	4.3
1528205683.0	4300	59.499459	0.0	2039773	20	4.3
1528205686.61	4300	59.998592	0.0	2176469	26	4.3
1528205690.71	4300	59.999394	0.0	2221506	21	4.3
1528205694.82	4300	59.74801	0.0	2044075	22	4.3
1528205698.92	4300	59.749296	0.0	2186790	26	4.3
1528205702.53	4300	59.997808	0.0	2105231	26	4.3
1528205706.64	4300	59.999082	0.0	2395588	25	4.3
1528205710.75	4300	59.748782	0.0	1972048	22	4.3
1528205714.86	4300	59.748835	0.0	2134614	25	4.3
1528205718.97	4300	59.748799	0.0	2164140	27	4.3
1528205722.58	4300	59.998735	0.0	2113193	27	4.3
1528205726.68	4300	59.997723	0.0	2147852	23	4.3
1528205730.79	4300	59.748766	0.0	2191074	25	4.3
1528205734.99	4300	59.749678	0.0	2286761	26	4.3
1528205738.6	4300	59.999219	0.0	2307787	24	4.3
1528205742.71	4300	59.998498	0.0	2143948	22	4.3
1528205746.81	4300	59.748146	0.0	1919781	21	4.3
1528205750.93	4300	59.748662	0.0	2147467	25	4.3
1528205754.53	4300	59.999176	0.0	2133870	22	4.3
1528205758.64	4300	59.999457	0.0	2146120	25	4.3
1528205763.24	4300	59.498005	0.0	2108491	21	4.3
1528205766.85	4300	59.749669	0.0	2184571	23	4.3
1528205770.96	4300	59.748934	0.0	2121928	22	4.3
1528205774.57	4300	59.999073	0.0	2219102	26	4.3
1528205778.67	4300	59.999185	0.0	2124950	24	4.3
1528205782.78	4300	59.749553	0.0	2246506	26	4.3
1528205786.89	4300	59.74957	0.0	1961140	22	4.3
1528205790.97	4300	59.749172	0.0	2155012	12	4.3
1528205792.56	4300	59.678562	0.0	1433658	15	4.3

1528205792.76	750	4	0.016	450283	4	-0.06879999999999997
1528205792.87	4300	7.947645	0.0	2123065	25	0.75
1528205792.96	4300	11.855011	0.0	2177073	23	4.3
1528205793.06	4300	15.760216	0.0	2160877	21	4.3
1528205793.15	4300	19.666296	0.0	2233056	18	4.3
1528205793.24	4300	23.57006	0.0	1941625	23	4.3
1528205793.34	4300	27.470242	0.0	2157535	27	4.3
1528205793.42	4300	31.387639	0.0	2290172	17	4.3
1528205793.52	4300	35.292179	0.0	2055469	24	4.3
1528205793.62	4300	39.197733	0.0	2169201	24	4.3
1528205793.69	4300	43.119958	0.0	2173522	15	4.3
1528205793.79	4300	47.021964	0.0	2102452	26	4.3
1528205793.86	4300	50.952472	0.0	2209463	12	4.3
1528205793.95	4300	54.864958	0.0	2275376	20	4.3
1528205794.04	4300	58.772326	0.0	2005399	23	4.3
1528205797.16	4300	59.749239	0.0	2152483	20	4.3
1528205801.26	4300	59.748653	0.0	2289689	23	4.3
1528205804.87	4300	59.998563	0.0	2059512	23	4.3
1528205808.97	4300	59.999257	0.0	2220726	22	4.3
1528205813.08	4300	59.749534	0.0	2156729	26	4.3
1528205817.18	4300	59.748313	0.0	2039773	22	4.3
1528205821.3	4300	59.74806	0.0	2176469	24	4.3
1528205824.91	4300	59.997626	0.0	2221506	25	4.3
1528205829.01	4300	59.998861	0.0	2044075	22	4.3
1528205833.17	4300	59.748159	0.0	2186790	25	4.3
1528205837.28	4300	59.749564	0.0	2105231	24	4.3
1528205840.9	4300	59.999056	0.0	2395588	29	4.3
1528205845.01	4300	59.998941	0.0	1972048	22	4.3
1528205849.11	4300	59.749252	0.0	2134614	23	4.3
1528205853.22	4300	59.748266	0.0	2164140	26	4.3
1528205857.32	4300	59.499282	0.0	2113193	24	4.3
1528205860.93	4300	59.999344	0.0	2147852	25	4.3
1528205865.04	4300	59.997606	0.0	2191074	25	4.3
1528205869.15	4300	59.748628	0.0	2286761	27	4.3
1528205873.25	4300	59.747675	0.0	2307787	28	4.3
1528205876.86	4300	59.998774	0.0	2143948	26	4.3
