1527778051.15	750	4	0.023	2354772	6	-0.09889999999999999
1527778051.27	4300	7.969478	0.0	2123065	18	0.75
1527778051.36	4300	11.878536	0.0	2177073	19	4.3
1527778051.44	4300	15.799512	0.0	2160877	15	4.3
1527778051.51	4300	19.729263	0.0	2233056	10	4.3
1527778051.57	4300	23.659928	0.0	1941625	8	4.3
1527778051.64	4300	27.590698	0.0	2157535	9	4.3
1527778051.72	4300	31.519159	0.0	2290172	9	4.3
1527778051.79	4300	35.448815	0.0	2055469	9	4.3
1527778051.89	4300	39.348268	0.0	2169201	26	4.3
1527778051.96	4300	43.276406	0.0	2173522	13	4.3
1527778052.03	4300	47.199707	0.0	2102452	13	4.3
1527778052.1	4300	51.133826	0.0	2209463	9	4.3
1527778052.19	4300	55.044531	0.0	2275376	15	4.3
1527778052.25	4300	58.980074	0.0	2005399	7	4.3
1527778055.84	4300	59.499665	0.0	2152483	7	4.3
1527778059.45	4300	59.997802	0.0	2289689	25	4.3
1527778063.55	4300	59.748713	0.0	2059512	24	4.3
1527778067.67	4300	59.749467	0.0	2220726	24	4.3
1527778071.78	4300	59.49939	0.0	2156729	25	4.3
1527778075.38	4300	59.998871	0.0	2039773	20	4.3
1527778079.5	4300	59.749693	0.0	2176469	23	4.3
1527778083.6	4300	59.748443	0.0	2221506	20	4.3
1527778087.7	4300	59.748703	0.0	2044075	17	4.3
1527778091.81	4300	59.497704	0.0	2186790	24	4.3
1527778095.42	4300	59.998946	0.0	2105231	24	4.3
1527778099.53	4300	59.749691	0.0	2395588	27	4.3
1527778103.64	4300	59.749374	0.0	1972048	21	4.3
1527778107.74	4300	59.498948	0.0	2134614	24	4.3
1527778111.85	4300	59.498527	0.0	2164140	25	4.3
1527778115.46	4300	59.998415	0.0	2113193	24	4.3
1527778119.57	4300	59.749531	0.0	2147852	22	4.3
1527778123.68	4300	59.748096	0.0	2191074	25	4.3
1527778127.29	4300	59.998835	0.0	2286761	25	4.3
1527778131.39	4300	59.999468	0.0	2307787	22	4.3
1527778135.51	4300	59.749342	0.0	2143948	16	4.3
1527778139.61	4300	59.748344	0.0	1919781	18	4.3
1527778143.69	4300	59.748938	0.0	2147467	10	4.3
1527778147.29	4300	59.998956	0.0	2133870	24	4.3
1527778151.4	4300	59.99889	0.0	2146120	24	4.3
1527778155.5	4300	59.749202	0.0	2108491	24	4.3
1527778159.61	4300	59.747654	0.0	2184571	23	4.3
1527778163.73	4300	59.748106	0.0	2121928	24	4.3
1527778167.39	4300	59.999377	0.0	2219102	26	4.3
1527778171.49	4300	59.747807	0.0	2124950	23	4.3
1527778175.63	4300	59.749178	0.0	2246506	24	4.3
1527778179.73	4300	59.748262	0.0	1961140	16	4.3
1527778183.32	4300	59.998613	0.0	2155012	12	4.3
1527778185.42	4300	59.67843	0.0	1433658	18	4.3

1527778185.64	750	4	0.015	668286	1	-0.0645
1527778185.71	4300	7.979696	0.0	2123065	7	0.75
1527778185.81	4300	11.879779	0.0	2177073	24	4.3
1527778185.88	4300	15.806176	0.0	2160877	11	4.3
1527778185.96	4300	19.727815	0.0	2233056	17	4.3
1527778186.03	4300	23.662763	0.0	1941625	9	4.3
1527778186.1	4300	27.590319	0.0	2157535	8	4.3
1527778186.17	4300	31.522228	0.0	2290172	8	4.3
1527778186.23	4300	35.459188	0.0	2055469	8	4.3
1527778186.29	4300	39.395968	0.0	2169201	8	4.3
1527778186.36	4300	43.332349	0.0	2173522	7	4.3
1527778186.42	4300	47.268091	0.0	2102452	6	4.3
1527778186.49	4300	51.203666	0.0	2209463	7	4.3
1527778186.55	4300	55.138465	0.0	2275376	7	4.3
1527778186.61	4300	59.076577	0.0	2005399	7	4.3
1527778190.19	4300	59.749672	0.0	2152483	7	4.3
1527778193.8	4300	59.998812	0.0	2289689	25	4.3
1527778197.9	4300	59.998638	0.0	2059512	22	4.3
1527778202.01	4300	59.749662	0.0	2220726	23	4.3
1527778206.12	4300	59.748887	0.0	2156729	25	4.3
1527778209.72	4300	59.997845	0.0	2039773	23	4.3
1527778213.83	4300	59.998368	0.0	2176469	24	4.3
1527778217.94	4300	59.998015	0.0	2221506	24	4.3
1527778222.05	4300	59.74866	0.0	2044075	21	4.3
1527778226.16	4300	59.749041	0.0	2186790	25	4.3
1527778229.77	4300	59.998479	0.0	2105231	22	4.3
1527778233.88	4300	59.999413	0.0	2395588	17	4.3
1527778237.98	4300	59.747766	0.0	1972048	20	4.3
1527778242.09	4300	59.749232	0.0	2134614	22	4.3
1527778245.7	4300	59.998842	0.0	2164140	25	4.3
1527778249.81	4300	59.999273	0.0	2113193	21	4.3
1527778253.91	4300	59.9991	0.0	2147852	22	4.3
1527778258.02	4300	59.748803	0.0	2191074	24	4.3
1527778262.13	4300	59.747604	0.0	2286761	23	4.3
1527778265.74	4300	59.998176	0.0	2307787	27	4.3
1527778269.84	4300	59.999151	0.0	2143948	19	4.3
1527778273.95	4300	59.747768	0.0	1919781	20	4.3
1527778278.03	4300	59.749599	0.0	2147467	10	4.3
1527778282.14	4300	59.748488	0.0	2133870	24	4.3
1527778285.74	4300	59.998974	0.0	2146120	25	4.3
1527778289.85	4300	59.998457	0.0	2108491	22	4.3
1527778293.96	4300	59.747699	0.0	2184571	23	4.3
1527778298.07	4300	59.749662	0.0	2121928	22	4.3
1527778302.18	4300	59.748775	0.0	2219102	25	4.3
1527778305.78	4300	59.998722	0.0	2124950	23	4.3
1527778309.89	4300	59.999004	0.0	2246506	26	4.3
1527778314.0	4300	59.749221	0.0	1961140	21	4.3
1527778318.09	4300	59.747804	0.0	2155012	10	4.3
1527778319.69	4300	59.928212	0.0	1433658	15	4.3

1527778319.91	750	4	0.019	668286	4	-0.0817
1527778319.98	4300	7.981509	0.0	2123065	6	0.75
1527778320.06	4300	11.898911	0.0	2177073	18	4.3
1527778320.14	4300	15.826928	0.0	2160877	10	4.3
1527778320.21	4300	19.755055	0.0	2233056	11	4.3
1527778320.28	4300	23.68117	0.0	1941625	11	4.3
1527778320.36	4300	27.605917	0.0	2157535	10	4.3
1527778320.43	4300	31.534633	0.0	2290172	7	4.3
1527778320.5	4300	35.460935	0.0	2055469	11	4.3
1527778320.58	4300	39.386727	0.0	2169201	10	4.3
1527778320.65	4300	43.314093	0.0	2173522	12	4.3
1527778320.71	4300	47.250867	0.0	2102452	7	4.3
1527778320.77	4300	51.188624	0.0	2209463	7	4.3
1527778320.85	4300	55.115245	0.0	2275376	12	4.3
1527778320.92	4300	59.040479	0.0	2005399	9	4.3
1527778324.51	4300	59.4988	0.0	2152483	10	4.3
1527778328.12	4300	59.999123	0.0	2289689	24	4.3
1527778332.24	4300	59.749481	0.0	2059512	22	4.3
1527778336.36	4300	59.748056	0.0	2220726	22	4.3
1527778340.46	4300	59.747787	0.0	2156729	24	4.3
1527778344.16	4300	59.998759	0.0	2039773	22	4.3
1527778348.27	4300	59.749549	0.0	2176469	19	4.3
1527778352.37	4300	59.749526	0.0	2221506	21	4.3
1527778355.98	4300	59.997844	0.0	2044075	24	4.3
1527778360.09	4300	59.999035	0.0	2186790	19	4.3
1527778364.19	4300	59.998102	0.0	2105231	21	4.3
1527778368.31	4300	59.748653	0.0	2395588	19	4.3
1527778372.4	4300	59.749685	0.0	1972048	9	4.3
1527778376.0	4300	59.999484	0.0	2134614	20	4.3
1527778380.1	4300	59.875815	0.0	2164140	16	4.3
1527778384.21	4300	59.998592	0.0	2113193	24	4.3
1527778388.31	4300	59.749288	0.0	2147852	22	4.3
1527778392.42	4300	59.74959	0.0	2191074	23	4.3
1527778396.03	4300	59.999277	0.0	2286761	26	4.3
1527778400.14	4300	59.998691	0.0	2307787	21	4.3
1527778404.25	4300	59.747825	0.0	2143948	22	4.3
1527778408.37	4300	59.749533	0.0	1919781	23	4.3
1527778412.46	4300	59.749287	0.0	2147467	12	4.3
1527778416.58	4300	59.49881	0.0	2133870	25	4.3
1527778420.17	4300	59.997687	0.0	2146120	13	4.3
1527778424.32	4300	59.748424	0.0	2108491	21	4.3
