1527772806.26	750	4	0.024	2354772	8	-0.10319999999999996
1527772806.4	4300	7.967038	0.0	2123065	19	0.75
1527772806.54	4300	11.822045	0.0	2177073	26	4.3
1527772806.7	4300	15.669477	0.0	2160877	24	4.3
1527772806.87	4300	19.492761	0.0	2233056	26	4.3
1527772807.01	4300	23.355123	0.0	1941625	16	4.3
1527772807.14	4300	27.223098	0.0	2157535	17	4.3
1527772807.26	4300	31.104992	0.0	2290172	10	4.3
1527772807.39	4300	34.974617	0.0	2055469	17	4.3
1527772807.51	4300	38.854715	0.0	2169201	12	4.3
1527772807.64	4300	42.729188	0.0	2173522	12	4.3
1527772807.76	4300	46.607289	0.0	2102452	12	4.3
1527772807.91	4300	50.458979	0.0	2209463	20	4.3
1527772808.06	4300	54.302255	0.0	2275376	22	4.3
1527772808.2	4300	58.163453	0.0	2005399	18	4.3
1527772810.85	4300	59.748293	0.0	2152483	22	4.3
1527772814.5	4300	59.99812	0.0	2289689	18	4.3
1527772818.78	4300	59.748044	0.0	2059512	21	4.3
1527772822.44	4300	59.998965	0.0	2220726	21	4.3
1527772826.59	4300	59.998632	0.0	2156729	19	4.3
1527772830.75	4300	59.748276	0.0	2039773	25	4.3
1527772834.41	4300	59.998087	0.0	2176469	28	4.3
1527772838.56	4300	59.998476	0.0	2221506	21	4.3
1527772842.72	4300	59.749319	0.0	2044075	25	4.3
1527772846.38	4300	59.998166	0.0	2186790	26	4.3
1527772850.53	4300	59.997839	0.0	2105231	17	4.3
1527772854.69	4300	59.748381	0.0	2395588	28	4.3
1527772858.85	4300	59.747775	0.0	1972048	26	4.3
1527772862.5	4300	59.999435	0.0	2134614	25	4.3
1527772866.66	4300	59.749247	0.0	2164140	25	4.3
1527772870.81	4300	59.748895	0.0	2113193	20	4.3
1527772874.46	4300	59.998422	0.0	2147852	26	4.3
1527772878.62	4300	59.747861	0.0	2191074	26	4.3
1527772882.78	4300	59.749072	0.0	2286761	22	4.3
1527772886.45	4300	59.998933	0.0	2307787	27	4.3
1527772890.6	4300	59.997474	0.0	2143948	25	4.3
1527772894.77	4300	59.748446	0.0	1919781	23	4.3
1527772898.42	4300	59.99894	0.0	2147467	21	4.3
1527772902.64	4300	59.998885	0.0	2133870	36	4.3
1527772906.79	4300	59.748471	0.0	2146120	11	4.3
1527772910.45	4300	59.997978	0.0	2108491	24	4.3
1527772914.6	4300	59.998962	0.0	2184571	24	4.3
1527772918.75	4300	59.748905	0.0	2121928	19	4.3
1527772922.41	4300	59.99846	0.0	2219102	26	4.3
1527772926.57	4300	59.999221	0.0	2124950	24	4.3
1527772930.71	4300	59.749044	0.0	2246506	25	4.3
1527772934.85	4300	59.747591	0.0	1961140	20	4.3
1527772938.48	4300	59.998673	0.0	2155012	24	4.3
1527772940.59	4300	59.677812	0.0	1433658	16	4.3

1527772940.81	750	4	0.018	668286	3	-0.07740000000000002
1527772940.96	4300	7.955901	0.0	2123065	15	0.75
1527772941.1	4300	11.814831	0.0	2177073	24	4.3
1527772941.24	4300	15.673374	0.0	2160877	12	4.3
1527772941.39	4300	19.522196	0.0	2233056	19	4.3
1527772941.52	4300	23.390752	0.0	1941625	16	4.3
1527772941.64	4300	27.269696	0.0	2157535	12	4.3
1527772941.77	4300	31.147918	0.0	2290172	13	4.3
1527772941.89	4300	35.027826	0.0	2055469	11	4.3
1527772942.01	4300	38.906615	0.0	2169201	12	4.3
1527772942.13	4300	42.785551	0.0	2173522	11	4.3
1527772942.25	4300	46.663863	0.0	2102452	12	4.3
1527772942.39	4300	50.523993	0.0	2209463	13	4.3
1527772942.51	4300	54.399797	0.0	2275376	13	4.3
1527772942.63	4300	58.281175	0.0	2005399	10	4.3
1527772945.26	4300	59.749658	0.0	2152483	12	4.3
1527772948.92	4300	59.99934	0.0	2289689	26	4.3
1527772953.57	4300	59.49859	0.0	2059512	18	4.3
1527772957.22	4300	59.74904	0.0	2220726	21	4.3
1527772961.37	4300	59.749639	0.0	2156729	25	4.3
1527772965.02	4300	59.998668	0.0	2039773	19	4.3
1527772969.17	4300	59.748941	0.0	2176469	23	4.3
1527772973.32	4300	59.748665	0.0	2221506	20	4.3
1527772976.97	4300	59.998723	0.0	2044075	24	4.3
1527772981.12	4300	59.999394	0.0	2186790	20	4.3
1527772985.28	4300	59.748969	0.0	2105231	27	4.3
1527772988.93	4300	59.99935	0.0	2395588	22	4.3
1527772993.08	4300	59.998263	0.0	1972048	23	4.3
1527772997.23	4300	59.749148	0.0	2134614	21	4.3
1527773001.39	4300	59.747771	0.0	2164140	27	4.3
1527773005.05	4300	59.997848	0.0	2113193	25	4.3
1527773009.21	4300	59.748304	0.0	2147852	20	4.3
1527773013.36	4300	59.747989	0.0	2191074	25	4.3
1527773017.01	4300	59.999472	0.0	2286761	24	4.3
1527773021.17	4300	59.749098	0.0	2307787	25	4.3
1527773025.33	4300	59.74963	0.0	2143948	25	4.3
1527773028.99	4300	59.998996	0.0	1919781	22	4.3
1527773033.14	4300	59.999167	0.0	2147467	20	4.3
1527773037.3	4300	59.749282	0.0	2133870	25	4.3
1527773040.95	4300	59.998246	0.0	2146120	21	4.3
1527773045.1	4300	59.998962	0.0	2108491	23	4.3
1527773049.25	4300	59.74899	0.0	2184571	21	4.3
1527773053.41	4300	59.748838	0.0	2121928	26	4.3
1527773057.06	4300	59.999001	0.0	2219102	20	4.3
1527773061.2	4300	59.74937	0.0	2124950	15	4.3
1527773065.36	4300	59.747894	0.0	2246506	25	4.3
1527773069.55	4300	59.498883	0.0	1961140	21	4.3
1527773073.2	4300	59.747693	0.0	2155012	24	4.3
1527773074.81	4300	59.928804	0.0	1433658	17	4.3

1527773075.05	750	4	0.013	668286	2	-0.05589999999999995
1527773075.21	4300	7.94747	0.0	2123065	14	0.75
1527773075.35	4300	11.803746	0.0	2177073	26	4.3
1527773075.5	4300	15.652068	0.0	2160877	22	4.3
1527773075.69	4300	19.492027	0.0	2233056	11	4.3
1527773075.81	4300	23.343439	0.0	1941625	10	4.3
1527773075.93	4300	27.220916	0.0	2157535	13	4.3
1527773076.05	4300	31.098918	0.0	2290172	14	4.3
1527773076.17	4300	34.98832	0.0	2055469	8	4.3
1527773076.28	4300	38.875818	0.0	2169201	9	4.3
1527773076.41	4300	42.740774	0.0	2173522	18	4.3
1527773076.54	4300	46.608861	0.0	2102452	19	4.3
1527773076.66	4300	50.491376	0.0	2209463	12	4.3
1527773076.79	4300	54.363627	0.0	2275376	19	4.3
1527773076.91	4300	58.243119	0.0	2005399	11	4.3
1527773079.54	4300	59.749752	0.0	2152483	11	4.3
1527773083.25	4300	59.997998	0.0	2289689	23	4.3
1527773087.9	4300	59.499761	0.0	2059512	22	4.3
1527773091.56	4300	59.748945	0.0	2220726	24	4.3
1527773095.21	4300	59.998904	0.0	2156729	25	4.3
1527773099.37	4300	59.999272	0.0	2039773	26	4.3
1527773103.54	4300	59.749342	0.0	2176469	25	4.3
1527773107.2	4300	59.998733	0.0	2221506	20	4.3
1527773111.85	4300	59.49968	0.0	2044075	22	4.3
