1527666461.1	750	4	0.011	450283	1	-0.04730000000000001
1527666461.24	4300	7.952309	0.0	2123065	17	0.75
1527666461.33	4300	11.859909	0.0	2177073	22	4.3
1527666461.44	4300	15.752155	0.0	2160877	25	4.3
1527666461.52	4300	19.67221	0.0	2233056	11	4.3
1527666461.6	4300	23.589711	0.0	1941625	14	4.3
1527666461.68	4300	27.511479	0.0	2157535	11	4.3
1527666461.75	4300	31.44228	0.0	2290172	8	4.3
1527666461.84	4300	35.353258	0.0	2055469	20	4.3
1527666461.93	4300	39.260985	0.0	2169201	19	4.3
1527666462.02	4300	43.169481	0.0	2173522	21	4.3
1527666462.12	4300	47.072049	0.0	2102452	20	4.3
1527666462.22	4300	50.970502	0.0	2209463	23	4.3
1527666462.3	4300	54.887856	0.0	2275376	15	4.3
1527666462.4	4300	58.791787	0.0	2005399	20	4.3
1527666465.52	4300	59.748352	0.0	2152483	22	4.3
1527666469.63	4300	59.748002	0.0	2289689	24	4.3
1527666473.23	4300	59.997949	0.0	2059512	22	4.3
1527666477.41	4300	59.997786	0.0	2220726	22	4.3
1527666481.52	4300	59.749247	0.0	2156729	19	4.3
1527666485.64	4300	59.747905	0.0	2039773	22	4.3
1527666489.25	4300	59.998799	0.0	2176469	22	4.3
1527666493.35	4300	59.998958	0.0	2221506	23	4.3
1527666497.46	4300	59.749032	0.0	2044075	21	4.3
1527666501.57	4300	59.749291	0.0	2186790	26	4.3
1527666505.68	4300	59.748552	0.0	2105231	23	4.3
1527666509.3	4300	59.999168	0.0	2395588	27	4.3
1527666513.4	4300	59.999064	0.0	1972048	18	4.3
1527666517.51	4300	59.74833	0.0	2134614	22	4.3
1527666521.62	4300	59.749028	0.0	2164140	23	4.3
1527666525.22	4300	59.998474	0.0	2113193	26	4.3
1527666529.33	4300	59.998537	0.0	2147852	21	4.3
1527666533.43	4300	59.99905	0.0	2191074	24	4.3
1527666537.54	4300	59.749185	0.0	2286761	25	4.3
1527666541.66	4300	59.74859	0.0	2307787	26	4.3
1527666545.27	4300	59.999098	0.0	2143948	24	4.3
1527666549.41	4300	59.998513	0.0	1919781	21	4.3
1527666553.52	4300	59.748849	0.0	2147467	18	4.3
1527666557.62	4300	59.748965	0.0	2133870	21	4.3
1527666561.22	4300	59.997634	0.0	2146120	23	4.3
1527666565.33	4300	59.998921	0.0	2108491	23	4.3
1527666569.44	4300	59.998878	0.0	2184571	25	4.3
1527666573.55	4300	59.748963	0.0	2121928	23	4.3
1527666577.66	4300	59.749041	0.0	2219102	25	4.3
1527666581.26	4300	59.999163	0.0	2124950	24	4.3
1527666585.37	4300	59.998874	0.0	2246506	24	4.3
1527666589.47	4300	59.747458	0.0	1961140	23	4.3
1527666593.59	4300	59.749227	0.0	2155012	24	4.3
1527666595.18	4300	59.928897	0.0	1433658	17	4.3

1527666595.37	750	4	0.01	668286	2	-0.04300000000000004
1527666595.47	4300	7.958208	0.0	2123065	12	0.75
1527666595.57	4300	11.8598	0.0	2177073	23	4.3
1527666595.64	4300	15.786164	0.0	2160877	11	4.3
1527666595.73	4300	19.695629	0.0	2233056	14	4.3
1527666595.82	4300	23.608702	0.0	1941625	17	4.3
1527666595.91	4300	27.515126	0.0	2157535	10	4.3
1527666596.0	4300	31.432139	0.0	2290172	18	4.3
1527666596.09	4300	35.345958	0.0	2055469	22	4.3
1527666596.18	4300	39.253261	0.0	2169201	23	4.3
1527666596.27	4300	43.162331	0.0	2173522	22	4.3
1527666596.36	4300	47.072668	0.0	2102452	21	4.3
1527666596.45	4300	50.982559	0.0	2209463	22	4.3
1527666596.54	4300	54.890216	0.0	2275376	20	4.3
1527666596.63	4300	58.801216	0.0	2005399	21	4.3
1527666599.73	4300	59.748767	0.0	2152483	20	4.3
1527666603.83	4300	59.748573	0.0	2289689	18	4.3
1527666607.93	4300	59.749283	0.0	2059512	19	4.3
1527666611.54	4300	59.999058	0.0	2220726	25	4.3
1527666615.64	4300	59.998905	0.0	2156729	22	4.3
1527666619.75	4300	59.74925	0.0	2039773	24	4.3
1527666623.86	4300	59.74939	0.0	2176469	23	4.3
1527666627.46	4300	59.998603	0.0	2221506	26	4.3
1527666631.57	4300	59.999181	0.0	2044075	22	4.3
1527666635.68	4300	59.99865	0.0	2186790	22	4.3
1527666639.8	4300	59.749581	0.0	2105231	20	4.3
1527666643.99	4300	59.749392	0.0	2395588	22	4.3
1527666647.59	4300	59.998289	0.0	1972048	23	4.3
1527666651.7	4300	59.748958	0.0	2134614	25	4.3
1527666655.81	4300	59.749095	0.0	2164140	25	4.3
1527666659.92	4300	59.747696	0.0	2113193	26	4.3
1527666663.53	4300	59.998817	0.0	2147852	24	4.3
1527666668.14	4300	59.49912	0.0	2191074	20	4.3
1527666671.75	4300	59.748733	0.0	2286761	26	4.3
1527666675.85	4300	59.747764	0.0	2307787	23	4.3
1527666679.46	4300	59.998768	0.0	2143948	24	4.3
1527666683.56	4300	59.999314	0.0	1919781	20	4.3
1527666687.67	4300	59.999213	0.0	2147467	25	4.3
1527666691.77	4300	59.749326	0.0	2133870	24	4.3
1527666695.89	4300	59.749279	0.0	2146120	23	4.3
1527666699.49	4300	59.998761	0.0	2108491	22	4.3
1527666703.6	4300	59.99891	0.0	2184571	24	4.3
1527666707.71	4300	59.749207	0.0	2121928	23	4.3
1527666711.82	4300	59.748962	0.0	2219102	25	4.3
1527666715.93	4300	59.685618	0.0	2124950	23	4.3
1527666719.54	4300	59.99918	0.0	2246506	25	4.3
1527666723.64	4300	59.998484	0.0	1961140	17	4.3
1527666727.75	4300	59.749534	0.0	2155012	23	4.3
1527666729.35	4300	59.92876	0.0	1433658	18	4.3

1527666729.53	750	4	0.015	668286	1	-0.0645
1527666729.63	4300	7.954143	0.0	2123065	15	0.75
1527666729.73	4300	11.85445	0.0	2177073	23	4.3
1527666729.83	4300	15.759275	0.0	2160877	26	4.3
1527666729.92	4300	19.663622	0.0	2233056	25	4.3
1527666730.01	4300	23.579154	0.0	1941625	18	4.3
1527666730.1	4300	27.482997	0.0	2157535	21	4.3
1527666730.18	4300	31.407054	0.0	2290172	13	4.3
1527666730.27	4300	35.317144	0.0	2055469	18	4.3
1527666730.37	4300	39.221258	0.0	2169201	25	4.3
1527666730.44	4300	43.145004	0.0	2173522	12	4.3
1527666730.55	4300	47.044013	0.0	2102452	22	4.3
1527666730.64	4300	50.950971	0.0	2209463	26	4.3
1527666730.71	4300	54.876479	0.0	2275376	13	4.3
1527666730.81	4300	58.778372	0.0	2005399	22	4.3
1527666733.93	4300	59.749236	0.0	2152483	24	4.3
1527666738.04	4300	59.74893	0.0	2289689	25	4.3
1527666741.65	4300	59.998924	0.0	2059512	23	4.3
1527666745.75	4300	59.999261	0.0	2220726	23	4.3
1527666749.86	4300	59.749067	0.0	2156729	25	4.3
1527666753.97	4300	59.749103	0.0	2039773	23	4.3
1527666758.09	4300	59.748727	0.0	2176469	24	4.3
1527666761.69	4300	59.997691	0.0	2221506	23	4.3
1527666765.79	4300	59.998431	0.0	2044075	20	4.3
1527666769.9	4300	59.748657	0.0	2186790	25	4.3
1527666774.01	4300	59.749404	0.0	2105231	24	4.3
1527666777.62	4300	59.998979	0.0	2395588	27	4.3
1527666781.72	4300	59.998779	0.0	1972048	22	4.3
1527666785.83	4300	59.999111	0.0	2134614	21	4.3
1527666789.93	4300	59.749487	0.0	2164140	23	4.3
1527666794.04	4300	59.748994	0.0	2113193	22	4.3
1527666797.66	4300	59.998165	0.0	2147852	22	4.3
1527666802.26	4300	59.498817	0.0	2191074	23	4.3
1527666805.94	4300	59.747675	0.0	2286761	28	4.3
1527666810.04	4300	59.7496	0.0	2307787	23	4.3
1527666813.65	4300	59.998791	0.0	2143948	24	4.3
1527666817.75	4300	59.999211	0.0	1919781	19	4.3
1527666821.86	4300	59.74875	0.0	2147467	25	4.3
1527666825.97	4300	59.749122	0.0	2133870	24	4.3
1527666830.08	4300	59.748042	0.0	2146120	24	4.3
