1527645322.96	750	4	0.027	2354772	9	-0.11609999999999998
1527645323.1	4300	7.965404	0.0	2123065	20	0.75
1527645323.24	4300	11.821497	0.0	2177073	25	4.3
1527645323.39	4300	15.675082	0.0	2160877	24	4.3
1527645323.54	4300	19.525479	0.0	2233056	26	4.3
1527645323.68	4300	23.376846	0.0	1941625	24	4.3
1527645323.83	4300	27.227681	0.0	2157535	26	4.3
1527645323.99	4300	31.068385	0.0	2290172	21	4.3
1527645324.14	4300	34.924208	0.0	2055469	26	4.3
1527645324.28	4300	38.778818	0.0	2169201	25	4.3
1527645324.43	4300	42.632349	0.0	2173522	23	4.3
1527645324.57	4300	46.494484	0.0	2102452	20	4.3
1527645324.71	4300	50.347099	0.0	2209463	22	4.3
1527645324.88	4300	54.186726	0.0	2275376	26	4.3
1527645325.02	4300	58.046128	0.0	2005399	19	4.3
1527645327.67	4300	59.497632	0.0	2152483	25	4.3
1527645331.34	4300	59.748991	0.0	2289689	28	4.3
1527645335.51	4300	59.749358	0.0	2059512	21	4.3
1527645339.17	4300	59.998164	0.0	2220726	25	4.3
1527645343.32	4300	59.749064	0.0	2156729	24	4.3
1527645347.47	4300	59.748899	0.0	2039773	22	4.3
1527645351.14	4300	59.99763	0.0	2176469	25	4.3
1527645355.41	4300	59.998911	0.0	2221506	25	4.3
1527645359.56	4300	59.749256	0.0	2044075	24	4.3
1527645363.22	4300	59.99867	0.0	2186790	23	4.3
1527645367.37	4300	59.748293	0.0	2105231	18	4.3
1527645371.53	4300	59.748027	0.0	2395588	26	4.3
1527645375.18	4300	59.998949	0.0	1972048	19	4.3
1527645379.34	4300	59.748141	0.0	2134614	24	4.3
1527645383.57	4300	59.748636	0.0	2164140	27	4.3
1527645387.23	4300	59.99833	0.0	2113193	24	4.3
1527645391.39	4300	59.74887	0.0	2147852	24	4.3
1527645395.55	4300	59.747876	0.0	2191074	17	4.3
1527645399.21	4300	59.999033	0.0	2286761	25	4.3
1527645403.37	4300	59.747592	0.0	2307787	24	4.3
1527645407.53	4300	59.747828	0.0	2143948	27	4.3
1527645411.17	4300	59.997729	0.0	1919781	18	4.3
1527645415.34	4300	59.747571	0.0	2147467	27	4.3
1527645419.51	4300	59.748817	0.0	2133870	43	4.3
1527645423.18	4300	59.999319	0.0	2146120	22	4.3
1527645427.33	4300	59.748625	0.0	2108491	23	4.3
1527645431.5	4300	59.749196	0.0	2184571	27	4.3
1527645435.15	4300	59.999077	0.0	2121928	21	4.3
1527645439.35	4300	59.998537	0.0	2219102	25	4.3
1527645443.51	4300	59.749438	0.0	2124950	21	4.3
1527645447.17	4300	59.999266	0.0	2246506	27	4.3
1527645451.31	4300	59.998421	0.0	1961140	23	4.3
1527645455.44	4300	59.749138	0.0	2155012	25	4.3
1527645457.05	4300	59.928736	0.0	1433658	17	4.3

1527645457.28	750	4	0.017	668286	4	-0.07309999999999994
1527645457.44	4300	7.944976	0.0	2123065	19	0.75
1527645457.59	4300	11.800351	0.0	2177073	25	4.3
1527645457.75	4300	15.638906	0.0	2160877	25	4.3
1527645457.89	4300	19.495998	0.0	2233056	20	4.3
1527645458.04	4300	23.351074	0.0	1941625	17	4.3
1527645458.19	4300	27.203746	0.0	2157535	25	4.3
1527645458.34	4300	31.052036	0.0	2290172	26	4.3
1527645458.48	4300	34.906644	0.0	2055469	22	4.3
1527645458.63	4300	38.756601	0.0	2169201	27	4.3
1527645458.78	4300	42.609196	0.0	2173522	25	4.3
1527645458.92	4300	46.460354	0.0	2102452	23	4.3
1527645459.08	4300	50.309753	0.0	2209463	27	4.3
1527645459.23	4300	54.159003	0.0	2275376	26	4.3
1527645459.37	4300	58.009974	0.0	2005399	24	4.3
1527645461.53	4300	59.998288	0.0	2152483	10	4.3
1527645465.69	4300	59.748321	0.0	2289689	22	4.3
1527645469.85	4300	59.748046	0.0	2059512	25	4.3
1527645474.02	4300	59.499474	0.0	2220726	24	4.3
1527645477.68	4300	59.749561	0.0	2156729	24	4.3
1527645481.84	4300	59.748054	0.0	2039773	22	4.3
1527645485.99	4300	59.499423	0.0	2176469	20	4.3
1527645489.65	4300	59.748485	0.0	2221506	26	4.3
1527645493.81	4300	59.749606	0.0	2044075	22	4.3
1527645497.98	4300	59.499519	0.0	2186790	25	4.3
1527645501.63	4300	59.998818	0.0	2105231	22	4.3
1527645505.79	4300	59.749847	0.0	2395588	28	4.3
1527645509.45	4300	59.9988	0.0	1972048	23	4.3
1527645513.6	4300	59.998865	0.0	2134614	19	4.3
1527645517.76	4300	59.749522	0.0	2164140	23	4.3
1527645521.92	4300	59.497969	0.0	2113193	26	4.3
1527645525.57	4300	59.998182	0.0	2147852	18	4.3
1527645529.73	4300	59.748145	0.0	2191074	27	4.3
1527645533.89	4300	59.499687	0.0	2286761	27	4.3
1527645538.06	4300	59.499123	0.0	2307787	29	4.3
1527645541.71	4300	59.749074	0.0	2143948	20	4.3
1527645545.87	4300	59.749301	0.0	1919781	21	4.3
1527645549.53	4300	59.998948	0.0	2147467	24	4.3
1527645553.69	4300	59.748632	0.0	2133870	23	4.3
1527645557.84	4300	59.749023	0.0	2146120	22	4.3
1527645561.5	4300	59.999473	0.0	2108491	25	4.3
1527645565.67	4300	59.749054	0.0	2184571	24	4.3
1527645569.82	4300	59.749863	0.0	2121928	19	4.3
1527645573.48	4300	59.997987	0.0	2219102	24	4.3
