1527632234.66	750	4	0.013	450283	2	-0.05589999999999995
1527632234.82	4300	7.957878	0.0	2123065	13	0.75
1527632234.96	4300	11.816052	0.0	2177073	22	4.3
1527632235.1	4300	15.673344	0.0	2160877	20	4.3
1527632235.25	4300	19.524351	0.0	2233056	29	4.3
1527632235.4	4300	23.380634	0.0	1941625	24	4.3
1527632235.54	4300	27.231917	0.0	2157535	26	4.3
1527632235.69	4300	31.092183	0.0	2290172	20	4.3
1527632235.82	4300	34.954562	0.0	2055469	22	4.3
1527632235.97	4300	38.806326	0.0	2169201	27	4.3
1527632236.12	4300	42.657768	0.0	2173522	24	4.3
1527632236.26	4300	46.511895	0.0	2102452	24	4.3
1527632236.4	4300	50.37763	0.0	2209463	16	4.3
1527632236.54	4300	54.235002	0.0	2275376	26	4.3
1527632236.69	4300	58.089247	0.0	2005399	24	4.3
1527632238.86	4300	59.998978	0.0	2152483	11	4.3
1527632243.02	4300	59.998419	0.0	2289689	26	4.3
1527632247.17	4300	59.748475	0.0	2059512	19	4.3
1527632250.82	4300	59.997656	0.0	2220726	28	4.3
1527632255.01	4300	59.99862	0.0	2156729	27	4.3
1527632259.18	4300	59.74948	0.0	2039773	25	4.3
1527632262.84	4300	59.998512	0.0	2176469	20	4.3
1527632267.0	4300	59.998666	0.0	2221506	21	4.3
1527632271.21	4300	59.749563	0.0	2044075	25	4.3
1527632274.86	4300	59.99926	0.0	2186790	18	4.3
1527632279.05	4300	59.749281	0.0	2105231	20	4.3
1527632283.21	4300	59.749478	0.0	2395588	28	4.3
1527632286.87	4300	59.999266	0.0	1972048	24	4.3
1527632291.02	4300	59.998953	0.0	2134614	21	4.3
1527632295.19	4300	59.748619	0.0	2164140	27	4.3
1527632298.85	4300	59.998927	0.0	2113193	25	4.3
1527632303.01	4300	59.999193	0.0	2147852	26	4.3
1527632307.17	4300	59.748689	0.0	2191074	22	4.3
1527632310.82	4300	59.999029	0.0	2286761	26	4.3
1527632314.98	4300	59.998829	0.0	2307787	29	4.3
1527632319.15	4300	59.749557	0.0	2143948	18	4.3
1527632322.8	4300	59.99948	0.0	1919781	19	4.3
1527632326.96	4300	59.998059	0.0	2147467	25	4.3
1527632331.12	4300	59.749218	0.0	2133870	24	4.3
1527632335.28	4300	59.748958	0.0	2146120	19	4.3
1527632338.93	4300	59.998492	0.0	2108491	23	4.3
1527632343.13	4300	59.748813	0.0	2184571	24	4.3
1527632346.79	4300	59.998864	0.0	2121928	24	4.3
1527632351.04	4300	59.999351	0.0	2219102	27	4.3
1527632355.19	4300	59.74908	0.0	2124950	18	4.3
1527632358.84	4300	59.998505	0.0	2246506	21	4.3
1527632362.98	4300	59.998092	0.0	1961140	22	4.3
1527632367.1	4300	59.749038	0.0	2155012	19	4.3
1527632368.72	4300	59.928992	0.0	1433658	17	4.3

1527632368.97	750	4	0.017	668286	2	-0.07309999999999994
1527632369.13	4300	7.949071	0.0	2123065	20	0.75
1527632369.27	4300	11.808197	0.0	2177073	24	4.3
1527632369.41	4300	15.661133	0.0	2160877	24	4.3
1527632369.55	4300	19.517497	0.0	2233056	15	4.3
1527632369.69	4300	23.382812	0.0	1941625	17	4.3
1527632369.83	4300	27.240115	0.0	2157535	24	4.3
1527632369.99	4300	31.087182	0.0	2290172	24	4.3
1527632370.13	4300	34.942719	0.0	2055469	23	4.3
1527632370.28	4300	38.795221	0.0	2169201	25	4.3
1527632370.43	4300	42.644669	0.0	2173522	26	4.3
1527632370.57	4300	46.508945	0.0	2102452	19	4.3
1527632370.71	4300	50.364003	0.0	2209463	23	4.3
1527632370.86	4300	54.212235	0.0	2275376	22	4.3
1527632371.0	4300	58.072361	0.0	2005399	23	4.3
1527632373.16	4300	59.999251	0.0	2152483	12	4.3
1527632377.31	4300	59.999046	0.0	2289689	20	4.3
1527632381.46	4300	59.749454	0.0	2059512	25	4.3
1527632385.12	4300	59.998444	0.0	2220726	20	4.3
1527632389.27	4300	59.998735	0.0	2156729	25	4.3
1527632393.41	4300	59.749217	0.0	2039773	21	4.3
1527632397.57	4300	59.748122	0.0	2176469	25	4.3
1527632401.23	4300	59.998011	0.0	2221506	27	4.3
1527632405.39	4300	59.748938	0.0	2044075	19	4.3
1527632409.55	4300	59.748767	0.0	2186790	27	4.3
1527632413.23	4300	59.997673	0.0	2105231	23	4.3
1527632417.38	4300	59.748063	0.0	2395588	24	4.3
1527632421.54	4300	59.748647	0.0	1972048	24	4.3
1527632425.21	4300	59.999279	0.0	2134614	25	4.3
1527632429.38	4300	59.747446	0.0	2164140	26	4.3
1527632433.54	4300	59.749035	0.0	2113193	25	4.3
1527632437.19	4300	59.998044	0.0	2147852	23	4.3
1527632441.35	4300	59.748905	0.0	2191074	23	4.3
1527632445.52	4300	59.749281	0.0	2286761	25	4.3
1527632449.18	4300	59.998512	0.0	2307787	28	4.3
1527632453.35	4300	59.747924	0.0	2143948	24	4.3
1527632457.5	4300	59.748547	0.0	1919781	23	4.3
1527632461.15	4300	59.99915	0.0	2147467	25	4.3
1527632465.32	4300	59.998268	0.0	2133870	25	4.3
1527632469.47	4300	59.748875	0.0	2146120	20	4.3
1527632473.12	4300	59.998921	0.0	2108491	27	4.3
1527632477.28	4300	59.998323	0.0	2184571	25	4.3
1527632481.43	4300	59.749001	0.0	2121928	21	4.3
1527632485.64	4300	59.49879	0.0	2219102	19	4.3
1527632489.29	4300	59.998472	0.0	2124950	24	4.3
1527632493.45	4300	59.7491	0.0	2246506	21	4.3
1527632497.58	4300	59.499287	0.0	1961140	15	4.3
1527632501.7	4300	59.498646	0.0	2155012	23	4.3
1527632503.31	4300	59.679463	0.0	1433658	16	4.3

1527632503.55	750	4	0.012	668286	2	-0.05159999999999998
1527632503.71	4300	7.950843	0.0	2123065	14	0.75
1527632503.85	4300	11.807707	0.0	2177073	24	4.3
1527632503.99	4300	15.665579	0.0	2160877	27	4.3
1527632504.14	4300	19.522617	0.0	2233056	13	4.3
1527632504.27	4300	23.388465	0.0	1941625	18	4.3
1527632504.41	4300	27.245631	0.0	2157535	25	4.3
1527632504.55	4300	31.111887	0.0	2290172	19	4.3
1527632504.69	4300	34.974278	0.0	2055469	22	4.3
1527632504.84	4300	38.824696	0.0	2169201	26	4.3
1527632504.98	4300	42.677964	0.0	2173522	28	4.3
1527632505.13	4300	46.527985	0.0	2102452	27	4.3
1527632505.28	4300	50.376145	0.0	2209463	24	4.3
1527632505.43	4300	54.229104	0.0	2275376	25	4.3
1527632505.56	4300	58.095634	0.0	2005399	18	4.3
1527632507.72	4300	59.99878	0.0	2152483	9	4.3
1527632511.88	4300	59.997485	0.0	2289689	18	4.3
1527632516.04	4300	59.747781	0.0	2059512	27	4.3
1527632519.69	4300	59.998893	0.0	2220726	22	4.3
1527632523.85	4300	59.99792	0.0	2156729	26	4.3
1527632528.02	4300	59.748994	0.0	2039773	23	4.3
