1527663657.33	750	4	0.011	450283	3	-0.04730000000000001
1527663657.46	4300	7.954656	0.0	2123065	17	0.75
1527663657.55	4300	11.865408	0.0	2177073	21	4.3
1527663657.65	4300	15.773637	0.0	2160877	22	4.3
1527663657.74	4300	19.67874	0.0	2233056	18	4.3
1527663657.82	4300	23.600638	0.0	1941625	13	4.3
1527663657.9	4300	27.51712	0.0	2157535	15	4.3
1527663657.99	4300	31.426072	0.0	2290172	18	4.3
1527663658.08	4300	35.33929	0.0	2055469	17	4.3
1527663658.18	4300	39.239241	0.0	2169201	25	4.3
1527663658.25	4300	43.1625	0.0	2173522	13	4.3
1527663658.36	4300	47.060811	0.0	2102452	23	4.3
1527663658.43	4300	50.986649	0.0	2209463	13	4.3
1527663658.53	4300	54.885462	0.0	2275376	26	4.3
1527663658.61	4300	58.804266	0.0	2005399	14	4.3
1527663661.74	4300	59.748753	0.0	2152483	23	4.3
1527663665.85	4300	59.749123	0.0	2289689	23	4.3
1527663669.46	4300	59.998861	0.0	2059512	22	4.3
1527663673.56	4300	59.999109	0.0	2220726	25	4.3
1527663677.68	4300	59.748977	0.0	2156729	22	4.3
1527663681.78	4300	59.749134	0.0	2039773	23	4.3
1527663685.87	4300	59.748138	0.0	2176469	15	4.3
1527663689.48	4300	59.997815	0.0	2221506	19	4.3
1527663693.59	4300	59.99798	0.0	2044075	23	4.3
1527663697.7	4300	59.749024	0.0	2186790	25	4.3
1527663701.82	4300	59.74924	0.0	2105231	23	4.3
1527663705.43	4300	59.998708	0.0	2395588	27	4.3
1527663709.54	4300	59.99934	0.0	1972048	22	4.3
1527663713.73	4300	59.99947	0.0	2134614	23	4.3
1527663717.84	4300	59.748539	0.0	2164140	23	4.3
1527663721.45	4300	59.998708	0.0	2113193	24	4.3
1527663725.55	4300	59.999484	0.0	2147852	21	4.3
1527663729.66	4300	59.99829	0.0	2191074	24	4.3
1527663733.77	4300	59.748546	0.0	2286761	23	4.3
1527663737.88	4300	59.747889	0.0	2307787	25	4.3
1527663741.49	4300	59.998396	0.0	2143948	23	4.3
1527663745.59	4300	59.999198	0.0	1919781	21	4.3
1527663749.7	4300	59.749324	0.0	2147467	24	4.3
1527663753.82	4300	59.748939	0.0	2133870	25	4.3
1527663757.92	4300	59.499282	0.0	2146120	22	4.3
1527663761.54	4300	59.997588	0.0	2108491	24	4.3
1527663765.65	4300	59.998389	0.0	2184571	20	4.3
1527663769.75	4300	59.748898	0.0	2121928	19	4.3
1527663773.85	4300	59.748971	0.0	2219102	22	4.3
1527663777.46	4300	59.99858	0.0	2124950	24	4.3
1527663782.07	4300	59.498575	0.0	2246506	21	4.3
1527663785.67	4300	59.74802	0.0	1961140	21	4.3
1527663789.78	4300	59.747861	0.0	2155012	22	4.3
1527663791.38	4300	59.928906	0.0	1433658	17	4.3

1527663791.57	750	4	0.013	668286	3	-0.05589999999999995
1527663791.68	4300	7.954991	0.0	2123065	17	0.75
1527663791.76	4300	11.871464	0.0	2177073	17	4.3
1527663791.85	4300	15.779004	0.0	2160877	19	4.3
1527663791.95	4300	19.684065	0.0	2233056	25	4.3
1527663792.01	4300	23.617532	0.0	1941625	7	4.3
1527663792.12	4300	27.522302	0.0	2157535	12	4.3
1527663792.22	4300	31.409873	0.0	2290172	27	4.3
1527663792.31	4300	35.317441	0.0	2055469	19	4.3
1527663792.4	4300	39.226219	0.0	2169201	22	4.3
1527663792.5	4300	43.13368	0.0	2173522	21	4.3
1527663792.6	4300	47.032417	0.0	2102452	22	4.3
1527663792.7	4300	50.935548	0.0	2209463	26	4.3
1527663792.82	4300	54.841024	0.0	2275376	24	4.3
1527663792.91	4300	58.720337	0.0	2005399	22	4.3
1527663796.02	4300	59.749713	0.0	2152483	22	4.3
1527663800.13	4300	59.749335	0.0	2289689	26	4.3
1527663804.24	4300	59.49925	0.0	2059512	22	4.3
1527663808.35	4300	59.500212	0.0	2220726	25	4.3
1527663811.96	4300	59.750419	0.0	2156729	25	4.3
1527663816.07	4300	59.750223	0.0	2039773	20	4.3
1527663820.17	4300	59.498581	0.0	2176469	24	4.3
1527663823.78	4300	59.999317	0.0	2221506	24	4.3
1527663827.89	4300	59.748572	0.0	2044075	20	4.3
1527663832.0	4300	59.748923	0.0	2186790	23	4.3
1527663836.1	4300	59.750405	0.0	2105231	23	4.3
1527663840.21	4300	59.499382	0.0	2395588	25	4.3
1527663843.8	4300	59.998677	0.0	1972048	10	4.3
1527663847.9	4300	59.748921	0.0	2134614	19	4.3
1527663852.01	4300	59.748332	0.0	2164140	24	4.3
1527663856.12	4300	59.749153	0.0	2113193	23	4.3
1527663859.73	4300	59.998696	0.0	2147852	24	4.3
1527663864.33	4300	59.499534	0.0	2191074	20	4.3
1527663867.94	4300	59.748543	0.0	2286761	25	4.3
1527663872.06	4300	59.750298	0.0	2307787	22	4.3
1527663876.16	4300	59.500083	0.0	2143948	21	4.3
1527663880.26	4300	59.500148	0.0	1919781	18	4.3
1527663883.86	4300	59.999293	0.0	2147467	12	4.3
1527663887.96	4300	59.748658	0.0	2133870	17	4.3
1527663892.06	4300	59.748906	0.0	2146120	20	4.3
1527663896.16	4300	59.500372	0.0	2108491	23	4.3
1527663900.27	4300	59.498328	0.0	2184571	22	4.3
1527663904.38	4300	59.250126	0.0	2121928	25	4.3
1527663908.0	4300	59.749526	0.0	2219102	24	4.3
1527663912.1	4300	59.681846	0.0	2124950	21	4.3
1527663916.21	4300	59.498846	0.0	2246506	23	4.3
1527663920.32	4300	59.500106	0.0	1961140	21	4.3
1527663923.91	4300	59.750275	0.0	2155012	12	4.3
1527663925.51	4300	59.929111	0.0	1433658	17	4.3

1527663925.69	750	4	0.011	668286	2	-0.04730000000000001
1527663925.78	4300	7.962385	0.0	2123065	16	0.75
1527663925.87	4300	11.875354	0.0	2177073	23	4.3
1527663925.96	4300	15.785232	0.0	2160877	23	4.3
1527663926.04	4300	19.707209	0.0	2233056	15	4.3
1527663926.2	4300	23.609071	0.0	1941625	22	4.3
1527663926.45	4300	27.411153	0.0	2157535	19	4.3
1527663926.72	4300	31.151351	0.0	2290172	25	4.3
1527663926.94	4300	34.889804	0.0	2055469	22	4.3
1527663927.36	4300	38.603511	0.0	2169201	19	4.3
1527663927.87	4300	42.251592	0.0	2173522	23	4.3
1527663928.27	4300	45.767011	0.0	2102452	17	4.3
1527663928.4	4300	49.339891	0.0	2209463	18	4.3
1527663928.71	4300	53.207686	0.0	2275376	25	4.3
1527663929.18	4300	56.818754	0.0	2005399	23	4.3
1527663930.3	4300	59.499121	0.0	2152483	23	4.3
