1528181828.43	750	4	0.025	2354772	10	-0.10750000000000004
1528181828.58	4300	7.962207	0.0	2123065	22	0.75
1528181828.72	4300	11.815942	0.0	2177073	23	4.3
1528181828.87	4300	15.666183	0.0	2160877	28	4.3
1528181829.02	4300	19.516742	0.0	2233056	24	4.3
1528181829.17	4300	23.370085	0.0	1941625	21	4.3
1528181829.31	4300	27.234098	0.0	2157535	21	4.3
1528181829.45	4300	31.088412	0.0	2290172	24	4.3
1528181829.59	4300	34.945938	0.0	2055469	23	4.3
1528181829.74	4300	38.796726	0.0	2169201	25	4.3
1528181829.88	4300	42.660435	0.0	2173522	18	4.3
1528181830.02	4300	46.521458	0.0	2102452	24	4.3
1528181830.16	4300	50.373694	0.0	2209463	23	4.3
1528181830.33	4300	54.209969	0.0	2275376	26	4.3
1528181830.47	4300	58.072884	0.0	2005399	22	4.3
1528181832.62	4300	59.99902	0.0	2152483	24	4.3
1528181836.78	4300	59.99789	0.0	2289689	25	4.3
1528181840.93	4300	59.748696	0.0	2059512	21	4.3
1528181844.59	4300	59.997757	0.0	2220726	24	4.3
1528181848.75	4300	59.997853	0.0	2156729	22	4.3
1528181852.91	4300	59.749433	0.0	2039773	20	4.3
1528181856.57	4300	59.997522	0.0	2176469	25	4.3
1528181860.72	4300	59.998563	0.0	2221506	26	4.3
1528181864.87	4300	59.748986	0.0	2044075	20	4.3
1528181869.03	4300	59.748939	0.0	2186790	25	4.3
1528181872.68	4300	59.998769	0.0	2105231	23	4.3
1528181876.85	4300	59.749329	0.0	2395588	21	4.3
1528181881.0	4300	59.747662	0.0	1972048	23	4.3
1528181884.65	4300	59.998116	0.0	2134614	19	4.3
1528181888.81	4300	59.748982	0.0	2164140	24	4.3
1528181892.97	4300	59.749162	0.0	2113193	20	4.3
1528181896.63	4300	59.997892	0.0	2147852	21	4.3
1528181900.79	4300	59.998082	0.0	2191074	23	4.3
1528181904.95	4300	59.749333	0.0	2286761	26	4.3
1528181908.61	4300	59.998991	0.0	2307787	25	4.3
1528181912.77	4300	59.99924	0.0	2143948	23	4.3
1528181916.92	4300	59.747397	0.0	1919781	18	4.3
1528181920.58	4300	59.999079	0.0	2147467	23	4.3
1528181924.75	4300	59.998274	0.0	2133870	23	4.3
1528181928.9	4300	59.748484	0.0	2146120	15	4.3
1528181932.55	4300	59.999053	0.0	2108491	23	4.3
1528181936.71	4300	59.99831	0.0	2184571	17	4.3
1528181940.87	4300	59.749288	0.0	2121928	19	4.3
1528181945.04	4300	59.74884	0.0	2219102	26	4.3
1528181948.67	4300	59.997489	0.0	2124950	11	4.3
1528181952.81	4300	59.749082	0.0	2246506	20	4.3
1528181956.94	4300	59.748769	0.0	1961140	20	4.3
1528181960.57	4300	59.997628	0.0	2155012	25	4.3
1528181962.68	4300	59.679416	0.0	1433658	14	4.3

1528181962.89	750	4	0.016	668286	5	-0.06879999999999997
1528181963.07	4300	7.947738	0.0	2123065	21	0.75
1528181963.22	4300	11.795849	0.0	2177073	25	4.3
1528181963.37	4300	15.64138	0.0	2160877	21	4.3
1528181963.52	4300	19.492746	0.0	2233056	25	4.3
1528181963.69	4300	23.332343	0.0	1941625	17	4.3
1528181963.86	4300	27.156239	0.0	2157535	21	4.3
1528181964.0	4300	31.014353	0.0	2290172	26	4.3
1528181964.14	4300	34.871531	0.0	2055469	23	4.3
1528181964.28	4300	38.733293	0.0	2169201	19	4.3
1528181964.42	4300	42.593204	0.0	2173522	23	4.3
1528181964.56	4300	46.449459	0.0	2102452	22	4.3
1528181964.7	4300	50.315152	0.0	2209463	20	4.3
1528181964.84	4300	54.174098	0.0	2275376	25	4.3
1528181964.98	4300	58.030293	0.0	2005399	25	4.3
1528181967.13	4300	59.999392	0.0	2152483	10	4.3
1528181971.29	4300	59.748978	0.0	2289689	20	4.3
1528181975.57	4300	59.748527	0.0	2059512	23	4.3
1528181979.21	4300	59.998921	0.0	2220726	19	4.3
1528181983.38	4300	59.74769	0.0	2156729	23	4.3
1528181987.03	4300	59.999306	0.0	2039773	25	4.3
1528181991.19	4300	59.999239	0.0	2176469	24	4.3
1528181995.35	4300	59.748994	0.0	2221506	25	4.3
1528181999.5	4300	59.748418	0.0	2044075	22	4.3
1528182003.15	4300	59.997336	0.0	2186790	24	4.3
1528182007.31	4300	59.748793	0.0	2105231	24	4.3
1528182011.46	4300	59.749101	0.0	2395588	22	4.3
1528182015.11	4300	59.998974	0.0	1972048	20	4.3
1528182019.25	4300	59.998477	0.0	2134614	19	4.3
1528182023.4	4300	59.748732	0.0	2164140	18	4.3
1528182027.07	4300	59.997569	0.0	2113193	25	4.3
1528182031.22	4300	59.998543	0.0	2147852	23	4.3
1528182035.37	4300	59.749069	0.0	2191074	21	4.3
1528182039.02	4300	59.99881	0.0	2286761	26	4.3
1528182043.18	4300	59.997733	0.0	2307787	24	4.3
1528182047.34	4300	59.749012	0.0	2143948	24	4.3
1528182051.5	4300	59.749372	0.0	1919781	20	4.3
1528182055.15	4300	59.999035	0.0	2147467	20	4.3
1528182059.3	4300	59.749246	0.0	2133870	25	4.3
1528182063.45	4300	59.748573	0.0	2146120	20	4.3
1528182067.1	4300	59.997952	0.0	2108491	23	4.3
1528182071.25	4300	59.997823	0.0	2184571	19	4.3
1528182075.4	4300	59.748149	0.0	2121928	24	4.3
1528182079.05	4300	59.998472	0.0	2219102	24	4.3
1528182083.21	4300	59.998939	0.0	2124950	24	4.3
1528182087.35	4300	59.749137	0.0	2246506	26	4.3
1528182091.49	4300	59.749241	0.0	1961140	22	4.3
1528182095.12	4300	59.998625	0.0	2155012	25	4.3
1528182097.23	4300	59.677278	0.0	1433658	15	4.3

1528182097.45	750	4	0.018	668286	3	-0.07740000000000002
1528182097.6	4300	7.954112	0.0	2123065	11	0.75
1528182097.74	4300	11.812545	0.0	2177073	22	4.3
1528182097.89	4300	15.666139	0.0	2160877	27	4.3
1528182098.02	4300	19.532774	0.0	2233056	18	4.3
1528182098.16	4300	23.394967	0.0	1941625	25	4.3
1528182098.31	4300	27.248725	0.0	2157535	24	4.3
1528182098.47	4300	31.107887	0.0	2290172	16	4.3
1528182098.61	4300	34.94619	0.0	2055469	24	4.3
1528182098.76	4300	38.80109	0.0	2169201	24	4.3
1528182098.91	4300	42.650723	0.0	2173522	23	4.3
1528182099.04	4300	46.516414	0.0	2102452	21	4.3
1528182099.18	4300	50.375647	0.0	2209463	24	4.3
1528182099.33	4300	54.2304	0.0	2275376	25	4.3
1528182099.46	4300	58.096186	0.0	2005399	18	4.3
1528182101.61	4300	59.998972	0.0	2152483	8	4.3
1528182105.76	4300	59.999086	0.0	2289689	19	4.3
1528182109.91	4300	59.749545	0.0	2059512	23	4.3
1528182114.06	4300	59.498953	0.0	2220726	19	4.3
1528182117.72	4300	59.997925	0.0	2156729	26	4.3
1528182121.87	4300	59.748813	0.0	2039773	17	4.3
1528182126.02	4300	59.749485	0.0	2176469	26	4.3
1528182129.67	4300	59.998012	0.0	2221506	20	4.3
1528182133.82	4300	59.749536	0.0	2044075	23	4.3
1528182137.97	4300	59.74899	0.0	2186790	20	4.3
1528182141.63	4300	59.998497	0.0	2105231	23	4.3
1528182145.82	4300	59.999083	0.0	2395588	25	4.3
1528182149.97	4300	59.748969	0.0	1972048	18	4.3
1528182153.63	4300	59.999277	0.0	2134614	25	4.3
1528182157.79	4300	59.998815	0.0	2164140	24	4.3
1528182161.93	4300	59.749221	0.0	2113193	21	4.3
1528182165.58	4300	59.999149	0.0	2147852	21	4.3
1528182169.73	4300	59.997952	0.0	2191074	25	4.3
1528182173.89	4300	59.749609	0.0	2286761	26	4.3
1528182178.04	4300	59.749414	0.0	2307787	24	4.3
1528182181.69	4300	59.999146	0.0	2143948	20	4.3
1528182185.85	4300	59.747717	0.0	1919781	21	4.3
1528182190.0	4300	59.749035	0.0	2147467	18	4.3
1528182193.66	4300	59.998039	0.0	2133870	27	4.3
1528182197.81	4300	59.749097	0.0	2146120	23	4.3
1528182201.96	4300	59.749274	0.0	2108491	20	4.3
1528182205.61	4300	59.999342	0.0	2184571	19	4.3
