1527786866.48	750	4	0.026	2354772	7	-0.11180000000000001
1527786866.6	4300	7.967244	0.0	2123065	21	0.75
1527786866.7	4300	11.872936	0.0	2177073	20	4.3
1527786866.77	4300	15.794443	0.0	2160877	13	4.3
1527786866.84	4300	19.727072	0.0	2233056	7	4.3
1527786866.91	4300	23.657303	0.0	1941625	8	4.3
1527786866.98	4300	27.586489	0.0	2157535	9	4.3
1527786867.05	4300	31.520299	0.0	2290172	8	4.3
1527786867.14	4300	35.432931	0.0	2055469	18	4.3
1527786867.2	4300	39.36564	0.0	2169201	8	4.3
1527786867.27	4300	43.296875	0.0	2173522	9	4.3
1527786867.34	4300	47.229057	0.0	2102452	6	4.3
1527786867.41	4300	51.158499	0.0	2209463	8	4.3
1527786867.49	4300	55.077535	0.0	2275376	8	4.3
1527786867.55	4300	59.013947	0.0	2005399	5	4.3
1527786870.63	4300	59.998834	0.0	2152483	7	4.3
1527786874.73	4300	59.999382	0.0	2289689	20	4.3
1527786878.84	4300	59.74819	0.0	2059512	18	4.3
1527786882.94	4300	59.749599	0.0	2220726	24	4.3
1527786887.05	4300	59.747818	0.0	2156729	25	4.3
1527786891.16	4300	59.499454	0.0	2039773	23	4.3
1527786895.27	4300	59.49876	0.0	2176469	24	4.3
1527786898.88	4300	59.748732	0.0	2221506	26	4.3
1527786902.99	4300	59.749383	0.0	2044075	22	4.3
1527786906.59	4300	59.998775	0.0	2186790	25	4.3
1527786910.7	4300	59.998096	0.0	2105231	20	4.3
1527786914.81	4300	59.998891	0.0	2395588	24	4.3
1527786918.9	4300	59.748763	0.0	1972048	10	4.3
1527786923.0	4300	59.748148	0.0	2134614	20	4.3
1527786926.6	4300	59.998345	0.0	2164140	21	4.3
1527786930.71	4300	59.999384	0.0	2113193	21	4.3
1527786934.82	4300	59.99854	0.0	2147852	23	4.3
1527786938.92	4300	59.749456	0.0	2191074	24	4.3
1527786943.04	4300	59.748094	0.0	2286761	24	4.3
1527786946.64	4300	59.999086	0.0	2307787	25	4.3
1527786950.75	4300	59.999339	0.0	2143948	21	4.3
1527786954.85	4300	59.749575	0.0	1919781	21	4.3
1527786958.94	4300	59.747794	0.0	2147467	12	4.3
1527786963.05	4300	59.748973	0.0	2133870	24	4.3
1527786966.7	4300	59.998636	0.0	2146120	22	4.3
1527786970.81	4300	59.99859	0.0	2108491	24	4.3
1527786974.92	4300	59.748928	0.0	2184571	27	4.3
1527786979.03	4300	59.74789	0.0	2121928	24	4.3
1527786982.64	4300	59.99786	0.0	2219102	24	4.3
1527786986.72	4300	59.999126	0.0	2124950	10	4.3
1527786990.83	4300	59.748516	0.0	2246506	25	4.3
1527786994.93	4300	59.748757	0.0	1961140	22	4.3
1527786999.02	4300	59.74859	0.0	2155012	11	4.3
1527787000.61	4300	59.679535	0.0	1433658	18	4.3

1527787000.81	750	4	0.015	668286	2	-0.0645
1527787000.88	4300	7.979115	0.0	2123065	7	0.75
1527787000.94	4300	11.915023	0.0	2177073	7	4.3
1527787001.01	4300	15.851314	0.0	2160877	6	4.3
1527787001.07	4300	19.787963	0.0	2233056	7	4.3
1527787001.14	4300	23.725729	0.0	1941625	6	4.3
1527787001.2	4300	27.65769	0.0	2157535	7	4.3
1527787001.27	4300	31.592124	0.0	2290172	7	4.3
1527787001.33	4300	35.52761	0.0	2055469	6	4.3
1527787001.4	4300	39.462222	0.0	2169201	8	4.3
1527787001.47	4300	43.395542	0.0	2173522	7	4.3
1527787001.53	4300	47.330358	0.0	2102452	6	4.3
1527787001.6	4300	51.268219	0.0	2209463	6	4.3
1527787001.66	4300	55.199925	0.0	2275376	7	4.3
1527787001.72	4300	59.136957	0.0	2005399	6	4.3
1527787005.3	4300	59.749454	0.0	2152483	7	4.3
1527787008.92	4300	59.999012	0.0	2289689	24	4.3
1527787013.02	4300	59.998425	0.0	2059512	21	4.3
1527787017.13	4300	59.749095	0.0	2220726	26	4.3
1527787021.24	4300	59.749288	0.0	2156729	23	4.3
1527787025.35	4300	59.748961	0.0	2039773	23	4.3
1527787028.96	4300	59.998986	0.0	2176469	24	4.3
1527787033.07	4300	59.99805	0.0	2221506	23	4.3
1527787037.18	4300	59.749449	0.0	2044075	23	4.3
1527787041.29	4300	59.74969	0.0	2186790	21	4.3
1527787044.91	4300	59.99843	0.0	2105231	22	4.3
1527787049.03	4300	59.998761	0.0	2395588	26	4.3
1527787053.2	4300	59.749592	0.0	1972048	22	4.3
1527787057.3	4300	59.749491	0.0	2134614	23	4.3
1527787060.9	4300	59.999354	0.0	2164140	16	4.3
1527787065.02	4300	59.999438	0.0	2113193	24	4.3
1527787069.12	4300	59.749443	0.0	2147852	24	4.3
1527787073.23	4300	59.747786	0.0	2191074	25	4.3
1527787077.37	4300	59.749338	0.0	2286761	27	4.3
1527787080.98	4300	59.9989	0.0	2307787	26	4.3
1527787085.09	4300	59.998875	0.0	2143948	26	4.3
1527787089.19	4300	59.748838	0.0	1919781	22	4.3
1527787093.28	4300	59.749623	0.0	2147467	15	4.3
1527787096.89	4300	59.99865	0.0	2133870	24	4.3
1527787101.49	4300	59.499186	0.0	2146120	20	4.3
1527787105.09	4300	59.99863	0.0	2108491	17	4.3
1527787109.19	4300	59.748824	0.0	2184571	16	4.3
1527787113.29	4300	59.748321	0.0	2121928	22	4.3
1527787116.9	4300	59.998628	0.0	2219102	24	4.3
1527787121.0	4300	59.998514	0.0	2124950	22	4.3
