1527762656.87	750	4	0.025	2354772	10	-0.10750000000000004
1527762657.01	4300	7.966418	0.0	2123065	20	0.75
1527762657.15	4300	11.82272	0.0	2177073	24	4.3
1527762657.27	4300	15.703606	0.0	2160877	12	4.3
1527762657.4	4300	19.574915	0.0	2233056	13	4.3
1527762657.52	4300	23.455677	0.0	1941625	12	4.3
1527762657.65	4300	27.320857	0.0	2157535	11	4.3
1527762657.81	4300	31.167604	0.0	2290172	15	4.3
1527762657.94	4300	35.029922	0.0	2055469	20	4.3
1527762658.08	4300	38.893285	0.0	2169201	15	4.3
1527762658.2	4300	42.77206	0.0	2173522	14	4.3
1527762658.31	4300	46.65896	0.0	2102452	9	4.3
1527762658.43	4300	50.538113	0.0	2209463	8	4.3
1527762658.59	4300	54.382934	0.0	2275376	24	4.3
1527762658.71	4300	58.256557	0.0	2005399	15	4.3
1527762661.35	4300	59.748983	0.0	2152483	12	4.3
1527762665.0	4300	59.998567	0.0	2289689	19	4.3
1527762669.15	4300	59.999319	0.0	2059512	21	4.3
1527762673.3	4300	59.749035	0.0	2220726	18	4.3
1527762677.45	4300	59.749499	0.0	2156729	25	4.3
1527762681.1	4300	59.99825	0.0	2039773	22	4.3
1527762685.26	4300	59.748927	0.0	2176469	27	4.3
1527762689.41	4300	59.748645	0.0	2221506	19	4.3
1527762693.57	4300	59.498115	0.0	2044075	25	4.3
1527762697.23	4300	59.748355	0.0	2186790	25	4.3
1527762701.45	4300	59.749053	0.0	2105231	23	4.3
1527762705.1	4300	59.998118	0.0	2395588	23	4.3
1527762709.26	4300	59.747809	0.0	1972048	24	4.3
1527762713.42	4300	59.748183	0.0	2134614	24	4.3
1527762717.07	4300	59.998754	0.0	2164140	21	4.3
1527762721.22	4300	59.997766	0.0	2113193	24	4.3
1527762725.4	4300	59.749636	0.0	2147852	27	4.3
1527762729.54	4300	59.497636	0.0	2191074	18	4.3
1527762733.2	4300	59.998692	0.0	2286761	28	4.3
1527762737.37	4300	59.749402	0.0	2307787	26	4.3
1527762741.02	4300	59.999333	0.0	2143948	21	4.3
1527762745.17	4300	59.999309	0.0	1919781	21	4.3
1527762749.32	4300	59.748724	0.0	2147467	19	4.3
1527762753.48	4300	59.499659	0.0	2133870	25	4.3
1527762757.14	4300	59.998211	0.0	2146120	24	4.3
1527762761.29	4300	59.747957	0.0	2108491	22	4.3
1527762765.45	4300	59.749685	0.0	2184571	27	4.3
1527762769.1	4300	59.998942	0.0	2121928	21	4.3
1527762773.26	4300	59.749703	0.0	2219102	26	4.3
1527762777.5	4300	59.749393	0.0	2124950	20	4.3
1527762781.16	4300	59.998779	0.0	2246506	28	4.3
1527762785.37	4300	59.748627	0.0	1961140	25	4.3
1527762789.01	4300	59.998758	0.0	2155012	25	4.3
1527762791.13	4300	59.67952	0.0	1433658	17	4.3

1527762791.35	750	4	0.017	668286	5	-0.07309999999999994
1527762791.5	4300	7.952869	0.0	2123065	17	0.75
1527762791.65	4300	11.810237	0.0	2177073	25	4.3
1527762791.77	4300	15.683268	0.0	2160877	12	4.3
1527762791.96	4300	19.513758	0.0	2233056	14	4.3
1527762792.08	4300	23.375304	0.0	1941625	6	4.3
1527762792.21	4300	27.245781	0.0	2157535	18	4.3
1527762792.33	4300	31.129458	0.0	2290172	12	4.3
1527762792.44	4300	35.009244	0.0	2055469	11	4.3
1527762792.55	4300	38.901318	0.0	2169201	7	4.3
1527762792.69	4300	42.771175	0.0	2173522	18	4.3
1527762792.82	4300	46.632358	0.0	2102452	19	4.3
1527762792.95	4300	50.508796	0.0	2209463	14	4.3
1527762793.06	4300	54.396281	0.0	2275376	9	4.3
1527762793.17	4300	58.286464	0.0	2005399	7	4.3
1527762795.79	4300	59.74856	0.0	2152483	8	4.3
1527762799.94	4300	59.748664	0.0	2289689	28	4.3
1527762804.1	4300	59.498673	0.0	2059512	21	4.3
1527762807.76	4300	59.749574	0.0	2220726	24	4.3
1527762811.92	4300	59.749179	0.0	2156729	27	4.3
1527762816.06	4300	59.498836	0.0	2039773	20	4.3
1527762819.71	4300	59.74953	0.0	2176469	17	4.3
1527762823.86	4300	59.749389	0.0	2221506	22	4.3
1527762827.51	4300	59.999331	0.0	2044075	16	4.3
1527762831.67	4300	59.998235	0.0	2186790	18	4.3
1527762835.82	4300	59.748905	0.0	2105231	27	4.3
1527762839.48	4300	59.997689	0.0	2395588	24	4.3
1527762844.13	4300	59.499049	0.0	1972048	24	4.3
1527762847.78	4300	59.748076	0.0	2134614	26	4.3
1527762851.93	4300	59.748119	0.0	2164140	25	4.3
1527762855.58	4300	59.998029	0.0	2113193	20	4.3
1527762859.75	4300	59.749429	0.0	2147852	21	4.3
1527762863.91	4300	59.748827	0.0	2191074	25	4.3
1527762868.07	4300	59.499737	0.0	2286761	29	4.3
1527762871.73	4300	59.749001	0.0	2307787	24	4.3
1527762875.91	4300	59.749706	0.0	2143948	26	4.3
1527762879.55	4300	59.999039	0.0	1919781	17	4.3
1527762884.21	4300	59.499384	0.0	2147467	26	4.3
1527762887.86	4300	59.748543	0.0	2133870	25	4.3
1527762891.51	4300	59.997894	0.0	2146120	24	4.3
1527762896.18	4300	59.498254	0.0	2108491	26	4.3
1527762899.83	4300	59.74867	0.0	2184571	25	4.3
1527762903.48	4300	59.999365	0.0	2121928	26	4.3
1527762907.65	4300	59.999274	0.0	2219102	24	4.3
1527762911.8	4300	59.749126	0.0	2124950	24	4.3
1527762915.94	4300	59.748281	0.0	2246506	21	4.3
1527762919.57	4300	59.99812	0.0	1961140	22	4.3
1527762923.7	4300	59.998245	0.0	2155012	27	4.3
1527762925.31	4300	59.927902	0.0	1433658	16	4.3

1527762925.55	750	4	0.017	668286	2	-0.07309999999999994
1527762925.7	4300	7.947715	0.0	2123065	19	0.75
1527762925.85	4300	11.798437	0.0	2177073	26	4.3
1527762925.98	4300	15.669787	0.0	2160877	17	4.3
1527762926.1	4300	19.541768	0.0	2233056	14	4.3
1527762926.23	4300	23.411791	0.0	1941625	16	4.3
1527762926.38	4300	27.26863	0.0	2157535	25	4.3
1527762926.51	4300	31.140809	0.0	2290172	14	4.3
1527762926.63	4300	35.022956	0.0	2055469	11	4.3
1527762926.75	4300	38.898087	0.0	2169201	12	4.3
1527762926.87	4300	42.773645	0.0	2173522	12	4.3
1527762926.98	4300	46.663462	0.0	2102452	7	4.3
1527762927.13	4300	50.518668	0.0	2209463	26	4.3
1527762927.28	4300	54.364435	0.0	2275376	27	4.3
1527762927.41	4300	58.237426	0.0	2005399	13	4.3
1527762930.03	4300	59.747791	0.0	2152483	8	4.3
1527762934.2	4300	59.499439	0.0	2289689	26	4.3
1527762937.85	4300	59.998755	0.0	2059512	20	4.3
1527762942.0	4300	59.74922	0.0	2220726	26	4.3
1527762945.65	4300	59.998904	0.0	2156729	21	4.3
1527762949.81	4300	59.99872	0.0	2039773	21	4.3
1527762953.96	4300	59.748884	0.0	2176469	19	4.3
1527762958.14	4300	59.748566	0.0	2221506	27	4.3
1527762961.78	4300	59.998678	0.0	2044075	20	4.3
1527762965.94	4300	59.749384	0.0	2186790	28	4.3
