1527701812.94	750	4	0.012	450283	0	-0.05159999999999998
1527702053.02	750	4	0.002	450283	2	0.7414
1527702053.19	4300	7.947813	0.0	2123065	17	0.75
1527702053.32	4300	11.807239	0.0	2177073	20	4.3
1527702053.45	4300	15.679231	0.0	2160877	10	4.3
1527702053.58	4300	19.554877	0.0	2233056	13	4.3
1527702053.71	4300	23.424775	0.0	1941625	11	4.3
1527702053.84	4300	27.296983	0.0	2157535	11	4.3
1527702053.96	4300	31.171753	0.0	2290172	13	4.3
1527702054.11	4300	35.024359	0.0	2055469	18	4.3
1527702054.25	4300	38.881097	0.0	2169201	23	4.3
1527702054.38	4300	42.753388	0.0	2173522	14	4.3
1527702054.5	4300	46.631817	0.0	2102452	12	4.3
1527702054.62	4300	50.509404	0.0	2209463	12	4.3
1527702054.74	4300	54.390764	0.0	2275376	13	4.3
1527702054.88	4300	58.253765	0.0	2005399	20	4.3
1527702057.52	4300	59.747911	0.0	2152483	12	4.3
1527702061.18	4300	59.999356	0.0	2289689	28	4.3
1527702065.34	4300	59.998109	0.0	2059512	24	4.3
1527702069.49	4300	59.749146	0.0	2220726	21	4.3
1527702073.16	4300	59.998525	0.0	2156729	24	4.3
1527702077.31	4300	59.99928	0.0	2039773	24	4.3
1527702081.46	4300	59.74892	0.0	2176469	17	4.3
1527702085.63	4300	59.748715	0.0	2221506	25	4.3
1527702089.29	4300	59.998471	0.0	2044075	23	4.3
1527702093.45	4300	59.747613	0.0	2186790	28	4.3
