1528256267.99	750	4	0.016	450283	3	-0.06879999999999997
1528256268.09	4300	7.953604	0.0	2123065	15	0.75
1528256268.19	4300	11.851547	0.0	2177073	25	4.3
1528256268.27	4300	15.772732	0.0	2160877	13	4.3
1528256268.37	4300	19.671417	0.0	2233056	24	4.3
1528256268.46	4300	23.579742	0.0	1941625	22	4.3
1528256268.54	4300	27.499822	0.0	2157535	15	4.3
1528256268.65	4300	31.391186	0.0	2290172	20	4.3
1528256268.78	4300	35.259633	0.0	2055469	23	4.3
1528256268.88	4300	39.160732	0.0	2169201	25	4.3
1528256268.96	4300	43.085732	0.0	2173522	12	4.3
1528256269.05	4300	46.996544	0.0	2102452	18	4.3
1528256269.15	4300	50.893111	0.0	2209463	27	4.3
1528256269.25	4300	54.790979	0.0	2275376	27	4.3
1528256269.34	4300	58.700611	0.0	2005399	20	4.3
1528256272.46	4300	59.749074	0.0	2152483	21	4.3
1528256276.56	4300	59.49924	0.0	2289689	22	4.3
1528256280.16	4300	59.999322	0.0	2059512	23	4.3
1528256284.27	4300	59.998167	0.0	2220726	23	4.3
1528256288.38	4300	59.749493	0.0	2156729	26	4.3
1528256292.48	4300	59.74915	0.0	2039773	21	4.3
1528256296.64	4300	59.499438	0.0	2176469	25	4.3
1528256300.24	4300	59.998821	0.0	2221506	24	4.3
1528256304.34	4300	59.749711	0.0	2044075	21	4.3
1528256308.45	4300	59.749003	0.0	2186790	23	4.3
1528256312.06	4300	59.997863	0.0	2105231	23	4.3
1528256316.67	4300	59.499326	0.0	2395588	23	4.3
1528256320.26	4300	59.997903	0.0	1972048	11	4.3
1528256324.36	4300	59.748804	0.0	2134614	17	4.3
1528256328.46	4300	59.749327	0.0	2164140	25	4.3
1528256332.07	4300	59.999367	0.0	2113193	26	4.3
1528256336.17	4300	59.998854	0.0	2147852	21	4.3
1528256340.28	4300	59.99877	0.0	2191074	25	4.3
1528256344.44	4300	59.748974	0.0	2286761	25	4.3
1528256348.06	4300	59.999397	0.0	2307787	29	4.3
1528256352.17	4300	59.999334	0.0	2143948	23	4.3
1528256356.27	4300	59.998333	0.0	1919781	22	4.3
1528256360.36	4300	59.749304	0.0	2147467	12	4.3
1528256364.46	4300	59.748035	0.0	2133870	24	4.3
1528256368.07	4300	59.99932	0.0	2146120	24	4.3
1528256372.17	4300	59.997891	0.0	2108491	22	4.3
1528256376.28	4300	59.998986	0.0	2184571	24	4.3
1528256380.39	4300	59.749502	0.0	2121928	25	4.3
1528256384.5	4300	59.748939	0.0	2219102	27	4.3
1528256388.11	4300	59.999347	0.0	2124950	23	4.3
1528256392.72	4300	59.499458	0.0	2246506	24	4.3
1528256396.32	4300	59.748315	0.0	1961140	22	4.3
1528256400.41	4300	59.748826	0.0	2155012	11	4.3
1528256402.0	4300	59.928693	0.0	1433658	19	4.3

1528256402.23	750	4	0.026	2354772	9	-0.11180000000000001
1528256402.29	4300	7.987587	0.0	2123065	6	0.75
1528256402.39	4300	11.891111	0.0	2177073	26	4.3
1528256402.49	4300	15.790073	0.0	2160877	21	4.3
1528256402.59	4300	19.686393	0.0	2233056	25	4.3
1528256402.66	4300	23.614843	0.0	1941625	10	4.3
1528256402.76	4300	27.513553	0.0	2157535	12	4.3
1528256402.87	4300	31.412786	0.0	2290172	30	4.3
1528256402.94	4300	35.340212	0.0	2055469	12	4.3
1528256403.04	4300	39.236814	0.0	2169201	31	4.3
1528256403.12	4300	43.161191	0.0	2173522	11	4.3
1528256403.21	4300	47.071044	0.0	2102452	20	4.3
1528256403.31	4300	50.966956	0.0	2209463	26	4.3
1528256403.39	4300	54.893074	0.0	2275376	12	4.3
1528256403.49	4300	58.790272	0.0	2005399	25	4.3
1528256406.6	4300	59.748625	0.0	2152483	28	4.3
1528256410.71	4300	59.748055	0.0	2289689	26	4.3
1528256414.32	4300	59.998836	0.0	2059512	24	4.3
1528256418.43	4300	59.998863	0.0	2220726	24	4.3
1528256422.54	4300	59.748249	0.0	2156729	27	4.3
1528256426.64	4300	59.748433	0.0	2039773	22	4.3
1528256430.75	4300	59.749738	0.0	2176469	26	4.3
1528256434.37	4300	59.999345	0.0	2221506	26	4.3
1528256438.47	4300	59.998986	0.0	2044075	23	4.3
1528256442.58	4300	59.747953	0.0	2186790	24	4.3
1528256446.69	4300	59.749275	0.0	2105231	25	4.3
1528256450.3	4300	59.999279	0.0	2395588	29	4.3
1528256454.4	4300	59.998374	0.0	1972048	22	4.3
1528256458.49	4300	59.999096	0.0	2134614	17	4.3
1528256462.68	4300	59.748666	0.0	2164140	21	4.3
1528256466.28	4300	59.9988	0.0	2113193	26	4.3
1528256470.39	4300	59.999414	0.0	2147852	26	4.3
1528256474.5	4300	59.998739	0.0	2191074	26	4.3
1528256478.61	4300	59.748071	0.0	2286761	28	4.3
1528256482.72	4300	59.749202	0.0	2307787	25	4.3
1528256486.83	4300	59.499606	0.0	2143948	25	4.3
1528256490.44	4300	59.999297	0.0	1919781	22	4.3
1528256494.56	4300	59.749639	0.0	2147467	27	4.3
1528256498.67	4300	59.74808	0.0	2133870	19	4.3
1528256502.77	4300	59.74948	0.0	2146120	13	4.3
1528256506.88	4300	59.499257	0.0	2108491	24	4.3
1528256510.48	4300	59.999243	0.0	2184571	23	4.3
1528256514.58	4300	59.748977	0.0	2121928	24	4.3
1528256518.69	4300	59.748806	0.0	2219102	26	4.3
1528256522.8	4300	59.49779	0.0	2124950	27	4.3
1528256526.91	4300	59.498984	0.0	2246506	27	4.3
1528256530.51	4300	59.999414	0.0	1961140	21	4.3
1528256534.62	4300	59.749514	0.0	2155012	25	4.3
1528256536.22	4300	59.929058	0.0	1433658	19	4.3

1528256536.46	750	4	0.027	2354772	6	-0.11609999999999998
1528256536.55	4300	7.964248	0.0	2123065	21	0.75
1528256536.65	4300	11.870828	0.0	2177073	20	4.3
1528256536.74	4300	15.776608	0.0	2160877	21	4.3
1528256536.86	4300	19.685058	0.0	2233056	16	4.3
1528256536.97	4300	23.547305	0.0	1941625	21	4.3
1528256537.07	4300	27.45088	0.0	2157535	25	4.3
1528256537.16	4300	31.359202	0.0	2290172	20	4.3
1528256537.25	4300	35.270508	0.0	2055469	19	4.3
1528256537.34	4300	39.181691	0.0	2169201	22	4.3
1528256537.43	4300	43.091119	0.0	2173522	21	4.3
1528256537.52	4300	46.998809	0.0	2102452	21	4.3
1528256537.6	4300	50.914375	0.0	2209463	16	4.3
1528256537.7	4300	54.820304	0.0	2275376	21	4.3
1528256537.8	4300	58.721224	0.0	2005399	24	4.3
1528256540.91	4300	59.747666	0.0	2152483	25	4.3
1528256545.02	4300	59.749219	0.0	2289689	21	4.3
1528256548.75	4300	59.999378	0.0	2059512	26	4.3
1528256552.86	4300	59.7478	0.0	2220726	26	4.3
1528256556.97	4300	59.749243	0.0	2156729	26	4.3
1528256561.04	4300	59.498294	0.0	2039773	7	4.3
1528256564.66	4300	59.999196	0.0	2176469	26	4.3
1528256568.77	4300	59.998314	0.0	2221506	24	4.3
1528256572.88	4300	59.749349	0.0	2044075	24	4.3
1528256576.99	4300	59.748819	0.0	2186790	26	4.3
1528256581.09	4300	59.498848	0.0	2105231	25	4.3
1528256584.7	4300	59.999006	0.0	2395588	26	4.3
1528256588.81	4300	59.749314	0.0	1972048	18	4.3
1528256592.92	4300	59.74884	0.0	2134614	23	4.3
1528256596.53	4300	59.99872	0.0	2164140	23	4.3
1528256600.63	4300	59.99849	0.0	2113193	21	4.3
