1527743826.84	750	4	0.012	450283	1	-0.05159999999999998
1527743826.99	4300	7.961374	0.0	2123065	12	0.75
1527743827.12	4300	11.823365	0.0	2177073	21	4.3
1527743827.26	4300	15.682042	0.0	2160877	24	4.3
1527743827.41	4300	19.534427	0.0	2233056	10	4.3
1527743827.56	4300	23.389135	0.0	1941625	24	4.3
1527743827.68	4300	27.263502	0.0	2157535	14	4.3
1527743827.82	4300	31.127194	0.0	2290172	20	4.3
1527743827.96	4300	34.987745	0.0	2055469	21	4.3
1527743828.08	4300	38.862075	0.0	2169201	14	4.3
1527743828.22	4300	42.727269	0.0	2173522	15	4.3
1527743828.37	4300	46.579074	0.0	2102452	27	4.3
1527743828.51	4300	50.441428	0.0	2209463	21	4.3
1527743828.64	4300	54.309102	0.0	2275376	14	4.3
1527743828.75	4300	58.193326	0.0	2005399	6	4.3
1527743831.43	4300	59.749091	0.0	2152483	8	4.3
1527743835.08	4300	59.998714	0.0	2289689	21	4.3
1527743839.23	4300	59.748723	0.0	2059512	24	4.3
1527743843.39	4300	59.749264	0.0	2220726	18	4.3
1527743847.54	4300	59.499268	0.0	2156729	24	4.3
1527743851.2	4300	59.74902	0.0	2039773	22	4.3
1527743855.34	4300	59.749222	0.0	2176469	17	4.3
1527743859.0	4300	59.997784	0.0	2221506	26	4.3
1527743863.15	4300	59.99888	0.0	2044075	16	4.3
1527743867.3	4300	59.748234	0.0	2186790	26	4.3
1527743871.45	4300	59.499481	0.0	2105231	23	4.3
1527743875.1	4300	59.999315	0.0	2395588	20	4.3
1527743879.25	4300	59.748354	0.0	1972048	23	4.3
1527743883.4	4300	59.748388	0.0	2134614	18	4.3
1527743887.06	4300	59.999172	0.0	2164140	26	4.3
1527743891.21	4300	59.749452	0.0	2113193	23	4.3
1527743895.36	4300	59.749095	0.0	2147852	22	4.3
1527743899.03	4300	59.999096	0.0	2191074	26	4.3
1527743903.18	4300	59.998337	0.0	2286761	26	4.3
1527743907.34	4300	59.747845	0.0	2307787	24	4.3
1527743910.99	4300	59.998824	0.0	2143948	21	4.3
1527743915.65	4300	59.498846	0.0	1919781	23	4.3
1527743919.3	4300	59.74837	0.0	2147467	24	4.3
1527743922.97	4300	59.999478	0.0	2133870	26	4.3
1527743927.12	4300	59.998637	0.0	2146120	25	4.3
1527743931.27	4300	59.749087	0.0	2108491	25	4.3
1527743935.44	4300	59.748767	0.0	2184571	26	4.3
1527743939.09	4300	59.99863	0.0	2121928	19	4.3
1527743943.24	4300	59.74921	0.0	2219102	26	4.3
1527743947.41	4300	59.749095	0.0	2124950	22	4.3
1527743951.06	4300	59.998432	0.0	2246506	23	4.3
1527743955.19	4300	59.997868	0.0	1961140	19	4.3
1527743959.32	4300	59.749392	0.0	2155012	23	4.3
1527743960.93	4300	59.928375	0.0	1433658	17	4.3

1527743961.17	750	4	0.019	668286	3	-0.0817
1527743961.32	4300	7.95342	0.0	2123065	15	0.75
1527743961.47	4300	11.80553	0.0	2177073	24	4.3
1527743961.61	4300	15.660553	0.0	2160877	13	4.3
1527743961.76	4300	19.512636	0.0	2233056	19	4.3
1527743961.88	4300	23.394856	0.0	1941625	10	4.3
1527743962.0	4300	27.27655	0.0	2157535	11	4.3
1527743962.12	4300	31.15931	0.0	2290172	12	4.3
1527743962.24	4300	35.040778	0.0	2055469	10	4.3
1527743962.36	4300	38.917684	0.0	2169201	12	4.3
1527743962.5	4300	42.77144	0.0	2173522	25	4.3
1527743962.66	4300	46.614682	0.0	2102452	27	4.3
1527743962.79	4300	50.488792	0.0	2209463	13	4.3
1527743962.94	4300	54.330629	0.0	2275376	16	4.3
1527743963.08	4300	58.194582	0.0	2005399	22	4.3
1527743965.71	4300	59.747979	0.0	2152483	13	4.3
1527743969.37	4300	59.998937	0.0	2289689	27	4.3
1527743973.52	4300	59.999161	0.0	2059512	18	4.3
1527743977.68	4300	59.747606	0.0	2220726	23	4.3
1527743981.34	4300	59.997984	0.0	2156729	24	4.3
1527743985.49	4300	59.99876	0.0	2039773	16	4.3
1527743989.67	4300	59.74906	0.0	2176469	23	4.3
1527743993.37	4300	59.998467	0.0	2221506	22	4.3
1527743997.54	4300	59.748838	0.0	2044075	22	4.3
1527744001.69	4300	59.748807	0.0	2186790	18	4.3
1527744005.85	4300	59.497839	0.0	2105231	24	4.3
1527744009.52	4300	59.997978	0.0	2395588	29	4.3
1527744013.68	4300	59.747694	0.0	1972048	23	4.3
1527744017.33	4300	59.998834	0.0	2134614	20	4.3
1527744021.47	4300	59.99934	0.0	2164140	17	4.3
1527744025.62	4300	59.748862	0.0	2113193	23	4.3
1527744029.77	4300	59.74894	0.0	2147852	20	4.3
1527744033.43	4300	59.99813	0.0	2191074	26	4.3
1527744037.59	4300	59.749278	0.0	2286761	26	4.3
1527744041.75	4300	59.748638	0.0	2307787	23	4.3
1527744045.4	4300	59.999411	0.0	2143948	27	4.3
1527744049.55	4300	59.748453	0.0	1919781	24	4.3
1527744053.7	4300	59.747522	0.0	2147467	26	4.3
1527744057.35	4300	59.998616	0.0	2133870	21	4.3
1527744061.5	4300	59.998983	0.0	2146120	24	4.3
1527744065.65	4300	59.74966	0.0	2108491	21	4.3
1527744069.31	4300	59.999086	0.0	2184571	25	4.3
1527744073.46	4300	59.998789	0.0	2121928	26	4.3
1527744077.62	4300	59.747788	0.0	2219102	24	4.3
1527744081.77	4300	59.748297	0.0	2124950	18	4.3
1527744085.42	4300	59.998063	0.0	2246506	27	4.3
1527744089.66	4300	59.748713	0.0	1961140	22	4.3
1527744093.29	4300	59.998268	0.0	2155012	21	4.3
1527744095.4	4300	59.678029	0.0	1433658	16	4.3

1527744095.63	750	4	0.013	668286	3	-0.05589999999999995
1527744095.79	4300	7.953145	0.0	2123065	12	0.75
1527744095.92	4300	11.818189	0.0	2177073	20	4.3
1527744096.06	4300	15.672999	0.0	2160877	22	4.3
1527744096.19	4300	19.550226	0.0	2233056	11	4.3
1527744096.31	4300	23.42461	0.0	1941625	16	4.3
1527744096.43	4300	27.304576	0.0	2157535	11	4.3
1527744096.58	4300	31.159469	0.0	2290172	26	4.3
1527744096.71	4300	35.02569	0.0	2055469	18	4.3
1527744096.84	4300	38.891425	0.0	2169201	15	4.3
1527744096.96	4300	42.781225	0.0	2173522	7	4.3
1527744097.07	4300	46.668143	0.0	2102452	8	4.3
1527744097.21	4300	50.531594	0.0	2209463	22	4.3
1527744097.35	4300	54.383134	0.0	2275376	26	4.3
1527744097.49	4300	58.24877	0.0	2005399	18	4.3
1527744100.12	4300	59.748385	0.0	2152483	14	4.3
1527744103.78	4300	59.99708	0.0	2289689	27	4.3
1527744107.94	4300	59.998682	0.0	2059512	23	4.3
1527744112.09	4300	59.74669	0.0	2220726	21	4.3
1527744115.75	4300	59.99855	0.0	2156729	25	4.3
1527744119.91	4300	59.996784	0.0	2039773	26	4.3
1527744124.06	4300	59.74856	0.0	2176469	24	4.3
