1527695935.94	750	4	0.025	2354772	9	-0.10750000000000004
1527695936.08	4300	7.966415	0.0	2123065	19	0.75
1527695936.21	4300	11.838649	0.0	2177073	13	4.3
1527695936.36	4300	15.695351	0.0	2160877	23	4.3
1527695936.48	4300	19.566288	0.0	2233056	12	4.3
1527695936.61	4300	23.444988	0.0	1941625	11	4.3
1527695936.74	4300	27.308125	0.0	2157535	16	4.3
1527695936.89	4300	31.164852	0.0	2290172	20	4.3
1527695937.01	4300	35.042185	0.0	2055469	13	4.3
1527695937.13	4300	38.918817	0.0	2169201	12	4.3
1527695937.26	4300	42.793117	0.0	2173522	12	4.3
1527695937.38	4300	46.669135	0.0	2102452	12	4.3
1527695937.51	4300	50.541775	0.0	2209463	14	4.3
1527695937.66	4300	54.393	0.0	2275376	13	4.3
1527695937.81	4300	58.240572	0.0	2005399	22	4.3
1527695940.46	4300	59.749113	0.0	2152483	18	4.3
1527695944.13	4300	59.997693	0.0	2289689	27	4.3
1527695948.32	4300	59.748938	0.0	2059512	19	4.3
1527695952.49	4300	59.748344	0.0	2220726	31	4.3
1527695956.16	4300	59.999374	0.0	2156729	24	4.3
1527695960.33	4300	59.748852	0.0	2039773	24	4.3
1527695964.49	4300	59.748397	0.0	2176469	22	4.3
1527695968.15	4300	59.998627	0.0	2221506	25	4.3
1527695972.31	4300	59.747964	0.0	2044075	24	4.3
1527695976.48	4300	59.74747	0.0	2186790	25	4.3
1527695980.14	4300	59.999082	0.0	2105231	23	4.3
1527695984.29	4300	59.998976	0.0	2395588	19	4.3
1527695988.46	4300	59.749112	0.0	1972048	24	4.3
1527695992.12	4300	59.997774	0.0	2134614	25	4.3
1527695996.27	4300	59.999082	0.0	2164140	16	4.3
1527696000.43	4300	59.749043	0.0	2113193	21	4.3
1527696004.09	4300	59.999206	0.0	2147852	23	4.3
1527696008.26	4300	59.998369	0.0	2191074	18	4.3
1527696012.43	4300	59.749057	0.0	2286761	25	4.3
1527696016.09	4300	59.998036	0.0	2307787	28	4.3
1527696020.26	4300	59.998567	0.0	2143948	25	4.3
1527696024.41	4300	59.748745	0.0	1919781	15	4.3
1527696028.06	4300	59.999222	0.0	2147467	25	4.3
1527696032.23	4300	59.99922	0.0	2133870	26	4.3
1527696036.4	4300	59.748205	0.0	2146120	29	4.3
1527696040.56	4300	59.748449	0.0	2108491	20	4.3
1527696044.21	4300	59.997725	0.0	2184571	22	4.3
1527696048.37	4300	59.748772	0.0	2121928	24	4.3
1527696052.52	4300	59.749355	0.0	2219102	18	4.3
1527696056.17	4300	59.999305	0.0	2124950	26	4.3
1527696060.33	4300	59.748968	0.0	2246506	24	4.3
1527696064.47	4300	59.748929	0.0	1961140	23	4.3
1527696068.09	4300	59.997698	0.0	2155012	19	4.3
1527696070.21	4300	59.678715	0.0	1433658	16	4.3

1527696070.44	750	4	0.025	668286	7	-0.10750000000000004
1527696070.6	4300	7.946835	0.0	2123065	25	0.75
1527696070.74	4300	11.807697	0.0	2177073	17	4.3
1527696070.91	4300	15.63977	0.0	2160877	18	4.3
1527696071.04	4300	19.508471	0.0	2233056	14	4.3
1527696071.2	4300	23.347955	0.0	1941625	21	4.3
1527696071.32	4300	27.222765	0.0	2157535	12	4.3
1527696071.47	4300	31.072582	0.0	2290172	27	4.3
1527696071.6	4300	34.949025	0.0	2055469	12	4.3
1527696071.75	4300	38.796729	0.0	2169201	20	4.3
1527696071.88	4300	42.666463	0.0	2173522	15	4.3
1527696072.02	4300	46.525122	0.0	2102452	21	4.3
1527696072.15	4300	50.394406	0.0	2209463	15	4.3
1527696072.29	4300	54.251465	0.0	2275376	19	4.3
1527696072.42	4300	58.120592	0.0	2005399	14	4.3
1527696074.6	4300	59.998435	0.0	2152483	8	4.3
1527696078.75	4300	59.997728	0.0	2289689	29	4.3
1527696082.92	4300	59.748473	0.0	2059512	25	4.3
1527696086.57	4300	59.998313	0.0	2220726	23	4.3
1527696090.72	4300	59.99852	0.0	2156729	24	4.3
1527696094.88	4300	59.749724	0.0	2039773	19	4.3
1527696099.04	4300	59.749242	0.0	2176469	26	4.3
1527696102.7	4300	59.999303	0.0	2221506	27	4.3
1527696106.85	4300	59.749134	0.0	2044075	16	4.3
1527696111.03	4300	59.749124	0.0	2186790	25	4.3
1527696114.68	4300	59.998491	0.0	2105231	22	4.3
1527696118.84	4300	59.748145	0.0	2395588	26	4.3
1527696123.01	4300	59.747874	0.0	1972048	22	4.3
1527696126.67	4300	59.999006	0.0	2134614	25	4.3
1527696130.83	4300	59.747861	0.0	2164140	26	4.3
1527696134.98	4300	59.749255	0.0	2113193	19	4.3
1527696138.7	4300	59.997793	0.0	2147852	22	4.3
1527696142.87	4300	59.74911	0.0	2191074	26	4.3
1527696147.02	4300	59.749215	0.0	2286761	20	4.3
1527696150.69	4300	59.998536	0.0	2307787	24	4.3
1527696154.84	4300	59.747795	0.0	2143948	24	4.3
1527696159.03	4300	59.748918	0.0	1919781	26	4.3
1527696162.66	4300	59.998076	0.0	2147467	10	4.3
1527696166.82	4300	59.749542	0.0	2133870	21	4.3
1527696170.98	4300	59.748803	0.0	2146120	27	4.3
1527696174.76	4300	59.998577	0.0	2108491	26	4.3
1527696178.97	4300	59.749094	0.0	2184571	19	4.3
1527696182.63	4300	59.998977	0.0	2121928	23	4.3
1527696186.79	4300	59.998794	0.0	2219102	24	4.3
1527696190.96	4300	59.749349	0.0	2124950	25	4.3
1527696195.11	4300	59.499613	0.0	2246506	22	4.3
1527696198.74	4300	59.998607	0.0	1961140	18	4.3
1527696202.87	4300	59.748968	0.0	2155012	21	4.3
1527696204.48	4300	59.927893	0.0	1433658	16	4.3

1527696204.77	750	4	0.013	668286	3	-0.05589999999999995
1527696204.93	4300	7.947195	0.0	2123065	14	0.75
1527696205.07	4300	11.80342	0.0	2177073	24	4.3
1527696205.21	4300	15.66437	0.0	2160877	19	4.3
1527696205.34	4300	19.532803	0.0	2233056	17	4.3
1527696205.48	4300	23.391608	0.0	1941625	25	4.3
1527696205.61	4300	27.262035	0.0	2157535	12	4.3
1527696205.74	4300	31.138524	0.0	2290172	13	4.3
1527696205.86	4300	35.010837	0.0	2055469	11	4.3
1527696205.99	4300	38.878551	0.0	2169201	19	4.3
1527696206.2	4300	42.72041	0.0	2173522	12	4.3
1527696206.33	4300	46.548576	0.0	2102452	10	4.3
1527696206.45	4300	50.42498	0.0	2209463	12	4.3
1527696206.57	4300	54.299753	0.0	2275376	12	4.3
1527696206.69	4300	58.17963	0.0	2005399	10	4.3
1527696209.34	4300	59.749287	0.0	2152483	24	4.3
1527696213.01	4300	59.999356	0.0	2289689	27	4.3
1527696217.18	4300	59.749676	0.0	2059512	25	4.3
1527696221.33	4300	59.748894	0.0	2220726	20	4.3
1527696224.98	4300	59.999245	0.0	2156729	23	4.3
1527696229.17	4300	59.749033	0.0	2039773	25	4.3
1527696233.33	4300	59.74924	0.0	2176469	22	4.3
1527696236.98	4300	59.999367	0.0	2221506	26	4.3
1527696241.14	4300	59.74933	0.0	2044075	26	4.3
1527696245.3	4300	59.748263	0.0	2186790	21	4.3
1527696248.96	4300	59.997725	0.0	2105231	25	4.3
1527696253.12	4300	59.99807	0.0	2395588	28	4.3
1527696257.28	4300	59.749211	0.0	1972048	22	4.3
1527696260.94	4300	59.998874	0.0	2134614	19	4.3
1527696265.09	4300	59.998425	0.0	2164140	25	4.3
1527696269.26	4300	59.748321	0.0	2113193	25	4.3
1527696272.93	4300	59.999297	0.0	2147852	23	4.3
1527696277.09	4300	59.998729	0.0	2191074	25	4.3
1527696281.26	4300	59.748265	0.0	2286761	27	4.3
1527696284.91	4300	59.9994	0.0	2307787	20	4.3
1527696289.07	4300	59.999085	0.0	2143948	23	4.3
1527696293.22	4300	59.749543	0.0	1919781	22	4.3
1527696297.36	4300	59.749476	0.0	2147467	12	4.3
