1527694601.04	750	4	0.01	450283	2	-0.04300000000000004
1527694601.2	4300	7.948524	0.0	2123065	19	0.75
1527694601.35	4300	11.803274	0.0	2177073	24	4.3
1527694601.49	4300	15.660432	0.0	2160877	22	4.3
1527694601.64	4300	19.512365	0.0	2233056	26	4.3
1527694601.78	4300	23.381176	0.0	1941625	17	4.3
1527694601.89	4300	27.256891	0.0	2157535	11	4.3
1527694602.02	4300	31.134114	0.0	2290172	13	4.3
1527694602.14	4300	35.012858	0.0	2055469	11	4.3
1527694602.27	4300	38.878883	0.0	2169201	19	4.3
1527694602.42	4300	42.730943	0.0	2173522	26	4.3
1527694602.55	4300	46.598487	0.0	2102452	18	4.3
1527694602.68	4300	50.473235	0.0	2209463	12	4.3
1527694602.8	4300	54.349612	0.0	2275376	14	4.3
1527694602.95	4300	58.208324	0.0	2005399	20	4.3
1527694605.59	4300	59.749635	0.0	2152483	13	4.3
1527694609.74	4300	59.500296	0.0	2289689	22	4.3
1527694613.41	4300	59.750466	0.0	2059512	24	4.3
1527694617.57	4300	59.750361	0.0	2220726	26	4.3
1527694621.71	4300	59.4991	0.0	2156729	20	4.3
1527694625.86	4300	59.500526	0.0	2039773	17	4.3
1527694629.51	4300	59.748794	0.0	2176469	26	4.3
1527694633.68	4300	59.498993	0.0	2221506	24	4.3
1527694637.85	4300	59.499536	0.0	2044075	25	4.3
1527694641.5	4300	59.74921	0.0	2186790	19	4.3
1527694645.65	4300	59.750574	0.0	2105231	24	4.3
1527694649.3	4300	59.998911	0.0	2395588	23	4.3
1527694653.45	4300	59.74943	0.0	1972048	21	4.3
1527694657.6	4300	59.749488	0.0	2134614	18	4.3
1527694661.76	4300	59.49986	0.0	2164140	24	4.3
1527694665.9	4300	59.498951	0.0	2113193	18	4.3
1527694669.56	4300	59.748765	0.0	2147852	25	4.3
1527694673.21	4300	59.998801	0.0	2191074	17	4.3
1527694677.38	4300	59.998684	0.0	2286761	28	4.3
1527694681.53	4300	59.750545	0.0	2307787	18	4.3
1527694685.67	4300	59.500515	0.0	2143948	15	4.3
1527694689.83	4300	59.498974	0.0	1919781	23	4.3
1527694693.48	4300	59.750211	0.0	2147467	25	4.3
1527694697.63	4300	59.750353	0.0	2133870	26	4.3
1527694701.8	4300	59.49932	0.0	2146120	22	4.3
1527694705.55	4300	59.749055	0.0	2108491	22	4.3
1527694709.7	4300	59.500234	0.0	2184571	25	4.3
1527694713.88	4300	59.498948	0.0	2121928	18	4.3
1527694717.54	4300	59.75049	0.0	2219102	27	4.3
1527694721.7	4300	59.500325	0.0	2124950	27	4.3
1527694725.85	4300	59.500139	0.0	2246506	23	4.3
1527694729.48	4300	59.749633	0.0	1961140	20	4.3
1527694733.61	4300	59.749577	0.0	2155012	23	4.3
1527694735.22	4300	59.679373	0.0	1433658	16	4.3

1527694735.45	750	4	0.016	668286	2	-0.06879999999999997
1527694735.6	4300	7.951364	0.0	2123065	20	0.75
1527694735.75	4300	11.808557	0.0	2177073	23	4.3
1527694735.88	4300	15.670873	0.0	2160877	19	4.3
1527694736.0	4300	19.551806	0.0	2233056	9	4.3
1527694736.13	4300	23.426414	0.0	1941625	15	4.3
1527694736.27	4300	27.282648	0.0	2157535	19	4.3
1527694736.41	4300	31.148372	0.0	2290172	22	4.3
1527694736.55	4300	35.000779	0.0	2055469	23	4.3
1527694736.69	4300	38.863126	0.0	2169201	16	4.3
1527694736.83	4300	42.722554	0.0	2173522	23	4.3
1527694736.95	4300	46.600266	0.0	2102452	13	4.3
1527694737.1	4300	50.456756	0.0	2209463	25	4.3
1527694737.25	4300	54.310114	0.0	2275376	27	4.3
1527694737.39	4300	58.164264	0.0	2005399	23	4.3
1527694740.04	4300	59.749348	0.0	2152483	22	4.3
1527694743.69	4300	59.998888	0.0	2289689	25	4.3
1527694747.85	4300	59.749544	0.0	2059512	23	4.3
1527694752.01	4300	59.748427	0.0	2220726	23	4.3
1527694755.67	4300	59.999128	0.0	2156729	28	4.3
1527694759.83	4300	59.749296	0.0	2039773	24	4.3
1527694763.98	4300	59.747822	0.0	2176469	18	4.3
1527694767.64	4300	59.998157	0.0	2221506	23	4.3
1527694771.8	4300	59.997806	0.0	2044075	24	4.3
1527694775.95	4300	59.749528	0.0	2186790	21	4.3
1527694779.61	4300	59.998676	0.0	2105231	23	4.3
1527694783.77	4300	59.998855	0.0	2395588	29	4.3
1527694787.89	4300	59.747588	0.0	1972048	7	4.3
1527694792.05	4300	59.748879	0.0	2134614	25	4.3
1527694795.7	4300	59.997858	0.0	2164140	22	4.3
1527694799.86	4300	59.749476	0.0	2113193	23	4.3
1527694804.02	4300	59.748614	0.0	2147852	25	4.3
1527694807.69	4300	59.999232	0.0	2191074	24	4.3
1527694811.85	4300	59.748706	0.0	2286761	27	4.3
1527694816.0	4300	59.74859	0.0	2307787	23	4.3
1527694819.66	4300	59.997701	0.0	2143948	24	4.3
1527694823.81	4300	59.748943	0.0	1919781	23	4.3
1527694827.97	4300	59.747845	0.0	2147467	21	4.3
1527694831.62	4300	59.998782	0.0	2133870	18	4.3
1527694835.77	4300	59.999137	0.0	2146120	20	4.3
1527694839.92	4300	59.749502	0.0	2108491	19	4.3
1527694843.57	4300	59.999176	0.0	2184571	26	4.3
1527694847.73	4300	59.999392	0.0	2121928	25	4.3
