1527720616.49	750	4	0.024	2354772	7	-0.10319999999999996
1527720616.63	4300	7.967506	0.0	2123065	20	0.75
1527720616.74	4300	11.852103	0.0	2177073	8	4.3
1527720616.89	4300	15.704008	0.0	2160877	31	4.3
1527720617.0	4300	19.586491	0.0	2233056	12	4.3
1527720617.13	4300	23.464571	0.0	1941625	11	4.3
1527720617.25	4300	27.340188	0.0	2157535	10	4.3
1527720617.37	4300	31.222625	0.0	2290172	12	4.3
1527720617.49	4300	35.097442	0.0	2055469	16	4.3
1527720617.61	4300	38.979502	0.0	2169201	10	4.3
1527720617.73	4300	42.861769	0.0	2173522	9	4.3
1527720617.88	4300	46.716052	0.0	2102452	25	4.3
1527720618.0	4300	50.593896	0.0	2209463	12	4.3
1527720618.16	4300	54.430665	0.0	2275376	26	4.3
1527720618.3	4300	58.28984	0.0	2005399	23	4.3
1527720620.96	4300	59.749418	0.0	2152483	26	4.3
1527720624.61	4300	59.998092	0.0	2289689	22	4.3
1527720628.76	4300	59.997901	0.0	2059512	25	4.3
1527720632.92	4300	59.749306	0.0	2220726	21	4.3
1527720637.08	4300	59.74926	0.0	2156729	24	4.3
1527720640.75	4300	59.997824	0.0	2039773	22	4.3
1527720644.91	4300	59.748698	0.0	2176469	23	4.3
1527720649.05	4300	59.749259	0.0	2221506	21	4.3
1527720652.71	4300	59.998134	0.0	2044075	33	4.3
1527720656.87	4300	59.749401	0.0	2186790	25	4.3
1527720661.02	4300	59.74802	0.0	2105231	18	4.3
1527720664.68	4300	59.998879	0.0	2395588	29	4.3
1527720668.84	4300	59.998762	0.0	1972048	22	4.3
1527720673.01	4300	59.74923	0.0	2134614	25	4.3
1527720676.67	4300	59.999147	0.0	2164140	24	4.3
1527720680.82	4300	59.99922	0.0	2113193	19	4.3
1527720684.98	4300	59.749329	0.0	2147852	26	4.3
1527720688.63	4300	59.998375	0.0	2191074	14	4.3
1527720692.79	4300	59.998681	0.0	2286761	27	4.3
1527720696.94	4300	59.749357	0.0	2307787	19	4.3
1527720700.62	4300	59.998904	0.0	2143948	26	4.3
1527720704.78	4300	59.997934	0.0	1919781	23	4.3
1527720708.93	4300	59.747583	0.0	2147467	22	4.3
1527720713.08	4300	59.749484	0.0	2133870	18	4.3
1527720716.74	4300	59.999137	0.0	2146120	22	4.3
1527720720.88	4300	59.749267	0.0	2108491	18	4.3
1527720725.04	4300	59.749144	0.0	2184571	24	4.3
1527720728.7	4300	59.998946	0.0	2121928	26	4.3
1527720732.87	4300	59.747947	0.0	2219102	26	4.3
1527720737.02	4300	59.749264	0.0	2124950	20	4.3
1527720740.67	4300	59.998855	0.0	2246506	24	4.3
1527720744.8	4300	59.999478	0.0	1961140	23	4.3
1527720748.93	4300	59.748683	0.0	2155012	21	4.3
1527720750.54	4300	59.928459	0.0	1433658	17	4.3

1527720750.76	750	4	0.012	668286	2	-0.05159999999999998
1527720750.91	4300	7.953071	0.0	2123065	15	0.75
1527720751.06	4300	11.810496	0.0	2177073	27	4.3
1527720751.2	4300	15.664945	0.0	2160877	21	4.3
1527720751.34	4300	19.52154	0.0	2233056	13	4.3
1527720751.48	4300	23.387882	0.0	1941625	19	4.3
1527720751.6	4300	27.264108	0.0	2157535	14	4.3
1527720751.73	4300	31.136172	0.0	2290172	16	4.3
1527720751.86	4300	34.999786	0.0	2055469	23	4.3
1527720752.04	4300	38.855909	0.0	2169201	26	4.3
1527720752.16	4300	42.707627	0.0	2173522	11	4.3
1527720752.27	4300	46.59284	0.0	2102452	7	4.3
1527720752.38	4300	50.482654	0.0	2209463	8	4.3
1527720752.53	4300	54.366681	0.0	2275376	8	4.3
1527720752.7	4300	58.167048	0.0	2005399	20	4.3
1527720755.34	4300	59.749282	0.0	2152483	17	4.3
1527720759.03	4300	59.998193	0.0	2289689	28	4.3
1527720763.19	4300	59.749492	0.0	2059512	18	4.3
1527720767.34	4300	59.74958	0.0	2220726	25	4.3
1527720771.0	4300	59.999483	0.0	2156729	27	4.3
1527720775.17	4300	59.749273	0.0	2039773	21	4.3
1527720779.33	4300	59.749246	0.0	2176469	26	4.3
1527720782.98	4300	59.999391	0.0	2221506	23	4.3
1527720787.15	4300	59.749495	0.0	2044075	17	4.3
1527720791.31	4300	59.748831	0.0	2186790	24	4.3
1527720795.46	4300	59.499679	0.0	2105231	20	4.3
1527720799.11	4300	59.999265	0.0	2395588	29	4.3
1527720803.27	4300	59.748978	0.0	1972048	23	4.3
1527720806.92	4300	59.999069	0.0	2134614	22	4.3
1527720811.58	4300	59.498184	0.0	2164140	26	4.3
1527720815.22	4300	59.748349	0.0	2113193	13	4.3
1527720819.36	4300	59.749232	0.0	2147852	20	4.3
1527720823.0	4300	59.999007	0.0	2191074	18	4.3
1527720827.16	4300	59.749722	0.0	2286761	25	4.3
1527720831.31	4300	59.749307	0.0	2307787	22	4.3
1527720834.97	4300	59.999206	0.0	2143948	22	4.3
1527720839.12	4300	59.74887	0.0	1919781	21	4.3
1527720843.27	4300	59.749162	0.0	2147467	22	4.3
1527720847.43	4300	59.498065	0.0	2133870	19	4.3
1527720851.08	4300	59.998456	0.0	2146120	24	4.3
1527720855.23	4300	59.748456	0.0	2108491	24	4.3
1527720859.38	4300	59.4987	0.0	2184571	21	4.3
1527720863.02	4300	59.999197	0.0	2121928	19	4.3
1527720867.18	4300	59.749902	0.0	2219102	28	4.3
1527720871.33	4300	59.748519	0.0	2124950	21	4.3
1527720874.97	4300	59.998871	0.0	2246506	20	4.3
1527720879.11	4300	59.998056	0.0	1961140	24	4.3
1527720883.23	4300	59.749751	0.0	2155012	22	4.3
1527720884.84	4300	59.929478	0.0	1433658	17	4.3

1527720885.06	750	4	0.014	668286	2	-0.06020000000000003
1527720885.22	4300	7.946317	0.0	2123065	22	0.75
1527720885.35	4300	11.817202	0.0	2177073	15	4.3
1527720885.49	4300	15.677281	0.0	2160877	17	4.3
1527720885.62	4300	19.551966	0.0	2233056	11	4.3
1527720885.75	4300	23.427044	0.0	1941625	15	4.3
1527720885.88	4300	27.287524	0.0	2157535	17	4.3
1527720886.07	4300	31.11645	0.0	2290172	28	4.3
1527720886.19	4300	34.98422	0.0	2055469	10	4.3
1527720886.3	4300	38.86666	0.0	2169201	11	4.3
1527720886.45	4300	42.724895	0.0	2173522	26	4.3
1527720886.59	4300	46.57932	0.0	2102452	23	4.3
1527720886.73	4300	50.437293	0.0	2209463	19	4.3
1527720886.87	4300	54.30041	0.0	2275376	22	4.3
1527720886.99	4300	58.179772	0.0	2005399	10	4.3
1527720889.62	4300	59.747852	0.0	2152483	12	4.3
1527720893.26	4300	59.997498	0.0	2289689	23	4.3
1527720897.45	4300	59.998766	0.0	2059512	26	4.3
1527720901.63	4300	59.747708	0.0	2220726	27	4.3
1527720905.29	4300	59.997809	0.0	2156729	25	4.3
1527720909.45	4300	59.748481	0.0	2039773	24	4.3
1527720913.6	4300	59.749294	0.0	2176469	20	4.3
1527720917.28	4300	59.998757	0.0	2221506	27	4.3
1527720921.46	4300	59.748733	0.0	2044075	23	4.3
1527720925.62	4300	59.748415	0.0	2186790	26	4.3
1527720929.29	4300	59.9992	0.0	2105231	23	4.3
1527720933.45	4300	59.748563	0.0	2395588	31	4.3
1527720937.64	4300	59.748685	0.0	1972048	23	4.3
