1528307010.0	750	4	0.028	2354772	7	-0.12039999999999995
1528307010.09	4300	7.966952	0.0	2123065	17	0.75
1528307010.18	4300	11.8745	0.0	2177073	17	4.3
1528307010.28	4300	15.771492	0.0	2160877	26	4.3
1528307010.36	4300	19.694327	0.0	2233056	11	4.3
1528307010.45	4300	23.60347	0.0	1941625	19	4.3
1528307010.55	4300	27.503786	0.0	2157535	28	4.3
1528307010.65	4300	31.405353	0.0	2290172	29	4.3
1528307010.72	4300	35.332043	0.0	2055469	11	4.3
1528307010.82	4300	39.232328	0.0	2169201	28	4.3
1528307010.92	4300	43.134202	0.0	2173522	24	4.3
1528307011.01	4300	47.044316	0.0	2102452	25	4.3
1528307011.1	4300	50.949752	0.0	2209463	21	4.3
1528307011.21	4300	54.839387	0.0	2275376	22	4.3
1528307011.27	4300	58.777293	0.0	2005399	5	4.3
1528307014.37	4300	59.747448	0.0	2152483	20	4.3
1528307018.48	4300	59.748596	0.0	2289689	22	4.3
1528307022.09	4300	59.998543	0.0	2059512	22	4.3
1528307026.2	4300	59.998745	0.0	2220726	27	4.3
1528307030.31	4300	59.748532	0.0	2156729	26	4.3
1528307034.42	4300	59.748663	0.0	2039773	22	4.3
1528307038.54	4300	59.748489	0.0	2176469	25	4.3
1528307042.14	4300	59.998645	0.0	2221506	27	4.3
1528307046.27	4300	59.999388	0.0	2044075	23	4.3
1528307050.39	4300	59.748824	0.0	2186790	26	4.3
1528307054.5	4300	59.7485	0.0	2105231	23	4.3
1528307058.13	4300	59.998609	0.0	2395588	31	4.3
1528307062.23	4300	59.99851	0.0	1972048	24	4.3
1528307066.34	4300	59.747521	0.0	2134614	27	4.3
1528307070.46	4300	59.749202	0.0	2164140	24	4.3
1528307074.07	4300	59.999458	0.0	2113193	25	4.3
1528307078.17	4300	59.999296	0.0	2147852	22	4.3
1528307082.28	4300	59.998277	0.0	2191074	26	4.3
1528307086.39	4300	59.749435	0.0	2286761	27	4.3
1528307090.5	4300	59.748561	0.0	2307787	26	4.3
1528307094.11	4300	59.99925	0.0	2143948	25	4.3
1528307098.21	4300	59.997663	0.0	1919781	22	4.3
1528307102.32	4300	59.748976	0.0	2147467	23	4.3
1528307106.43	4300	59.747565	0.0	2133870	23	4.3
1528307110.53	4300	59.748568	0.0	2146120	13	4.3
1528307114.13	4300	59.998614	0.0	2108491	19	4.3
1528307118.25	4300	59.998873	0.0	2184571	24	4.3
1528307122.36	4300	59.749221	0.0	2121928	26	4.3
1528307126.47	4300	59.747959	0.0	2219102	24	4.3
1528307130.08	4300	59.998037	0.0	2124950	24	4.3
1528307134.24	4300	59.999193	0.0	2246506	25	4.3
1528307138.35	4300	59.749316	0.0	1961140	24	4.3
1528307142.51	4300	59.749408	0.0	2155012	25	4.3
1528307144.13	4300	59.677683	0.0	1433658	15	4.3

1528307144.37	750	4	0.026	2354772	6	-0.11180000000000001
1528307144.44	4300	7.978588	0.0	2123065	12	0.75
1528307144.54	4300	11.883726	0.0	2177073	25	4.3
1528307144.63	4300	15.793649	0.0	2160877	26	4.3
1528307144.72	4300	19.699674	0.0	2233056	30	4.3
1528307144.81	4300	23.613366	0.0	1941625	24	4.3
1528307144.9	4300	27.516638	0.0	2157535	23	4.3
1528307144.99	4300	31.429989	0.0	2290172	23	4.3
1528307145.08	4300	35.339418	0.0	2055469	23	4.3
1528307145.16	4300	39.267325	0.0	2169201	13	4.3
1528307145.25	4300	43.164062	0.0	2173522	25	4.3
1528307145.33	4300	47.092547	0.0	2102452	13	4.3
1528307145.44	4300	50.982334	0.0	2209463	25	4.3
1528307145.52	4300	54.899521	0.0	2275376	17	4.3
1528307145.62	4300	58.804491	0.0	2005399	28	4.3
1528307148.72	4300	59.749409	0.0	2152483	25	4.3
1528307152.83	4300	59.749538	0.0	2289689	22	4.3
1528307156.42	4300	59.998795	0.0	2059512	19	4.3
1528307161.03	4300	59.499043	0.0	2220726	22	4.3
1528307164.64	4300	59.998666	0.0	2156729	25	4.3
1528307168.74	4300	59.747671	0.0	2039773	23	4.3
1528307172.85	4300	59.74868	0.0	2176469	26	4.3
1528307176.96	4300	59.4995	0.0	2221506	26	4.3
1528307181.07	4300	59.498703	0.0	2044075	25	4.3
1528307184.68	4300	59.749405	0.0	2186790	27	4.3
1528307188.79	4300	59.749512	0.0	2105231	22	4.3
1528307192.89	4300	59.748885	0.0	2395588	26	4.3
1528307196.47	4300	59.998349	0.0	1972048	10	4.3
1528307200.58	4300	59.99899	0.0	2134614	20	4.3
1528307204.69	4300	59.749391	0.0	2164140	23	4.3
1528307208.79	4300	59.749537	0.0	2113193	25	4.3
1528307212.9	4300	59.748227	0.0	2147852	25	4.3
1528307217.01	4300	59.499479	0.0	2191074	25	4.3
1528307220.62	4300	59.998826	0.0	2286761	25	4.3
1528307224.82	4300	59.748937	0.0	2307787	25	4.3
1528307228.92	4300	59.749233	0.0	2143948	25	4.3
1528307232.59	4300	59.999328	0.0	1919781	22	4.3
1528307236.69	4300	59.749518	0.0	2147467	25	4.3
1528307240.81	4300	59.747889	0.0	2133870	25	4.3
1528307244.89	4300	59.748307	0.0	2146120	9	4.3
1528307248.49	4300	59.998568	0.0	2108491	25	4.3
1528307252.6	4300	59.999322	0.0	2184571	26	4.3
1528307256.71	4300	59.749608	0.0	2121928	24	4.3
1528307260.81	4300	59.749373	0.0	2219102	28	4.3
1528307264.92	4300	59.677201	0.0	2124950	22	4.3
1528307268.53	4300	59.999096	0.0	2246506	28	4.3
1528307272.63	4300	59.99843	0.0	1961140	23	4.3
1528307276.74	4300	59.748698	0.0	2155012	27	4.3
1528307278.34	4300	59.929176	0.0	1433658	17	4.3

1528307278.58	750	4	0.029	2354772	7	-0.12470000000000003
1528307278.67	4300	7.9618	0.0	2123065	22	0.75
1528307278.76	4300	11.880026	0.0	2177073	15	4.3
1528307278.82	4300	15.814787	0.0	2160877	6	4.3
1528307278.9	4300	19.730533	0.0	2233056	15	4.3
1528307279.0	4300	23.634056	0.0	1941625	24	4.3
1528307279.1	4300	27.534645	0.0	2157535	18	4.3
1528307279.19	4300	31.442648	0.0	2290172	20	4.3
1528307279.28	4300	35.351995	0.0	2055469	19	4.3
1528307279.39	4300	39.246764	0.0	2169201	27	4.3
1528307279.46	4300	43.169907	0.0	2173522	11	4.3
1528307279.55	4300	47.081241	0.0	2102452	18	4.3
1528307279.66	4300	50.973911	0.0	2209463	27	4.3
1528307279.75	4300	54.882003	0.0	2275376	28	4.3
1528307279.84	4300	58.792465	0.0	2005399	23	4.3
1528307282.93	4300	59.749216	0.0	2152483	14	4.3
1528307287.04	4300	59.748332	0.0	2289689	24	4.3
1528307290.64	4300	59.998224	0.0	2059512	26	4.3
1528307294.75	4300	59.99863	0.0	2220726	24	4.3
1528307298.86	4300	59.99929	0.0	2156729	22	4.3
1528307302.96	4300	59.747721	0.0	2039773	22	4.3
1528307307.07	4300	59.749072	0.0	2176469	25	4.3
1528307311.23	4300	59.498646	0.0	2221506	27	4.3
1528307314.83	4300	59.999192	0.0	2044075	18	4.3
1528307318.93	4300	59.74897	0.0	2186790	19	4.3
1528307323.04	4300	59.7482	0.0	2105231	24	4.3
1528307326.65	4300	59.99874	0.0	2395588	28	4.3
