1527682982.57	750	4	0.024	2354772	9	-0.10319999999999996
1527682982.72	4300	7.959058	0.0	2123065	24	0.75
1527682982.87	4300	11.808478	0.0	2177073	27	4.3
1527682983.01	4300	15.658716	0.0	2160877	29	4.3
1527682983.17	4300	19.507494	0.0	2233056	28	4.3
1527682983.31	4300	23.363656	0.0	1941625	24	4.3
1527682983.46	4300	27.210223	0.0	2157535	26	4.3
1527682983.61	4300	31.061526	0.0	2290172	27	4.3
1527682983.76	4300	34.914496	0.0	2055469	25	4.3
1527682983.91	4300	38.762692	0.0	2169201	27	4.3
1527682984.06	4300	42.612109	0.0	2173522	27	4.3
1527682984.21	4300	46.461662	0.0	2102452	24	4.3
1527682984.36	4300	50.31058	0.0	2209463	27	4.3
1527682984.53	4300	54.145786	0.0	2275376	25	4.3
1527682984.67	4300	58.005592	0.0	2005399	22	4.3
1527682986.82	4300	59.997526	0.0	2152483	25	4.3
1527682990.99	4300	59.747649	0.0	2289689	26	4.3
1527682995.16	4300	59.74954	0.0	2059512	24	4.3
1527682998.81	4300	59.999302	0.0	2220726	22	4.3
1527683002.97	4300	59.748576	0.0	2156729	21	4.3
1527683007.17	4300	59.749477	0.0	2039773	24	4.3
1527683010.83	4300	59.99854	0.0	2176469	23	4.3
1527683014.99	4300	59.74777	0.0	2221506	25	4.3
1527683019.15	4300	59.749634	0.0	2044075	23	4.3
1527683022.81	4300	59.998367	0.0	2186790	20	4.3
1527683026.96	4300	59.749258	0.0	2105231	24	4.3
1527683031.12	4300	59.749045	0.0	2395588	27	4.3
1527683034.77	4300	59.998012	0.0	1972048	20	4.3
1527683038.93	4300	59.999281	0.0	2134614	26	4.3
1527683043.1	4300	59.747645	0.0	2164140	39	4.3
1527683046.75	4300	59.998652	0.0	2113193	20	4.3
1527683050.93	4300	59.749543	0.0	2147852	24	4.3
1527683055.09	4300	59.74805	0.0	2191074	25	4.3
1527683058.75	4300	59.997744	0.0	2286761	22	4.3
1527683062.93	4300	59.748076	0.0	2307787	27	4.3
1527683067.08	4300	59.749021	0.0	2143948	18	4.3
1527683070.74	4300	59.99907	0.0	1919781	23	4.3
1527683074.89	4300	59.999021	0.0	2147467	25	4.3
1527683079.07	4300	59.749	0.0	2133870	39	4.3
1527683082.74	4300	59.998079	0.0	2146120	24	4.3
1527683086.92	4300	59.998691	0.0	2108491	20	4.3
1527683091.07	4300	59.748674	0.0	2184571	24	4.3
1527683094.72	4300	59.998722	0.0	2121928	18	4.3
1527683098.9	4300	59.997834	0.0	2219102	21	4.3
1527683103.06	4300	59.748797	0.0	2124950	25	4.3
1527683106.74	4300	59.999062	0.0	2246506	26	4.3
1527683110.89	4300	59.999315	0.0	1961140	24	4.3
1527683115.02	4300	59.748565	0.0	2155012	18	4.3
1527683116.63	4300	59.928422	0.0	1433658	16	4.3

1527683116.85	750	4	0.016	668286	2	-0.06879999999999997
1527683117.01	4300	7.955187	0.0	2123065	16	0.75
1527683117.15	4300	11.810932	0.0	2177073	24	4.3
1527683117.3	4300	15.664793	0.0	2160877	21	4.3
1527683117.44	4300	19.518842	0.0	2233056	20	4.3
1527683117.58	4300	23.382658	0.0	1941625	18	4.3
1527683117.75	4300	27.21838	0.0	2157535	28	4.3
1527683117.89	4300	31.068791	0.0	2290172	27	4.3
1527683118.04	4300	34.920103	0.0	2055469	25	4.3
1527683118.19	4300	38.768317	0.0	2169201	25	4.3
1527683118.34	4300	42.619414	0.0	2173522	26	4.3
1527683118.49	4300	46.468969	0.0	2102452	26	4.3
1527683118.65	4300	50.31609	0.0	2209463	25	4.3
1527683118.78	4300	54.179907	0.0	2275376	17	4.3
1527683118.94	4300	58.020299	0.0	2005399	24	4.3
1527683121.15	4300	59.999024	0.0	2152483	9	4.3
1527683125.3	4300	59.748555	0.0	2289689	25	4.3
1527683129.47	4300	59.497387	0.0	2059512	25	4.3
1527683133.12	4300	59.999236	0.0	2220726	21	4.3
1527683137.27	4300	59.747623	0.0	2156729	25	4.3
1527683141.43	4300	59.749065	0.0	2039773	24	4.3
1527683145.08	4300	59.998426	0.0	2176469	22	4.3
1527683149.25	4300	59.74882	0.0	2221506	25	4.3
1527683153.41	4300	59.747906	0.0	2044075	24	4.3
1527683157.06	4300	59.997984	0.0	2186790	19	4.3
1527683161.22	4300	59.748536	0.0	2105231	24	4.3
1527683165.35	4300	59.748397	0.0	2395588	10	4.3
1527683169.0	4300	59.998423	0.0	1972048	19	4.3
1527683173.15	4300	59.998505	0.0	2134614	23	4.3
1527683177.3	4300	59.748889	0.0	2164140	19	4.3
1527683181.47	4300	59.74823	0.0	2113193	23	4.3
1527683185.13	4300	59.998593	0.0	2147852	27	4.3
1527683189.29	4300	59.74905	0.0	2191074	25	4.3
1527683193.44	4300	59.748377	0.0	2286761	22	4.3
1527683197.09	4300	59.998561	0.0	2307787	20	4.3
1527683201.24	4300	59.747949	0.0	2143948	23	4.3
1527683205.42	4300	59.747424	0.0	1919781	22	4.3
1527683209.08	4300	59.999195	0.0	2147467	23	4.3
1527683213.23	4300	59.747459	0.0	2133870	24	4.3
1527683217.38	4300	59.748614	0.0	2146120	19	4.3
1527683221.04	4300	59.998944	0.0	2108491	24	4.3
1527683225.2	4300	59.998472	0.0	2184571	26	4.3
1527683229.35	4300	59.748569	0.0	2121928	21	4.3
1527683233.01	4300	59.998995	0.0	2219102	26	4.3
1527683237.17	4300	59.99741	0.0	2124950	24	4.3
1527683241.32	4300	59.746847	0.0	2246506	20	4.3
1527683244.99	4300	59.999096	0.0	1961140	21	4.3
1527683249.12	4300	59.998341	0.0	2155012	21	4.3
1527683250.74	4300	59.928536	0.0	1433658	18	4.3

1527683250.97	750	4	0.016	668286	2	-0.06879999999999997
1527683251.14	4300	7.951102	0.0	2123065	17	0.75
1527683251.29	4300	11.809252	0.0	2177073	23	4.3
1527683251.44	4300	15.653593	0.0	2160877	25	4.3
1527683251.58	4300	19.511731	0.0	2233056	25	4.3
1527683251.73	4300	23.367173	0.0	1941625	23	4.3
1527683251.88	4300	27.218399	0.0	2157535	27	4.3
1527683252.02	4300	31.079744	0.0	2290172	19	4.3
1527683252.16	4300	34.940225	0.0	2055469	21	4.3
1527683252.3	4300	38.795294	0.0	2169201	27	4.3
1527683252.45	4300	42.646732	0.0	2173522	25	4.3
1527683252.6	4300	46.496866	0.0	2102452	24	4.3
1527683252.75	4300	50.347471	0.0	2209463	26	4.3
1527683252.9	4300	54.196612	0.0	2275376	26	4.3
1527683253.05	4300	58.049627	0.0	2005399	22	4.3
1527683255.2	4300	59.999272	0.0	2152483	10	4.3
