1527770838.75	750	4	0.026	2354772	9	-0.11180000000000001
1527770838.87	4300	7.966937	0.0	2123065	17	0.75
1527770838.96	4300	11.874781	0.0	2177073	21	4.3
1527770839.04	4300	15.79169	0.0	2160877	15	4.3
1527770839.12	4300	19.707068	0.0	2233056	15	4.3
1527770839.19	4300	23.640354	0.0	1941625	8	4.3
1527770839.26	4300	27.572657	0.0	2157535	9	4.3
1527770839.33	4300	31.503598	0.0	2290172	9	4.3
1527770839.4	4300	35.436927	0.0	2055469	10	4.3
1527770839.47	4300	39.364306	0.0	2169201	9	4.3
1527770839.53	4300	43.297508	0.0	2173522	8	4.3
1527770839.6	4300	47.230588	0.0	2102452	7	4.3
1527770839.67	4300	51.162993	0.0	2209463	8	4.3
1527770839.75	4300	55.080954	0.0	2275376	9	4.3
1527770839.81	4300	59.018825	0.0	2005399	7	4.3
1527770842.92	4300	59.999002	0.0	2152483	20	4.3
1527770847.02	4300	59.99932	0.0	2289689	18	4.3
1527770851.13	4300	59.748829	0.0	2059512	19	4.3
1527770855.24	4300	59.748435	0.0	2220726	22	4.3
1527770858.85	4300	59.998096	0.0	2156729	22	4.3
1527770862.95	4300	59.997979	0.0	2039773	15	4.3
1527770867.06	4300	59.999423	0.0	2176469	24	4.3
1527770871.16	4300	59.749113	0.0	2221506	21	4.3
1527770875.28	4300	59.748316	0.0	2044075	22	4.3
1527770878.88	4300	59.999212	0.0	2186790	21	4.3
1527770882.98	4300	59.99784	0.0	2105231	19	4.3
1527770887.06	4300	59.99861	0.0	2395588	8	4.3
1527770891.19	4300	59.748852	0.0	1972048	32	4.3
1527770895.31	4300	59.749373	0.0	2134614	19	4.3
1527770898.92	4300	59.966371	0.0	2164140	23	4.3
1527770903.02	4300	59.999019	0.0	2113193	23	4.3
1527770907.13	4300	59.749071	0.0	2147852	26	4.3
1527770911.24	4300	59.749352	0.0	2191074	24	4.3
1527770914.85	4300	59.998871	0.0	2286761	26	4.3
1527770918.95	4300	59.998309	0.0	2307787	24	4.3
1527770923.06	4300	59.99895	0.0	2143948	25	4.3
1527770927.17	4300	59.747786	0.0	1919781	21	4.3
1527770931.26	4300	59.747924	0.0	2147467	12	4.3
1527770934.87	4300	59.999303	0.0	2133870	24	4.3
1527770938.98	4300	59.998745	0.0	2146120	18	4.3
1527770943.08	4300	59.999486	0.0	2108491	17	4.3
1527770947.19	4300	59.749283	0.0	2184571	20	4.3
1527770951.29	4300	59.749106	0.0	2121928	21	4.3
1527770954.9	4300	59.997705	0.0	2219102	24	4.3
1527770959.0	4300	59.998995	0.0	2124950	24	4.3
1527770963.11	4300	59.749624	0.0	2246506	25	4.3
1527770967.22	4300	59.749501	0.0	1961140	21	4.3
1527770971.34	4300	59.749473	0.0	2155012	10	4.3
1527770972.93	4300	59.679017	0.0	1433658	18	4.3

1527770973.11	750	4	0.019	668286	3	-0.0817
1527770973.2	4300	7.965298	0.0	2123065	7	0.75
1527770973.26	4300	11.899869	0.0	2177073	8	4.3
1527770973.33	4300	15.836662	0.0	2160877	7	4.3
1527770973.39	4300	19.77429	0.0	2233056	8	4.3
1527770973.45	4300	23.71076	0.0	1941625	7	4.3
1527770973.52	4300	27.646264	0.0	2157535	7	4.3
1527770973.58	4300	31.580986	0.0	2290172	7	4.3
1527770973.67	4300	35.4939	0.0	2055469	17	4.3
1527770973.74	4300	39.419124	0.0	2169201	11	4.3
1527770973.82	4300	43.348592	0.0	2173522	11	4.3
1527770973.88	4300	47.284589	0.0	2102452	7	4.3
1527770973.95	4300	51.2187	0.0	2209463	7	4.3
1527770974.01	4300	55.15465	0.0	2275376	7	4.3
1527770974.08	4300	59.080324	0.0	2005399	16	4.3
1527770977.17	4300	59.999348	0.0	2152483	16	4.3
1527770981.26	4300	59.998977	0.0	2289689	13	4.3
1527770985.37	4300	59.999456	0.0	2059512	23	4.3
1527770989.49	4300	59.749514	0.0	2220726	20	4.3
1527770993.59	4300	59.74937	0.0	2156729	24	4.3
1527770997.2	4300	59.998282	0.0	2039773	23	4.3
1527771001.3	4300	59.998118	0.0	2176469	24	4.3
1527771005.91	4300	59.499082	0.0	2221506	25	4.3
1527771009.52	4300	59.749656	0.0	2044075	23	4.3
1527771013.63	4300	59.748414	0.0	2186790	25	4.3
1527771017.24	4300	59.997868	0.0	2105231	22	4.3
1527771021.35	4300	59.998677	0.0	2395588	22	4.3
1527771025.45	4300	59.749193	0.0	1972048	20	4.3
1527771029.56	4300	59.749242	0.0	2134614	25	4.3
1527771033.17	4300	59.99944	0.0	2164140	24	4.3
1527771037.78	4300	59.499386	0.0	2113193	22	4.3
1527771041.88	4300	59.499489	0.0	2147852	17	4.3
1527771045.48	4300	59.749543	0.0	2191074	19	4.3
1527771049.58	4300	59.749441	0.0	2286761	21	4.3
1527771053.18	4300	59.999499	0.0	2307787	24	4.3
1527771057.31	4300	59.998364	0.0	2143948	22	4.3
1527771061.42	4300	59.749366	0.0	1919781	21	4.3
1527771065.51	4300	59.748112	0.0	2147467	13	4.3
1527771069.61	4300	59.747886	0.0	2133870	23	4.3
1527771073.22	4300	59.997874	0.0	2146120	24	4.3
1527771077.32	4300	59.998191	0.0	2108491	25	4.3
1527771081.43	4300	59.749531	0.0	2184571	23	4.3
1527771085.54	4300	59.74967	0.0	2121928	24	4.3
1527771089.66	4300	59.748339	0.0	2219102	26	4.3
1527771093.26	4300	59.999457	0.0	2124950	24	4.3
1527771097.37	4300	59.998758	0.0	2246506	23	4.3
1527771101.47	4300	59.748302	0.0	1961140	15	4.3
1527771105.56	4300	59.749474	0.0	2155012	8	4.3
1527771107.15	4300	59.928704	0.0	1433658	16	4.3

1527771107.36	750	4	0.014	668286	2	-0.06020000000000003
1527771107.44	4300	7.978455	0.0	2123065	8	0.75
1527771107.53	4300	11.880798	0.0	2177073	22	4.3
1527771107.61	4300	15.80901	0.0	2160877	9	4.3
1527771107.68	4300	19.73362	0.0	2233056	13	4.3
1527771107.76	4300	23.659982	0.0	1941625	9	4.3
1527771107.84	4300	27.581228	0.0	2157535	10	4.3
1527771107.9	4300	31.513792	0.0	2290172	7	4.3
1527771107.96	4300	35.45071	0.0	2055469	6	4.3
1527771108.05	4300	39.367263	0.0	2169201	17	4.3
1527771108.12	4300	43.296423	0.0	2173522	11	4.3
1527771108.19	4300	47.225541	0.0	2102452	9	4.3
1527771108.25	4300	51.162162	0.0	2209463	7	4.3
1527771108.31	4300	55.099342	0.0	2275376	7	4.3
1527771108.38	4300	59.037971	0.0	2005399	7	4.3
1527771111.45	4300	59.999142	0.0	2152483	7	4.3
1527771115.55	4300	59.998858	0.0	2289689	21	4.3
1527771119.65	4300	59.998712	0.0	2059512	21	4.3
1527771123.76	4300	59.748347	0.0	2220726	25	4.3
1527771127.87	4300	59.748759	0.0	2156729	24	4.3
1527771131.48	4300	59.997975	0.0	2039773	21	4.3
1527771135.59	4300	59.999014	0.0	2176469	26	4.3
1527771139.7	4300	59.74932	0.0	2221506	26	4.3
1527771143.8	4300	59.748706	0.0	2044075	24	4.3
1527771148.02	4300	59.749388	0.0	2186790	23	4.3
1527771151.62	4300	59.998999	0.0	2105231	20	4.3
1527771155.73	4300	59.749209	0.0	2395588	22	4.3
1527771159.83	4300	59.747822	0.0	1972048	20	4.3
1527771163.43	4300	59.999263	0.0	2134614	25	4.3
1527771167.54	4300	59.998768	0.0	2164140	22	4.3
1527771171.64	4300	59.99877	0.0	2113193	22	4.3
1527771175.75	4300	59.749156	0.0	2147852	24	4.3
