1527639446.73	750	4	0.013	450283	1	-0.05589999999999995
1527639446.89	4300	7.955115	0.0	2123065	18	0.75
1527639447.03	4300	11.809175	0.0	2177073	23	4.3
1527639447.18	4300	15.663958	0.0	2160877	23	4.3
1527639447.33	4300	19.515087	0.0	2233056	27	4.3
1527639447.48	4300	23.36431	0.0	1941625	24	4.3
1527639447.62	4300	27.218573	0.0	2157535	26	4.3
1527639447.81	4300	31.036766	0.0	2290172	26	4.3
1527639447.96	4300	34.880176	0.0	2055469	20	4.3
1527639448.1	4300	38.736806	0.0	2169201	24	4.3
1527639448.26	4300	42.587959	0.0	2173522	24	4.3
1527639448.41	4300	46.437503	0.0	2102452	24	4.3
1527639448.56	4300	50.288027	0.0	2209463	27	4.3
1527639448.71	4300	54.137012	0.0	2275376	25	4.3
1527639448.87	4300	57.976672	0.0	2005399	23	4.3
1527639451.02	4300	59.999294	0.0	2152483	24	4.3
1527639455.18	4300	59.748621	0.0	2289689	26	4.3
1527639459.33	4300	59.749121	0.0	2059512	19	4.3
1527639462.99	4300	59.999438	0.0	2220726	25	4.3
1527639467.15	4300	59.748428	0.0	2156729	25	4.3
1527639471.3	4300	59.748691	0.0	2039773	19	4.3
1527639474.95	4300	59.998839	0.0	2176469	24	4.3
1527639479.11	4300	59.748391	0.0	2221506	28	4.3
1527639483.27	4300	59.74843	0.0	2044075	22	4.3
1527639486.93	4300	59.998359	0.0	2186790	25	4.3
1527639491.59	4300	59.498708	0.0	2105231	25	4.3
1527639495.25	4300	59.748334	0.0	2395588	26	4.3
1527639498.9	4300	59.999224	0.0	1972048	24	4.3
1527639503.09	4300	59.999393	0.0	2134614	25	4.3
1527639507.24	4300	59.748961	0.0	2164140	21	4.3
1527639510.9	4300	59.997864	0.0	2113193	25	4.3
1527639515.56	4300	59.499496	0.0	2147852	26	4.3
1527639519.21	4300	59.748182	0.0	2191074	22	4.3
1527639522.88	4300	59.999254	0.0	2286761	26	4.3
1527639527.54	4300	59.498659	0.0	2307787	25	4.3
1527639531.19	4300	59.749266	0.0	2143948	21	4.3
1527639535.34	4300	59.749583	0.0	1919781	23	4.3
1527639538.99	4300	59.998217	0.0	2147467	20	4.3
1527639543.15	4300	59.749216	0.0	2133870	22	4.3
1527639547.3	4300	59.749377	0.0	2146120	23	4.3
1527639551.46	4300	59.49818	0.0	2108491	22	4.3
1527639555.12	4300	59.747852	0.0	2184571	24	4.3
1527639559.28	4300	59.747655	0.0	2121928	24	4.3
1527639562.95	4300	59.999073	0.0	2219102	27	4.3
1527639567.1	4300	59.998717	0.0	2124950	18	4.3
1527639571.25	4300	59.747623	0.0	2246506	27	4.3
1527639574.89	4300	59.999001	0.0	1961140	23	4.3
1527639579.02	4300	59.999036	0.0	2155012	25	4.3
1527639580.63	4300	59.927758	0.0	1433658	18	4.3

1527639580.84	750	4	0.015	668286	3	-0.0645
1527639580.99	4300	7.955269	0.0	2123065	17	0.75
1527639581.13	4300	11.813647	0.0	2177073	25	4.3
1527639581.28	4300	15.66957	0.0	2160877	20	4.3
1527639581.42	4300	19.530071	0.0	2233056	13	4.3
1527639581.55	4300	23.396766	0.0	1941625	21	4.3
1527639581.7	4300	27.249797	0.0	2157535	25	4.3
1527639581.83	4300	31.116604	0.0	2290172	18	4.3
1527639581.99	4300	34.954	0.0	2055469	22	4.3
1527639582.13	4300	38.81759	0.0	2169201	21	4.3
1527639582.27	4300	42.676712	0.0	2173522	27	4.3
1527639582.42	4300	46.530497	0.0	2102452	24	4.3
1527639582.56	4300	50.382259	0.0	2209463	26	4.3
1527639582.71	4300	54.23322	0.0	2275376	28	4.3
1527639582.85	4300	58.098861	0.0	2005399	20	4.3
1527639585.51	4300	59.499215	0.0	2152483	9	4.3
1527639589.19	4300	59.997767	0.0	2289689	22	4.3
1527639593.34	4300	59.748797	0.0	2059512	21	4.3
1527639597.0	4300	59.998935	0.0	2220726	26	4.3
1527639601.16	4300	59.999485	0.0	2156729	23	4.3
1527639605.32	4300	59.748834	0.0	2039773	19	4.3
1527639608.98	4300	59.998843	0.0	2176469	26	4.3
1527639613.63	4300	59.499671	0.0	2221506	27	4.3
1527639617.3	4300	59.749049	0.0	2044075	23	4.3
1527639621.45	4300	59.748862	0.0	2186790	18	4.3
1527639625.11	4300	59.998241	0.0	2105231	25	4.3
1527639629.26	4300	59.748158	0.0	2395588	21	4.3
1527639633.42	4300	59.749033	0.0	1972048	22	4.3
1527639637.58	4300	59.499508	0.0	2134614	27	4.3
1527639641.23	4300	59.748396	0.0	2164140	21	4.3
1527639645.38	4300	59.749285	0.0	2113193	26	4.3
1527639649.03	4300	59.998973	0.0	2147852	21	4.3
1527639653.19	4300	59.998712	0.0	2191074	26	4.3
1527639657.36	4300	59.74972	0.0	2286761	25	4.3
1527639661.01	4300	59.999302	0.0	2307787	21	4.3
1527639665.66	4300	59.498831	0.0	2143948	21	4.3
1527639669.31	4300	59.749453	0.0	1919781	19	4.3
1527639672.97	4300	59.99893	0.0	2147467	25	4.3
1527639677.14	4300	59.998634	0.0	2133870	26	4.3
1527639681.27	4300	59.748164	0.0	2146120	9	4.3
1527639685.44	4300	59.749718	0.0	2108491	26	4.3
1527639689.2	4300	59.998792	0.0	2184571	21	4.3
1527639693.36	4300	59.748921	0.0	2121928	24	4.3
1527639697.03	4300	59.998335	0.0	2219102	26	4.3
1527639701.18	4300	59.998335	0.0	2124950	25	4.3
1527639705.33	4300	59.748359	0.0	2246506	22	4.3
1527639709.47	4300	59.498818	0.0	1961140	21	4.3
1527639713.1	4300	59.999085	0.0	2155012	24	4.3
1527639714.71	4300	59.929669	0.0	1433658	18	4.3

1527639714.95	750	4	0.014	668286	3	-0.06020000000000003
1527639715.1	4300	7.952136	0.0	2123065	14	0.75
1527639715.24	4300	11.814811	0.0	2177073	21	4.3
1527639715.39	4300	15.670129	0.0	2160877	22	4.3
1527639715.54	4300	19.516511	0.0	2233056	21	4.3
1527639715.69	4300	23.376201	0.0	1941625	23	4.3
1527639715.85	4300	27.213041	0.0	2157535	23	4.3
1527639716.01	4300	31.04646	0.0	2290172	24	4.3
1527639716.14	4300	34.91184	0.0	2055469	18	4.3
1527639716.29	4300	38.762391	0.0	2169201	26	4.3
1527639716.44	4300	42.61658	0.0	2173522	25	4.3
1527639716.59	4300	46.4729	0.0	2102452	25	4.3
1527639716.73	4300	50.322099	0.0	2209463	27	4.3
1527639716.88	4300	54.174812	0.0	2275376	25	4.3
1527639717.03	4300	58.025617	0.0	2005399	23	4.3
1527639719.19	4300	59.999323	0.0	2152483	13	4.3
1527639723.35	4300	59.749015	0.0	2289689	27	4.3
1527639727.5	4300	59.749283	0.0	2059512	20	4.3
1527639731.16	4300	59.999384	0.0	2220726	25	4.3
1527639735.32	4300	59.748474	0.0	2156729	24	4.3
1527639739.47	4300	59.749607	0.0	2039773	22	4.3
1527639743.14	4300	59.999329	0.0	2176469	23	4.3
1527639747.3	4300	59.997783	0.0	2221506	26	4.3
1527639751.45	4300	59.749036	0.0	2044075	20	4.3
1527639755.11	4300	59.999406	0.0	2186790	26	4.3
1527639759.27	4300	59.999131	0.0	2105231	24	4.3
1527639763.46	4300	59.748681	0.0	2395588	19	4.3
1527639767.11	4300	59.999342	0.0	1972048	20	4.3
1527639771.37	4300	59.998319	0.0	2134614	26	4.3
1527639775.53	4300	59.74913	0.0	2164140	26	4.3
