1527646164.39	750	4	0.024	2354772	9	-0.10319999999999996
1527646164.51	4300	7.965391	0.0	2123065	19	0.75
1527646164.62	4300	11.861281	0.0	2177073	26	4.3
1527646164.71	4300	15.767133	0.0	2160877	24	4.3
1527646164.81	4300	19.669839	0.0	2233056	24	4.3
1527646164.9	4300	23.581828	0.0	1941625	18	4.3
1527646164.99	4300	27.487705	0.0	2157535	21	4.3
1527646165.08	4300	31.399376	0.0	2290172	22	4.3
1527646165.17	4300	35.312322	0.0	2055469	17	4.3
1527646165.26	4300	39.220898	0.0	2169201	22	4.3
1527646165.35	4300	43.13286	0.0	2173522	22	4.3
1527646165.44	4300	47.042204	0.0	2102452	21	4.3
1527646165.53	4300	50.952533	0.0	2209463	22	4.3
1527646165.64	4300	54.84142	0.0	2275376	22	4.3
1527646165.71	4300	58.767283	0.0	2005399	11	4.3
1527646168.82	4300	59.748409	0.0	2152483	19	4.3
1527646172.93	4300	59.748895	0.0	2289689	26	4.3
1527646176.53	4300	59.998953	0.0	2059512	22	4.3
1527646180.65	4300	59.997738	0.0	2220726	24	4.3
1527646184.76	4300	59.748504	0.0	2156729	22	4.3
1527646188.86	4300	59.749008	0.0	2039773	19	4.3
1527646192.97	4300	59.748587	0.0	2176469	24	4.3
1527646196.62	4300	59.998435	0.0	2221506	26	4.3
1527646200.73	4300	59.7492	0.0	2044075	24	4.3
1527646204.84	4300	59.749171	0.0	2186790	25	4.3
1527646208.95	4300	59.74835	0.0	2105231	24	4.3
1527646212.57	4300	59.999099	0.0	2395588	31	4.3
1527646216.67	4300	59.998215	0.0	1972048	19	4.3
1527646220.78	4300	59.747958	0.0	2134614	20	4.3
1527646224.89	4300	59.711122	0.0	2164140	23	4.3
1527646228.49	4300	59.999444	0.0	2113193	23	4.3
1527646232.59	4300	59.99923	0.0	2147852	23	4.3
1527646236.71	4300	59.997906	0.0	2191074	23	4.3
1527646240.82	4300	59.749339	0.0	2286761	25	4.3
1527646244.93	4300	59.748474	0.0	2307787	26	4.3
1527646248.54	4300	59.999033	0.0	2143948	23	4.3
1527646252.64	4300	59.998468	0.0	1919781	19	4.3
1527646256.75	4300	59.748919	0.0	2147467	25	4.3
1527646260.86	4300	59.748524	0.0	2133870	23	4.3
1527646264.96	4300	59.748399	0.0	2146120	25	4.3
1527646268.58	4300	59.998106	0.0	2108491	21	4.3
1527646272.68	4300	59.998034	0.0	2184571	20	4.3
1527646276.8	4300	59.748447	0.0	2121928	21	4.3
1527646280.9	4300	59.749183	0.0	2219102	22	4.3
1527646284.51	4300	59.999054	0.0	2124950	24	4.3
1527646288.61	4300	59.998718	0.0	2246506	21	4.3
1527646292.71	4300	59.998848	0.0	1961140	22	4.3
1527646296.83	4300	59.749335	0.0	2155012	25	4.3
1527646298.42	4300	59.929151	0.0	1433658	15	4.3

1527646298.6	750	4	0.01	668286	2	-0.04300000000000004
1527646298.71	4300	7.954131	0.0	2123065	13	0.75
1527646298.81	4300	11.850199	0.0	2177073	24	4.3
1527646298.91	4300	15.754256	0.0	2160877	25	4.3
1527646299.0	4300	19.658069	0.0	2233056	24	4.3
1527646299.09	4300	23.568507	0.0	1941625	19	4.3
1527646299.19	4300	27.472975	0.0	2157535	21	4.3
1527646299.29	4300	31.36671	0.0	2290172	30	4.3
1527646299.37	4300	35.292983	0.0	2055469	11	4.3
1527646299.46	4300	39.203235	0.0	2169201	19	4.3
1527646299.56	4300	43.102457	0.0	2173522	24	4.3
1527646299.65	4300	47.006072	0.0	2102452	24	4.3
1527646299.74	4300	50.914119	0.0	2209463	25	4.3
1527646299.83	4300	54.825457	0.0	2275376	25	4.3
1527646299.92	4300	58.737062	0.0	2005399	24	4.3
1527646303.01	4300	59.748894	0.0	2152483	10	4.3
1527646307.12	4300	59.748971	0.0	2289689	24	4.3
1527646310.73	4300	59.99894	0.0	2059512	22	4.3
1527646314.84	4300	59.998959	0.0	2220726	24	4.3
1527646318.95	4300	59.748498	0.0	2156729	25	4.3
1527646323.06	4300	59.748998	0.0	2039773	17	4.3
1527646327.16	4300	59.750339	0.0	2176469	23	4.3
1527646330.77	4300	59.999268	0.0	2221506	25	4.3
1527646335.37	4300	59.499849	0.0	2044075	21	4.3
1527646338.97	4300	59.7494	0.0	2186790	17	4.3
1527646343.07	4300	59.750131	0.0	2105231	17	4.3
1527646347.18	4300	59.498669	0.0	2395588	19	4.3
1527646351.28	4300	59.499479	0.0	1972048	20	4.3
1527646355.39	4300	59.49887	0.0	2134614	26	4.3
1527646359.0	4300	59.74881	0.0	2164140	23	4.3
1527646363.1	4300	59.749836	0.0	2113193	19	4.3
1527646366.77	4300	59.999129	0.0	2147852	24	4.3
1527646371.38	4300	59.499766	0.0	2191074	19	4.3
1527646374.99	4300	59.749042	0.0	2286761	22	4.3
1527646379.1	4300	59.748875	0.0	2307787	21	4.3
1527646382.71	4300	59.999181	0.0	2143948	22	4.3
1527646387.32	4300	59.498883	0.0	1919781	19	4.3
1527646390.92	4300	59.750234	0.0	2147467	20	4.3
1527646395.04	4300	59.750197	0.0	2133870	22	4.3
1527646399.15	4300	59.748967	0.0	2146120	23	4.3
1527646402.76	4300	59.999499	0.0	2108491	24	4.3
1527646407.37	4300	59.499809	0.0	2184571	26	4.3
1527646410.97	4300	59.749859	0.0	2121928	16	4.3
1527646415.09	4300	59.748663	0.0	2219102	26	4.3
1527646419.19	4300	59.500244	0.0	2124950	25	4.3
1527646422.81	4300	59.998405	0.0	2246506	26	4.3
1527646426.91	4300	59.998807	0.0	1961140	21	4.3
1527646431.02	4300	59.749564	0.0	2155012	22	4.3
1527646432.61	4300	59.929371	0.0	1433658	16	4.3

1527646432.81	750	4	0.018	668286	4	-0.07740000000000002
1527646432.89	4300	7.980233	0.0	2123065	7	0.75
1527646432.98	4300	11.887038	0.0	2177073	24	4.3
1527646433.07	4300	15.792812	0.0	2160877	21	4.3
1527646433.17	4300	19.699551	0.0	2233056	21	4.3
1527646433.27	4300	23.595564	0.0	1941625	23	4.3
1527646433.36	4300	27.51114	0.0	2157535	16	4.3
1527646433.46	4300	31.409399	0.0	2290172	29	4.3
1527646433.52	4300	35.341489	0.0	2055469	8	4.3
1527646433.62	4300	39.251302	0.0	2169201	20	4.3
1527646433.7	4300	43.161685	0.0	2173522	18	4.3
1527646433.8	4300	47.067046	0.0	2102452	18	4.3
1527646433.86	4300	50.999347	0.0	2209463	7	4.3
1527646433.93	4300	54.934685	0.0	2275376	7	4.3
1527646434.0	4300	58.868605	0.0	2005399	5	4.3
1527646437.1	4300	59.998823	0.0	2152483	14	4.3
1527646441.22	4300	59.749208	0.0	2289689	25	4.3
1527646445.33	4300	59.749306	0.0	2059512	23	4.3
1527646448.94	4300	59.999184	0.0	2220726	27	4.3
1527646453.05	4300	59.999239	0.0	2156729	23	4.3
1527646457.15	4300	59.748889	0.0	2039773	24	4.3
1527646461.26	4300	59.749161	0.0	2176469	24	4.3
1527646465.37	4300	59.747985	0.0	2221506	26	4.3
1527646468.97	4300	59.999471	0.0	2044075	23	4.3
1527646473.08	4300	59.999274	0.0	2186790	23	4.3
1527646477.19	4300	59.748932	0.0	2105231	23	4.3
1527646481.31	4300	59.749302	0.0	2395588	25	4.3
1527646484.92	4300	59.997898	0.0	1972048	18	4.3
1527646489.02	4300	59.999121	0.0	2134614	19	4.3
1527646493.12	4300	59.749563	0.0	2164140	23	4.3
1527646497.23	4300	59.74913	0.0	2113193	22	4.3
1527646501.34	4300	59.748878	0.0	2147852	22	4.3
1527646504.95	4300	59.999018	0.0	2191074	25	4.3
1527646509.05	4300	59.998175	0.0	2286761	24	4.3
1527646513.17	4300	59.749566	0.0	2307787	27	4.3
1527646517.27	4300	59.749155	0.0	2143948	21	4.3
1527646520.88	4300	59.998214	0.0	1919781	21	4.3
1527646524.99	4300	59.998681	0.0	2147467	22	4.3
1527646529.1	4300	59.99897	0.0	2133870	20	4.3
1527646533.2	4300	59.749067	0.0	2146120	20	4.3
1527646537.31	4300	59.749635	0.0	2108491	22	4.3
1527646540.92	4300	59.998754	0.0	2184571	23	4.3
