1528234983.92	750	4	0.025	2354772	6	-0.10750000000000004
1528234984.06	4300	7.963983	0.0	2123065	22	0.75
1528234984.16	4300	11.873233	0.0	2177073	19	4.3
1528234984.25	4300	15.778311	0.0	2160877	21	4.3
1528234984.34	4300	19.687216	0.0	2233056	19	4.3
1528234984.43	4300	23.599581	0.0	1941625	17	4.3
1528234984.52	4300	27.511992	0.0	2157535	19	4.3
1528234984.61	4300	31.416912	0.0	2290172	22	4.3
1528234984.7	4300	35.331214	0.0	2055469	18	4.3
1528234984.79	4300	39.239327	0.0	2169201	21	4.3
1528234984.89	4300	43.132969	0.0	2173522	25	4.3
1528234984.99	4300	47.038089	0.0	2102452	24	4.3
1528234985.07	4300	50.956409	0.0	2209463	14	4.3
1528234985.18	4300	54.842811	0.0	2275376	25	4.3
1528234985.27	4300	58.759451	0.0	2005399	16	4.3
1528234988.37	4300	59.749306	0.0	2152483	20	4.3
1528234992.53	4300	59.747859	0.0	2289689	24	4.3
1528234996.17	4300	59.99925	0.0	2059512	18	4.3
1528235000.28	4300	59.747611	0.0	2220726	24	4.3
1528235004.39	4300	59.749217	0.0	2156729	24	4.3
1528235008.5	4300	59.748417	0.0	2039773	23	4.3
1528235012.13	4300	59.998779	0.0	2176469	25	4.3
1528235016.24	4300	59.997638	0.0	2221506	27	4.3
1528235020.35	4300	59.74855	0.0	2044075	23	4.3
1528235024.46	4300	59.748977	0.0	2186790	25	4.3
1528235028.07	4300	59.998695	0.0	2105231	23	4.3
1528235032.18	4300	59.998214	0.0	2395588	26	4.3
1528235036.29	4300	59.748778	0.0	1972048	23	4.3
1528235040.39	4300	59.748782	0.0	2134614	23	4.3
1528235044.51	4300	59.681379	0.0	2164140	25	4.3
1528235048.11	4300	59.998438	0.0	2113193	24	4.3
1528235052.21	4300	59.999337	0.0	2147852	21	4.3
1528235056.32	4300	59.74911	0.0	2191074	26	4.3
1528235060.44	4300	59.749485	0.0	2286761	24	4.3
1528235064.04	4300	59.998179	0.0	2307787	25	4.3
1528235068.19	4300	59.998668	0.0	2143948	23	4.3
1528235072.29	4300	59.74909	0.0	1919781	20	4.3
1528235076.4	4300	59.748246	0.0	2147467	23	4.3
1528235080.51	4300	59.749201	0.0	2133870	25	4.3
1528235084.1	4300	59.998879	0.0	2146120	12	4.3
1528235088.21	4300	59.99888	0.0	2108491	24	4.3
1528235092.32	4300	59.747871	0.0	2184571	23	4.3
1528235096.43	4300	59.747942	0.0	2121928	22	4.3
1528235100.04	4300	59.998943	0.0	2219102	25	4.3
1528235104.15	4300	59.999035	0.0	2124950	23	4.3
1528235108.26	4300	59.999439	0.0	2246506	23	4.3
1528235112.37	4300	59.748878	0.0	1961140	22	4.3
1528235116.46	4300	59.749142	0.0	2155012	12	4.3
1528235118.05	4300	59.679117	0.0	1433658	16	4.3

1528235118.24	750	4	0.019	668286	2	-0.0817
1528235118.35	4300	7.948976	0.0	2123065	21	0.75
1528235118.44	4300	11.858922	0.0	2177073	21	4.3
1528235118.51	4300	15.785735	0.0	2160877	12	4.3
1528235118.61	4300	19.682087	0.0	2233056	28	4.3
1528235118.68	4300	23.609969	0.0	1941625	11	4.3
1528235118.78	4300	27.517704	0.0	2157535	17	4.3
1528235118.87	4300	31.428862	0.0	2290172	18	4.3
1528235118.96	4300	35.340881	0.0	2055469	14	4.3
1528235119.06	4300	39.238769	0.0	2169201	23	4.3
1528235119.15	4300	43.142483	0.0	2173522	24	4.3
1528235119.23	4300	47.063674	0.0	2102452	14	4.3
1528235119.33	4300	50.965613	0.0	2209463	25	4.3
1528235119.4	4300	54.892033	0.0	2275376	12	4.3
1528235119.5	4300	58.794216	0.0	2005399	24	4.3
1528235122.63	4300	59.748642	0.0	2152483	24	4.3
1528235126.74	4300	59.749209	0.0	2289689	24	4.3
1528235130.35	4300	59.999039	0.0	2059512	22	4.3
1528235134.45	4300	59.999419	0.0	2220726	22	4.3
1528235138.55	4300	59.748342	0.0	2156729	24	4.3
1528235142.66	4300	59.749269	0.0	2039773	22	4.3
1528235146.78	4300	59.749498	0.0	2176469	26	4.3
1528235150.95	4300	59.498738	0.0	2221506	25	4.3
1528235154.58	4300	59.748963	0.0	2044075	23	4.3
1528235158.69	4300	59.74918	0.0	2186790	23	4.3
1528235162.88	4300	59.747674	0.0	2105231	23	4.3
1528235166.49	4300	59.99875	0.0	2395588	27	4.3
1528235170.6	4300	59.749318	0.0	1972048	22	4.3
1528235174.71	4300	59.749096	0.0	2134614	24	4.3
1528235178.31	4300	59.999434	0.0	2164140	24	4.3
1528235182.42	4300	59.999065	0.0	2113193	21	4.3
1528235186.53	4300	59.997789	0.0	2147852	24	4.3
1528235190.64	4300	59.748814	0.0	2191074	25	4.3
1528235194.75	4300	59.749621	0.0	2286761	25	4.3
1528235198.36	4300	59.999317	0.0	2307787	24	4.3
1528235202.46	4300	59.999258	0.0	2143948	20	4.3
1528235206.61	4300	59.999318	0.0	1919781	22	4.3
1528235210.76	4300	59.749517	0.0	2147467	24	4.3
1528235214.86	4300	59.499561	0.0	2133870	18	4.3
1528235218.46	4300	59.999298	0.0	2146120	20	4.3
1528235222.57	4300	59.747947	0.0	2108491	20	4.3
1528235226.67	4300	59.749517	0.0	2184571	21	4.3
1528235230.78	4300	59.747656	0.0	2121928	24	4.3
1528235234.39	4300	59.99896	0.0	2219102	24	4.3
1528235238.49	4300	59.997728	0.0	2124950	22	4.3
1528235242.6	4300	59.749604	0.0	2246506	25	4.3
1528235246.71	4300	59.74935	0.0	1961140	21	4.3
1528235250.8	4300	59.748608	0.0	2155012	12	4.3
1528235252.39	4300	59.678816	0.0	1433658	17	4.3

1528235252.57	750	4	0.014	668286	2	-0.06020000000000003
1528235252.68	4300	7.950615	0.0	2123065	18	0.75
1528235252.77	4300	11.859322	0.0	2177073	17	4.3
1528235252.84	4300	15.786282	0.0	2160877	9	4.3
1528235252.94	4300	19.692985	0.0	2233056	24	4.3
1528235253.03	4300	23.599928	0.0	1941625	16	4.3
1528235253.12	4300	27.510272	0.0	2157535	10	4.3
1528235253.23	4300	31.403456	0.0	2290172	32	4.3
1528235253.3	4300	35.332235	0.0	2055469	9	4.3
1528235253.39	4300	39.240026	0.0	2169201	21	4.3
1528235253.49	4300	43.135776	0.0	2173522	27	4.3
1528235253.57	4300	47.05967	0.0	2102452	12	4.3
1528235253.67	4300	50.967312	0.0	2209463	19	4.3
1528235253.78	4300	54.863864	0.0	2275376	25	4.3
1528235253.86	4300	58.774322	0.0	2005399	13	4.3
1528235256.95	4300	59.748034	0.0	2152483	14	4.3
1528235261.05	4300	59.748663	0.0	2289689	24	4.3
1528235264.66	4300	59.998889	0.0	2059512	22	4.3
1528235268.77	4300	59.998279	0.0	2220726	21	4.3
1528235272.87	4300	59.998031	0.0	2156729	23	4.3
1528235276.98	4300	59.748228	0.0	2039773	22	4.3
1528235281.1	4300	59.748568	0.0	2176469	25	4.3
1528235284.71	4300	59.99811	0.0	2221506	23	4.3
1528235288.82	4300	59.998989	0.0	2044075	22	4.3
1528235292.94	4300	59.748941	0.0	2186790	24	4.3
1528235297.05	4300	59.749003	0.0	2105231	23	4.3
1528235300.66	4300	59.998848	0.0	2395588	27	4.3
1528235305.31	4300	59.499146	0.0	1972048	20	4.3
1528235308.91	4300	59.748904	0.0	2134614	23	4.3
1528235313.02	4300	59.748686	0.0	2164140	22	4.3
1528235317.12	4300	59.749532	0.0	2113193	23	4.3
1528235320.85	4300	59.998611	0.0	2147852	22	4.3
1528235324.96	4300	59.748866	0.0	2191074	21	4.3
1528235329.06	4300	59.749538	0.0	2286761	23	4.3
1528235332.67	4300	59.998911	0.0	2307787	27	4.3
1528235337.28	4300	59.499415	0.0	2143948	21	4.3
1528235340.88	4300	59.999166	0.0	1919781	12	4.3
1528235344.99	4300	59.748935	0.0	2147467	24	4.3
