1527707057.9	750	4	0.015	450283	4	-0.0645
1527707058.0	4300	7.981239	0.0	2123065	7	0.75
1527707058.08	4300	11.897807	0.0	2177073	17	4.3
1527707058.16	4300	15.821599	0.0	2160877	11	4.3
1527707058.22	4300	19.75793	0.0	2233056	6	4.3
1527707058.31	4300	23.674873	0.0	1941625	14	4.3
1527707058.38	4300	27.605546	0.0	2157535	8	4.3
1527707058.45	4300	31.535324	0.0	2290172	9	4.3
1527707058.51	4300	35.468058	0.0	2055469	7	4.3
1527707058.59	4300	39.400245	0.0	2169201	9	4.3
1527707058.65	4300	43.330087	0.0	2173522	7	4.3
1527707058.71	4300	47.265047	0.0	2102452	8	4.3
1527707058.78	4300	51.201584	0.0	2209463	8	4.3
1527707058.85	4300	55.133552	0.0	2275376	7	4.3
1527707058.91	4300	59.068628	0.0	2005399	6	4.3
1527707062.0	4300	59.998779	0.0	2152483	8	4.3
1527707066.6	4300	59.498393	0.0	2289689	19	4.3
1527707070.2	4300	59.999405	0.0	2059512	21	4.3
1527707074.31	4300	59.749539	0.0	2220726	22	4.3
1527707078.42	4300	59.748006	0.0	2156729	23	4.3
1527707082.02	4300	59.999094	0.0	2039773	24	4.3
1527707086.13	4300	59.998903	0.0	2176469	21	4.3
1527707090.24	4300	59.749491	0.0	2221506	25	4.3
1527707094.35	4300	59.747606	0.0	2044075	21	4.3
1527707098.46	4300	59.749156	0.0	2186790	23	4.3
1527707102.06	4300	59.999433	0.0	2105231	23	4.3
1527707106.17	4300	59.998061	0.0	2395588	23	4.3
1527707110.27	4300	59.748376	0.0	1972048	22	4.3
1527707114.38	4300	59.747852	0.0	2134614	22	4.3
1527707117.99	4300	59.999026	0.0	2164140	26	4.3
1527707122.09	4300	59.999063	0.0	2113193	21	4.3
1527707126.2	4300	59.999251	0.0	2147852	23	4.3
1527707130.31	4300	59.749481	0.0	2191074	25	4.3
1527707134.42	4300	59.748969	0.0	2286761	25	4.3
1527707138.03	4300	59.999051	0.0	2307787	26	4.3
1527707142.14	4300	59.99809	0.0	2143948	21	4.3
1527707146.25	4300	59.746159	0.0	1919781	22	4.3
1527707150.34	4300	59.74922	0.0	2147467	11	4.3
1527707154.45	4300	59.749244	0.0	2133870	19	4.3
1527707158.05	4300	59.999241	0.0	2146120	18	4.3
1527707162.15	4300	59.998997	0.0	2108491	17	4.3
1527707166.26	4300	59.748766	0.0	2184571	23	4.3
1527707170.37	4300	59.748576	0.0	2121928	24	4.3
1527707174.48	4300	59.748892	0.0	2219102	23	4.3
1527707178.09	4300	59.892317	0.0	2124950	20	4.3
1527707182.19	4300	59.999416	0.0	2246506	19	4.3
1527707186.29	4300	59.749379	0.0	1961140	18	4.3
1527707190.4	4300	59.748942	0.0	2155012	26	4.3
1527707192.01	4300	59.679635	0.0	1433658	37	4.3

1527707192.23	750	4	0.016	668286	4	-0.06879999999999997
1527707192.3	4300	7.980823	0.0	2123065	6	0.75
1527707192.36	4300	11.91751	0.0	2177073	7	4.3
1527707192.43	4300	15.85293	0.0	2160877	8	4.3
1527707192.49	4300	19.790602	0.0	2233056	6	4.3
1527707192.55	4300	23.728316	0.0	1941625	6	4.3
1527707192.62	4300	27.662732	0.0	2157535	7	4.3
1527707192.68	4300	31.596616	0.0	2290172	7	4.3
1527707192.75	4300	35.525366	0.0	2055469	5	4.3
1527707192.82	4300	39.4617	0.0	2169201	6	4.3
1527707192.88	4300	43.396158	0.0	2173522	7	4.3
1527707192.95	4300	47.333393	0.0	2102452	7	4.3
1527707193.01	4300	51.269832	0.0	2209463	6	4.3
1527707193.07	4300	55.205041	0.0	2275376	7	4.3
1527707193.14	4300	59.143277	0.0	2005399	7	4.3
1527707196.73	4300	59.749124	0.0	2152483	21	4.3
1527707200.33	4300	59.998834	0.0	2289689	17	4.3
1527707204.43	4300	59.999294	0.0	2059512	22	4.3
1527707209.03	4300	59.498556	0.0	2220726	16	4.3
1527707212.62	4300	59.749001	0.0	2156729	14	4.3
1527707216.72	4300	59.748822	0.0	2039773	16	4.3
1527707220.32	4300	59.99857	0.0	2176469	23	4.3
1527707224.48	4300	59.998242	0.0	2221506	21	4.3
1527707228.59	4300	59.749064	0.0	2044075	22	4.3
1527707232.7	4300	59.74891	0.0	2186790	24	4.3
1527707236.31	4300	59.998671	0.0	2105231	25	4.3
1527707240.42	4300	59.999082	0.0	2395588	26	4.3
1527707244.53	4300	59.99925	0.0	1972048	21	4.3
1527707248.61	4300	59.747853	0.0	2134614	11	4.3
1527707252.72	4300	59.748496	0.0	2164140	19	4.3
1527707256.33	4300	59.999206	0.0	2113193	21	4.3
1527707260.43	4300	59.999176	0.0	2147852	21	4.3
1527707264.54	4300	59.748855	0.0	2191074	23	4.3
1527707268.64	4300	59.749381	0.0	2286761	25	4.3
1527707272.75	4300	59.748483	0.0	2307787	25	4.3
1527707276.86	4300	59.499103	0.0	2143948	25	4.3
1527707280.47	4300	59.999315	0.0	1919781	21	4.3
1527707284.58	4300	59.749349	0.0	2147467	22	4.3
1527707288.68	4300	59.748819	0.0	2133870	24	4.3
1527707292.79	4300	59.498034	0.0	2146120	25	4.3
1527707296.4	4300	59.998785	0.0	2108491	25	4.3
1527707300.5	4300	59.998884	0.0	2184571	15	4.3
1527707304.6	4300	59.749339	0.0	2121928	17	4.3
1527707308.71	4300	59.749511	0.0	2219102	19	4.3
1527707312.31	4300	59.999334	0.0	2124950	21	4.3
1527707316.44	4300	59.999353	0.0	2246506	20	4.3
1527707320.54	4300	59.749577	0.0	1961140	22	4.3
1527707324.65	4300	59.74952	0.0	2155012	23	4.3
1527707326.24	4300	59.929014	0.0	1433658	16	4.3

1527707326.47	750	4	0.022	668286	7	-0.09460000000000002
1527707326.55	4300	7.978348	0.0	2123065	5	0.75
1527707326.61	4300	11.914214	0.0	2177073	7	4.3
1527707326.7	4300	15.820964	0.0	2160877	22	4.3
1527707326.8	4300	19.720657	0.0	2233056	32	4.3
1527707326.88	4300	23.644751	0.0	1941625	14	4.3
1527707326.95	4300	27.573176	0.0	2157535	8	4.3
1527707327.02	4300	31.502507	0.0	2290172	8	4.3
1527707327.09	4300	35.43583	0.0	2055469	9	4.3
1527707327.16	4300	39.365776	0.0	2169201	9	4.3
1527707327.23	4300	43.297781	0.0	2173522	9	4.3
1527707327.29	4300	47.229149	0.0	2102452	9	4.3
1527707327.36	4300	51.161842	0.0	2209463	10	4.3
1527707327.43	4300	55.093776	0.0	2275376	8	4.3
1527707327.49	4300	59.028594	0.0	2005399	8	4.3
1527707331.08	4300	59.499627	0.0	2152483	8	4.3
1527707334.69	4300	59.997907	0.0	2289689	24	4.3
1527707338.79	4300	59.748264	0.0	2059512	23	4.3
1527707342.89	4300	59.749255	0.0	2220726	25	4.3
1527707347.0	4300	59.749597	0.0	2156729	22	4.3
1527707350.61	4300	59.999022	0.0	2039773	22	4.3
1527707354.72	4300	59.997807	0.0	2176469	21	4.3
1527707358.83	4300	59.748898	0.0	2221506	26	4.3
1527707362.93	4300	59.749307	0.0	2044075	23	4.3
1527707366.54	4300	59.999364	0.0	2186790	25	4.3
1527707371.15	4300	59.498932	0.0	2105231	22	4.3
1527707374.76	4300	59.997934	0.0	2395588	28	4.3
1527707378.86	4300	59.749582	0.0	1972048	12	4.3
1527707382.98	4300	59.749291	0.0	2134614	22	4.3
1527707386.58	4300	59.999195	0.0	2164140	23	4.3
1527707391.17	4300	59.498284	0.0	2113193	13	4.3
1527707394.77	4300	59.99918	0.0	2147852	24	4.3
1527707398.88	4300	59.748896	0.0	2191074	22	4.3
1527707402.99	4300	59.748848	0.0	2286761	26	4.3
1527707406.59	4300	59.999458	0.0	2307787	26	4.3
1527707410.7	4300	59.999455	0.0	2143948	21	4.3
