1527735173.35	750	4	0.023	2354772	7	-0.09889999999999999
1527735173.5	4300	7.960568	0.0	2123065	26	0.75
1527735173.65	4300	11.81214	0.0	2177073	24	4.3
1527735173.8	4300	15.660893	0.0	2160877	28	4.3
1527735173.93	4300	19.52589	0.0	2233056	18	4.3
1527735174.07	4300	23.383455	0.0	1941625	15	4.3
1527735174.22	4300	27.239581	0.0	2157535	26	4.3
1527735174.34	4300	31.116001	0.0	2290172	13	4.3
1527735174.47	4300	34.992341	0.0	2055469	11	4.3
1527735174.61	4300	38.848386	0.0	2169201	25	4.3
1527735174.76	4300	42.701695	0.0	2173522	14	4.3
1527735174.87	4300	46.585369	0.0	2102452	8	4.3
