1527733704.41	750	4	0.011	450283	1	-0.04730000000000001
1527733704.57	4300	7.950615	0.0	2123065	17	0.75
1527733704.71	4300	11.807843	0.0	2177073	25	4.3
1527733704.86	4300	15.658884	0.0	2160877	28	4.3
1527733704.99	4300	19.532661	0.0	2233056	13	4.3
1527733705.11	4300	23.412024	0.0	1941625	12	4.3
1527733705.25	4300	27.267329	0.0	2157535	24	4.3
1527733705.4	4300	31.118821	0.0	2290172	28	4.3
1527733705.54	4300	34.983565	0.0	2055469	19	4.3
1527733705.68	4300	38.842153	0.0	2169201	26	4.3
1527733705.8	4300	42.721709	0.0	2173522	12	4.3
1527733705.92	4300	46.596728	0.0	2102452	14	4.3
1527733706.05	4300	50.472291	0.0	2209463	16	4.3
1527733706.18	4300	54.344749	0.0	2275376	15	4.3
1527733706.3	4300	58.221729	0.0	2005399	13	4.3
1527733708.93	4300	59.747815	0.0	2152483	8	4.3
1527733712.56	4300	59.998645	0.0	2289689	15	4.3
1527733716.71	4300	59.99925	0.0	2059512	21	4.3
1527733720.87	4300	59.749181	0.0	2220726	26	4.3
1527733724.52	4300	59.9992	0.0	2156729	23	4.3
1527733728.68	4300	59.997551	0.0	2039773	22	4.3
1527733732.83	4300	59.749016	0.0	2176469	20	4.3
1527733736.99	4300	59.747533	0.0	2221506	27	4.3
1527733740.63	4300	59.998312	0.0	2044075	19	4.3
1527733744.79	4300	59.74758	0.0	2186790	26	4.3
1527733748.98	4300	59.748341	0.0	2105231	20	4.3
1527733752.64	4300	59.998716	0.0	2395588	21	4.3
1527733756.79	4300	59.749278	0.0	1972048	21	4.3
1527733760.94	4300	59.748726	0.0	2134614	21	4.3
1527733764.6	4300	59.999125	0.0	2164140	27	4.3
1527733768.76	4300	59.998743	0.0	2113193	25	4.3
1527733772.91	4300	59.748379	0.0	2147852	20	4.3
1527733776.57	4300	59.998661	0.0	2191074	25	4.3
1527733780.73	4300	59.999193	0.0	2286761	24	4.3
1527733784.88	4300	59.748494	0.0	2307787	18	4.3
1527733788.54	4300	59.99901	0.0	2143948	25	4.3
1527733792.7	4300	59.998988	0.0	1919781	22	4.3
1527733796.84	4300	59.7485	0.0	2147467	21	4.3
1527733801.01	4300	59.748872	0.0	2133870	25	4.3
1527733804.66	4300	59.99727	0.0	2146120	19	4.3
1527733808.81	4300	59.74877	0.0	2108491	24	4.3
1527733812.96	4300	59.748608	0.0	2184571	16	4.3
1527733816.62	4300	59.99831	0.0	2121928	25	4.3
1527733820.78	4300	59.749068	0.0	2219102	21	4.3
1527733824.93	4300	59.74946	0.0	2124950	17	4.3
1527733828.64	4300	59.999187	0.0	2246506	28	4.3
1527733832.78	4300	59.748754	0.0	1961140	23	4.3
1527733836.9	4300	59.748635	0.0	2155012	15	4.3
1527733838.52	4300	59.928591	0.0	1433658	18	4.3

1527733838.75	750	4	0.015	668286	3	-0.0645
1527733838.91	4300	7.942657	0.0	2123065	24	0.75
1527733839.04	4300	11.812601	0.0	2177073	16	4.3
1527733839.17	4300	15.678921	0.0	2160877	17	4.3
1527733839.3	4300	19.545668	0.0	2233056	11	4.3
1527733839.44	4300	23.409077	0.0	1941625	17	4.3
1527733839.58	4300	27.265482	0.0	2157535	18	4.3
1527733839.72	4300	31.124943	0.0	2290172	21	4.3
1527733839.85	4300	35.002512	0.0	2055469	11	4.3
1527733839.97	4300	38.876925	0.0	2169201	14	4.3
1527733840.11	4300	42.739186	0.0	2173522	19	4.3
1527733840.24	4300	46.610397	0.0	2102452	11	4.3
1527733840.36	4300	50.49009	0.0	2209463	10	4.3
1527733840.48	4300	54.368773	0.0	2275376	13	4.3
1527733840.62	4300	58.225116	0.0	2005399	17	4.3
1527733843.25	4300	59.747606	0.0	2152483	12	4.3
1527733846.9	4300	59.998883	0.0	2289689	19	4.3
1527733851.05	4300	59.998957	0.0	2059512	25	4.3
1527733855.21	4300	59.748889	0.0	2220726	18	4.3
1527733858.86	4300	59.998826	0.0	2156729	25	4.3
1527733863.02	4300	59.997991	0.0	2039773	21	4.3
1527733867.17	4300	59.748511	0.0	2176469	23	4.3
1527733871.33	4300	59.749217	0.0	2221506	26	4.3
1527733875.48	4300	59.499325	0.0	2044075	20	4.3
1527733879.13	4300	59.749379	0.0	2186790	27	4.3
1527733883.28	4300	59.74888	0.0	2105231	18	4.3
1527733887.44	4300	59.498332	0.0	2395588	29	4.3
1527733891.11	4300	59.748392	0.0	1972048	23	4.3
1527733895.27	4300	59.749516	0.0	2134614	27	4.3
1527733898.92	4300	59.998877	0.0	2164140	23	4.3
1527733903.07	4300	59.998984	0.0	2113193	25	4.3
1527733907.22	4300	59.748688	0.0	2147852	23	4.3
1527733910.88	4300	59.999014	0.0	2191074	26	4.3
1527733915.02	4300	59.999322	0.0	2286761	17	4.3
1527733919.18	4300	59.748025	0.0	2307787	28	4.3
1527733923.33	4300	59.747509	0.0	2143948	19	4.3
1527733926.98	4300	59.999492	0.0	1919781	22	4.3
1527733931.14	4300	59.749315	0.0	2147467	18	4.3
1527733935.29	4300	59.749007	0.0	2133870	24	4.3
1527733938.95	4300	59.998748	0.0	2146120	26	4.3
1527733943.11	4300	59.749438	0.0	2108491	26	4.3
1527733947.26	4300	59.748971	0.0	2184571	23	4.3
1527733950.92	4300	59.99912	0.0	2121928	25	4.3
1527733955.09	4300	59.998198	0.0	2219102	25	4.3
1527733959.24	4300	59.748752	0.0	2124950	20	4.3
1527733962.88	4300	59.998774	0.0	2246506	22	4.3
1527733967.01	4300	59.999463	0.0	1961140	16	4.3
1527733971.14	4300	59.74941	0.0	2155012	24	4.3
1527733972.74	4300	59.929098	0.0	1433658	17	4.3

1527733972.94	750	4	0.018	668286	3	-0.07740000000000002
1527733973.08	4300	7.962823	0.0	2123065	12	0.75
1527733973.21	4300	11.828545	0.0	2177073	19	4.3
1527733973.33	4300	15.713913	0.0	2160877	10	4.3
1527733973.47	4300	19.571929	0.0	2233056	11	4.3
1527733973.61	4300	23.432352	0.0	1941625	24	4.3
1527733973.74	4300	27.296858	0.0	2157535	15	4.3
1527733973.88	4300	31.157124	0.0	2290172	23	4.3
1527733974.01	4300	35.035472	0.0	2055469	13	4.3
1527733974.15	4300	38.890694	0.0	2169201	26	4.3
1527733974.27	4300	42.770554	0.0	2173522	10	4.3
1527733974.39	4300	46.645187	0.0	2102452	12	4.3
1527733974.52	4300	50.524018	0.0	2209463	13	4.3
1527733974.64	4300	54.403635	0.0	2275376	14	4.3
1527733974.76	4300	58.284151	0.0	2005399	12	4.3
1527733977.38	4300	59.748817	0.0	2152483	12	4.3
1527733981.04	4300	59.999302	0.0	2289689	29	4.3
