1527694103.69	750	4	0.014	450283	3	-0.06020000000000003
1527694103.81	4300	7.964329	0.0	2123065	9	0.75
1527694103.88	4300	11.893058	0.0	2177073	10	4.3
1527694103.95	4300	15.824628	0.0	2160877	10	4.3
1527694104.02	4300	19.7548	0.0	2233056	10	4.3
1527694104.08	4300	23.691314	0.0	1941625	8	4.3
1527694104.15	4300	27.624822	0.0	2157535	7	4.3
1527694104.21	4300	31.561258	0.0	2290172	7	4.3
1527694104.3	4300	35.47578	0.0	2055469	18	4.3
1527694104.37	4300	39.402512	0.0	2169201	12	4.3
1527694104.44	4300	43.32966	0.0	2173522	11	4.3
1527694104.52	4300	47.259636	0.0	2102452	10	4.3
1527694104.59	4300	51.184704	0.0	2209463	11	4.3
1527694104.65	4300	55.121947	0.0	2275376	7	4.3
1527694104.71	4300	59.056938	0.0	2005399	7	4.3
1527694107.8	4300	59.999159	0.0	2152483	6	4.3
1527694111.89	4300	59.998721	0.0	2289689	17	4.3
1527694116.49	4300	59.499381	0.0	2059512	17	4.3
1527694120.11	4300	59.748641	0.0	2220726	27	4.3
1527694124.21	4300	59.749529	0.0	2156729	19	4.3
1527694127.82	4300	59.998939	0.0	2039773	21	4.3
1527694131.92	4300	59.999029	0.0	2176469	22	4.3
1527694136.03	4300	59.749405	0.0	2221506	25	4.3
1527694140.14	4300	59.747778	0.0	2044075	22	4.3
1527694144.25	4300	59.749602	0.0	2186790	24	4.3
1527694148.36	4300	59.498508	0.0	2105231	24	4.3
1527694152.47	4300	59.498643	0.0	2395588	26	4.3
1527694156.05	4300	59.749407	0.0	1972048	12	4.3
1527694160.16	4300	59.749465	0.0	2134614	20	4.3
1527694164.27	4300	59.749441	0.0	2164140	22	4.3
1527694167.88	4300	59.99923	0.0	2113193	19	4.3
1527694171.98	4300	59.998822	0.0	2147852	20	4.3
1527694176.09	4300	59.748647	0.0	2191074	22	4.3
1527694180.19	4300	59.749589	0.0	2286761	24	4.3
1527694184.3	4300	59.497897	0.0	2307787	27	4.3
1527694187.91	4300	59.997853	0.0	2143948	23	4.3
1527694192.02	4300	59.998587	0.0	1919781	19	4.3
1527694196.13	4300	59.74963	0.0	2147467	20	4.3
1527694200.25	4300	59.748712	0.0	2133870	24	4.3
1527694203.92	4300	59.999411	0.0	2146120	25	4.3
1527694208.11	4300	59.749134	0.0	2108491	25	4.3
1527694212.21	4300	59.748703	0.0	2184571	20	4.3
1527694216.32	4300	59.498884	0.0	2121928	24	4.3
1527694219.92	4300	59.998274	0.0	2219102	21	4.3
1527694224.03	4300	59.999143	0.0	2124950	20	4.3
1527694228.13	4300	59.749561	0.0	2246506	23	4.3
1527694232.24	4300	59.74919	0.0	1961140	22	4.3
1527694235.82	4300	59.998739	0.0	2155012	10	4.3
1527694237.91	4300	59.678626	0.0	1433658	17	4.3

1527694238.13	750	4	0.015	668286	3	-0.0645
1527694238.2	4300	7.981625	0.0	2123065	6	0.75
1527694238.29	4300	11.89309	0.0	2177073	19	4.3
1527694238.37	4300	15.808278	0.0	2160877	18	4.3
1527694238.45	4300	19.729832	0.0	2233056	17	4.3
1527694238.51	4300	23.66851	0.0	1941625	6	4.3
1527694238.58	4300	27.602851	0.0	2157535	8	4.3
1527694238.65	4300	31.531084	0.0	2290172	8	4.3
1527694238.71	4300	35.465883	0.0	2055469	7	4.3
1527694238.78	4300	39.402342	0.0	2169201	8	4.3
1527694238.85	4300	43.336152	0.0	2173522	9	4.3
1527694238.92	4300	47.264469	0.0	2102452	7	4.3
1527694238.98	4300	51.199875	0.0	2209463	7	4.3
1527694239.04	4300	55.137272	0.0	2275376	8	4.3
1527694239.11	4300	59.073156	0.0	2005399	6	4.3
1527694242.68	4300	59.749492	0.0	2152483	7	4.3
1527694246.29	4300	59.999387	0.0	2289689	26	4.3
1527694250.9	4300	59.498448	0.0	2059512	22	4.3
1527694254.51	4300	59.749488	0.0	2220726	23	4.3
1527694258.61	4300	59.747851	0.0	2156729	21	4.3
1527694262.22	4300	59.998724	0.0	2039773	22	4.3
1527694266.33	4300	59.998756	0.0	2176469	22	4.3
1527694270.93	4300	59.499066	0.0	2221506	24	4.3
1527694274.53	4300	59.748975	0.0	2044075	19	4.3
1527694278.63	4300	59.74919	0.0	2186790	19	4.3
1527694282.23	4300	59.999079	0.0	2105231	23	4.3
1527694286.34	4300	59.998492	0.0	2395588	21	4.3
1527694290.53	4300	59.748407	0.0	1972048	22	4.3
1527694294.64	4300	59.749103	0.0	2134614	25	4.3
1527694298.32	4300	59.998759	0.0	2164140	24	4.3
1527694302.44	4300	59.748412	0.0	2113193	23	4.3
1527694306.55	4300	59.749595	0.0	2147852	22	4.3
1527694310.66	4300	59.748547	0.0	2191074	23	4.3
1527694314.77	4300	59.499418	0.0	2286761	25	4.3
1527694318.38	4300	59.998363	0.0	2307787	26	4.3
1527694322.49	4300	59.748731	0.0	2143948	21	4.3
1527694326.59	4300	59.748758	0.0	1919781	22	4.3
1527694330.68	4300	59.749195	0.0	2147467	11	4.3
1527694334.29	4300	59.999458	0.0	2133870	23	4.3
1527694338.9	4300	59.499703	0.0	2146120	25	4.3
1527694342.51	4300	59.749307	0.0	2108491	20	4.3
1527694346.61	4300	59.748658	0.0	2184571	19	4.3
1527694350.71	4300	59.498913	0.0	2121928	26	4.3
1527694354.32	4300	59.999228	0.0	2219102	26	4.3
1527694358.43	4300	59.998249	0.0	2124950	20	4.3
1527694362.54	4300	59.748942	0.0	2246506	24	4.3
1527694366.65	4300	59.749349	0.0	1961140	24	4.3
