1527705588.77	750	4	0.028	2354772	10	-0.12039999999999995
1527705588.9	4300	7.962789	0.0	2123065	22	0.75
1527705588.98	4300	11.883479	0.0	2177073	14	4.3
1527705589.04	4300	15.816882	0.0	2160877	8	4.3
1527705589.11	4300	19.748275	0.0	2233056	8	4.3
1527705589.17	4300	23.685079	0.0	1941625	7	4.3
1527705589.24	4300	27.620761	0.0	2157535	7	4.3
1527705589.33	4300	31.537287	0.0	2290172	18	4.3
1527705589.4	4300	35.462052	0.0	2055469	12	4.3
1527705589.47	4300	39.392981	0.0	2169201	6	4.3
1527705589.56	4300	43.302739	0.0	2173522	19	4.3
1527705589.63	4300	47.22982	0.0	2102452	11	4.3
1527705589.71	4300	51.154307	0.0	2209463	9	4.3
1527705589.8	4300	55.064577	0.0	2275376	10	4.3
1527705589.86	4300	58.997528	0.0	2005399	6	4.3
1527705593.44	4300	59.498145	0.0	2152483	7	4.3
1527705597.04	4300	59.999303	0.0	2289689	19	4.3
1527705601.15	4300	59.749397	0.0	2059512	17	4.3
1527705605.25	4300	59.749201	0.0	2220726	20	4.3
1527705609.36	4300	59.748655	0.0	2156729	23	4.3
1527705612.96	4300	59.999092	0.0	2039773	23	4.3
1527705617.07	4300	59.99912	0.0	2176469	22	4.3
1527705621.18	4300	59.748763	0.0	2221506	23	4.3
1527705625.29	4300	59.748901	0.0	2044075	22	4.3
1527705628.9	4300	59.999173	0.0	2186790	23	4.3
1527705633.5	4300	59.498892	0.0	2105231	18	4.3
1527705637.11	4300	59.999069	0.0	2395588	26	4.3
1527705641.19	4300	59.749005	0.0	1972048	10	4.3
1527705645.3	4300	59.74902	0.0	2134614	22	4.3
1527705648.91	4300	59.999001	0.0	2164140	21	4.3
1527705653.01	4300	59.998963	0.0	2113193	19	4.3
1527705657.12	4300	59.748013	0.0	2147852	23	4.3
1527705661.23	4300	59.7489	0.0	2191074	24	4.3
1527705665.33	4300	59.74884	0.0	2286761	25	4.3
1527705668.94	4300	59.999081	0.0	2307787	26	4.3
1527705673.05	4300	59.997556	0.0	2143948	24	4.3
1527705677.16	4300	59.749266	0.0	1919781	21	4.3
1527705681.25	4300	59.748027	0.0	2147467	12	4.3
1527705685.35	4300	59.748655	0.0	2133870	20	4.3
1527705689.46	4300	59.499306	0.0	2146120	20	4.3
1527705693.06	4300	59.997903	0.0	2108491	24	4.3
1527705697.17	4300	59.748665	0.0	2184571	23	4.3
1527705701.28	4300	59.748779	0.0	2121928	23	4.3
1527705704.89	4300	59.998926	0.0	2219102	26	4.3
1527705709.01	4300	59.915999	0.0	2124950	20	4.3
1527705713.12	4300	59.747779	0.0	2246506	24	4.3
1527705717.27	4300	59.748879	0.0	1961140	16	4.3
1527705721.38	4300	59.498601	0.0	2155012	20	4.3
1527705722.99	4300	59.679351	0.0	1433658	29	4.3

1527705723.2	750	4	0.015	668286	2	-0.0645
1527705723.31	4300	7.949067	0.0	2123065	10	0.75
1527705723.38	4300	11.877276	0.0	2177073	7	4.3
1527705723.44	4300	15.809374	0.0	2160877	9	4.3
1527705723.52	4300	19.736067	0.0	2233056	13	4.3
1527705723.59	4300	23.668007	0.0	1941625	7	4.3
1527705723.65	4300	27.601034	0.0	2157535	8	4.3
1527705723.72	4300	31.531637	0.0	2290172	10	4.3
1527705723.79	4300	35.462154	0.0	2055469	7	4.3
1527705723.86	4300	39.39137	0.0	2169201	9	4.3
1527705723.93	4300	43.32454	0.0	2173522	8	4.3
1527705724.0	4300	47.260026	0.0	2102452	7	4.3
1527705724.07	4300	51.188782	0.0	2209463	8	4.3
1527705724.13	4300	55.122798	0.0	2275376	8	4.3
1527705724.2	4300	59.055215	0.0	2005399	7	4.3
1527705727.29	4300	59.998542	0.0	2152483	7	4.3
1527705731.4	4300	59.998643	0.0	2289689	24	4.3
1527705735.51	4300	59.749321	0.0	2059512	24	4.3
1527705739.62	4300	59.748113	0.0	2220726	25	4.3
1527705743.72	4300	59.749281	0.0	2156729	24	4.3
1527705747.33	4300	59.9994	0.0	2039773	21	4.3
1527705751.43	4300	59.999288	0.0	2176469	23	4.3
1527705755.53	4300	59.748028	0.0	2221506	15	4.3
1527705759.64	4300	59.74865	0.0	2044075	19	4.3
1527705763.74	4300	59.749322	0.0	2186790	21	4.3
1527705767.34	4300	59.998238	0.0	2105231	22	4.3
1527705771.45	4300	59.999112	0.0	2395588	24	4.3
1527705775.56	4300	59.749336	0.0	1972048	24	4.3
1527705779.66	4300	59.747769	0.0	2134614	24	4.3
1527705783.28	4300	59.997966	0.0	2164140	24	4.3
1527705787.38	4300	59.99942	0.0	2113193	23	4.3
1527705791.49	4300	59.999146	0.0	2147852	22	4.3
1527705795.6	4300	59.749276	0.0	2191074	25	4.3
1527705799.71	4300	59.747875	0.0	2286761	24	4.3
1527705803.32	4300	59.997893	0.0	2307787	24	4.3
1527705807.42	4300	59.998214	0.0	2143948	20	4.3
1527705811.53	4300	59.734111	0.0	1919781	19	4.3
1527705815.61	4300	59.747659	0.0	2147467	10	4.3
1527705819.73	4300	59.748868	0.0	2133870	22	4.3
1527705823.33	4300	59.998407	0.0	2146120	20	4.3
1527705827.44	4300	59.99921	0.0	2108491	21	4.3
1527705831.54	4300	59.748616	0.0	2184571	21	4.3
1527705835.65	4300	59.749209	0.0	2121928	25	4.3
1527705839.26	4300	59.998669	0.0	2219102	25	4.3
1527705843.37	4300	59.999433	0.0	2124950	20	4.3
1527705847.47	4300	59.999303	0.0	2246506	22	4.3
1527705851.58	4300	59.749406	0.0	1961140	23	4.3
1527705855.67	4300	59.749249	0.0	2155012	12	4.3
1527705857.26	4300	59.928733	0.0	1433658	17	4.3

1527705857.48	750	4	0.018	668286	4	-0.07740000000000002
1527705857.55	4300	7.981824	0.0	2123065	7	0.75
1527705857.62	4300	11.909958	0.0	2177073	8	4.3
1527705857.71	4300	15.819865	0.0	2160877	20	4.3
1527705857.79	4300	19.73814	0.0	2233056	14	4.3
1527705857.86	4300	23.674936	0.0	1941625	7	4.3
1527705857.92	4300	27.60791	0.0	2157535	7	4.3
1527705857.99	4300	31.534952	0.0	2290172	7	4.3
1527705858.06	4300	35.473402	0.0	2055469	6	4.3
1527705858.12	4300	39.408901	0.0	2169201	7	4.3
1527705858.18	4300	43.345111	0.0	2173522	6	4.3
1527705858.26	4300	47.267015	0.0	2102452	13	4.3
1527705858.34	4300	51.199003	0.0	2209463	10	4.3
1527705858.41	4300	55.120335	0.0	2275376	10	4.3
1527705858.49	4300	59.048158	0.0	2005399	9	4.3
1527705862.07	4300	59.498932	0.0	2152483	9	4.3
1527705865.67	4300	59.9987	0.0	2289689	18	4.3
1527705869.78	4300	59.999437	0.0	2059512	22	4.3
1527705873.89	4300	59.749385	0.0	2220726	23	4.3
1527705878.01	4300	59.748731	0.0	2156729	24	4.3
1527705881.61	4300	59.999152	0.0	2039773	23	4.3
1527705885.73	4300	59.998739	0.0	2176469	22	4.3
1527705889.84	4300	59.749169	0.0	2221506	24	4.3
1527705893.94	4300	59.749522	0.0	2044075	17	4.3
1527705897.55	4300	59.9986	0.0	2186790	23	4.3
1527705902.15	4300	59.498084	0.0	2105231	20	4.3
1527705905.77	4300	59.997579	0.0	2395588	27	4.3
1527705909.85	4300	59.748776	0.0	1972048	12	4.3
1527705913.96	4300	59.748978	0.0	2134614	17	4.3
1527705918.05	4300	59.497979	0.0	2164140	8	4.3
1527705921.65	4300	59.999403	0.0	2113193	19	4.3
1527705925.75	4300	59.999119	0.0	2147852	19	4.3
1527705929.86	4300	59.749288	0.0	2191074	23	4.3
1527705933.96	4300	59.749381	0.0	2286761	21	4.3
1527705938.07	4300	59.499547	0.0	2307787	26	4.3
1527705942.17	4300	59.499636	0.0	2143948	22	4.3
1527705945.78	4300	59.748101	0.0	1919781	23	4.3
1527705949.89	4300	59.749605	0.0	2147467	23	4.3
1527705954.01	4300	59.748213	0.0	2133870	24	4.3
1527705957.61	4300	59.998439	0.0	2146120	22	4.3
