1528264500.34	750	4	0.023	2354772	6	-0.09889999999999999
1528264500.48	4300	7.957009	0.0	2123065	21	0.75
1528264500.64	4300	11.805483	0.0	2177073	24	4.3
1528264500.79	4300	15.651689	0.0	2160877	28	4.3
1528264500.95	4300	19.490681	0.0	2233056	21	4.3
1528264501.09	4300	23.348977	0.0	1941625	21	4.3
1528264501.24	4300	27.203252	0.0	2157535	25	4.3
1528264501.39	4300	31.054565	0.0	2290172	26	4.3
1528264501.53	4300	34.907064	0.0	2055469	24	4.3
1528264501.68	4300	38.75538	0.0	2169201	23	4.3
1528264501.84	4300	42.602585	0.0	2173522	24	4.3
1528264501.97	4300	46.469586	0.0	2102452	16	4.3
1528264502.11	4300	50.327348	0.0	2209463	24	4.3
1528264502.28	4300	54.16358	0.0	2275376	26	4.3
1528264502.41	4300	58.027345	0.0	2005399	19	4.3
1528264504.57	4300	59.999248	0.0	2152483	26	4.3
1528264508.73	4300	59.748383	0.0	2289689	27	4.3
1528264512.88	4300	59.74858	0.0	2059512	19	4.3
1528264516.59	4300	59.998895	0.0	2220726	26	4.3
1528264520.74	4300	59.749436	0.0	2156729	19	4.3
1528264524.91	4300	59.749179	0.0	2039773	22	4.3
1528264528.61	4300	59.998436	0.0	2176469	22	4.3
1528264532.83	4300	59.748959	0.0	2221506	24	4.3
1528264536.99	4300	59.499019	0.0	2044075	21	4.3
1528264540.66	4300	59.999078	0.0	2186790	25	4.3
1528264544.82	4300	59.74904	0.0	2105231	26	4.3
1528264548.49	4300	59.998632	0.0	2395588	28	4.3
1528264552.65	4300	59.99923	0.0	1972048	22	4.3
1528264556.8	4300	59.748491	0.0	2134614	20	4.3
1528264560.46	4300	59.998715	0.0	2164140	23	4.3
1528264564.62	4300	59.998681	0.0	2113193	23	4.3
1528264568.78	4300	59.748587	0.0	2147852	25	4.3
1528264572.94	4300	59.748398	0.0	2191074	22	4.3
1528264576.67	4300	59.999197	0.0	2286761	24	4.3
1528264580.83	4300	59.748937	0.0	2307787	25	4.3
1528264584.49	4300	59.999353	0.0	2143948	25	4.3
1528264588.65	4300	59.998787	0.0	1919781	21	4.3
1528264592.8	4300	59.748126	0.0	2147467	19	4.3
1528264596.46	4300	59.997909	0.0	2133870	24	4.3
1528264600.63	4300	59.998204	0.0	2146120	26	4.3
1528264604.81	4300	59.749182	0.0	2108491	25	4.3
1528264608.49	4300	59.997645	0.0	2184571	21	4.3
1528264612.74	4300	59.99938	0.0	2121928	24	4.3
1528264616.48	4300	59.998138	0.0	2219102	26	4.3
1528264620.68	4300	59.997488	0.0	2124950	20	4.3
1528264624.86	4300	59.747814	0.0	2246506	25	4.3
1528264628.5	4300	59.999061	0.0	1961140	21	4.3
1528264632.63	4300	59.99867	0.0	2155012	22	4.3
1528264634.24	4300	59.929628	0.0	1433658	16	4.3

1528264634.47	750	4	0.013	668286	2	-0.05589999999999995
1528264634.62	4300	7.94505	0.0	2123065	24	0.75
1528264634.77	4300	11.79811	0.0	2177073	25	4.3
1528264634.92	4300	15.65011	0.0	2160877	26	4.3
1528264635.06	4300	19.505748	0.0	2233056	12	4.3
1528264635.2	4300	23.368269	0.0	1941625	19	4.3
1528264635.35	4300	27.226023	0.0	2157535	25	4.3
1528264635.49	4300	31.080437	0.0	2290172	25	4.3
1528264635.62	4300	34.947513	0.0	2055469	17	4.3
1528264635.76	4300	38.808616	0.0	2169201	24	4.3
1528264635.91	4300	42.662438	0.0	2173522	23	4.3
1528264636.04	4300	46.528158	0.0	2102452	19	4.3
1528264636.18	4300	50.387234	0.0	2209463	24	4.3
1528264636.33	4300	54.239166	0.0	2275376	25	4.3
1528264636.48	4300	58.09403	0.0	2005399	22	4.3
1528264638.63	4300	59.997825	0.0	2152483	12	4.3
1528264642.79	4300	59.999324	0.0	2289689	17	4.3
1528264646.94	4300	59.749167	0.0	2059512	20	4.3
1528264650.59	4300	59.999327	0.0	2220726	23	4.3
1528264655.24	4300	59.499262	0.0	2156729	25	4.3
1528264658.9	4300	59.748127	0.0	2039773	21	4.3
1528264663.05	4300	59.749128	0.0	2176469	24	4.3
1528264667.21	4300	59.498828	0.0	2221506	20	4.3
1528264670.86	4300	59.748976	0.0	2044075	22	4.3
1528264675.02	4300	59.748332	0.0	2186790	23	4.3
1528264678.69	4300	59.999467	0.0	2105231	25	4.3
1528264682.86	4300	59.749073	0.0	2395588	27	4.3
1528264687.0	4300	59.748825	0.0	1972048	17	4.3
1528264691.16	4300	59.499492	0.0	2134614	24	4.3
1528264694.81	4300	59.998813	0.0	2164140	24	4.3
1528264698.96	4300	59.749683	0.0	2113193	25	4.3
1528264702.61	4300	59.998631	0.0	2147852	22	4.3
1528264706.77	4300	59.999497	0.0	2191074	25	4.3
1528264710.92	4300	59.749671	0.0	2286761	20	4.3
1528264715.08	4300	59.498002	0.0	2307787	28	4.3
1528264718.72	4300	59.999083	0.0	2143948	19	4.3
1528264722.87	4300	59.749342	0.0	1919781	22	4.3
1528264727.02	4300	59.749188	0.0	2147467	21	4.3
1528264731.19	4300	59.499294	0.0	2133870	23	4.3
1528264734.85	4300	59.749218	0.0	2146120	24	4.3
1528264739.01	4300	59.749517	0.0	2108491	22	4.3
1528264742.72	4300	59.998953	0.0	2184571	23	4.3
1528264746.96	4300	59.748561	0.0	2121928	22	4.3
1528264750.61	4300	59.998052	0.0	2219102	23	4.3
1528264754.77	4300	59.998567	0.0	2124950	24	4.3
1528264758.91	4300	59.748431	0.0	2246506	21	4.3
1528264763.04	4300	59.749499	0.0	1961140	21	4.3
1528264766.68	4300	59.998839	0.0	2155012	22	4.3
1528264768.78	4300	59.677722	0.0	1433658	16	4.3

1528264769.01	750	4	0.018	668286	3	-0.07740000000000002
1528264769.16	4300	7.95353	0.0	2123065	17	0.75
1528264769.3	4300	11.812158	0.0	2177073	22	4.3
1528264769.44	4300	15.670023	0.0	2160877	21	4.3
1528264769.59	4300	19.525047	0.0	2233056	15	4.3
1528264769.74	4300	23.375729	0.0	1941625	22	4.3
1528264769.89	4300	27.225795	0.0	2157535	24	4.3
1528264770.04	4300	31.073512	0.0	2290172	25	4.3
1528264770.19	4300	34.9243	0.0	2055469	23	4.3
1528264770.34	4300	38.775653	0.0	2169201	24	4.3
1528264770.49	4300	42.625093	0.0	2173522	24	4.3
1528264770.63	4300	46.479091	0.0	2102452	23	4.3
1528264770.79	4300	50.328199	0.0	2209463	24	4.3
1528264770.94	4300	54.172704	0.0	2275376	27	4.3
1528264771.09	4300	58.023423	0.0	2005399	26	4.3
1528264773.25	4300	59.999456	0.0	2152483	12	4.3
1528264777.4	4300	59.749082	0.0	2289689	20	4.3
1528264781.55	4300	59.749385	0.0	2059512	23	4.3
1528264785.2	4300	59.998394	0.0	2220726	19	4.3
1528264789.36	4300	59.999416	0.0	2156729	22	4.3
1528264793.52	4300	59.749133	0.0	2039773	22	4.3
1528264797.17	4300	59.999493	0.0	2176469	22	4.3
1528264801.31	4300	59.998882	0.0	2221506	17	4.3
1528264805.47	4300	59.749653	0.0	2044075	22	4.3
1528264809.12	4300	59.999394	0.0	2186790	22	4.3
1528264813.27	4300	59.997839	0.0	2105231	20	4.3
