1528234048.14	750	4	0.013	450283	3	-0.05589999999999995
1528234048.3	4300	7.947157	0.0	2123065	23	0.75
1528234048.44	4300	11.804042	0.0	2177073	24	4.3
1528234048.58	4300	15.665751	0.0	2160877	21	4.3
1528234048.72	4300	19.528778	0.0	2233056	23	4.3
1528234048.86	4300	23.38478	0.0	1941625	23	4.3
1528234049.02	4300	27.231637	0.0	2157535	25	4.3
1528234049.17	4300	31.083117	0.0	2290172	26	4.3
1528234049.31	4300	34.935736	0.0	2055469	21	4.3
1528234049.47	4300	38.783342	0.0	2169201	24	4.3
1528234049.61	4300	42.635054	0.0	2173522	24	4.3
1528234049.75	4300	46.499057	0.0	2102452	17	4.3
1528234049.9	4300	50.350174	0.0	2209463	18	4.3
1528234050.04	4300	54.208992	0.0	2275376	23	4.3
1528234050.18	4300	58.066251	0.0	2005399	21	4.3
1528234052.34	4300	59.999403	0.0	2152483	12	4.3
1528234056.5	4300	59.748665	0.0	2289689	23	4.3
1528234060.65	4300	59.749282	0.0	2059512	20	4.3
1528234064.31	4300	59.999106	0.0	2220726	24	4.3
1528234068.48	4300	59.999275	0.0	2156729	24	4.3
1528234072.64	4300	59.749259	0.0	2039773	22	4.3
1528234076.29	4300	59.999068	0.0	2176469	22	4.3
1528234080.45	4300	59.998715	0.0	2221506	25	4.3
1528234084.6	4300	59.748787	0.0	2044075	20	4.3
1528234088.26	4300	59.998216	0.0	2186790	25	4.3
1528234092.42	4300	59.997838	0.0	2105231	23	4.3
1528234096.59	4300	59.748852	0.0	2395588	27	4.3
1528234100.74	4300	59.749553	0.0	1972048	19	4.3
1528234104.4	4300	59.998593	0.0	2134614	23	4.3
1528234108.56	4300	59.748879	0.0	2164140	27	4.3
1528234112.73	4300	59.748889	0.0	2113193	24	4.3
1528234116.38	4300	59.997761	0.0	2147852	21	4.3
1528234120.53	4300	59.748003	0.0	2191074	24	4.3
1528234124.69	4300	59.748291	0.0	2286761	24	4.3
1528234128.41	4300	59.998215	0.0	2307787	26	4.3
1528234132.56	4300	59.748926	0.0	2143948	22	4.3
1528234136.72	4300	59.74818	0.0	1919781	22	4.3
1528234140.87	4300	59.498208	0.0	2147467	24	4.3
1528234144.64	4300	59.748606	0.0	2133870	24	4.3
1528234148.29	4300	59.999308	0.0	2146120	22	4.3
1528234152.45	4300	59.998878	0.0	2108491	24	4.3
1528234156.61	4300	59.749307	0.0	2184571	23	4.3
1528234160.27	4300	59.998712	0.0	2121928	22	4.3
1528234164.43	4300	59.999378	0.0	2219102	24	4.3
1528234168.59	4300	59.749034	0.0	2124950	23	4.3
1528234172.74	4300	59.749742	0.0	2246506	26	4.3
1528234176.37	4300	59.999301	0.0	1961140	22	4.3
1528234180.5	4300	59.749395	0.0	2155012	23	4.3
1528234182.11	4300	59.929782	0.0	1433658	17	4.3

1528234182.34	750	4	0.016	668286	5	-0.06879999999999997
1528234182.5	4300	7.952472	0.0	2123065	18	0.75
1528234182.64	4300	11.809658	0.0	2177073	23	4.3
1528234182.79	4300	15.661306	0.0	2160877	23	4.3
1528234182.95	4300	19.504245	0.0	2233056	22	4.3
1528234183.09	4300	23.360809	0.0	1941625	21	4.3
1528234183.25	4300	27.198482	0.0	2157535	22	4.3
1528234183.39	4300	31.056532	0.0	2290172	25	4.3
1528234183.53	4300	34.922931	0.0	2055469	13	4.3
1528234183.67	4300	38.782405	0.0	2169201	22	4.3
1528234183.81	4300	42.636993	0.0	2173522	22	4.3
1528234183.96	4300	46.4913	0.0	2102452	24	4.3
1528234184.11	4300	50.342138	0.0	2209463	24	4.3
1528234184.26	4300	54.188496	0.0	2275376	26	4.3
1528234184.41	4300	58.043288	0.0	2005399	21	4.3
1528234186.56	4300	59.998768	0.0	2152483	10	4.3
1528234190.73	4300	59.748565	0.0	2289689	26	4.3
1528234194.9	4300	59.748109	0.0	2059512	23	4.3
1528234198.55	4300	59.998478	0.0	2220726	23	4.3
1528234202.72	4300	59.747567	0.0	2156729	24	4.3
1528234206.88	4300	59.748837	0.0	2039773	23	4.3
1528234210.54	4300	59.999493	0.0	2176469	24	4.3
1528234214.71	4300	59.748684	0.0	2221506	23	4.3
1528234218.87	4300	59.748015	0.0	2044075	22	4.3
1528234222.52	4300	59.999195	0.0	2186790	22	4.3
1528234226.68	4300	59.998711	0.0	2105231	22	4.3
1528234230.83	4300	59.749419	0.0	2395588	20	4.3
1528234234.48	4300	59.998116	0.0	1972048	23	4.3
1528234238.62	4300	59.997705	0.0	2134614	17	4.3
1528234242.78	4300	59.748382	0.0	2164140	26	4.3
1528234246.93	4300	59.748586	0.0	2113193	20	4.3
1528234250.57	4300	59.99886	0.0	2147852	17	4.3
1528234254.73	4300	59.749367	0.0	2191074	25	4.3
1528234258.88	4300	59.747558	0.0	2286761	22	4.3
1528234262.53	4300	59.999351	0.0	2307787	26	4.3
1528234266.69	4300	59.999212	0.0	2143948	24	4.3
1528234270.84	4300	59.748494	0.0	1919781	17	4.3
1528234274.5	4300	59.999167	0.0	2147467	25	4.3
1528234279.16	4300	59.498695	0.0	2133870	25	4.3
1528234282.81	4300	59.749116	0.0	2146120	24	4.3
1528234286.47	4300	59.997893	0.0	2108491	26	4.3
1528234290.63	4300	59.997899	0.0	2184571	22	4.3
1528234294.78	4300	59.747531	0.0	2121928	22	4.3
1528234298.95	4300	59.749477	0.0	2219102	24	4.3
1528234302.61	4300	59.999358	0.0	2124950	19	4.3
1528234306.75	4300	59.74915	0.0	2246506	23	4.3
1528234310.88	4300	59.747615	0.0	1961140	22	4.3
1528234314.52	4300	59.999012	0.0	2155012	23	4.3
1528234316.63	4300	59.678731	0.0	1433658	17	4.3

1528234316.84	750	4	0.018	668286	1	-0.07740000000000002
1528234317.02	4300	7.954041	0.0	2123065	16	0.75
1528234317.17	4300	11.810532	0.0	2177073	23	4.3
1528234317.33	4300	15.654728	0.0	2160877	28	4.3
1528234317.44	4300	19.542662	0.0	2233056	7	4.3
1528234317.58	4300	23.398081	0.0	1941625	23	4.3
1528234317.73	4300	27.246135	0.0	2157535	24	4.3
1528234317.88	4300	31.09825	0.0	2290172	25	4.3
1528234318.02	4300	34.956366	0.0	2055469	22	4.3
1528234318.16	4300	38.818479	0.0	2169201	20	4.3
1528234318.3	4300	42.675735	0.0	2173522	26	4.3
1528234318.45	4300	46.531156	0.0	2102452	25	4.3
1528234318.58	4300	50.395772	0.0	2209463	20	4.3
1528234318.72	4300	54.25329	0.0	2275376	26	4.3
1528234318.87	4300	58.111154	0.0	2005399	23	4.3
1528234321.03	4300	59.99782	0.0	2152483	32	4.3
1528234325.17	4300	59.998754	0.0	2289689	22	4.3
1528234329.33	4300	59.748196	0.0	2059512	22	4.3
1528234332.98	4300	59.99809	0.0	2220726	22	4.3
1528234337.16	4300	59.998747	0.0	2156729	24	4.3
1528234341.31	4300	59.748227	0.0	2039773	21	4.3
1528234345.47	4300	59.748228	0.0	2176469	23	4.3
1528234349.12	4300	59.998877	0.0	2221506	20	4.3
1528234353.27	4300	59.747702	0.0	2044075	24	4.3
1528234357.42	4300	59.748145	0.0	2186790	21	4.3
1528234361.08	4300	59.998807	0.0	2105231	25	4.3
1528234365.24	4300	59.749622	0.0	2395588	27	4.3
1528234369.39	4300	59.749068	0.0	1972048	19	4.3
1528234373.03	4300	59.99936	0.0	2134614	18	4.3
1528234377.2	4300	59.999367	0.0	2164140	24	4.3
