1528302162.31	750	4	0.026	2354772	6	-0.11180000000000001
1528302162.46	4300	7.95671	0.0	2123065	21	0.75
1528302162.6	4300	11.820445	0.0	2177073	20	4.3
1528302162.74	4300	15.67553	0.0	2160877	21	4.3
1528302162.89	4300	19.528836	0.0	2233056	24	4.3
1528302163.03	4300	23.382588	0.0	1941625	22	4.3
1528302163.17	4300	27.247634	0.0	2157535	21	4.3
1528302163.31	4300	31.101152	0.0	2290172	26	4.3
1528302163.46	4300	34.959161	0.0	2055469	23	4.3
1528302163.6	4300	38.810101	0.0	2169201	25	4.3
1528302163.74	4300	42.674462	0.0	2173522	18	4.3
1528302163.88	4300	46.533115	0.0	2102452	23	4.3
1528302164.03	4300	50.388786	0.0	2209463	25	4.3
1528302164.19	4300	54.22637	0.0	2275376	25	4.3
1528302164.33	4300	58.086868	0.0	2005399	23	4.3
1528302166.48	4300	59.997862	0.0	2152483	24	4.3
1528302170.65	4300	59.999324	0.0	2289689	25	4.3
1528302174.8	4300	59.74895	0.0	2059512	22	4.3
1528302178.97	4300	59.499466	0.0	2220726	19	4.3
1528302182.63	4300	59.999186	0.0	2156729	22	4.3
1528302186.79	4300	59.748967	0.0	2039773	21	4.3
1528302190.45	4300	59.999372	0.0	2176469	25	4.3
1528302194.6	4300	59.998126	0.0	2221506	20	4.3
1528302198.76	4300	59.749514	0.0	2044075	21	4.3
1528302202.91	4300	59.749384	0.0	2186790	20	4.3
1528302206.57	4300	59.99799	0.0	2105231	24	4.3
1528302210.73	4300	59.749045	0.0	2395588	26	4.3
1528302214.89	4300	59.749033	0.0	1972048	22	4.3
1528302218.55	4300	59.998025	0.0	2134614	23	4.3
1528302222.7	4300	59.748645	0.0	2164140	26	4.3
1528302226.85	4300	59.747649	0.0	2113193	20	4.3
1528302230.51	4300	59.999238	0.0	2147852	24	4.3
1528302234.67	4300	59.749393	0.0	2191074	24	4.3
1528302238.82	4300	59.749016	0.0	2286761	21	4.3
1528302242.48	4300	59.998846	0.0	2307787	23	4.3
1528302246.64	4300	59.999095	0.0	2143948	24	4.3
1528302250.78	4300	59.748666	0.0	1919781	20	4.3
1528302254.43	4300	59.998703	0.0	2147467	19	4.3
1528302258.59	4300	59.998072	0.0	2133870	23	4.3
1528302262.74	4300	59.747805	0.0	2146120	14	4.3
1528302266.89	4300	59.749406	0.0	2108491	25	4.3
1528302270.54	4300	59.999333	0.0	2184571	21	4.3
1528302274.69	4300	59.749277	0.0	2121928	25	4.3
1528302278.84	4300	59.749457	0.0	2219102	22	4.3
1528302282.5	4300	59.998729	0.0	2124950	23	4.3
1528302286.64	4300	59.998523	0.0	2246506	24	4.3
1528302290.77	4300	59.749004	0.0	1961140	23	4.3
1528302294.9	4300	59.747982	0.0	2155012	23	4.3
1528302296.54	4300	59.679307	0.0	1433658	16	4.3

1528302296.76	750	4	0.015	668286	2	-0.0645
1528302296.91	4300	7.950126	0.0	2123065	19	0.75
1528302297.06	4300	11.803716	0.0	2177073	24	4.3
1528302297.2	4300	15.659677	0.0	2160877	28	4.3
1528302297.35	4300	19.515432	0.0	2233056	16	4.3
1528302297.49	4300	23.367651	0.0	1941625	22	4.3
1528302297.63	4300	27.23493	0.0	2157535	21	4.3
1528302297.77	4300	31.089929	0.0	2290172	26	4.3
1528302297.91	4300	34.950023	0.0	2055469	22	4.3
1528302298.07	4300	38.79207	0.0	2169201	26	4.3
1528302298.21	4300	42.646776	0.0	2173522	22	4.3
1528302298.37	4300	46.492664	0.0	2102452	25	4.3
1528302298.52	4300	50.34501	0.0	2209463	25	4.3
1528302298.67	4300	54.195214	0.0	2275376	16	4.3
1528302298.81	4300	58.046379	0.0	2005399	23	4.3
1528302301.05	4300	59.999227	0.0	2152483	22	4.3
1528302305.2	4300	59.748938	0.0	2289689	25	4.3
1528302309.35	4300	59.749298	0.0	2059512	19	4.3
1528302313.01	4300	59.998683	0.0	2220726	24	4.3
1528302317.17	4300	59.74899	0.0	2156729	24	4.3
1528302321.32	4300	59.749093	0.0	2039773	20	4.3
1528302324.98	4300	59.99926	0.0	2176469	24	4.3
1528302329.14	4300	59.74784	0.0	2221506	23	4.3
1528302333.29	4300	59.748364	0.0	2044075	20	4.3
1528302336.95	4300	59.998848	0.0	2186790	25	4.3
1528302341.11	4300	59.999256	0.0	2105231	23	4.3
1528302345.26	4300	59.749153	0.0	2395588	21	4.3
1528302348.91	4300	59.999285	0.0	1972048	23	4.3
1528302353.06	4300	59.998782	0.0	2134614	20	4.3
1528302357.22	4300	59.748947	0.0	2164140	22	4.3
1528302360.88	4300	59.999031	0.0	2113193	19	4.3
1528302365.03	4300	59.998815	0.0	2147852	22	4.3
1528302369.19	4300	59.74898	0.0	2191074	23	4.3
1528302373.37	4300	59.747373	0.0	2286761	18	4.3
1528302377.06	4300	59.999057	0.0	2307787	27	4.3
1528302381.22	4300	59.748803	0.0	2143948	25	4.3
1528302384.87	4300	59.999114	0.0	1919781	16	4.3
1528302389.02	4300	59.999189	0.0	2147467	23	4.3
1528302393.19	4300	59.74905	0.0	2133870	25	4.3
1528302397.34	4300	59.748447	0.0	2146120	19	4.3
1528302401.0	4300	59.999118	0.0	2108491	22	4.3
1528302405.15	4300	59.749029	0.0	2184571	20	4.3
1528302409.31	4300	59.748753	0.0	2121928	22	4.3
1528302413.0	4300	59.99898	0.0	2219102	25	4.3
1528302417.16	4300	59.748773	0.0	2124950	23	4.3
1528302421.3	4300	59.748318	0.0	2246506	23	4.3
1528302424.94	4300	59.998506	0.0	1961140	22	4.3
1528302429.07	4300	59.998497	0.0	2155012	26	4.3
1528302430.68	4300	59.927834	0.0	1433658	18	4.3

1528302430.91	750	4	0.016	668286	3	-0.06879999999999997
1528302431.06	4300	7.954918	0.0	2123065	14	0.75
1528302431.21	4300	11.802248	0.0	2177073	25	4.3
1528302431.36	4300	15.650077	0.0	2160877	27	4.3
1528302431.51	4300	19.501066	0.0	2233056	15	4.3
1528302431.66	4300	23.353885	0.0	1941625	22	4.3
1528302431.81	4300	27.200649	0.0	2157535	24	4.3
1528302431.97	4300	31.041139	0.0	2290172	23	4.3
1528302432.11	4300	34.900306	0.0	2055469	24	4.3
1528302432.26	4300	38.751616	0.0	2169201	24	4.3
1528302432.39	4300	42.617707	0.0	2173522	19	4.3
1528302432.54	4300	46.473306	0.0	2102452	25	4.3
1528302432.68	4300	50.328023	0.0	2209463	24	4.3
1528302432.83	4300	54.178735	0.0	2275376	26	4.3
1528302432.98	4300	58.02923	0.0	2005399	23	4.3
1528302435.15	4300	59.998549	0.0	2152483	10	4.3
1528302439.31	4300	59.748671	0.0	2289689	25	4.3
1528302443.46	4300	59.747786	0.0	2059512	21	4.3
1528302447.12	4300	59.997744	0.0	2220726	25	4.3
1528302451.28	4300	59.747731	0.0	2156729	23	4.3
1528302455.43	4300	59.748992	0.0	2039773	19	4.3
1528302459.09	4300	59.999218	0.0	2176469	23	4.3
1528302463.25	4300	59.998975	0.0	2221506	25	4.3
1528302467.39	4300	59.748713	0.0	2044075	18	4.3
1528302471.11	4300	59.998779	0.0	2186790	24	4.3
1528302475.27	4300	59.748512	0.0	2105231	24	4.3
1528302479.43	4300	59.749481	0.0	2395588	25	4.3
1528302483.08	4300	59.998566	0.0	1972048	20	4.3
1528302487.24	4300	59.999063	0.0	2134614	25	4.3
1528302491.39	4300	59.749376	0.0	2164140	21	4.3
1528302495.05	4300	59.999183	0.0	2113193	24	4.3
