1527659746.28	750	4	0.027	2354772	10	-0.11609999999999998
1527659746.42	4300	7.962149	0.0	2123065	23	0.75
1527659746.56	4300	11.825235	0.0	2177073	16	4.3
1527659746.7	4300	15.682741	0.0	2160877	17	4.3
1527659746.84	4300	19.540871	0.0	2233056	25	4.3
1527659746.99	4300	23.395945	0.0	1941625	25	4.3
1527659747.14	4300	27.245108	0.0	2157535	24	4.3
1527659747.29	4300	31.092553	0.0	2290172	27	4.3
1527659747.44	4300	34.945795	0.0	2055469	24	4.3
1527659747.59	4300	38.795665	0.0	2169201	25	4.3
1527659747.74	4300	42.645328	0.0	2173522	25	4.3
1527659747.88	4300	46.506281	0.0	2102452	16	4.3
1527659748.02	4300	50.364984	0.0	2209463	24	4.3
1527659748.18	4300	54.201699	0.0	2275376	26	4.3
1527659748.32	4300	58.065495	0.0	2005399	20	4.3
1527659750.47	4300	59.998835	0.0	2152483	24	4.3
1527659754.63	4300	59.998534	0.0	2289689	24	4.3
1527659758.78	4300	59.749408	0.0	2059512	19	4.3
1527659762.43	4300	59.999386	0.0	2220726	18	4.3
1527659766.59	4300	59.997547	0.0	2156729	19	4.3
1527659770.75	4300	59.749622	0.0	2039773	24	4.3
1527659774.44	4300	59.997734	0.0	2176469	24	4.3
1527659779.1	4300	59.499223	0.0	2221506	27	4.3
1527659782.76	4300	59.749473	0.0	2044075	21	4.3
1527659786.46	4300	59.999328	0.0	2186790	27	4.3
1527659790.61	4300	59.998243	0.0	2105231	18	4.3
1527659794.78	4300	59.749063	0.0	2395588	28	4.3
1527659798.44	4300	59.998975	0.0	1972048	24	4.3
1527659802.62	4300	59.997688	0.0	2134614	25	4.3
1527659806.78	4300	59.747694	0.0	2164140	26	4.3
1527659810.45	4300	59.9992	0.0	2113193	24	4.3
1527659814.6	4300	59.997703	0.0	2147852	25	4.3
1527659818.75	4300	59.749507	0.0	2191074	20	4.3
1527659822.41	4300	59.999489	0.0	2286761	28	4.3
1527659826.58	4300	59.999173	0.0	2307787	26	4.3
1527659830.75	4300	59.748334	0.0	2143948	26	4.3
1527659834.39	4300	59.999499	0.0	1919781	17	4.3
1527659839.05	4300	59.499159	0.0	2147467	25	4.3
1527659842.71	4300	59.749613	0.0	2133870	22	4.3
1527659846.86	4300	59.748748	0.0	2146120	22	4.3
1527659850.53	4300	59.997861	0.0	2108491	25	4.3
1527659854.68	4300	59.748855	0.0	2184571	25	4.3
1527659858.84	4300	59.749615	0.0	2121928	23	4.3
1527659863.0	4300	59.499312	0.0	2219102	27	4.3
1527659866.66	4300	59.748676	0.0	2124950	24	4.3
1527659870.8	4300	59.748782	0.0	2246506	23	4.3
1527659874.43	4300	59.999153	0.0	1961140	25	4.3
1527659878.56	4300	59.99908	0.0	2155012	25	4.3
1527659880.17	4300	59.928507	0.0	1433658	17	4.3

1527659880.4	750	4	0.013	668286	2	-0.05589999999999995
1527659880.56	4300	7.947662	0.0	2123065	27	0.75
1527659880.7	4300	11.80367	0.0	2177073	24	4.3
1527659880.84	4300	15.670189	0.0	2160877	15	4.3
1527659880.98	4300	19.529016	0.0	2233056	23	4.3
1527659881.12	4300	23.383613	0.0	1941625	24	4.3
1527659881.27	4300	27.235068	0.0	2157535	25	4.3
1527659881.41	4300	31.097655	0.0	2290172	16	4.3
1527659881.55	4300	34.958905	0.0	2055469	22	4.3
1527659881.73	4300	38.77881	0.0	2169201	23	4.3
1527659881.87	4300	42.632185	0.0	2173522	25	4.3
1527659882.02	4300	46.485838	0.0	2102452	25	4.3
1527659882.17	4300	50.333327	0.0	2209463	26	4.3
1527659882.32	4300	54.18327	0.0	2275376	26	4.3
1527659882.47	4300	58.037471	0.0	2005399	24	4.3
1527659885.14	4300	59.499612	0.0	2152483	13	4.3
1527659888.8	4300	59.749868	0.0	2289689	27	4.3
1527659893.0	4300	59.749395	0.0	2059512	24	4.3
1527659897.16	4300	59.499592	0.0	2220726	25	4.3
1527659900.81	4300	59.749272	0.0	2156729	21	4.3
1527659904.96	4300	59.749366	0.0	2039773	24	4.3
1527659909.11	4300	59.49934	0.0	2176469	20	4.3
1527659912.77	4300	59.749973	0.0	2221506	24	4.3
1527659916.93	4300	59.748823	0.0	2044075	24	4.3
1527659921.08	4300	59.500461	0.0	2186790	23	4.3
1527659925.24	4300	59.499909	0.0	2105231	25	4.3
1527659928.89	4300	59.749247	0.0	2395588	25	4.3
1527659932.54	4300	59.999417	0.0	1972048	24	4.3
1527659937.21	4300	59.499389	0.0	2134614	25	4.3
1527659940.86	4300	59.750601	0.0	2164140	24	4.3
1527659945.04	4300	59.49882	0.0	2113193	23	4.3
1527659949.19	4300	59.499763	0.0	2147852	22	4.3
1527659952.86	4300	59.750245	0.0	2191074	24	4.3
1527659957.02	4300	59.499842	0.0	2286761	27	4.3
1527659961.17	4300	59.500151	0.0	2307787	21	4.3
1527659964.81	4300	59.749922	0.0	2143948	17	4.3
1527659968.96	4300	59.749514	0.0	1919781	21	4.3
1527659973.12	4300	59.500082	0.0	2147467	18	4.3
1527659976.77	4300	59.749393	0.0	2133870	23	4.3
1527659980.93	4300	59.749212	0.0	2146120	26	4.3
1527659985.09	4300	59.500353	0.0	2108491	24	4.3
1527659988.75	4300	59.999327	0.0	2184571	23	4.3
1527659992.9	4300	59.748738	0.0	2121928	24	4.3
1527659997.05	4300	59.50038	0.0	2219102	20	4.3
1527660000.7	4300	59.99898	0.0	2124950	22	4.3
1527660004.85	4300	59.749427	0.0	2246506	13	4.3
1527660008.98	4300	59.749219	0.0	1961140	20	4.3
1527660013.12	4300	59.498722	0.0	2155012	27	4.3
1527660014.73	4300	59.679492	0.0	1433658	16	4.3

1527660014.94	750	4	0.013	668286	3	-0.05589999999999995
1527660015.12	4300	7.947425	0.0	2123065	19	0.75
1527660015.26	4300	11.799801	0.0	2177073	22	4.3
1527660015.42	4300	15.647046	0.0	2160877	21	4.3
1527660015.57	4300	19.495356	0.0	2233056	19	4.3
1527660015.72	4300	23.346599	0.0	1941625	15	4.3
1527660015.86	4300	27.205964	0.0	2157535	22	4.3
1527660016.01	4300	31.059534	0.0	2290172	25	4.3
1527660016.15	4300	34.912023	0.0	2055469	25	4.3
1527660016.3	4300	38.762855	0.0	2169201	23	4.3
1527660016.45	4300	42.610752	0.0	2173522	25	4.3
1527660016.61	4300	46.459919	0.0	2102452	26	4.3
1527660016.76	4300	50.309461	0.0	2209463	25	4.3
1527660016.91	4300	54.151313	0.0	2275376	23	4.3
1527660017.06	4300	58.003607	0.0	2005399	18	4.3
1527660019.73	4300	59.497944	0.0	2152483	7	4.3
1527660023.39	4300	59.749642	0.0	2289689	26	4.3
1527660027.55	4300	59.748318	0.0	2059512	26	4.3
1527660031.21	4300	59.997989	0.0	2220726	26	4.3
1527660035.37	4300	59.749136	0.0	2156729	25	4.3
1527660039.52	4300	59.748011	0.0	2039773	21	4.3
1527660043.17	4300	59.99922	0.0	2176469	21	4.3
1527660047.32	4300	59.748113	0.0	2221506	24	4.3
1527660051.47	4300	59.749153	0.0	2044075	20	4.3
1527660055.13	4300	59.998806	0.0	2186790	25	4.3
1527660059.29	4300	59.997812	0.0	2105231	24	4.3
1527660063.45	4300	59.747939	0.0	2395588	27	4.3
1527660067.61	4300	59.4996	0.0	1972048	22	4.3
