1527637977.36	750	4	0.026	2354772	6	-0.11180000000000001
1527637977.5	4300	7.962971	0.0	2123065	24	0.75
1527637977.68	4300	11.78575	0.0	2177073	27	4.3
1527637977.82	4300	15.651191	0.0	2160877	12	4.3
1527637977.96	4300	19.508531	0.0	2233056	23	4.3
1527637978.1	4300	23.366398	0.0	1941625	23	4.3
1527637978.25	4300	27.217619	0.0	2157535	27	4.3
1527637978.4	4300	31.067139	0.0	2290172	28	4.3
1527637978.55	4300	34.915569	0.0	2055469	24	4.3
1527637978.71	4300	38.761689	0.0	2169201	24	4.3
1527637978.85	4300	42.615624	0.0	2173522	26	4.3
1527637979.0	4300	46.466682	0.0	2102452	25	4.3
1527637979.14	4300	50.330325	0.0	2209463	19	4.3
1527637979.29	4300	54.175026	0.0	2275376	24	4.3
1527637979.43	4300	58.03902	0.0	2005399	21	4.3
1527637981.58	4300	59.999376	0.0	2152483	26	4.3
1527637985.74	4300	59.748431	0.0	2289689	26	4.3
1527637989.89	4300	59.748419	0.0	2059512	22	4.3
1527637993.55	4300	59.998204	0.0	2220726	25	4.3
1527637997.68	4300	59.998768	0.0	2156729	8	4.3
1527638001.83	4300	59.748454	0.0	2039773	21	4.3
1527638005.5	4300	59.997913	0.0	2176469	24	4.3
1527638009.66	4300	59.998353	0.0	2221506	24	4.3
1527638013.8	4300	59.749505	0.0	2044075	19	4.3
1527638017.96	4300	59.749443	0.0	2186790	27	4.3
1527638021.62	4300	59.999436	0.0	2105231	20	4.3
1527638025.78	4300	59.748794	0.0	2395588	24	4.3
1527638029.93	4300	59.748637	0.0	1972048	25	4.3
1527638033.58	4300	59.998229	0.0	2134614	23	4.3
1527638037.74	4300	59.749105	0.0	2164140	24	4.3
1527638041.89	4300	59.749535	0.0	2113193	21	4.3
1527638045.55	4300	59.998973	0.0	2147852	28	4.3
1527638049.71	4300	59.998571	0.0	2191074	25	4.3
1527638053.86	4300	59.748886	0.0	2286761	19	4.3
1527638057.52	4300	59.997972	0.0	2307787	24	4.3
1527638061.68	4300	59.998052	0.0	2143948	26	4.3
1527638065.84	4300	59.749619	0.0	1919781	14	4.3
1527638069.5	4300	59.999122	0.0	2147467	22	4.3
1527638073.66	4300	59.998541	0.0	2133870	24	4.3
1527638077.81	4300	59.74799	0.0	2146120	15	4.3
1527638081.97	4300	59.749005	0.0	2108491	20	4.3
1527638086.13	4300	59.499409	0.0	2184571	25	4.3
1527638089.78	4300	59.748999	0.0	2121928	19	4.3
1527638093.93	4300	59.748954	0.0	2219102	23	4.3
1527638098.11	4300	59.498839	0.0	2124950	18	4.3
1527638101.8	4300	59.749241	0.0	2246506	28	4.3
1527638105.93	4300	59.748569	0.0	1961140	21	4.3
1527638109.57	4300	59.999008	0.0	2155012	27	4.3
1527638111.82	4300	59.679237	0.0	1433658	16	4.3

1527638112.05	750	4	0.018	668286	5	-0.07740000000000002
1527638112.2	4300	7.963124	0.0	2123065	13	0.75
1527638112.34	4300	11.824672	0.0	2177073	20	4.3
1527638112.48	4300	15.681921	0.0	2160877	18	4.3
1527638112.63	4300	19.535916	0.0	2233056	26	4.3
1527638112.9	4300	23.260862	0.0	1941625	20	4.3
1527638113.05	4300	27.113811	0.0	2157535	24	4.3
1527638113.2	4300	30.963361	0.0	2290172	27	4.3
1527638113.34	4300	34.818937	0.0	2055469	24	4.3
1527638113.49	4300	38.667105	0.0	2169201	25	4.3
1527638113.65	4300	42.515676	0.0	2173522	27	4.3
1527638113.8	4300	46.367237	0.0	2102452	27	4.3
1527638113.94	4300	50.218053	0.0	2209463	26	4.3
1527638114.09	4300	54.067278	0.0	2275376	27	4.3
1527638114.25	4300	57.919157	0.0	2005399	11	4.3
1527638116.91	4300	59.258167	0.0	2152483	27	4.3
1527638120.56	4300	59.757836	0.0	2289689	22	4.3
1527638124.72	4300	59.507485	0.0	2059512	22	4.3
1527638128.88	4300	59.507947	0.0	2220726	25	4.3
1527638132.53	4300	59.757578	0.0	2156729	19	4.3
1527638136.69	4300	59.507897	0.0	2039773	21	4.3
1527638140.85	4300	59.507561	0.0	2176469	25	4.3
1527638144.5	4300	59.75831	0.0	2221506	19	4.3
1527638148.66	4300	59.757685	0.0	2044075	23	4.3
1527638152.82	4300	59.508442	0.0	2186790	25	4.3
1527638156.47	4300	59.758464	0.0	2105231	20	4.3
1527638160.63	4300	59.758361	0.0	2395588	26	4.3
1527638164.79	4300	59.508332	0.0	1972048	25	4.3
1527638168.48	4300	59.757558	0.0	2134614	19	4.3
1527638172.65	4300	59.75816	0.0	2164140	24	4.3
1527638176.8	4300	59.507466	0.0	2113193	19	4.3
1527638180.46	4300	59.757828	0.0	2147852	25	4.3
1527638184.63	4300	59.757551	0.0	2191074	24	4.3
1527638188.79	4300	59.507719	0.0	2286761	27	4.3
1527638192.46	4300	59.756693	0.0	2307787	28	4.3
1527638196.61	4300	59.757284	0.0	2143948	17	4.3
1527638200.76	4300	59.506946	0.0	1919781	21	4.3
1527638204.41	4300	59.756808	0.0	2147467	19	4.3
1527638208.56	4300	59.757425	0.0	2133870	25	4.3
1527638212.73	4300	59.508412	0.0	2146120	25	4.3
1527638216.88	4300	59.508071	0.0	2108491	21	4.3
1527638220.54	4300	59.757014	0.0	2184571	26	4.3
1527638224.7	4300	59.507369	0.0	2121928	26	4.3
1527638228.88	4300	59.507623	0.0	2219102	26	4.3
1527638232.54	4300	59.758425	0.0	2124950	27	4.3
1527638236.68	4300	59.507487	0.0	2246506	21	4.3
1527638240.81	4300	59.507549	0.0	1961140	21	4.3
1527638244.45	4300	59.757024	0.0	2155012	26	4.3
1527638246.05	4300	59.937934	0.0	1433658	14	4.3

1527638246.3	750	4	0.019	668286	5	-0.0817
1527638246.45	4300	7.953131	0.0	2123065	14	0.75
1527638246.59	4300	11.812094	0.0	2177073	21	4.3
1527638246.74	4300	15.66059	0.0	2160877	19	4.3
1527638246.88	4300	19.518253	0.0	2233056	26	4.3
1527638247.03	4300	23.374566	0.0	1941625	24	4.3
1527638247.18	4300	27.223436	0.0	2157535	28	4.3
1527638247.33	4300	31.073937	0.0	2290172	29	4.3
1527638247.48	4300	34.924753	0.0	2055469	27	4.3
1527638247.63	4300	38.77503	0.0	2169201	26	4.3
1527638247.78	4300	42.626893	0.0	2173522	25	4.3
1527638247.93	4300	46.476387	0.0	2102452	25	4.3
1527638248.08	4300	50.325222	0.0	2209463	26	4.3
1527638248.21	4300	54.187626	0.0	2275376	20	4.3
1527638248.35	4300	58.049955	0.0	2005399	21	4.3
1527638250.51	4300	59.998837	0.0	2152483	13	4.3
1527638254.67	4300	59.748008	0.0	2289689	26	4.3
1527638258.82	4300	59.748866	0.0	2059512	15	4.3
1527638262.48	4300	59.997885	0.0	2220726	26	4.3
1527638266.64	4300	59.999308	0.0	2156729	25	4.3
1527638270.79	4300	59.749564	0.0	2039773	20	4.3
1527638274.45	4300	59.998046	0.0	2176469	27	4.3
1527638278.61	4300	59.997734	0.0	2221506	25	4.3
1527638282.78	4300	59.749385	0.0	2044075	22	4.3
1527638286.43	4300	59.998715	0.0	2186790	22	4.3
1527638290.59	4300	59.99904	0.0	2105231	25	4.3
1527638294.75	4300	59.74947	0.0	2395588	29	4.3
1527638298.93	4300	59.497998	0.0	1972048	21	4.3
1527638303.09	4300	59.499161	0.0	2134614	24	4.3
1527638306.76	4300	59.747776	0.0	2164140	26	4.3
1527638310.4	4300	59.999266	0.0	2113193	19	4.3
1527638314.56	4300	59.998625	0.0	2147852	23	4.3
1527638318.72	4300	59.748789	0.0	2191074	25	4.3
1527638322.88	4300	59.74913	0.0	2286761	21	4.3
1527638327.04	4300	59.499684	0.0	2307787	27	4.3
