1528257287.4	750	4	0.023	2354772	6	-0.09889999999999999
1528257287.54	4300	7.958904	0.0	2123065	18	0.75
1528257287.68	4300	11.819067	0.0	2177073	23	4.3
1528257287.82	4300	15.675005	0.0	2160877	21	4.3
1528257287.97	4300	19.52609	0.0	2233056	26	4.3
1528257288.11	4300	23.39109	0.0	1941625	17	4.3
1528257288.25	4300	27.249004	0.0	2157535	24	4.3
1528257288.39	4300	31.103876	0.0	2290172	25	4.3
1528257288.54	4300	34.958075	0.0	2055469	24	4.3
1528257288.69	4300	38.808624	0.0	2169201	24	4.3
1528257288.83	4300	42.666821	0.0	2173522	20	4.3
1528257288.97	4300	46.527553	0.0	2102452	22	4.3
1528257289.12	4300	50.382286	0.0	2209463	24	4.3
1528257289.28	4300	54.220888	0.0	2275376	26	4.3
1528257289.42	4300	58.081663	0.0	2005399	20	4.3
1528257292.07	4300	59.499301	0.0	2152483	22	4.3
1528257295.73	4300	59.999029	0.0	2289689	22	4.3
1528257299.88	4300	59.748105	0.0	2059512	23	4.3
1528257303.54	4300	59.998536	0.0	2220726	24	4.3
1528257307.73	4300	59.999199	0.0	2156729	24	4.3
1528257311.93	4300	59.749427	0.0	2039773	23	4.3
1528257315.58	4300	59.999319	0.0	2176469	24	4.3
1528257319.74	4300	59.998891	0.0	2221506	23	4.3
1528257323.9	4300	59.749027	0.0	2044075	22	4.3
1528257327.55	4300	59.99775	0.0	2186790	22	4.3
1528257331.71	4300	59.998836	0.0	2105231	23	4.3
1528257335.86	4300	59.747761	0.0	2395588	20	4.3
1528257339.52	4300	59.998089	0.0	1972048	22	4.3
1528257343.68	4300	59.999309	0.0	2134614	24	4.3
1528257347.83	4300	59.74956	0.0	2164140	21	4.3
1528257351.99	4300	59.748118	0.0	2113193	24	4.3
1528257355.63	4300	59.999293	0.0	2147852	20	4.3
1528257359.79	4300	59.748196	0.0	2191074	26	4.3
1528257363.96	4300	59.748135	0.0	2286761	25	4.3
1528257367.61	4300	59.998329	0.0	2307787	22	4.3
1528257371.76	4300	59.749201	0.0	2143948	24	4.3
1528257375.93	4300	59.749012	0.0	1919781	21	4.3
1528257380.08	4300	59.48801	0.0	2147467	21	4.3
1528257383.74	4300	59.997638	0.0	2133870	25	4.3
1528257387.9	4300	59.747812	0.0	2146120	23	4.3
1528257391.55	4300	59.998147	0.0	2108491	19	4.3
1528257395.7	4300	59.99883	0.0	2184571	24	4.3
1528257399.85	4300	59.749156	0.0	2121928	17	4.3
1528257403.51	4300	59.999038	0.0	2219102	27	4.3
1528257407.67	4300	59.999411	0.0	2124950	23	4.3
1528257411.84	4300	59.749311	0.0	2246506	26	4.3
1528257415.97	4300	59.749441	0.0	1961140	23	4.3
1528257419.62	4300	59.9994	0.0	2155012	22	4.3
1528257421.74	4300	59.678739	0.0	1433658	16	4.3

1528257421.96	750	4	0.012	668286	2	-0.05159999999999998
1528257422.13	4300	7.933568	0.0	2123065	10	0.75
1528257422.27	4300	11.794441	0.0	2177073	19	4.3
1528257422.41	4300	15.652012	0.0	2160877	25	4.3
1528257422.56	4300	19.506082	0.0	2233056	25	4.3
1528257422.7	4300	23.360298	0.0	1941625	23	4.3
1528257422.85	4300	27.21039	0.0	2157535	24	4.3
1528257423.0	4300	31.060934	0.0	2290172	27	4.3
1528257423.16	4300	34.910961	0.0	2055469	22	4.3
1528257423.3	4300	38.75944	0.0	2169201	22	4.3
1528257423.45	4300	42.613675	0.0	2173522	26	4.3
1528257423.61	4300	46.459008	0.0	2102452	23	4.3
1528257423.76	4300	50.310636	0.0	2209463	25	4.3
1528257423.9	4300	54.161447	0.0	2275376	25	4.3
1528257424.04	4300	58.026642	0.0	2005399	18	4.3
1528257426.2	4300	59.999408	0.0	2152483	9	4.3
1528257430.35	4300	59.749425	0.0	2289689	24	4.3
1528257434.52	4300	59.748562	0.0	2059512	21	4.3
1528257438.17	4300	59.998366	0.0	2220726	20	4.3
1528257442.32	4300	59.749429	0.0	2156729	24	4.3
1528257446.64	4300	59.747786	0.0	2039773	22	4.3
1528257450.35	4300	59.748025	0.0	2176469	20	4.3
1528257454.5	4300	59.747871	0.0	2221506	23	4.3
1528257458.15	4300	59.998905	0.0	2044075	18	4.3
1528257462.37	4300	59.998776	0.0	2186790	23	4.3
1528257466.53	4300	59.749068	0.0	2105231	22	4.3
1528257470.2	4300	59.999249	0.0	2395588	24	4.3
1528257474.36	4300	59.749277	0.0	1972048	23	4.3
1528257478.51	4300	59.749007	0.0	2134614	21	4.3
1528257482.17	4300	59.998996	0.0	2164140	24	4.3
1528257486.36	4300	59.749222	0.0	2113193	25	4.3
1528257490.51	4300	59.748046	0.0	2147852	20	4.3
1528257494.17	4300	59.99869	0.0	2191074	26	4.3
1528257498.33	4300	59.74925	0.0	2286761	25	4.3
1528257502.48	4300	59.748153	0.0	2307787	20	4.3
1528257506.65	4300	59.498936	0.0	2143948	24	4.3
1528257510.3	4300	59.99927	0.0	1919781	21	4.3
1528257514.46	4300	59.749547	0.0	2147467	24	4.3
1528257518.11	4300	59.998924	0.0	2133870	26	4.3
1528257522.28	4300	59.998775	0.0	2146120	24	4.3
1528257526.42	4300	59.749044	0.0	2108491	18	4.3
1528257530.08	4300	59.998785	0.0	2184571	25	4.3
1528257534.74	4300	59.499107	0.0	2121928	23	4.3
1528257538.39	4300	59.749586	0.0	2219102	24	4.3
1528257542.55	4300	59.748796	0.0	2124950	22	4.3
1528257546.2	4300	59.998789	0.0	2246506	25	4.3
1528257550.33	4300	59.74879	0.0	1961140	20	4.3
1528257554.47	4300	59.749132	0.0	2155012	24	4.3
1528257556.07	4300	59.929185	0.0	1433658	16	4.3

1528257556.3	750	4	0.017	668286	2	-0.07309999999999994
1528257556.46	4300	7.950073	0.0	2123065	18	0.75
1528257556.6	4300	11.80717	0.0	2177073	25	4.3
1528257556.75	4300	15.661673	0.0	2160877	21	4.3
1528257556.89	4300	19.521582	0.0	2233056	12	4.3
1528257557.03	4300	23.386335	0.0	1941625	22	4.3
1528257557.17	4300	27.240108	0.0	2157535	25	4.3
1528257557.31	4300	31.105308	0.0	2290172	17	4.3
1528257557.45	4300	34.96505	0.0	2055469	22	4.3
1528257557.59	4300	38.822329	0.0	2169201	25	4.3
1528257557.73	4300	42.686414	0.0	2173522	18	4.3
1528257557.87	4300	46.542274	0.0	2102452	23	4.3
1528257558.01	4300	50.399792	0.0	2209463	25	4.3
1528257558.16	4300	54.25298	0.0	2275376	28	4.3
1528257558.31	4300	58.104992	0.0	2005399	26	4.3
1528257560.46	4300	59.998585	0.0	2152483	13	4.3
1528257564.62	4300	59.998993	0.0	2289689	20	4.3
1528257568.78	4300	59.749337	0.0	2059512	19	4.3
