1527670868.12	750	4	0.013	450283	2	-0.05589999999999995
1527670868.26	4300	7.948525	0.0	2123065	18	0.75
1527670868.36	4300	11.839577	0.0	2177073	24	4.3
1527670868.46	4300	15.741073	0.0	2160877	25	4.3
1527670868.56	4300	19.645578	0.0	2233056	21	4.3
1527670868.63	4300	23.572298	0.0	1941625	12	4.3
1527670868.71	4300	27.493649	0.0	2157535	12	4.3
1527670868.8	4300	31.402571	0.0	2290172	15	4.3
1527670868.9	4300	35.300579	0.0	2055469	24	4.3
1527670869.0	4300	39.204086	0.0	2169201	26	4.3
1527670869.1	4300	43.103684	0.0	2173522	23	4.3
1527670869.2	4300	46.999485	0.0	2102452	26	4.3
1527670869.3	4300	50.903124	0.0	2209463	28	4.3
1527670869.39	4300	54.810094	0.0	2275376	25	4.3
1527670869.48	4300	58.719654	0.0	2005399	18	4.3
1527670872.6	4300	59.749465	0.0	2152483	21	4.3
1527670876.33	4300	59.999206	0.0	2289689	21	4.3
1527670880.48	4300	59.749583	0.0	2059512	23	4.3
1527670884.59	4300	59.749621	0.0	2220726	24	4.3
1527670888.7	4300	59.749373	0.0	2156729	25	4.3
1527670892.32	4300	59.999312	0.0	2039773	24	4.3
1527670896.42	4300	59.997927	0.0	2176469	20	4.3
1527670900.53	4300	59.748988	0.0	2221506	21	4.3
1527670904.65	4300	59.747892	0.0	2044075	21	4.3
1527670908.27	4300	59.999169	0.0	2186790	25	4.3
1527670912.38	4300	59.999194	0.0	2105231	20	4.3
1527670916.49	4300	59.747207	0.0	2395588	23	4.3
1527670920.59	4300	59.749173	0.0	1972048	22	4.3
1527670924.7	4300	59.749039	0.0	2134614	24	4.3
1527670928.31	4300	59.99848	0.0	2164140	22	4.3
1527670932.42	4300	59.998002	0.0	2113193	22	4.3
1527670936.52	4300	59.749486	0.0	2147852	23	4.3
1527670940.64	4300	59.747824	0.0	2191074	27	4.3
1527670944.25	4300	59.999102	0.0	2286761	24	4.3
1527670948.35	4300	59.998438	0.0	2307787	22	4.3
1527670952.46	4300	59.748137	0.0	2143948	20	4.3
1527670956.58	4300	59.748244	0.0	1919781	19	4.3
1527670960.69	4300	59.747783	0.0	2147467	18	4.3
1527670964.3	4300	59.997817	0.0	2133870	20	4.3
1527670968.41	4300	59.99858	0.0	2146120	24	4.3
1527670972.52	4300	59.749186	0.0	2108491	23	4.3
1527670976.64	4300	59.748245	0.0	2184571	26	4.3
1527670980.25	4300	59.998438	0.0	2121928	23	4.3
1527670984.35	4300	59.997638	0.0	2219102	20	4.3
1527670988.96	4300	59.249147	0.0	2124950	22	4.3
1527670992.57	4300	59.748912	0.0	2246506	24	4.3
1527670996.67	4300	59.749219	0.0	1961140	22	4.3
1527671000.28	4300	59.998727	0.0	2155012	25	4.3
1527671002.39	4300	59.679372	0.0	1433658	33	4.3

1527671002.6	750	4	0.015	668286	4	-0.0645
1527671002.67	4300	7.98101	0.0	2123065	7	0.75
1527671002.77	4300	11.886114	0.0	2177073	22	4.3
1527671002.86	4300	15.797157	0.0	2160877	24	4.3
1527671002.95	4300	19.701472	0.0	2233056	28	4.3
1527671003.03	4300	23.629181	0.0	1941625	12	4.3
1527671003.12	4300	27.539838	0.0	2157535	8	4.3
1527671003.21	4300	31.448221	0.0	2290172	19	4.3
1527671003.3	4300	35.355689	0.0	2055469	19	4.3
1527671003.4	4300	39.257726	0.0	2169201	23	4.3
1527671003.49	4300	43.164135	0.0	2173522	23	4.3
1527671003.58	4300	47.074534	0.0	2102452	24	4.3
1527671003.66	4300	50.998615	0.0	2209463	12	4.3
1527671003.76	4300	54.896273	0.0	2275376	28	4.3
1527671003.85	4300	58.805575	0.0	2005399	22	4.3
1527671006.95	4300	59.749296	0.0	2152483	23	4.3
1527671011.06	4300	59.748942	0.0	2289689	19	4.3
1527671014.66	4300	59.99861	0.0	2059512	17	4.3
1527671018.77	4300	59.999445	0.0	2220726	20	4.3
1527671022.87	4300	59.999471	0.0	2156729	20	4.3
1527671026.97	4300	59.749395	0.0	2039773	23	4.3
1527671031.08	4300	59.749487	0.0	2176469	25	4.3
1527671034.69	4300	59.999305	0.0	2221506	28	4.3
1527671038.79	4300	59.998355	0.0	2044075	22	4.3
1527671042.9	4300	59.999199	0.0	2186790	24	4.3
1527671047.01	4300	59.748915	0.0	2105231	23	4.3
1527671051.12	4300	59.749529	0.0	2395588	25	4.3
1527671055.23	4300	59.499613	0.0	1972048	23	4.3
1527671059.34	4300	59.499377	0.0	2134614	24	4.3
1527671062.97	4300	59.749233	0.0	2164140	25	4.3
1527671067.08	4300	59.749488	0.0	2113193	24	4.3
1527671070.69	4300	59.998387	0.0	2147852	25	4.3
1527671074.8	4300	59.999159	0.0	2191074	22	4.3
1527671078.91	4300	59.999457	0.0	2286761	25	4.3
1527671083.01	4300	59.748855	0.0	2307787	23	4.3
1527671087.12	4300	59.748237	0.0	2143948	24	4.3
1527671090.73	4300	59.998711	0.0	1919781	22	4.3
1527671094.84	4300	59.998771	0.0	2147467	24	4.3
1527671098.96	4300	59.749542	0.0	2133870	25	4.3
1527671103.06	4300	59.748773	0.0	2146120	23	4.3
1527671106.66	4300	59.998716	0.0	2108491	24	4.3
1527671110.77	4300	59.998623	0.0	2184571	22	4.3
1527671114.88	4300	59.999078	0.0	2121928	25	4.3
1527671118.98	4300	59.748941	0.0	2219102	25	4.3
1527671123.09	4300	59.692034	0.0	2124950	23	4.3
1527671126.71	4300	59.997828	0.0	2246506	27	4.3
1527671130.81	4300	59.998802	0.0	1961140	19	4.3
1527671134.92	4300	59.749286	0.0	2155012	23	4.3
1527671136.51	4300	59.92764	0.0	1433658	16	4.3

1527671136.74	750	4	0.015	668286	3	-0.0645
1527671136.85	4300	7.948812	0.0	2123065	19	0.75
1527671136.96	4300	11.841787	0.0	2177073	24	4.3
1527671137.06	4300	15.73627	0.0	2160877	24	4.3
1527671137.16	4300	19.642848	0.0	2233056	20	4.3
1527671137.25	4300	23.548692	0.0	1941625	13	4.3
1527671137.35	4300	27.446708	0.0	2157535	27	4.3
1527671137.45	4300	31.350735	0.0	2290172	26	4.3
1527671137.54	4300	35.26044	0.0	2055469	18	4.3
1527671137.63	4300	39.170941	0.0	2169201	21	4.3
1527671137.72	4300	43.078044	0.0	2173522	22	4.3
1527671137.82	4300	46.985979	0.0	2102452	19	4.3
1527671137.92	4300	50.877663	0.0	2209463	27	4.3
1527671138.02	4300	54.784126	0.0	2275376	26	4.3
1527671138.11	4300	58.693321	0.0	2005399	20	4.3
1527671141.22	4300	59.749101	0.0	2152483	22	4.3
1527671144.94	4300	59.998758	0.0	2289689	24	4.3
1527671149.04	4300	59.999256	0.0	2059512	22	4.3
1527671153.16	4300	59.749298	0.0	2220726	25	4.3
1527671157.29	4300	59.749635	0.0	2156729	22	4.3
1527671161.15	4300	59.999109	0.0	2039773	24	4.3
1527671165.23	4300	59.748021	0.0	2176469	20	4.3
1527671169.33	4300	59.497934	0.0	2221506	22	4.3
1527671172.94	4300	59.999482	0.0	2044075	23	4.3
1527671177.04	4300	59.999227	0.0	2186790	19	4.3
