1528192573.12	750	4	0.011	450283	2	-0.04730000000000001
1528192573.23	4300	7.950673	0.0	2123065	20	0.75
1528192573.32	4300	11.855958	0.0	2177073	22	4.3
1528192573.43	4300	15.750567	0.0	2160877	23	4.3
1528192573.52	4300	19.661336	0.0	2233056	18	4.3
1528192573.59	4300	23.593687	0.0	1941625	6	4.3
1528192573.66	4300	27.516027	0.0	2157535	15	4.3
1528192573.76	4300	31.416112	0.0	2290172	27	4.3
1528192573.84	4300	35.343313	0.0	2055469	12	4.3
1528192573.94	4300	39.240271	0.0	2169201	27	4.3
1528192574.01	4300	43.16781	0.0	2173522	12	4.3
1528192574.1	4300	47.080524	0.0	2102452	20	4.3
1528192574.19	4300	50.990718	0.0	2209463	23	4.3
1528192574.28	4300	54.898015	0.0	2275376	23	4.3
1528192574.38	4300	58.795673	0.0	2005399	25	4.3
1528192577.51	4300	59.749914	0.0	2152483	26	4.3
1528192581.62	4300	59.75023	0.0	2289689	24	4.3
1528192585.73	4300	59.500277	0.0	2059512	23	4.3
1528192589.84	4300	59.500508	0.0	2220726	26	4.3
1528192593.44	4300	59.750117	0.0	2156729	25	4.3
1528192597.55	4300	59.749445	0.0	2039773	23	4.3
1528192601.66	4300	59.750674	0.0	2176469	26	4.3
1528192605.77	4300	59.500552	0.0	2221506	26	4.3
1528192609.38	4300	59.998822	0.0	2044075	24	4.3
1528192613.48	4300	59.748732	0.0	2186790	23	4.3
1528192617.59	4300	59.750108	0.0	2105231	24	4.3
1528192621.7	4300	59.497446	0.0	2395588	26	4.3
1528192625.29	4300	59.999208	0.0	1972048	11	4.3
1528192629.9	4300	59.499674	0.0	2134614	26	4.3
1528192633.52	4300	59.750246	0.0	2164140	21	4.3
1528192637.63	4300	59.74996	0.0	2113193	25	4.3
1528192641.74	4300	59.500358	0.0	2147852	25	4.3
1528192645.85	4300	59.498856	0.0	2191074	27	4.3
1528192649.46	4300	59.750076	0.0	2286761	28	4.3
1528192653.57	4300	59.750371	0.0	2307787	24	4.3
1528192657.67	4300	59.750594	0.0	2143948	22	4.3
1528192661.27	4300	59.998653	0.0	1919781	20	4.3
1528192665.38	4300	59.998615	0.0	2147467	22	4.3
1528192669.49	4300	59.750517	0.0	2133870	25	4.3
1528192673.6	4300	59.750087	0.0	2146120	24	4.3
1528192677.71	4300	59.50056	0.0	2108491	24	4.3
1528192681.82	4300	59.500607	0.0	2184571	26	4.3
1528192685.93	4300	59.500038	0.0	2121928	26	4.3
1528192689.54	4300	59.749809	0.0	2219102	24	4.3
1528192693.64	4300	59.687268	0.0	2124950	25	4.3
1528192697.75	4300	59.499054	0.0	2246506	28	4.3
1528192701.86	4300	59.500606	0.0	1961140	24	4.3
1528192705.46	4300	59.749989	0.0	2155012	25	4.3
1528192707.06	4300	59.929167	0.0	1433658	19	4.3

1528192707.25	750	4	0.02	2354772	6	-0.08599999999999997
1528192707.34	4300	7.967407	0.0	2123065	15	0.75
1528192707.44	4300	11.870321	0.0	2177073	25	4.3
1528192707.53	4300	15.772903	0.0	2160877	25	4.3
1528192707.61	4300	19.696977	0.0	2233056	12	4.3
1528192707.71	4300	23.597717	0.0	1941625	25	4.3
1528192707.8	4300	27.501459	0.0	2157535	23	4.3
1528192707.89	4300	31.420118	0.0	2290172	16	4.3
1528192707.99	4300	35.318377	0.0	2055469	35	4.3
1528192708.08	4300	39.225221	0.0	2169201	22	4.3
1528192708.17	4300	43.133641	0.0	2173522	20	4.3
1528192708.24	4300	47.062869	0.0	2102452	11	4.3
1528192708.34	4300	50.964733	0.0	2209463	26	4.3
1528192708.44	4300	54.870292	0.0	2275376	27	4.3
1528192708.52	4300	58.781137	0.0	2005399	24	4.3
1528192711.61	4300	59.747835	0.0	2152483	12	4.3
1528192715.73	4300	59.748189	0.0	2289689	39	4.3
1528192719.33	4300	59.999215	0.0	2059512	25	4.3
1528192723.44	4300	59.999354	0.0	2220726	23	4.3
1528192727.54	4300	59.998981	0.0	2156729	25	4.3
1528192731.65	4300	59.74875	0.0	2039773	24	4.3
1528192735.76	4300	59.749322	0.0	2176469	27	4.3
1528192739.37	4300	59.998854	0.0	2221506	26	4.3
1528192743.47	4300	59.998764	0.0	2044075	21	4.3
1528192747.58	4300	59.748643	0.0	2186790	25	4.3
1528192751.69	4300	59.749028	0.0	2105231	25	4.3
1528192755.8	4300	59.748829	0.0	2395588	26	4.3
1528192759.41	4300	59.999231	0.0	1972048	23	4.3
1528192763.52	4300	59.999321	0.0	2134614	26	4.3
1528192767.69	4300	59.749032	0.0	2164140	23	4.3
1528192771.79	4300	59.74847	0.0	2113193	22	4.3
1528192775.39	4300	59.99887	0.0	2147852	25	4.3
1528192779.5	4300	59.998706	0.0	2191074	27	4.3
1528192783.61	4300	59.748836	0.0	2286761	24	4.3
1528192787.72	4300	59.748875	0.0	2307787	28	4.3
1528192791.33	4300	59.999098	0.0	2143948	25	4.3
1528192795.43	4300	59.998485	0.0	1919781	22	4.3
1528192800.04	4300	59.498839	0.0	2147467	25	4.3
1528192803.67	4300	59.748695	0.0	2133870	24	4.3
1528192807.77	4300	59.749411	0.0	2146120	16	4.3
1528192811.38	4300	59.998617	0.0	2108491	22	4.3
1528192815.5	4300	59.998193	0.0	2184571	25	4.3
1528192819.58	4300	59.747972	0.0	2121928	7	4.3
1528192823.7	4300	59.749406	0.0	2219102	26	4.3
1528192827.8	4300	59.6887	0.0	2124950	27	4.3
1528192831.41	4300	59.997627	0.0	2246506	28	4.3
