1528199783.17	750	4	0.012	450283	2	-0.05159999999999998
1528199783.26	4300	7.961371	0.0	2123065	16	0.75
1528199783.35	4300	11.873579	0.0	2177073	25	4.3
1528199783.42	4300	15.799224	0.0	2160877	12	4.3
1528199783.52	4300	19.697149	0.0	2233056	24	4.3
1528199783.62	4300	23.60387	0.0	1941625	24	4.3
1528199783.71	4300	27.511765	0.0	2157535	24	4.3
1528199783.8	4300	31.421305	0.0	2290172	27	4.3
1528199783.89	4300	35.329823	0.0	2055469	21	4.3
1528199783.99	4300	39.233356	0.0	2169201	25	4.3
1528199784.08	4300	43.139228	0.0	2173522	21	4.3
1528199784.18	4300	47.035659	0.0	2102452	27	4.3
1528199784.28	4300	50.944336	0.0	2209463	24	4.3
1528199784.37	4300	54.852854	0.0	2275376	26	4.3
1528199784.46	4300	58.760372	0.0	2005399	21	4.3
1528199787.58	4300	59.749537	0.0	2152483	19	4.3
1528199791.69	4300	59.7493	0.0	2289689	23	4.3
1528199795.79	4300	59.499249	0.0	2059512	24	4.3
1528199799.4	4300	59.998953	0.0	2220726	28	4.3
1528199803.51	4300	59.749496	0.0	2156729	23	4.3
1528199807.61	4300	59.748757	0.0	2039773	23	4.3
1528199811.72	4300	59.748153	0.0	2176469	24	4.3
1528199815.33	4300	59.998999	0.0	2221506	28	4.3
1528199819.43	4300	59.99903	0.0	2044075	21	4.3
1528199823.54	4300	59.749289	0.0	2186790	24	4.3
1528199827.65	4300	59.749075	0.0	2105231	25	4.3
1528199831.26	4300	59.998721	0.0	2395588	27	4.3
1528199835.36	4300	59.998734	0.0	1972048	20	4.3
1528199839.47	4300	59.999473	0.0	2134614	25	4.3
1528199843.58	4300	59.748506	0.0	2164140	25	4.3
1528199847.69	4300	59.748183	0.0	2113193	24	4.3
1528199851.3	4300	59.998997	0.0	2147852	23	4.3
1528199855.4	4300	59.998911	0.0	2191074	23	4.3
1528199859.51	4300	59.749162	0.0	2286761	26	4.3
1528199863.62	4300	59.749389	0.0	2307787	28	4.3
1528199867.23	4300	59.999336	0.0	2143948	26	4.3
1528199871.33	4300	59.999373	0.0	1919781	23	4.3
1528199875.44	4300	59.997396	0.0	2147467	25	4.3
1528199879.56	4300	59.747894	0.0	2133870	23	4.3
1528199883.66	4300	59.749272	0.0	2146120	21	4.3
1528199887.27	4300	59.998151	0.0	2108491	27	4.3
1528199891.37	4300	59.999482	0.0	2184571	23	4.3
1528199895.48	4300	59.747884	0.0	2121928	22	4.3
1528199899.59	4300	59.749152	0.0	2219102	26	4.3
1528199903.7	4300	59.676229	0.0	2124950	25	4.3
1528199907.81	4300	59.499589	0.0	2246506	26	4.3
1528199911.42	4300	59.999474	0.0	1961140	21	4.3
1528199915.54	4300	59.747967	0.0	2155012	24	4.3
1528199917.14	4300	59.928364	0.0	1433658	18	4.3

1528199917.33	750	4	0.029	2354772	11	-0.12470000000000003
1528199917.41	4300	7.966996	0.0	2123065	19	0.75
1528199917.51	4300	11.874273	0.0	2177073	26	4.3
1528199917.59	4300	15.786632	0.0	2160877	22	4.3
1528199917.67	4300	19.711981	0.0	2233056	10	4.3
1528199917.75	4300	23.625224	0.0	1941625	20	4.3
1528199917.84	4300	27.538288	0.0	2157535	22	4.3
1528199917.92	4300	31.462418	0.0	2290172	14	4.3
1528199918.02	4300	35.361589	0.0	2055469	24	4.3
1528199918.09	4300	39.289216	0.0	2169201	12	4.3
1528199918.19	4300	43.189002	0.0	2173522	26	4.3
1528199918.29	4300	47.091508	0.0	2102452	27	4.3
1528199918.38	4300	50.996864	0.0	2209463	22	4.3
1528199918.49	4300	54.89267	0.0	2275376	24	4.3
1528199918.58	4300	58.795298	0.0	2005399	23	4.3
1528199921.69	4300	59.747754	0.0	2152483	24	4.3
1528199925.79	4300	59.748315	0.0	2289689	22	4.3
1528199929.39	4300	59.998807	0.0	2059512	24	4.3
1528199933.49	4300	59.999168	0.0	2220726	23	4.3
1528199937.6	4300	59.998936	0.0	2156729	24	4.3
1528199941.71	4300	59.749568	0.0	2039773	23	4.3
1528199945.82	4300	59.748356	0.0	2176469	24	4.3
1528199949.43	4300	59.997864	0.0	2221506	28	4.3
1528199953.53	4300	59.998013	0.0	2044075	24	4.3
1528199957.64	4300	59.749364	0.0	2186790	26	4.3
1528199961.75	4300	59.748926	0.0	2105231	26	4.3
1528199965.86	4300	59.748906	0.0	2395588	30	4.3
1528199969.47	4300	59.997788	0.0	1972048	24	4.3
1528199973.57	4300	59.998808	0.0	2134614	24	4.3
1528199977.68	4300	59.748808	0.0	2164140	27	4.3
1528199981.79	4300	59.749196	0.0	2113193	27	4.3
1528199985.4	4300	59.997908	0.0	2147852	28	4.3
1528199989.51	4300	59.99933	0.0	2191074	24	4.3
1528199993.61	4300	59.999075	0.0	2286761	27	4.3
1528199997.72	4300	59.748516	0.0	2307787	25	4.3
1528200001.83	4300	59.749029	0.0	2143948	26	4.3
1528200005.43	4300	59.999467	0.0	1919781	24	4.3
1528200010.04	4300	59.498652	0.0	2147467	25	4.3
1528200013.65	4300	59.749602	0.0	2133870	20	4.3
1528200017.75	4300	59.749078	0.0	2146120	17	4.3
1528200021.85	4300	59.748945	0.0	2108491	22	4.3
1528200025.96	4300	59.498331	0.0	2184571	24	4.3
1528200029.57	4300	59.99909	0.0	2121928	25	4.3
1528200033.71	4300	59.749241	0.0	2219102	18	4.3
1528200037.81	4300	59.689673	0.0	2124950	21	4.3
1528200041.94	4300	59.498412	0.0	2246506	22	4.3
1528200045.55	4300	59.998816	0.0	1961140	22	4.3
1528200049.65	4300	59.748327	0.0	2155012	26	4.3
1528200051.26	4300	59.928734	0.0	1433658	39	4.3

1528200051.46	750	4	0.024	2354772	9	-0.10319999999999996
1528200051.52	4300	7.987876	0.0	2123065	7	0.75
1528200051.61	4300	11.898767	0.0	2177073	24	4.3
1528200051.71	4300	15.800698	0.0	2160877	17	4.3
1528200051.8	4300	19.708091	0.0	2233056	20	4.3
1528200051.89	4300	23.62172	0.0	1941625	21	4.3
1528200051.98	4300	27.530279	0.0	2157535	21	4.3
1528200052.07	4300	31.436447	0.0	2290172	24	4.3
1528200052.16	4300	35.345372	0.0	2055469	19	4.3
1528200052.25	4300	39.256473	0.0	2169201	18	4.3
1528200052.35	4300	43.152886	0.0	2173522	24	4.3
1528200052.44	4300	47.0718	0.0	2102452	15	4.3
1528200052.54	4300	50.970246	0.0	2209463	27	4.3
1528200052.63	4300	54.874729	0.0	2275376	27	4.3
1528200052.72	4300	58.787578	0.0	2005399	23	4.3
1528200055.82	4300	59.7484	0.0	2152483	24	4.3
1528200059.92	4300	59.748556	0.0	2289689	22	4.3
1528200064.03	4300	59.498017	0.0	2059512	21	4.3
1528200067.63	4300	59.997919	0.0	2220726	26	4.3
1528200071.74	4300	59.998334	0.0	2156729	24	4.3
1528200075.84	4300	59.74749	0.0	2039773	22	4.3
1528200079.96	4300	59.748789	0.0	2176469	27	4.3
