1527775745.12	750	4	0.022	2354772	7	-0.09460000000000002
1527775745.27	4300	7.957906	0.0	2123065	25	0.75
1527775745.4	4300	11.830114	0.0	2177073	16	4.3
1527775745.53	4300	15.698746	0.0	2160877	14	4.3
1527775745.66	4300	19.570206	0.0	2233056	15	4.3
1527775745.79	4300	23.439181	0.0	1941625	19	4.3
1527775745.92	4300	27.308411	0.0	2157535	16	4.3
1527775746.06	4300	31.170778	0.0	2290172	23	4.3
1527775746.18	4300	35.045487	0.0	2055469	14	4.3
1527775746.32	4300	38.90967	0.0	2169201	15	4.3
1527775746.46	4300	42.771648	0.0	2173522	19	4.3
1527775746.59	4300	46.636458	0.0	2102452	24	4.3
1527775746.87	4300	50.355187	0.0	2209463	21	4.3
1527775747.01	4300	54.216205	0.0	2275376	14	4.3
1527775747.13	4300	58.104538	0.0	2005399	8	4.3
1527775749.26	4300	59.998674	0.0	2152483	15	4.3
1527775753.43	4300	59.997403	0.0	2289689	28	4.3
1527775757.57	4300	59.747767	0.0	2059512	18	4.3
1527775761.72	4300	59.749387	0.0	2220726	18	4.3
1527775765.37	4300	59.999291	0.0	2156729	25	4.3
1527775769.53	4300	59.749397	0.0	2039773	24	4.3
1527775773.68	4300	59.749155	0.0	2176469	21	4.3
1527775777.33	4300	59.998723	0.0	2221506	19	4.3
1527775781.48	4300	59.748871	0.0	2044075	22	4.3
1527775785.64	4300	59.749036	0.0	2186790	26	4.3
1527775789.3	4300	59.997384	0.0	2105231	21	4.3
1527775793.45	4300	59.998475	0.0	2395588	27	4.3
1527775797.61	4300	59.749297	0.0	1972048	22	4.3
1527775801.26	4300	59.999385	0.0	2134614	26	4.3
1527775805.41	4300	59.99942	0.0	2164140	24	4.3
1527775809.56	4300	59.748195	0.0	2113193	20	4.3
1527775813.73	4300	59.749372	0.0	2147852	27	4.3
1527775817.38	4300	59.998619	0.0	2191074	18	4.3
1527775821.53	4300	59.749013	0.0	2286761	22	4.3
1527775825.7	4300	59.749326	0.0	2307787	37	4.3
1527775829.34	4300	59.999314	0.0	2143948	20	4.3
1527775833.5	4300	59.748551	0.0	1919781	22	4.3
1527775837.7	4300	59.748491	0.0	2147467	21	4.3
1527775841.35	4300	59.999411	0.0	2133870	22	4.3
1527775845.5	4300	59.748769	0.0	2146120	25	4.3
1527775849.65	4300	59.749401	0.0	2108491	21	4.3
1527775853.3	4300	59.999429	0.0	2184571	24	4.3
1527775857.46	4300	59.999105	0.0	2121928	25	4.3
1527775861.63	4300	59.74933	0.0	2219102	27	4.3
1527775865.3	4300	59.999243	0.0	2124950	23	4.3
1527775869.44	4300	59.999112	0.0	2246506	21	4.3
1527775873.58	4300	59.747609	0.0	1961140	22	4.3
1527775877.71	4300	59.749166	0.0	2155012	24	4.3
1527775879.32	4300	59.678771	0.0	1433658	17	4.3

1527775879.53	750	4	0.015	668286	5	-0.0645
1527775879.68	4300	7.954094	0.0	2123065	20	0.75
1527775879.82	4300	11.811677	0.0	2177073	25	4.3
1527775879.95	4300	15.689114	0.0	2160877	10	4.3
1527775880.1	4300	19.536952	0.0	2233056	28	4.3
1527775880.22	4300	23.417223	0.0	1941625	10	4.3
1527775880.34	4300	27.295755	0.0	2157535	11	4.3
1527775880.47	4300	31.171129	0.0	2290172	13	4.3
1527775880.61	4300	35.02717	0.0	2055469	25	4.3
1527775880.74	4300	38.895189	0.0	2169201	17	4.3
1527775880.88	4300	42.758305	0.0	2173522	25	4.3
1527775881.0	4300	46.639223	0.0	2102452	12	4.3
1527775881.12	4300	50.517983	0.0	2209463	12	4.3
1527775881.24	4300	54.396859	0.0	2275376	13	4.3
1527775881.38	4300	58.252246	0.0	2005399	11	4.3
1527775884.01	4300	59.749469	0.0	2152483	12	4.3
1527775887.66	4300	59.998511	0.0	2289689	24	4.3
1527775891.82	4300	59.999176	0.0	2059512	22	4.3
1527775895.97	4300	59.749306	0.0	2220726	19	4.3
1527775900.12	4300	59.74892	0.0	2156729	25	4.3
1527775903.8	4300	59.998547	0.0	2039773	26	4.3
1527775907.95	4300	59.747569	0.0	2176469	25	4.3
1527775912.21	4300	59.749063	0.0	2221506	23	4.3
1527775915.9	4300	59.999457	0.0	2044075	25	4.3
1527775920.05	4300	59.749378	0.0	2186790	21	4.3
1527775923.7	4300	59.99883	0.0	2105231	20	4.3
1527775927.85	4300	59.997572	0.0	2395588	26	4.3
1527775932.0	4300	59.749304	0.0	1972048	19	4.3
1527775935.66	4300	59.99905	0.0	2134614	26	4.3
1527775939.8	4300	59.998928	0.0	2164140	20	4.3
1527775943.96	4300	59.749245	0.0	2113193	23	4.3
1527775948.11	4300	59.748585	0.0	2147852	23	4.3
1527775951.77	4300	59.999275	0.0	2191074	27	4.3
1527775955.92	4300	59.747701	0.0	2286761	25	4.3
1527775960.08	4300	59.749214	0.0	2307787	24	4.3
1527775963.74	4300	59.998952	0.0	2143948	24	4.3
1527775967.89	4300	59.748944	0.0	1919781	22	4.3
1527775972.07	4300	59.748438	0.0	2147467	26	4.3
1527775975.74	4300	59.99893	0.0	2133870	26	4.3
1527775979.9	4300	59.749012	0.0	2146120	26	4.3
1527775984.15	4300	59.748306	0.0	2108491	19	4.3
1527775987.8	4300	59.998464	0.0	2184571	21	4.3
1527775991.96	4300	59.748415	0.0	2121928	26	4.3
1527775996.17	4300	59.749573	0.0	2219102	26	4.3
1527775999.85	4300	59.997616	0.0	2124950	24	4.3
1527776004.0	4300	59.748881	0.0	2246506	23	4.3
1527776008.13	4300	59.749037	0.0	1961140	20	4.3
