1527751037.87	750	4	0.018	450283	4	-0.07740000000000002
1527751038.03	4300	7.949947	0.0	2123065	18	0.75
1527751038.16	4300	11.811117	0.0	2177073	26	4.3
1527751038.31	4300	15.665763	0.0	2160877	22	4.3
1527751038.43	4300	19.546036	0.0	2233056	12	4.3
1527751038.57	4300	23.410793	0.0	1941625	17	4.3
1527751038.69	4300	27.283062	0.0	2157535	13	4.3
1527751038.83	4300	31.149923	0.0	2290172	19	4.3
1527751038.95	4300	35.029317	0.0	2055469	11	4.3
1527751039.07	4300	38.909798	0.0	2169201	13	4.3
1527751039.21	4300	42.764299	0.0	2173522	24	4.3
1527751039.33	4300	46.644876	0.0	2102452	13	4.3
1527751039.44	4300	50.532575	0.0	2209463	8	4.3
1527751039.57	4300	54.404696	0.0	2275376	21	4.3
1527751039.69	4300	58.288586	0.0	2005399	9	4.3
1527751042.35	4300	59.747834	0.0	2152483	20	4.3
1527751046.0	4300	59.998863	0.0	2289689	25	4.3
1527751050.65	4300	59.49948	0.0	2059512	26	4.3
1527751054.31	4300	59.749086	0.0	2220726	25	4.3
1527751058.47	4300	59.749095	0.0	2156729	25	4.3
1527751062.61	4300	59.499648	0.0	2039773	19	4.3
1527751066.27	4300	59.748417	0.0	2176469	25	4.3
1527751070.43	4300	59.749124	0.0	2221506	25	4.3
1527751074.58	4300	59.498788	0.0	2044075	21	4.3
1527751078.23	4300	59.998405	0.0	2186790	21	4.3
1527751082.38	4300	59.749439	0.0	2105231	24	4.3
1527751086.53	4300	59.487506	0.0	2395588	19	4.3
1527751090.16	4300	59.998778	0.0	1972048	11	4.3
1527751094.3	4300	59.749186	0.0	2134614	15	4.3
1527751098.45	4300	59.74881	0.0	2164140	27	4.3
1527751102.1	4300	59.999188	0.0	2113193	21	4.3
1527751106.25	4300	59.749065	0.0	2147852	24	4.3
1527751110.4	4300	59.749153	0.0	2191074	23	4.3
1527751114.05	4300	59.997815	0.0	2286761	18	4.3
1527751118.2	4300	59.99923	0.0	2307787	24	4.3
1527751122.35	4300	59.748989	0.0	2143948	19	4.3
1527751126.0	4300	59.999233	0.0	1919781	20	4.3
1527751130.15	4300	59.99936	0.0	2147467	21	4.3
1527751134.31	4300	59.748673	0.0	2133870	25	4.3
1527751138.47	4300	59.749455	0.0	2146120	25	4.3
1527751142.62	4300	59.49963	0.0	2108491	22	4.3
1527751146.27	4300	59.749328	0.0	2184571	21	4.3
1527751150.42	4300	59.749162	0.0	2121928	22	4.3
1527751154.09	4300	59.999306	0.0	2219102	27	4.3
1527751158.25	4300	59.748999	0.0	2124950	24	4.3
1527751162.39	4300	59.748725	0.0	2246506	24	4.3
1527751166.03	4300	59.998785	0.0	1961140	21	4.3
1527751170.16	4300	59.997957	0.0	2155012	26	4.3
1527751171.83	4300	59.928211	0.0	1433658	17	4.3

1527751172.21	750	4	0.018	668286	2	-0.07740000000000002
1527751172.36	4300	7.948077	0.0	2123065	20	0.75
1527751172.51	4300	11.802816	0.0	2177073	28	4.3
1527751172.65	4300	15.663621	0.0	2160877	14	4.3
1527751172.77	4300	19.541727	0.0	2233056	13	4.3
1527751172.9	4300	23.408605	0.0	1941625	20	4.3
1527751173.04	4300	27.280385	0.0	2157535	15	4.3
1527751173.17	4300	31.13744	0.0	2290172	21	4.3
1527751173.29	4300	35.018641	0.0	2055469	12	4.3
1527751173.41	4300	38.896806	0.0	2169201	12	4.3
1527751173.57	4300	42.747626	0.0	2173522	25	4.3
1527751173.71	4300	46.604682	0.0	2102452	26	4.3
1527751173.85	4300	50.459204	0.0	2209463	24	4.3
1527751173.97	4300	54.338609	0.0	2275376	13	4.3
1527751174.11	4300	58.201661	0.0	2005399	19	4.3
1527751176.74	4300	59.749709	0.0	2152483	12	4.3
1527751180.45	4300	59.99934	0.0	2289689	26	4.3
1527751184.59	4300	59.748768	0.0	2059512	21	4.3
1527751188.74	4300	59.748437	0.0	2220726	17	4.3
1527751192.4	4300	59.997589	0.0	2156729	25	4.3
1527751197.06	4300	59.497871	0.0	2039773	23	4.3
1527751200.71	4300	59.747258	0.0	2176469	28	4.3
1527751204.35	4300	59.999337	0.0	2221506	17	4.3
1527751208.51	4300	59.999389	0.0	2044075	22	4.3
1527751212.67	4300	59.749481	0.0	2186790	23	4.3
1527751216.32	4300	59.999209	0.0	2105231	20	4.3
1527751220.48	4300	59.999054	0.0	2395588	27	4.3
1527751224.64	4300	59.749418	0.0	1972048	23	4.3
1527751228.78	4300	59.748463	0.0	2134614	17	4.3
1527751232.45	4300	59.999473	0.0	2164140	24	4.3
1527751236.59	4300	59.749585	0.0	2113193	16	4.3
1527751240.75	4300	59.749211	0.0	2147852	25	4.3
1527751244.41	4300	59.998746	0.0	2191074	19	4.3
1527751249.06	4300	59.499822	0.0	2286761	22	4.3
1527751252.71	4300	59.748687	0.0	2307787	8	4.3
1527751256.36	4300	59.999268	0.0	2143948	24	4.3
1527751261.01	4300	59.499165	0.0	1919781	22	4.3
1527751264.64	4300	59.749122	0.0	2147467	12	4.3
1527751268.8	4300	59.74942	0.0	2133870	25	4.3
1527751272.44	4300	59.999366	0.0	2146120	15	4.3
1527751276.6	4300	59.74849	0.0	2108491	25	4.3
1527751280.75	4300	59.748555	0.0	2184571	21	4.3
1527751284.37	4300	59.997701	0.0	2121928	8	4.3
1527751288.52	4300	59.998728	0.0	2219102	21	4.3
1527751292.68	4300	59.748766	0.0	2124950	22	4.3
1527751296.32	4300	59.99828	0.0	2246506	20	4.3
1527751300.43	4300	59.998018	0.0	1961140	11	4.3
1527751304.56	4300	59.99857	0.0	2155012	22	4.3
1527751306.16	4300	59.929208	0.0	1433658	17	4.3

1527751306.4	750	4	0.017	668286	3	-0.07309999999999994
1527751306.56	4300	7.944328	0.0	2123065	21	0.75
1527751306.69	4300	11.81265	0.0	2177073	16	4.3
1527751306.82	4300	15.675478	0.0	2160877	17	4.3
1527751306.95	4300	19.547273	0.0	2233056	12	4.3
1527751307.06	4300	23.439004	0.0	1941625	7	4.3
1527751307.19	4300	27.315994	0.0	2157535	14	4.3
1527751307.31	4300	31.193176	0.0	2290172	14	4.3
1527751307.42	4300	35.07629	0.0	2055469	11	4.3
1527751307.54	4300	38.955121	0.0	2169201	12	4.3
1527751307.67	4300	42.835044	0.0	2173522	12	4.3
1527751307.79	4300	46.713267	0.0	2102452	13	4.3
1527751307.91	4300	50.593322	0.0	2209463	12	4.3
1527751308.03	4300	54.469843	0.0	2275376	12	4.3
1527751308.15	4300	58.350471	0.0	2005399	11	4.3
1527751310.78	4300	59.748172	0.0	2152483	13	4.3
1527751314.94	4300	59.748857	0.0	2289689	26	4.3
1527751318.57	4300	59.999364	0.0	2059512	14	4.3
1527751322.72	4300	59.998403	0.0	2220726	21	4.3
1527751326.86	4300	59.749354	0.0	2156729	17	4.3
1527751330.53	4300	59.999154	0.0	2039773	23	4.3
1527751334.68	4300	59.998922	0.0	2176469	24	4.3
1527751338.83	4300	59.748836	0.0	2221506	20	4.3
1527751342.51	4300	59.9987	0.0	2044075	25	4.3
1527751347.17	4300	59.499514	0.0	2186790	19	4.3
1527751350.83	4300	59.749579	0.0	2105231	26	4.3
1527751354.99	4300	59.749534	0.0	2395588	26	4.3
1527751359.15	4300	59.499011	0.0	1972048	24	4.3
1527751362.81	4300	59.749711	0.0	2134614	24	4.3
1527751366.96	4300	59.749582	0.0	2164140	24	4.3
1527751371.11	4300	59.499758	0.0	2113193	18	4.3
