1528198797.31	750	4	0.022	2354772	6	-0.09460000000000002
1528198797.43	4300	7.969108	0.0	2123065	19	0.75
1528198797.52	4300	11.879396	0.0	2177073	19	4.3
1528198797.61	4300	15.786848	0.0	2160877	20	4.3
1528198797.7	4300	19.695129	0.0	2233056	23	4.3
1528198797.8	4300	23.59753	0.0	1941625	23	4.3
1528198797.9	4300	27.498349	0.0	2157535	24	4.3
1528198797.99	4300	31.402479	0.0	2290172	28	4.3
1528198798.08	4300	35.314914	0.0	2055469	23	4.3
1528198798.16	4300	39.237796	0.0	2169201	15	4.3
1528198798.26	4300	43.139329	0.0	2173522	24	4.3
1528198798.34	4300	47.058238	0.0	2102452	15	4.3
1528198798.44	4300	50.957779	0.0	2209463	24	4.3
1528198798.55	4300	54.842215	0.0	2275376	23	4.3
1528198798.65	4300	58.748811	0.0	2005399	23	4.3
1528198801.74	4300	59.74937	0.0	2152483	14	4.3
1528198805.85	4300	59.748797	0.0	2289689	26	4.3
1528198809.45	4300	59.998961	0.0	2059512	21	4.3
1528198813.56	4300	59.998511	0.0	2220726	23	4.3
1528198817.66	4300	59.748628	0.0	2156729	23	4.3
1528198821.77	4300	59.747493	0.0	2039773	23	4.3
1528198825.88	4300	59.748113	0.0	2176469	27	4.3
1528198829.49	4300	59.998779	0.0	2221506	26	4.3
1528198833.6	4300	59.999211	0.0	2044075	23	4.3
1528198837.71	4300	59.748432	0.0	2186790	23	4.3
1528198841.81	4300	59.749198	0.0	2105231	25	4.3
1528198845.42	4300	59.999419	0.0	2395588	27	4.3
1528198849.51	4300	59.999349	0.0	1972048	8	4.3
1528198853.61	4300	59.998785	0.0	2134614	19	4.3
1528198857.72	4300	59.74923	0.0	2164140	23	4.3
1528198861.82	4300	59.748775	0.0	2113193	24	4.3
1528198865.43	4300	59.998959	0.0	2147852	24	4.3
1528198869.53	4300	59.999081	0.0	2191074	26	4.3
1528198873.64	4300	59.999331	0.0	2286761	24	4.3
1528198877.75	4300	59.749357	0.0	2307787	25	4.3
1528198881.86	4300	59.749169	0.0	2143948	24	4.3
1528198885.47	4300	59.998039	0.0	1919781	21	4.3
1528198889.58	4300	59.998567	0.0	2147467	23	4.3
1528198893.68	4300	59.748193	0.0	2133870	24	4.3
1528198897.79	4300	59.749111	0.0	2146120	25	4.3
1528198901.4	4300	59.999078	0.0	2108491	24	4.3
1528198905.51	4300	59.998897	0.0	2184571	25	4.3
1528198909.61	4300	59.998367	0.0	2121928	25	4.3
1528198913.72	4300	59.748813	0.0	2219102	25	4.3
1528198917.83	4300	59.721459	0.0	2124950	23	4.3
1528198921.44	4300	59.998927	0.0	2246506	26	4.3
1528198925.54	4300	59.999258	0.0	1961140	19	4.3
1528198929.65	4300	59.749352	0.0	2155012	24	4.3
1528198931.24	4300	59.928548	0.0	1433658	17	4.3

1528198931.44	750	4	0.018	668286	4	-0.07740000000000002
1528198931.56	4300	7.944737	0.0	2123065	23	0.75
1528198931.66	4300	11.836722	0.0	2177073	23	4.3
1528198931.77	4300	15.731658	0.0	2160877	26	4.3
1528198931.84	4300	19.655789	0.0	2233056	14	4.3
1528198931.93	4300	23.565497	0.0	1941625	18	4.3
1528198932.01	4300	27.498676	0.0	2157535	8	4.3
1528198932.11	4300	31.38861	0.0	2290172	17	4.3
1528198932.21	4300	35.28939	0.0	2055469	24	4.3
1528198932.3	4300	39.194268	0.0	2169201	25	4.3
1528198932.39	4300	43.104285	0.0	2173522	23	4.3
1528198932.48	4300	47.013174	0.0	2102452	21	4.3
1528198932.57	4300	50.924729	0.0	2209463	26	4.3
1528198932.65	4300	54.844953	0.0	2275376	14	4.3
1528198932.75	4300	58.751045	0.0	2005399	22	4.3
1528198935.87	4300	59.74896	0.0	2152483	24	4.3
1528198939.98	4300	59.749471	0.0	2289689	24	4.3
1528198943.58	4300	59.998557	0.0	2059512	23	4.3
1528198947.69	4300	59.998613	0.0	2220726	24	4.3
1528198951.79	4300	59.748772	0.0	2156729	25	4.3
1528198956.01	4300	59.748887	0.0	2039773	22	4.3
1528198959.63	4300	59.999378	0.0	2176469	19	4.3
1528198963.74	4300	59.997834	0.0	2221506	23	4.3
1528198967.85	4300	59.748185	0.0	2044075	24	4.3
1528198971.96	4300	59.749604	0.0	2186790	23	4.3
1528198975.56	4300	59.998996	0.0	2105231	24	4.3
1528198979.66	4300	59.998113	0.0	2395588	27	4.3
1528198983.77	4300	59.749364	0.0	1972048	20	4.3
1528198987.88	4300	59.74884	0.0	2134614	24	4.3
1528198991.99	4300	59.632177	0.0	2164140	25	4.3
1528198995.6	4300	59.998864	0.0	2113193	25	4.3
1528198999.71	4300	59.998054	0.0	2147852	25	4.3
1528199003.82	4300	59.748926	0.0	2191074	24	4.3
1528199007.93	4300	59.749102	0.0	2286761	25	4.3
1528199011.54	4300	59.997167	0.0	2307787	25	4.3
1528199015.64	4300	59.998084	0.0	2143948	19	4.3
1528199020.24	4300	59.499082	0.0	1919781	23	4.3
1528199023.85	4300	59.749221	0.0	2147467	19	4.3
1528199027.97	4300	59.748836	0.0	2133870	23	4.3
1528199031.58	4300	59.999342	0.0	2146120	23	4.3
1528199035.68	4300	59.999186	0.0	2108491	21	4.3
1528199039.89	4300	59.749546	0.0	2184571	25	4.3
1528199043.51	4300	59.99908	0.0	2121928	23	4.3
1528199047.62	4300	59.998976	0.0	2219102	25	4.3
1528199051.73	4300	59.998614	0.0	2124950	21	4.3
1528199055.84	4300	59.748879	0.0	2246506	25	4.3
1528199059.94	4300	59.748753	0.0	1961140	23	4.3
1528199063.55	4300	59.998836	0.0	2155012	25	4.3
1528199065.65	4300	59.678892	0.0	1433658	19	4.3

1528199065.84	750	4	0.011	668286	3	-0.04730000000000001
1528199065.94	4300	7.954308	0.0	2123065	13	0.75
1528199066.04	4300	11.850996	0.0	2177073	24	4.3
1528199066.11	4300	15.778917	0.0	2160877	10	4.3
1528199066.2	4300	19.69298	0.0	2233056	20	4.3
1528199066.29	4300	23.602322	0.0	1941625	18	4.3
1528199066.39	4300	27.503132	0.0	2157535	11	4.3
1528199066.49	4300	31.402168	0.0	2290172	27	4.3
1528199066.56	4300	35.333922	0.0	2055469	7	4.3
1528199066.64	4300	39.248889	0.0	2169201	19	4.3
1528199066.71	4300	43.178213	0.0	2173522	10	4.3
1528199066.81	4300	47.084133	0.0	2102452	19	4.3
1528199066.91	4300	50.979177	0.0	2209463	24	4.3
1528199067.01	4300	54.883447	0.0	2275376	24	4.3
1528199067.1	4300	58.793791	0.0	2005399	19	4.3
1528199070.2	4300	59.749427	0.0	2152483	19	4.3
1528199074.32	4300	59.74917	0.0	2289689	26	4.3
1528199077.92	4300	59.998594	0.0	2059512	22	4.3
1528199082.03	4300	59.998548	0.0	2220726	24	4.3
1528199086.14	4300	59.999405	0.0	2156729	22	4.3
1528199090.25	4300	59.749292	0.0	2039773	22	4.3
1528199094.36	4300	59.749476	0.0	2176469	24	4.3
1528199097.97	4300	59.997882	0.0	2221506	24	4.3
1528199102.09	4300	59.998943	0.0	2044075	23	4.3
1528199106.2	4300	59.748028	0.0	2186790	26	4.3
1528199110.31	4300	59.747614	0.0	2105231	24	4.3
1528199113.93	4300	59.99909	0.0	2395588	28	4.3
