1528223017.47	750	4	0.021	2354772	6	-0.09030000000000005
1528223017.56	4300	7.966178	0.0	2123065	20	0.75
1528223017.65	4300	11.873559	0.0	2177073	20	4.3
1528223017.77	4300	15.768413	0.0	2160877	27	4.3
1528223017.86	4300	19.660471	0.0	2233056	21	4.3
1528223017.96	4300	23.559919	0.0	1941625	24	4.3
1528223018.03	4300	27.486192	0.0	2157535	12	4.3
1528223018.13	4300	31.394225	0.0	2290172	20	4.3
1528223018.22	4300	35.305793	0.0	2055469	16	4.3
1528223018.31	4300	39.213534	0.0	2169201	21	4.3
1528223018.41	4300	43.124404	0.0	2173522	21	4.3
1528223018.51	4300	47.014904	0.0	2102452	24	4.3
1528223018.6	4300	50.922246	0.0	2209463	23	4.3
1528223018.71	4300	54.814662	0.0	2275376	26	4.3
1528223018.8	4300	58.716708	0.0	2005399	24	4.3
1528223021.9	4300	59.748562	0.0	2152483	24	4.3
1528223026.01	4300	59.749077	0.0	2289689	19	4.3
1528223029.61	4300	59.998955	0.0	2059512	23	4.3
1528223033.72	4300	59.998815	0.0	2220726	20	4.3
1528223037.83	4300	59.747634	0.0	2156729	21	4.3
1528223041.93	4300	59.748837	0.0	2039773	23	4.3
1528223045.54	4300	59.999475	0.0	2176469	26	4.3
1528223049.64	4300	59.999496	0.0	2221506	23	4.3
1528223053.75	4300	59.998823	0.0	2044075	24	4.3
1528223057.86	4300	59.749304	0.0	2186790	25	4.3
1528223061.97	4300	59.748443	0.0	2105231	24	4.3
1528223065.58	4300	59.997542	0.0	2395588	28	4.3
1528223069.69	4300	59.999216	0.0	1972048	22	4.3
1528223073.79	4300	59.748616	0.0	2134614	24	4.3
1528223077.9	4300	59.749281	0.0	2164140	24	4.3
1528223082.01	4300	59.749417	0.0	2113193	24	4.3
1528223085.62	4300	59.998836	0.0	2147852	25	4.3
1528223089.73	4300	59.999236	0.0	2191074	23	4.3
1528223093.84	4300	59.749119	0.0	2286761	25	4.3
1528223097.94	4300	59.74756	0.0	2307787	27	4.3
1528223101.56	4300	59.998137	0.0	2143948	25	4.3
1528223105.66	4300	59.997602	0.0	1919781	16	4.3
1528223109.88	4300	59.998696	0.0	2147467	23	4.3
1528223114.14	4300	59.749028	0.0	2133870	25	4.3
1528223117.78	4300	59.748871	0.0	2146120	25	4.3
1528223121.89	4300	59.749179	0.0	2108491	22	4.3
1528223125.99	4300	59.748669	0.0	2184571	26	4.3
1528223129.6	4300	59.998559	0.0	2121928	25	4.3
1528223133.7	4300	59.999351	0.0	2219102	24	4.3
1528223137.81	4300	59.748527	0.0	2124950	25	4.3
1528223141.92	4300	59.74876	0.0	2246506	28	4.3
1528223145.53	4300	59.999289	0.0	1961140	22	4.3
1528223149.64	4300	59.998822	0.0	2155012	23	4.3
1528223151.74	4300	59.677647	0.0	1433658	18	4.3

1528223151.94	750	4	0.026	2354772	12	-0.11180000000000001
1528223152.01	4300	7.98694	0.0	2123065	7	0.75
1528223152.1	4300	11.890012	0.0	2177073	23	4.3
1528223152.19	4300	15.798738	0.0	2160877	21	4.3
1528223152.27	4300	19.721787	0.0	2233056	14	4.3
1528223152.36	4300	23.637857	0.0	1941625	17	4.3
1528223152.58	4300	27.489086	0.0	2157535	16	4.3
1528223152.8	4300	31.257133	0.0	2290172	23	4.3
1528223153.03	4300	35.028724	0.0	2055469	24	4.3
1528223153.22	4300	38.814816	0.0	2169201	27	4.3
1528223153.39	4300	42.635666	0.0	2173522	26	4.3
1528223153.52	4300	46.486142	0.0	2102452	26	4.3
1528223153.63	4300	50.365976	0.0	2209463	27	4.3
1528223153.74	4300	54.256284	0.0	2275376	26	4.3
1528223153.83	4300	58.158419	0.0	2005399	22	4.3
1528223156.42	4300	59.748925	0.0	2152483	16	4.3
1528223160.02	4300	59.998276	0.0	2289689	25	4.3
1528223164.13	4300	59.998928	0.0	2059512	21	4.3
1528223168.24	4300	59.997942	0.0	2220726	25	4.3
1528223172.35	4300	59.748695	0.0	2156729	25	4.3
1528223176.45	4300	59.747731	0.0	2039773	22	4.3
1528223180.56	4300	59.498526	0.0	2176469	27	4.3
1528223184.17	4300	59.998807	0.0	2221506	28	4.3
1528223188.28	4300	59.74836	0.0	2044075	23	4.3
1528223192.38	4300	59.748037	0.0	2186790	26	4.3
1528223196.49	4300	59.747703	0.0	2105231	26	4.3
1528223200.6	4300	59.498465	0.0	2395588	28	4.3
1528223204.33	4300	59.998651	0.0	1972048	24	4.3
1528223208.43	4300	59.749323	0.0	2134614	24	4.3
1528223212.04	4300	59.99875	0.0	2164140	26	4.3
1528223216.15	4300	59.998883	0.0	2113193	21	4.3
1528223220.25	4300	59.749467	0.0	2147852	25	4.3
1528223224.36	4300	59.749286	0.0	2191074	26	4.3
1528223228.51	4300	59.749028	0.0	2286761	27	4.3
1528223232.15	4300	59.999091	0.0	2307787	24	4.3
1528223236.25	4300	59.74868	0.0	2143948	22	4.3
1528223240.37	4300	59.749056	0.0	1919781	22	4.3
1528223244.49	4300	59.749267	0.0	2147467	24	4.3
1528223248.1	4300	59.998049	0.0	2133870	25	4.3
1528223252.21	4300	59.998933	0.0	2146120	19	4.3
1528223256.32	4300	59.748136	0.0	2108491	26	4.3
1528223260.42	4300	59.749462	0.0	2184571	28	4.3
1528223264.04	4300	59.999398	0.0	2121928	26	4.3
1528223268.14	4300	59.999161	0.0	2219102	20	4.3
