1528239390.88	750	4	0.014	450283	2	-0.06020000000000003
1528239391.02	4300	7.952781	0.0	2123065	18	0.75
1528239391.1	4300	11.864245	0.0	2177073	18	4.3
1528239391.21	4300	15.773693	0.0	2160877	20	4.3
1528239391.31	4300	19.658142	0.0	2233056	25	4.3
1528239391.4	4300	23.567182	0.0	1941625	19	4.3
1528239391.48	4300	27.4878	0.0	2157535	13	4.3
1528239391.57	4300	31.39718	0.0	2290172	19	4.3
1528239391.64	4300	35.327584	0.0	2055469	9	4.3
1528239391.74	4300	39.232037	0.0	2169201	21	4.3
1528239391.85	4300	43.137151	0.0	2173522	18	4.3
1528239391.94	4300	47.025681	0.0	2102452	21	4.3
1528239392.04	4300	50.928326	0.0	2209463	22	4.3
1528239392.14	4300	54.82437	0.0	2275376	28	4.3
1528239392.23	4300	58.734472	0.0	2005399	21	4.3
1528239395.35	4300	59.74971	0.0	2152483	23	4.3
1528239399.47	4300	59.748331	0.0	2289689	25	4.3
1528239403.58	4300	59.499475	0.0	2059512	20	4.3
1528239407.21	4300	59.998499	0.0	2220726	22	4.3
1528239411.32	4300	59.748911	0.0	2156729	20	4.3
1528239415.51	4300	59.749597	0.0	2039773	23	4.3
1528239419.12	4300	59.998846	0.0	2176469	25	4.3
1528239423.23	4300	59.749647	0.0	2221506	21	4.3
1528239427.34	4300	59.74924	0.0	2044075	19	4.3
1528239431.45	4300	59.749455	0.0	2186790	21	4.3
1528239435.06	4300	59.99879	0.0	2105231	19	4.3
1528239439.18	4300	59.998975	0.0	2395588	27	4.3
1528239443.3	4300	59.749251	0.0	1972048	22	4.3
1528239447.4	4300	59.749313	0.0	2134614	22	4.3
1528239451.5	4300	59.498854	0.0	2164140	15	4.3
1528239455.11	4300	59.999157	0.0	2113193	23	4.3
1528239459.22	4300	59.997697	0.0	2147852	24	4.3
1528239463.33	4300	59.749668	0.0	2191074	23	4.3
1528239467.45	4300	59.748818	0.0	2286761	25	4.3
1528239471.09	4300	59.998762	0.0	2307787	24	4.3
1528239475.22	4300	59.999357	0.0	2143948	22	4.3
1528239479.32	4300	59.749449	0.0	1919781	20	4.3
1528239483.44	4300	59.749228	0.0	2147467	24	4.3
1528239487.04	4300	59.999411	0.0	2133870	22	4.3
1528239491.65	4300	59.498465	0.0	2146120	21	4.3
1528239495.25	4300	59.749261	0.0	2108491	23	4.3
1528239499.36	4300	59.749525	0.0	2184571	24	4.3
1528239503.52	4300	59.748307	0.0	2121928	23	4.3
1528239507.14	4300	59.998983	0.0	2219102	25	4.3
1528239511.24	4300	59.74978	0.0	2124950	23	4.3
1528239515.35	4300	59.749311	0.0	2246506	25	4.3
1528239519.46	4300	59.749292	0.0	1961140	21	4.3
1528239523.15	4300	59.998953	0.0	2155012	24	4.3
1528239524.81	4300	59.929532	0.0	1433658	16	4.3

1528239525.04	750	4	0.017	668286	1	-0.07309999999999994
1528239525.13	4300	7.960801	0.0	2123065	15	0.75
1528239525.23	4300	11.859004	0.0	2177073	22	4.3
1528239525.32	4300	15.767988	0.0	2160877	22	4.3
1528239525.42	4300	19.675206	0.0	2233056	18	4.3
1528239525.52	4300	23.575386	0.0	1941625	20	4.3
1528239525.62	4300	27.472189	0.0	2157535	26	4.3
1528239525.72	4300	31.376979	0.0	2290172	21	4.3
1528239525.82	4300	35.274964	0.0	2055469	22	4.3
1528239525.92	4300	39.173598	0.0	2169201	25	4.3
1528239526.01	4300	43.090397	0.0	2173522	15	4.3
1528239526.11	4300	46.988793	0.0	2102452	20	4.3
1528239526.2	4300	50.89082	0.0	2209463	18	4.3
1528239526.3	4300	54.78735	0.0	2275376	26	4.3
1528239526.4	4300	58.692663	0.0	2005399	24	4.3
1528239529.5	4300	59.747645	0.0	2152483	25	4.3
1528239533.12	4300	59.999264	0.0	2289689	27	4.3
1528239537.22	4300	59.999352	0.0	2059512	23	4.3
1528239541.33	4300	59.997515	0.0	2220726	24	4.3
1528239545.44	4300	59.748762	0.0	2156729	22	4.3
1528239549.55	4300	59.748584	0.0	2039773	22	4.3
1528239553.16	4300	59.999156	0.0	2176469	23	4.3
1528239557.27	4300	59.999007	0.0	2221506	21	4.3
1528239561.38	4300	59.748987	0.0	2044075	22	4.3
1528239565.48	4300	59.748394	0.0	2186790	25	4.3
1528239569.59	4300	59.748491	0.0	2105231	23	4.3
1528239573.21	4300	59.998991	0.0	2395588	27	4.3
1528239577.31	4300	59.997912	0.0	1972048	18	4.3
1528239581.42	4300	59.748583	0.0	2134614	22	4.3
1528239585.52	4300	59.74893	0.0	2164140	25	4.3
1528239589.13	4300	59.99814	0.0	2113193	24	4.3
1528239593.24	4300	59.997747	0.0	2147852	20	4.3
1528239597.35	4300	59.998264	0.0	2191074	23	4.3
1528239601.46	4300	59.747987	0.0	2286761	21	4.3
1528239605.57	4300	59.748703	0.0	2307787	24	4.3
1528239609.18	4300	59.999066	0.0	2143948	22	4.3
1528239613.28	4300	59.998683	0.0	1919781	19	4.3
1528239617.39	4300	59.748456	0.0	2147467	21	4.3
1528239621.51	4300	59.749004	0.0	2133870	21	4.3
1528239625.13	4300	59.998803	0.0	2146120	24	4.3
1528239629.23	4300	59.99829	0.0	2108491	23	4.3
1528239633.34	4300	59.999225	0.0	2184571	24	4.3
1528239637.45	4300	59.74879	0.0	2121928	24	4.3
1528239641.56	4300	59.74945	0.0	2219102	24	4.3
1528239645.17	4300	59.999355	0.0	2124950	22	4.3
1528239649.28	4300	59.999052	0.0	2246506	24	4.3
1528239653.38	4300	59.749216	0.0	1961140	22	4.3
1528239657.47	4300	59.748299	0.0	2155012	16	4.3
1528239659.09	4300	59.928647	0.0	1433658	12	4.3

1528239659.31	750	4	0.017	668286	3	-0.07309999999999994
1528239659.4	4300	7.97025	0.0	2123065	7	0.75
1528239659.49	4300	11.87368	0.0	2177073	19	4.3
1528239659.58	4300	15.783653	0.0	2160877	18	4.3
1528239659.67	4300	19.696088	0.0	2233056	12	4.3
1528239659.77	4300	23.596971	0.0	1941625	24	4.3
1528239659.86	4300	27.499466	0.0	2157535	21	4.3
1528239659.94	4300	31.422666	0.0	2290172	9	4.3
1528239660.03	4300	35.328999	0.0	2055469	21	4.3
1528239660.12	4300	39.246463	0.0	2169201	13	4.3
1528239660.21	4300	43.152897	0.0	2173522	22	4.3
1528239660.29	4300	47.07103	0.0	2102452	17	4.3
1528239660.37	4300	50.993297	0.0	2209463	12	4.3
1528239660.47	4300	54.892486	0.0	2275376	27	4.3
1528239660.55	4300	58.818593	0.0	2005399	11	4.3
1528239663.66	4300	59.749379	0.0	2152483	26	4.3
1528239667.78	4300	59.749212	0.0	2289689	26	4.3
1528239671.39	4300	59.998029	0.0	2059512	23	4.3
1528239676.0	4300	59.498375	0.0	2220726	24	4.3
1528239679.61	4300	59.999038	0.0	2156729	24	4.3
1528239683.72	4300	59.748188	0.0	2039773	23	4.3
1528239687.82	4300	59.747998	0.0	2176469	26	4.3
1528239691.43	4300	59.998424	0.0	2221506	27	4.3
