1527761187.75	750	4	0.027	2354772	10	-0.11609999999999998
1527761187.89	4300	7.96749	0.0	2123065	21	0.75
1527761188.03	4300	11.825797	0.0	2177073	26	4.3
1527761188.15	4300	15.696885	0.0	2160877	11	4.3
1527761188.29	4300	19.557669	0.0	2233056	27	4.3
1527761188.42	4300	23.430093	0.0	1941625	14	4.3
1527761188.55	4300	27.304313	0.0	2157535	14	4.3
1527761188.67	4300	31.181371	0.0	2290172	13	4.3
1527761188.78	4300	35.0684	0.0	2055469	8	4.3
1527761188.9	4300	38.950373	0.0	2169201	8	4.3
1527761189.04	4300	42.80777	0.0	2173522	26	4.3
1527761189.16	4300	46.688989	0.0	2102452	13	4.3
1527761189.29	4300	50.564698	0.0	2209463	13	4.3
1527761189.42	4300	54.428854	0.0	2275376	13	4.3
1527761189.53	4300	58.318095	0.0	2005399	7	4.3
1527761192.16	4300	59.748999	0.0	2152483	7	4.3
1527761196.31	4300	59.74911	0.0	2289689	18	4.3
1527761199.96	4300	59.998853	0.0	2059512	23	4.3
1527761204.12	4300	59.748466	0.0	2220726	26	4.3
1527761208.27	4300	59.749216	0.0	2156729	22	4.3
1527761211.96	4300	59.999079	0.0	2039773	24	4.3
1527761216.13	4300	59.748557	0.0	2176469	26	4.3
1527761220.28	4300	59.748492	0.0	2221506	22	4.3
1527761223.93	4300	59.998988	0.0	2044075	26	4.3
1527761228.09	4300	59.999438	0.0	2186790	26	4.3
1527761232.24	4300	59.749586	0.0	2105231	22	4.3
1527761235.9	4300	59.999324	0.0	2395588	29	4.3
1527761240.07	4300	59.999052	0.0	1972048	23	4.3
1527761244.22	4300	59.748678	0.0	2134614	19	4.3
1527761247.87	4300	59.999445	0.0	2164140	24	4.3
1527761252.04	4300	59.998661	0.0	2113193	24	4.3
1527761256.19	4300	59.748628	0.0	2147852	19	4.3
1527761260.35	4300	59.749236	0.0	2191074	26	4.3
1527761264.01	4300	59.998384	0.0	2286761	27	4.3
1527761268.17	4300	59.749504	0.0	2307787	27	4.3
1527761272.31	4300	59.749461	0.0	2143948	15	4.3
1527761275.96	4300	59.999331	0.0	1919781	23	4.3
1527761280.13	4300	59.749392	0.0	2147467	22	4.3
1527761284.3	4300	59.748778	0.0	2133870	25	4.3
1527761287.95	4300	59.998587	0.0	2146120	26	4.3
1527761292.14	4300	59.747964	0.0	2108491	26	4.3
1527761296.28	4300	59.747937	0.0	2184571	16	4.3
1527761299.94	4300	59.998576	0.0	2121928	24	4.3
1527761304.09	4300	59.998748	0.0	2219102	25	4.3
1527761308.25	4300	59.748885	0.0	2124950	26	4.3
1527761311.9	4300	59.999045	0.0	2246506	28	4.3
1527761316.54	4300	59.498724	0.0	1961140	22	4.3
1527761320.18	4300	59.749318	0.0	2155012	25	4.3
1527761321.79	4300	59.929518	0.0	1433658	17	4.3

1527761322.03	750	4	0.017	668286	3	-0.07309999999999994
1527761322.19	4300	7.940622	0.0	2123065	26	0.75
1527761322.32	4300	11.810042	0.0	2177073	16	4.3
1527761322.45	4300	15.678901	0.0	2160877	16	4.3
1527761322.6	4300	19.531561	0.0	2233056	14	4.3
1527761322.73	4300	23.399971	0.0	1941625	13	4.3
1527761322.86	4300	27.278282	0.0	2157535	14	4.3
1527761322.98	4300	31.153659	0.0	2290172	12	4.3
1527761323.1	4300	35.032194	0.0	2055469	12	4.3
1527761323.24	4300	38.898478	0.0	2169201	16	4.3
1527761323.39	4300	42.74615	0.0	2173522	27	4.3
1527761323.54	4300	46.598321	0.0	2102452	25	4.3
1527761323.65	4300	50.477238	0.0	2209463	13	4.3
1527761323.77	4300	54.365246	0.0	2275376	9	4.3
1527761323.91	4300	58.227315	0.0	2005399	18	4.3
1527761326.56	4300	59.748862	0.0	2152483	25	4.3
1527761330.23	4300	59.999311	0.0	2289689	27	4.3
1527761334.39	4300	59.748517	0.0	2059512	23	4.3
1527761338.54	4300	59.749697	0.0	2220726	21	4.3
1527761342.2	4300	59.998933	0.0	2156729	23	4.3
1527761346.36	4300	59.999106	0.0	2039773	24	4.3
1527761350.51	4300	59.749069	0.0	2176469	20	4.3
1527761354.2	4300	59.99882	0.0	2221506	25	4.3
1527761358.86	4300	59.499602	0.0	2044075	23	4.3
1527761362.51	4300	59.748525	0.0	2186790	23	4.3
1527761366.17	4300	59.998856	0.0	2105231	26	4.3
1527761370.87	4300	59.499685	0.0	2395588	29	4.3
1527761374.5	4300	59.749378	0.0	1972048	11	4.3
1527761378.15	4300	59.998799	0.0	2134614	19	4.3
1527761382.3	4300	59.99896	0.0	2164140	24	4.3
1527761386.45	4300	59.749036	0.0	2113193	20	4.3
1527761390.61	4300	59.749442	0.0	2147852	26	4.3
1527761394.25	4300	59.998966	0.0	2191074	15	4.3
1527761398.41	4300	59.749657	0.0	2286761	25	4.3
1527761402.57	4300	59.74941	0.0	2307787	25	4.3
1527761406.23	4300	59.999018	0.0	2143948	17	4.3
1527761410.38	4300	59.998942	0.0	1919781	24	4.3
1527761414.53	4300	59.74905	0.0	2147467	20	4.3
1527761418.7	4300	59.498885	0.0	2133870	27	4.3
1527761422.36	4300	59.999482	0.0	2146120	25	4.3
1527761426.52	4300	59.749726	0.0	2108491	23	4.3
1527761430.67	4300	59.498914	0.0	2184571	21	4.3
1527761434.33	4300	59.998993	0.0	2121928	26	4.3
1527761438.49	4300	59.74918	0.0	2219102	28	4.3
1527761442.14	4300	59.998695	0.0	2124950	19	4.3
1527761446.3	4300	59.998704	0.0	2246506	25	4.3
1527761450.43	4300	59.736199	0.0	1961140	21	4.3
1527761454.57	4300	59.748304	0.0	2155012	26	4.3
1527761456.17	4300	59.678091	0.0	1433658	19	4.3

1527761456.39	750	4	0.016	668286	1	-0.06879999999999997
1527761456.54	4300	7.951084	0.0	2123065	18	0.75
1527761456.67	4300	11.822494	0.0	2177073	15	4.3
1527761456.78	4300	15.711323	0.0	2160877	5	4.3
1527761456.93	4300	19.569257	0.0	2233056	18	4.3
1527761457.06	4300	23.438796	0.0	1941625	10	4.3
1527761457.2	4300	27.300101	0.0	2157535	21	4.3
1527761457.32	4300	31.176898	0.0	2290172	12	4.3
1527761457.44	4300	35.054475	0.0	2055469	12	4.3
1527761457.58	4300	38.917141	0.0	2169201	25	4.3
1527761457.72	4300	42.773187	0.0	2173522	24	4.3
1527761457.84	4300	46.652788	0.0	2102452	11	4.3
1527761457.96	4300	50.533314	0.0	2209463	12	4.3
1527761458.09	4300	54.402959	0.0	2275376	19	4.3
1527761458.21	4300	58.284706	0.0	2005399	11	4.3
1527761460.87	4300	59.748747	0.0	2152483	27	4.3
1527761464.51	4300	59.999327	0.0	2289689	20	4.3
1527761468.67	4300	59.999305	0.0	2059512	22	4.3
1527761472.82	4300	59.749231	0.0	2220726	22	4.3
1527761477.0	4300	59.749485	0.0	2156729	22	4.3
1527761480.65	4300	59.998789	0.0	2039773	24	4.3
1527761484.81	4300	59.74886	0.0	2176469	25	4.3
1527761488.96	4300	59.74949	0.0	2221506	22	4.3
1527761492.62	4300	59.998966	0.0	2044075	25	4.3
1527761496.77	4300	59.748674	0.0	2186790	20	4.3
1527761500.92	4300	59.748771	0.0	2105231	25	4.3
1527761504.58	4300	59.997688	0.0	2395588	22	4.3
1527761508.73	4300	59.999422	0.0	1972048	22	4.3
1527761512.89	4300	59.748876	0.0	2134614	27	4.3
1527761516.55	4300	59.99902	0.0	2164140	20	4.3
