1528154785.74	750	4	0.01	450283	2	-0.04300000000000004
1528154785.84	4300	7.955286	0.0	2123065	12	0.75
1528154785.93	4300	11.867562	0.0	2177073	19	4.3
1528154786.03	4300	15.764911	0.0	2160877	25	4.3
1528154786.13	4300	19.668334	0.0	2233056	25	4.3
1528154786.2	4300	23.599492	0.0	1941625	11	4.3
1528154786.29	4300	27.507975	0.0	2157535	17	4.3
1528154786.38	4300	31.418096	0.0	2290172	22	4.3
1528154786.46	4300	35.331883	0.0	2055469	17	4.3
1528154786.55	4300	39.242721	0.0	2169201	23	4.3
1528154786.64	4300	43.151839	0.0	2173522	24	4.3
1528154786.74	4300	47.062201	0.0	2102452	22	4.3
1528154786.83	4300	50.968452	0.0	2209463	20	4.3
1528154786.93	4300	54.865241	0.0	2275376	25	4.3
1528154787.02	4300	58.770511	0.0	2005399	24	4.3
1528154790.13	4300	59.749393	0.0	2152483	16	4.3
1528154794.24	4300	59.74897	0.0	2289689	27	4.3
1528154797.86	4300	59.998856	0.0	2059512	23	4.3
1528154801.96	4300	59.998649	0.0	2220726	25	4.3
1528154806.07	4300	59.748072	0.0	2156729	26	4.3
1528154810.18	4300	59.749622	0.0	2039773	25	4.3
1528154814.29	4300	59.747898	0.0	2176469	27	4.3
1528154818.4	4300	59.498907	0.0	2221506	26	4.3
1528154822.01	4300	59.999296	0.0	2044075	24	4.3
1528154826.12	4300	59.749535	0.0	2186790	25	4.3
1528154830.23	4300	59.747732	0.0	2105231	23	4.3
1528154833.83	4300	59.997881	0.0	2395588	24	4.3
1528154837.93	4300	59.999158	0.0	1972048	20	4.3
1528154842.04	4300	59.998417	0.0	2134614	25	4.3
1528154846.15	4300	59.749491	0.0	2164140	27	4.3
1528154850.25	4300	59.748696	0.0	2113193	24	4.3
1528154853.87	4300	59.998746	0.0	2147852	25	4.3
1528154857.97	4300	59.999031	0.0	2191074	26	4.3
1528154862.08	4300	59.748146	0.0	2286761	28	4.3
1528154866.19	4300	59.749483	0.0	2307787	26	4.3
1528154870.3	4300	59.499411	0.0	2143948	24	4.3
1528154873.9	4300	59.9994	0.0	1919781	22	4.3
1528154878.03	4300	59.997823	0.0	2147467	24	4.3
1528154882.13	4300	59.749421	0.0	2133870	21	4.3
1528154886.28	4300	59.748805	0.0	2146120	21	4.3
1528154889.88	4300	59.999462	0.0	2108491	20	4.3
1528154894.09	4300	59.998827	0.0	2184571	18	4.3
1528154898.21	4300	59.748685	0.0	2121928	24	4.3
1528154901.82	4300	59.999105	0.0	2219102	22	4.3
1528154905.92	4300	59.998719	0.0	2124950	21	4.3
1528154910.53	4300	59.499402	0.0	2246506	23	4.3
1528154914.13	4300	59.749334	0.0	1961140	21	4.3
1528154918.24	4300	59.748974	0.0	2155012	25	4.3
1528154919.83	4300	59.679139	0.0	1433658	17	4.3

1528154920.03	750	4	0.02	2354772	6	-0.08599999999999997
1528154920.12	4300	7.968451	0.0	2123065	17	0.75
1528154920.2	4300	11.88222	0.0	2177073	20	4.3
1528154920.29	4300	15.793706	0.0	2160877	21	4.3
1528154920.38	4300	19.70343	0.0	2233056	22	4.3
1528154920.47	4300	23.615938	0.0	1941625	22	4.3
1528154920.55	4300	27.536754	0.0	2157535	15	4.3
1528154920.65	4300	31.43689	0.0	2290172	28	4.3
1528154920.73	4300	35.358374	0.0	2055469	9	4.3
1528154920.82	4300	39.26152	0.0	2169201	27	4.3
1528154920.9	4300	43.187927	0.0	2173522	13	4.3
1528154920.99	4300	47.098391	0.0	2102452	18	4.3
1528154921.08	4300	51.009374	0.0	2209463	21	4.3
1528154921.18	4300	54.91656	0.0	2275376	21	4.3
1528154921.27	4300	58.813971	0.0	2005399	23	4.3
1528154924.38	4300	59.74889	0.0	2152483	25	4.3
1528154928.5	4300	59.749316	0.0	2289689	28	4.3
1528154932.1	4300	59.998235	0.0	2059512	24	4.3
1528154936.21	4300	59.999113	0.0	2220726	23	4.3
1528154940.32	4300	59.998816	0.0	2156729	25	4.3
1528154944.42	4300	59.748794	0.0	2039773	25	4.3
1528154948.53	4300	59.748988	0.0	2176469	24	4.3
1528154952.15	4300	59.99857	0.0	2221506	26	4.3
1528154956.25	4300	59.998814	0.0	2044075	23	4.3
1528154960.36	4300	59.748797	0.0	2186790	25	4.3
1528154964.47	4300	59.749291	0.0	2105231	26	4.3
1528154968.58	4300	59.748987	0.0	2395588	28	4.3
1528154972.19	4300	59.99893	0.0	1972048	24	4.3
1528154976.3	4300	59.99891	0.0	2134614	23	4.3
1528154980.4	4300	59.748353	0.0	2164140	23	4.3
1528154984.51	4300	59.749629	0.0	2113193	24	4.3
1528154988.12	4300	59.999326	0.0	2147852	27	4.3
1528154992.23	4300	59.99852	0.0	2191074	25	4.3
1528154996.34	4300	59.998483	0.0	2286761	24	4.3
1528155000.45	4300	59.749592	0.0	2307787	26	4.3
1528155004.57	4300	59.749282	0.0	2143948	23	4.3
1528155008.17	4300	59.998879	0.0	1919781	20	4.3
1528155012.27	4300	59.99907	0.0	2147467	21	4.3
1528155016.38	4300	59.748919	0.0	2133870	25	4.3
1528155020.49	4300	59.748665	0.0	2146120	19	4.3
1528155024.1	4300	59.998097	0.0	2108491	22	4.3
1528155028.21	4300	59.999386	0.0	2184571	18	4.3
1528155032.31	4300	59.997842	0.0	2121928	18	4.3
1528155036.42	4300	59.748504	0.0	2219102	24	4.3
1528155040.53	4300	59.687726	0.0	2124950	24	4.3
1528155044.13	4300	59.998717	0.0	2246506	27	4.3
1528155048.23	4300	59.997803	0.0	1961140	23	4.3
1528155052.34	4300	59.74842	0.0	2155012	24	4.3
1528155053.95	4300	59.927827	0.0	1433658	18	4.3

1528155054.15	750	4	0.023	2354772	8	-0.09889999999999999
1528155054.21	4300	7.98741	0.0	2123065	5	0.75
1528155054.3	4300	11.900095	0.0	2177073	25	4.3
1528155054.39	4300	15.805317	0.0	2160877	24	4.3
1528155054.49	4300	19.710913	0.0	2233056	33	4.3
1528155054.58	4300	23.624016	0.0	1941625	18	4.3
1528155054.67	4300	27.533452	0.0	2157535	23	4.3
1528155054.76	4300	31.443663	0.0	2290172	22	4.3
1528155054.85	4300	35.352203	0.0	2055469	20	4.3
1528155054.95	4300	39.249452	0.0	2169201	26	4.3
1528155055.05	4300	43.150929	0.0	2173522	28	4.3
1528155055.12	4300	47.077628	0.0	2102452	13	4.3
1528155055.21	4300	50.988265	0.0	2209463	20	4.3
1528155055.31	4300	54.89004	0.0	2275376	19	4.3
1528155055.41	4300	58.794238	0.0	2005399	25	4.3
1528155058.51	4300	59.748831	0.0	2152483	23	4.3
1528155062.62	4300	59.749283	0.0	2289689	23	4.3
1528155066.72	4300	59.498782	0.0	2059512	21	4.3
1528155070.32	4300	59.99935	0.0	2220726	26	4.3
1528155074.43	4300	59.997873	0.0	2156729	22	4.3
1528155078.52	4300	59.748573	0.0	2039773	13	4.3
1528155082.62	4300	59.748911	0.0	2176469	21	4.3
1528155086.73	4300	59.499356	0.0	2221506	26	4.3
1528155090.84	4300	59.499219	0.0	2044075	23	4.3
1528155094.44	4300	59.999091	0.0	2186790	26	4.3
1528155098.55	4300	59.749055	0.0	2105231	23	4.3
1528155102.66	4300	59.748117	0.0	2395588	28	4.3
1528155106.74	4300	59.498789	0.0	1972048	11	4.3
1528155110.34	4300	59.99872	0.0	2134614	25	4.3
1528155114.45	4300	59.927536	0.0	2164140	24	4.3
1528155118.55	4300	59.749334	0.0	2113193	24	4.3
1528155122.67	4300	59.74781	0.0	2147852	28	4.3
1528155126.27	4300	59.999166	0.0	2191074	24	4.3
1528155130.38	4300	59.998005	0.0	2286761	25	4.3
1528155134.51	4300	59.748007	0.0	2307787	28	4.3
1528155138.61	4300	59.747848	0.0	2143948	19	4.3
1528155142.71	4300	59.749454	0.0	1919781	21	4.3
1528155146.3	4300	59.999493	0.0	2147467	13	4.3
1528155150.41	4300	59.998235	0.0	2133870	28	4.3
