1527631743.78	750	4	0.025	2354772	7	-0.10750000000000004
1527631743.93	4300	7.959884	0.0	2123065	23	0.75
1527631744.02	4300	11.855447	0.0	2177073	17	4.3
1527631744.11	4300	15.768909	0.0	2160877	15	4.3
1527631744.19	4300	19.684739	0.0	2233056	14	4.3
1527631744.28	4300	23.594955	0.0	1941625	21	4.3
1527631744.36	4300	27.518699	0.0	2157535	12	4.3
1527631744.46	4300	31.421597	0.0	2290172	20	4.3
1527631744.56	4300	35.321468	0.0	2055469	19	4.3
1527631744.67	4300	39.208754	0.0	2169201	24	4.3
1527631744.77	4300	43.110518	0.0	2173522	21	4.3
1527631744.88	4300	46.997065	0.0	2102452	24	4.3
1527631744.97	4300	50.902937	0.0	2209463	21	4.3
1527631745.09	4300	54.788508	0.0	2275376	18	4.3
1527631745.18	4300	58.693073	0.0	2005399	19	4.3
1527631748.28	4300	59.748608	0.0	2152483	20	4.3
1527631752.4	4300	59.498996	0.0	2289689	26	4.3
1527631756.01	4300	59.998126	0.0	2059512	23	4.3
1527631760.12	4300	59.999225	0.0	2220726	19	4.3
1527631764.24	4300	59.748209	0.0	2156729	21	4.3
1527631768.37	4300	59.749233	0.0	2039773	26	4.3
1527631771.98	4300	59.999013	0.0	2176469	20	4.3
1527631776.1	4300	59.998659	0.0	2221506	8	4.3
1527631780.21	4300	59.748614	0.0	2044075	22	4.3
1527631784.32	4300	59.749202	0.0	2186790	24	4.3
1527631787.93	4300	59.998525	0.0	2105231	23	4.3
1527631792.05	4300	59.998515	0.0	2395588	22	4.3
1527631796.17	4300	59.74846	0.0	1972048	22	4.3
1527631800.29	4300	59.748567	0.0	2134614	25	4.3
1527631803.91	4300	59.998168	0.0	2164140	21	4.3
1527631808.02	4300	59.998992	0.0	2113193	24	4.3
1527631812.13	4300	59.74908	0.0	2147852	22	4.3
1527631816.24	4300	59.749496	0.0	2191074	24	4.3
1527631820.36	4300	59.749221	0.0	2286761	27	4.3
1527631824.0	4300	59.998983	0.0	2307787	21	4.3
1527631828.16	4300	59.748504	0.0	2143948	26	4.3
1527631832.48	4300	59.748978	0.0	1919781	19	4.3
1527631836.09	4300	59.998781	0.0	2147467	15	4.3
1527631840.22	4300	59.748859	0.0	2133870	24	4.3
1527631844.36	4300	59.749082	0.0	2146120	20	4.3
1527631847.99	4300	59.998559	0.0	2108491	24	4.3
1527631852.12	4300	59.999076	0.0	2184571	21	4.3
1527631856.24	4300	59.748216	0.0	2121928	19	4.3
1527631860.37	4300	59.748653	0.0	2219102	22	4.3
1527631866.54	4300	59.997571	0.0	2124950	26	4.3
1527631868.12	4300	59.99888	0.0	2246506	16	4.3
1527631872.22	4300	59.74938	0.0	1961140	20	4.3
1527631876.33	4300	59.748876	0.0	2155012	22	4.3
1527631877.92	4300	59.678985	0.0	1433658	17	4.3

1527631878.12	750	4	0.017	668286	2	-0.07309999999999994
1527631878.22	4300	7.952338	0.0	2123065	16	0.75
1527631878.33	4300	11.854934	0.0	2177073	24	4.3
1527631878.43	4300	15.740482	0.0	2160877	25	4.3
1527631878.51	4300	19.665649	0.0	2233056	13	4.3
1527631878.62	4300	23.564072	0.0	1941625	23	4.3
1527631878.69	4300	27.484597	0.0	2157535	12	4.3
1527631878.79	4300	31.379462	0.0	2290172	26	4.3
1527631878.88	4300	35.291502	0.0	2055469	24	4.3
1527631878.97	4300	39.20218	0.0	2169201	18	4.3
1527631879.05	4300	43.120104	0.0	2173522	15	4.3
1527631879.15	4300	47.020694	0.0	2102452	25	4.3
1527631879.25	4300	50.92978	0.0	2209463	26	4.3
1527631879.34	4300	54.836417	0.0	2275376	26	4.3
1527631879.43	4300	58.747354	0.0	2005399	21	4.3
1527631882.51	4300	59.749407	0.0	2152483	11	4.3
1527631886.63	4300	59.749548	0.0	2289689	24	4.3
1527631890.24	4300	59.998451	0.0	2059512	19	4.3
1527631894.34	4300	59.999189	0.0	2220726	19	4.3
1527631898.45	4300	59.748924	0.0	2156729	19	4.3
1527631902.55	4300	59.749459	0.0	2039773	22	4.3
1527631906.66	4300	59.74907	0.0	2176469	25	4.3
1527631910.27	4300	59.999222	0.0	2221506	24	4.3
1527631914.37	4300	59.997725	0.0	2044075	20	4.3
1527631918.49	4300	59.748855	0.0	2186790	23	4.3
1527631922.59	4300	59.749468	0.0	2105231	24	4.3
1527631926.67	4300	59.74938	0.0	2395588	10	4.3
1527631930.28	4300	59.998648	0.0	1972048	21	4.3
1527631934.38	4300	59.999165	0.0	2134614	22	4.3
1527631938.51	4300	59.749665	0.0	2164140	25	4.3
1527631942.64	4300	59.749085	0.0	2113193	21	4.3
1527631946.26	4300	59.998261	0.0	2147852	20	4.3
1527631950.37	4300	59.999219	0.0	2191074	25	4.3
1527631954.48	4300	59.749268	0.0	2286761	24	4.3
1527631958.59	4300	59.749627	0.0	2307787	26	4.3
1527631962.7	4300	59.499148	0.0	2143948	25	4.3
1527631966.31	4300	59.998995	0.0	1919781	21	4.3
1527631970.91	4300	59.497858	0.0	2147467	21	4.3
1527631974.51	4300	59.74837	0.0	2133870	18	4.3
1527631978.61	4300	59.748887	0.0	2146120	17	4.3
1527631982.22	4300	59.998322	0.0	2108491	20	4.3
1527631986.3	4300	59.9981	0.0	2184571	6	4.3
1527631990.41	4300	59.998011	0.0	2121928	23	4.3
1527631994.53	4300	59.749003	0.0	2219102	23	4.3
1527631998.61	4300	59.684405	0.0	2124950	8	4.3
1527632002.22	4300	59.998702	0.0	2246506	27	4.3
1527632006.82	4300	59.499158	0.0	1961140	19	4.3
1527632010.44	4300	59.748464	0.0	2155012	25	4.3
1527632012.03	4300	59.928353	0.0	1433658	17	4.3

1527632012.23	750	4	0.018	668286	5	-0.07740000000000002
1527632012.31	4300	7.981292	0.0	2123065	5	0.75
1527632012.4	4300	11.887312	0.0	2177073	21	4.3
1527632012.49	4300	15.794407	0.0	2160877	17	4.3
1527632012.6	4300	19.688057	0.0	2233056	33	4.3
1527632012.67	4300	23.615795	0.0	1941625	10	4.3
1527632012.78	4300	27.510314	0.0	2157535	25	4.3
1527632012.87	4300	31.420293	0.0	2290172	14	4.3
1527632012.95	4300	35.338867	0.0	2055469	14	4.3
1527632013.02	4300	39.269335	0.0	2169201	9	4.3
1527632013.09	4300	43.199787	0.0	2173522	10	4.3
1527632013.2	4300	47.088677	0.0	2102452	24	4.3
1527632013.29	4300	50.996845	0.0	2209463	27	4.3
1527632013.38	4300	54.902183	0.0	2275376	22	4.3
1527632013.48	4300	58.811596	0.0	2005399	19	4.3
1527632016.59	4300	59.748667	0.0	2152483	19	4.3
1527632020.7	4300	59.748294	0.0	2289689	22	4.3
1527632024.3	4300	59.998179	0.0	2059512	22	4.3
1527632028.91	4300	59.499004	0.0	2220726	21	4.3
1527632032.52	4300	59.999084	0.0	2156729	25	4.3
1527632036.62	4300	59.748844	0.0	2039773	21	4.3
1527632040.73	4300	59.748262	0.0	2176469	21	4.3
1527632044.34	4300	59.999066	0.0	2221506	25	4.3
