1527669398.97	750	4	0.01	450283	2	-0.04300000000000004
1527669399.11	4300	7.958206	0.0	2123065	14	0.75
1527669399.21	4300	11.85482	0.0	2177073	25	4.3
1527669399.3	4300	15.763557	0.0	2160877	23	4.3
1527669399.39	4300	19.677095	0.0	2233056	16	4.3
1527669399.45	4300	23.610703	0.0	1941625	7	4.3
1527669399.53	4300	27.526839	0.0	2157535	16	4.3
1527669399.61	4300	31.455456	0.0	2290172	10	4.3
1527669399.7	4300	35.365203	0.0	2055469	18	4.3
1527669399.8	4300	39.26226	0.0	2169201	25	4.3
1527669399.9	4300	43.1659	0.0	2173522	23	4.3
1527669399.98	4300	47.084188	0.0	2102452	16	4.3
1527669400.08	4300	50.985084	0.0	2209463	26	4.3
1527669400.17	4300	54.893803	0.0	2275376	27	4.3
1527669400.26	4300	58.7989	0.0	2005399	23	4.3
1527669403.38	4300	59.748422	0.0	2152483	21	4.3
1527669407.49	4300	59.749073	0.0	2289689	24	4.3
1527669411.09	4300	59.999265	0.0	2059512	21	4.3
1527669415.2	4300	59.999411	0.0	2220726	19	4.3
1527669419.31	4300	59.99939	0.0	2156729	20	4.3
1527669423.42	4300	59.748264	0.0	2039773	24	4.3
1527669427.52	4300	59.749526	0.0	2176469	22	4.3
1527669431.13	4300	59.999414	0.0	2221506	25	4.3
1527669435.23	4300	59.998734	0.0	2044075	22	4.3
1527669439.34	4300	59.748975	0.0	2186790	24	4.3
1527669443.45	4300	59.748891	0.0	2105231	24	4.3
1527669447.56	4300	59.749215	0.0	2395588	26	4.3
1527669451.17	4300	59.999352	0.0	1972048	23	4.3
1527669455.27	4300	59.999046	0.0	2134614	23	4.3
1527669459.38	4300	59.749457	0.0	2164140	24	4.3
1527669463.49	4300	59.748536	0.0	2113193	22	4.3
1527669467.1	4300	59.998075	0.0	2147852	23	4.3
1527669471.21	4300	59.998954	0.0	2191074	25	4.3
1527669475.32	4300	59.998553	0.0	2286761	24	4.3
1527669479.42	4300	59.749133	0.0	2307787	25	4.3
1527669483.53	4300	59.74793	0.0	2143948	23	4.3
1527669487.14	4300	59.998283	0.0	1919781	22	4.3
1527669491.24	4300	59.997695	0.0	2147467	24	4.3
1527669495.35	4300	59.748796	0.0	2133870	23	4.3
1527669499.46	4300	59.748977	0.0	2146120	25	4.3
1527669503.07	4300	59.999375	0.0	2108491	22	4.3
1527669507.18	4300	59.998364	0.0	2184571	22	4.3
1527669511.29	4300	59.997948	0.0	2121928	22	4.3
1527669515.4	4300	59.748654	0.0	2219102	27	4.3
1527669519.51	4300	59.650891	0.0	2124950	24	4.3
1527669523.11	4300	59.999351	0.0	2246506	26	4.3
1527669527.22	4300	59.998628	0.0	1961140	22	4.3
1527669531.33	4300	59.748969	0.0	2155012	23	4.3
1527669532.93	4300	59.927607	0.0	1433658	17	4.3

1527669533.13	750	4	0.019	668286	2	-0.0817
1527669533.22	4300	7.963801	0.0	2123065	15	0.75
1527669533.32	4300	11.857814	0.0	2177073	25	4.3
1527669533.43	4300	15.753795	0.0	2160877	22	4.3
1527669533.51	4300	19.671771	0.0	2233056	15	4.3
1527669533.6	4300	23.583763	0.0	1941625	20	4.3
1527669533.7	4300	27.485722	0.0	2157535	19	4.3
1527669533.78	4300	31.405413	0.0	2290172	13	4.3
1527669533.87	4300	35.316204	0.0	2055469	16	4.3
1527669533.97	4300	39.211795	0.0	2169201	25	4.3
1527669534.06	4300	43.11719	0.0	2173522	26	4.3
1527669534.16	4300	47.021779	0.0	2102452	21	4.3
1527669534.25	4300	50.933005	0.0	2209463	20	4.3
1527669534.34	4300	54.836302	0.0	2275376	20	4.3
1527669534.45	4300	58.733073	0.0	2005399	24	4.3
1527669537.57	4300	59.748737	0.0	2152483	23	4.3
1527669541.67	4300	59.74962	0.0	2289689	24	4.3
1527669545.28	4300	59.999411	0.0	2059512	23	4.3
1527669549.39	4300	59.99936	0.0	2220726	23	4.3
1527669553.5	4300	59.748896	0.0	2156729	24	4.3
1527669557.61	4300	59.749077	0.0	2039773	21	4.3
1527669561.22	4300	59.999152	0.0	2176469	26	4.3
1527669565.32	4300	59.998617	0.0	2221506	20	4.3
1527669569.43	4300	59.999095	0.0	2044075	22	4.3
1527669573.53	4300	59.749539	0.0	2186790	23	4.3
1527669577.64	4300	59.748856	0.0	2105231	23	4.3
1527669581.25	4300	59.998855	0.0	2395588	26	4.3
1527669585.36	4300	59.997573	0.0	1972048	22	4.3
1527669589.47	4300	59.749142	0.0	2134614	23	4.3
1527669593.58	4300	59.748123	0.0	2164140	23	4.3
1527669597.69	4300	59.498721	0.0	2113193	24	4.3
1527669601.3	4300	59.998143	0.0	2147852	26	4.3
1527669605.4	4300	59.999115	0.0	2191074	20	4.3
1527669609.51	4300	59.748017	0.0	2286761	25	4.3
1527669613.62	4300	59.749358	0.0	2307787	26	4.3
1527669617.23	4300	59.998879	0.0	2143948	21	4.3
1527669621.33	4300	59.998932	0.0	1919781	19	4.3
1527669625.44	4300	59.749026	0.0	2147467	22	4.3
1527669629.56	4300	59.748552	0.0	2133870	23	4.3
1527669633.67	4300	59.748971	0.0	2146120	18	4.3
1527669637.28	4300	59.998724	0.0	2108491	19	4.3
1527669641.44	4300	59.998904	0.0	2184571	24	4.3
1527669645.54	4300	59.74816	0.0	2121928	18	4.3
1527669649.65	4300	59.749506	0.0	2219102	27	4.3
1527669653.26	4300	59.999258	0.0	2124950	25	4.3
1527669657.36	4300	59.998556	0.0	2246506	23	4.3
1527669661.47	4300	59.747882	0.0	1961140	23	4.3
1527669665.58	4300	59.747708	0.0	2155012	24	4.3
1527669667.17	4300	59.928928	0.0	1433658	18	4.3

1527669667.34	750	4	0.016	668286	4	-0.06879999999999997
1527669667.41	4300	7.981213	0.0	2123065	7	0.75
1527669667.5	4300	11.89268	0.0	2177073	22	4.3
1527669667.59	4300	15.798379	0.0	2160877	24	4.3
1527669667.69	4300	19.701684	0.0	2233056	27	4.3
1527669667.79	4300	23.609151	0.0	1941625	18	4.3
1527669667.86	4300	27.530534	0.0	2157535	16	4.3
1527669667.93	4300	31.459061	0.0	2290172	9	4.3
1527669668.02	4300	35.371734	0.0	2055469	18	4.3
1527669668.11	4300	39.283119	0.0	2169201	20	4.3
1527669668.21	4300	43.186115	0.0	2173522	21	4.3
1527669668.31	4300	47.084461	0.0	2102452	24	4.3
1527669668.4	4300	51.001896	0.0	2209463	16	4.3
1527669668.5	4300	54.900127	0.0	2275376	25	4.3
1527669668.59	4300	58.803306	0.0	2005399	19	4.3
1527669671.7	4300	59.749497	0.0	2152483	21	4.3
1527669675.81	4300	59.747571	0.0	2289689	26	4.3
1527669679.42	4300	59.998786	0.0	2059512	23	4.3
1527669684.02	4300	59.499518	0.0	2220726	23	4.3
1527669687.63	4300	59.999274	0.0	2156729	24	4.3
1527669691.74	4300	59.747787	0.0	2039773	23	4.3
1527669695.84	4300	59.749007	0.0	2176469	21	4.3
1527669699.95	4300	59.497762	0.0	2221506	23	4.3
1527669703.57	4300	59.998347	0.0	2044075	23	4.3
1527669707.67	4300	59.747921	0.0	2186790	21	4.3
1527669711.78	4300	59.749455	0.0	2105231	24	4.3
1527669715.89	4300	59.749313	0.0	2395588	28	4.3
1527669720.0	4300	59.498355	0.0	1972048	23	4.3
1527669723.61	4300	59.999474	0.0	2134614	23	4.3
1527669727.76	4300	59.749568	0.0	2164140	24	4.3
