1527714403.72	750	4	0.01	450283	2	-0.04300000000000004
1527714403.87	4300	7.946707	0.0	2123065	23	0.75
1527714403.94	4300	11.873331	0.0	2177073	10	4.3
1527714404.01	4300	15.80213	0.0	2160877	10	4.3
1527714404.08	4300	19.728393	0.0	2233056	15	4.3
1527714404.15	4300	23.655894	0.0	1941625	9	4.3
1527714404.23	4300	27.58544	0.0	2157535	12	4.3
1527714404.3	4300	31.514074	0.0	2290172	12	4.3
1527714404.37	4300	35.442903	0.0	2055469	10	4.3
1527714404.44	4300	39.369457	0.0	2169201	11	4.3
1527714404.52	4300	43.296433	0.0	2173522	12	4.3
1527714404.59	4300	47.222113	0.0	2102452	10	4.3
1527714404.66	4300	51.15006	0.0	2209463	12	4.3
1527714404.72	4300	55.086964	0.0	2275376	8	4.3
1527714404.79	4300	59.023418	0.0	2005399	5	4.3
1527714407.87	4300	59.998921	0.0	2152483	7	4.3
1527714411.98	4300	59.999164	0.0	2289689	27	4.3
1527714416.09	4300	59.748404	0.0	2059512	23	4.3
1527714420.2	4300	59.747225	0.0	2220726	19	4.3
1527714424.31	4300	59.748421	0.0	2156729	23	4.3
1527714427.91	4300	59.999068	0.0	2039773	16	4.3
1527714432.02	4300	59.998189	0.0	2176469	24	4.3
1527714436.13	4300	59.749286	0.0	2221506	27	4.3
1527714440.24	4300	59.74853	0.0	2044075	20	4.3
1527714443.85	4300	59.998843	0.0	2186790	26	4.3
1527714447.96	4300	59.998733	0.0	2105231	22	4.3
1527714452.07	4300	59.999025	0.0	2395588	28	4.3
1527714456.15	4300	59.749254	0.0	1972048	8	4.3
1527714460.26	4300	59.748752	0.0	2134614	24	4.3
1527714463.87	4300	59.963413	0.0	2164140	24	4.3
1527714467.98	4300	59.999286	0.0	2113193	23	4.3
1527714472.08	4300	59.748297	0.0	2147852	19	4.3
1527714476.19	4300	59.748619	0.0	2191074	24	4.3
1527714480.3	4300	59.749137	0.0	2286761	26	4.3
1527714483.93	4300	59.998525	0.0	2307787	26	4.3
1527714488.04	4300	59.999241	0.0	2143948	25	4.3
1527714492.15	4300	59.748026	0.0	1919781	21	4.3
1527714496.23	4300	59.748254	0.0	2147467	9	4.3
1527714499.84	4300	59.999081	0.0	2133870	25	4.3
1527714503.94	4300	59.998982	0.0	2146120	15	4.3
1527714508.05	4300	59.998755	0.0	2108491	23	4.3
1527714512.16	4300	59.748078	0.0	2184571	24	4.3
1527714516.27	4300	59.748846	0.0	2121928	24	4.3
1527714519.88	4300	59.998433	0.0	2219102	24	4.3
1527714523.98	4300	59.997565	0.0	2124950	20	4.3
1527714528.1	4300	59.748644	0.0	2246506	36	4.3
1527714532.21	4300	59.748712	0.0	1961140	22	4.3
1527714536.31	4300	59.749241	0.0	2155012	24	4.3
1527714537.91	4300	59.678716	0.0	1433658	16	4.3

1527714538.14	750	4	0.02	668286	3	-0.08599999999999997
1527714538.21	4300	7.976502	0.0	2123065	6	0.75
1527714538.3	4300	11.88659	0.0	2177073	20	4.3
1527714538.38	4300	15.808581	0.0	2160877	12	4.3
1527714538.45	4300	19.738586	0.0	2233056	7	4.3
1527714538.51	4300	23.67409	0.0	1941625	6	4.3
1527714538.58	4300	27.605122	0.0	2157535	7	4.3
1527714538.65	4300	31.539666	0.0	2290172	7	4.3
1527714538.71	4300	35.477638	0.0	2055469	6	4.3
1527714538.78	4300	39.411346	0.0	2169201	7	4.3
1527714538.85	4300	43.341561	0.0	2173522	7	4.3
1527714538.91	4300	47.279718	0.0	2102452	7	4.3
1527714538.98	4300	51.209271	0.0	2209463	7	4.3
1527714539.05	4300	55.138487	0.0	2275376	6	4.3
1527714539.11	4300	59.07684	0.0	2005399	6	4.3
1527714542.69	4300	59.748986	0.0	2152483	7	4.3
1527714546.29	4300	59.999289	0.0	2289689	20	4.3
1527714550.41	4300	59.998587	0.0	2059512	23	4.3
1527714554.52	4300	59.74778	0.0	2220726	25	4.3
1527714558.63	4300	59.749595	0.0	2156729	24	4.3
1527714562.24	4300	59.999063	0.0	2039773	23	4.3
1527714566.35	4300	59.997954	0.0	2176469	19	4.3
1527714570.46	4300	59.748813	0.0	2221506	22	4.3
1527714574.56	4300	59.749102	0.0	2044075	22	4.3
1527714578.67	4300	59.747848	0.0	2186790	23	4.3
1527714582.28	4300	59.998151	0.0	2105231	23	4.3
1527714586.89	4300	59.498557	0.0	2395588	22	4.3
1527714590.47	4300	59.749301	0.0	1972048	10	4.3
1527714594.58	4300	59.748649	0.0	2134614	21	4.3
1527714598.68	4300	59.749525	0.0	2164140	23	4.3
1527714602.29	4300	59.998823	0.0	2113193	23	4.3
1527714606.9	4300	59.499171	0.0	2147852	22	4.3
1527714610.51	4300	59.748972	0.0	2191074	28	4.3
1527714614.62	4300	59.748172	0.0	2286761	21	4.3
1527714618.22	4300	59.998905	0.0	2307787	22	4.3
1527714622.32	4300	59.997703	0.0	2143948	21	4.3
1527714626.42	4300	59.998324	0.0	1919781	14	4.3
1527714630.53	4300	59.748856	0.0	2147467	16	4.3
1527714634.64	4300	59.749163	0.0	2133870	16	4.3
1527714638.24	4300	59.998032	0.0	2146120	20	4.3
1527714642.39	4300	59.997755	0.0	2108491	22	4.3
1527714646.48	4300	59.748894	0.0	2184571	16	4.3
1527714650.58	4300	59.749442	0.0	2121928	19	4.3
1527714654.69	4300	59.748996	0.0	2219102	24	4.3
