1528290136.1	750	4	0.031	2354772	7	-0.13329999999999997
1528290136.22	4300	7.963005	0.0	2123065	23	0.75
1528290136.31	4300	11.873344	0.0	2177073	24	4.3
1528290136.41	4300	15.777138	0.0	2160877	24	4.3
1528290136.5	4300	19.683397	0.0	2233056	15	4.3
1528290136.59	4300	23.595625	0.0	1941625	18	4.3
1528290136.68	4300	27.506313	0.0	2157535	21	4.3
1528290136.78	4300	31.407009	0.0	2290172	21	4.3
1528290136.87	4300	35.306154	0.0	2055469	23	4.3
1528290136.96	4300	39.219937	0.0	2169201	23	4.3
1528290137.06	4300	43.123049	0.0	2173522	25	4.3
1528290137.15	4300	47.031994	0.0	2102452	22	4.3
1528290137.24	4300	50.940634	0.0	2209463	23	4.3
1528290137.35	4300	54.82915	0.0	2275376	20	4.3
1528290137.42	4300	58.763031	0.0	2005399	9	4.3
1528290140.49	4300	59.748814	0.0	2152483	8	4.3
1528290144.6	4300	59.748013	0.0	2289689	25	4.3
1528290148.21	4300	59.998937	0.0	2059512	22	4.3
1528290152.32	4300	59.998199	0.0	2220726	26	4.3
1528290156.43	4300	59.99904	0.0	2156729	22	4.3
1528290160.54	4300	59.748165	0.0	2039773	24	4.3
1528290164.65	4300	59.748501	0.0	2176469	24	4.3
1528290168.26	4300	59.998197	0.0	2221506	24	4.3
1528290172.42	4300	59.998782	0.0	2044075	13	4.3
1528290176.53	4300	59.74794	0.0	2186790	24	4.3
1528290180.64	4300	59.747645	0.0	2105231	23	4.3
1528290184.25	4300	59.999368	0.0	2395588	26	4.3
1528290188.35	4300	59.99861	0.0	1972048	21	4.3
1528290192.46	4300	59.749574	0.0	2134614	25	4.3
1528290196.57	4300	59.725057	0.0	2164140	25	4.3
1528290200.68	4300	59.748191	0.0	2113193	23	4.3
1528290204.29	4300	59.997396	0.0	2147852	24	4.3
1528290208.4	4300	59.998679	0.0	2191074	23	4.3
1528290212.51	4300	59.748502	0.0	2286761	23	4.3
1528290216.62	4300	59.747853	0.0	2307787	24	4.3
1528290220.73	4300	59.497741	0.0	2143948	23	4.3
1528290224.33	4300	59.99873	0.0	1919781	21	4.3
1528290228.44	4300	59.74783	0.0	2147467	23	4.3
1528290232.55	4300	59.74873	0.0	2133870	22	4.3
1528290236.65	4300	59.748788	0.0	2146120	23	4.3
1528290240.26	4300	59.997694	0.0	2108491	22	4.3
1528290244.37	4300	59.998646	0.0	2184571	22	4.3
1528290248.48	4300	59.749601	0.0	2121928	22	4.3
1528290252.59	4300	59.74862	0.0	2219102	25	4.3
1528290256.19	4300	59.997634	0.0	2124950	24	4.3
1528290260.3	4300	59.998971	0.0	2246506	23	4.3
1528290264.4	4300	59.99902	0.0	1961140	21	4.3
1528290268.52	4300	59.748651	0.0	2155012	23	4.3
1528290270.11	4300	59.92817	0.0	1433658	17	4.3

1528290270.38	750	4	0.016	668286	2	-0.06879999999999997
1528290270.46	4300	7.965171	0.0	2123065	14	0.75
1528290270.56	4300	11.86583	0.0	2177073	25	4.3
1528290270.64	4300	15.785241	0.0	2160877	11	4.3
1528290270.75	4300	19.682292	0.0	2233056	30	4.3
1528290270.82	4300	23.60913	0.0	1941625	11	4.3
1528290270.91	4300	27.522055	0.0	2157535	13	4.3
1528290271.0	4300	31.42662	0.0	2290172	20	4.3
1528290271.1	4300	35.326856	0.0	2055469	22	4.3
1528290271.2	4300	39.229423	0.0	2169201	22	4.3
1528290271.29	4300	43.134136	0.0	2173522	21	4.3
1528290271.4	4300	47.031425	0.0	2102452	24	4.3
1528290271.49	4300	50.935705	0.0	2209463	25	4.3
1528290271.57	4300	54.856002	0.0	2275376	15	4.3
1528290271.67	4300	58.759932	0.0	2005399	21	4.3
1528290274.76	4300	59.748746	0.0	2152483	16	4.3
1528290278.87	4300	59.74918	0.0	2289689	21	4.3
1528290282.47	4300	59.998838	0.0	2059512	22	4.3
1528290286.59	4300	59.998657	0.0	2220726	20	4.3
1528290290.69	4300	59.748728	0.0	2156729	21	4.3
1528290294.8	4300	59.748973	0.0	2039773	22	4.3
1528290298.91	4300	59.748726	0.0	2176469	22	4.3
1528290302.52	4300	59.998452	0.0	2221506	25	4.3
1528290307.12	4300	59.498649	0.0	2044075	19	4.3
1528290310.74	4300	59.749567	0.0	2186790	25	4.3
1528290314.85	4300	59.748392	0.0	2105231	20	4.3
1528290318.45	4300	59.998012	0.0	2395588	22	4.3
1528290323.06	4300	59.498557	0.0	1972048	17	4.3
1528290326.67	4300	59.998878	0.0	2134614	24	4.3
1528290330.78	4300	59.748288	0.0	2164140	21	4.3
1528290334.88	4300	59.749655	0.0	2113193	21	4.3
1528290338.51	4300	59.999055	0.0	2147852	24	4.3
1528290342.73	4300	59.998597	0.0	2191074	23	4.3
1528290346.85	4300	59.748955	0.0	2286761	27	4.3
1528290350.46	4300	59.999378	0.0	2307787	23	4.3
1528290354.56	4300	59.999251	0.0	2143948	21	4.3
1528290358.66	4300	59.998531	0.0	1919781	20	4.3
1528290362.78	4300	59.749539	0.0	2147467	24	4.3
1528290367.01	4300	59.749172	0.0	2133870	24	4.3
1528290370.65	4300	59.998809	0.0	2146120	19	4.3
1528290374.76	4300	59.74908	0.0	2108491	20	4.3
1528290378.86	4300	59.747885	0.0	2184571	21	4.3
1528290382.46	4300	59.999184	0.0	2121928	24	4.3
1528290386.57	4300	59.998891	0.0	2219102	21	4.3
1528290390.68	4300	59.999224	0.0	2124950	23	4.3
1528290394.78	4300	59.74906	0.0	2246506	25	4.3
1528290398.9	4300	59.748782	0.0	1961140	21	4.3
1528290402.98	4300	59.499656	0.0	2155012	10	4.3
1528290404.58	4300	59.679534	0.0	1433658	17	4.3

1528290404.79	750	4	0.013	668286	3	-0.05589999999999995
1528290404.9	4300	7.948302	0.0	2123065	20	0.75
1528290405.0	4300	11.849695	0.0	2177073	23	4.3
1528290405.09	4300	15.760291	0.0	2160877	23	4.3
1528290405.18	4300	19.668658	0.0	2233056	22	4.3
1528290405.26	4300	23.590427	0.0	1941625	11	4.3
1528290405.34	4300	27.507772	0.0	2157535	16	4.3
1528290405.44	4300	31.404987	0.0	2290172	27	4.3
1528290405.51	4300	35.333315	0.0	2055469	11	4.3
1528290405.62	4300	39.233828	0.0	2169201	26	4.3
1528290405.71	4300	43.13692	0.0	2173522	24	4.3
1528290405.79	4300	47.061004	0.0	2102452	13	4.3
1528290405.89	4300	50.958125	0.0	2209463	25	4.3
1528290405.98	4300	54.867059	0.0	2275376	25	4.3
1528290406.05	4300	58.793796	0.0	2005399	11	4.3
1528290409.17	4300	59.749505	0.0	2152483	24	4.3
1528290413.28	4300	59.749227	0.0	2289689	20	4.3
1528290417.38	4300	59.497961	0.0	2059512	24	4.3
