1527745296.1	750	4	0.026	2354772	8	-0.11180000000000001
1527745296.24	4300	7.962433	0.0	2123065	23	0.75
1527745296.39	4300	11.816797	0.0	2177073	26	4.3
1527745296.51	4300	15.690478	0.0	2160877	14	4.3
1527745296.64	4300	19.565363	0.0	2233056	14	4.3
1527745296.77	4300	23.431336	0.0	1941625	22	4.3
1527745296.9	4300	27.30403	0.0	2157535	11	4.3
1527745297.04	4300	31.160779	0.0	2290172	25	4.3
1527745297.18	4300	35.026825	0.0	2055469	17	4.3
1527745297.32	4300	38.881604	0.0	2169201	20	4.3
1527745297.45	4300	42.749813	0.0	2173522	12	4.3
1527745297.58	4300	46.626235	0.0	2102452	13	4.3
1527745297.69	4300	50.51453	0.0	2209463	8	4.3
1527745297.81	4300	54.393875	0.0	2275376	8	4.3
1527745297.94	4300	58.263185	0.0	2005399	17	4.3
1527745300.6	4300	59.748666	0.0	2152483	23	4.3
1527745304.25	4300	59.998598	0.0	2289689	22	4.3
1527745308.41	4300	59.997915	0.0	2059512	22	4.3
1527745312.56	4300	59.748019	0.0	2220726	18	4.3
1527745316.72	4300	59.498877	0.0	2156729	27	4.3
1527745320.87	4300	59.499665	0.0	2039773	20	4.3
1527745324.54	4300	59.749263	0.0	2176469	19	4.3
1527745328.7	4300	59.749274	0.0	2221506	21	4.3
1527745332.35	4300	59.999487	0.0	2044075	22	4.3
1527745336.51	4300	59.748193	0.0	2186790	26	4.3
1527745340.66	4300	59.749488	0.0	2105231	20	4.3
1527745344.32	4300	59.99887	0.0	2395588	26	4.3
1527745348.48	4300	59.748761	0.0	1972048	25	4.3
1527745352.63	4300	59.74903	0.0	2134614	22	4.3
1527745356.29	4300	59.999274	0.0	2164140	24	4.3
1527745360.45	4300	59.998611	0.0	2113193	25	4.3
1527745364.6	4300	59.748891	0.0	2147852	22	4.3
1527745368.26	4300	59.998873	0.0	2191074	25	4.3
1527745372.42	4300	59.998764	0.0	2286761	28	4.3
1527745376.58	4300	59.749447	0.0	2307787	23	4.3
1527745380.26	4300	59.998763	0.0	2143948	25	4.3
1527745384.41	4300	59.998833	0.0	1919781	17	4.3
1527745388.56	4300	59.749587	0.0	2147467	24	4.3
1527745392.21	4300	59.998145	0.0	2133870	24	4.3
1527745396.37	4300	59.998853	0.0	2146120	29	4.3
1527745400.53	4300	59.748886	0.0	2108491	24	4.3
1527745404.69	4300	59.748571	0.0	2184571	30	4.3
1527745408.35	4300	59.998811	0.0	2121928	23	4.3
1527745412.51	4300	59.749292	0.0	2219102	25	4.3
1527745416.68	4300	59.748814	0.0	2124950	25	4.3
1527745420.32	4300	59.998019	0.0	2246506	26	4.3
1527745424.46	4300	59.998782	0.0	1961140	19	4.3
1527745428.59	4300	59.747834	0.0	2155012	23	4.3
1527745430.2	4300	59.92825	0.0	1433658	16	4.3

1527745430.44	750	4	0.015	668286	1	-0.0645
1527745430.6	4300	7.947895	0.0	2123065	9	0.75
1527745430.73	4300	11.81172	0.0	2177073	19	4.3
1527745430.86	4300	15.682482	0.0	2160877	14	4.3
1527745431.01	4300	19.540138	0.0	2233056	23	4.3
1527745431.13	4300	23.410816	0.0	1941625	13	4.3
1527745431.25	4300	27.298723	0.0	2157535	8	4.3
1527745431.36	4300	31.185941	0.0	2290172	8	4.3
1527745431.49	4300	35.057148	0.0	2055469	15	4.3
1527745431.63	4300	38.915222	0.0	2169201	25	4.3
1527745431.75	4300	42.791448	0.0	2173522	13	4.3
1527745431.88	4300	46.667618	0.0	2102452	12	4.3
1527745432.0	4300	50.547221	0.0	2209463	11	4.3
1527745432.12	4300	54.425512	0.0	2275376	12	4.3
1527745432.27	4300	58.28601	0.0	2005399	23	4.3
1527745434.91	4300	59.749305	0.0	2152483	25	4.3
1527745438.57	4300	59.997692	0.0	2289689	23	4.3
1527745442.72	4300	59.99823	0.0	2059512	20	4.3
1527745446.87	4300	59.748565	0.0	2220726	16	4.3
1527745451.01	4300	59.748588	0.0	2156729	19	4.3
1527745454.67	4300	59.999411	0.0	2039773	25	4.3
1527745458.83	4300	59.748408	0.0	2176469	28	4.3
1527745462.98	4300	59.747768	0.0	2221506	20	4.3
1527745466.64	4300	59.999017	0.0	2044075	25	4.3
1527745470.79	4300	59.998652	0.0	2186790	19	4.3
1527745474.94	4300	59.748478	0.0	2105231	24	4.3
1527745478.59	4300	59.999073	0.0	2395588	22	4.3
1527745482.74	4300	59.99871	0.0	1972048	22	4.3
1527745486.89	4300	59.747897	0.0	2134614	18	4.3
1527745491.05	4300	59.74936	0.0	2164140	26	4.3
1527745494.7	4300	59.998867	0.0	2113193	20	4.3
1527745498.85	4300	59.748868	0.0	2147852	25	4.3
1527745503.08	4300	59.749216	0.0	2191074	24	4.3
1527745506.75	4300	59.99819	0.0	2286761	28	4.3
1527745510.93	4300	59.74941	0.0	2307787	28	4.3
1527745514.67	4300	59.999126	0.0	2143948	20	4.3
1527745518.84	4300	59.748214	0.0	1919781	22	4.3
1527745522.98	4300	59.748565	0.0	2147467	14	4.3
1527745526.6	4300	59.998833	0.0	2133870	8	4.3
1527745530.75	4300	59.999458	0.0	2146120	19	4.3
1527745534.91	4300	59.748859	0.0	2108491	25	4.3
1527745538.56	4300	59.998184	0.0	2184571	22	4.3
1527745542.71	4300	59.999035	0.0	2121928	26	4.3
1527745546.87	4300	59.749197	0.0	2219102	21	4.3
1527745551.02	4300	59.749351	0.0	2124950	24	4.3
1527745554.67	4300	59.998619	0.0	2246506	22	4.3
1527745558.8	4300	59.749514	0.0	1961140	18	4.3
1527745562.93	4300	59.749504	0.0	2155012	27	4.3
1527745564.54	4300	59.928787	0.0	1433658	16	4.3

1527745564.75	750	4	0.018	668286	3	-0.07740000000000002
1527745564.91	4300	7.952855	0.0	2123065	15	0.75
1527745565.05	4300	11.809411	0.0	2177073	20	4.3
1527745565.19	4300	15.668226	0.0	2160877	21	4.3
1527745565.32	4300	19.536366	0.0	2233056	11	4.3
1527745565.46	4300	23.399211	0.0	1941625	18	4.3
1527745565.61	4300	27.248458	0.0	2157535	27	4.3
1527745565.76	4300	31.099465	0.0	2290172	27	4.3
1527745565.9	4300	34.956779	0.0	2055469	22	4.3
1527745566.02	4300	38.833118	0.0	2169201	12	4.3
1527745566.17	4300	42.690429	0.0	2173522	20	4.3
1527745566.31	4300	46.549236	0.0	2102452	21	4.3
1527745566.45	4300	50.407571	0.0	2209463	27	4.3
1527745566.61	4300	54.249054	0.0	2275376	12	4.3
1527745566.76	4300	58.095493	0.0	2005399	11	4.3
1527745568.94	4300	59.998596	0.0	2152483	12	4.3
1527745573.08	4300	59.997907	0.0	2289689	15	4.3
