1528179024.08	750	4	0.026	2354772	6	-0.11180000000000001
1528179024.22	4300	7.964762	0.0	2123065	17	0.75
1528179024.36	4300	11.823606	0.0	2177073	21	4.3
1528179024.5	4300	15.680218	0.0	2160877	22	4.3
1528179024.64	4300	19.546049	0.0	2233056	19	4.3
1528179024.78	4300	23.405378	0.0	1941625	23	4.3
1528179024.92	4300	27.260502	0.0	2157535	23	4.3
1528179025.11	4300	31.076161	0.0	2290172	24	4.3
1528179025.25	4300	34.927934	0.0	2055469	23	4.3
1528179025.4	4300	38.781964	0.0	2169201	25	4.3
1528179025.55	4300	42.63721	0.0	2173522	24	4.3
1528179025.7	4300	46.484531	0.0	2102452	24	4.3
1528179025.83	4300	50.348605	0.0	2209463	19	4.3
1528179025.99	4300	54.192331	0.0	2275376	27	4.3
1528179026.13	4300	58.054721	0.0	2005399	22	4.3
1528179028.78	4300	59.498501	0.0	2152483	25	4.3
1528179032.43	4300	59.998922	0.0	2289689	23	4.3
1528179036.58	4300	59.748322	0.0	2059512	21	4.3
1528179040.23	4300	59.999388	0.0	2220726	22	4.3
1528179044.89	4300	59.498709	0.0	2156729	24	4.3
1528179048.54	4300	59.748947	0.0	2039773	23	4.3
1528179052.19	4300	59.998226	0.0	2176469	26	4.3
1528179056.85	4300	59.498834	0.0	2221506	25	4.3
1528179060.5	4300	59.749505	0.0	2044075	21	4.3
1528179064.66	4300	59.74951	0.0	2186790	22	4.3
1528179068.31	4300	59.998099	0.0	2105231	21	4.3
1528179072.47	4300	59.749277	0.0	2395588	27	4.3
1528179076.63	4300	59.749159	0.0	1972048	20	4.3
1528179080.28	4300	59.997881	0.0	2134614	25	4.3
1528179084.44	4300	59.748213	0.0	2164140	25	4.3
1528179088.58	4300	59.749519	0.0	2113193	19	4.3
1528179092.23	4300	59.998915	0.0	2147852	17	4.3
1528179096.38	4300	59.997903	0.0	2191074	23	4.3
1528179100.52	4300	59.749454	0.0	2286761	19	4.3
1528179104.68	4300	59.4993	0.0	2307787	26	4.3
1528179108.33	4300	59.999379	0.0	2143948	22	4.3
1528179112.49	4300	59.749667	0.0	1919781	23	4.3
1528179116.65	4300	59.748969	0.0	2147467	25	4.3
1528179120.3	4300	59.99903	0.0	2133870	25	4.3
1528179124.46	4300	59.749486	0.0	2146120	21	4.3
1528179128.62	4300	59.749563	0.0	2108491	22	4.3
1528179132.28	4300	59.998841	0.0	2184571	20	4.3
1528179136.48	4300	59.999446	0.0	2121928	22	4.3
1528179140.65	4300	59.748897	0.0	2219102	23	4.3
1528179144.8	4300	59.498914	0.0	2124950	18	4.3
1528179148.46	4300	59.74872	0.0	2246506	25	4.3
1528179152.6	4300	59.749349	0.0	1961140	23	4.3
1528179156.22	4300	59.998061	0.0	2155012	18	4.3
1528179158.33	4300	59.679729	0.0	1433658	15	4.3

1528179158.56	750	4	0.015	668286	4	-0.0645
1528179158.71	4300	7.956017	0.0	2123065	15	0.75
1528179158.85	4300	11.814197	0.0	2177073	26	4.3
1528179158.99	4300	15.6686	0.0	2160877	22	4.3
1528179159.15	4300	19.513109	0.0	2233056	24	4.3
1528179159.29	4300	23.370345	0.0	1941625	22	4.3
1528179159.44	4300	27.222139	0.0	2157535	25	4.3
1528179159.57	4300	31.08802	0.0	2290172	20	4.3
1528179159.72	4300	34.948261	0.0	2055469	23	4.3
1528179159.86	4300	38.799744	0.0	2169201	23	4.3
1528179160.01	4300	42.65151	0.0	2173522	23	4.3
1528179160.16	4300	46.503036	0.0	2102452	24	4.3
1528179160.31	4300	50.352804	0.0	2209463	23	4.3
1528179160.47	4300	54.198293	0.0	2275376	24	4.3
1528179160.61	4300	58.051113	0.0	2005399	22	4.3
1528179162.77	4300	59.998697	0.0	2152483	13	4.3
1528179166.92	4300	59.748157	0.0	2289689	20	4.3
1528179171.08	4300	59.748381	0.0	2059512	24	4.3
1528179174.72	4300	59.998371	0.0	2220726	20	4.3
1528179178.87	4300	59.999139	0.0	2156729	24	4.3
1528179183.02	4300	59.747767	0.0	2039773	22	4.3
1528179186.67	4300	59.99796	0.0	2176469	20	4.3
1528179190.83	4300	59.998041	0.0	2221506	23	4.3
1528179194.99	4300	59.747625	0.0	2044075	22	4.3
1528179199.14	4300	59.749417	0.0	2186790	20	4.3
1528179202.8	4300	59.999313	0.0	2105231	24	4.3
1528179206.96	4300	59.748527	0.0	2395588	27	4.3
1528179211.13	4300	59.747812	0.0	1972048	22	4.3
1528179214.77	4300	59.998897	0.0	2134614	21	4.3
1528179218.93	4300	59.749079	0.0	2164140	23	4.3
1528179223.13	4300	59.749206	0.0	2113193	23	4.3
1528179226.83	4300	59.999047	0.0	2147852	19	4.3
1528179230.99	4300	59.74886	0.0	2191074	25	4.3
1528179235.15	4300	59.747672	0.0	2286761	20	4.3
1528179238.8	4300	59.999039	0.0	2307787	26	4.3
1528179242.96	4300	59.748943	0.0	2143948	25	4.3
1528179247.11	4300	59.749612	0.0	1919781	20	4.3
1528179251.26	4300	59.498587	0.0	2147467	18	4.3
1528179255.41	4300	59.498768	0.0	2133870	21	4.3
1528179259.08	4300	59.749101	0.0	2146120	24	4.3
1528179262.73	4300	59.998884	0.0	2108491	24	4.3
1528179266.88	4300	59.999158	0.0	2184571	21	4.3
1528179271.04	4300	59.748961	0.0	2121928	22	4.3
1528179274.69	4300	59.997996	0.0	2219102	20	4.3
1528179278.85	4300	59.997871	0.0	2124950	22	4.3
1528179282.99	4300	59.748819	0.0	2246506	20	4.3
1528179287.13	4300	59.748854	0.0	1961140	20	4.3
1528179290.76	4300	59.998778	0.0	2155012	24	4.3
1528179292.87	4300	59.67928	0.0	1433658	14	4.3

1528179293.1	750	4	0.013	668286	2	-0.05589999999999995
1528179293.26	4300	7.951832	0.0	2123065	15	0.75
1528179293.4	4300	11.808789	0.0	2177073	24	4.3
1528179293.55	4300	15.664525	0.0	2160877	20	4.3
1528179293.69	4300	19.526353	0.0	2233056	12	4.3
1528179293.82	4300	23.389805	0.0	1941625	21	4.3
1528179293.97	4300	27.244957	0.0	2157535	24	4.3
1528179294.11	4300	31.106098	0.0	2290172	18	4.3
1528179294.25	4300	34.967323	0.0	2055469	20	4.3
1528179294.39	4300	38.822584	0.0	2169201	25	4.3
1528179294.54	4300	42.675215	0.0	2173522	25	4.3
1528179294.69	4300	46.526091	0.0	2102452	24	4.3
1528179294.84	4300	50.377279	0.0	2209463	24	4.3
1528179294.99	4300	54.225818	0.0	2275376	26	4.3
1528179295.14	4300	58.075861	0.0	2005399	24	4.3
1528179297.31	4300	59.999363	0.0	2152483	12	4.3
1528179301.47	4300	59.748509	0.0	2289689	24	4.3
1528179305.63	4300	59.749244	0.0	2059512	22	4.3
