1528226836.56	750	4	0.012	450283	2	-0.05159999999999998
1528226836.72	4300	7.95228	0.0	2123065	22	0.75
1528226836.86	4300	11.80324	0.0	2177073	26	4.3
1528226837.02	4300	15.653943	0.0	2160877	22	4.3
1528226837.16	4300	19.50487	0.0	2233056	25	4.3
1528226837.31	4300	23.359054	0.0	1941625	23	4.3
1528226837.46	4300	27.208905	0.0	2157535	24	4.3
1528226837.61	4300	31.057805	0.0	2290172	26	4.3
1528226837.76	4300	34.909686	0.0	2055469	25	4.3
1528226837.9	4300	38.764306	0.0	2169201	25	4.3
1528226838.06	4300	42.609791	0.0	2173522	25	4.3
1528226838.21	4300	46.46292	0.0	2102452	23	4.3
1528226838.34	4300	50.325088	0.0	2209463	20	4.3
1528226838.48	4300	54.183085	0.0	2275376	24	4.3
1528226838.62	4300	58.042028	0.0	2005399	23	4.3
1528226840.78	4300	59.998112	0.0	2152483	9	4.3
1528226844.93	4300	59.748432	0.0	2289689	24	4.3
1528226849.08	4300	59.748745	0.0	2059512	17	4.3
1528226852.73	4300	59.997799	0.0	2220726	24	4.3
1528226856.87	4300	59.999225	0.0	2156729	18	4.3
1528226861.03	4300	59.749074	0.0	2039773	21	4.3
1528226864.68	4300	59.9991	0.0	2176469	22	4.3
1528226868.83	4300	59.998386	0.0	2221506	25	4.3
1528226873.0	4300	59.749128	0.0	2044075	21	4.3
1528226877.15	4300	59.748345	0.0	2186790	21	4.3
1528226880.78	4300	59.998778	0.0	2105231	15	4.3
1528226884.95	4300	59.748062	0.0	2395588	27	4.3
1528226889.12	4300	59.747649	0.0	1972048	21	4.3
1528226892.76	4300	59.998019	0.0	2134614	18	4.3
1528226896.92	4300	59.999225	0.0	2164140	25	4.3
1528226901.07	4300	59.747906	0.0	2113193	18	4.3
1528226904.73	4300	59.998311	0.0	2147852	22	4.3
1528226908.89	4300	59.998451	0.0	2191074	25	4.3
1528226913.05	4300	59.749281	0.0	2286761	26	4.3
1528226916.7	4300	59.99854	0.0	2307787	23	4.3
1528226920.86	4300	59.998565	0.0	2143948	25	4.3
1528226925.02	4300	59.749362	0.0	1919781	20	4.3
1528226929.17	4300	59.748996	0.0	2147467	23	4.3
1528226932.82	4300	59.997821	0.0	2133870	20	4.3
1528226936.97	4300	59.747748	0.0	2146120	23	4.3
1528226941.13	4300	59.749322	0.0	2108491	23	4.3
1528226944.79	4300	59.998983	0.0	2184571	21	4.3
1528226948.94	4300	59.748977	0.0	2121928	23	4.3
1528226953.11	4300	59.748413	0.0	2219102	24	4.3
1528226956.76	4300	59.998818	0.0	2124950	19	4.3
1528226960.91	4300	59.99878	0.0	2246506	25	4.3
1528226965.04	4300	59.749088	0.0	1961140	20	4.3
1528226969.18	4300	59.749344	0.0	2155012	18	4.3
1528226970.83	4300	59.679183	0.0	1433658	17	4.3

1528226971.06	750	4	0.017	668286	4	-0.07309999999999994
1528226971.22	4300	7.951056	0.0	2123065	18	0.75
1528226971.36	4300	11.805651	0.0	2177073	21	4.3
1528226971.51	4300	15.661196	0.0	2160877	22	4.3
1528226971.66	4300	19.507594	0.0	2233056	23	4.3
1528226971.8	4300	23.366403	0.0	1941625	22	4.3
1528226971.93	4300	27.232122	0.0	2157535	19	4.3
1528226972.08	4300	31.085973	0.0	2290172	24	4.3
1528226972.22	4300	34.943753	0.0	2055469	23	4.3
1528226972.37	4300	38.79664	0.0	2169201	25	4.3
1528226972.51	4300	42.658354	0.0	2173522	19	4.3
1528226972.65	4300	46.519321	0.0	2102452	22	4.3
1528226972.78	4300	50.387661	0.0	2209463	18	4.3
1528226972.92	4300	54.246486	0.0	2275376	25	4.3
1528226973.07	4300	58.100256	0.0	2005399	23	4.3
1528226975.22	4300	59.999046	0.0	2152483	13	4.3
1528226979.37	4300	59.99813	0.0	2289689	20	4.3
1528226983.53	4300	59.749029	0.0	2059512	23	4.3
1528226987.24	4300	59.998349	0.0	2220726	19	4.3
1528226991.39	4300	59.998476	0.0	2156729	25	4.3
1528226995.53	4300	59.749301	0.0	2039773	19	4.3
1528226999.19	4300	59.999343	0.0	2176469	22	4.3
1528227003.36	4300	59.998655	0.0	2221506	25	4.3
1528227007.51	4300	59.748378	0.0	2044075	19	4.3
1528227011.67	4300	59.749356	0.0	2186790	24	4.3
1528227015.33	4300	59.999295	0.0	2105231	23	4.3
1528227019.5	4300	59.749262	0.0	2395588	26	4.3
1528227023.64	4300	59.748962	0.0	1972048	20	4.3
1528227027.29	4300	59.997934	0.0	2134614	20	4.3
1528227031.44	4300	59.749623	0.0	2164140	24	4.3
1528227035.6	4300	59.749291	0.0	2113193	23	4.3
1528227039.25	4300	59.998	0.0	2147852	24	4.3
1528227043.4	4300	59.999092	0.0	2191074	25	4.3
1528227047.56	4300	59.748173	0.0	2286761	23	4.3
1528227051.28	4300	59.999144	0.0	2307787	26	4.3
1528227055.44	4300	59.748729	0.0	2143948	24	4.3
1528227059.59	4300	59.74848	0.0	1919781	19	4.3
1528227063.24	4300	59.998681	0.0	2147467	22	4.3
1528227067.42	4300	59.999144	0.0	2133870	25	4.3
1528227071.58	4300	59.748884	0.0	2146120	25	4.3
1528227075.23	4300	59.997726	0.0	2108491	19	4.3
1528227079.39	4300	59.997852	0.0	2184571	24	4.3
1528227083.55	4300	59.749539	0.0	2121928	24	4.3
1528227087.2	4300	59.998923	0.0	2219102	21	4.3
1528227091.35	4300	59.99929	0.0	2124950	22	4.3
1528227095.49	4300	59.749226	0.0	2246506	23	4.3
1528227099.63	4300	59.748727	0.0	1961140	20	4.3
1528227103.26	4300	59.999417	0.0	2155012	24	4.3
1528227105.37	4300	59.678887	0.0	1433658	15	4.3

1528227105.6	750	4	0.021	668286	3	-0.09030000000000005
1528227105.77	4300	7.951616	0.0	2123065	18	0.75
1528227105.94	4300	11.781194	0.0	2177073	26	4.3
1528227106.08	4300	15.632836	0.0	2160877	24	4.3
1528227106.23	4300	19.481709	0.0	2233056	26	4.3
1528227106.38	4300	23.33339	0.0	1941625	23	4.3
1528227106.57	4300	27.152125	0.0	2157535	24	4.3
1528227106.72	4300	30.996294	0.0	2290172	28	4.3
1528227106.86	4300	34.853895	0.0	2055469	23	4.3
1528227107.01	4300	38.703298	0.0	2169201	27	4.3
1528227107.16	4300	42.554968	0.0	2173522	23	4.3
1528227107.3	4300	46.417923	0.0	2102452	18	4.3
1528227107.44	4300	50.277229	0.0	2209463	25	4.3
1528227107.59	4300	54.123243	0.0	2275376	23	4.3
1528227107.75	4300	57.966298	0.0	2005399	40	4.3
1528227109.9	4300	59.998936	0.0	2152483	23	4.3
1528227114.06	4300	59.749797	0.0	2289689	27	4.3
1528227118.21	4300	59.748608	0.0	2059512	19	4.3
1528227122.44	4300	59.499423	0.0	2220726	23	4.3
1528227126.15	4300	59.748327	0.0	2156729	25	4.3
1528227129.81	4300	59.999343	0.0	2039773	22	4.3
1528227133.97	4300	59.748124	0.0	2176469	24	4.3
