1527637485.05	750	4	0.011	450283	1	-0.04730000000000001
1527637485.17	4300	7.958052	0.0	2123065	15	0.75
1527637485.27	4300	11.865775	0.0	2177073	17	4.3
1527637485.36	4300	15.777357	0.0	2160877	19	4.3
1527637485.45	4300	19.685377	0.0	2233056	17	4.3
1527637485.53	4300	23.599414	0.0	1941625	18	4.3
1527637485.62	4300	27.510989	0.0	2157535	19	4.3
1527637485.72	4300	31.409314	0.0	2290172	22	4.3
1527637485.82	4300	35.311919	0.0	2055469	24	4.3
1527637485.89	4300	39.239576	0.0	2169201	9	4.3
1527637485.98	4300	43.150689	0.0	2173522	20	4.3
1527637486.07	4300	47.063307	0.0	2102452	20	4.3
1527637486.16	4300	50.974691	0.0	2209463	21	4.3
1527637486.25	4300	54.884061	0.0	2275376	24	4.3
1527637486.34	4300	58.795529	0.0	2005399	19	4.3
1527637489.45	4300	59.749448	0.0	2152483	20	4.3
1527637493.56	4300	59.748969	0.0	2289689	25	4.3
1527637497.17	4300	59.998375	0.0	2059512	23	4.3
1527637501.27	4300	59.998212	0.0	2220726	21	4.3
1527637505.38	4300	59.998305	0.0	2156729	23	4.3
1527637509.49	4300	59.749081	0.0	2039773	21	4.3
1527637513.6	4300	59.749754	0.0	2176469	24	4.3
1527637517.28	4300	59.997819	0.0	2221506	25	4.3
1527637521.38	4300	59.998835	0.0	2044075	22	4.3
1527637525.56	4300	59.749325	0.0	2186790	18	4.3
1527637529.18	4300	59.999038	0.0	2105231	26	4.3
1527637533.28	4300	59.997892	0.0	2395588	22	4.3
1527637537.89	4300	59.248406	0.0	1972048	20	4.3
1527637541.49	4300	59.748835	0.0	2134614	18	4.3
1527637545.6	4300	59.598393	0.0	2164140	24	4.3
1527637549.21	4300	59.999151	0.0	2113193	23	4.3
1527637553.32	4300	59.998448	0.0	2147852	24	4.3
1527637557.43	4300	59.748954	0.0	2191074	23	4.3
1527637561.54	4300	59.74803	0.0	2286761	22	4.3
1527637565.65	4300	59.499585	0.0	2307787	24	4.3
1527637569.76	4300	59.499439	0.0	2143948	26	4.3
1527637573.37	4300	59.99905	0.0	1919781	23	4.3
1527637577.49	4300	59.7496	0.0	2147467	20	4.3
1527637581.59	4300	59.749411	0.0	2133870	21	4.3
1527637585.2	4300	59.999437	0.0	2146120	20	4.3
1527637589.3	4300	59.998084	0.0	2108491	19	4.3
1527637593.41	4300	59.749532	0.0	2184571	23	4.3
1527637597.52	4300	59.74859	0.0	2121928	20	4.3
1527637601.65	4300	59.748379	0.0	2219102	24	4.3
1527637605.26	4300	59.998422	0.0	2124950	25	4.3
1527637609.36	4300	59.999464	0.0	2246506	25	4.3
1527637613.47	4300	59.749523	0.0	1961140	22	4.3
1527637617.58	4300	59.748412	0.0	2155012	24	4.3
1527637619.17	4300	59.679798	0.0	1433658	17	4.3

1527637619.38	750	4	0.015	668286	2	-0.0645
1527637619.45	4300	7.979457	0.0	2123065	5	0.75
1527637619.56	4300	11.889225	0.0	2177073	23	4.3
1527637619.66	4300	15.769987	0.0	2160877	23	4.3
1527637619.76	4300	19.688096	0.0	2233056	16	4.3
1527637619.85	4300	23.582891	0.0	1941625	16	4.3
1527637619.96	4300	27.473954	0.0	2157535	27	4.3
1527637620.06	4300	31.368883	0.0	2290172	21	4.3
1527637620.15	4300	35.282474	0.0	2055469	17	4.3
1527637620.25	4300	39.174778	0.0	2169201	25	4.3
1527637620.37	4300	43.1003	0.0	2173522	12	4.3
1527637620.44	4300	46.991001	0.0	2102452	8	4.3
1527637620.58	4300	50.907443	0.0	2209463	18	4.3
1527637620.68	4300	54.752303	0.0	2275376	25	4.3
1527637620.78	4300	58.653805	0.0	2005399	19	4.3
1527637623.88	4300	59.749108	0.0	2152483	21	4.3
1527637627.49	4300	59.998645	0.0	2289689	24	4.3
1527637632.09	4300	59.497858	0.0	2059512	21	4.3
1527637635.69	4300	59.749264	0.0	2220726	17	4.3
1527637639.81	4300	59.747936	0.0	2156729	23	4.3
1527637643.92	4300	59.749681	0.0	2039773	22	4.3
1527637647.53	4300	59.997746	0.0	2176469	24	4.3
1527637652.13	4300	59.49891	0.0	2221506	23	4.3
1527637655.73	4300	59.749405	0.0	2044075	16	4.3
1527637659.85	4300	59.748535	0.0	2186790	24	4.3
1527637663.46	4300	59.999402	0.0	2105231	23	4.3
1527637667.57	4300	59.998665	0.0	2395588	24	4.3
1527637671.67	4300	59.998796	0.0	1972048	23	4.3
1527637675.79	4300	59.749462	0.0	2134614	25	4.3
1527637679.9	4300	59.673349	0.0	2164140	23	4.3
1527637683.5	4300	59.998035	0.0	2113193	21	4.3
1527637687.63	4300	59.999387	0.0	2147852	22	4.3
1527637691.83	4300	59.749138	0.0	2191074	24	4.3
1527637695.44	4300	59.997991	0.0	2286761	26	4.3
1527637699.55	4300	59.998765	0.0	2307787	22	4.3
1527637704.16	4300	59.499047	0.0	2143948	20	4.3
1527637707.76	4300	59.747692	0.0	1919781	21	4.3
1527637711.87	4300	59.749427	0.0	2147467	23	4.3
1527637715.49	4300	59.997907	0.0	2133870	24	4.3
1527637719.59	4300	59.999287	0.0	2146120	20	4.3
1527637723.7	4300	59.748895	0.0	2108491	22	4.3
1527637727.81	4300	59.748369	0.0	2184571	23	4.3
1527637731.91	4300	59.748649	0.0	2121928	23	4.3
1527637735.52	4300	59.998795	0.0	2219102	24	4.3
1527637739.89	4300	59.999446	0.0	2124950	22	4.3
1527637743.5	4300	59.998988	0.0	2246506	22	4.3
1527637747.61	4300	59.999467	0.0	1961140	20	4.3
1527637751.71	4300	59.749141	0.0	2155012	22	4.3
1527637753.32	4300	59.928649	0.0	1433658	18	4.3

1527637753.56	750	4	0.019	668286	6	-0.0817
1527637753.68	4300	7.954102	0.0	2123065	17	0.75
1527637753.81	4300	11.837968	0.0	2177073	25	4.3
1527637753.92	4300	15.71744	0.0	2160877	28	4.3
1527637754.05	4300	19.600442	0.0	2233056	25	4.3
1527637754.16	4300	23.476966	0.0	1941625	22	4.3
1527637754.26	4300	27.375388	0.0	2157535	18	4.3
1527637754.41	4300	31.242041	0.0	2290172	25	4.3
1527637754.52	4300	35.120596	0.0	2055469	23	4.3
1527637754.63	4300	39.001685	0.0	2169201	24	4.3
1527637754.74	4300	42.903838	0.0	2173522	20	4.3
1527637754.87	4300	46.786249	0.0	2102452	24	4.3
1527637754.97	4300	50.667553	0.0	2209463	22	4.3
1527637755.08	4300	54.551892	0.0	2275376	25	4.3
1527637755.18	4300	58.453368	0.0	2005399	18	4.3
1527637757.82	4300	59.997584	0.0	2152483	25	4.3
1527637761.92	4300	59.749253	0.0	2289689	21	4.3
1527637766.02	4300	59.748747	0.0	2059512	22	4.3
1527637770.13	4300	59.749061	0.0	2220726	24	4.3
1527637773.74	4300	59.998707	0.0	2156729	23	4.3
1527637777.85	4300	59.998904	0.0	2039773	22	4.3
1527637781.96	4300	59.748734	0.0	2176469	23	4.3
1527637786.07	4300	59.748412	0.0	2221506	24	4.3
1527637789.67	4300	59.998952	0.0	2044075	23	4.3
1527637793.78	4300	59.999309	0.0	2186790	23	4.3
1527637797.89	4300	59.748923	0.0	2105231	20	4.3
1527637801.99	4300	59.749132	0.0	2395588	25	4.3
1527637806.08	4300	59.749255	0.0	1972048	10	4.3
1527637809.69	4300	59.998158	0.0	2134614	21	4.3
1527637813.79	4300	59.998866	0.0	2164140	18	4.3
1527637817.9	4300	59.748593	0.0	2113193	22	4.3
1527637822.01	4300	59.748731	0.0	2147852	24	4.3
1527637826.11	4300	59.748567	0.0	2191074	24	4.3
1527637829.73	4300	59.99883	0.0	2286761	25	4.3
1527637833.83	4300	59.998608	0.0	2307787	19	4.3
1527637837.94	4300	59.749456	0.0	2143948	25	4.3
1527637842.04	4300	59.749055	0.0	1919781	19	4.3
