1528179487.85	750	4	0.009	450283	2	-0.03869999999999996
1528179487.96	4300	7.957515	0.0	2123065	14	0.75
1528179488.06	4300	11.861333	0.0	2177073	24	4.3
1528179488.15	4300	15.767835	0.0	2160877	24	4.3
1528179488.23	4300	19.684879	0.0	2233056	15	4.3
1528179488.33	4300	23.59024	0.0	1941625	23	4.3
1528179488.4	4300	27.51637	0.0	2157535	11	4.3
1528179488.5	4300	31.421865	0.0	2290172	19	4.3
1528179488.59	4300	35.321428	0.0	2055469	21	4.3
1528179488.7	4300	39.220838	0.0	2169201	28	4.3
1528179488.79	4300	43.12812	0.0	2173522	23	4.3
1528179488.9	4300	47.021999	0.0	2102452	28	4.3
1528179489.0	4300	50.920787	0.0	2209463	29	4.3
1528179489.07	4300	54.844954	0.0	2275376	10	4.3
1528179489.14	4300	58.779866	0.0	2005399	5	4.3
1528179492.24	4300	59.749383	0.0	2152483	14	4.3
1528179496.35	4300	59.749351	0.0	2289689	19	4.3
1528179499.96	4300	59.999191	0.0	2059512	20	4.3
1528179504.08	4300	59.998088	0.0	2220726	27	4.3
1528179508.18	4300	59.748306	0.0	2156729	25	4.3
1528179512.29	4300	59.749451	0.0	2039773	24	4.3
1528179516.4	4300	59.74914	0.0	2176469	28	4.3
1528179520.01	4300	59.998231	0.0	2221506	26	4.3
1528179524.12	4300	59.999349	0.0	2044075	23	4.3
1528179528.22	4300	59.749074	0.0	2186790	26	4.3
1528179532.33	4300	59.749015	0.0	2105231	25	4.3
1528179535.93	4300	59.999082	0.0	2395588	18	4.3
1528179540.05	4300	59.998908	0.0	1972048	31	4.3
1528179544.15	4300	59.998263	0.0	2134614	25	4.3
1528179548.26	4300	59.74954	0.0	2164140	25	4.3
1528179552.37	4300	59.748979	0.0	2113193	25	4.3
1528179555.99	4300	59.998768	0.0	2147852	22	4.3
1528179560.09	4300	59.999385	0.0	2191074	21	4.3
1528179564.2	4300	59.749623	0.0	2286761	22	4.3
1528179568.31	4300	59.749361	0.0	2307787	25	4.3
1528179572.42	4300	59.74897	0.0	2143948	26	4.3
1528179576.52	4300	59.498949	0.0	1919781	23	4.3
1528179580.13	4300	59.998692	0.0	2147467	25	4.3
1528179584.24	4300	59.748035	0.0	2133870	22	4.3
1528179588.34	4300	59.749898	0.0	2146120	24	4.3
1528179591.95	4300	59.998115	0.0	2108491	26	4.3
1528179596.06	4300	59.99881	0.0	2184571	24	4.3
1528179600.16	4300	59.999	0.0	2121928	24	4.3
1528179604.27	4300	59.749432	0.0	2219102	24	4.3
1528179608.38	4300	59.687604	0.0	2124950	27	4.3
1528179611.99	4300	59.999368	0.0	2246506	26	4.3
1528179616.6	4300	59.498953	0.0	1961140	22	4.3
1528179620.21	4300	59.749003	0.0	2155012	27	4.3
1528179621.81	4300	59.929727	0.0	1433658	34	4.3

1528179622.03	750	4	0.028	2354772	7	-0.12039999999999995
1528179622.09	4300	7.935869	0.0	2123065	6	0.75
1528179622.19	4300	11.840446	0.0	2177073	24	4.3
1528179622.27	4300	15.759423	0.0	2160877	16	4.3
1528179622.38	4300	19.654163	0.0	2233056	32	4.3
1528179622.47	4300	23.555912	0.0	1941625	13	4.3
1528179622.58	4300	27.453667	0.0	2157535	14	4.3
1528179622.67	4300	31.354941	0.0	2290172	25	4.3
1528179622.75	4300	35.283413	0.0	2055469	11	4.3
1528179622.85	4300	39.180311	0.0	2169201	26	4.3
1528179622.94	4300	43.0868	0.0	2173522	25	4.3
1528179623.03	4300	46.99494	0.0	2102452	28	4.3
1528179623.12	4300	50.903295	0.0	2209463	25	4.3
1528179623.2	4300	54.825671	0.0	2275376	13	4.3
1528179623.3	4300	58.730118	0.0	2005399	22	4.3
1528179626.4	4300	59.749137	0.0	2152483	24	4.3
1528179630.51	4300	59.749329	0.0	2289689	19	4.3
1528179634.11	4300	59.998612	0.0	2059512	20	4.3
1528179638.21	4300	59.999079	0.0	2220726	23	4.3
1528179642.32	4300	59.747622	0.0	2156729	25	4.3
1528179646.43	4300	59.748834	0.0	2039773	24	4.3
1528179650.03	4300	59.998555	0.0	2176469	23	4.3
1528179654.14	4300	59.997965	0.0	2221506	24	4.3
1528179658.25	4300	59.998369	0.0	2044075	25	4.3
1528179662.36	4300	59.748867	0.0	2186790	25	4.3
1528179666.47	4300	59.749541	0.0	2105231	24	4.3
1528179670.08	4300	59.999256	0.0	2395588	25	4.3
1528179674.19	4300	59.998285	0.0	1972048	19	4.3
1528179678.29	4300	59.748639	0.0	2134614	21	4.3
1528179682.4	4300	59.749494	0.0	2164140	25	4.3
1528179686.51	4300	59.748888	0.0	2113193	24	4.3
1528179690.12	4300	59.999073	0.0	2147852	26	4.3
1528179694.23	4300	59.997708	0.0	2191074	20	4.3
1528179698.33	4300	59.748787	0.0	2286761	23	4.3
1528179702.44	4300	59.747513	0.0	2307787	25	4.3
1528179706.05	4300	59.9983	0.0	2143948	25	4.3
1528179710.66	4300	59.499059	0.0	1919781	21	4.3
1528179714.27	4300	59.998748	0.0	2147467	24	4.3
1528179718.39	4300	59.749283	0.0	2133870	21	4.3
1528179722.48	4300	59.749014	0.0	2146120	15	4.3
1528179726.08	4300	59.99877	0.0	2108491	22	4.3
1528179730.19	4300	59.998869	0.0	2184571	25	4.3
1528179734.3	4300	59.749488	0.0	2121928	24	4.3
1528179738.4	4300	59.749156	0.0	2219102	27	4.3
1528179742.5	4300	59.639387	0.0	2124950	12	4.3
1528179746.1	4300	59.999054	0.0	2246506	25	4.3
1528179750.2	4300	59.998926	0.0	1961140	19	4.3
1528179754.31	4300	59.74865	0.0	2155012	26	4.3
1528179755.92	4300	59.929306	0.0	1433658	34	4.3

1528179756.11	750	4	0.022	2354772	9	-0.09460000000000002
1528179756.17	4300	7.987755	0.0	2123065	6	0.75
1528179756.25	4300	11.904222	0.0	2177073	17	4.3
1528179756.35	4300	15.807119	0.0	2160877	24	4.3
1528179756.44	4300	19.712857	0.0	2233056	29	4.3
1528179756.52	4300	23.641453	0.0	1941625	10	4.3
1528179756.62	4300	27.541427	0.0	2157535	25	4.3
1528179756.7	4300	31.460183	0.0	2290172	16	4.3
1528179756.79	4300	35.366975	0.0	2055469	21	4.3
1528179756.89	4300	39.265911	0.0	2169201	25	4.3
1528179756.97	4300	43.188599	0.0	2173522	13	4.3
1528179757.07	4300	47.090909	0.0	2102452	26	4.3
1528179757.16	4300	50.994259	0.0	2209463	26	4.3
1528179757.25	4300	54.902632	0.0	2275376	24	4.3
1528179757.34	4300	58.813948	0.0	2005399	25	4.3
1528179760.43	4300	59.749135	0.0	2152483	13	4.3
1528179764.54	4300	59.748868	0.0	2289689	27	4.3
1528179768.64	4300	59.748581	0.0	2059512	22	4.3
1528179772.25	4300	59.998827	0.0	2220726	27	4.3
1528179776.36	4300	59.999415	0.0	2156729	23	4.3
1528179780.46	4300	59.748667	0.0	2039773	18	4.3
1528179784.56	4300	59.749596	0.0	2176469	20	4.3
1528179788.66	4300	59.749254	0.0	2221506	23	4.3
