1528206993.72	750	4	0.015	450283	1	-0.0645
1528206993.83	4300	7.955366	0.0	2123065	13	0.75
1528206993.93	4300	11.856024	0.0	2177073	26	4.3
1528206994.02	4300	15.761604	0.0	2160877	26	4.3
1528206994.1	4300	19.678859	0.0	2233056	16	4.3
1528206994.17	4300	23.612586	0.0	1941625	6	4.3
1528206994.25	4300	27.532028	0.0	2157535	17	4.3
1528206994.34	4300	31.434738	0.0	2290172	29	4.3
1528206994.42	4300	35.361302	0.0	2055469	12	4.3
1528206994.49	4300	39.287605	0.0	2169201	13	4.3
1528206994.56	4300	43.196205	0.0	2173522	27	4.3
1528206994.64	4300	47.143701	0.0	2102452	11	4.3
1528206994.74	4300	51.044775	0.0	2209463	26	4.3
1528206994.82	4300	54.962723	0.0	2275376	15	4.3
1528206994.91	4300	58.869144	0.0	2005399	25	4.3
1528206998.08	4300	59.999312	0.0	2152483	11	4.3
1528207002.2	4300	59.747966	0.0	2289689	17	4.3
1528207005.8	4300	59.998338	0.0	2059512	23	4.3
1528207009.92	4300	59.998352	0.0	2220726	21	4.3
1528207014.02	4300	59.99853	0.0	2156729	22	4.3
1528207018.13	4300	59.748015	0.0	2039773	23	4.3
1528207022.24	4300	59.748197	0.0	2176469	24	4.3
1528207025.84	4300	59.998703	0.0	2221506	27	4.3
1528207030.45	4300	59.499154	0.0	2044075	22	4.3
1528207034.06	4300	59.749741	0.0	2186790	25	4.3
1528207038.17	4300	59.748117	0.0	2105231	24	4.3
1528207042.29	4300	59.499578	0.0	2395588	27	4.3
1528207046.4	4300	59.499135	0.0	1972048	23	4.3
1528207050.0	4300	59.999286	0.0	2134614	19	4.3
1528207054.11	4300	59.749767	0.0	2164140	18	4.3
1528207058.21	4300	59.748203	0.0	2113193	25	4.3
1528207061.82	4300	59.998383	0.0	2147852	26	4.3
1528207065.92	4300	59.998053	0.0	2191074	25	4.3
1528207070.1	4300	59.998675	0.0	2286761	27	4.3
1528207074.21	4300	59.749163	0.0	2307787	25	4.3
1528207077.84	4300	59.998097	0.0	2143948	25	4.3
1528207081.94	4300	59.998707	0.0	1919781	23	4.3
1528207086.05	4300	59.748915	0.0	2147467	25	4.3
1528207090.16	4300	59.748819	0.0	2133870	24	4.3
1528207094.27	4300	59.749506	0.0	2146120	25	4.3
1528207098.38	4300	59.498528	0.0	2108491	26	4.3
1528207101.99	4300	59.998704	0.0	2184571	27	4.3
1528207106.1	4300	59.749523	0.0	2121928	23	4.3
1528207110.2	4300	59.749499	0.0	2219102	24	4.3
1528207113.81	4300	59.998968	0.0	2124950	23	4.3
1528207117.92	4300	59.999098	0.0	2246506	25	4.3
1528207122.52	4300	59.498723	0.0	1961140	21	4.3
1528207126.14	4300	59.749032	0.0	2155012	24	4.3
1528207127.73	4300	59.928458	0.0	1433658	18	4.3

1528207127.93	750	4	0.023	2354772	6	-0.09889999999999999
1528207127.99	4300	7.987303	0.0	2123065	5	0.75
1528207128.06	4300	11.918575	0.0	2177073	9	4.3
1528207128.15	4300	15.831707	0.0	2160877	21	4.3
1528207128.25	4300	19.736239	0.0	2233056	25	4.3
1528207128.34	4300	23.648857	0.0	1941625	18	4.3
1528207128.43	4300	27.551078	0.0	2157535	11	4.3
1528207128.53	4300	31.447543	0.0	2290172	27	4.3
1528207128.61	4300	35.3763	0.0	2055469	11	4.3
1528207128.7	4300	39.285954	0.0	2169201	21	4.3
1528207128.78	4300	43.199794	0.0	2173522	21	4.3
1528207128.87	4300	47.110291	0.0	2102452	20	4.3
1528207128.96	4300	51.021808	0.0	2209463	26	4.3
1528207129.05	4300	54.930567	0.0	2275376	26	4.3
1528207129.14	4300	58.840251	0.0	2005399	20	4.3
1528207132.25	4300	59.749491	0.0	2152483	22	4.3
1528207136.36	4300	59.748215	0.0	2289689	27	4.3
1528207140.47	4300	59.749453	0.0	2059512	23	4.3
1528207144.58	4300	59.499354	0.0	2220726	26	4.3
1528207148.69	4300	59.49954	0.0	2156729	25	4.3
1528207152.29	4300	59.748699	0.0	2039773	25	4.3
1528207156.4	4300	59.749147	0.0	2176469	25	4.3
1528207160.01	4300	59.999467	0.0	2221506	26	4.3
1528207164.12	4300	59.998378	0.0	2044075	22	4.3
1528207168.22	4300	59.999187	0.0	2186790	25	4.3
1528207172.33	4300	59.748682	0.0	2105231	25	4.3
1528207176.44	4300	59.749252	0.0	2395588	28	4.3
1528207180.05	4300	59.998885	0.0	1972048	24	4.3
1528207184.16	4300	59.997982	0.0	2134614	24	4.3
1528207188.26	4300	59.748789	0.0	2164140	26	4.3
1528207192.37	4300	59.749661	0.0	2113193	24	4.3
1528207196.48	4300	59.749349	0.0	2147852	27	4.3
1528207200.09	4300	59.997747	0.0	2191074	27	4.3
1528207204.7	4300	59.499348	0.0	2286761	22	4.3
1528207208.31	4300	59.749185	0.0	2307787	27	4.3
1528207212.42	4300	59.749222	0.0	2143948	23	4.3
1528207216.02	4300	59.998913	0.0	1919781	22	4.3
1528207220.63	4300	59.498716	0.0	2147467	26	4.3
1528207224.24	4300	59.998692	0.0	2133870	26	4.3
1528207228.35	4300	59.749325	0.0	2146120	20	4.3
1528207232.46	4300	59.749346	0.0	2108491	24	4.3
1528207236.06	4300	59.998962	0.0	2184571	26	4.3
1528207240.17	4300	59.999395	0.0	2121928	22	4.3
1528207244.28	4300	59.749132	0.0	2219102	26	4.3
1528207248.38	4300	59.691139	0.0	2124950	25	4.3
1528207251.99	4300	59.998527	0.0	2246506	26	4.3
1528207256.09	4300	59.997926	0.0	1961140	23	4.3
1528207260.2	4300	59.997838	0.0	2155012	26	4.3
1528207261.81	4300	59.929565	0.0	1433658	35	4.3

1528207262.02	750	4	0.026	2354772	9	-0.11180000000000001
1528207262.12	4300	7.955274	0.0	2123065	24	0.75
1528207262.22	4300	11.857219	0.0	2177073	24	4.3
1528207262.32	4300	15.760192	0.0	2160877	24	4.3
1528207262.41	4300	19.664647	0.0	2233056	23	4.3
1528207262.5	4300	23.578412	0.0	1941625	17	4.3
1528207262.57	4300	27.510666	0.0	2157535	8	4.3
1528207262.67	4300	31.409863	0.0	2290172	24	4.3
1528207262.76	4300	35.316639	0.0	2055469	24	4.3
1528207262.86	4300	39.218216	0.0	2169201	36	4.3
1528207262.95	4300	43.124627	0.0	2173522	19	4.3
1528207263.05	4300	47.021994	0.0	2102452	26	4.3
1528207263.15	4300	50.925266	0.0	2209463	28	4.3
1528207263.25	4300	54.827702	0.0	2275376	22	4.3
1528207263.34	4300	58.739209	0.0	2005399	19	4.3
1528207266.45	4300	59.748627	0.0	2152483	20	4.3
1528207270.81	4300	59.748767	0.0	2289689	24	4.3
1528207274.38	4300	59.747552	0.0	2059512	20	4.3
1528207278.5	4300	59.748098	0.0	2220726	25	4.3
1528207282.11	4300	59.997478	0.0	2156729	27	4.3
1528207286.22	4300	59.997834	0.0	2039773	22	4.3
1528207290.33	4300	59.998976	0.0	2176469	23	4.3
1528207294.44	4300	59.749462	0.0	2221506	24	4.3
1528207298.55	4300	59.748947	0.0	2044075	16	4.3
1528207302.15	4300	59.999406	0.0	2186790	26	4.3
1528207306.76	4300	59.497763	0.0	2105231	24	4.3
1528207310.37	4300	59.748931	0.0	2395588	29	4.3
1528207314.48	4300	59.748858	0.0	1972048	21	4.3
1528207318.59	4300	59.497803	0.0	2134614	25	4.3
1528207322.19	4300	59.99893	0.0	2164140	23	4.3
1528207326.3	4300	59.998834	0.0	2113193	24	4.3
