1528238907.93	750	4	0.029	2354772	6	-0.12470000000000003
1528238908.01	4300	7.920268	0.0	2123065	13	0.75
1528238908.11	4300	11.816086	0.0	2177073	25	4.3
1528238908.21	4300	15.719842	0.0	2160877	28	4.3
1528238908.3	4300	19.630651	0.0	2233056	27	4.3
1528238908.38	4300	23.544489	0.0	1941625	24	4.3
1528238908.46	4300	27.469871	0.0	2157535	11	4.3
1528238908.55	4300	31.380061	0.0	2290172	19	4.3
1528238908.65	4300	35.280447	0.0	2055469	23	4.3
1528238908.74	4300	39.183094	0.0	2169201	25	4.3
1528238908.84	4300	43.090364	0.0	2173522	28	4.3
1528238908.93	4300	46.999153	0.0	2102452	24	4.3
1528238909.02	4300	50.906377	0.0	2209463	24	4.3
1528238909.13	4300	54.79558	0.0	2275376	23	4.3
1528238909.19	4300	58.733455	0.0	2005399	7	4.3
1528238912.4	4300	59.748146	0.0	2152483	23	4.3
1528238916.05	4300	59.998947	0.0	2289689	27	4.3
1528238920.16	4300	59.998809	0.0	2059512	24	4.3
1528238924.28	4300	59.748273	0.0	2220726	27	4.3
1528238928.39	4300	59.747512	0.0	2156729	26	4.3
1528238932.0	4300	59.999332	0.0	2039773	24	4.3
1528238936.1	4300	59.999053	0.0	2176469	25	4.3
1528238940.21	4300	59.749011	0.0	2221506	26	4.3
1528238944.31	4300	59.749285	0.0	2044075	24	4.3
1528238948.43	4300	59.747525	0.0	2186790	26	4.3
1528238952.04	4300	59.999304	0.0	2105231	25	4.3
1528238956.14	4300	59.998663	0.0	2395588	24	4.3
1528238960.25	4300	59.748382	0.0	1972048	24	4.3
1528238964.35	4300	59.749293	0.0	2134614	25	4.3
1528238967.96	4300	59.998862	0.0	2164140	27	4.3
1528238972.07	4300	59.999006	0.0	2113193	27	4.3
1528238976.18	4300	59.999087	0.0	2147852	25	4.3
1528238980.3	4300	59.748807	0.0	2191074	25	4.3
1528238984.4	4300	59.749222	0.0	2286761	24	4.3
1528238988.01	4300	59.999307	0.0	2307787	29	4.3
1528238992.12	4300	59.998983	0.0	2143948	22	4.3
1528238996.22	4300	59.749291	0.0	1919781	22	4.3
1528239000.31	4300	59.748881	0.0	2147467	13	4.3
1528239004.46	4300	59.749056	0.0	2133870	23	4.3
1528239008.08	4300	59.998694	0.0	2146120	24	4.3
1528239012.19	4300	59.748354	0.0	2108491	23	4.3
1528239016.3	4300	59.747345	0.0	2184571	21	4.3
1528239020.4	4300	59.748332	0.0	2121928	23	4.3
1528239024.01	4300	59.999329	0.0	2219102	27	4.3
1528239028.11	4300	59.998483	0.0	2124950	23	4.3
1528239032.23	4300	59.74866	0.0	2246506	28	4.3
1528239036.34	4300	59.749314	0.0	1961140	21	4.3
1528239039.95	4300	59.998977	0.0	2155012	23	4.3
1528239042.04	4300	59.678878	0.0	1433658	15	4.3

1528239042.28	750	4	0.032	2354772	10	-0.13759999999999994
1528239042.37	4300	7.964694	0.0	2123065	20	0.75
1528239042.47	4300	11.872916	0.0	2177073	21	4.3
1528239042.56	4300	15.784101	0.0	2160877	20	4.3
1528239042.65	4300	19.691442	0.0	2233056	16	4.3
1528239042.74	4300	23.601744	0.0	1941625	19	4.3
1528239042.83	4300	27.50679	0.0	2157535	21	4.3
1528239042.94	4300	31.402471	0.0	2290172	31	4.3
1528239043.03	4300	35.307668	0.0	2055469	24	4.3
1528239043.12	4300	39.21762	0.0	2169201	24	4.3
1528239043.21	4300	43.124644	0.0	2173522	22	4.3
1528239043.31	4300	47.035625	0.0	2102452	21	4.3
1528239043.4	4300	50.94386	0.0	2209463	20	4.3
1528239043.51	4300	54.825231	0.0	2275376	25	4.3
1528239043.61	4300	58.734017	0.0	2005399	21	4.3
1528239046.71	4300	59.748154	0.0	2152483	22	4.3
1528239050.82	4300	59.749463	0.0	2289689	26	4.3
1528239054.94	4300	59.499124	0.0	2059512	25	4.3
1528239059.07	4300	59.498915	0.0	2220726	25	4.3
1528239062.68	4300	59.748945	0.0	2156729	25	4.3
1528239066.78	4300	59.748749	0.0	2039773	23	4.3
1528239070.39	4300	59.999449	0.0	2176469	27	4.3
1528239074.5	4300	59.99911	0.0	2221506	22	4.3
1528239078.62	4300	59.748548	0.0	2044075	24	4.3
1528239082.74	4300	59.748561	0.0	2186790	25	4.3
1528239086.37	4300	59.999471	0.0	2105231	26	4.3
1528239090.49	4300	59.998592	0.0	2395588	23	4.3
1528239094.59	4300	59.749256	0.0	1972048	22	4.3
1528239098.7	4300	59.749404	0.0	2134614	24	4.3
1528239102.81	4300	59.749616	0.0	2164140	25	4.3
1528239106.42	4300	59.998826	0.0	2113193	24	4.3
1528239111.03	4300	59.498986	0.0	2147852	26	4.3
1528239114.64	4300	59.748506	0.0	2191074	26	4.3
1528239118.75	4300	59.748743	0.0	2286761	23	4.3
1528239122.36	4300	59.998412	0.0	2307787	27	4.3
1528239126.47	4300	59.999307	0.0	2143948	22	4.3
1528239130.56	4300	59.998833	0.0	1919781	19	4.3
1528239134.67	4300	59.74883	0.0	2147467	24	4.3
1528239138.79	4300	59.747697	0.0	2133870	24	4.3
1528239142.38	4300	59.999106	0.0	2146120	12	4.3
1528239146.49	4300	59.998887	0.0	2108491	24	4.3
1528239150.6	4300	59.749342	0.0	2184571	26	4.3
1528239154.72	4300	59.749377	0.0	2121928	29	4.3
1528239158.83	4300	59.748832	0.0	2219102	27	4.3
1528239162.41	4300	59.99896	0.0	2124950	12	4.3
1528239167.0	4300	59.499546	0.0	2246506	14	4.3
1528239170.65	4300	59.749185	0.0	1961140	18	4.3
1528239174.79	4300	59.749673	0.0	2155012	26	4.3
1528239176.41	4300	59.679028	0.0	1433658	18	4.3

1528239176.64	750	4	0.026	2354772	9	-0.11180000000000001
1528239176.7	4300	7.986968	0.0	2123065	8	0.75
1528239176.8	4300	11.891369	0.0	2177073	26	4.3
1528239176.89	4300	15.797859	0.0	2160877	26	4.3
1528239176.97	4300	19.719384	0.0	2233056	13	4.3
1528239177.07	4300	23.622094	0.0	1941625	24	4.3
1528239177.17	4300	27.521516	0.0	2157535	20	4.3
1528239177.26	4300	31.432481	0.0	2290172	24	4.3
1528239177.35	4300	35.342251	0.0	2055469	18	4.3
1528239177.42	4300	39.266029	0.0	2169201	12	4.3
1528239177.49	4300	43.201305	0.0	2173522	7	4.3
1528239177.55	4300	47.139862	0.0	2102452	8	4.3
1528239177.63	4300	51.061181	0.0	2209463	14	4.3
1528239177.73	4300	54.960559	0.0	2275376	30	4.3
1528239177.8	4300	58.886083	0.0	2005399	12	4.3
1528239180.91	4300	59.999112	0.0	2152483	27	4.3
1528239185.02	4300	59.7487	0.0	2289689	21	4.3
1528239189.12	4300	59.747663	0.0	2059512	25	4.3
1528239192.73	4300	59.999109	0.0	2220726	28	4.3
1528239196.83	4300	59.999413	0.0	2156729	22	4.3
1528239200.94	4300	59.748717	0.0	2039773	24	4.3
1528239205.05	4300	59.748673	0.0	2176469	24	4.3
1528239209.16	4300	59.749093	0.0	2221506	28	4.3
