1528199325.67	750	4	0.013	450283	4	-0.05589999999999995
1528199325.83	4300	7.944805	0.0	2123065	18	0.75
1528199325.97	4300	11.802991	0.0	2177073	24	4.3
1528199326.12	4300	15.654371	0.0	2160877	22	4.3
1528199326.27	4300	19.509342	0.0	2233056	25	4.3
1528199326.4	4300	23.373716	0.0	1941625	18	4.3
1528199326.54	4300	27.231348	0.0	2157535	25	4.3
1528199326.69	4300	31.083938	0.0	2290172	26	4.3
1528199326.84	4300	34.938142	0.0	2055469	22	4.3
1528199326.97	4300	38.804448	0.0	2169201	20	4.3
1528199327.11	4300	42.661947	0.0	2173522	22	4.3
1528199327.26	4300	46.517	0.0	2102452	24	4.3
1528199327.41	4300	50.3683	0.0	2209463	24	4.3
1528199327.56	4300	54.218521	0.0	2275376	25	4.3
1528199327.69	4300	58.084644	0.0	2005399	19	4.3
1528199329.85	4300	59.999348	0.0	2152483	8	4.3
1528199334.51	4300	59.499392	0.0	2289689	23	4.3
1528199338.16	4300	59.747992	0.0	2059512	21	4.3
1528199341.81	4300	59.999325	0.0	2220726	27	4.3
1528199345.97	4300	59.99873	0.0	2156729	23	4.3
1528199350.12	4300	59.749279	0.0	2039773	18	4.3
1528199354.28	4300	59.749409	0.0	2176469	25	4.3
1528199358.42	4300	59.499214	0.0	2221506	23	4.3
1528199362.07	4300	59.748973	0.0	2044075	20	4.3
1528199366.22	4300	59.748855	0.0	2186790	24	4.3
1528199370.37	4300	59.499607	0.0	2105231	20	4.3
1528199374.08	4300	59.748149	0.0	2395588	24	4.3
1528199378.23	4300	59.749283	0.0	1972048	20	4.3
1528199381.88	4300	59.999427	0.0	2134614	19	4.3
1528199386.53	4300	59.249654	0.0	2164140	24	4.3
1528199390.17	4300	59.749283	0.0	2113193	20	4.3
1528199394.33	4300	59.499363	0.0	2147852	24	4.3
1528199398.48	4300	59.497816	0.0	2191074	21	4.3
1528199402.14	4300	59.748956	0.0	2286761	26	4.3
1528199405.8	4300	59.99936	0.0	2307787	26	4.3
1528199409.96	4300	59.999246	0.0	2143948	25	4.3
1528199414.1	4300	59.749442	0.0	1919781	20	4.3
1528199418.26	4300	59.748844	0.0	2147467	20	4.3
1528199421.91	4300	59.998817	0.0	2133870	25	4.3
1528199426.07	4300	59.749006	0.0	2146120	24	4.3
1528199430.22	4300	59.749135	0.0	2108491	20	4.3
1528199434.38	4300	59.498965	0.0	2184571	24	4.3
1528199438.03	4300	59.748998	0.0	2121928	19	4.3
1528199442.18	4300	59.748239	0.0	2219102	24	4.3
1528199445.83	4300	59.999286	0.0	2124950	21	4.3
1528199450.02	4300	59.998227	0.0	2246506	17	4.3
1528199454.15	4300	59.748331	0.0	1961140	22	4.3
1528199458.28	4300	59.748774	0.0	2155012	20	4.3
1528199459.89	4300	59.678854	0.0	1433658	17	4.3

1528199460.12	750	4	0.018	668286	1	-0.07740000000000002
1528199460.28	4300	7.940573	0.0	2123065	22	0.75
1528199460.43	4300	11.791649	0.0	2177073	25	4.3
1528199460.57	4300	15.65205	0.0	2160877	14	4.3
1528199460.72	4300	19.504875	0.0	2233056	11	4.3
1528199460.85	4300	23.36721	0.0	1941625	23	4.3
1528199461.0	4300	27.219762	0.0	2157535	25	4.3
1528199461.15	4300	31.07216	0.0	2290172	26	4.3
1528199461.28	4300	34.936979	0.0	2055469	18	4.3
1528199461.43	4300	38.794125	0.0	2169201	22	4.3
1528199461.58	4300	42.644762	0.0	2173522	22	4.3
1528199461.72	4300	46.500785	0.0	2102452	24	4.3
1528199461.87	4300	50.351976	0.0	2209463	24	4.3
1528199462.01	4300	54.212881	0.0	2275376	19	4.3
1528199462.14	4300	58.077225	0.0	2005399	21	4.3
1528199464.31	4300	59.99921	0.0	2152483	9	4.3
1528199468.47	4300	59.999177	0.0	2289689	25	4.3
1528199472.62	4300	59.749213	0.0	2059512	20	4.3
1528199476.27	4300	59.997703	0.0	2220726	25	4.3
1528199480.43	4300	59.998755	0.0	2156729	25	4.3
1528199484.58	4300	59.74792	0.0	2039773	22	4.3
1528199488.24	4300	59.99765	0.0	2176469	25	4.3
1528199492.4	4300	59.999214	0.0	2221506	25	4.3
1528199496.55	4300	59.748649	0.0	2044075	22	4.3
1528199500.7	4300	59.749273	0.0	2186790	17	4.3
1528199504.35	4300	59.999051	0.0	2105231	23	4.3
1528199508.52	4300	59.747485	0.0	2395588	27	4.3
1528199512.67	4300	59.748859	0.0	1972048	19	4.3
1528199516.32	4300	59.998273	0.0	2134614	24	4.3
1528199520.48	4300	59.749077	0.0	2164140	25	4.3
1528199524.63	4300	59.749213	0.0	2113193	21	4.3
1528199528.28	4300	59.999011	0.0	2147852	20	4.3
1528199532.44	4300	59.998959	0.0	2191074	21	4.3
1528199536.6	4300	59.7485	0.0	2286761	24	4.3
1528199540.25	4300	59.997413	0.0	2307787	20	4.3
1528199544.4	4300	59.999051	0.0	2143948	22	4.3
1528199548.55	4300	59.74864	0.0	1919781	17	4.3
1528199552.71	4300	59.748665	0.0	2147467	28	4.3
1528199556.36	4300	59.998496	0.0	2133870	20	4.3
1528199560.51	4300	59.748936	0.0	2146120	23	4.3
1528199564.66	4300	59.749046	0.0	2108491	18	4.3
1528199568.32	4300	59.998621	0.0	2184571	26	4.3
1528199572.48	4300	59.998062	0.0	2121928	23	4.3
1528199576.63	4300	59.74736	0.0	2219102	21	4.3
1528199580.25	4300	59.997423	0.0	2124950	6	4.3
1528199584.39	4300	59.999192	0.0	2246506	21	4.3
1528199588.53	4300	59.747528	0.0	1961140	20	4.3
1528199592.66	4300	59.747918	0.0	2155012	24	4.3
1528199594.27	4300	59.678882	0.0	1433658	15	4.3

1528199594.49	750	4	0.013	668286	2	-0.05589999999999995
1528199594.64	4300	7.952909	0.0	2123065	16	0.75
1528199594.78	4300	11.807179	0.0	2177073	20	4.3
1528199594.93	4300	15.660848	0.0	2160877	24	4.3
1528199595.08	4300	19.511711	0.0	2233056	22	4.3
1528199595.23	4300	23.363272	0.0	1941625	23	4.3
1528199595.37	4300	27.216544	0.0	2157535	23	4.3
1528199595.78	4300	31.068279	0.0	2290172	27	4.3
1528199595.92	4300	34.670378	0.0	2055469	18	4.3
1528199596.07	4300	38.525447	0.0	2169201	25	4.3
1528199596.22	4300	42.375895	0.0	2173522	25	4.3
1528199596.37	4300	46.223997	0.0	2102452	24	4.3
1528199596.52	4300	50.07631	0.0	2209463	25	4.3
1528199596.66	4300	53.9132	0.0	2275376	41	4.3
1528199596.79	4300	57.800762	0.0	2005399	19	4.3
