1527753476.97	750	4	0.012	450283	1	-0.05159999999999998
1527753477.12	4300	7.949331	0.0	2123065	22	0.75
1527753477.19	4300	11.870957	0.0	2177073	12	4.3
1527753477.26	4300	15.796899	0.0	2160877	11	4.3
1527753477.34	4300	19.723656	0.0	2233056	10	4.3
1527753477.4	4300	23.659594	0.0	1941625	6	4.3
1527753477.46	4300	27.596283	0.0	2157535	8	4.3
1527753477.53	4300	31.532302	0.0	2290172	8	4.3
1527753477.59	4300	35.467695	0.0	2055469	7	4.3
1527753477.66	4300	39.40058	0.0	2169201	8	4.3
1527753477.73	4300	43.335829	0.0	2173522	7	4.3
1527753477.79	4300	47.2714	0.0	2102452	6	4.3
1527753477.86	4300	51.205601	0.0	2209463	8	4.3
1527753477.92	4300	55.13892	0.0	2275376	7	4.3
1527753477.99	4300	59.068287	0.0	2005399	7	4.3
1527753481.08	4300	59.999175	0.0	2152483	6	4.3
1527753485.67	4300	59.499582	0.0	2289689	17	4.3
1527753489.78	4300	59.499264	0.0	2059512	16	4.3
1527753493.38	4300	59.748858	0.0	2220726	21	4.3
1527753497.5	4300	59.747587	0.0	2156729	24	4.3
1527753501.11	4300	59.999001	0.0	2039773	24	4.3
1527753505.22	4300	59.999057	0.0	2176469	25	4.3
1527753509.32	4300	59.748726	0.0	2221506	24	4.3
1527753513.43	4300	59.748762	0.0	2044075	22	4.3
1527753517.56	4300	59.74942	0.0	2186790	24	4.3
1527753521.21	4300	59.999176	0.0	2105231	19	4.3
1527753525.82	4300	59.248556	0.0	2395588	24	4.3
1527753529.4	4300	59.748957	0.0	1972048	11	4.3
1527753533.5	4300	59.749507	0.0	2134614	22	4.3
1527753537.11	4300	59.998565	0.0	2164140	24	4.3
1527753541.22	4300	59.998855	0.0	2113193	22	4.3
1527753545.33	4300	59.748736	0.0	2147852	21	4.3
1527753549.44	4300	59.749432	0.0	2191074	21	4.3
1527753553.55	4300	59.747922	0.0	2286761	23	4.3
1527753557.16	4300	59.998098	0.0	2307787	24	4.3
1527753561.26	4300	59.99949	0.0	2143948	19	4.3
1527753565.35	4300	59.748844	0.0	1919781	13	4.3
1527753569.47	4300	59.74771	0.0	2147467	10	4.3
1527753573.09	4300	59.998907	0.0	2133870	24	4.3
1527753577.19	4300	59.998291	0.0	2146120	21	4.3
1527753581.3	4300	59.99918	0.0	2108491	20	4.3
1527753585.41	4300	59.749168	0.0	2184571	24	4.3
1527753589.52	4300	59.749221	0.0	2121928	22	4.3
1527753593.13	4300	59.99873	0.0	2219102	24	4.3
1527753597.23	4300	59.998546	0.0	2124950	20	4.3
1527753601.36	4300	59.749248	0.0	2246506	25	4.3
1527753605.47	4300	59.749013	0.0	1961140	21	4.3
1527753609.61	4300	59.748624	0.0	2155012	13	4.3
1527753611.34	4300	59.679465	0.0	1433658	16	4.3

1527753611.57	750	4	0.018	668286	1	-0.07740000000000002
1527753611.64	4300	7.97856	0.0	2123065	7	0.75
1527753611.74	4300	11.887351	0.0	2177073	17	4.3
1527753611.83	4300	15.796553	0.0	2160877	18	4.3
1527753611.9	4300	19.723885	0.0	2233056	9	4.3
1527753611.97	4300	23.656224	0.0	1941625	8	4.3
1527753612.04	4300	27.579548	0.0	2157535	13	4.3
1527753612.11	4300	31.511974	0.0	2290172	9	4.3
1527753612.18	4300	35.446785	0.0	2055469	5	4.3
1527753612.24	4300	39.38175	0.0	2169201	7	4.3
1527753612.31	4300	43.315765	0.0	2173522	6	4.3
1527753612.37	4300	47.249253	0.0	2102452	7	4.3
1527753612.43	4300	51.18795	0.0	2209463	7	4.3
1527753612.5	4300	55.120761	0.0	2275376	8	4.3
1527753612.56	4300	59.059311	0.0	2005399	6	4.3
1527753615.66	4300	59.998914	0.0	2152483	14	4.3
1527753619.76	4300	59.998821	0.0	2289689	22	4.3
1527753623.87	4300	59.998097	0.0	2059512	21	4.3
1527753627.98	4300	59.748	0.0	2220726	24	4.3
1527753632.09	4300	59.74967	0.0	2156729	23	4.3
1527753635.69	4300	59.998831	0.0	2039773	22	4.3
1527753639.8	4300	59.998781	0.0	2176469	24	4.3
1527753643.91	4300	59.749341	0.0	2221506	23	4.3
1527753648.02	4300	59.748805	0.0	2044075	24	4.3
1527753652.13	4300	59.498355	0.0	2186790	25	4.3
1527753655.74	4300	59.99931	0.0	2105231	21	4.3
1527753659.85	4300	59.998481	0.0	2395588	22	4.3
1527753663.95	4300	59.748235	0.0	1972048	18	4.3
1527753668.06	4300	59.749324	0.0	2134614	22	4.3
1527753671.67	4300	59.998202	0.0	2164140	26	4.3
1527753675.77	4300	59.998574	0.0	2113193	23	4.3
1527753679.88	4300	59.74835	0.0	2147852	24	4.3
1527753684.05	4300	59.747671	0.0	2191074	23	4.3
1527753687.66	4300	59.999132	0.0	2286761	28	4.3
1527753691.77	4300	59.997837	0.0	2307787	21	4.3
1527753696.37	4300	59.497987	0.0	2143948	20	4.3
1527753699.97	4300	59.748087	0.0	1919781	15	4.3
1527753704.05	4300	59.749645	0.0	2147467	9	4.3
1527753707.66	4300	59.997786	0.0	2133870	25	4.3
1527753711.77	4300	59.999197	0.0	2146120	24	4.3
1527753715.88	4300	59.998695	0.0	2108491	23	4.3
1527753719.99	4300	59.749384	0.0	2184571	23	4.3
1527753724.1	4300	59.747926	0.0	2121928	25	4.3
1527753728.21	4300	59.499141	0.0	2219102	24	4.3
1527753731.81	4300	59.999167	0.0	2124950	21	4.3
1527753735.92	4300	59.74965	0.0	2246506	26	4.3
1527753740.01	4300	59.749191	0.0	1961140	6	4.3
1527753744.12	4300	59.749067	0.0	2155012	11	4.3
1527753745.71	4300	59.679507	0.0	1433658	14	4.3

1527753745.94	750	4	0.018	668286	5	-0.07740000000000002
1527753746.01	4300	7.978375	0.0	2123065	6	0.75
1527753746.11	4300	11.889061	0.0	2177073	21	4.3
1527753746.2	4300	15.797584	0.0	2160877	19	4.3
1527753746.27	4300	19.721451	0.0	2233056	8	4.3
1527753746.34	4300	23.654336	0.0	1941625	9	4.3
1527753746.42	4300	27.574752	0.0	2157535	13	4.3
1527753746.49	4300	31.507878	0.0	2290172	8	4.3
1527753746.55	4300	35.442379	0.0	2055469	6	4.3
1527753746.62	4300	39.375607	0.0	2169201	7	4.3
1527753746.69	4300	43.312537	0.0	2173522	7	4.3
1527753746.75	4300	47.244923	0.0	2102452	6	4.3
1527753746.82	4300	51.178514	0.0	2209463	7	4.3
1527753746.9	4300	55.096455	0.0	2275376	15	4.3
1527753746.98	4300	59.019407	0.0	2005399	13	4.3
1527753750.56	4300	59.499577	0.0	2152483	8	4.3
1527753754.17	4300	59.999302	0.0	2289689	25	4.3
1527753758.28	4300	59.749667	0.0	2059512	19	4.3
1527753762.38	4300	59.749257	0.0	2220726	20	4.3
1527753766.5	4300	59.498746	0.0	2156729	24	4.3
1527753770.1	4300	59.997801	0.0	2039773	20	4.3
1527753774.2	4300	59.999382	0.0	2176469	20	4.3
1527753778.4	4300	59.749538	0.0	2221506	24	4.3
1527753782.01	4300	59.998827	0.0	2044075	22	4.3
1527753786.11	4300	59.999139	0.0	2186790	23	4.3
