1528306570.14	750	4	0.024	2354772	10	-0.10319999999999996
1528306570.29	4300	7.959976	0.0	2123065	21	0.75
1528306570.45	4300	11.802743	0.0	2177073	23	4.3
1528306570.59	4300	15.654989	0.0	2160877	27	4.3
1528306570.74	4300	19.508585	0.0	2233056	26	4.3
1528306570.88	4300	23.37288	0.0	1941625	18	4.3
1528306571.03	4300	27.223217	0.0	2157535	19	4.3
1528306571.17	4300	31.078298	0.0	2290172	22	4.3
1528306571.31	4300	34.935324	0.0	2055469	24	4.3
1528306571.47	4300	38.780717	0.0	2169201	23	4.3
1528306571.62	4300	42.629871	0.0	2173522	21	4.3
1528306571.76	4300	46.484494	0.0	2102452	23	4.3
1528306571.91	4300	50.337877	0.0	2209463	26	4.3
1528306572.09	4300	54.159937	0.0	2275376	17	4.3
1528306572.23	4300	58.023153	0.0	2005399	18	4.3
1528306574.38	4300	59.998991	0.0	2152483	22	4.3
1528306578.54	4300	59.749363	0.0	2289689	26	4.3
1528306582.69	4300	59.748769	0.0	2059512	18	4.3
1528306586.35	4300	59.999354	0.0	2220726	27	4.3
1528306590.5	4300	59.749271	0.0	2156729	22	4.3
1528306594.66	4300	59.748988	0.0	2039773	20	4.3
1528306598.32	4300	59.998265	0.0	2176469	23	4.3
1528306602.48	4300	59.998685	0.0	2221506	26	4.3
1528306606.62	4300	59.748363	0.0	2044075	20	4.3
1528306610.29	4300	59.997557	0.0	2186790	24	4.3
1528306614.45	4300	59.997776	0.0	2105231	22	4.3
1528306618.6	4300	59.749261	0.0	2395588	20	4.3
1528306622.75	4300	59.74852	0.0	1972048	14	4.3
1528306626.42	4300	59.997747	0.0	2134614	24	4.3
1528306630.56	4300	59.74933	0.0	2164140	20	4.3
1528306634.72	4300	59.747663	0.0	2113193	24	4.3
1528306638.47	4300	59.998981	0.0	2147852	23	4.3
1528306642.62	4300	59.74909	0.0	2191074	23	4.3
1528306646.28	4300	59.998517	0.0	2286761	26	4.3
1528306650.44	4300	59.99929	0.0	2307787	25	4.3
1528306654.6	4300	59.747813	0.0	2143948	23	4.3
1528306658.74	4300	59.748958	0.0	1919781	14	4.3
1528306662.39	4300	59.997754	0.0	2147467	22	4.3
1528306666.57	4300	59.749422	0.0	2133870	35	4.3
1528306670.73	4300	59.749083	0.0	2146120	24	4.3
1528306674.37	4300	59.999085	0.0	2108491	20	4.3
1528306678.53	4300	59.748728	0.0	2184571	26	4.3
1528306682.68	4300	59.74913	0.0	2121928	21	4.3
1528306686.34	4300	59.999262	0.0	2219102	24	4.3
1528306690.49	4300	59.999148	0.0	2124950	22	4.3
1528306694.64	4300	59.749152	0.0	2246506	23	4.3
1528306698.28	4300	59.999359	0.0	1961140	22	4.3
1528306702.41	4300	59.998073	0.0	2155012	25	4.3
1528306704.01	4300	59.929286	0.0	1433658	15	4.3

1528306704.23	750	4	0.015	668286	3	-0.0645
1528306704.38	4300	7.952904	0.0	2123065	17	0.75
1528306704.52	4300	11.813294	0.0	2177073	21	4.3
1528306704.68	4300	15.653098	0.0	2160877	25	4.3
1528306704.82	4300	19.512495	0.0	2233056	23	4.3
1528306704.96	4300	23.370631	0.0	1941625	24	4.3
1528306705.1	4300	27.237822	0.0	2157535	21	4.3
1528306705.24	4300	31.090231	0.0	2290172	22	4.3
1528306705.38	4300	34.950395	0.0	2055469	23	4.3
1528306705.52	4300	38.81568	0.0	2169201	20	4.3
1528306705.67	4300	42.665702	0.0	2173522	20	4.3
1528306705.81	4300	46.528172	0.0	2102452	22	4.3
1528306705.95	4300	50.384676	0.0	2209463	23	4.3
1528306706.1	4300	54.235967	0.0	2275376	26	4.3
1528306706.24	4300	58.094184	0.0	2005399	19	4.3
1528306708.4	4300	59.99874	0.0	2152483	8	4.3
1528306712.56	4300	59.997628	0.0	2289689	24	4.3
1528306716.71	4300	59.748424	0.0	2059512	23	4.3
1528306720.36	4300	59.999277	0.0	2220726	21	4.3
1528306724.52	4300	59.998322	0.0	2156729	23	4.3
1528306728.66	4300	59.748483	0.0	2039773	22	4.3
1528306732.82	4300	59.748576	0.0	2176469	16	4.3
1528306736.47	4300	59.998765	0.0	2221506	25	4.3
1528306740.62	4300	59.748911	0.0	2044075	22	4.3
1528306744.77	4300	59.7484	0.0	2186790	21	4.3
1528306748.43	4300	59.997451	0.0	2105231	22	4.3
1528306752.59	4300	59.748724	0.0	2395588	28	4.3
1528306756.74	4300	59.749364	0.0	1972048	21	4.3
1528306760.4	4300	59.998935	0.0	2134614	22	4.3
1528306764.55	4300	59.998847	0.0	2164140	20	4.3
1528306768.71	4300	59.749127	0.0	2113193	22	4.3
1528306772.36	4300	59.998575	0.0	2147852	21	4.3
1528306776.51	4300	59.999207	0.0	2191074	27	4.3
1528306780.68	4300	59.747495	0.0	2286761	20	4.3
1528306784.83	4300	59.748378	0.0	2307787	24	4.3
1528306788.49	4300	59.998728	0.0	2143948	24	4.3
1528306792.65	4300	59.749177	0.0	1919781	22	4.3
1528306796.8	4300	59.749147	0.0	2147467	22	4.3
1528306800.45	4300	59.998707	0.0	2133870	24	4.3
1528306804.58	4300	59.999125	0.0	2146120	6	4.3
1528306808.81	4300	59.749285	0.0	2108491	24	4.3
1528306812.46	4300	59.998751	0.0	2184571	24	4.3
1528306816.62	4300	59.747373	0.0	2121928	22	4.3
1528306820.78	4300	59.749015	0.0	2219102	20	4.3
1528306824.44	4300	59.998179	0.0	2124950	24	4.3
1528306828.59	4300	59.748707	0.0	2246506	24	4.3
1528306832.73	4300	59.748538	0.0	1961140	22	4.3
1528306836.35	4300	59.998555	0.0	2155012	20	4.3
1528306838.46	4300	59.679102	0.0	1433658	18	4.3

1528306838.7	750	4	0.014	668286	2	-0.06020000000000003
1528306838.85	4300	7.954394	0.0	2123065	13	0.75
1528306838.99	4300	11.815979	0.0	2177073	20	4.3
1528306839.13	4300	15.67098	0.0	2160877	20	4.3
1528306839.28	4300	19.519259	0.0	2233056	21	4.3
1528306839.42	4300	23.378096	0.0	1941625	24	4.3
1528306839.56	4300	27.241337	0.0	2157535	20	4.3
1528306839.7	4300	31.099796	0.0	2290172	24	4.3
1528306839.84	4300	34.957612	0.0	2055469	22	4.3
1528306839.98	4300	38.824109	0.0	2169201	20	4.3
1528306840.12	4300	42.682054	0.0	2173522	24	4.3
1528306840.27	4300	46.537716	0.0	2102452	26	4.3
1528306840.42	4300	50.389365	0.0	2209463	25	4.3
1528306840.57	4300	54.238893	0.0	2275376	24	4.3
1528306840.7	4300	58.101312	0.0	2005399	16	4.3
1528306843.36	4300	59.499479	0.0	2152483	9	4.3
