1528302602.96	750	4	0.026	2354772	8	-0.11180000000000001
1528302603.05	4300	7.959441	0.0	2123065	21	0.75
1528302603.15	4300	11.862697	0.0	2177073	25	4.3
1528302603.24	4300	15.768244	0.0	2160877	22	4.3
1528302603.33	4300	19.677402	0.0	2233056	18	4.3
1528302603.43	4300	23.586518	0.0	1941625	20	4.3
1528302603.52	4300	27.492339	0.0	2157535	20	4.3
1528302603.63	4300	31.384716	0.0	2290172	27	4.3
1528302603.7	4300	35.309598	0.0	2055469	11	4.3
1528302603.8	4300	39.208734	0.0	2169201	24	4.3
1528302603.9	4300	43.113513	0.0	2173522	27	4.3
1528302603.97	4300	47.041113	0.0	2102452	12	4.3
1528302604.07	4300	50.9406	0.0	2209463	25	4.3
1528302604.19	4300	54.82509	0.0	2275376	27	4.3
1528302604.28	4300	58.726449	0.0	2005399	24	4.3
1528302607.41	4300	59.749154	0.0	2152483	24	4.3
1528302611.05	4300	59.998848	0.0	2289689	26	4.3
1528302615.65	4300	59.497964	0.0	2059512	18	4.3
1528302619.76	4300	59.499586	0.0	2220726	25	4.3
1528302623.37	4300	59.748646	0.0	2156729	26	4.3
1528302627.47	4300	59.749279	0.0	2039773	21	4.3
1528302631.08	4300	59.99873	0.0	2176469	25	4.3
1528302635.23	4300	59.999046	0.0	2221506	23	4.3
1528302639.34	4300	59.749033	0.0	2044075	25	4.3
1528302643.46	4300	59.749214	0.0	2186790	28	4.3
1528302647.05	4300	59.999202	0.0	2105231	12	4.3
1528302651.17	4300	59.998266	0.0	2395588	28	4.3
1528302655.28	4300	59.749224	0.0	1972048	23	4.3
1528302659.39	4300	59.749426	0.0	2134614	23	4.3
1528302663.5	4300	59.749246	0.0	2164140	23	4.3
1528302667.11	4300	59.998744	0.0	2113193	25	4.3
1528302671.72	4300	59.49871	0.0	2147852	23	4.3
1528302675.33	4300	59.749608	0.0	2191074	26	4.3
1528302679.43	4300	59.748175	0.0	2286761	26	4.3
1528302683.04	4300	59.997816	0.0	2307787	27	4.3
1528302687.15	4300	59.99791	0.0	2143948	23	4.3
1528302691.25	4300	59.99873	0.0	1919781	21	4.3
1528302695.35	4300	59.74759	0.0	2147467	15	4.3
1528302699.46	4300	59.748338	0.0	2133870	20	4.3
1528302703.06	4300	59.999485	0.0	2146120	18	4.3
1528302707.17	4300	59.999079	0.0	2108491	25	4.3
1528302711.28	4300	59.748197	0.0	2184571	27	4.3
1528302715.39	4300	59.748743	0.0	2121928	25	4.3
1528302719.51	4300	59.74908	0.0	2219102	26	4.3
1528302723.13	4300	59.997677	0.0	2124950	26	4.3
1528302727.25	4300	59.999011	0.0	2246506	25	4.3
1528302731.36	4300	59.748782	0.0	1961140	22	4.3
1528302735.47	4300	59.749017	0.0	2155012	23	4.3
1528302737.06	4300	59.679101	0.0	1433658	19	4.3

1528302737.29	750	4	0.026	2354772	7	-0.11180000000000001
1528302737.38	4300	7.968279	0.0	2123065	17	0.75
1528302737.48	4300	11.8671	0.0	2177073	25	4.3
1528302737.58	4300	15.770217	0.0	2160877	23	4.3
1528302737.66	4300	19.68572	0.0	2233056	12	4.3
1528302737.76	4300	23.586094	0.0	1941625	26	4.3
1528302737.86	4300	27.486335	0.0	2157535	20	4.3
1528302737.95	4300	31.393345	0.0	2290172	21	4.3
1528302738.05	4300	35.291567	0.0	2055469	22	4.3
1528302738.13	4300	39.219968	0.0	2169201	11	4.3
1528302738.23	4300	43.120067	0.0	2173522	22	4.3
1528302738.33	4300	47.018321	0.0	2102452	35	4.3
1528302738.42	4300	50.927973	0.0	2209463	25	4.3
1528302738.51	4300	54.830609	0.0	2275376	27	4.3
1528302738.6	4300	58.743382	0.0	2005399	21	4.3
1528302741.71	4300	59.748656	0.0	2152483	20	4.3
1528302745.82	4300	59.748499	0.0	2289689	29	4.3
1528302749.43	4300	59.997879	0.0	2059512	26	4.3
1528302753.53	4300	59.998994	0.0	2220726	27	4.3
1528302757.64	4300	59.748769	0.0	2156729	28	4.3
1528302761.75	4300	59.748058	0.0	2039773	23	4.3
1528302765.36	4300	59.998701	0.0	2176469	25	4.3
1528302769.46	4300	59.9988	0.0	2221506	23	4.3
1528302773.57	4300	59.998997	0.0	2044075	24	4.3
1528302777.68	4300	59.748841	0.0	2186790	28	4.3
1528302781.79	4300	59.748931	0.0	2105231	25	4.3
1528302785.41	4300	59.998442	0.0	2395588	28	4.3
1528302789.51	4300	59.997735	0.0	1972048	20	4.3
1528302793.68	4300	59.748917	0.0	2134614	25	4.3
1528302797.79	4300	59.73769	0.0	2164140	22	4.3
1528302801.43	4300	59.998951	0.0	2113193	24	4.3
1528302805.53	4300	59.999378	0.0	2147852	23	4.3
1528302809.64	4300	59.749023	0.0	2191074	26	4.3
1528302813.75	4300	59.749025	0.0	2286761	25	4.3
1528302817.35	4300	59.998745	0.0	2307787	27	4.3
1528302821.46	4300	59.998425	0.0	2143948	22	4.3
1528302825.56	4300	59.999407	0.0	1919781	23	4.3
1528302829.67	4300	59.74854	0.0	2147467	27	4.3
1528302833.77	4300	59.749073	0.0	2133870	17	4.3
1528302837.35	4300	59.99858	0.0	2146120	8	4.3
1528302841.46	4300	59.998585	0.0	2108491	25	4.3
1528302845.57	4300	59.998536	0.0	2184571	26	4.3
1528302849.68	4300	59.749394	0.0	2121928	23	4.3
1528302853.78	4300	59.749128	0.0	2219102	17	4.3
1528302857.38	4300	59.999231	0.0	2124950	22	4.3
1528302861.48	4300	59.999104	0.0	2246506	21	4.3
1528302866.09	4300	59.499159	0.0	1961140	23	4.3
1528302869.7	4300	59.749526	0.0	2155012	23	4.3
1528302871.29	4300	59.929538	0.0	1433658	17	4.3

1528302871.52	750	4	0.024	2354772	5	-0.10319999999999996
1528302871.62	4300	7.959914	0.0	2123065	23	0.75
1528302871.71	4300	11.863929	0.0	2177073	25	4.3
1528302871.79	4300	15.785291	0.0	2160877	15	4.3
1528302871.89	4300	19.686879	0.0	2233056	22	4.3
1528302871.96	4300	23.616421	0.0	1941625	12	4.3
1528302872.06	4300	27.518677	0.0	2157535	13	4.3
1528302872.16	4300	31.415472	0.0	2290172	29	4.3
1528302872.25	4300	35.323868	0.0	2055469	22	4.3
1528302872.35	4300	39.226832	0.0	2169201	23	4.3
1528302872.44	4300	43.135389	0.0	2173522	18	4.3
1528302872.54	4300	47.036126	0.0	2102452	26	4.3
1528302872.64	4300	50.934868	0.0	2209463	28	4.3
1528302872.72	4300	54.855878	0.0	2275376	15	4.3
1528302872.81	4300	58.76103	0.0	2005399	22	4.3
1528302875.92	4300	59.749152	0.0	2152483	25	4.3
1528302880.04	4300	59.749149	0.0	2289689	25	4.3
1528302883.65	4300	59.998263	0.0	2059512	24	4.3
1528302887.76	4300	59.999039	0.0	2220726	26	4.3
1528302891.93	4300	59.748001	0.0	2156729	26	4.3
1528302896.04	4300	59.749106	0.0	2039773	25	4.3
1528302899.64	4300	59.999229	0.0	2176469	25	4.3
1528302904.25	4300	59.498091	0.0	2221506	26	4.3
1528302907.86	4300	59.748878	0.0	2044075	26	4.3
1528302911.96	4300	59.749618	0.0	2186790	24	4.3
1528302916.08	4300	59.749482	0.0	2105231	25	4.3
1528302919.69	4300	59.998147	0.0	2395588	28	4.3
1528302923.79	4300	59.997957	0.0	1972048	19	4.3
1528302927.9	4300	59.749336	0.0	2134614	25	4.3
1528302932.0	4300	59.749387	0.0	2164140	25	4.3
1528302935.61	4300	59.999224	0.0	2113193	26	4.3
1528302939.71	4300	59.999176	0.0	2147852	24	4.3
1528302943.82	4300	59.998756	0.0	2191074	24	4.3
1528302947.93	4300	59.7493	0.0	2286761	28	4.3
1528302952.04	4300	59.748657	0.0	2307787	28	4.3
1528302955.65	4300	59.998959	0.0	2143948	26	4.3
1528302959.76	4300	59.999011	0.0	1919781	24	4.3
1528302963.87	4300	59.748702	0.0	2147467	24	4.3
1528302967.98	4300	59.74909	0.0	2133870	22	4.3
1528302971.62	4300	59.999293	0.0	2146120	26	4.3
1528302975.71	4300	59.999327	0.0	2108491	23	4.3
1528302980.32	4300	59.499532	0.0	2184571	25	4.3
