1528140884.92	750	4	0.026	2354772	7	-0.11180000000000001
1528140885.06	4300	7.963995	0.0	2123065	25	0.75
1528140885.15	4300	11.869632	0.0	2177073	21	4.3
1528140885.25	4300	15.773966	0.0	2160877	23	4.3
1528140885.34	4300	19.685596	0.0	2233056	16	4.3
1528140885.42	4300	23.599622	0.0	1941625	18	4.3
1528140885.51	4300	27.510219	0.0	2157535	22	4.3
1528140885.61	4300	31.412791	0.0	2290172	23	4.3
1528140885.72	4300	35.306855	0.0	2055469	24	4.3
1528140885.79	4300	39.233398	0.0	2169201	11	4.3
1528140885.88	4300	43.145853	0.0	2173522	19	4.3
1528140885.98	4300	47.039194	0.0	2102452	27	4.3
1528140886.06	4300	50.964463	0.0	2209463	12	4.3
1528140886.17	4300	54.85657	0.0	2275376	19	4.3
1528140886.23	4300	58.793238	0.0	2005399	7	4.3
1528140889.33	4300	59.748881	0.0	2152483	25	4.3
1528140893.44	4300	59.747569	0.0	2289689	26	4.3
1528140897.1	4300	59.997434	0.0	2059512	23	4.3
1528140901.22	4300	59.999029	0.0	2220726	26	4.3
1528140905.34	4300	59.748462	0.0	2156729	26	4.3
1528140909.44	4300	59.748612	0.0	2039773	18	4.3
1528140913.05	4300	59.998429	0.0	2176469	24	4.3
1528140917.16	4300	59.999122	0.0	2221506	22	4.3
1528140921.26	4300	59.999297	0.0	2044075	21	4.3
1528140925.37	4300	59.748394	0.0	2186790	22	4.3
1528140929.48	4300	59.748185	0.0	2105231	24	4.3
1528140933.09	4300	59.997716	0.0	2395588	23	4.3
1528140937.2	4300	59.999065	0.0	1972048	20	4.3
1528140941.31	4300	59.748906	0.0	2134614	20	4.3
1528140945.41	4300	59.748385	0.0	2164140	23	4.3
1528140949.53	4300	59.749082	0.0	2113193	24	4.3
1528140953.14	4300	59.997643	0.0	2147852	24	4.3
1528140957.26	4300	59.998536	0.0	2191074	24	4.3
1528140961.37	4300	59.748908	0.0	2286761	26	4.3
1528140965.48	4300	59.748332	0.0	2307787	24	4.3
1528140969.09	4300	59.999357	0.0	2143948	23	4.3
1528140973.2	4300	59.997428	0.0	1919781	20	4.3
1528140977.31	4300	59.748755	0.0	2147467	23	4.3
1528140981.41	4300	59.74818	0.0	2133870	23	4.3
1528140985.53	4300	59.748453	0.0	2146120	24	4.3
1528140989.13	4300	59.999351	0.0	2108491	23	4.3
1528140993.24	4300	59.998775	0.0	2184571	23	4.3
1528140997.34	4300	59.748929	0.0	2121928	23	4.3
1528141001.45	4300	59.748877	0.0	2219102	25	4.3
1528141005.06	4300	59.999269	0.0	2124950	23	4.3
1528141009.17	4300	59.998682	0.0	2246506	25	4.3
1528141013.29	4300	59.998362	0.0	1961140	22	4.3
1528141017.4	4300	59.748754	0.0	2155012	18	4.3
1528141019.0	4300	59.928375	0.0	1433658	17	4.3

1528141019.22	750	4	0.019	668286	3	-0.0817
1528141019.33	4300	7.952758	0.0	2123065	14	0.75
1528141019.48	4300	11.851737	0.0	2177073	23	4.3
1528141019.58	4300	15.700749	0.0	2160877	24	4.3
1528141019.65	4300	19.630228	0.0	2233056	10	4.3
1528141019.73	4300	23.547435	0.0	1941625	15	4.3
1528141019.81	4300	27.472871	0.0	2157535	12	4.3
1528141019.9	4300	31.378318	0.0	2290172	21	4.3
1528141020.0	4300	35.282903	0.0	2055469	22	4.3
1528141020.07	4300	39.209808	0.0	2169201	12	4.3
1528141020.18	4300	43.107147	0.0	2173522	25	4.3
1528141020.28	4300	47.003286	0.0	2102452	24	4.3
1528141020.37	4300	50.909881	0.0	2209463	21	4.3
1528141020.48	4300	54.803887	0.0	2275376	25	4.3
1528141020.57	4300	58.709915	0.0	2005399	24	4.3
1528141023.69	4300	59.748052	0.0	2152483	23	4.3
1528141027.3	4300	59.998791	0.0	2289689	23	4.3
1528141031.4	4300	59.997872	0.0	2059512	18	4.3
1528141035.51	4300	59.999399	0.0	2220726	22	4.3
1528141039.62	4300	59.748914	0.0	2156729	24	4.3
1528141043.72	4300	59.749026	0.0	2039773	21	4.3
1528141047.35	4300	59.999129	0.0	2176469	23	4.3
1528141051.47	4300	59.999251	0.0	2221506	26	4.3
1528141055.57	4300	59.749294	0.0	2044075	24	4.3
1528141059.69	4300	59.749545	0.0	2186790	24	4.3
1528141063.29	4300	59.999003	0.0	2105231	24	4.3
1528141067.4	4300	59.99862	0.0	2395588	24	4.3
1528141071.51	4300	59.999432	0.0	1972048	22	4.3
1528141075.61	4300	59.749047	0.0	2134614	26	4.3
1528141079.73	4300	59.749205	0.0	2164140	25	4.3
1528141083.34	4300	59.998989	0.0	2113193	24	4.3
1528141087.95	4300	59.498894	0.0	2147852	20	4.3
1528141091.56	4300	59.74869	0.0	2191074	23	4.3
1528141095.74	4300	59.74886	0.0	2286761	22	4.3
1528141099.37	4300	59.999424	0.0	2307787	26	4.3
1528141103.49	4300	59.999263	0.0	2143948	24	4.3
1528141107.71	4300	59.747988	0.0	1919781	23	4.3
1528141111.82	4300	59.498916	0.0	2147467	24	4.3
1528141115.44	4300	59.997883	0.0	2133870	22	4.3
1528141119.55	4300	59.747622	0.0	2146120	22	4.3
1528141123.65	4300	59.748826	0.0	2108491	20	4.3
1528141127.76	4300	59.748652	0.0	2184571	23	4.3
1528141131.36	4300	59.99907	0.0	2121928	25	4.3
1528141135.47	4300	59.998165	0.0	2219102	22	4.3
1528141139.56	4300	59.7481	0.0	2124950	10	4.3
