1527685423.28	750	4	0.026	2354772	7	-0.11180000000000001
1527685423.4	4300	7.965469	0.0	2123065	18	0.75
1527685423.49	4300	11.874746	0.0	2177073	20	4.3
1527685423.58	4300	15.782662	0.0	2160877	18	4.3
1527685423.69	4300	19.675331	0.0	2233056	28	4.3
1527685423.76	4300	23.602891	0.0	1941625	11	4.3
1527685423.87	4300	27.499174	0.0	2157535	21	4.3
1527685423.95	4300	31.417748	0.0	2290172	12	4.3
1527685424.05	4300	35.316474	0.0	2055469	24	4.3
1527685424.15	4300	39.217431	0.0	2169201	23	4.3
1527685424.24	4300	43.125551	0.0	2173522	20	4.3
1527685424.33	4300	47.031033	0.0	2102452	19	4.3
1527685424.44	4300	50.928505	0.0	2209463	25	4.3
1527685424.55	4300	54.81549	0.0	2275376	24	4.3
1527685424.65	4300	58.717877	0.0	2005399	23	4.3
1527685427.74	4300	59.747787	0.0	2152483	14	4.3
1527685431.85	4300	59.749013	0.0	2289689	25	4.3
1527685435.48	4300	59.998536	0.0	2059512	19	4.3
1527685439.59	4300	59.997818	0.0	2220726	21	4.3
1527685443.7	4300	59.748684	0.0	2156729	23	4.3
1527685447.86	4300	59.749187	0.0	2039773	20	4.3
1527685451.46	4300	59.998827	0.0	2176469	18	4.3
1527685455.57	4300	59.999334	0.0	2221506	25	4.3
1527685459.68	4300	59.747701	0.0	2044075	24	4.3
1527685463.79	4300	59.748231	0.0	2186790	24	4.3
1527685467.4	4300	59.998634	0.0	2105231	25	4.3
1527685471.51	4300	59.997571	0.0	2395588	22	4.3
1527685475.62	4300	59.999292	0.0	1972048	23	4.3
1527685479.73	4300	59.749379	0.0	2134614	24	4.3
1527685483.84	4300	59.748318	0.0	2164140	24	4.3
1527685487.45	4300	59.998644	0.0	2113193	24	4.3
1527685491.55	4300	59.999376	0.0	2147852	18	4.3
1527685495.65	4300	59.748198	0.0	2191074	25	4.3
1527685499.76	4300	59.749146	0.0	2286761	26	4.3
1527685503.38	4300	59.999009	0.0	2307787	26	4.3
1527685507.48	4300	59.999035	0.0	2143948	21	4.3
1527685511.58	4300	59.9983	0.0	1919781	21	4.3
1527685515.71	4300	59.748112	0.0	2147467	24	4.3
1527685519.84	4300	59.749536	0.0	2133870	22	4.3
1527685523.45	4300	59.999419	0.0	2146120	24	4.3
1527685527.65	4300	59.999013	0.0	2108491	22	4.3
1527685531.75	4300	59.748621	0.0	2184571	23	4.3
1527685535.85	4300	59.749119	0.0	2121928	23	4.3
1527685539.47	4300	59.999441	0.0	2219102	25	4.3
1527685543.57	4300	59.998202	0.0	2124950	21	4.3
1527685547.68	4300	59.749466	0.0	2246506	22	4.3
1527685551.79	4300	59.748242	0.0	1961140	21	4.3
1527685555.37	4300	59.999089	0.0	2155012	12	4.3
1527685557.46	4300	59.679447	0.0	1433658	15	4.3

1527685557.68	750	4	0.013	668286	3	-0.05589999999999995
1527685557.79	4300	7.955998	0.0	2123065	13	0.75
1527685557.88	4300	11.860661	0.0	2177073	23	4.3
1527685557.95	4300	15.787051	0.0	2160877	11	4.3
1527685558.05	4300	19.695755	0.0	2233056	15	4.3
1527685558.15	4300	23.58766	0.0	1941625	25	4.3
1527685558.22	4300	27.515971	0.0	2157535	13	4.3
1527685558.31	4300	31.426911	0.0	2290172	19	4.3
1527685558.4	4300	35.337317	0.0	2055469	19	4.3
1527685558.51	4300	39.235512	0.0	2169201	24	4.3
1527685558.6	4300	43.137009	0.0	2173522	24	4.3
1527685558.67	4300	47.065333	0.0	2102452	12	4.3
1527685558.76	4300	50.975524	0.0	2209463	20	4.3
1527685558.86	4300	54.884409	0.0	2275376	21	4.3
1527685558.96	4300	58.785609	0.0	2005399	22	4.3
1527685562.06	4300	59.747557	0.0	2152483	25	4.3
1527685566.16	4300	59.748612	0.0	2289689	20	4.3
1527685569.77	4300	59.997922	0.0	2059512	21	4.3
1527685573.88	4300	59.99895	0.0	2220726	23	4.3
1527685577.98	4300	59.998842	0.0	2156729	20	4.3
1527685582.09	4300	59.7483	0.0	2039773	22	4.3
1527685586.2	4300	59.748353	0.0	2176469	25	4.3
1527685589.81	4300	59.998503	0.0	2221506	23	4.3
1527685593.91	4300	59.998567	0.0	2044075	21	4.3
1527685598.02	4300	59.748517	0.0	2186790	23	4.3
1527685602.13	4300	59.748569	0.0	2105231	24	4.3
1527685606.24	4300	59.748107	0.0	2395588	27	4.3
1527685609.82	4300	59.998548	0.0	1972048	11	4.3
1527685613.92	4300	59.998472	0.0	2134614	20	4.3
1527685618.03	4300	59.729638	0.0	2164140	25	4.3
1527685622.14	4300	59.748443	0.0	2113193	24	4.3
1527685626.24	4300	59.499094	0.0	2147852	24	4.3
1527685629.86	4300	59.997508	0.0	2191074	23	4.3
1527685633.96	4300	59.998186	0.0	2286761	24	4.3
1527685638.07	4300	59.748961	0.0	2307787	25	4.3
1527685642.18	4300	59.747755	0.0	2143948	24	4.3
1527685645.78	4300	59.997682	0.0	1919781	23	4.3
1527685649.89	4300	59.997933	0.0	2147467	22	4.3
1527685653.99	4300	59.748592	0.0	2133870	23	4.3
1527685658.1	4300	59.748871	0.0	2146120	22	4.3
1527685662.21	4300	59.748829	0.0	2108491	23	4.3
1527685665.82	4300	59.998849	0.0	2184571	26	4.3
1527685669.93	4300	59.998321	0.0	2121928	25	4.3
