1528258220.12	750	4	0.03	2354772	8	-0.129
1528258220.25	4300	7.961251	0.0	2123065	24	0.75
1528258220.34	4300	11.864304	0.0	2177073	19	4.3
1528258220.44	4300	15.772507	0.0	2160877	19	4.3
1528258220.51	4300	19.691197	0.0	2233056	13	4.3
1528258220.6	4300	23.610581	0.0	1941625	17	4.3
1528258220.7	4300	27.51125	0.0	2157535	26	4.3
1528258220.79	4300	31.416964	0.0	2290172	22	4.3
1528258220.88	4300	35.326434	0.0	2055469	19	4.3
1528258220.97	4300	39.232266	0.0	2169201	22	4.3
1528258221.07	4300	43.137764	0.0	2173522	21	4.3
1528258221.17	4300	47.037118	0.0	2102452	23	4.3
1528258221.25	4300	50.95569	0.0	2209463	16	4.3
1528258221.37	4300	54.838435	0.0	2275376	25	4.3
1528258221.47	4300	58.737005	0.0	2005399	24	4.3
1528258224.55	4300	59.748916	0.0	2152483	10	4.3
1528258228.67	4300	59.749456	0.0	2289689	25	4.3
1528258232.27	4300	59.999245	0.0	2059512	22	4.3
1528258236.88	4300	59.498405	0.0	2220726	24	4.3
1528258240.5	4300	59.749262	0.0	2156729	25	4.3
1528258244.6	4300	59.748737	0.0	2039773	20	4.3
1528258248.72	4300	59.74777	0.0	2176469	25	4.3
1528258252.32	4300	59.99767	0.0	2221506	18	4.3
1528258256.42	4300	59.998716	0.0	2044075	21	4.3
1528258260.53	4300	59.749302	0.0	2186790	23	4.3
1528258264.65	4300	59.748819	0.0	2105231	22	4.3
1528258268.25	4300	59.999393	0.0	2395588	25	4.3
1528258272.86	4300	59.499171	0.0	1972048	18	4.3
1528258276.46	4300	59.748033	0.0	2134614	23	4.3
1528258280.55	4300	59.749119	0.0	2164140	9	4.3
1528258284.66	4300	59.749594	0.0	2113193	21	4.3
1528258288.26	4300	59.997411	0.0	2147852	22	4.3
1528258292.37	4300	59.999143	0.0	2191074	19	4.3
1528258296.47	4300	59.749487	0.0	2286761	21	4.3
1528258300.64	4300	59.748729	0.0	2307787	24	4.3
1528258304.75	4300	59.498754	0.0	2143948	25	4.3
1528258308.36	4300	59.999396	0.0	1919781	20	4.3
1528258312.47	4300	59.749568	0.0	2147467	21	4.3
1528258316.58	4300	59.749296	0.0	2133870	21	4.3
1528258320.67	4300	59.748624	0.0	2146120	12	4.3
1528258324.28	4300	59.998772	0.0	2108491	22	4.3
1528258328.36	4300	59.998786	0.0	2184571	9	4.3
1528258332.44	4300	59.999195	0.0	2121928	7	4.3
1528258336.51	4300	59.74918	0.0	2219102	7	4.3
1528258340.78	4300	59.740699	0.0	2124950	24	4.3
1528258344.94	4300	59.498859	0.0	2246506	20	4.3
1528258348.53	4300	59.748233	0.0	1961140	17	4.3
1528258352.63	4300	59.748127	0.0	2155012	21	4.3
1528258354.23	4300	59.678705	0.0	1433658	16	4.3

1528258354.44	750	4	0.016	668286	1	-0.06879999999999997
1528258354.55	4300	7.958295	0.0	2123065	14	0.75
1528258354.67	4300	11.835741	0.0	2177073	13	4.3
1528258354.74	4300	15.763558	0.0	2160877	7	4.3
1528258354.8	4300	19.698031	0.0	2233056	6	4.3
1528258354.89	4300	23.610244	0.0	1941625	17	4.3
1528258354.99	4300	27.514151	0.0	2157535	10	4.3
1528258355.08	4300	31.426044	0.0	2290172	20	4.3
1528258355.16	4300	35.338518	0.0	2055469	16	4.3
1528258355.26	4300	39.247296	0.0	2169201	20	4.3
1528258355.36	4300	43.144181	0.0	2173522	23	4.3
1528258355.46	4300	47.044854	0.0	2102452	24	4.3
1528258355.54	4300	50.963719	0.0	2209463	16	4.3
1528258355.64	4300	54.866581	0.0	2275376	26	4.3
1528258355.71	4300	58.790996	0.0	2005399	11	4.3
1528258358.82	4300	59.749165	0.0	2152483	25	4.3
1528258362.93	4300	59.749628	0.0	2289689	20	4.3
1528258366.54	4300	59.998902	0.0	2059512	21	4.3
1528258370.66	4300	59.999037	0.0	2220726	25	4.3
1528258374.77	4300	59.749469	0.0	2156729	23	4.3
1528258378.88	4300	59.749644	0.0	2039773	21	4.3
1528258382.99	4300	59.749589	0.0	2176469	25	4.3
1528258386.6	4300	59.998639	0.0	2221506	26	4.3
1528258390.7	4300	59.999017	0.0	2044075	23	4.3
1528258394.81	4300	59.747939	0.0	2186790	26	4.3
1528258398.91	4300	59.748323	0.0	2105231	23	4.3
1528258402.52	4300	59.997851	0.0	2395588	28	4.3
1528258407.13	4300	59.498735	0.0	1972048	21	4.3
1528258410.74	4300	59.998971	0.0	2134614	24	4.3
1528258414.85	4300	59.748354	0.0	2164140	24	4.3
1528258418.96	4300	59.748902	0.0	2113193	25	4.3
1528258423.07	4300	59.499026	0.0	2147852	24	4.3
1528258426.68	4300	59.998851	0.0	2191074	24	4.3
1528258430.79	4300	59.747876	0.0	2286761	22	4.3
1528258434.9	4300	59.747976	0.0	2307787	24	4.3
1528258439.01	4300	59.499038	0.0	2143948	20	4.3
1528258443.11	4300	59.498789	0.0	1919781	23	4.3
1528258447.22	4300	59.499312	0.0	2147467	24	4.3
1528258450.83	4300	59.749638	0.0	2133870	24	4.3
1528258454.94	4300	59.749159	0.0	2146120	22	4.3
1528258458.58	4300	59.99914	0.0	2108491	23	4.3
1528258462.68	4300	59.999003	0.0	2184571	19	4.3
1528258466.82	4300	59.749138	0.0	2121928	23	4.3
1528258470.96	4300	59.748383	0.0	2219102	25	4.3
1528258474.56	4300	59.998221	0.0	2124950	21	4.3
1528258478.66	4300	59.998208	0.0	2246506	23	4.3
1528258482.78	4300	59.746606	0.0	1961140	21	4.3
1528258486.86	4300	59.74927	0.0	2155012	12	4.3
1528258488.59	4300	59.92863	0.0	1433658	15	4.3

1528258489.07	750	4	0.012	668286	3	-0.05159999999999998
1528258489.15	4300	7.97975	0.0	2123065	7	0.75
1528258489.25	4300	11.872529	0.0	2177073	25	4.3
1528258489.35	4300	15.776767	0.0	2160877	24	4.3
1528258489.43	4300	19.693882	0.0	2233056	15	4.3
1528258489.52	4300	23.602898	0.0	1941625	19	4.3
1528258489.62	4300	27.506361	0.0	2157535	20	4.3
1528258489.69	4300	31.439406	0.0	2290172	7	4.3
1528258489.77	4300	35.357861	0.0	2055469	17	4.3
1528258489.85	4300	39.275148	0.0	2169201	18	4.3
1528258489.95	4300	43.177507	0.0	2173522	25	4.3
1528258490.03	4300	47.100663	0.0	2102452	11	4.3
1528258490.13	4300	50.997364	0.0	2209463	24	4.3
1528258490.2	4300	54.924479	0.0	2275376	13	4.3
1528258490.31	4300	58.824688	0.0	2005399	23	4.3
1528258493.42	4300	59.74957	0.0	2152483	26	4.3
1528258497.54	4300	59.749551	0.0	2289689	25	4.3
1528258501.15	4300	59.998577	0.0	2059512	19	4.3
1528258505.25	4300	59.998227	0.0	2220726	20	4.3
1528258509.35	4300	59.997695	0.0	2156729	25	4.3
1528258513.46	4300	59.749354	0.0	2039773	22	4.3
1528258517.57	4300	59.749125	0.0	2176469	24	4.3
1528258521.18	4300	59.999418	0.0	2221506	25	4.3
1528258525.29	4300	59.999394	0.0	2044075	20	4.3
1528258529.37	4300	59.998879	0.0	2186790	10	4.3
1528258533.48	4300	59.749212	0.0	2105231	20	4.3
