1528169821.98	750	4	0.011	450283	2	-0.04730000000000001
1528169822.12	4300	7.954834	0.0	2123065	15	0.75
1528169822.22	4300	11.855225	0.0	2177073	24	4.3
1528169822.31	4300	15.764657	0.0	2160877	23	4.3
1528169822.41	4300	19.668747	0.0	2233056	19	4.3
1528169822.5	4300	23.580338	0.0	1941625	19	4.3
1528169822.59	4300	27.484715	0.0	2157535	19	4.3
1528169822.66	4300	31.410713	0.0	2290172	13	4.3
1528169822.75	4300	35.323832	0.0	2055469	18	4.3
1528169822.85	4300	39.22567	0.0	2169201	24	4.3
1528169822.94	4300	43.133045	0.0	2173522	24	4.3
1528169823.02	4300	47.054161	0.0	2102452	13	4.3
1528169823.12	4300	50.958087	0.0	2209463	25	4.3
1528169823.21	4300	54.863592	0.0	2275376	25	4.3
1528169823.31	4300	58.769046	0.0	2005399	21	4.3
1528169826.43	4300	59.749203	0.0	2152483	20	4.3
1528169830.54	4300	59.748925	0.0	2289689	22	4.3
1528169834.14	4300	59.998828	0.0	2059512	22	4.3
1528169838.24	4300	59.999179	0.0	2220726	21	4.3
1528169842.45	4300	59.749146	0.0	2156729	23	4.3
1528169846.56	4300	59.749332	0.0	2039773	19	4.3
1528169850.23	4300	59.998582	0.0	2176469	23	4.3
1528169854.35	4300	59.748884	0.0	2221506	27	4.3
1528169858.45	4300	59.748903	0.0	2044075	22	4.3
1528169862.56	4300	59.74907	0.0	2186790	24	4.3
1528169866.17	4300	59.99901	0.0	2105231	21	4.3
1528169870.28	4300	59.99908	0.0	2395588	26	4.3
1528169874.39	4300	59.749441	0.0	1972048	21	4.3
1528169878.5	4300	59.748542	0.0	2134614	19	4.3
1528169882.11	4300	59.999407	0.0	2164140	25	4.3
1528169886.21	4300	59.997605	0.0	2113193	18	4.3
1528169890.32	4300	59.999157	0.0	2147852	23	4.3
1528169894.43	4300	59.749466	0.0	2191074	23	4.3
1528169898.54	4300	59.747761	0.0	2286761	25	4.3
1528169902.15	4300	59.998588	0.0	2307787	25	4.3
1528169906.26	4300	59.998803	0.0	2143948	21	4.3
1528169910.36	4300	59.747821	0.0	1919781	20	4.3
1528169914.47	4300	59.748007	0.0	2147467	25	4.3
1528169918.57	4300	59.748926	0.0	2133870	24	4.3
1528169922.18	4300	59.99865	0.0	2146120	24	4.3
1528169926.34	4300	59.998347	0.0	2108491	25	4.3
1528169930.44	4300	59.748609	0.0	2184571	19	4.3
1528169934.54	4300	59.747775	0.0	2121928	20	4.3
1528169938.22	4300	59.999245	0.0	2219102	24	4.3
1528169942.33	4300	59.749072	0.0	2124950	22	4.3
1528169946.44	4300	59.748625	0.0	2246506	25	4.3
1528169950.55	4300	59.748609	0.0	1961140	24	4.3
1528169954.16	4300	59.998592	0.0	2155012	23	4.3
1528169956.26	4300	59.678975	0.0	1433658	18	4.3

1528169956.45	750	4	0.017	668286	3	-0.07309999999999994
1528169956.55	4300	7.958606	0.0	2123065	13	0.75
1528169956.65	4300	11.859614	0.0	2177073	23	4.3
1528169956.73	4300	15.785451	0.0	2160877	12	4.3
1528169956.83	4300	19.678432	0.0	2233056	30	4.3
1528169956.9	4300	23.608845	0.0	1941625	10	4.3
1528169956.99	4300	27.518092	0.0	2157535	20	4.3
1528169957.08	4300	31.436275	0.0	2290172	18	4.3
1528169957.15	4300	35.36783	0.0	2055469	8	4.3
1528169957.24	4300	39.269742	0.0	2169201	20	4.3
1528169957.34	4300	43.170588	0.0	2173522	24	4.3
1528169957.43	4300	47.077994	0.0	2102452	24	4.3
1528169957.51	4300	51.003141	0.0	2209463	13	4.3
1528169957.62	4300	54.895205	0.0	2275376	32	4.3
1528169957.71	4300	58.804835	0.0	2005399	23	4.3
1528169960.81	4300	59.748831	0.0	2152483	13	4.3
1528169964.92	4300	59.748675	0.0	2289689	26	4.3
1528169968.53	4300	59.99903	0.0	2059512	22	4.3
1528169972.64	4300	59.998412	0.0	2220726	25	4.3
1528169976.75	4300	59.998414	0.0	2156729	22	4.3
1528169980.85	4300	59.748172	0.0	2039773	24	4.3
1528169984.97	4300	59.749326	0.0	2176469	22	4.3
1528169988.58	4300	59.998452	0.0	2221506	26	4.3
1528169992.68	4300	59.998752	0.0	2044075	22	4.3
1528169996.79	4300	59.749	0.0	2186790	25	4.3
1528170000.9	4300	59.749233	0.0	2105231	25	4.3
1528170005.01	4300	59.748699	0.0	2395588	26	4.3
1528170008.61	4300	59.999339	0.0	1972048	21	4.3
1528170012.72	4300	59.998991	0.0	2134614	24	4.3
1528170016.83	4300	59.749398	0.0	2164140	25	4.3
1528170020.97	4300	59.749184	0.0	2113193	26	4.3
1528170025.08	4300	59.499327	0.0	2147852	24	4.3
1528170028.68	4300	59.998871	0.0	2191074	24	4.3
1528170032.79	4300	59.749182	0.0	2286761	26	4.3
1528170036.9	4300	59.749403	0.0	2307787	25	4.3
1528170040.52	4300	59.997781	0.0	2143948	24	4.3
1528170044.63	4300	59.997842	0.0	1919781	23	4.3
1528170048.75	4300	59.999373	0.0	2147467	25	4.3
1528170052.87	4300	59.749347	0.0	2133870	25	4.3
1528170056.97	4300	59.749295	0.0	2146120	22	4.3
1528170060.58	4300	59.999387	0.0	2108491	23	4.3
1528170064.69	4300	59.998759	0.0	2184571	21	4.3
1528170068.79	4300	59.748685	0.0	2121928	25	4.3
1528170072.9	4300	59.748543	0.0	2219102	25	4.3
1528170077.01	4300	59.68906	0.0	2124950	24	4.3
1528170080.62	4300	59.999051	0.0	2246506	24	4.3
1528170084.72	4300	59.998869	0.0	1961140	19	4.3
1528170088.84	4300	59.748625	0.0	2155012	24	4.3
1528170090.43	4300	59.929533	0.0	1433658	18	4.3

1528170090.6	750	4	0.019	668286	3	-0.0817
1528170090.67	4300	7.976023	0.0	2123065	6	0.75
1528170090.74	4300	11.911491	0.0	2177073	6	4.3
1528170090.83	4300	15.818368	0.0	2160877	18	4.3
1528170090.94	4300	19.7066	0.0	2233056	36	4.3
1528170091.01	4300	23.635556	0.0	1941625	11	4.3
1528170091.1	4300	27.548687	0.0	2157535	13	4.3
1528170091.2	4300	31.451575	0.0	2290172	20	4.3
1528170091.29	4300	35.357201	0.0	2055469	17	4.3
1528170091.38	4300	39.268151	0.0	2169201	18	4.3
1528170091.45	4300	43.199929	0.0	2173522	8	4.3
1528170091.52	4300	47.131347	0.0	2102452	9	4.3
1528170091.61	4300	51.038244	0.0	2209463	19	4.3
1528170091.68	4300	54.968718	0.0	2275376	8	4.3
1528170091.75	4300	58.903013	0.0	2005399	8	4.3
1528170094.84	4300	59.999111	0.0	2152483	18	4.3
1528170098.95	4300	59.748917	0.0	2289689	22	4.3
1528170103.05	4300	59.748616	0.0	2059512	24	4.3
1528170106.66	4300	59.998383	0.0	2220726	25	4.3
1528170110.77	4300	59.999486	0.0	2156729	20	4.3
1528170114.88	4300	59.999471	0.0	2039773	20	4.3
1528170118.98	4300	59.749513	0.0	2176469	25	4.3
1528170123.09	4300	59.749435	0.0	2221506	24	4.3
1528170126.7	4300	59.999308	0.0	2044075	21	4.3
