1528230711.17	750	4	0.025	2354772	9	-0.10750000000000004
1528230711.3	4300	7.95982	0.0	2123065	21	0.75
1528230711.4	4300	11.861743	0.0	2177073	25	4.3
1528230711.5	4300	15.764971	0.0	2160877	27	4.3
1528230711.59	4300	19.674442	0.0	2233056	19	4.3
1528230711.67	4300	23.586937	0.0	1941625	20	4.3
1528230711.75	4300	27.512948	0.0	2157535	11	4.3
1528230711.85	4300	31.411296	0.0	2290172	30	4.3
1528230711.94	4300	35.317592	0.0	2055469	23	4.3
1528230712.04	4300	39.227835	0.0	2169201	21	4.3
1528230712.13	4300	43.133933	0.0	2173522	20	4.3
1528230712.21	4300	47.046494	0.0	2102452	20	4.3
1528230712.31	4300	50.951963	0.0	2209463	18	4.3
1528230712.43	4300	54.82906	0.0	2275376	25	4.3
1528230712.52	4300	58.742157	0.0	2005399	17	4.3
1528230715.63	4300	59.747827	0.0	2152483	23	4.3
1528230719.74	4300	59.749452	0.0	2289689	22	4.3
1528230723.39	4300	59.997815	0.0	2059512	24	4.3
1528230727.5	4300	59.999113	0.0	2220726	25	4.3
1528230731.61	4300	59.748804	0.0	2156729	24	4.3
1528230735.72	4300	59.749068	0.0	2039773	23	4.3
1528230739.33	4300	59.999312	0.0	2176469	24	4.3
1528230743.44	4300	59.998687	0.0	2221506	24	4.3
1528230747.55	4300	59.748558	0.0	2044075	24	4.3
1528230751.66	4300	59.749615	0.0	2186790	23	4.3
1528230755.78	4300	59.748748	0.0	2105231	25	4.3
1528230759.38	4300	59.99834	0.0	2395588	20	4.3
1528230763.49	4300	59.999115	0.0	1972048	22	4.3
1528230767.59	4300	59.748992	0.0	2134614	19	4.3
1528230771.7	4300	59.718267	0.0	2164140	21	4.3
1528230775.3	4300	59.999151	0.0	2113193	23	4.3
1528230779.41	4300	59.998954	0.0	2147852	21	4.3
1528230783.52	4300	59.749072	0.0	2191074	22	4.3
1528230787.63	4300	59.749527	0.0	2286761	23	4.3
1528230791.74	4300	59.748378	0.0	2307787	24	4.3
1528230795.35	4300	59.998797	0.0	2143948	24	4.3
1528230800.02	4300	59.498911	0.0	1919781	21	4.3
1528230803.64	4300	59.749394	0.0	2147467	24	4.3
1528230807.79	4300	59.749112	0.0	2133870	24	4.3
1528230811.4	4300	59.999361	0.0	2146120	22	4.3
1528230815.5	4300	59.999115	0.0	2108491	20	4.3
1528230819.61	4300	59.748979	0.0	2184571	25	4.3
1528230823.73	4300	59.749614	0.0	2121928	21	4.3
1528230827.33	4300	59.998902	0.0	2219102	21	4.3
1528230831.43	4300	59.998709	0.0	2124950	20	4.3
1528230835.54	4300	59.748926	0.0	2246506	24	4.3
1528230839.65	4300	59.748739	0.0	1961140	20	4.3
1528230843.28	4300	59.998117	0.0	2155012	26	4.3
1528230845.38	4300	59.679588	0.0	1433658	17	4.3

1528230845.57	750	4	0.019	668286	4	-0.0817
1528230845.68	4300	7.951043	0.0	2123065	21	0.75
1528230845.78	4300	11.858596	0.0	2177073	24	4.3
1528230845.87	4300	15.766704	0.0	2160877	21	4.3
1528230845.96	4300	19.674434	0.0	2233056	19	4.3
1528230846.04	4300	23.601052	0.0	1941625	9	4.3
1528230846.13	4300	27.500972	0.0	2157535	26	4.3
1528230846.21	4300	31.422316	0.0	2290172	14	4.3
1528230846.32	4300	35.323651	0.0	2055469	24	4.3
1528230846.41	4300	39.223763	0.0	2169201	20	4.3
1528230846.5	4300	43.132373	0.0	2173522	20	4.3
1528230846.6	4300	47.040268	0.0	2102452	18	4.3
1528230846.7	4300	50.938129	0.0	2209463	25	4.3
1528230846.8	4300	54.83744	0.0	2275376	25	4.3
1528230846.88	4300	58.748547	0.0	2005399	22	4.3
1528230849.98	4300	59.749247	0.0	2152483	11	4.3
1528230854.1	4300	59.749105	0.0	2289689	25	4.3
1528230857.72	4300	59.999181	0.0	2059512	23	4.3
1528230861.84	4300	59.999006	0.0	2220726	23	4.3
1528230865.95	4300	59.74917	0.0	2156729	23	4.3
1528230870.06	4300	59.749567	0.0	2039773	22	4.3
1528230873.67	4300	59.998796	0.0	2176469	24	4.3
1528230877.76	4300	59.999033	0.0	2221506	17	4.3
1528230881.86	4300	59.99851	0.0	2044075	18	4.3
1528230885.97	4300	59.749253	0.0	2186790	23	4.3
1528230890.09	4300	59.749386	0.0	2105231	24	4.3
1528230893.69	4300	59.999242	0.0	2395588	24	4.3
1528230897.89	4300	59.997701	0.0	1972048	18	4.3
1528230901.99	4300	59.747813	0.0	2134614	19	4.3
1528230906.1	4300	59.734708	0.0	2164140	23	4.3
1528230909.71	4300	59.998314	0.0	2113193	23	4.3
1528230913.82	4300	59.997913	0.0	2147852	20	4.3
1528230917.93	4300	59.749478	0.0	2191074	21	4.3
1528230922.03	4300	59.749544	0.0	2286761	24	4.3
1528230926.14	4300	59.498583	0.0	2307787	26	4.3
1528230929.75	4300	59.998816	0.0	2143948	25	4.3
1528230933.85	4300	59.997833	0.0	1919781	18	4.3
1528230937.96	4300	59.748632	0.0	2147467	24	4.3
1528230942.07	4300	59.749236	0.0	2133870	23	4.3
1528230945.68	4300	59.99882	0.0	2146120	25	4.3
1528230949.78	4300	59.9977	0.0	2108491	22	4.3
1528230953.88	4300	59.99869	0.0	2184571	22	4.3
1528230957.99	4300	59.747817	0.0	2121928	23	4.3
1528230962.1	4300	59.748549	0.0	2219102	25	4.3
1528230965.73	4300	59.998764	0.0	2124950	21	4.3
1528230969.87	4300	59.998317	0.0	2246506	23	4.3
1528230974.0	4300	59.749099	0.0	1961140	23	4.3
1528230978.14	4300	59.74923	0.0	2155012	23	4.3
1528230979.75	4300	59.678487	0.0	1433658	15	4.3

1528230979.94	750	4	0.015	668286	5	-0.0645
1528230980.06	4300	7.950344	0.0	2123065	16	0.75
1528230980.17	4300	11.831345	0.0	2177073	27	4.3
1528230980.29	4300	15.723124	0.0	2160877	22	4.3
1528230980.39	4300	19.6213	0.0	2233056	18	4.3
1528230980.5	4300	23.515828	0.0	1941625	9	4.3
1528230980.59	4300	27.425851	0.0	2157535	10	4.3
1528230980.7	4300	31.314992	0.0	2290172	26	4.3
1528230980.82	4300	35.203026	0.0	2055469	24	4.3
1528230980.94	4300	39.081041	0.0	2169201	28	4.3
1528230981.05	4300	42.958562	0.0	2173522	25	4.3
1528230981.16	4300	46.855179	0.0	2102452	18	4.3
1528230981.26	4300	50.744735	0.0	2209463	27	4.3
1528230981.36	4300	54.650146	0.0	2275376	21	4.3
1528230981.47	4300	58.538346	0.0	2005399	23	4.3
1528230984.06	4300	59.998764	0.0	2152483	12	4.3
1528230988.2	4300	59.999224	0.0	2289689	29	4.3
1528230992.32	4300	59.749301	0.0	2059512	22	4.3
1528230996.47	4300	59.749508	0.0	2220726	20	4.3
