1528251009.37	750	4	0.026	2354772	7	-0.11180000000000001
1528251009.49	4300	7.965121	0.0	2123065	21	0.75
1528251009.59	4300	11.871577	0.0	2177073	22	4.3
1528251009.68	4300	15.776727	0.0	2160877	21	4.3
1528251009.78	4300	19.683945	0.0	2233056	16	4.3
1528251009.87	4300	23.582223	0.0	1941625	21	4.3
1528251009.97	4300	27.483833	0.0	2157535	25	4.3
1528251010.05	4300	31.402556	0.0	2290172	15	4.3
1528251010.14	4300	35.31181	0.0	2055469	19	4.3
1528251010.24	4300	39.215858	0.0	2169201	25	4.3
1528251010.32	4300	43.141034	0.0	2173522	12	4.3
1528251010.42	4300	47.04089	0.0	2102452	23	4.3
1528251010.5	4300	50.95258	0.0	2209463	16	4.3
1528251010.62	4300	54.840452	0.0	2275376	25	4.3
1528251010.72	4300	58.740764	0.0	2005399	23	4.3
1528251013.82	4300	59.749385	0.0	2152483	21	4.3
1528251017.93	4300	59.748236	0.0	2289689	20	4.3
1528251021.53	4300	59.999097	0.0	2059512	20	4.3
1528251026.14	4300	59.497977	0.0	2220726	20	4.3
1528251029.77	4300	59.749465	0.0	2156729	25	4.3
1528251033.88	4300	59.749205	0.0	2039773	23	4.3
1528251037.49	4300	59.999144	0.0	2176469	23	4.3
1528251042.09	4300	59.498304	0.0	2221506	17	4.3
1528251045.71	4300	59.997977	0.0	2044075	21	4.3
1528251049.84	4300	59.748694	0.0	2186790	24	4.3
1528251053.94	4300	59.749566	0.0	2105231	24	4.3
1528251057.56	4300	59.998895	0.0	2395588	28	4.3
1528251061.66	4300	59.999424	0.0	1972048	22	4.3
1528251065.77	4300	59.749046	0.0	2134614	20	4.3
1528251069.88	4300	59.74864	0.0	2164140	25	4.3
1528251073.48	4300	59.998872	0.0	2113193	24	4.3
1528251077.59	4300	59.999066	0.0	2147852	21	4.3
1528251081.7	4300	59.998977	0.0	2191074	21	4.3
1528251085.81	4300	59.749345	0.0	2286761	26	4.3
1528251089.92	4300	59.748693	0.0	2307787	26	4.3
1528251094.03	4300	59.497999	0.0	2143948	23	4.3
1528251097.64	4300	59.997946	0.0	1919781	22	4.3
1528251101.74	4300	59.749405	0.0	2147467	20	4.3
1528251105.86	4300	59.74799	0.0	2133870	24	4.3
1528251109.96	4300	59.748752	0.0	2146120	16	4.3
1528251113.57	4300	59.997984	0.0	2108491	24	4.3
1528251117.67	4300	59.999066	0.0	2184571	21	4.3
1528251121.75	4300	59.749736	0.0	2121928	8	4.3
1528251125.86	4300	59.749646	0.0	2219102	25	4.3
1528251129.46	4300	59.997922	0.0	2124950	24	4.3
1528251133.57	4300	59.997861	0.0	2246506	25	4.3
1528251137.68	4300	59.999184	0.0	1961140	21	4.3
1528251141.78	4300	59.748185	0.0	2155012	25	4.3
1528251143.38	4300	59.929674	0.0	1433658	17	4.3

1528251143.6	750	4	0.014	668286	2	-0.06020000000000003
1528251143.71	4300	7.946787	0.0	2123065	21	0.75
1528251143.79	4300	11.869745	0.0	2177073	12	4.3
1528251143.89	4300	15.767778	0.0	2160877	23	4.3
1528251143.99	4300	19.669616	0.0	2233056	25	4.3
1528251144.06	4300	23.592847	0.0	1941625	11	4.3
1528251144.16	4300	27.501477	0.0	2157535	19	4.3
1528251144.25	4300	31.402975	0.0	2290172	28	4.3
1528251144.35	4300	35.311725	0.0	2055469	21	4.3
1528251144.44	4300	39.218928	0.0	2169201	21	4.3
1528251144.53	4300	43.126892	0.0	2173522	22	4.3
1528251144.62	4300	47.038478	0.0	2102452	20	4.3
1528251144.71	4300	50.94947	0.0	2209463	20	4.3
1528251144.8	4300	54.855969	0.0	2275376	22	4.3
1528251144.88	4300	58.777759	0.0	2005399	13	4.3
1528251147.97	4300	59.748454	0.0	2152483	16	4.3
1528251152.08	4300	59.749617	0.0	2289689	21	4.3
1528251155.69	4300	59.999379	0.0	2059512	23	4.3
1528251159.8	4300	59.999111	0.0	2220726	21	4.3
1528251163.91	4300	59.748934	0.0	2156729	21	4.3
1528251168.02	4300	59.749123	0.0	2039773	17	4.3
1528251172.12	4300	59.748786	0.0	2176469	22	4.3
1528251176.23	4300	59.499565	0.0	2221506	24	4.3
1528251179.83	4300	59.998381	0.0	2044075	23	4.3
1528251183.94	4300	59.749365	0.0	2186790	21	4.3
1528251188.09	4300	59.748945	0.0	2105231	22	4.3
1528251191.7	4300	59.999379	0.0	2395588	21	4.3
1528251195.8	4300	59.999315	0.0	1972048	20	4.3
1528251199.92	4300	59.749059	0.0	2134614	24	4.3
1528251204.03	4300	59.748827	0.0	2164140	24	4.3
1528251208.15	4300	59.749761	0.0	2113193	23	4.3
1528251212.25	4300	59.498926	0.0	2147852	23	4.3
1528251215.86	4300	59.99919	0.0	2191074	26	4.3
1528251219.97	4300	59.749511	0.0	2286761	26	4.3
1528251224.08	4300	59.749272	0.0	2307787	28	4.3
1528251227.69	4300	59.998073	0.0	2143948	23	4.3
1528251232.33	4300	59.499837	0.0	1919781	23	4.3
1528251235.98	4300	59.748109	0.0	2147467	20	4.3
1528251240.1	4300	59.74927	0.0	2133870	24	4.3
1528251243.71	4300	59.999099	0.0	2146120	23	4.3
1528251247.81	4300	59.998883	0.0	2108491	23	4.3
1528251251.92	4300	59.749124	0.0	2184571	25	4.3
1528251256.03	4300	59.748391	0.0	2121928	24	4.3
1528251260.14	4300	59.749071	0.0	2219102	24	4.3
1528251263.74	4300	59.998397	0.0	2124950	23	4.3
1528251268.35	4300	59.49899	0.0	2246506	25	4.3
1528251271.96	4300	59.749025	0.0	1961140	20	4.3
1528251276.11	4300	59.749096	0.0	2155012	25	4.3
1528251277.7	4300	59.678568	0.0	1433658	17	4.3

1528251277.98	750	4	0.027	668286	9	-0.11609999999999998
1528251278.09	4300	7.947238	0.0	2123065	18	0.75
1528251278.17	4300	11.867784	0.0	2177073	15	4.3
1528251278.24	4300	15.801908	0.0	2160877	6	4.3
1528251278.34	4300	19.701507	0.0	2233056	12	4.3
1528251278.43	4300	23.610327	0.0	1941625	16	4.3
1528251278.52	4300	27.519905	0.0	2157535	16	4.3
1528251278.6	4300	31.443333	0.0	2290172	8	4.3
1528251278.68	4300	35.358187	0.0	2055469	18	4.3
1528251278.75	4300	39.289888	0.0	2169201	8	4.3
1528251278.85	4300	43.193871	0.0	2173522	20	4.3
1528251278.94	4300	47.106256	0.0	2102452	20	4.3
1528251279.03	4300	51.008129	0.0	2209463	20	4.3
1528251279.14	4300	54.906655	0.0	2275376	26	4.3
1528251279.23	4300	58.814718	0.0	2005399	23	4.3
1528251282.33	4300	59.748922	0.0	2152483	12	4.3
1528251286.44	4300	59.748631	0.0	2289689	21	4.3
