1528267886.05	750	4	0.028	2354772	8	-0.12039999999999995
1528267886.14	4300	7.965354	0.0	2123065	20	0.75
1528267886.23	4300	11.873695	0.0	2177073	23	4.3
1528267886.32	4300	15.785024	0.0	2160877	21	4.3
1528267886.42	4300	19.690244	0.0	2233056	20	4.3
1528267886.51	4300	23.592701	0.0	1941625	22	4.3
1528267886.61	4300	27.493053	0.0	2157535	25	4.3
1528267886.7	4300	31.408847	0.0	2290172	16	4.3
1528267886.79	4300	35.312618	0.0	2055469	25	4.3
1528267886.89	4300	39.221427	0.0	2169201	28	4.3
1528267886.98	4300	43.127633	0.0	2173522	24	4.3
1528267887.07	4300	47.037305	0.0	2102452	25	4.3
1528267887.16	4300	50.94308	0.0	2209463	22	4.3
1528267887.27	4300	54.847348	0.0	2275376	21	4.3
1528267887.33	4300	58.773795	0.0	2005399	6	4.3
1528267890.43	4300	59.748975	0.0	2152483	15	4.3
1528267894.54	4300	59.748734	0.0	2289689	25	4.3
1528267898.14	4300	59.998612	0.0	2059512	22	4.3
1528267902.24	4300	59.997699	0.0	2220726	23	4.3
1528267906.35	4300	59.997627	0.0	2156729	22	4.3
1528267910.45	4300	59.747863	0.0	2039773	24	4.3
1528267914.61	4300	59.748805	0.0	2176469	23	4.3
1528267918.21	4300	59.99911	0.0	2221506	21	4.3
1528267922.32	4300	59.998283	0.0	2044075	18	4.3
1528267926.42	4300	59.747872	0.0	2186790	22	4.3
1528267930.53	4300	59.748677	0.0	2105231	25	4.3
1528267934.14	4300	59.998556	0.0	2395588	29	4.3
1528267938.24	4300	59.999048	0.0	1972048	19	4.3
1528267942.35	4300	59.998799	0.0	2134614	23	4.3
1528267946.46	4300	59.748827	0.0	2164140	28	4.3
1528267950.57	4300	59.749096	0.0	2113193	26	4.3
1528267954.18	4300	59.998803	0.0	2147852	24	4.3
1528267958.29	4300	59.998623	0.0	2191074	23	4.3
1528267962.39	4300	59.749214	0.0	2286761	23	4.3
1528267966.5	4300	59.747696	0.0	2307787	27	4.3
1528267970.61	4300	59.749253	0.0	2143948	24	4.3
1528267974.22	4300	59.998486	0.0	1919781	24	4.3
1528267978.33	4300	59.999428	0.0	2147467	25	4.3
1528267982.44	4300	59.748629	0.0	2133870	22	4.3
1528267986.54	4300	59.749535	0.0	2146120	23	4.3
1528267990.15	4300	59.998635	0.0	2108491	25	4.3
1528267994.25	4300	59.999343	0.0	2184571	23	4.3
1528267998.36	4300	59.998448	0.0	2121928	27	4.3
1528268002.47	4300	59.748678	0.0	2219102	26	4.3
1528268006.58	4300	59.709954	0.0	2124950	24	4.3
1528268010.69	4300	59.499357	0.0	2246506	27	4.3
1528268014.29	4300	59.998934	0.0	1961140	22	4.3
1528268018.4	4300	59.749234	0.0	2155012	25	4.3
1528268020.0	4300	59.928036	0.0	1433658	17	4.3

1528268020.23	750	4	0.026	2354772	8	-0.11180000000000001
1528268020.31	4300	7.972635	0.0	2123065	16	0.75
1528268020.41	4300	11.870304	0.0	2177073	24	4.3
1528268020.49	4300	15.791762	0.0	2160877	13	4.3
1528268020.58	4300	19.699115	0.0	2233056	22	4.3
1528268020.69	4300	23.592421	0.0	1941625	23	4.3
1528268020.79	4300	27.49369	0.0	2157535	22	4.3
1528268020.88	4300	31.402682	0.0	2290172	22	4.3
1528268020.98	4300	35.301655	0.0	2055469	24	4.3
1528268021.08	4300	39.204252	0.0	2169201	26	4.3
1528268021.15	4300	43.12637	0.0	2173522	15	4.3
1528268021.24	4300	47.040096	0.0	2102452	19	4.3
1528268021.34	4300	50.93838	0.0	2209463	27	4.3
1528268021.42	4300	54.859869	0.0	2275376	16	4.3
1528268021.52	4300	58.76205	0.0	2005399	22	4.3
1528268024.61	4300	59.748861	0.0	2152483	13	4.3
1528268028.72	4300	59.747624	0.0	2289689	27	4.3
1528268032.33	4300	59.998795	0.0	2059512	23	4.3
1528268036.43	4300	59.99784	0.0	2220726	26	4.3
1528268040.54	4300	59.748896	0.0	2156729	27	4.3
1528268044.64	4300	59.749538	0.0	2039773	20	4.3
1528268048.75	4300	59.749214	0.0	2176469	26	4.3
1528268052.36	4300	59.999043	0.0	2221506	25	4.3
1528268056.47	4300	59.9988	0.0	2044075	24	4.3
1528268060.58	4300	59.748754	0.0	2186790	27	4.3
1528268064.68	4300	59.749471	0.0	2105231	24	4.3
1528268068.3	4300	59.999347	0.0	2395588	28	4.3
1528268072.4	4300	59.998981	0.0	1972048	22	4.3
1528268076.51	4300	59.998109	0.0	2134614	26	4.3
1528268080.62	4300	59.74848	0.0	2164140	26	4.3
1528268084.73	4300	59.748871	0.0	2113193	25	4.3
1528268088.84	4300	59.499215	0.0	2147852	24	4.3
1528268092.95	4300	59.499321	0.0	2191074	28	4.3
1528268096.55	4300	59.749663	0.0	2286761	27	4.3
1528268100.66	4300	59.748391	0.0	2307787	26	4.3
1528268104.77	4300	59.748954	0.0	2143948	28	4.3
1528268108.87	4300	59.498968	0.0	1919781	21	4.3
1528268112.49	4300	59.999105	0.0	2147467	28	4.3
1528268116.61	4300	59.748337	0.0	2133870	19	4.3
1528268120.7	4300	59.749007	0.0	2146120	15	4.3
1528268124.31	4300	59.999059	0.0	2108491	28	4.3
1528268128.41	4300	59.997786	0.0	2184571	25	4.3
1528268132.52	4300	59.999296	0.0	2121928	23	4.3
1528268136.63	4300	59.748934	0.0	2219102	25	4.3
1528268140.74	4300	59.707422	0.0	2124950	26	4.3
1528268144.35	4300	59.999038	0.0	2246506	27	4.3
1528268148.45	4300	59.99945	0.0	1961140	23	4.3
1528268152.56	4300	59.749241	0.0	2155012	24	4.3
1528268154.15	4300	59.928457	0.0	1433658	18	4.3

1528268154.39	750	4	0.024	2354772	6	-0.10319999999999996
1528268154.48	4300	7.958618	0.0	2123065	22	0.75
1528268154.58	4300	11.864465	0.0	2177073	24	4.3
1528268154.67	4300	15.769911	0.0	2160877	24	4.3
1528268154.75	4300	19.688385	0.0	2233056	13	4.3
1528268154.82	4300	23.622277	0.0	1941625	9	4.3
1528268154.91	4300	27.531911	0.0	2157535	18	4.3
1528268154.99	4300	31.45161	0.0	2290172	17	4.3
1528268155.08	4300	35.367057	0.0	2055469	15	4.3
1528268155.18	4300	39.264886	0.0	2169201	28	4.3
1528268155.27	4300	43.172218	0.0	2173522	23	4.3
1528268155.35	4300	47.095384	0.0	2102452	16	4.3
1528268155.45	4300	50.99405	0.0	2209463	27	4.3
1528268155.54	4300	54.90106	0.0	2275376	30	4.3
1528268155.63	4300	58.810447	0.0	2005399	20	4.3
1528268158.71	4300	59.748379	0.0	2152483	13	4.3
1528268162.85	4300	59.74857	0.0	2289689	28	4.3
1528268166.46	4300	59.997992	0.0	2059512	24	4.3
1528268170.56	4300	59.999233	0.0	2220726	21	4.3
1528268174.67	4300	59.998068	0.0	2156729	26	4.3
1528268178.78	4300	59.748736	0.0	2039773	22	4.3
1528268182.86	4300	59.748812	0.0	2176469	9	4.3
1528268186.47	4300	59.999097	0.0	2221506	24	4.3
1528268190.57	4300	59.999438	0.0	2044075	23	4.3
1528268194.68	4300	59.999426	0.0	2186790	24	4.3
