1527654978.05	750	4	0.01	450283	1	-0.04300000000000004
1527654978.18	4300	7.953472	0.0	2123065	11	0.75
1527654978.28	4300	11.854249	0.0	2177073	25	4.3
1527654978.37	4300	15.760173	0.0	2160877	24	4.3
1527654978.47	4300	19.66695	0.0	2233056	20	4.3
1527654978.56	4300	23.57746	0.0	1941625	20	4.3
1527654978.65	4300	27.483645	0.0	2157535	19	4.3
1527654978.75	4300	31.389444	0.0	2290172	23	4.3
1527654978.84	4300	35.288273	0.0	2055469	21	4.3
1527654978.94	4300	39.190898	0.0	2169201	28	4.3
1527654979.04	4300	43.098645	0.0	2173522	22	4.3
1527654979.13	4300	47.005204	0.0	2102452	20	4.3
1527654979.22	4300	50.914683	0.0	2209463	20	4.3
1527654979.31	4300	54.824463	0.0	2275376	20	4.3
1527654979.4	4300	58.73318	0.0	2005399	17	4.3
1527654982.53	4300	59.749546	0.0	2152483	23	4.3
1527654986.14	4300	59.998664	0.0	2289689	28	4.3
1527654990.25	4300	59.998621	0.0	2059512	21	4.3
1527654994.36	4300	59.998843	0.0	2220726	25	4.3
1527654998.46	4300	59.749599	0.0	2156729	24	4.3
1527655002.58	4300	59.747755	0.0	2039773	22	4.3
1527655006.69	4300	59.497924	0.0	2176469	25	4.3
1527655010.3	4300	59.999264	0.0	2221506	24	4.3
1527655014.41	4300	59.749591	0.0	2044075	19	4.3
1527655018.51	4300	59.749254	0.0	2186790	21	4.3
1527655022.62	4300	59.748905	0.0	2105231	22	4.3
1527655026.23	4300	59.999125	0.0	2395588	24	4.3
1527655030.33	4300	59.999188	0.0	1972048	18	4.3
1527655034.44	4300	59.749207	0.0	2134614	23	4.3
1527655038.55	4300	59.701828	0.0	2164140	23	4.3
1527655042.16	4300	59.999153	0.0	2113193	23	4.3
1527655046.27	4300	59.999463	0.0	2147852	22	4.3
1527655050.37	4300	59.998479	0.0	2191074	21	4.3
1527655054.48	4300	59.749667	0.0	2286761	25	4.3
1527655058.59	4300	59.747914	0.0	2307787	24	4.3
1527655062.2	4300	59.999224	0.0	2143948	24	4.3
1527655066.3	4300	59.998507	0.0	1919781	21	4.3
1527655070.42	4300	59.749275	0.0	2147467	25	4.3
1527655074.52	4300	59.749413	0.0	2133870	22	4.3
1527655078.63	4300	59.749475	0.0	2146120	23	4.3
1527655082.24	4300	59.998349	0.0	2108491	23	4.3
1527655086.34	4300	59.999324	0.0	2184571	21	4.3
1527655090.45	4300	59.748788	0.0	2121928	24	4.3
1527655094.56	4300	59.749571	0.0	2219102	24	4.3
1527655098.17	4300	59.998728	0.0	2124950	24	4.3
1527655102.27	4300	59.997885	0.0	2246506	22	4.3
1527655106.38	4300	59.998894	0.0	1961140	20	4.3
1527655110.49	4300	59.748849	0.0	2155012	23	4.3
1527655112.08	4300	59.928483	0.0	1433658	18	4.3

1527655112.27	750	4	0.012	668286	3	-0.05159999999999998
1527655112.38	4300	7.949463	0.0	2123065	16	0.75
1527655112.47	4300	11.854196	0.0	2177073	23	4.3
1527655112.57	4300	15.75951	0.0	2160877	24	4.3
1527655112.65	4300	19.678485	0.0	2233056	14	4.3
1527655112.73	4300	23.601021	0.0	1941625	15	4.3
1527655112.82	4300	27.504017	0.0	2157535	15	4.3
1527655112.92	4300	31.403121	0.0	2290172	28	4.3
1527655113.01	4300	35.312661	0.0	2055469	23	4.3
1527655113.09	4300	39.238667	0.0	2169201	13	4.3
1527655113.19	4300	43.138034	0.0	2173522	25	4.3
1527655113.29	4300	47.042896	0.0	2102452	22	4.3
1527655113.38	4300	50.950807	0.0	2209463	24	4.3
1527655113.47	4300	54.860098	0.0	2275376	24	4.3
1527655113.54	4300	58.786786	0.0	2005399	11	4.3
1527655116.71	4300	59.749408	0.0	2152483	25	4.3
1527655120.81	4300	59.748025	0.0	2289689	22	4.3
1527655124.42	4300	59.999185	0.0	2059512	25	4.3
1527655128.52	4300	59.99835	0.0	2220726	23	4.3
1527655132.63	4300	59.749225	0.0	2156729	24	4.3
1527655136.74	4300	59.749046	0.0	2039773	21	4.3
1527655140.35	4300	59.999281	0.0	2176469	23	4.3
1527655144.46	4300	59.998937	0.0	2221506	24	4.3
1527655148.56	4300	59.998592	0.0	2044075	20	4.3
1527655152.67	4300	59.748292	0.0	2186790	25	4.3
1527655156.78	4300	59.748661	0.0	2105231	22	4.3
1527655160.39	4300	59.998775	0.0	2395588	27	4.3
1527655164.49	4300	59.999062	0.0	1972048	21	4.3
1527655168.6	4300	59.748804	0.0	2134614	24	4.3
1527655172.7	4300	59.748648	0.0	2164140	24	4.3
1527655176.82	4300	59.748414	0.0	2113193	25	4.3
1527655180.42	4300	59.998617	0.0	2147852	25	4.3
1527655184.53	4300	59.99918	0.0	2191074	24	4.3
1527655188.64	4300	59.749283	0.0	2286761	24	4.3
1527655192.75	4300	59.749618	0.0	2307787	26	4.3
1527655196.36	4300	59.999472	0.0	2143948	25	4.3
1527655200.46	4300	59.999182	0.0	1919781	19	4.3
1527655205.08	4300	59.499651	0.0	2147467	24	4.3
1527655208.69	4300	59.748783	0.0	2133870	22	4.3
1527655212.8	4300	59.747726	0.0	2146120	22	4.3
1527655216.4	4300	59.999372	0.0	2108491	22	4.3
1527655220.51	4300	59.998938	0.0	2184571	24	4.3
1527655224.61	4300	59.748643	0.0	2121928	20	4.3
1527655228.73	4300	59.749102	0.0	2219102	25	4.3
1527655232.83	4300	59.670648	0.0	2124950	22	4.3
1527655236.44	4300	59.997986	0.0	2246506	23	4.3
