1527684451.38	750	4	0.011	450283	2	-0.04730000000000001
1527684451.53	4300	7.956137	0.0	2123065	15	0.75
1527684451.67	4300	11.819769	0.0	2177073	22	4.3
1527684451.81	4300	15.677636	0.0	2160877	22	4.3
1527684451.95	4300	19.532537	0.0	2233056	29	4.3
1527684452.1	4300	23.386266	0.0	1941625	23	4.3
1527684452.24	4300	27.249092	0.0	2157535	19	4.3
1527684452.38	4300	31.106254	0.0	2290172	27	4.3
1527684452.53	4300	34.961277	0.0	2055469	23	4.3
1527684452.66	4300	38.825036	0.0	2169201	18	4.3
1527684452.8	4300	42.686409	0.0	2173522	23	4.3
1527684452.95	4300	46.542539	0.0	2102452	25	4.3
1527684453.09	4300	50.394364	0.0	2209463	23	4.3
1527684453.23	4300	54.256416	0.0	2275376	18	4.3
1527684453.37	4300	58.118498	0.0	2005399	23	4.3
1527684455.53	4300	59.998738	0.0	2152483	39	4.3
1527684460.2	4300	59.498524	0.0	2289689	20	4.3
1527684463.89	4300	59.747605	0.0	2059512	25	4.3
1527684468.05	4300	59.499097	0.0	2220726	19	4.3
1527684471.7	4300	59.999404	0.0	2156729	25	4.3
1527684475.86	4300	59.749576	0.0	2039773	24	4.3
1527684479.51	4300	59.998171	0.0	2176469	19	4.3
1527684483.67	4300	59.99792	0.0	2221506	26	4.3
1527684487.83	4300	59.749572	0.0	2044075	23	4.3
1527684491.98	4300	59.748343	0.0	2186790	21	4.3
1527684496.14	4300	59.499016	0.0	2105231	24	4.3
1527684499.79	4300	59.749083	0.0	2395588	21	4.3
1527684503.94	4300	59.749639	0.0	1972048	21	4.3
1527684508.11	4300	59.498723	0.0	2134614	27	4.3
1527684511.76	4300	59.74866	0.0	2164140	23	4.3
1527684515.91	4300	59.749734	0.0	2113193	26	4.3
1527684519.56	4300	59.999155	0.0	2147852	20	4.3
1527684523.7	4300	59.998207	0.0	2191074	12	4.3
1527684527.94	4300	59.74908	0.0	2286761	22	4.3
1527684531.59	4300	59.99886	0.0	2307787	23	4.3
1527684535.75	4300	59.749443	0.0	2143948	23	4.3
1527684539.94	4300	59.749509	0.0	1919781	21	4.3
1527684544.09	4300	59.499629	0.0	2147467	21	4.3
1527684547.75	4300	59.749548	0.0	2133870	27	4.3
1527684551.91	4300	59.748297	0.0	2146120	26	4.3
1527684556.05	4300	59.499578	0.0	2108491	21	4.3
1527684559.7	4300	59.999449	0.0	2184571	20	4.3
1527684563.86	4300	59.749541	0.0	2121928	25	4.3
1527684568.03	4300	59.49931	0.0	2219102	27	4.3
1527684571.68	4300	59.999458	0.0	2124950	21	4.3
1527684575.83	4300	59.747829	0.0	2246506	28	4.3
1527684579.95	4300	59.749584	0.0	1961140	22	4.3
1527684584.09	4300	59.499094	0.0	2155012	26	4.3
1527684585.7	4300	59.679132	0.0	1433658	17	4.3

1527684585.92	750	4	0.011	668286	2	-0.04730000000000001
1527684586.07	4300	7.951494	0.0	2123065	14	0.75
1527684586.21	4300	11.813834	0.0	2177073	23	4.3
1527684586.35	4300	15.671112	0.0	2160877	23	4.3
1527684586.5	4300	19.529807	0.0	2233056	14	4.3
1527684586.63	4300	23.3941	0.0	1941625	20	4.3
1527684586.86	4300	27.241824	0.0	2157535	22	4.3
1527684587.27	4300	30.973842	0.0	2290172	23	4.3
1527684587.56	4300	34.616335	0.0	2055469	24	4.3
1527684587.76	4300	38.323228	0.0	2169201	25	4.3
1527684588.05	4300	42.075408	0.0	2173522	23	4.3
1527684588.37	4300	45.783088	0.0	2102452	25	4.3
1527684588.65	4300	49.477527	0.0	2209463	27	4.3
1527684588.9	4300	53.232385	0.0	2275376	24	4.3
1527684589.25	4300	56.930236	0.0	2005399	43	4.3
1527684590.45	4300	59.748619	0.0	2152483	24	4.3
1527684594.1	4300	59.998852	0.0	2289689	24	4.3
1527684598.33	4300	59.748009	0.0	2059512	19	4.3
1527684602.49	4300	59.749145	0.0	2220726	26	4.3
1527684606.24	4300	59.998545	0.0	2156729	23	4.3
1527684610.39	4300	59.748166	0.0	2039773	20	4.3
1527684614.03	4300	59.999179	0.0	2176469	18	4.3
1527684618.19	4300	59.998802	0.0	2221506	22	4.3
1527684622.33	4300	59.748543	0.0	2044075	18	4.3
1527684626.49	4300	59.748355	0.0	2186790	28	4.3
1527684630.13	4300	59.999087	0.0	2105231	20	4.3
1527684634.29	4300	59.748777	0.0	2395588	30	4.3
1527684638.44	4300	59.74856	0.0	1972048	20	4.3
1527684642.09	4300	59.997535	0.0	2134614	22	4.3
1527684646.24	4300	59.999197	0.0	2164140	20	4.3
1527684650.4	4300	59.747641	0.0	2113193	22	4.3
1527684654.04	4300	59.998933	0.0	2147852	21	4.3
1527684658.2	4300	59.999094	0.0	2191074	24	4.3
1527684662.35	4300	59.748915	0.0	2286761	21	4.3
1527684666.51	4300	59.748953	0.0	2307787	27	4.3
1527684670.17	4300	59.998482	0.0	2143948	20	4.3
1527684674.31	4300	59.748572	0.0	1919781	21	4.3
1527684678.46	4300	59.749057	0.0	2147467	20	4.3
1527684682.12	4300	59.999317	0.0	2133870	26	4.3
1527684686.28	4300	59.999069	0.0	2146120	25	4.3
1527684690.54	4300	59.749059	0.0	2108491	23	4.3
1527684694.2	4300	59.998373	0.0	2184571	21	4.3
1527684698.37	4300	59.749078	0.0	2121928	24	4.3
1527684702.52	4300	59.748918	0.0	2219102	22	4.3
