1528147103.3	750	4	0.017	450283	2	-0.07309999999999994
1528147103.46	4300	7.945881	0.0	2123065	23	0.75
1528147103.61	4300	11.799857	0.0	2177073	25	4.3
1528147103.75	4300	15.662855	0.0	2160877	14	4.3
1528147103.88	4300	19.521059	0.0	2233056	21	4.3
1528147104.03	4300	23.379689	0.0	1941625	23	4.3
1528147104.17	4300	27.23222	0.0	2157535	26	4.3
1528147104.31	4300	31.09928	0.0	2290172	19	4.3
1528147104.45	4300	34.960901	0.0	2055469	23	4.3
1528147104.59	4300	38.813524	0.0	2169201	24	4.3
1528147104.74	4300	42.675032	0.0	2173522	16	4.3
1528147104.88	4300	46.53091	0.0	2102452	21	4.3
1528147105.02	4300	50.384449	0.0	2209463	24	4.3
1528147105.17	4300	54.24002	0.0	2275376	25	4.3
1528147105.31	4300	58.096038	0.0	2005399	21	4.3
1528147107.46	4300	59.999436	0.0	2152483	9	4.3
1528147112.18	4300	59.499343	0.0	2289689	24	4.3
1528147115.84	4300	59.749623	0.0	2059512	19	4.3
1528147120.09	4300	59.498992	0.0	2220726	22	4.3
1528147123.76	4300	59.749439	0.0	2156729	24	4.3
1528147127.91	4300	59.499308	0.0	2039773	18	4.3
1528147131.56	4300	59.999473	0.0	2176469	24	4.3
1528147135.71	4300	59.749706	0.0	2221506	20	4.3
1528147139.87	4300	59.748747	0.0	2044075	23	4.3
1528147143.52	4300	59.999	0.0	2186790	21	4.3
1528147147.66	4300	59.749052	0.0	2105231	13	4.3
1528147151.82	4300	59.74776	0.0	2395588	27	4.3
1528147155.48	4300	59.999425	0.0	1972048	21	4.3
1528147159.64	4300	59.998274	0.0	2134614	23	4.3
1528147163.79	4300	59.749581	0.0	2164140	21	4.3
1528147167.45	4300	59.998118	0.0	2113193	24	4.3
1528147171.61	4300	59.998026	0.0	2147852	24	4.3
1528147175.76	4300	59.74894	0.0	2191074	21	4.3
1528147179.42	4300	59.999085	0.0	2286761	25	4.3
1528147184.09	4300	59.499806	0.0	2307787	25	4.3
1528147187.75	4300	59.749034	0.0	2143948	21	4.3
1528147191.91	4300	59.498951	0.0	1919781	21	4.3
1528147195.56	4300	59.999151	0.0	2147467	25	4.3
1528147199.69	4300	59.749128	0.0	2133870	11	4.3
1528147203.86	4300	59.749693	0.0	2146120	19	4.3
1528147207.51	4300	59.998659	0.0	2108491	21	4.3
1528147211.66	4300	59.749258	0.0	2184571	23	4.3
1528147215.81	4300	59.747984	0.0	2121928	19	4.3
1528147219.97	4300	59.499523	0.0	2219102	24	4.3
1528147223.62	4300	59.999238	0.0	2124950	18	4.3
1528147227.78	4300	59.749015	0.0	2246506	24	4.3
1528147231.42	4300	59.999346	0.0	1961140	24	4.3
1528147236.05	4300	59.499544	0.0	2155012	24	4.3
1528147237.66	4300	59.679506	0.0	1433658	16	4.3

1528147237.88	750	4	0.013	668286	1	-0.05589999999999995
1528147238.03	4300	7.952533	0.0	2123065	16	0.75
1528147238.2	4300	11.781723	0.0	2177073	24	4.3
1528147238.34	4300	15.633553	0.0	2160877	23	4.3
1528147238.49	4300	19.487544	0.0	2233056	27	4.3
1528147238.64	4300	23.342103	0.0	1941625	25	4.3
1528147238.77	4300	27.207336	0.0	2157535	17	4.3
1528147238.91	4300	31.065825	0.0	2290172	25	4.3
1528147239.06	4300	34.922776	0.0	2055469	23	4.3
1528147239.2	4300	38.775641	0.0	2169201	22	4.3
1528147239.35	4300	42.625629	0.0	2173522	25	4.3
1528147239.51	4300	46.47076	0.0	2102452	25	4.3
1528147239.66	4300	50.324186	0.0	2209463	24	4.3
1528147239.81	4300	54.174164	0.0	2275376	25	4.3
1528147239.96	4300	58.023432	0.0	2005399	25	4.3
1528147242.13	4300	59.999059	0.0	2152483	11	4.3
1528147246.28	4300	59.747474	0.0	2289689	27	4.3
1528147250.43	4300	59.748733	0.0	2059512	18	4.3
1528147254.08	4300	59.998115	0.0	2220726	17	4.3
1528147258.23	4300	59.999135	0.0	2156729	22	4.3
1528147262.38	4300	59.748957	0.0	2039773	18	4.3
1528147266.03	4300	59.999444	0.0	2176469	23	4.3
1528147270.19	4300	59.998772	0.0	2221506	24	4.3
1528147274.36	4300	59.749372	0.0	2044075	23	4.3
1528147278.01	4300	59.99855	0.0	2186790	23	4.3
1528147282.16	4300	59.999356	0.0	2105231	25	4.3
1528147286.32	4300	59.749353	0.0	2395588	22	4.3
1528147290.48	4300	59.748734	0.0	1972048	23	4.3
1528147294.13	4300	59.998683	0.0	2134614	19	4.3
1528147298.28	4300	59.748843	0.0	2164140	21	4.3
1528147302.44	4300	59.74941	0.0	2113193	22	4.3
1528147306.1	4300	59.998074	0.0	2147852	21	4.3
1528147310.25	4300	59.748571	0.0	2191074	23	4.3
1528147314.41	4300	59.748063	0.0	2286761	26	4.3
1528147318.06	4300	59.998184	0.0	2307787	24	4.3
1528147322.21	4300	59.997696	0.0	2143948	24	4.3
1528147326.36	4300	59.749451	0.0	1919781	18	4.3
1528147330.02	4300	59.999373	0.0	2147467	24	4.3
1528147334.19	4300	59.999383	0.0	2133870	24	4.3
1528147338.35	4300	59.749217	0.0	2146120	24	4.3
1528147342.0	4300	59.99941	0.0	2108491	21	4.3
1528147346.16	4300	59.999231	0.0	2184571	26	4.3
1528147350.32	4300	59.748849	0.0	2121928	24	4.3
1528147353.99	4300	59.999213	0.0	2219102	24	4.3
1528147358.15	4300	59.999366	0.0	2124950	22	4.3
1528147362.3	4300	59.749306	0.0	2246506	27	4.3
1528147366.43	4300	59.748989	0.0	1961140	20	4.3
1528147370.07	4300	59.997474	0.0	2155012	24	4.3
1528147372.18	4300	59.679459	0.0	1433658	14	4.3

1528147372.48	750	4	0.02	668286	5	-0.08599999999999997
1528147372.63	4300	7.949126	0.0	2123065	17	0.75
1528147372.78	4300	11.803532	0.0	2177073	23	4.3
1528147372.92	4300	15.657007	0.0	2160877	25	4.3
1528147373.07	4300	19.50929	0.0	2233056	28	4.3
1528147373.22	4300	23.361996	0.0	1941625	23	4.3
1528147373.37	4300	27.211246	0.0	2157535	25	4.3
1528147373.52	4300	31.060518	0.0	2290172	27	4.3
1528147373.67	4300	34.910498	0.0	2055469	24	4.3
1528147373.82	4300	38.761793	0.0	2169201	24	4.3
1528147373.97	4300	42.60581	0.0	2173522	24	4.3
1528147374.12	4300	46.460597	0.0	2102452	23	4.3
1528147374.27	4300	50.307825	0.0	2209463	27	4.3
1528147374.42	4300	54.160151	0.0	2275376	25	4.3
1528147374.55	4300	58.026801	0.0	2005399	17	4.3
1528147376.71	4300	59.998829	0.0	2152483	8	4.3
1528147380.87	4300	59.748858	0.0	2289689	25	4.3
1528147385.04	4300	59.748194	0.0	2059512	23	4.3
1528147389.21	4300	59.498775	0.0	2220726	25	4.3
1528147392.86	4300	59.748728	0.0	2156729	18	4.3
1528147397.01	4300	59.749003	0.0	2039773	19	4.3
1528147400.67	4300	59.999385	0.0	2176469	24	4.3
1528147404.83	4300	59.99923	0.0	2221506	24	4.3
1528147408.98	4300	59.749637	0.0	2044075	22	4.3
1528147412.64	4300	59.997896	0.0	2186790	22	4.3
1528147417.3	4300	59.497962	0.0	2105231	25	4.3
1528147420.96	4300	59.748154	0.0	2395588	25	4.3
