1527676609.62	750	4	0.012	450283	3	-0.05159999999999998
1527676609.76	4300	7.955945	0.0	2123065	15	0.75
1527676609.85	4300	11.866816	0.0	2177073	17	4.3
1527676609.95	4300	15.769649	0.0	2160877	25	4.3
1527676610.03	4300	19.687228	0.0	2233056	14	4.3
1527676610.11	4300	23.608234	0.0	1941625	14	4.3
1527676610.2	4300	27.517921	0.0	2157535	19	4.3
1527676610.3	4300	31.413969	0.0	2290172	27	4.3
1527676610.39	4300	35.332963	0.0	2055469	13	4.3
1527676610.48	4300	39.233723	0.0	2169201	25	4.3
1527676610.58	4300	43.138922	0.0	2173522	25	4.3
1527676610.66	4300	47.057156	0.0	2102452	12	4.3
1527676610.75	4300	50.969504	0.0	2209463	19	4.3
1527676610.85	4300	54.87448	0.0	2275376	25	4.3
1527676610.92	4300	58.792078	0.0	2005399	15	4.3
1527676614.04	4300	59.748013	0.0	2152483	24	4.3
1527676618.16	4300	59.749286	0.0	2289689	24	4.3
1527676621.76	4300	59.999032	0.0	2059512	24	4.3
1527676625.87	4300	59.998573	0.0	2220726	23	4.3
1527676629.94	4300	59.999209	0.0	2156729	6	4.3
1527676634.05	4300	59.748645	0.0	2039773	24	4.3
1527676638.16	4300	59.749261	0.0	2176469	23	4.3
1527676641.78	4300	59.999259	0.0	2221506	25	4.3
1527676645.88	4300	59.998793	0.0	2044075	21	4.3
1527676649.99	4300	59.748073	0.0	2186790	23	4.3
1527676654.1	4300	59.748984	0.0	2105231	26	4.3
1527676658.21	4300	59.747498	0.0	2395588	26	4.3
1527676661.82	4300	59.997828	0.0	1972048	10	4.3
1527676666.06	4300	59.999252	0.0	2134614	19	4.3
1527676670.19	4300	59.663842	0.0	2164140	24	4.3
1527676673.79	4300	59.999356	0.0	2113193	20	4.3
1527676677.89	4300	59.998947	0.0	2147852	22	4.3
1527676682.0	4300	59.748509	0.0	2191074	26	4.3
1527676686.11	4300	59.749335	0.0	2286761	26	4.3
1527676690.22	4300	59.7481	0.0	2307787	25	4.3
1527676693.83	4300	59.998802	0.0	2143948	23	4.3
1527676697.93	4300	59.997603	0.0	1919781	21	4.3
1527676702.04	4300	59.748765	0.0	2147467	24	4.3
1527676706.15	4300	59.748059	0.0	2133870	25	4.3
1527676709.75	4300	59.998714	0.0	2146120	24	4.3
1527676713.85	4300	59.999403	0.0	2108491	22	4.3
1527676717.97	4300	59.998563	0.0	2184571	23	4.3
1527676722.08	4300	59.748978	0.0	2121928	22	4.3
1527676726.19	4300	59.749071	0.0	2219102	25	4.3
1527676729.79	4300	59.998446	0.0	2124950	23	4.3
1527676733.91	4300	59.998678	0.0	2246506	24	4.3
1527676738.01	4300	59.748916	0.0	1961140	21	4.3
1527676742.12	4300	59.748669	0.0	2155012	23	4.3
1527676743.72	4300	59.927647	0.0	1433658	17	4.3

1527676743.93	750	4	0.013	668286	1	-0.05589999999999995
1527676744.03	4300	7.956963	0.0	2123065	12	0.75
1527676744.13	4300	11.858312	0.0	2177073	23	4.3
1527676744.23	4300	15.764022	0.0	2160877	24	4.3
1527676744.32	4300	19.667177	0.0	2233056	24	4.3
1527676744.42	4300	23.571919	0.0	1941625	23	4.3
1527676744.51	4300	27.479732	0.0	2157535	19	4.3
1527676744.61	4300	31.376318	0.0	2290172	27	4.3
1527676744.7	4300	35.287604	0.0	2055469	23	4.3
1527676744.8	4300	39.192989	0.0	2169201	24	4.3
1527676744.89	4300	43.099053	0.0	2173522	22	4.3
1527676744.98	4300	47.010861	0.0	2102452	21	4.3
1527676745.07	4300	50.918807	0.0	2209463	21	4.3
1527676745.17	4300	54.822803	0.0	2275376	20	4.3
1527676745.27	4300	58.721314	0.0	2005399	23	4.3
1527676748.37	4300	59.747966	0.0	2152483	27	4.3
1527676752.48	4300	59.749199	0.0	2289689	21	4.3
1527676756.58	4300	59.498336	0.0	2059512	21	4.3
1527676760.19	4300	59.99829	0.0	2220726	27	4.3
1527676764.29	4300	59.749338	0.0	2156729	25	4.3
1527676768.4	4300	59.748477	0.0	2039773	23	4.3
1527676772.01	4300	59.999351	0.0	2176469	26	4.3
1527676776.11	4300	59.999019	0.0	2221506	22	4.3
1527676780.42	4300	59.998872	0.0	2044075	21	4.3
1527676784.16	4300	59.999318	0.0	2186790	25	4.3
1527676788.26	4300	59.748979	0.0	2105231	23	4.3
1527676792.37	4300	59.749027	0.0	2395588	26	4.3
1527676796.48	4300	59.748677	0.0	1972048	21	4.3
1527676800.59	4300	59.499667	0.0	2134614	26	4.3
1527676804.2	4300	59.998213	0.0	2164140	25	4.3
1527676808.3	4300	59.749042	0.0	2113193	23	4.3
1527676812.41	4300	59.748797	0.0	2147852	26	4.3
1527676816.52	4300	59.498789	0.0	2191074	24	4.3
1527676820.13	4300	59.998133	0.0	2286761	25	4.3
1527676824.24	4300	59.999155	0.0	2307787	23	4.3
1527676828.35	4300	59.749751	0.0	2143948	23	4.3
1527676832.53	4300	59.747627	0.0	1919781	21	4.3
1527676836.63	4300	59.498812	0.0	2147467	14	4.3
1527676840.24	4300	59.998783	0.0	2133870	21	4.3
1527676844.36	4300	59.749342	0.0	2146120	24	4.3
1527676848.46	4300	59.749182	0.0	2108491	24	4.3
1527676852.07	4300	59.999049	0.0	2184571	24	4.3
1527676856.18	4300	59.998545	0.0	2121928	25	4.3
1527676860.29	4300	59.74935	0.0	2219102	26	4.3
1527676864.4	4300	59.747741	0.0	2124950	22	4.3
1527676868.01	4300	59.999181	0.0	2246506	24	4.3
1527676872.11	4300	59.99897	0.0	1961140	20	4.3
1527676876.23	4300	59.999432	0.0	2155012	25	4.3
1527676877.82	4300	59.928286	0.0	1433658	18	4.3

1527676878.04	750	4	0.015	668286	3	-0.0645
1527676878.15	4300	7.948352	0.0	2123065	22	0.75
1527676878.24	4300	11.857408	0.0	2177073	23	4.3
1527676878.32	4300	15.778282	0.0	2160877	12	4.3
1527676878.42	4300	19.676992	0.0	2233056	25	4.3
1527676878.49	4300	23.60678	0.0	1941625	9	4.3
1527676878.57	4300	27.527859	0.0	2157535	12	4.3
1527676878.63	4300	31.46159	0.0	2290172	7	4.3
1527676878.72	4300	35.374427	0.0	2055469	19	4.3
1527676878.81	4300	39.283173	0.0	2169201	20	4.3
1527676878.9	4300	43.192949	0.0	2173522	19	4.3
1527676878.99	4300	47.103598	0.0	2102452	20	4.3
1527676879.08	4300	51.011247	0.0	2209463	21	4.3
1527676879.18	4300	54.91987	0.0	2275376	21	4.3
1527676879.27	4300	58.829179	0.0	2005399	20	4.3
1527676882.37	4300	59.748671	0.0	2152483	18	4.3
1527676886.48	4300	59.748639	0.0	2289689	25	4.3
1527676890.59	4300	59.747747	0.0	2059512	24	4.3
1527676894.21	4300	59.999208	0.0	2220726	24	4.3
1527676898.31	4300	59.998769	0.0	2156729	21	4.3
1527676902.42	4300	59.747836	0.0	2039773	20	4.3
1527676906.52	4300	59.749126	0.0	2176469	25	4.3
1527676910.14	4300	59.998702	0.0	2221506	25	4.3
1527676914.24	4300	59.998661	0.0	2044075	21	4.3
1527676918.35	4300	59.998658	0.0	2186790	22	4.3
1527676922.46	4300	59.748888	0.0	2105231	22	4.3
1527676926.57	4300	59.749316	0.0	2395588	24	4.3
1527676930.18	4300	59.99871	0.0	1972048	21	4.3
1527676934.28	4300	59.998596	0.0	2134614	20	4.3
1527676938.39	4300	59.748759	0.0	2164140	25	4.3
1527676942.5	4300	59.748564	0.0	2113193	22	4.3
1527676946.1	4300	59.998994	0.0	2147852	24	4.3
1527676950.21	4300	59.999372	0.0	2191074	22	4.3
1527676954.32	4300	59.997721	0.0	2286761	24	4.3
1527676958.43	4300	59.747591	0.0	2307787	27	4.3
1527676962.54	4300	59.747926	0.0	2143948	23	4.3
1527676966.14	4300	59.99752	0.0	1919781	23	4.3
1527676970.24	4300	59.998637	0.0	2147467	24	4.3
1527676974.36	4300	59.748999	0.0	2133870	23	4.3
