1527726358.65	750	4	0.024	2354772	10	-0.10319999999999996
1527726358.79	4300	7.966601	0.0	2123065	19	0.75
1527726358.93	4300	11.825105	0.0	2177073	26	4.3
1527726359.08	4300	15.676323	0.0	2160877	23	4.3
1527726359.23	4300	19.528124	0.0	2233056	25	4.3
1527726359.37	4300	23.382546	0.0	1941625	23	4.3
1527726359.5	4300	27.259395	0.0	2157535	14	4.3
1527726359.64	4300	31.120607	0.0	2290172	18	4.3
1527726359.77	4300	34.982453	0.0	2055469	20	4.3
1527726359.9	4300	38.859553	0.0	2169201	12	4.3
1527726360.04	4300	42.713642	0.0	2173522	26	4.3
1527726360.19	4300	46.568639	0.0	2102452	23	4.3
1527726360.34	4300	50.416754	0.0	2209463	31	4.3
1527726360.48	4300	54.281134	0.0	2275376	10	4.3
1527726360.61	4300	58.142817	0.0	2005399	22	4.3
1527726363.25	4300	59.748359	0.0	2152483	14	4.3
1527726366.9	4300	59.997869	0.0	2289689	18	4.3
1527726371.05	4300	59.749131	0.0	2059512	21	4.3
1527726375.22	4300	59.748986	0.0	2220726	25	4.3
1527726378.86	4300	59.999394	0.0	2156729	17	4.3
1527726383.03	4300	59.749139	0.0	2039773	20	4.3
1527726387.19	4300	59.749179	0.0	2176469	26	4.3
1527726391.35	4300	59.498651	0.0	2221506	27	4.3
1527726395.01	4300	59.998908	0.0	2044075	22	4.3
1527726399.16	4300	59.747824	0.0	2186790	20	4.3
1527726402.82	4300	59.998529	0.0	2105231	27	4.3
1527726407.07	4300	59.999329	0.0	2395588	31	4.3
1527726411.21	4300	59.748444	0.0	1972048	14	4.3
1527726414.86	4300	59.998202	0.0	2134614	20	4.3
1527726419.03	4300	59.749275	0.0	2164140	23	4.3
1527726423.18	4300	59.748106	0.0	2113193	26	4.3
1527726426.83	4300	59.999196	0.0	2147852	19	4.3
1527726430.99	4300	59.997643	0.0	2191074	21	4.3
1527726435.18	4300	59.747809	0.0	2286761	28	4.3
1527726438.83	4300	59.999243	0.0	2307787	19	4.3
1527726442.99	4300	59.999438	0.0	2143948	25	4.3
1527726447.15	4300	59.74805	0.0	1919781	23	4.3
1527726450.8	4300	59.998655	0.0	2147467	23	4.3
1527726455.45	4300	59.498968	0.0	2133870	25	4.3
1527726459.11	4300	59.748608	0.0	2146120	21	4.3
1527726463.26	4300	59.748877	0.0	2108491	24	4.3
1527726466.93	4300	59.999185	0.0	2184571	25	4.3
1527726471.09	4300	59.749132	0.0	2121928	25	4.3
1527726475.26	4300	59.747937	0.0	2219102	25	4.3
1527726478.91	4300	59.997678	0.0	2124950	19	4.3
1527726483.06	4300	59.748628	0.0	2246506	26	4.3
1527726487.2	4300	59.748903	0.0	1961140	20	4.3
1527726490.81	4300	59.998519	0.0	2155012	12	4.3
1527726492.91	4300	59.677797	0.0	1433658	14	4.3

1527726493.13	750	4	0.015	668286	2	-0.0645
1527726493.28	4300	7.955613	0.0	2123065	18	0.75
1527726493.42	4300	11.816844	0.0	2177073	20	4.3
1527726493.55	4300	15.685114	0.0	2160877	13	4.3
1527726493.68	4300	19.555098	0.0	2233056	14	4.3
1527726493.8	4300	23.433429	0.0	1941625	12	4.3
1527726493.92	4300	27.311809	0.0	2157535	14	4.3
1527726494.04	4300	31.189158	0.0	2290172	14	4.3
1527726494.15	4300	35.078816	0.0	2055469	7	4.3
1527726494.3	4300	38.937454	0.0	2169201	15	4.3
1527726494.42	4300	42.81507	0.0	2173522	12	4.3
1527726494.54	4300	46.695958	0.0	2102452	11	4.3
1527726494.66	4300	50.572166	0.0	2209463	11	4.3
1527726494.79	4300	54.444646	0.0	2275376	11	4.3
1527726494.92	4300	58.316407	0.0	2005399	17	4.3
1527726497.64	4300	59.749327	0.0	2152483	11	4.3
1527726501.29	4300	59.999324	0.0	2289689	21	4.3
1527726505.94	4300	59.499486	0.0	2059512	25	4.3
1527726509.59	4300	59.748701	0.0	2220726	25	4.3
1527726513.75	4300	59.499068	0.0	2156729	26	4.3
1527726517.43	4300	59.998299	0.0	2039773	19	4.3
1527726521.59	4300	59.749169	0.0	2176469	25	4.3
1527726525.74	4300	59.49952	0.0	2221506	19	4.3
1527726529.39	4300	59.997713	0.0	2044075	24	4.3
1527726533.55	4300	59.748095	0.0	2186790	27	4.3
1527726537.71	4300	59.748799	0.0	2105231	20	4.3
1527726541.36	4300	59.998303	0.0	2395588	29	4.3
1527726545.52	4300	59.74847	0.0	1972048	25	4.3
1527726549.67	4300	59.747904	0.0	2134614	20	4.3
1527726553.33	4300	59.999106	0.0	2164140	26	4.3
1527726557.99	4300	59.24945	0.0	2113193	23	4.3
1527726561.64	4300	59.748449	0.0	2147852	25	4.3
1527726565.29	4300	59.999024	0.0	2191074	15	4.3
1527726569.95	4300	59.499	0.0	2286761	23	4.3
1527726573.6	4300	59.749555	0.0	2307787	19	4.3
1527726577.25	4300	59.999445	0.0	2143948	21	4.3
1527726581.9	4300	59.498778	0.0	1919781	21	4.3
1527726585.56	4300	59.747686	0.0	2147467	24	4.3
1527726589.71	4300	59.749615	0.0	2133870	26	4.3
1527726593.36	4300	59.999334	0.0	2146120	20	4.3
1527726597.52	4300	59.748867	0.0	2108491	26	4.3
1527726601.71	4300	59.749199	0.0	2184571	27	4.3
1527726605.87	4300	59.499102	0.0	2121928	21	4.3
1527726609.53	4300	59.749097	0.0	2219102	27	4.3
1527726613.69	4300	59.749262	0.0	2124950	26	4.3
1527726617.33	4300	59.999464	0.0	2246506	23	4.3
1527726621.48	4300	59.999036	0.0	1961140	23	4.3
1527726625.6	4300	59.748547	0.0	2155012	21	4.3
1527726627.2	4300	59.929396	0.0	1433658	15	4.3

1527726627.45	750	4	0.019	668286	3	-0.0817
1527726627.6	4300	7.953377	0.0	2123065	17	0.75
1527726627.73	4300	11.828117	0.0	2177073	14	4.3
1527726627.85	4300	15.698247	0.0	2160877	13	4.3
1527726627.97	4300	19.581586	0.0	2233056	8	4.3
1527726628.08	4300	23.469925	0.0	1941625	7	4.3
1527726628.2	4300	27.354951	0.0	2157535	8	4.3
1527726628.31	4300	31.238674	0.0	2290172	7	4.3
1527726628.46	4300	35.095998	0.0	2055469	24	4.3
1527726628.6	4300	38.946981	0.0	2169201	27	4.3
1527726628.78	4300	42.775235	0.0	2173522	24	4.3
1527726628.93	4300	46.620032	0.0	2102452	26	4.3
1527726629.08	4300	50.468795	0.0	2209463	25	4.3
1527726629.23	4300	54.320353	0.0	2275376	28	4.3
1527726629.39	4300	58.16529	0.0	2005399	25	4.3
1527726632.02	4300	59.749262	0.0	2152483	17	4.3
1527726635.68	4300	59.998619	0.0	2289689	27	4.3
1527726639.85	4300	59.749442	0.0	2059512	25	4.3
1527726644.01	4300	59.749036	0.0	2220726	24	4.3
1527726648.16	4300	59.499296	0.0	2156729	19	4.3
1527726651.85	4300	59.749581	0.0	2039773	23	4.3
1527726656.01	4300	59.749594	0.0	2176469	25	4.3
1527726659.67	4300	59.999203	0.0	2221506	19	4.3
1527726663.82	4300	59.748219	0.0	2044075	25	4.3
1527726667.97	4300	59.749783	0.0	2186790	21	4.3
1527726671.61	4300	59.997894	0.0	2105231	14	4.3
1527726675.77	4300	59.997695	0.0	2395588	23	4.3
1527726679.92	4300	59.749103	0.0	1972048	22	4.3
1527726684.07	4300	59.498533	0.0	2134614	20	4.3
1527726687.71	4300	59.998813	0.0	2164140	18	4.3
1527726691.86	4300	59.749521	0.0	2113193	23	4.3
1527726696.01	4300	59.748545	0.0	2147852	16	4.3
1527726699.67	4300	59.998885	0.0	2191074	27	4.3
1527726703.82	4300	59.749429	0.0	2286761	20	4.3
1527726707.98	4300	59.748189	0.0	2307787	27	4.3
1527726712.14	4300	59.499602	0.0	2143948	24	4.3
1527726716.29	4300	59.498868	0.0	1919781	22	4.3
1527726719.93	4300	59.749405	0.0	2147467	19	4.3
1527726723.59	4300	59.999022	0.0	2133870	25	4.3
1527726727.75	4300	59.998786	0.0	2146120	28	4.3
1527726731.92	4300	59.748081	0.0	2108491	25	4.3
