1527790167.71	750	4	0.026	2354772	9	-0.11180000000000001
1527790167.84	4300	7.964805	0.0	2123065	19	0.75
1527790167.99	4300	11.81926	0.0	2177073	27	4.3
1527790168.14	4300	15.670791	0.0	2160877	23	4.3
1527790168.28	4300	19.52386	0.0	2233056	23	4.3
1527790168.41	4300	23.395653	0.0	1941625	15	4.3
1527790168.54	4300	27.26951	0.0	2157535	16	4.3
1527790168.67	4300	31.13881	0.0	2290172	18	4.3
1527790168.79	4300	35.013119	0.0	2055469	14	4.3
1527790168.91	4300	38.896387	0.0	2169201	8	4.3
1527790169.03	4300	42.782834	0.0	2173522	8	4.3
1527790169.16	4300	46.644072	0.0	2102452	21	4.3
1527790169.3	4300	50.505503	0.0	2209463	13	4.3
1527790169.46	4300	54.360628	0.0	2275376	18	4.3
1527790169.6	4300	58.206299	0.0	2005399	20	4.3
1527790172.24	4300	59.749611	0.0	2152483	19	4.3
1527790176.41	4300	59.498086	0.0	2289689	28	4.3
1527790180.1	4300	59.74842	0.0	2059512	17	4.3
1527790184.28	4300	59.747917	0.0	2220726	23	4.3
1527790187.94	4300	59.998489	0.0	2156729	26	4.3
1527790192.1	4300	59.748061	0.0	2039773	20	4.3
1527790196.23	4300	59.748915	0.0	2176469	7	4.3
1527790199.88	4300	59.998368	0.0	2221506	25	4.3
1527790204.05	4300	59.998167	0.0	2044075	17	4.3
1527790208.21	4300	59.747912	0.0	2186790	26	4.3
1527790211.86	4300	59.99933	0.0	2105231	20	4.3
1527790216.02	4300	59.997915	0.0	2395588	25	4.3
1527790220.17	4300	59.748019	0.0	1972048	15	4.3
1527790223.85	4300	59.998917	0.0	2134614	27	4.3
1527790228.05	4300	59.997807	0.0	2164140	26	4.3
1527790232.19	4300	59.749001	0.0	2113193	18	4.3
1527790235.85	4300	59.999132	0.0	2147852	26	4.3
1527790240.01	4300	59.999067	0.0	2191074	26	4.3
1527790244.16	4300	59.749535	0.0	2286761	18	4.3
1527790247.82	4300	59.999345	0.0	2307787	28	4.3
1527790251.99	4300	59.99885	0.0	2143948	26	4.3
1527790256.15	4300	59.748061	0.0	1919781	23	4.3
1527790260.32	4300	59.748587	0.0	2147467	20	4.3
1527790264.48	4300	59.498912	0.0	2133870	22	4.3
1527790268.12	4300	59.749588	0.0	2146120	14	4.3
1527790272.29	4300	59.749333	0.0	2108491	24	4.3
1527790275.94	4300	59.998926	0.0	2184571	22	4.3
1527790280.09	4300	59.749183	0.0	2121928	26	4.3
1527790284.25	4300	59.748633	0.0	2219102	22	4.3
1527790287.91	4300	59.999241	0.0	2124950	20	4.3
1527790292.06	4300	59.998476	0.0	2246506	27	4.3
1527790296.2	4300	59.749117	0.0	1961140	22	4.3
1527790300.33	4300	59.499347	0.0	2155012	22	4.3
1527790301.94	4300	59.678599	0.0	1433658	18	4.3

1527790302.17	750	4	0.014	668286	3	-0.06020000000000003
1527790302.32	4300	7.954406	0.0	2123065	12	0.75
1527790302.43	4300	11.844245	0.0	2177073	5	4.3
1527790302.54	4300	15.733588	0.0	2160877	8	4.3
1527790302.67	4300	19.605275	0.0	2233056	10	4.3
1527790302.78	4300	23.495158	0.0	1941625	8	4.3
1527790302.92	4300	27.35566	0.0	2157535	17	4.3
1527790303.05	4300	31.219393	0.0	2290172	20	4.3
1527790303.18	4300	35.096999	0.0	2055469	12	4.3
1527790303.42	4300	38.959226	0.0	2169201	12	4.3
1527790303.56	4300	42.718821	0.0	2173522	21	4.3
1527790303.7	4300	46.581092	0.0	2102452	20	4.3
1527790303.83	4300	50.441035	0.0	2209463	24	4.3
1527790303.98	4300	54.295109	0.0	2275376	25	4.3
1527790304.12	4300	58.149871	0.0	2005399	24	4.3
1527790306.82	4300	59.747511	0.0	2152483	18	4.3
1527790310.52	4300	59.998616	0.0	2289689	13	4.3
1527790314.68	4300	59.747641	0.0	2059512	24	4.3
1527790318.33	4300	59.998516	0.0	2220726	22	4.3
1527790322.48	4300	59.99815	0.0	2156729	26	4.3
1527790326.64	4300	59.748441	0.0	2039773	20	4.3
1527790330.29	4300	59.998418	0.0	2176469	27	4.3
1527790334.45	4300	59.997887	0.0	2221506	25	4.3
1527790338.6	4300	59.748173	0.0	2044075	21	4.3
1527790342.76	4300	59.748671	0.0	2186790	25	4.3
1527790346.42	4300	59.998008	0.0	2105231	18	4.3
1527790350.57	4300	59.748796	0.0	2395588	24	4.3
1527790354.73	4300	59.748373	0.0	1972048	25	4.3
1527790358.38	4300	59.998725	0.0	2134614	23	4.3
1527790362.54	4300	59.748223	0.0	2164140	24	4.3
1527790366.68	4300	59.748896	0.0	2113193	18	4.3
1527790370.35	4300	59.998237	0.0	2147852	25	4.3
1527790374.51	4300	59.998957	0.0	2191074	23	4.3
1527790378.67	4300	59.748539	0.0	2286761	27	4.3
1527790382.32	4300	59.998536	0.0	2307787	25	4.3
1527790386.51	4300	59.99863	0.0	2143948	26	4.3
1527790390.78	4300	59.748761	0.0	1919781	21	4.3
1527790394.43	4300	59.998996	0.0	2147467	25	4.3
1527790398.59	4300	59.748397	0.0	2133870	25	4.3
1527790402.74	4300	59.748864	0.0	2146120	22	4.3
1527790406.39	4300	59.998521	0.0	2108491	18	4.3
1527790410.54	4300	59.747421	0.0	2184571	21	4.3
1527790414.69	4300	59.747512	0.0	2121928	19	4.3
1527790418.35	4300	59.998024	0.0	2219102	25	4.3
1527790422.53	4300	59.998004	0.0	2124950	25	4.3
1527790426.68	4300	59.747665	0.0	2246506	26	4.3
1527790430.45	4300	59.998453	0.0	1961140	23	4.3
1527790434.6	4300	59.747695	0.0	2155012	25	4.3
1527790436.2	4300	59.928912	0.0	1433658	14	4.3

1527790436.42	750	4	0.016	668286	2	-0.06879999999999997
1527790436.57	4300	7.955831	0.0	2123065	15	0.75
1527790436.71	4300	11.813426	0.0	2177073	25	4.3
1527790436.85	4300	15.668598	0.0	2160877	21	4.3
1527790437.0	4300	19.52364	0.0	2233056	17	4.3
1527790437.18	4300	23.345998	0.0	1941625	25	4.3
1527790437.31	4300	27.208264	0.0	2157535	21	4.3
1527790437.44	4300	31.079264	0.0	2290172	17	4.3
1527790437.55	4300	34.965762	0.0	2055469	9	4.3
1527790437.67	4300	38.850689	0.0	2169201	8	4.3
1527790437.78	4300	42.739453	0.0	2173522	9	4.3
1527790437.89	4300	46.627242	0.0	2102452	8	4.3
1527790438.01	4300	50.511581	0.0	2209463	8	4.3
1527790438.15	4300	54.371164	0.0	2275376	21	4.3
1527790438.27	4300	58.24526	0.0	2005399	12	4.3
1527790440.93	4300	59.749403	0.0	2152483	25	4.3
1527790444.59	4300	59.99841	0.0	2289689	28	4.3
1527790448.73	4300	59.998546	0.0	2059512	19	4.3
1527790452.89	4300	59.749336	0.0	2220726	25	4.3
1527790456.54	4300	59.997655	0.0	2156729	25	4.3
1527790460.69	4300	59.998934	0.0	2039773	23	4.3
1527790464.85	4300	59.749412	0.0	2176469	20	4.3
1527790469.08	4300	59.747948	0.0	2221506	26	4.3
1527790472.74	4300	59.997741	0.0	2044075	24	4.3
1527790476.89	4300	59.749447	0.0	2186790	24	4.3
1527790480.61	4300	59.999446	0.0	2105231	21	4.3
1527790484.76	4300	59.997706	0.0	2395588	25	4.3
1527790488.91	4300	59.747953	0.0	1972048	19	4.3
1527790492.56	4300	59.998482	0.0	2134614	27	4.3
1527790496.71	4300	59.998898	0.0	2164140	21	4.3
1527790500.87	4300	59.747683	0.0	2113193	25	4.3
