1527782956.84	750	4	0.026	2354772	6	-0.11180000000000001
1527782956.97	4300	7.816899	0.0	2123065	20	0.75
1527782957.09	4300	11.699716	0.0	2177073	9	4.3
1527782957.21	4300	15.584019	0.0	2160877	9	4.3
1527782957.32	4300	19.469357	0.0	2233056	10	4.3
1527782957.43	4300	23.354684	0.0	1941625	9	4.3
1527782957.55	4300	27.239248	0.0	2157535	10	4.3
1527782957.67	4300	31.118169	0.0	2290172	11	4.3
1527782957.8	4300	34.989578	0.0	2055469	10	4.3
1527782957.92	4300	38.875052	0.0	2169201	10	4.3
1527782958.03	4300	42.757692	0.0	2173522	8	4.3
1527782958.18	4300	46.611756	0.0	2102452	24	4.3
1527782958.3	4300	50.491191	0.0	2209463	11	4.3
1527782958.43	4300	54.364873	0.0	2275376	17	4.3
1527782958.56	4300	58.231373	0.0	2005399	17	4.3
1527782961.23	4300	59.748537	0.0	2152483	20	4.3
1527782964.88	4300	59.99762	0.0	2289689	26	4.3
1527782969.03	4300	59.998329	0.0	2059512	24	4.3
1527782973.18	4300	59.748953	0.0	2220726	20	4.3
1527782976.83	4300	59.997796	0.0	2156729	18	4.3
1527782980.98	4300	59.998325	0.0	2039773	20	4.3
1527782985.15	4300	59.7485	0.0	2176469	26	4.3
1527782988.8	4300	59.998423	0.0	2221506	20	4.3
1527782992.95	4300	59.999228	0.0	2044075	21	4.3
1527782997.1	4300	59.748884	0.0	2186790	19	4.3
1527783001.25	4300	59.74841	0.0	2105231	28	4.3
1527783004.91	4300	59.998053	0.0	2395588	22	4.3
1527783009.06	4300	59.749392	0.0	1972048	22	4.3
1527783013.2	4300	59.747343	0.0	2134614	21	4.3
1527783016.86	4300	59.997969	0.0	2164140	26	4.3
1527783021.02	4300	59.998757	0.0	2113193	25	4.3
1527783025.18	4300	59.749272	0.0	2147852	23	4.3
1527783028.84	4300	59.998909	0.0	2191074	27	4.3
1527783033.0	4300	59.997868	0.0	2286761	32	4.3
1527783037.14	4300	59.748901	0.0	2307787	20	4.3
1527783041.29	4300	59.74934	0.0	2143948	18	4.3
1527783044.94	4300	59.998708	0.0	1919781	21	4.3
1527783049.11	4300	59.748431	0.0	2147467	24	4.3
1527783053.28	4300	59.748371	0.0	2133870	19	4.3
1527783056.93	4300	59.999344	0.0	2146120	14	4.3
1527783061.08	4300	59.748795	0.0	2108491	24	4.3
1527783065.23	4300	59.748436	0.0	2184571	19	4.3
1527783068.89	4300	59.998993	0.0	2121928	24	4.3
1527783073.05	4300	59.749106	0.0	2219102	25	4.3
1527783077.19	4300	59.747811	0.0	2124950	19	4.3
1527783080.84	4300	59.999122	0.0	2246506	20	4.3
1527783084.98	4300	59.999328	0.0	1961140	24	4.3
1527783089.11	4300	59.749309	0.0	2155012	19	4.3
1527783090.72	4300	59.929284	0.0	1433658	18	4.3

1527783090.94	750	4	0.011	668286	1	-0.04730000000000001
1527783091.09	4300	7.95185	0.0	2123065	15	0.75
1527783091.23	4300	11.809544	0.0	2177073	26	4.3
1527783091.35	4300	15.690459	0.0	2160877	12	4.3
1527783091.48	4300	19.564024	0.0	2233056	11	4.3
1527783091.6	4300	23.443148	0.0	1941625	13	4.3
1527783091.72	4300	27.320938	0.0	2157535	13	4.3
1527783091.87	4300	31.17908	0.0	2290172	27	4.3
1527783092.04	4300	35.008303	0.0	2055469	25	4.3
1527783092.15	4300	38.890726	0.0	2169201	13	4.3
1527783092.26	4300	42.782112	0.0	2173522	7	4.3
1527783092.37	4300	46.675476	0.0	2102452	8	4.3
1527783092.5	4300	50.550086	0.0	2209463	19	4.3
1527783092.61	4300	54.433072	0.0	2275376	11	4.3
1527783092.75	4300	58.300461	0.0	2005399	18	4.3
1527783095.39	4300	59.747697	0.0	2152483	25	4.3
1527783099.53	4300	59.749537	0.0	2289689	16	4.3
1527783103.18	4300	59.998233	0.0	2059512	20	4.3
1527783107.33	4300	59.749	0.0	2220726	27	4.3
1527783111.5	4300	59.74923	0.0	2156729	24	4.3
1527783115.15	4300	59.997749	0.0	2039773	24	4.3
1527783119.31	4300	59.749573	0.0	2176469	24	4.3
1527783123.46	4300	59.747734	0.0	2221506	21	4.3
1527783127.1	4300	59.998436	0.0	2044075	16	4.3
1527783131.77	4300	59.497832	0.0	2186790	25	4.3
1527783135.43	4300	59.747667	0.0	2105231	27	4.3
1527783139.09	4300	59.999317	0.0	2395588	29	4.3
1527783143.24	4300	59.997627	0.0	1972048	23	4.3
1527783147.39	4300	59.749288	0.0	2134614	25	4.3
1527783151.54	4300	59.749379	0.0	2164140	21	4.3
1527783155.19	4300	59.999098	0.0	2113193	25	4.3
1527783159.35	4300	59.749205	0.0	2147852	26	4.3
1527783163.51	4300	59.74947	0.0	2191074	23	4.3
1527783167.65	4300	59.499117	0.0	2286761	18	4.3
1527783171.31	4300	59.749565	0.0	2307787	28	4.3
1527783175.45	4300	59.749428	0.0	2143948	19	4.3
1527783179.11	4300	59.999068	0.0	1919781	22	4.3
1527783183.76	4300	59.499246	0.0	2147467	24	4.3
1527783187.42	4300	59.748948	0.0	2133870	27	4.3
1527783191.07	4300	59.998628	0.0	2146120	25	4.3
1527783195.23	4300	59.997931	0.0	2108491	24	4.3
1527783199.38	4300	59.748149	0.0	2184571	24	4.3
1527783203.53	4300	59.749399	0.0	2121928	20	4.3
1527783207.18	4300	59.998475	0.0	2219102	24	4.3
1527783211.32	4300	59.748037	0.0	2124950	16	4.3
1527783215.5	4300	59.749019	0.0	2246506	13	4.3
1527783219.13	4300	59.998405	0.0	1961140	24	4.3
1527783223.27	4300	59.999257	0.0	2155012	26	4.3
1527783224.88	4300	59.928817	0.0	1433658	18	4.3

1527783225.11	750	4	0.018	668286	2	-0.07740000000000002
1527783225.26	4300	7.9507	0.0	2123065	20	0.75
1527783225.4	4300	11.80877	0.0	2177073	25	4.3
1527783225.53	4300	15.677443	0.0	2160877	15	4.3
1527783225.66	4300	19.544662	0.0	2233056	15	4.3
1527783225.79	4300	23.419972	0.0	1941625	17	4.3
1527783225.94	4300	27.268914	0.0	2157535	26	4.3
1527783226.07	4300	31.140699	0.0	2290172	13	4.3
1527783226.18	4300	35.02325	0.0	2055469	10	4.3
1527783226.3	4300	38.902069	0.0	2169201	11	4.3
1527783226.42	4300	42.782441	0.0	2173522	12	4.3
1527783226.54	4300	46.664462	0.0	2102452	13	4.3
1527783226.69	4300	50.520549	0.0	2209463	28	4.3
1527783226.83	4300	54.375251	0.0	2275376	24	4.3
1527783226.96	4300	58.243957	0.0	2005399	19	4.3
1527783229.6	4300	59.748366	0.0	2152483	15	4.3
1527783233.24	4300	59.999499	0.0	2289689	20	4.3
1527783237.37	4300	59.998301	0.0	2059512	7	4.3
1527783241.53	4300	59.749139	0.0	2220726	27	4.3
1527783245.68	4300	59.749263	0.0	2156729	22	4.3
1527783249.33	4300	59.999378	0.0	2039773	24	4.3
1527783253.48	4300	59.749221	0.0	2176469	19	4.3
