1527704722.96	750	4	0.026	2354772	8	-0.11180000000000001
1527704723.11	4300	7.961863	0.0	2123065	24	0.75
1527704723.26	4300	11.810898	0.0	2177073	26	4.3
1527704723.41	4300	15.66047	0.0	2160877	28	4.3
1527704723.56	4300	19.51085	0.0	2233056	30	4.3
1527704723.68	4300	23.386096	0.0	1941625	11	4.3
1527704723.81	4300	27.259118	0.0	2157535	12	4.3
1527704723.95	4300	31.120723	0.0	2290172	19	4.3
1527704724.07	4300	34.997457	0.0	2055469	9	4.3
1527704724.2	4300	38.865978	0.0	2169201	10	4.3
1527704724.32	4300	42.744542	0.0	2173522	10	4.3
1527704724.46	4300	46.606701	0.0	2102452	19	4.3
1527704724.6	4300	50.475923	0.0	2209463	14	4.3
1527704724.74	4300	54.33148	0.0	2275376	15	4.3
1527704724.86	4300	58.205	0.0	2005399	12	4.3
1527704727.49	4300	59.749382	0.0	2152483	10	4.3
1527704731.15	4300	59.998728	0.0	2289689	29	4.3
1527704735.31	4300	59.998621	0.0	2059512	23	4.3
1527704739.48	4300	59.748941	0.0	2220726	36	4.3
1527704743.14	4300	59.998535	0.0	2156729	24	4.3
1527704747.3	4300	59.999203	0.0	2039773	24	4.3
1527704751.46	4300	59.748971	0.0	2176469	19	4.3
1527704755.12	4300	59.999433	0.0	2221506	26	4.3
1527704759.28	4300	59.999093	0.0	2044075	26	4.3
1527704763.43	4300	59.74886	0.0	2186790	19	4.3
1527704767.09	4300	59.999391	0.0	2105231	24	4.3
1527704771.25	4300	59.997554	0.0	2395588	29	4.3
1527704775.42	4300	59.748767	0.0	1972048	22	4.3
1527704779.08	4300	59.999151	0.0	2134614	20	4.3
1527704783.25	4300	59.999086	0.0	2164140	25	4.3
1527704787.4	4300	59.749323	0.0	2113193	20	4.3
1527704791.57	4300	59.499514	0.0	2147852	26	4.3
1527704795.23	4300	59.999399	0.0	2191074	25	4.3
1527704799.39	4300	59.749172	0.0	2286761	25	4.3
1527704803.61	4300	59.748205	0.0	2307787	28	4.3
1527704807.27	4300	59.998931	0.0	2143948	23	4.3
1527704811.43	4300	59.74914	0.0	1919781	21	4.3
1527704815.09	4300	59.997652	0.0	2147467	28	4.3
1527704819.26	4300	59.998722	0.0	2133870	24	4.3
1527704823.42	4300	59.749327	0.0	2146120	22	4.3
1527704827.09	4300	59.99866	0.0	2108491	24	4.3
1527704831.25	4300	59.998692	0.0	2184571	27	4.3
1527704835.4	4300	59.748781	0.0	2121928	19	4.3
1527704839.56	4300	59.749131	0.0	2219102	27	4.3
1527704843.22	4300	59.999301	0.0	2124950	16	4.3
1527704847.37	4300	59.748727	0.0	2246506	21	4.3
1527704851.51	4300	59.749479	0.0	1961140	18	4.3
1527704855.14	4300	59.999471	0.0	2155012	26	4.3
1527704857.26	4300	59.678512	0.0	1433658	17	4.3

1527704857.49	750	4	0.018	668286	3	-0.07740000000000002
1527704857.64	4300	7.95765	0.0	2123065	13	0.75
1527704857.79	4300	11.812753	0.0	2177073	21	4.3
1527704857.92	4300	15.679424	0.0	2160877	15	4.3
1527704858.04	4300	19.557258	0.0	2233056	7	4.3
1527704858.18	4300	23.425678	0.0	1941625	16	4.3
1527704858.31	4300	27.295509	0.0	2157535	13	4.3
1527704858.44	4300	31.165095	0.0	2290172	13	4.3
1527704858.56	4300	35.041681	0.0	2055469	10	4.3
1527704858.69	4300	38.916185	0.0	2169201	12	4.3
1527704858.81	4300	42.789017	0.0	2173522	13	4.3
1527704858.94	4300	46.659318	0.0	2102452	12	4.3
1527704859.07	4300	50.530488	0.0	2209463	13	4.3
1527704859.2	4300	54.405011	0.0	2275376	13	4.3
1527704859.32	4300	58.282375	0.0	2005399	11	4.3
1527704861.96	4300	59.749303	0.0	2152483	12	4.3
1527704865.62	4300	59.998743	0.0	2289689	26	4.3
1527704869.78	4300	59.998597	0.0	2059512	23	4.3
1527704873.94	4300	59.74857	0.0	2220726	24	4.3
1527704877.62	4300	59.998455	0.0	2156729	21	4.3
1527704882.27	4300	59.49929	0.0	2039773	7	4.3
1527704885.98	4300	59.749591	0.0	2176469	20	4.3
1527704889.65	4300	59.999195	0.0	2221506	26	4.3
1527704894.31	4300	59.499626	0.0	2044075	20	4.3
1527704897.98	4300	59.749187	0.0	2186790	26	4.3
1527704901.64	4300	59.999076	0.0	2105231	24	4.3
1527704906.3	4300	59.498755	0.0	2395588	28	4.3
1527704909.94	4300	59.749021	0.0	1972048	11	4.3
1527704914.09	4300	59.749211	0.0	2134614	20	4.3
1527704917.75	4300	59.999337	0.0	2164140	26	4.3
1527704921.92	4300	59.749369	0.0	2113193	17	4.3
1527704926.09	4300	59.748786	0.0	2147852	26	4.3
1527704929.75	4300	59.999031	0.0	2191074	25	4.3
1527704933.94	4300	59.749248	0.0	2286761	28	4.3
1527704937.61	4300	59.998879	0.0	2307787	28	4.3
1527704941.77	4300	59.997661	0.0	2143948	25	4.3
1527704945.9	4300	59.7463	0.0	1919781	6	4.3
1527704950.04	4300	59.74939	0.0	2147467	13	4.3
1527704953.7	4300	59.999284	0.0	2133870	23	4.3
1527704957.86	4300	59.999334	0.0	2146120	25	4.3
1527704962.07	4300	59.747699	0.0	2108491	25	4.3
1527704965.73	4300	59.998734	0.0	2184571	26	4.3
1527704969.89	4300	59.748922	0.0	2121928	24	4.3
1527704974.04	4300	59.749467	0.0	2219102	19	4.3
1527704978.2	4300	59.498037	0.0	2124950	21	4.3
1527704981.84	4300	59.999035	0.0	2246506	19	4.3
1527704985.98	4300	59.74945	0.0	1961140	15	4.3
1527704989.63	4300	59.999176	0.0	2155012	26	4.3
1527704991.75	4300	59.677909	0.0	1433658	17	4.3

1527704991.98	750	4	0.014	668286	4	-0.06020000000000003
1527704992.14	4300	7.952836	0.0	2123065	18	0.75
1527704992.28	4300	11.809385	0.0	2177073	20	4.3
1527704992.42	4300	15.669773	0.0	2160877	17	4.3
1527704992.56	4300	19.524399	0.0	2233056	16	4.3
1527704992.72	4300	23.369468	0.0	1941625	26	4.3
1527704992.87	4300	27.215954	0.0	2157535	26	4.3
1527704993.01	4300	31.078103	0.0	2290172	15	4.3
1527704993.14	4300	34.945792	0.0	2055469	17	4.3
1527704993.29	4300	38.798444	0.0	2169201	27	4.3
1527704993.41	4300	42.674379	0.0	2173522	14	4.3
1527704993.54	4300	46.543988	0.0	2102452	15	4.3
1527704993.67	4300	50.413385	0.0	2209463	15	4.3
1527704993.79	4300	54.297557	0.0	2275376	10	4.3
1527704993.9	4300	58.182739	0.0	2005399	8	4.3
