1528308964.74	750	4	0.014	450283	2	-0.06020000000000003
1528308964.87	4300	7.955439	0.0	2123065	13	0.75
1528308964.97	4300	11.856004	0.0	2177073	23	4.3
1528308965.07	4300	15.757708	0.0	2160877	23	4.3
1528308965.17	4300	19.663765	0.0	2233056	19	4.3
1528308965.26	4300	23.574335	0.0	1941625	18	4.3
1528308965.34	4300	27.493186	0.0	2157535	13	4.3
1528308965.43	4300	31.401711	0.0	2290172	20	4.3
1528308965.52	4300	35.314492	0.0	2055469	19	4.3
1528308965.59	4300	39.242169	0.0	2169201	9	4.3
1528308965.7	4300	43.133068	0.0	2173522	25	4.3
1528308965.79	4300	47.040933	0.0	2102452	25	4.3
1528308965.88	4300	50.951407	0.0	2209463	24	4.3
1528308965.97	4300	54.860397	0.0	2275376	24	4.3
1528308966.07	4300	58.767087	0.0	2005399	21	4.3
1528308969.18	4300	59.749499	0.0	2152483	21	4.3
1528308973.3	4300	59.74935	0.0	2289689	22	4.3
1528308976.9	4300	59.999176	0.0	2059512	19	4.3
1528308981.03	4300	59.999341	0.0	2220726	27	4.3
1528308985.14	4300	59.749033	0.0	2156729	25	4.3
1528308989.25	4300	59.748748	0.0	2039773	25	4.3
1528308992.86	4300	59.99885	0.0	2176469	23	4.3
1528308996.96	4300	59.999347	0.0	2221506	21	4.3
1528309001.07	4300	59.998908	0.0	2044075	20	4.3
1528309005.18	4300	59.749172	0.0	2186790	23	4.3
1528309009.29	4300	59.749486	0.0	2105231	24	4.3
1528309012.9	4300	59.998825	0.0	2395588	27	4.3
1528309017.01	4300	59.999495	0.0	1972048	23	4.3
1528309021.12	4300	59.749024	0.0	2134614	20	4.3
1528309025.23	4300	59.748696	0.0	2164140	19	4.3
1528309029.34	4300	59.49924	0.0	2113193	20	4.3
1528309032.94	4300	59.999061	0.0	2147852	21	4.3
1528309037.06	4300	59.998546	0.0	2191074	24	4.3
1528309041.18	4300	59.749031	0.0	2286761	26	4.3
1528309045.29	4300	59.748789	0.0	2307787	25	4.3
1528309049.4	4300	59.498813	0.0	2143948	24	4.3
1528309053.0	4300	59.99896	0.0	1919781	25	4.3
1528309057.12	4300	59.749548	0.0	2147467	20	4.3
1528309061.23	4300	59.749462	0.0	2133870	19	4.3
1528309065.33	4300	59.748586	0.0	2146120	23	4.3
1528309068.94	4300	59.999101	0.0	2108491	22	4.3
1528309073.04	4300	59.998346	0.0	2184571	20	4.3
1528309077.15	4300	59.748724	0.0	2121928	22	4.3
1528309081.26	4300	59.748025	0.0	2219102	25	4.3
1528309084.86	4300	59.997839	0.0	2124950	24	4.3
1528309088.97	4300	59.999135	0.0	2246506	23	4.3
1528309093.07	4300	59.999439	0.0	1961140	21	4.3
1528309097.18	4300	59.748984	0.0	2155012	23	4.3
1528309098.78	4300	59.928594	0.0	1433658	16	4.3

1528309098.99	750	4	0.015	668286	2	-0.0645
1528309099.08	4300	7.963693	0.0	2123065	16	0.75
1528309099.17	4300	11.87239	0.0	2177073	23	4.3
1528309099.28	4300	15.782349	0.0	2160877	23	4.3
1528309099.38	4300	19.664005	0.0	2233056	26	4.3
1528309099.45	4300	23.597085	0.0	1941625	9	4.3
1528309099.54	4300	27.503772	0.0	2157535	13	4.3
1528309099.64	4300	31.406339	0.0	2290172	21	4.3
1528309099.74	4300	35.307237	0.0	2055469	23	4.3
1528309099.81	4300	39.231966	0.0	2169201	12	4.3
1528309099.9	4300	43.143215	0.0	2173522	19	4.3
1528309099.99	4300	47.055026	0.0	2102452	20	4.3
1528309100.09	4300	50.954083	0.0	2209463	23	4.3
1528309100.19	4300	54.854694	0.0	2275376	25	4.3
1528309100.28	4300	58.767767	0.0	2005399	20	4.3
1528309103.36	4300	59.748168	0.0	2152483	11	4.3
1528309107.47	4300	59.749576	0.0	2289689	27	4.3
1528309111.08	4300	59.999425	0.0	2059512	25	4.3
1528309115.19	4300	59.998137	0.0	2220726	25	4.3
1528309119.3	4300	59.998645	0.0	2156729	22	4.3
1528309123.4	4300	59.748749	0.0	2039773	23	4.3
1528309127.52	4300	59.747919	0.0	2176469	24	4.3
1528309131.12	4300	59.998339	0.0	2221506	25	4.3
1528309135.73	4300	59.498633	0.0	2044075	21	4.3
1528309139.34	4300	59.748831	0.0	2186790	28	4.3
1528309143.45	4300	59.749543	0.0	2105231	23	4.3
1528309147.05	4300	59.997815	0.0	2395588	27	4.3
1528309151.16	4300	59.999223	0.0	1972048	20	4.3
1528309155.26	4300	59.997928	0.0	2134614	24	4.3
1528309159.37	4300	59.749586	0.0	2164140	24	4.3
1528309163.48	4300	59.749083	0.0	2113193	23	4.3
1528309167.09	4300	59.998876	0.0	2147852	26	4.3
1528309171.2	4300	59.999395	0.0	2191074	23	4.3
1528309175.31	4300	59.74916	0.0	2286761	24	4.3
1528309179.43	4300	59.749346	0.0	2307787	23	4.3
1528309183.53	4300	59.74804	0.0	2143948	22	4.3
1528309187.13	4300	59.999172	0.0	1919781	22	4.3
1528309191.24	4300	59.999069	0.0	2147467	23	4.3
1528309195.35	4300	59.749391	0.0	2133870	24	4.3
1528309199.46	4300	59.749759	0.0	2146120	24	4.3
1528309203.06	4300	59.999036	0.0	2108491	24	4.3
1528309207.17	4300	59.999311	0.0	2184571	22	4.3
1528309211.28	4300	59.998094	0.0	2121928	24	4.3
1528309215.38	4300	59.749303	0.0	2219102	24	4.3
1528309219.5	4300	59.692758	0.0	2124950	22	4.3
1528309223.1	4300	59.999076	0.0	2246506	25	4.3
1528309227.21	4300	59.997963	0.0	1961140	20	4.3
1528309231.36	4300	59.749101	0.0	2155012	31	4.3
1528309233.0	4300	59.92961	0.0	1433658	28	4.3

1528309233.23	750	4	0.017	668286	2	-0.07309999999999994
1528309233.34	4300	7.947137	0.0	2123065	21	0.75
1528309233.43	4300	11.856197	0.0	2177073	22	4.3
1528309233.53	4300	15.763904	0.0	2160877	22	4.3
1528309233.62	4300	19.664061	0.0	2233056	22	4.3
1528309233.71	4300	23.575174	0.0	1941625	16	4.3
1528309233.81	4300	27.472899	0.0	2157535	15	4.3
1528309233.9	4300	31.384684	0.0	2290172	18	4.3
1528309233.99	4300	35.29107	0.0	2055469	24	4.3
1528309234.07	4300	39.216851	0.0	2169201	12	4.3
1528309234.17	4300	43.115947	0.0	2173522	25	4.3
1528309234.26	4300	47.018924	0.0	2102452	24	4.3
1528309234.36	4300	50.926984	0.0	2209463	23	4.3
1528309234.45	4300	54.834591	0.0	2275376	25	4.3
1528309234.54	4300	58.745171	0.0	2005399	20	4.3
1528309237.64	4300	59.748343	0.0	2152483	21	4.3
1528309241.75	4300	59.748204	0.0	2289689	26	4.3
1528309245.36	4300	59.9983	0.0	2059512	24	4.3
1528309249.47	4300	59.997767	0.0	2220726	25	4.3
1528309253.58	4300	59.747739	0.0	2156729	25	4.3
1528309257.69	4300	59.74852	0.0	2039773	23	4.3
