1528259689.48	750	4	0.03	2354772	10	-0.129
1528259689.61	4300	7.965613	0.0	2123065	21	0.75
1528259689.7	4300	11.873257	0.0	2177073	20	4.3
1528259689.79	4300	15.780056	0.0	2160877	22	4.3
1528259689.88	4300	19.688052	0.0	2233056	15	4.3
1528259689.97	4300	23.601293	0.0	1941625	18	4.3
1528259690.06	4300	27.511691	0.0	2157535	19	4.3
1528259690.15	4300	31.419552	0.0	2290172	21	4.3
1528259690.27	4300	35.326272	0.0	2055469	15	4.3
1528259690.38	4300	39.214165	0.0	2169201	21	4.3
1528259690.47	4300	43.098225	0.0	2173522	25	4.3
1528259690.55	4300	47.020474	0.0	2102452	13	4.3
1528259690.66	4300	50.921351	0.0	2209463	24	4.3
1528259690.76	4300	54.80665	0.0	2275376	20	4.3
1528259690.86	4300	58.71209	0.0	2005399	24	4.3
1528259693.95	4300	59.749557	0.0	2152483	13	4.3
1528259698.06	4300	59.749577	0.0	2289689	25	4.3
1528259702.16	4300	59.497725	0.0	2059512	24	4.3
1528259705.77	4300	59.997935	0.0	2220726	25	4.3
1528259709.88	4300	59.748588	0.0	2156729	23	4.3
1528259713.99	4300	59.748442	0.0	2039773	23	4.3
1528259717.67	4300	59.998937	0.0	2176469	24	4.3
1528259721.77	4300	59.997761	0.0	2221506	18	4.3
1528259725.88	4300	59.749459	0.0	2044075	18	4.3
1528259730.05	4300	59.748337	0.0	2186790	21	4.3
1528259733.65	4300	59.997989	0.0	2105231	19	4.3
1528259737.75	4300	59.999227	0.0	2395588	23	4.3
1528259741.86	4300	59.749251	0.0	1972048	23	4.3
1528259745.97	4300	59.748029	0.0	2134614	23	4.3
1528259750.07	4300	59.49908	0.0	2164140	25	4.3
1528259753.68	4300	59.998424	0.0	2113193	24	4.3
1528259757.79	4300	59.998794	0.0	2147852	24	4.3
1528259761.87	4300	59.749302	0.0	2191074	9	4.3
1528259765.98	4300	59.747684	0.0	2286761	24	4.3
1528259770.09	4300	59.499422	0.0	2307787	25	4.3
1528259773.7	4300	59.999358	0.0	2143948	23	4.3
1528259777.8	4300	59.998573	0.0	1919781	19	4.3
1528259781.91	4300	59.747731	0.0	2147467	23	4.3
1528259786.02	4300	59.748999	0.0	2133870	24	4.3
1528259789.61	4300	59.997776	0.0	2146120	12	4.3
1528259793.71	4300	59.99934	0.0	2108491	19	4.3
1528259797.81	4300	59.999433	0.0	2184571	22	4.3
1528259801.98	4300	59.749019	0.0	2121928	22	4.3
1528259805.59	4300	59.998834	0.0	2219102	22	4.3
1528259809.69	4300	59.998678	0.0	2124950	20	4.3
1528259813.8	4300	59.999353	0.0	2246506	25	4.3
1528259817.9	4300	59.749277	0.0	1961140	22	4.3
1528259822.01	4300	59.74923	0.0	2155012	25	4.3
1528259823.61	4300	59.679199	0.0	1433658	17	4.3

1528259823.85	750	4	0.018	668286	3	-0.07740000000000002
1528259823.94	4300	7.961559	0.0	2123065	15	0.75
1528259824.03	4300	11.866664	0.0	2177073	22	4.3
1528259824.13	4300	15.7709	0.0	2160877	23	4.3
1528259824.21	4300	19.688428	0.0	2233056	15	4.3
1528259824.29	4300	23.624271	0.0	1941625	8	4.3
1528259824.38	4300	27.521881	0.0	2157535	10	4.3
1528259824.49	4300	31.428481	0.0	2290172	20	4.3
1528259824.58	4300	35.321441	0.0	2055469	22	4.3
1528259824.67	4300	39.22903	0.0	2169201	22	4.3
1528259824.77	4300	43.134517	0.0	2173522	21	4.3
1528259824.87	4300	47.030502	0.0	2102452	24	4.3
1528259824.97	4300	50.934048	0.0	2209463	24	4.3
1528259825.06	4300	54.8434	0.0	2275376	24	4.3
1528259825.15	4300	58.752185	0.0	2005399	21	4.3
1528259828.23	4300	59.749203	0.0	2152483	12	4.3
1528259832.34	4300	59.74906	0.0	2289689	24	4.3
1528259835.95	4300	59.998653	0.0	2059512	21	4.3
1528259840.06	4300	59.997894	0.0	2220726	21	4.3
1528259844.16	4300	59.748864	0.0	2156729	24	4.3
1528259848.27	4300	59.74894	0.0	2039773	23	4.3
1528259852.38	4300	59.749222	0.0	2176469	24	4.3
1528259855.99	4300	59.999396	0.0	2221506	25	4.3
1528259860.1	4300	59.999185	0.0	2044075	19	4.3
1528259864.21	4300	59.749676	0.0	2186790	20	4.3
1528259868.32	4300	59.748952	0.0	2105231	23	4.3
1528259872.42	4300	59.497428	0.0	2395588	24	4.3
1528259876.01	4300	59.998912	0.0	1972048	9	4.3
1528259880.13	4300	59.99906	0.0	2134614	24	4.3
1528259884.23	4300	59.74967	0.0	2164140	26	4.3
1528259888.35	4300	59.749323	0.0	2113193	23	4.3
1528259892.46	4300	59.498684	0.0	2147852	24	4.3
1528259896.08	4300	59.998872	0.0	2191074	24	4.3
1528259900.2	4300	59.749344	0.0	2286761	27	4.3
1528259904.31	4300	59.749242	0.0	2307787	24	4.3
1528259907.92	4300	59.999226	0.0	2143948	25	4.3
1528259912.03	4300	59.998653	0.0	1919781	20	4.3
1528259916.13	4300	59.998399	0.0	2147467	23	4.3
1528259920.24	4300	59.749109	0.0	2133870	24	4.3
1528259924.35	4300	59.749183	0.0	2146120	23	4.3
1528259927.96	4300	59.998127	0.0	2108491	23	4.3
1528259932.06	4300	59.998406	0.0	2184571	23	4.3
1528259936.17	4300	59.747807	0.0	2121928	23	4.3
1528259940.28	4300	59.74962	0.0	2219102	24	4.3
1528259944.39	4300	59.698877	0.0	2124950	21	4.3
1528259948.5	4300	59.498886	0.0	2246506	24	4.3
1528259952.11	4300	59.997845	0.0	1961140	22	4.3
1528259956.21	4300	59.749638	0.0	2155012	21	4.3
1528259957.81	4300	59.929198	0.0	1433658	17	4.3

1528259958.04	750	4	0.017	668286	3	-0.07309999999999994
1528259958.11	4300	7.98087	0.0	2123065	6	0.75
1528259958.2	4300	11.888706	0.0	2177073	21	4.3
1528259958.28	4300	15.810193	0.0	2160877	11	4.3
1528259958.39	4300	19.708023	0.0	2233056	20	4.3
1528259958.47	4300	23.618463	0.0	1941625	17	4.3
1528259958.55	4300	27.537301	0.0	2157535	10	4.3
1528259958.62	4300	31.471168	0.0	2290172	10	4.3
1528259958.7	4300	35.391176	0.0	2055469	14	4.3
1528259958.79	4300	39.303731	0.0	2169201	18	4.3
1528259958.89	4300	43.205024	0.0	2173522	26	4.3
1528259958.97	4300	47.129449	0.0	2102452	13	4.3
1528259959.06	4300	51.036332	0.0	2209463	19	4.3
1528259959.16	4300	54.935703	0.0	2275376	27	4.3
1528259959.23	4300	58.865802	0.0	2005399	10	4.3
1528259962.45	4300	59.998613	0.0	2152483	25	4.3
1528259966.56	4300	59.749309	0.0	2289689	26	4.3
1528259970.17	4300	59.998943	0.0	2059512	23	4.3
1528259974.32	4300	59.999192	0.0	2220726	25	4.3
1528259978.42	4300	59.749186	0.0	2156729	20	4.3
1528259982.52	4300	59.749439	0.0	2039773	22	4.3
