1527655339.0	750	4	0.025	2354772	6	-0.10750000000000004
1527655339.14	4300	7.960816	0.0	2123065	24	0.75
1527655339.3	4300	11.809131	0.0	2177073	25	4.3
1527655339.45	4300	15.656917	0.0	2160877	32	4.3
1527655339.59	4300	19.510765	0.0	2233056	26	4.3
1527655339.74	4300	23.361803	0.0	1941625	23	4.3
1527655339.89	4300	27.212458	0.0	2157535	27	4.3
1527655340.04	4300	31.062406	0.0	2290172	27	4.3
1527655340.19	4300	34.915479	0.0	2055469	25	4.3
1527655340.34	4300	38.766901	0.0	2169201	25	4.3
1527655340.49	4300	42.61215	0.0	2173522	27	4.3
1527655340.64	4300	46.464054	0.0	2102452	23	4.3
1527655340.79	4300	50.31339	0.0	2209463	25	4.3
1527655340.96	4300	54.146699	0.0	2275376	27	4.3
1527655341.1	4300	58.004735	0.0	2005399	21	4.3
1527655343.25	4300	59.997706	0.0	2152483	26	4.3
1527655347.45	4300	59.749031	0.0	2289689	27	4.3
1527655351.6	4300	59.748245	0.0	2059512	18	4.3
1527655355.26	4300	59.998254	0.0	2220726	29	4.3
1527655359.42	4300	59.749533	0.0	2156729	26	4.3
1527655363.57	4300	59.749629	0.0	2039773	18	4.3
1527655367.22	4300	59.999256	0.0	2176469	25	4.3
1527655371.4	4300	59.747895	0.0	2221506	27	4.3
1527655375.56	4300	59.748629	0.0	2044075	25	4.3
1527655379.21	4300	59.998569	0.0	2186790	20	4.3
1527655383.36	4300	59.749624	0.0	2105231	22	4.3
1527655387.52	4300	59.748509	0.0	2395588	29	4.3
1527655391.17	4300	59.999155	0.0	1972048	23	4.3
1527655395.33	4300	59.999442	0.0	2134614	25	4.3
1527655399.5	4300	59.748073	0.0	2164140	24	4.3
1527655403.15	4300	59.998839	0.0	2113193	18	4.3
1527655407.31	4300	59.999269	0.0	2147852	21	4.3
1527655411.47	4300	59.747703	0.0	2191074	25	4.3
1527655415.14	4300	59.999409	0.0	2286761	22	4.3
1527655419.3	4300	59.999315	0.0	2307787	25	4.3
1527655423.47	4300	59.749231	0.0	2143948	26	4.3
1527655427.13	4300	59.999481	0.0	1919781	25	4.3
1527655431.29	4300	59.9979	0.0	2147467	25	4.3
1527655435.46	4300	59.748306	0.0	2133870	36	4.3
1527655439.11	4300	59.998198	0.0	2146120	25	4.3
1527655443.27	4300	59.999203	0.0	2108491	23	4.3
1527655447.44	4300	59.748908	0.0	2184571	26	4.3
1527655451.69	4300	59.748438	0.0	2121928	20	4.3
1527655455.84	4300	59.49965	0.0	2219102	22	4.3
1527655459.51	4300	59.749302	0.0	2124950	25	4.3
1527655463.65	4300	59.498876	0.0	2246506	22	4.3
1527655467.28	4300	59.999255	0.0	1961140	21	4.3
1527655471.41	4300	59.749429	0.0	2155012	25	4.3
1527655473.01	4300	59.929624	0.0	1433658	17	4.3

1527655473.23	750	4	0.013	668286	3	-0.05589999999999995
1527655473.38	4300	7.955395	0.0	2123065	15	0.75
1527655473.52	4300	11.811128	0.0	2177073	26	4.3
1527655473.7	4300	15.631112	0.0	2160877	21	4.3
1527655473.93	4300	19.449534	0.0	2233056	24	4.3
1527655474.12	4300	23.213282	0.0	1941625	24	4.3
1527655474.26	4300	27.067172	0.0	2157535	24	4.3
1527655474.41	4300	30.919294	0.0	2290172	26	4.3
1527655474.56	4300	34.768649	0.0	2055469	23	4.3
1527655474.7	4300	38.633388	0.0	2169201	22	4.3
1527655474.84	4300	42.492465	0.0	2173522	24	4.3
1527655475.0	4300	46.331404	0.0	2102452	20	4.3
1527655475.14	4300	50.190003	0.0	2209463	25	4.3
1527655475.29	4300	54.043689	0.0	2275376	28	4.3
1527655475.44	4300	57.888864	0.0	2005399	11	4.3
1527655477.6	4300	59.749105	0.0	2152483	26	4.3
1527655481.75	4300	59.748503	0.0	2289689	27	4.3
1527655485.4	4300	59.997509	0.0	2059512	21	4.3
1527655489.56	4300	59.998558	0.0	2220726	26	4.3
1527655493.71	4300	59.748259	0.0	2156729	21	4.3
1527655497.37	4300	59.999061	0.0	2039773	24	4.3
1527655501.53	4300	59.997498	0.0	2176469	25	4.3
1527655505.68	4300	59.748563	0.0	2221506	21	4.3
1527655509.35	4300	59.99843	0.0	2044075	23	4.3
1527655513.5	4300	59.998622	0.0	2186790	24	4.3
1527655517.65	4300	59.749141	0.0	2105231	19	4.3
1527655521.8	4300	59.748407	0.0	2395588	27	4.3
1527655525.45	4300	59.998744	0.0	1972048	21	4.3
1527655529.61	4300	59.748937	0.0	2134614	24	4.3
1527655533.77	4300	59.749213	0.0	2164140	26	4.3
1527655537.42	4300	59.998887	0.0	2113193	24	4.3
1527655541.62	4300	59.998874	0.0	2147852	24	4.3
1527655545.78	4300	59.748375	0.0	2191074	26	4.3
1527655549.42	4300	59.998993	0.0	2286761	20	4.3
1527655553.58	4300	59.998803	0.0	2307787	27	4.3
1527655557.79	4300	59.749034	0.0	2143948	21	4.3
1527655561.54	4300	59.99767	0.0	1919781	23	4.3
1527655565.75	4300	59.748575	0.0	2147467	21	4.3
1527655569.5	4300	59.999032	0.0	2133870	17	4.3
1527655573.73	4300	59.748829	0.0	2146120	24	4.3
1527655577.46	4300	59.999015	0.0	2108491	22	4.3
1527655581.74	4300	59.748259	0.0	2184571	26	4.3
1527655585.48	4300	59.999047	0.0	2121928	24	4.3
1527655589.67	4300	59.747563	0.0	2219102	28	4.3
1527655593.38	4300	59.99868	0.0	2124950	27	4.3
1527655597.6	4300	59.997555	0.0	2246506	19	4.3
1527655601.85	4300	59.748689	0.0	1961140	21	4.3
1527655605.62	4300	59.997965	0.0	2155012	24	4.3
1527655607.35	4300	59.928768	0.0	1433658	17	4.3

1527655607.85	750	4	0.015	668286	1	-0.0645
1527655608.17	4300	7.945551	0.0	2123065	12	0.75
1527655608.39	4300	11.653203	0.0	2177073	16	4.3
1527655608.64	4300	15.40627	0.0	2160877	14	4.3
1527655608.87	4300	19.18079	0.0	2233056	24	4.3
1527655609.12	4300	22.948196	0.0	1941625	24	4.3
1527655609.44	4300	26.699286	0.0	2157535	23	4.3
1527655609.69	4300	30.365242	0.0	2290172	22	4.3
1527655609.93	4300	34.12828	0.0	2055469	20	4.3
1527655610.18	4300	37.888842	0.0	2169201	23	4.3
1527655610.5	4300	41.566267	0.0	2173522	24	4.3
1527655610.81	4300	45.233955	0.0	2102452	22	4.3
1527655611.07	4300	48.995564	0.0	2209463	26	4.3
1527655611.46	4300	52.730808	0.0	2275376	20	4.3
1527655611.82	4300	56.361155	0.0	2005399	21	4.3
1527655612.07	4300	59.993967	0.0	2152483	20	4.3
1527655616.48	4300	59.748607	0.0	2289689	22	4.3
1527655620.31	4300	59.997067	0.0	2059512	24	4.3
1527655624.56	4300	59.49904	0.0	2220726	25	4.3
1527655628.33	4300	59.749165	0.0	2156729	24	4.3
1527655632.16	4300	59.999273	0.0	2039773	24	4.3
1527655636.4	4300	59.748926	0.0	2176469	22	4.3
1527655640.1	4300	59.998939	0.0	2221506	18	4.3
1527655644.32	4300	59.748458	0.0	2044075	23	4.3
1527655648.06	4300	59.999097	0.0	2186790	21	4.3
1527655652.29	4300	59.749107	0.0	2105231	23	4.3
1527655656.53	4300	59.749009	0.0	2395588	27	4.3
1527655660.24	4300	59.998845	0.0	1972048	25	4.3
1527655664.46	4300	59.748145	0.0	2134614	25	4.3
1527655668.19	4300	59.998213	0.0	2164140	19	4.3
1527655672.43	4300	59.749392	0.0	2113193	22	4.3
1527655676.22	4300	59.997677	0.0	2147852	20	4.3
1527655680.46	4300	59.747626	0.0	2191074	22	4.3
1527655684.18	4300	59.997408	0.0	2286761	25	4.3
1527655688.37	4300	59.748715	0.0	2307787	25	4.3
1527655692.09	4300	59.998624	0.0	2143948	26	4.3
1527655696.35	4300	59.749141	0.0	1919781	23	4.3
1527655700.11	4300	59.998312	0.0	2147467	20	4.3
1527655704.51	4300	59.749112	0.0	2133870	25	4.3
1527655708.26	4300	59.99794	0.0	2146120	24	4.3
1527655712.48	4300	59.748831	0.0	2108491	8	4.3
1527655716.21	4300	59.998559	0.0	2184571	24	4.3
