1527732235.38	750	4	0.023	2354772	9	-0.09889999999999999
1527732235.52	4300	7.961077	0.0	2123065	26	0.75
1527732235.65	4300	11.834375	0.0	2177073	12	4.3
1527732235.78	4300	15.705724	0.0	2160877	13	4.3
1527732235.91	4300	19.569598	0.0	2233056	14	4.3
1527732236.04	4300	23.444605	0.0	1941625	11	4.3
1527732236.17	4300	27.313398	0.0	2157535	12	4.3
1527732236.29	4300	31.188824	0.0	2290172	13	4.3
1527732236.44	4300	35.039487	0.0	2055469	24	4.3
1527732236.58	4300	38.900674	0.0	2169201	19	4.3
1527732236.72	4300	42.759271	0.0	2173522	23	4.3
1527732236.85	4300	46.631405	0.0	2102452	14	4.3
1527732236.98	4300	50.500133	0.0	2209463	15	4.3
1527732237.13	4300	54.354797	0.0	2275376	14	4.3
1527732237.24	4300	58.240663	0.0	2005399	7	4.3
1527732239.88	4300	59.749256	0.0	2152483	7	4.3
1527732243.54	4300	59.999153	0.0	2289689	21	4.3
1527732248.19	4300	59.499084	0.0	2059512	23	4.3
1527732251.84	4300	59.748981	0.0	2220726	24	4.3
1527732256.22	4300	59.497952	0.0	2156729	27	4.3
1527732260.02	4300	59.749371	0.0	2039773	22	4.3
1527732264.22	4300	59.498745	0.0	2176469	28	4.3
1527732267.87	4300	59.749035	0.0	2221506	20	4.3
1527732271.53	4300	59.999029	0.0	2044075	19	4.3
1527732275.68	4300	59.998172	0.0	2186790	24	4.3
1527732279.82	4300	59.748924	0.0	2105231	15	4.3
1527732283.49	4300	59.998131	0.0	2395588	30	4.3
1527732287.63	4300	59.998071	0.0	1972048	12	4.3
1527732291.79	4300	59.74898	0.0	2134614	26	4.3
1527732295.94	4300	59.748916	0.0	2164140	20	4.3
1527732299.6	4300	59.999216	0.0	2113193	26	4.3
1527732303.73	4300	59.998859	0.0	2147852	14	4.3
1527732307.89	4300	59.748773	0.0	2191074	17	4.3
1527732311.54	4300	59.998346	0.0	2286761	26	4.3
1527732315.7	4300	59.999164	0.0	2307787	27	4.3
1527732319.85	4300	59.749607	0.0	2143948	19	4.3
1527732324.01	4300	59.498653	0.0	1919781	24	4.3
1527732327.64	4300	59.998022	0.0	2147467	12	4.3
1527732331.8	4300	59.74806	0.0	2133870	15	4.3
1527732335.96	4300	59.749441	0.0	2146120	17	4.3
1527732339.62	4300	59.999306	0.0	2108491	27	4.3
1527732343.78	4300	59.748966	0.0	2184571	27	4.3
1527732347.93	4300	59.748559	0.0	2121928	21	4.3
1527732351.59	4300	59.999445	0.0	2219102	27	4.3
1527732355.76	4300	59.749279	0.0	2124950	26	4.3
1527732359.9	4300	59.749212	0.0	2246506	21	4.3
1527732363.53	4300	59.99915	0.0	1961140	22	4.3
1527732367.66	4300	59.998079	0.0	2155012	24	4.3
1527732369.27	4300	59.929335	0.0	1433658	16	4.3

1527732369.48	750	4	0.012	668286	2	-0.05159999999999998
1527732369.63	4300	7.954734	0.0	2123065	11	0.75
1527732369.77	4300	11.814761	0.0	2177073	24	4.3
1527732369.91	4300	15.684951	0.0	2160877	12	4.3
1527732370.04	4300	19.552976	0.0	2233056	13	4.3
1527732370.19	4300	23.404185	0.0	1941625	24	4.3
1527732370.32	4300	27.272216	0.0	2157535	14	4.3
1527732370.45	4300	31.14363	0.0	2290172	14	4.3
1527732370.58	4300	35.006877	0.0	2055469	20	4.3
1527732370.73	4300	38.863096	0.0	2169201	24	4.3
1527732370.86	4300	42.728258	0.0	2173522	18	4.3
1527732370.98	4300	46.603455	0.0	2102452	13	4.3
1527732371.11	4300	50.478579	0.0	2209463	15	4.3
1527732371.26	4300	54.331293	0.0	2275376	21	4.3
1527732371.4	4300	58.191703	0.0	2005399	18	4.3
1527732374.04	4300	59.748745	0.0	2152483	16	4.3
1527732377.7	4300	59.999035	0.0	2289689	19	4.3
1527732381.86	4300	59.749614	0.0	2059512	22	4.3
1527732386.02	4300	59.749057	0.0	2220726	26	4.3
1527732389.67	4300	59.999121	0.0	2156729	21	4.3
1527732393.82	4300	59.998758	0.0	2039773	24	4.3
1527732397.99	4300	59.749548	0.0	2176469	25	4.3
1527732401.64	4300	59.999235	0.0	2221506	18	4.3
1527732405.79	4300	59.99915	0.0	2044075	22	4.3
1527732409.94	4300	59.7494	0.0	2186790	22	4.3
1527732413.65	4300	59.999334	0.0	2105231	26	4.3
1527732417.8	4300	59.999203	0.0	2395588	19	4.3
1527732421.96	4300	59.749156	0.0	1972048	24	4.3
1527732425.61	4300	59.998163	0.0	2134614	21	4.3
1527732429.76	4300	59.998694	0.0	2164140	24	4.3
1527732433.91	4300	59.749407	0.0	2113193	17	4.3
1527732438.1	4300	59.749034	0.0	2147852	23	4.3
1527732442.29	4300	59.499193	0.0	2191074	20	4.3
1527732445.94	4300	59.748946	0.0	2286761	25	4.3
1527732449.6	4300	59.998218	0.0	2307787	27	4.3
1527732453.76	4300	59.998351	0.0	2143948	24	4.3
1527732457.91	4300	59.740106	0.0	1919781	19	4.3
1527732462.06	4300	59.749566	0.0	2147467	14	4.3
1527732465.72	4300	59.999349	0.0	2133870	24	4.3
1527732469.88	4300	59.748664	0.0	2146120	24	4.3
1527732474.04	4300	59.749274	0.0	2108491	24	4.3
1527732477.7	4300	59.999324	0.0	2184571	21	4.3
1527732481.86	4300	59.749378	0.0	2121928	23	4.3
1527732486.01	4300	59.748368	0.0	2219102	26	4.3
1527732489.66	4300	59.998726	0.0	2124950	22	4.3
1527732493.81	4300	59.999464	0.0	2246506	27	4.3
1527732497.95	4300	59.749571	0.0	1961140	22	4.3
1527732502.06	4300	59.749149	0.0	2155012	11	4.3
1527732503.74	4300	59.678811	0.0	1433658	18	4.3

1527732503.96	750	4	0.018	668286	3	-0.07740000000000002
1527732504.12	4300	7.94889	0.0	2123065	22	0.75
1527732504.26	4300	11.802251	0.0	2177073	26	4.3
1527732504.41	4300	15.654554	0.0	2160877	28	4.3
1527732504.54	4300	19.521324	0.0	2233056	13	4.3
1527732504.66	4300	23.399609	0.0	1941625	9	4.3
1527732504.8	4300	27.258929	0.0	2157535	26	4.3
1527732504.93	4300	31.13674	0.0	2290172	13	4.3
1527732505.07	4300	34.992897	0.0	2055469	27	4.3
1527732505.19	4300	38.871324	0.0	2169201	12	4.3
1527732505.32	4300	42.745439	0.0	2173522	13	4.3
1527732505.44	4300	46.620339	0.0	2102452	13	4.3
1527732505.57	4300	50.492221	0.0	2209463	15	4.3
1527732505.71	4300	54.359591	0.0	2275376	17	4.3
1527732505.82	4300	58.239776	0.0	2005399	10	4.3
1527732508.45	4300	59.747561	0.0	2152483	11	4.3
1527732512.6	4300	59.499442	0.0	2289689	22	4.3
1527732516.26	4300	59.998085	0.0	2059512	26	4.3
1527732520.42	4300	59.749637	0.0	2220726	27	4.3
1527732524.07	4300	59.999363	0.0	2156729	21	4.3
1527732528.23	4300	59.998581	0.0	2039773	23	4.3
