1527701315.82	750	4	0.018	450283	3	-0.07740000000000002
1527701315.95	4300	7.953478	0.0	2123065	15	0.75
1527701316.18	4300	11.821944	0.0	2177073	25	4.3
1527701316.29	4300	15.607886	0.0	2160877	20	4.3
1527701316.37	4300	19.53673	0.0	2233056	10	4.3
1527701316.53	4300	23.417042	0.0	1941625	10	4.3
1527701316.6	4300	27.302213	0.0	2157535	11	4.3
1527701316.67	4300	31.231444	0.0	2290172	10	4.3
1527701316.81	4300	35.161739	0.0	2055469	8	4.3
1527701316.91	4300	38.992351	0.0	2169201	10	4.3
1527701316.98	4300	42.921714	0.0	2173522	9	4.3
1527701317.13	4300	46.827727	0.0	2102452	22	4.3
1527701317.24	4300	50.663201	0.0	2209463	13	4.3
1527701317.31	4300	54.589863	0.0	2275376	12	4.3
1527701317.38	4300	58.516276	0.0	2005399	12	4.3
1527701320.01	4300	59.997828	0.0	2152483	7	4.3
1527701324.12	4300	59.999416	0.0	2289689	24	4.3
1527701328.22	4300	59.749259	0.0	2059512	23	4.3
1527701332.33	4300	59.748251	0.0	2220726	25	4.3
1527701335.94	4300	59.998653	0.0	2156729	24	4.3
1527701340.05	4300	59.999379	0.0	2039773	23	4.3
1527701344.16	4300	59.748931	0.0	2176469	24	4.3
1527701348.26	4300	59.748752	0.0	2221506	25	4.3
1527701352.37	4300	59.749	0.0	2044075	23	4.3
1527701356.48	4300	59.499501	0.0	2186790	24	4.3
1527701360.09	4300	59.998624	0.0	2105231	23	4.3
1527701364.2	4300	59.7497	0.0	2395588	26	4.3
1527701368.31	4300	59.749032	0.0	1972048	22	4.3
1527701371.91	4300	59.999375	0.0	2134614	24	4.3
1527701376.52	4300	59.464143	0.0	2164140	23	4.3
1527701380.63	4300	59.497723	0.0	2113193	24	4.3
1527701384.25	4300	59.747587	0.0	2147852	23	4.3
1527701388.35	4300	59.749396	0.0	2191074	21	4.3
1527701391.96	4300	59.999247	0.0	2286761	24	4.3
1527701396.06	4300	59.999159	0.0	2307787	21	4.3
1527701400.17	4300	59.748368	0.0	2143948	24	4.3
1527701404.27	4300	59.749015	0.0	1919781	20	4.3
1527701408.36	4300	59.747904	0.0	2147467	12	4.3
1527701411.98	4300	59.997917	0.0	2133870	23	4.3
1527701416.09	4300	59.998925	0.0	2146120	26	4.3
1527701420.2	4300	59.749476	0.0	2108491	25	4.3
1527701424.31	4300	59.748618	0.0	2184571	25	4.3
1527701428.43	4300	59.49855	0.0	2121928	27	4.3
1527701432.04	4300	59.999449	0.0	2219102	24	4.3
1527701436.64	4300	59.364629	0.0	2124950	20	4.3
1527701440.22	4300	59.74874	0.0	2246506	7	4.3
1527701444.32	4300	59.747768	0.0	1961140	23	4.3
1527701447.92	4300	59.99803	0.0	2155012	17	4.3
1527701450.01	4300	59.679295	0.0	1433658	16	4.3

1527701450.23	750	4	0.015	668286	2	-0.0645
1527701450.31	4300	7.980649	0.0	2123065	7	0.75
1527701450.38	4300	11.903855	0.0	2177073	13	4.3
1527701450.45	4300	15.837745	0.0	2160877	7	4.3
1527701450.52	4300	19.772306	0.0	2233056	8	4.3
1527701450.58	4300	23.705767	0.0	1941625	8	4.3
1527701450.65	4300	27.638522	0.0	2157535	8	4.3
1527701450.72	4300	31.564382	0.0	2290172	9	4.3
1527701450.79	4300	35.499214	0.0	2055469	7	4.3
1527701450.86	4300	39.434268	0.0	2169201	9	4.3
1527701450.92	4300	43.365846	0.0	2173522	10	4.3
1527701450.99	4300	47.299676	0.0	2102452	8	4.3
1527701451.05	4300	51.235522	0.0	2209463	8	4.3
1527701451.12	4300	55.166516	0.0	2275376	9	4.3
1527701451.19	4300	59.102425	0.0	2005399	8	4.3
1527701454.79	4300	59.747919	0.0	2152483	17	4.3
1527701458.4	4300	59.9982	0.0	2289689	19	4.3
1527701462.49	4300	59.998005	0.0	2059512	15	4.3
1527701466.6	4300	59.748069	0.0	2220726	21	4.3
1527701470.7	4300	59.748679	0.0	2156729	22	4.3
1527701474.79	4300	59.499005	0.0	2039773	14	4.3
1527701478.9	4300	59.498145	0.0	2176469	20	4.3
1527701482.5	4300	59.998635	0.0	2221506	21	4.3
1527701486.61	4300	59.74915	0.0	2044075	18	4.3
1527701490.71	4300	59.748487	0.0	2186790	25	4.3
1527701494.31	4300	59.999316	0.0	2105231	24	4.3
1527701498.42	4300	59.999351	0.0	2395588	25	4.3
1527701502.53	4300	59.997869	0.0	1972048	20	4.3
1527701506.64	4300	59.748909	0.0	2134614	21	4.3
1527701510.75	4300	59.749171	0.0	2164140	23	4.3
1527701514.37	4300	59.999406	0.0	2113193	23	4.3
1527701518.48	4300	59.999068	0.0	2147852	24	4.3
1527701522.58	4300	59.749303	0.0	2191074	19	4.3
1527701526.69	4300	59.747848	0.0	2286761	18	4.3
1527701530.29	4300	59.999002	0.0	2307787	24	4.3
1527701534.4	4300	59.999223	0.0	2143948	21	4.3
1527701538.5	4300	59.999156	0.0	1919781	22	4.3
1527701542.58	4300	59.749101	0.0	2147467	11	4.3
1527701546.69	4300	59.748735	0.0	2133870	24	4.3
1527701550.29	4300	59.998991	0.0	2146120	26	4.3
1527701554.4	4300	59.998357	0.0	2108491	25	4.3
1527701558.51	4300	59.999237	0.0	2184571	25	4.3
1527701562.62	4300	59.748734	0.0	2121928	26	4.3
1527701566.73	4300	59.747917	0.0	2219102	24	4.3
1527701570.33	4300	59.99835	0.0	2124950	24	4.3
1527701574.44	4300	59.9988	0.0	2246506	25	4.3
1527701578.55	4300	59.998143	0.0	1961140	25	4.3
1527701582.64	4300	59.748556	0.0	2155012	10	4.3
1527701584.23	4300	59.928684	0.0	1433658	17	4.3

1527701584.46	750	4	0.014	668286	3	-0.06020000000000003
1527701584.54	4300	7.977167	0.0	2123065	7	0.75
1527701584.62	4300	11.889999	0.0	2177073	17	4.3
1527701584.7	4300	15.812313	0.0	2160877	11	4.3
1527701584.78	4300	19.729854	0.0	2233056	17	4.3
1527701584.86	4300	23.655796	0.0	1941625	10	4.3
1527701584.94	4300	27.574222	0.0	2157535	17	4.3
1527701585.01	4300	31.503581	0.0	2290172	6	4.3
1527701585.07	4300	35.440616	0.0	2055469	5	4.3
1527701585.14	4300	39.374016	0.0	2169201	6	4.3
1527701585.21	4300	43.304509	0.0	2173522	6	4.3
1527701585.27	4300	47.239571	0.0	2102452	6	4.3
1527701585.34	4300	51.173976	0.0	2209463	7	4.3
1527701585.41	4300	55.106707	0.0	2275376	6	4.3
1527701585.47	4300	59.043469	0.0	2005399	7	4.3
1527701588.56	4300	59.998729	0.0	2152483	7	4.3
1527701592.67	4300	59.998887	0.0	2289689	22	4.3
1527701596.78	4300	59.747956	0.0	2059512	18	4.3
1527701600.88	4300	59.748067	0.0	2220726	21	4.3
1527701604.99	4300	59.74782	0.0	2156729	23	4.3
1527701609.1	4300	59.49914	0.0	2039773	20	4.3
1527701612.71	4300	59.99938	0.0	2176469	23	4.3
