1527756415.58	750	4	0.03	2354772	10	-0.129
1527756415.7	4300	7.968027	0.0	2123065	16	0.75
1527756415.77	4300	11.896546	0.0	2177073	10	4.3
1527756415.84	4300	15.824816	0.0	2160877	9	4.3
1527756415.91	4300	19.749726	0.0	2233056	9	4.3
1527756415.99	4300	23.679059	0.0	1941625	11	4.3
1527756416.06	4300	27.60421	0.0	2157535	12	4.3
1527756416.14	4300	31.529888	0.0	2290172	12	4.3
1527756416.21	4300	35.454954	0.0	2055469	11	4.3
1527756416.29	4300	39.380137	0.0	2169201	13	4.3
1527756416.39	4300	43.277512	0.0	2173522	26	4.3
1527756416.46	4300	47.202799	0.0	2102452	10	4.3
1527756416.56	4300	51.109973	0.0	2209463	21	4.3
1527756416.68	4300	54.989779	0.0	2275376	26	4.3
1527756416.74	4300	58.923164	0.0	2005399	7	4.3
1527756419.85	4300	59.999291	0.0	2152483	24	4.3
1527756423.96	4300	59.749218	0.0	2289689	22	4.3
1527756428.06	4300	59.748663	0.0	2059512	18	4.3
1527756432.17	4300	59.748646	0.0	2220726	24	4.3
1527756435.77	4300	59.998115	0.0	2156729	24	4.3
1527756439.88	4300	59.998212	0.0	2039773	22	4.3
1527756443.99	4300	59.749071	0.0	2176469	24	4.3
1527756448.1	4300	59.747777	0.0	2221506	25	4.3
1527756451.7	4300	59.998927	0.0	2044075	25	4.3
1527756456.31	4300	59.498812	0.0	2186790	24	4.3
1527756459.92	4300	59.749521	0.0	2105231	25	4.3
1527756464.03	4300	59.749614	0.0	2395588	27	4.3
1527756468.14	4300	59.748095	0.0	1972048	25	4.3
1527756471.75	4300	59.998724	0.0	2134614	24	4.3
1527756476.36	4300	59.498638	0.0	2164140	22	4.3
1527756479.97	4300	59.749582	0.0	2113193	23	4.3
1527756484.07	4300	59.748774	0.0	2147852	22	4.3
1527756487.68	4300	59.999016	0.0	2191074	22	4.3
1527756491.79	4300	59.998883	0.0	2286761	20	4.3
1527756496.4	4300	59.499225	0.0	2307787	22	4.3
1527756500.01	4300	59.749589	0.0	2143948	24	4.3
1527756504.11	4300	59.749372	0.0	1919781	21	4.3
1527756507.72	4300	59.999338	0.0	2147467	24	4.3
1527756511.82	4300	59.998786	0.0	2133870	19	4.3
1527756515.93	4300	59.749483	0.0	2146120	26	4.3
1527756520.04	4300	59.749036	0.0	2108491	22	4.3
1527756524.15	4300	59.748582	0.0	2184571	25	4.3
1527756528.26	4300	59.499297	0.0	2121928	26	4.3
1527756531.92	4300	59.998469	0.0	2219102	25	4.3
1527756536.1	4300	59.739733	0.0	2124950	23	4.3
1527756539.7	4300	59.998621	0.0	2246506	23	4.3
1527756543.81	4300	59.998393	0.0	1961140	18	4.3
1527756547.91	4300	59.998774	0.0	2155012	23	4.3
1527756549.51	4300	59.929636	0.0	1433658	15	4.3

1527756549.73	750	4	0.017	668286	3	-0.07309999999999994
1527756549.8	4300	7.977988	0.0	2123065	7	0.75
1527756549.86	4300	11.915425	0.0	2177073	5	4.3
1527756549.92	4300	15.852004	0.0	2160877	6	4.3
1527756549.99	4300	19.790042	0.0	2233056	7	4.3
1527756550.05	4300	23.72235	0.0	1941625	5	4.3
1527756550.12	4300	27.65665	0.0	2157535	6	4.3
1527756550.18	4300	31.593664	0.0	2290172	7	4.3
1527756550.25	4300	35.530496	0.0	2055469	7	4.3
1527756550.31	4300	39.465772	0.0	2169201	8	4.3
1527756550.37	4300	43.402965	0.0	2173522	8	4.3
1527756550.44	4300	47.338179	0.0	2102452	8	4.3
1527756550.5	4300	51.274518	0.0	2209463	7	4.3
1527756550.57	4300	55.21143	0.0	2275376	7	4.3
1527756550.65	4300	59.132313	0.0	2005399	15	4.3
1527756554.23	4300	59.74874	0.0	2152483	10	4.3
1527756557.83	4300	59.998317	0.0	2289689	17	4.3
1527756561.95	4300	59.99895	0.0	2059512	15	4.3
1527756566.06	4300	59.748985	0.0	2220726	23	4.3
1527756570.17	4300	59.74863	0.0	2156729	27	4.3
1527756574.28	4300	59.748385	0.0	2039773	24	4.3
1527756577.89	4300	59.998772	0.0	2176469	23	4.3
1527756582.5	4300	59.499193	0.0	2221506	24	4.3
1527756586.11	4300	59.749176	0.0	2044075	22	4.3
1527756590.22	4300	59.748895	0.0	2186790	22	4.3
1527756593.82	4300	59.997832	0.0	2105231	13	4.3
1527756597.92	4300	59.998077	0.0	2395588	16	4.3
1527756602.03	4300	59.997707	0.0	1972048	22	4.3
1527756606.14	4300	59.748749	0.0	2134614	24	4.3
1527756610.25	4300	59.749394	0.0	2164140	25	4.3
1527756613.86	4300	59.997712	0.0	2113193	23	4.3
1527756617.96	4300	59.998893	0.0	2147852	23	4.3
1527756622.05	4300	59.747767	0.0	2191074	14	4.3
1527756626.15	4300	59.749344	0.0	2286761	20	4.3
1527756630.26	4300	59.749233	0.0	2307787	23	4.3
1527756633.87	4300	59.999452	0.0	2143948	26	4.3
1527756638.47	4300	59.498698	0.0	1919781	23	4.3
1527756642.05	4300	59.749153	0.0	2147467	13	4.3
1527756646.16	4300	59.749333	0.0	2133870	23	4.3
1527756650.27	4300	59.749429	0.0	2146120	25	4.3
1527756653.87	4300	59.999443	0.0	2108491	23	4.3
1527756657.98	4300	59.999492	0.0	2184571	24	4.3
1527756662.09	4300	59.749613	0.0	2121928	24	4.3
1527756666.2	4300	59.749013	0.0	2219102	24	4.3
1527756670.31	4300	59.499534	0.0	2124950	23	4.3
1527756673.92	4300	59.99937	0.0	2246506	25	4.3
1527756678.53	4300	59.499638	0.0	1961140	21	4.3
1527756682.11	4300	59.749462	0.0	2155012	9	4.3
1527756683.7	4300	59.927588	0.0	1433658	16	4.3

1527756683.91	750	4	0.014	668286	3	-0.06020000000000003
1527756683.98	4300	7.981018	0.0	2123065	6	0.75
1527756684.09	4300	11.882501	0.0	2177073	26	4.3
1527756684.16	4300	15.80952	0.0	2160877	12	4.3
1527756684.23	4300	19.73152	0.0	2233056	14	4.3
1527756684.3	4300	23.667552	0.0	1941625	5	4.3
1527756684.36	4300	27.603392	0.0	2157535	7	4.3
1527756684.43	4300	31.534234	0.0	2290172	6	4.3
1527756684.49	4300	35.472629	0.0	2055469	5	4.3
1527756684.56	4300	39.40574	0.0	2169201	8	4.3
1527756684.62	4300	43.343888	0.0	2173522	7	4.3
1527756684.68	4300	47.281864	0.0	2102452	7	4.3
1527756684.75	4300	51.218507	0.0	2209463	7	4.3
1527756684.81	4300	55.153976	0.0	2275376	6	4.3
1527756684.88	4300	59.089666	0.0	2005399	7	4.3
