1528204055.33	750	4	0.011	450283	2	-0.04730000000000001
1528204055.4	4300	7.97755	0.0	2123065	7	0.75
1528204055.5	4300	11.874206	0.0	2177073	24	4.3
1528204055.6	4300	15.780418	0.0	2160877	23	4.3
1528204055.68	4300	19.702224	0.0	2233056	12	4.3
1528204055.78	4300	23.604253	0.0	1941625	24	4.3
1528204055.87	4300	27.506346	0.0	2157535	23	4.3
1528204055.95	4300	31.425821	0.0	2290172	15	4.3
1528204056.05	4300	35.329855	0.0	2055469	25	4.3
1528204056.14	4300	39.237315	0.0	2169201	27	4.3
1528204056.24	4300	43.143195	0.0	2173522	22	4.3
1528204056.33	4300	47.05225	0.0	2102452	22	4.3
1528204056.41	4300	50.973121	0.0	2209463	13	4.3
1528204056.5	4300	54.877086	0.0	2275376	24	4.3
1528204056.59	4300	58.788322	0.0	2005399	23	4.3
1528204059.69	4300	59.749185	0.0	2152483	14	4.3
1528204063.8	4300	59.74831	0.0	2289689	16	4.3
1528204067.97	4300	59.49956	0.0	2059512	24	4.3
1528204071.57	4300	59.999441	0.0	2220726	22	4.3
1528204075.67	4300	59.749911	0.0	2156729	22	4.3
1528204079.78	4300	59.7496	0.0	2039773	22	4.3
1528204083.38	4300	59.998461	0.0	2176469	23	4.3
1528204087.99	4300	59.49929	0.0	2221506	22	4.3
1528204091.6	4300	59.999242	0.0	2044075	24	4.3
1528204095.7	4300	59.749951	0.0	2186790	24	4.3
1528204099.84	4300	59.749847	0.0	2105231	26	4.3
1528204103.95	4300	59.498038	0.0	2395588	26	4.3
1528204107.56	4300	59.999018	0.0	1972048	20	4.3
1528204111.67	4300	59.749619	0.0	2134614	24	4.3
1528204115.79	4300	59.749122	0.0	2164140	24	4.3
1528204119.89	4300	59.499145	0.0	2113193	20	4.3
1528204123.5	4300	59.998316	0.0	2147852	23	4.3
1528204127.6	4300	59.9994	0.0	2191074	20	4.3
1528204131.71	4300	59.748181	0.0	2286761	26	4.3
1528204135.81	4300	59.749317	0.0	2307787	28	4.3
1528204139.43	4300	59.999386	0.0	2143948	27	4.3
1528204144.03	4300	59.499727	0.0	1919781	22	4.3
1528204148.11	4300	59.49963	0.0	2147467	11	4.3
1528204151.72	4300	59.748673	0.0	2133870	26	4.3
1528204155.83	4300	59.749605	0.0	2146120	23	4.3
1528204159.43	4300	59.998231	0.0	2108491	22	4.3
1528204164.04	4300	59.499422	0.0	2184571	23	4.3
1528204167.65	4300	59.74978	0.0	2121928	22	4.3
1528204171.77	4300	59.749905	0.0	2219102	27	4.3
1528204175.87	4300	59.679388	0.0	2124950	21	4.3
1528204179.48	4300	59.997913	0.0	2246506	24	4.3
1528204183.58	4300	59.999096	0.0	1961140	20	4.3
1528204187.69	4300	59.749928	0.0	2155012	24	4.3
1528204189.28	4300	59.92961	0.0	1433658	18	4.3

1528204189.48	750	4	0.024	2354772	6	-0.10319999999999996
1528204189.57	4300	7.969512	0.0	2123065	16	0.75
1528204189.67	4300	11.868952	0.0	2177073	25	4.3
1528204189.74	4300	15.794785	0.0	2160877	11	4.3
1528204189.83	4300	19.70423	0.0	2233056	19	4.3
1528204189.92	4300	23.618579	0.0	1941625	18	4.3
1528204190.01	4300	27.524083	0.0	2157535	15	4.3
1528204190.11	4300	31.431414	0.0	2290172	21	4.3
1528204190.21	4300	35.319524	0.0	2055469	40	4.3
1528204190.3	4300	39.231781	0.0	2169201	25	4.3
1528204190.4	4300	43.140761	0.0	2173522	25	4.3
1528204190.47	4300	47.064212	0.0	2102452	14	4.3
1528204190.56	4300	50.979453	0.0	2209463	17	4.3
1528204190.66	4300	54.876637	0.0	2275376	26	4.3
1528204190.75	4300	58.789139	0.0	2005399	22	4.3
1528204193.85	4300	59.748285	0.0	2152483	26	4.3
1528204197.96	4300	59.748728	0.0	2289689	31	4.3
1528204201.56	4300	59.997706	0.0	2059512	20	4.3
1528204205.68	4300	59.997294	0.0	2220726	27	4.3
1528204209.79	4300	59.749241	0.0	2156729	27	4.3
1528204213.9	4300	59.749501	0.0	2039773	22	4.3
1528204218.01	4300	59.74813	0.0	2176469	27	4.3
1528204221.62	4300	59.999122	0.0	2221506	26	4.3
1528204225.73	4300	59.998666	0.0	2044075	24	4.3
1528204229.83	4300	59.748824	0.0	2186790	25	4.3
1528204233.94	4300	59.749742	0.0	2105231	26	4.3
1528204238.02	4300	59.748504	0.0	2395588	8	4.3
1528204241.61	4300	59.99806	0.0	1972048	17	4.3
1528204245.72	4300	59.99947	0.0	2134614	26	4.3
1528204249.82	4300	59.749079	0.0	2164140	23	4.3
1528204253.93	4300	59.749128	0.0	2113193	25	4.3
1528204258.04	4300	59.749219	0.0	2147852	24	4.3
1528204261.64	4300	59.998645	0.0	2191074	27	4.3
1528204265.75	4300	59.99868	0.0	2286761	25	4.3
1528204269.86	4300	59.74914	0.0	2307787	26	4.3
1528204273.96	4300	59.747764	0.0	2143948	26	4.3
1528204277.57	4300	59.998666	0.0	1919781	24	4.3
1528204281.67	4300	59.999386	0.0	2147467	26	4.3
1528204285.79	4300	59.999465	0.0	2133870	23	4.3
1528204289.88	4300	59.748472	0.0	2146120	14	4.3
1528204293.98	4300	59.747905	0.0	2108491	23	4.3
1528204297.72	4300	59.999439	0.0	2184571	25	4.3
1528204301.87	4300	59.747956	0.0	2121928	23	4.3
1528204305.98	4300	59.749132	0.0	2219102	26	4.3
1528204309.63	4300	59.998844	0.0	2124950	25	4.3
1528204313.74	4300	59.999109	0.0	2246506	26	4.3
1528204317.85	4300	59.748927	0.0	1961140	23	4.3
1528204321.96	4300	59.748851	0.0	2155012	26	4.3
1528204323.68	4300	59.679191	0.0	1433658	17	4.3

1528204324.01	750	4	0.023	2354772	6	-0.09889999999999999
1528204324.11	4300	7.954211	0.0	2123065	7	0.75
1528204324.21	4300	11.863169	0.0	2177073	20	4.3
1528204324.31	4300	15.762399	0.0	2160877	26	4.3
1528204324.4	4300	19.663175	0.0	2233056	28	4.3
1528204324.49	4300	23.574587	0.0	1941625	23	4.3
1528204324.57	4300	27.493924	0.0	2157535	15	4.3
1528204324.67	4300	31.392978	0.0	2290172	28	4.3
1528204324.74	4300	35.321946	0.0	2055469	12	4.3
1528204324.83	4300	39.231788	0.0	2169201	22	4.3
1528204324.92	4300	43.14357	0.0	2173522	18	4.3
1528204325.02	4300	47.043323	0.0	2102452	26	4.3
1528204325.12	4300	50.947057	0.0	2209463	24	4.3
1528204325.19	4300	54.876517	0.0	2275376	11	4.3
1528204325.27	4300	58.790791	0.0	2005399	21	4.3
1528204328.36	4300	59.748042	0.0	2152483	14	4.3
1528204332.46	4300	59.749248	0.0	2289689	27	4.3
1528204336.07	4300	59.999265	0.0	2059512	22	4.3
1528204340.18	4300	59.997748	0.0	2220726	25	4.3
1528204344.28	4300	59.998899	0.0	2156729	23	4.3
1528204348.4	4300	59.748617	0.0	2039773	24	4.3
1528204352.51	4300	59.749472	0.0	2176469	27	4.3
1528204356.12	4300	59.999332	0.0	2221506	27	4.3
1528204360.22	4300	59.999078	0.0	2044075	22	4.3
1528204364.33	4300	59.748716	0.0	2186790	26	4.3
1528204368.44	4300	59.749622	0.0	2105231	27	4.3
1528204372.55	4300	59.747995	0.0	2395588	28	4.3
1528204376.15	4300	59.998777	0.0	1972048	22	4.3
1528204380.26	4300	59.999237	0.0	2134614	23	4.3
1528204384.37	4300	59.74932	0.0	2164140	25	4.3
1528204388.47	4300	59.749289	0.0	2113193	22	4.3
1528204392.09	4300	59.99891	0.0	2147852	25	4.3
1528204396.19	4300	59.998674	0.0	2191074	25	4.3
1528204400.33	4300	59.998562	0.0	2286761	24	4.3
1528204404.44	4300	59.747608	0.0	2307787	29	4.3
1528204408.55	4300	59.747764	0.0	2143948	24	4.3
1528204412.15	4300	59.998174	0.0	1919781	24	4.3
1528204416.26	4300	59.998612	0.0	2147467	26	4.3
1528204420.38	4300	59.747994	0.0	2133870	26	4.3
1528204424.46	4300	59.748145	0.0	2146120	11	4.3
1528204428.57	4300	59.749288	0.0	2108491	22	4.3
