1527640915.47	750	4	0.024	2354772	7	-0.10319999999999996
1527640915.61	4300	7.965176	0.0	2123065	22	0.75
1527640915.75	4300	11.820993	0.0	2177073	24	4.3
1527640915.9	4300	15.674648	0.0	2160877	22	4.3
1527640916.04	4300	19.536375	0.0	2233056	20	4.3
1527640916.19	4300	23.390449	0.0	1941625	17	4.3
1527640916.33	4300	27.245771	0.0	2157535	25	4.3
1527640916.48	4300	31.099961	0.0	2290172	26	4.3
1527640916.62	4300	34.957836	0.0	2055469	24	4.3
1527640916.75	4300	38.823612	0.0	2169201	19	4.3
1527640916.9	4300	42.681193	0.0	2173522	26	4.3
1527640917.04	4300	46.533846	0.0	2102452	26	4.3
1527640917.18	4300	50.398401	0.0	2209463	19	4.3
1527640917.35	4300	54.234894	0.0	2275376	24	4.3
1527640917.49	4300	58.081894	0.0	2005399	25	4.3
1527640919.64	4300	59.998913	0.0	2152483	18	4.3
1527640923.79	4300	59.998667	0.0	2289689	25	4.3
1527640927.95	4300	59.749122	0.0	2059512	26	4.3
1527640931.6	4300	59.999048	0.0	2220726	23	4.3
1527640935.75	4300	59.998852	0.0	2156729	23	4.3
1527640939.9	4300	59.749048	0.0	2039773	22	4.3
1527640944.06	4300	59.748715	0.0	2176469	25	4.3
1527640947.72	4300	59.997829	0.0	2221506	23	4.3
1527640951.87	4300	59.749293	0.0	2044075	23	4.3
1527640956.03	4300	59.748944	0.0	2186790	23	4.3
1527640959.68	4300	59.997684	0.0	2105231	24	4.3
1527640963.84	4300	59.748306	0.0	2395588	27	4.3
1527640968.01	4300	59.747912	0.0	1972048	21	4.3
1527640971.71	4300	59.998011	0.0	2134614	26	4.3
1527640975.87	4300	59.748066	0.0	2164140	26	4.3
1527640980.05	4300	59.74882	0.0	2113193	24	4.3
1527640983.71	4300	59.997505	0.0	2147852	22	4.3
1527640987.87	4300	59.748625	0.0	2191074	25	4.3
1527640992.06	4300	59.749548	0.0	2286761	19	4.3
1527640995.71	4300	59.998068	0.0	2307787	27	4.3
1527640999.87	4300	59.749521	0.0	2143948	25	4.3
1527641004.02	4300	59.748663	0.0	1919781	19	4.3
1527641007.68	4300	59.999288	0.0	2147467	24	4.3
1527641011.84	4300	59.748265	0.0	2133870	24	4.3
1527641016.01	4300	59.748596	0.0	2146120	22	4.3
1527641019.77	4300	59.99766	0.0	2108491	18	4.3
1527641023.93	4300	59.748666	0.0	2184571	24	4.3
1527641027.6	4300	59.998685	0.0	2121928	24	4.3
1527641031.76	4300	59.998819	0.0	2219102	25	4.3
1527641035.9	4300	59.748569	0.0	2124950	20	4.3
1527641040.05	4300	59.749133	0.0	2246506	21	4.3
1527641043.68	4300	59.999413	0.0	1961140	23	4.3
1527641047.81	4300	59.999222	0.0	2155012	25	4.3
1527641049.42	4300	59.929068	0.0	1433658	15	4.3

1527641049.63	750	4	0.015	668286	2	-0.0645
1527641049.79	4300	7.952353	0.0	2123065	17	0.75
1527641049.96	4300	11.812473	0.0	2177073	24	4.3
1527641050.12	4300	15.628973	0.0	2160877	21	4.3
1527641050.26	4300	19.48096	0.0	2233056	20	4.3
1527641050.4	4300	23.339537	0.0	1941625	24	4.3
1527641050.55	4300	27.192254	0.0	2157535	26	4.3
1527641050.68	4300	31.058763	0.0	2290172	16	4.3
1527641050.82	4300	34.917582	0.0	2055469	25	4.3
1527641050.97	4300	38.77093	0.0	2169201	24	4.3
1527641051.12	4300	42.619524	0.0	2173522	25	4.3
1527641051.27	4300	46.471434	0.0	2102452	23	4.3
1527641051.42	4300	50.322585	0.0	2209463	26	4.3
1527641051.55	4300	54.185007	0.0	2275376	19	4.3
1527641051.69	4300	58.045852	0.0	2005399	19	4.3
1527641053.87	4300	59.999029	0.0	2152483	10	4.3
1527641058.05	4300	59.749595	0.0	2289689	23	4.3
1527641062.24	4300	59.749591	0.0	2059512	25	4.3
1527641066.39	4300	59.499481	0.0	2220726	23	4.3
1527641070.04	4300	59.749045	0.0	2156729	17	4.3
1527641074.19	4300	59.749662	0.0	2039773	21	4.3
1527641077.85	4300	59.999455	0.0	2176469	27	4.3
1527641082.01	4300	59.748943	0.0	2221506	26	4.3
1527641086.16	4300	59.748239	0.0	2044075	20	4.3
1527641089.82	4300	59.998535	0.0	2186790	24	4.3
1527641094.47	4300	59.499431	0.0	2105231	19	4.3
1527641098.11	4300	59.747851	0.0	2395588	19	4.3
1527641101.78	4300	59.997739	0.0	1972048	25	4.3
1527641105.95	4300	59.999276	0.0	2134614	27	4.3
1527641110.1	4300	59.747706	0.0	2164140	22	4.3
1527641113.77	4300	59.999493	0.0	2113193	22	4.3
1527641117.93	4300	59.998749	0.0	2147852	27	4.3
1527641122.07	4300	59.749548	0.0	2191074	20	4.3
1527641126.24	4300	59.749292	0.0	2286761	27	4.3
1527641129.9	4300	59.999292	0.0	2307787	25	4.3
1527641134.07	4300	59.747754	0.0	2143948	27	4.3
1527641138.22	4300	59.749526	0.0	1919781	23	4.3
1527641141.88	4300	59.999065	0.0	2147467	26	4.3
1527641146.04	4300	59.749668	0.0	2133870	27	4.3
1527641150.19	4300	59.748275	0.0	2146120	20	4.3
1527641153.84	4300	59.999423	0.0	2108491	23	4.3
1527641158.0	4300	59.748913	0.0	2184571	26	4.3
1527641162.16	4300	59.748892	0.0	2121928	22	4.3
1527641165.85	4300	59.99879	0.0	2219102	21	4.3
1527641170.0	4300	59.749556	0.0	2124950	25	4.3
1527641174.15	4300	59.749242	0.0	2246506	26	4.3
1527641177.78	4300	59.998841	0.0	1961140	23	4.3
1527641182.41	4300	59.499231	0.0	2155012	24	4.3
1527641183.52	4300	59.929296	0.0	1433658	17	4.3

1527641183.8	750	4	0.015	668286	4	-0.0645
1527641183.96	4300	7.943342	0.0	2123065	25	0.75
1527641184.11	4300	11.796117	0.0	2177073	29	4.3
1527641184.26	4300	15.648302	0.0	2160877	18	4.3
1527641184.41	4300	19.499052	0.0	2233056	26	4.3
1527641184.55	4300	23.353131	0.0	1941625	22	4.3
1527641184.69	4300	27.215299	0.0	2157535	22	4.3
1527641184.83	4300	31.071864	0.0	2290172	29	4.3
1527641184.98	4300	34.928065	0.0	2055469	24	4.3
1527641185.11	4300	38.794647	0.0	2169201	18	4.3
1527641185.25	4300	42.651472	0.0	2173522	27	4.3
1527641185.4	4300	46.503157	0.0	2102452	27	4.3
1527641185.55	4300	50.354876	0.0	2209463	26	4.3
1527641185.68	4300	54.222718	0.0	2275376	15	4.3
1527641185.82	4300	58.084466	0.0	2005399	23	4.3
1527641187.98	4300	59.999106	0.0	2152483	11	4.3
1527641192.13	4300	59.997967	0.0	2289689	18	4.3
1527641196.28	4300	59.748304	0.0	2059512	23	4.3
1527641199.93	4300	59.999345	0.0	2220726	24	4.3
1527641204.08	4300	59.997986	0.0	2156729	25	4.3
1527641208.23	4300	59.749139	0.0	2039773	22	4.3
1527641212.41	4300	59.747827	0.0	2176469	21	4.3
1527641216.06	4300	59.998031	0.0	2221506	24	4.3
1527641220.22	4300	59.74891	0.0	2044075	22	4.3
1527641224.37	4300	59.748413	0.0	2186790	22	4.3
