1527692634.55	750	4	0.027	2354772	7	-0.11609999999999998
1527692634.68	4300	7.960627	0.0	2123065	21	0.75
1527692634.77	4300	11.864866	0.0	2177073	24	4.3
1527692634.85	4300	15.785699	0.0	2160877	12	4.3
1527692634.93	4300	19.707051	0.0	2233056	16	4.3
1527692635.01	4300	23.629198	0.0	1941625	10	4.3
1527692635.09	4300	27.552177	0.0	2157535	11	4.3
1527692635.16	4300	31.477302	0.0	2290172	13	4.3
1527692635.24	4300	35.402981	0.0	2055469	12	4.3
1527692635.34	4300	39.299683	0.0	2169201	24	4.3
1527692635.44	4300	43.202279	0.0	2173522	24	4.3
1527692635.51	4300	47.125423	0.0	2102452	11	4.3
1527692635.61	4300	51.026601	0.0	2209463	26	4.3
1527692635.7	4300	54.938439	0.0	2275376	10	4.3
1527692635.76	4300	58.876403	0.0	2005399	6	4.3
1527692638.86	4300	59.999411	0.0	2152483	20	4.3
1527692642.96	4300	59.749177	0.0	2289689	22	4.3
1527692647.07	4300	59.749219	0.0	2059512	22	4.3
1527692650.68	4300	59.999419	0.0	2220726	26	4.3
1527692654.78	4300	59.998563	0.0	2156729	20	4.3
1527692658.89	4300	59.749269	0.0	2039773	24	4.3
1527692663.0	4300	59.74847	0.0	2176469	23	4.3
1527692667.11	4300	59.74837	0.0	2221506	25	4.3
1527692670.71	4300	59.998769	0.0	2044075	23	4.3
1527692674.82	4300	59.999068	0.0	2186790	23	4.3
1527692678.93	4300	59.748251	0.0	2105231	23	4.3
1527692683.04	4300	59.749325	0.0	2395588	30	4.3
1527692687.13	4300	59.748856	0.0	1972048	14	4.3
1527692690.73	4300	59.998886	0.0	2134614	21	4.3
1527692694.83	4300	59.998913	0.0	2164140	20	4.3
1527692698.94	4300	59.749484	0.0	2113193	25	4.3
1527692703.05	4300	59.748518	0.0	2147852	23	4.3
1527692706.68	4300	59.998259	0.0	2191074	23	4.3
1527692710.79	4300	59.999077	0.0	2286761	26	4.3
1527692714.9	4300	59.749427	0.0	2307787	25	4.3
1527692719.01	4300	59.748513	0.0	2143948	23	4.3
1527692723.12	4300	59.748355	0.0	1919781	22	4.3
1527692726.71	4300	59.998945	0.0	2147467	8	4.3
1527692730.8	4300	59.997656	0.0	2133870	18	4.3
1527692734.92	4300	59.747964	0.0	2146120	20	4.3
1527692739.02	4300	59.747086	0.0	2108491	19	4.3
1527692743.13	4300	59.747783	0.0	2184571	24	4.3
1527692746.74	4300	59.999356	0.0	2121928	24	4.3
1527692750.84	4300	59.998111	0.0	2219102	21	4.3
1527692754.96	4300	59.747522	0.0	2124950	22	4.3
1527692759.06	4300	59.748581	0.0	2246506	22	4.3
1527692762.66	4300	59.997521	0.0	1961140	23	4.3
1527692766.77	4300	59.999222	0.0	2155012	23	4.3
1527692768.87	4300	59.677651	0.0	1433658	17	4.3

1527692769.1	750	4	0.017	668286	1	-0.07309999999999994
1527692769.19	4300	7.961226	0.0	2123065	14	0.75
1527692769.29	4300	11.859954	0.0	2177073	25	4.3
1527692769.37	4300	15.784642	0.0	2160877	12	4.3
1527692769.47	4300	19.68724	0.0	2233056	16	4.3
1527692769.53	4300	23.620689	0.0	1941625	8	4.3
1527692769.61	4300	27.547319	0.0	2157535	9	4.3
1527692769.68	4300	31.472371	0.0	2290172	10	4.3
1527692769.75	4300	35.403166	0.0	2055469	9	4.3
1527692769.82	4300	39.334465	0.0	2169201	10	4.3
1527692769.92	4300	43.233094	0.0	2173522	26	4.3
1527692769.99	4300	47.159689	0.0	2102452	11	4.3
1527692770.09	4300	51.057849	0.0	2209463	18	4.3
1527692770.19	4300	54.960154	0.0	2275376	24	4.3
1527692770.27	4300	58.880585	0.0	2005399	12	4.3
1527692773.38	4300	59.999185	0.0	2152483	23	4.3
1527692777.49	4300	59.749751	0.0	2289689	20	4.3
1527692781.59	4300	59.749048	0.0	2059512	22	4.3
1527692785.2	4300	59.9988	0.0	2220726	23	4.3
1527692789.31	4300	59.999057	0.0	2156729	21	4.3
1527692793.5	4300	59.74838	0.0	2039773	23	4.3
1527692797.62	4300	59.749102	0.0	2176469	25	4.3
1527692801.22	4300	59.999224	0.0	2221506	22	4.3
1527692805.83	4300	59.498655	0.0	2044075	21	4.3
1527692809.44	4300	59.749491	0.0	2186790	26	4.3
1527692813.54	4300	59.748381	0.0	2105231	25	4.3
1527692817.65	4300	59.749098	0.0	2395588	26	4.3
1527692821.74	4300	59.499287	0.0	1972048	12	4.3
1527692825.34	4300	59.999046	0.0	2134614	22	4.3
1527692829.44	4300	59.749016	0.0	2164140	20	4.3
1527692833.55	4300	59.748262	0.0	2113193	22	4.3
1527692837.16	4300	59.999242	0.0	2147852	24	4.3
1527692841.27	4300	59.998126	0.0	2191074	19	4.3
1527692845.37	4300	59.998965	0.0	2286761	24	4.3
1527692849.48	4300	59.749732	0.0	2307787	26	4.3
1527692853.59	4300	59.749245	0.0	2143948	24	4.3
1527692857.2	4300	59.998858	0.0	1919781	21	4.3
1527692861.3	4300	59.998713	0.0	2147467	21	4.3
1527692865.42	4300	59.749517	0.0	2133870	23	4.3
1527692869.53	4300	59.747797	0.0	2146120	21	4.3
1527692873.66	4300	59.749349	0.0	2108491	25	4.3
1527692877.27	4300	59.999045	0.0	2184571	25	4.3
1527692881.37	4300	59.998853	0.0	2121928	23	4.3
1527692885.49	4300	59.749118	0.0	2219102	21	4.3
1527692889.6	4300	59.693573	0.0	2124950	22	4.3
1527692893.71	4300	59.49947	0.0	2246506	23	4.3
1527692897.31	4300	59.999342	0.0	1961140	22	4.3
1527692901.41	4300	59.748957	0.0	2155012	21	4.3
1527692903.01	4300	59.928908	0.0	1433658	17	4.3

1527692903.24	750	4	0.015	668286	2	-0.0645
1527692903.31	4300	7.980466	0.0	2123065	7	0.75
1527692903.4	4300	11.890943	0.0	2177073	23	4.3
1527692903.48	4300	15.813079	0.0	2160877	11	4.3
1527692903.55	4300	19.745855	0.0	2233056	7	4.3
1527692903.61	4300	23.680784	0.0	1941625	8	4.3
1527692903.68	4300	27.614732	0.0	2157535	8	4.3
1527692903.75	4300	31.544113	0.0	2290172	8	4.3
1527692903.81	4300	35.480536	0.0	2055469	7	4.3
1527692903.88	4300	39.414449	0.0	2169201	8	4.3
1527692903.95	4300	43.347953	0.0	2173522	8	4.3
1527692904.01	4300	47.279562	0.0	2102452	8	4.3
1527692904.08	4300	51.213361	0.0	2209463	7	4.3
1527692904.15	4300	55.147545	0.0	2275376	9	4.3
1527692904.21	4300	59.082568	0.0	2005399	6	4.3
1527692907.79	4300	59.748088	0.0	2152483	7	4.3
1527692911.91	4300	59.499474	0.0	2289689	25	4.3
1527692915.51	4300	59.998969	0.0	2059512	24	4.3
