1528280971.56	750	4	0.026	2354772	5	-0.11180000000000001
1528280971.65	4300	7.966746	0.0	2123065	17	0.75
1528280971.74	4300	11.86821	0.0	2177073	24	4.3
1528280971.84	4300	15.77401	0.0	2160877	27	4.3
1528280971.92	4300	19.692275	0.0	2233056	15	4.3
1528280972.02	4300	23.5905	0.0	1941625	23	4.3
1528280972.11	4300	27.501477	0.0	2157535	22	4.3
1528280972.19	4300	31.426791	0.0	2290172	13	4.3
1528280972.29	4300	35.329329	0.0	2055469	25	4.3
1528280972.38	4300	39.233832	0.0	2169201	26	4.3
1528280972.47	4300	43.142895	0.0	2173522	26	4.3
1528280972.54	4300	47.068205	0.0	2102452	11	4.3
1528280972.65	4300	50.967339	0.0	2209463	26	4.3
1528280972.74	4300	54.883508	0.0	2275376	14	4.3
1528280972.8	4300	58.81434	0.0	2005399	7	4.3
1528280975.88	4300	59.748879	0.0	2152483	7	4.3
1528280979.99	4300	59.749173	0.0	2289689	26	4.3
1528280984.1	4300	59.749314	0.0	2059512	23	4.3
1528280987.71	4300	59.99904	0.0	2220726	25	4.3
1528280991.81	4300	59.999224	0.0	2156729	22	4.3
1528280995.92	4300	59.748238	0.0	2039773	23	4.3
1528281000.03	4300	59.74945	0.0	2176469	25	4.3
1528281003.64	4300	59.999077	0.0	2221506	25	4.3
1528281007.75	4300	59.999261	0.0	2044075	23	4.3
1528281011.86	4300	59.999407	0.0	2186790	26	4.3
1528281015.96	4300	59.747838	0.0	2105231	25	4.3
1528281020.07	4300	59.748876	0.0	2395588	28	4.3
1528281023.68	4300	59.998881	0.0	1972048	20	4.3
1528281028.29	4300	59.498458	0.0	2134614	22	4.3
1528281031.9	4300	59.749409	0.0	2164140	28	4.3
1528281036.0	4300	59.749054	0.0	2113193	25	4.3
1528281040.17	4300	59.748812	0.0	2147852	27	4.3
1528281043.8	4300	59.999451	0.0	2191074	24	4.3
1528281047.94	4300	59.747999	0.0	2286761	26	4.3
1528281052.05	4300	59.748008	0.0	2307787	26	4.3
1528281055.66	4300	59.999234	0.0	2143948	27	4.3
1528281059.76	4300	59.997819	0.0	1919781	25	4.3
1528281063.87	4300	59.749406	0.0	2147467	24	4.3
1528281067.99	4300	59.748862	0.0	2133870	27	4.3
1528281072.08	4300	59.749094	0.0	2146120	15	4.3
1528281075.7	4300	59.997789	0.0	2108491	24	4.3
1528281079.8	4300	59.999469	0.0	2184571	26	4.3
1528281083.91	4300	59.749308	0.0	2121928	24	4.3
1528281088.03	4300	59.748654	0.0	2219102	26	4.3
1528281091.64	4300	59.999171	0.0	2124950	24	4.3
1528281095.74	4300	59.997994	0.0	2246506	24	4.3
1528281099.84	4300	59.999118	0.0	1961140	24	4.3
1528281103.95	4300	59.747896	0.0	2155012	26	4.3
1528281105.55	4300	59.929327	0.0	1433658	18	4.3

1528281105.79	750	4	0.025	2354772	7	-0.10750000000000004
1528281105.86	4300	7.986916	0.0	2123065	6	0.75
1528281105.94	4300	11.903373	0.0	2177073	17	4.3
1528281106.03	4300	15.808487	0.0	2160877	24	4.3
1528281106.11	4300	19.727838	0.0	2233056	18	4.3
1528281106.21	4300	23.633282	0.0	1941625	22	4.3
1528281106.38	4300	27.553476	0.0	2157535	9	4.3
1528281106.49	4300	31.355188	0.0	2290172	24	4.3
1528281106.58	4300	35.265153	0.0	2055469	21	4.3
1528281106.67	4300	39.170391	0.0	2169201	21	4.3
1528281106.77	4300	43.07648	0.0	2173522	21	4.3
1528281106.85	4300	46.992774	0.0	2102452	14	4.3
1528281106.94	4300	50.897849	0.0	2209463	20	4.3
1528281107.03	4300	54.810075	0.0	2275376	19	4.3
1528281107.12	4300	58.720638	0.0	2005399	20	4.3
1528281110.22	4300	59.748848	0.0	2152483	21	4.3
1528281114.33	4300	59.749113	0.0	2289689	26	4.3
1528281117.94	4300	59.999257	0.0	2059512	24	4.3
1528281122.05	4300	59.998781	0.0	2220726	26	4.3
1528281126.16	4300	59.749573	0.0	2156729	27	4.3
1528281130.27	4300	59.749333	0.0	2039773	24	4.3
1528281133.88	4300	59.998791	0.0	2176469	27	4.3
1528281137.98	4300	59.999401	0.0	2221506	19	4.3
1528281142.58	4300	59.498657	0.0	2044075	24	4.3
1528281146.2	4300	59.749465	0.0	2186790	24	4.3
1528281150.31	4300	59.749036	0.0	2105231	25	4.3
1528281154.42	4300	59.497823	0.0	2395588	28	4.3
1528281158.0	4300	59.998889	0.0	1972048	10	4.3
1528281162.1	4300	59.748239	0.0	2134614	22	4.3
1528281166.22	4300	59.749562	0.0	2164140	25	4.3
1528281170.32	4300	59.747894	0.0	2113193	23	4.3
1528281173.93	4300	59.998236	0.0	2147852	25	4.3
1528281178.03	4300	59.998894	0.0	2191074	24	4.3
1528281182.14	4300	59.749334	0.0	2286761	30	4.3
1528281186.25	4300	59.74913	0.0	2307787	27	4.3
1528281189.86	4300	59.999078	0.0	2143948	24	4.3
1528281193.96	4300	59.998875	0.0	1919781	22	4.3
1528281198.06	4300	59.998262	0.0	2147467	25	4.3
1528281202.18	4300	59.748911	0.0	2133870	25	4.3
1528281206.27	4300	59.748972	0.0	2146120	12	4.3
1528281209.98	4300	59.999061	0.0	2108491	22	4.3
1528281214.09	4300	59.998679	0.0	2184571	25	4.3
1528281218.2	4300	59.748573	0.0	2121928	25	4.3
1528281222.31	4300	59.747755	0.0	2219102	27	4.3
1528281225.91	4300	59.997586	0.0	2124950	26	4.3
1528281230.02	4300	59.997754	0.0	2246506	25	4.3
1528281234.12	4300	59.749256	0.0	1961140	23	4.3
1528281238.23	4300	59.749386	0.0	2155012	27	4.3
1528281239.81	4300	59.929702	0.0	1433658	8	4.3

1528281240.03	750	4	0.026	2354772	7	-0.11180000000000001
1528281240.1	4300	7.98574	0.0	2123065	8	0.75
1528281240.2	4300	11.892764	0.0	2177073	25	4.3
1528281240.3	4300	15.792529	0.0	2160877	24	4.3
1528281240.39	4300	19.696116	0.0	2233056	23	4.3
1528281240.49	4300	23.59137	0.0	1941625	23	4.3
1528281240.57	4300	27.50936	0.0	2157535	18	4.3
1528281240.68	4300	31.410144	0.0	2290172	29	4.3
1528281240.76	4300	35.320257	0.0	2055469	25	4.3
1528281240.84	4300	39.245545	0.0	2169201	15	4.3
1528281240.94	4300	43.145935	0.0	2173522	26	4.3
1528281241.04	4300	47.049408	0.0	2102452	26	4.3
