1527763626.68	750	4	0.027	2354772	7	-0.11609999999999998
1527763626.81	4300	7.961762	0.0	2123065	23	0.75
1527763626.88	4300	11.886933	0.0	2177073	12	4.3
1527763626.96	4300	15.808757	0.0	2160877	11	4.3
1527763627.04	4300	19.725599	0.0	2233056	16	4.3
1527763627.11	4300	23.660312	0.0	1941625	5	4.3
1527763627.18	4300	27.594812	0.0	2157535	7	4.3
1527763627.24	4300	31.526917	0.0	2290172	8	4.3
1527763627.31	4300	35.45826	0.0	2055469	11	4.3
1527763627.38	4300	39.392428	0.0	2169201	8	4.3
1527763627.44	4300	43.326222	0.0	2173522	7	4.3
1527763627.51	4300	47.261249	0.0	2102452	6	4.3
1527763627.57	4300	51.197906	0.0	2209463	7	4.3
1527763627.65	4300	55.121683	0.0	2275376	7	4.3
1527763627.71	4300	59.060396	0.0	2005399	7	4.3
1527763630.78	4300	59.998215	0.0	2152483	8	4.3
1527763634.9	4300	59.998274	0.0	2289689	25	4.3
1527763639.51	4300	59.498441	0.0	2059512	21	4.3
1527763643.11	4300	59.748357	0.0	2220726	19	4.3
1527763647.21	4300	59.748599	0.0	2156729	16	4.3
1527763650.81	4300	59.99795	0.0	2039773	14	4.3
1527763655.42	4300	59.498882	0.0	2176469	24	4.3
1527763659.03	4300	59.748653	0.0	2221506	23	4.3
1527763663.13	4300	59.749045	0.0	2044075	24	4.3
1527763667.24	4300	59.749215	0.0	2186790	25	4.3
1527763670.85	4300	59.999451	0.0	2105231	23	4.3
1527763674.96	4300	59.998628	0.0	2395588	24	4.3
1527763679.06	4300	59.749294	0.0	1972048	22	4.3
1527763683.17	4300	59.747561	0.0	2134614	25	4.3
1527763686.78	4300	59.999042	0.0	2164140	26	4.3
1527763691.39	4300	59.498378	0.0	2113193	20	4.3
1527763695.0	4300	59.999148	0.0	2147852	23	4.3
1527763699.11	4300	59.749057	0.0	2191074	21	4.3
1527763703.21	4300	59.749607	0.0	2286761	22	4.3
1527763706.81	4300	59.998092	0.0	2307787	17	4.3
1527763711.01	4300	59.998754	0.0	2143948	26	4.3
1527763715.12	4300	59.749738	0.0	1919781	21	4.3
1527763719.21	4300	59.749631	0.0	2147467	11	4.3
1527763722.82	4300	59.999224	0.0	2133870	22	4.3
1527763727.44	4300	59.499496	0.0	2146120	30	4.3
1527763731.04	4300	59.749458	0.0	2108491	20	4.3
1527763735.14	4300	59.748802	0.0	2184571	19	4.3
1527763739.25	4300	59.748895	0.0	2121928	23	4.3
1527763742.85	4300	59.998787	0.0	2219102	23	4.3
1527763746.95	4300	59.999336	0.0	2124950	24	4.3
1527763751.06	4300	59.749565	0.0	2246506	25	4.3
1527763755.16	4300	59.749275	0.0	1961140	22	4.3
1527763759.26	4300	59.749274	0.0	2155012	15	4.3
1527763760.85	4300	59.67955	0.0	1433658	16	4.3

1527763761.07	750	4	0.019	668286	5	-0.0817
1527763761.17	4300	7.964988	0.0	2123065	10	0.75
1527763761.27	4300	11.867285	0.0	2177073	26	4.3
1527763761.34	4300	15.793735	0.0	2160877	11	4.3
1527763761.42	4300	19.718054	0.0	2233056	11	4.3
1527763761.48	4300	23.65456	0.0	1941625	7	4.3
1527763761.54	4300	27.591976	0.0	2157535	7	4.3
1527763761.61	4300	31.52741	0.0	2290172	7	4.3
1527763761.67	4300	35.459741	0.0	2055469	8	4.3
1527763761.74	4300	39.395057	0.0	2169201	8	4.3
1527763761.81	4300	43.326953	0.0	2173522	9	4.3
1527763761.87	4300	47.265017	0.0	2102452	7	4.3
1527763761.93	4300	51.198494	0.0	2209463	9	4.3
1527763762.0	4300	55.132986	0.0	2275376	7	4.3
1527763762.06	4300	59.071345	0.0	2005399	7	4.3
1527763765.64	4300	59.506577	0.0	2152483	8	4.3
1527763769.74	4300	59.506695	0.0	2289689	20	4.3
1527763773.84	4300	59.506307	0.0	2059512	17	4.3
1527763777.44	4300	59.755301	0.0	2220726	24	4.3
1527763781.55	4300	59.755133	0.0	2156729	22	4.3
1527763785.65	4300	59.505433	0.0	2039773	22	4.3
1527763789.86	4300	59.505578	0.0	2176469	25	4.3
1527763793.46	4300	59.756733	0.0	2221506	25	4.3
1527763797.56	4300	59.756246	0.0	2044075	20	4.3
1527763801.78	4300	59.50659	0.0	2186790	25	4.3
1527763805.88	4300	59.506339	0.0	2105231	20	4.3
1527763809.49	4300	59.756174	0.0	2395588	24	4.3
1527763813.59	4300	59.756791	0.0	1972048	16	4.3
1527763817.7	4300	59.506654	0.0	2134614	23	4.3
1527763821.81	4300	59.505419	0.0	2164140	25	4.3
1527763825.41	4300	59.756445	0.0	2113193	23	4.3
1527763829.52	4300	59.756861	0.0	2147852	23	4.3
1527763833.63	4300	59.756646	0.0	2191074	24	4.3
1527763837.74	4300	59.507054	0.0	2286761	24	4.3
1527763841.84	4300	59.507096	0.0	2307787	27	4.3
1527763845.45	4300	59.756968	0.0	2143948	23	4.3
1527763849.55	4300	59.756655	0.0	1919781	22	4.3
1527763853.67	4300	59.505275	0.0	2147467	25	4.3
1527763857.79	4300	59.506693	0.0	2133870	22	4.3
1527763861.39	4300	59.756171	0.0	2146120	17	4.3
1527763865.49	4300	59.755437	0.0	2108491	19	4.3
1527763869.59	4300	59.756414	0.0	2184571	25	4.3
1527763873.7	4300	59.506646	0.0	2121928	21	4.3
1527763877.83	4300	59.506823	0.0	2219102	24	4.3
1527763881.44	4300	59.755097	0.0	2124950	22	4.3
1527763885.55	4300	59.756916	0.0	2246506	26	4.3
1527763889.66	4300	59.504491	0.0	1961140	21	4.3
1527763893.76	4300	59.506635	0.0	2155012	17	4.3
1527763895.35	4300	59.685803	0.0	1433658	16	4.3

1527763895.57	750	4	0.016	668286	2	-0.06879999999999997
1527763895.64	4300	7.978479	0.0	2123065	7	0.75
1527763895.71	4300	11.910986	0.0	2177073	7	4.3
1527763895.8	4300	15.82644	0.0	2160877	16	4.3
1527763895.88	4300	19.739526	0.0	2233056	18	4.3
1527763895.95	4300	23.669646	0.0	1941625	9	4.3
1527763896.02	4300	27.599865	0.0	2157535	11	4.3
1527763896.13	4300	31.491174	0.0	2290172	18	4.3
1527763896.2	4300	35.419781	0.0	2055469	10	4.3
1527763896.27	4300	39.356048	0.0	2169201	7	4.3
1527763896.33	4300	43.290731	0.0	2173522	7	4.3
1527763896.4	4300	47.224444	0.0	2102452	8	4.3
1527763896.46	4300	51.157999	0.0	2209463	8	4.3
1527763896.53	4300	55.093323	0.0	2275376	7	4.3
1527763896.59	4300	59.030065	0.0	2005399	7	4.3
1527763899.67	4300	59.999139	0.0	2152483	6	4.3
1527763904.27	4300	59.499011	0.0	2289689	20	4.3
1527763907.88	4300	59.748709	0.0	2059512	21	4.3
1527763911.99	4300	59.749284	0.0	2220726	24	4.3
1527763916.09	4300	59.749405	0.0	2156729	24	4.3
1527763919.71	4300	59.998035	0.0	2039773	22	4.3
1527763923.81	4300	59.999418	0.0	2176469	20	4.3
1527763927.92	4300	59.748589	0.0	2221506	24	4.3
1527763932.02	4300	59.748852	0.0	2044075	25	4.3
