1527696907.68	750	4	0.012	450283	2	-0.05159999999999998
1527696907.81	4300	7.957404	0.0	2123065	14	0.75
1527696907.9	4300	11.865009	0.0	2177073	21	4.3
1527696907.99	4300	15.782619	0.0	2160877	13	4.3
1527696908.07	4300	19.698086	0.0	2233056	19	4.3
1527696908.14	4300	23.631295	0.0	1941625	7	4.3
1527696908.2	4300	27.564138	0.0	2157535	9	4.3
1527696908.27	4300	31.496655	0.0	2290172	9	4.3
1527696908.34	4300	35.429808	0.0	2055469	7	4.3
1527696908.4	4300	39.363611	0.0	2169201	9	4.3
1527696908.47	4300	43.298631	0.0	2173522	9	4.3
1527696908.54	4300	47.232057	0.0	2102452	8	4.3
1527696908.63	4300	51.141852	0.0	2209463	18	4.3
1527696908.71	4300	55.05889	0.0	2275376	15	4.3
1527696908.79	4300	58.981551	0.0	2005399	13	4.3
1527696911.88	4300	59.99863	0.0	2152483	10	4.3
1527696915.99	4300	59.999434	0.0	2289689	26	4.3
1527696920.1	4300	59.747928	0.0	2059512	23	4.3
1527696924.21	4300	59.74741	0.0	2220726	24	4.3
1527696927.81	4300	59.999427	0.0	2156729	24	4.3
1527696931.92	4300	59.999282	0.0	2039773	20	4.3
1527696936.03	4300	59.747913	0.0	2176469	25	4.3
1527696940.14	4300	59.748776	0.0	2221506	25	4.3
1527696944.24	4300	59.748661	0.0	2044075	22	4.3
1527696947.85	4300	59.999315	0.0	2186790	23	4.3
1527696951.96	4300	59.999199	0.0	2105231	21	4.3
1527696956.07	4300	59.748944	0.0	2395588	28	4.3
1527696960.24	4300	59.74915	0.0	1972048	9	4.3
1527696963.85	4300	59.997785	0.0	2134614	24	4.3
1527696967.95	4300	59.858197	0.0	2164140	22	4.3
1527696972.06	4300	59.748811	0.0	2113193	23	4.3
1527696976.17	4300	59.749259	0.0	2147852	23	4.3
1527696979.78	4300	59.998952	0.0	2191074	23	4.3
1527696984.14	4300	59.998435	0.0	2286761	21	4.3
1527696988.22	4300	59.74837	0.0	2307787	20	4.3
1527696991.83	4300	59.999169	0.0	2143948	23	4.3
1527696995.94	4300	59.997673	0.0	1919781	22	4.3
1527697000.05	4300	59.749227	0.0	2147467	25	4.3
1527697004.17	4300	59.748334	0.0	2133870	27	4.3
1527697007.77	4300	59.998077	0.0	2146120	20	4.3
1527697011.88	4300	59.998517	0.0	2108491	16	4.3
1527697015.99	4300	59.998671	0.0	2184571	21	4.3
1527697020.1	4300	59.748176	0.0	2121928	21	4.3
1527697024.21	4300	59.747872	0.0	2219102	19	4.3
1527697027.81	4300	59.997728	0.0	2124950	22	4.3
1527697031.91	4300	59.999163	0.0	2246506	22	4.3
1527697036.1	4300	59.99889	0.0	1961140	22	4.3
1527697039.83	4300	59.999245	0.0	2155012	23	4.3
1527697041.93	4300	59.677885	0.0	1433658	17	4.3

1527697042.15	750	4	0.022	668286	2	-0.09460000000000002
1527697042.22	4300	7.976178	0.0	2123065	8	0.75
1527697042.32	4300	11.885236	0.0	2177073	20	4.3
1527697042.41	4300	15.792283	0.0	2160877	19	4.3
1527697042.51	4300	19.693762	0.0	2233056	23	4.3
1527697042.58	4300	23.621464	0.0	1941625	9	4.3
1527697042.65	4300	27.55125	0.0	2157535	9	4.3
1527697042.72	4300	31.482315	0.0	2290172	11	4.3
1527697042.79	4300	35.412817	0.0	2055469	7	4.3
1527697042.86	4300	39.341726	0.0	2169201	9	4.3
1527697042.93	4300	43.272974	0.0	2173522	8	4.3
1527697042.99	4300	47.205777	0.0	2102452	8	4.3
1527697043.06	4300	51.13733	0.0	2209463	10	4.3
1527697043.13	4300	55.069719	0.0	2275376	10	4.3
1527697043.2	4300	59.003143	0.0	2005399	8	4.3
1527697046.32	4300	59.998072	0.0	2152483	9	4.3
1527697050.43	4300	59.998602	0.0	2289689	19	4.3
1527697054.53	4300	59.747791	0.0	2059512	21	4.3
1527697058.65	4300	59.748923	0.0	2220726	24	4.3
1527697062.25	4300	59.998275	0.0	2156729	23	4.3
1527697066.35	4300	59.998349	0.0	2039773	21	4.3
1527697070.46	4300	59.747826	0.0	2176469	25	4.3
1527697074.55	4300	59.749285	0.0	2221506	15	4.3
1527697078.65	4300	59.749481	0.0	2044075	19	4.3
1527697082.26	4300	59.997992	0.0	2186790	23	4.3
1527697086.87	4300	59.499378	0.0	2105231	21	4.3
1527697090.48	4300	59.747296	0.0	2395588	26	4.3
1527697094.56	4300	59.749454	0.0	1972048	11	4.3
1527697098.67	4300	59.749124	0.0	2134614	19	4.3
1527697102.27	4300	59.998947	0.0	2164140	23	4.3
1527697106.88	4300	59.499424	0.0	2113193	20	4.3
1527697110.49	4300	59.748347	0.0	2147852	24	4.3
1527697114.6	4300	59.748121	0.0	2191074	24	4.3
1527697118.7	4300	59.749373	0.0	2286761	26	4.3
1527697122.31	4300	59.998898	0.0	2307787	26	4.3
1527697126.42	4300	59.999244	0.0	2143948	21	4.3
1527697130.52	4300	59.748685	0.0	1919781	23	4.3
1527697134.61	4300	59.74963	0.0	2147467	13	4.3
1527697138.23	4300	59.999421	0.0	2133870	22	4.3
1527697142.34	4300	59.998323	0.0	2146120	24	4.3
1527697146.45	4300	59.997825	0.0	2108491	22	4.3
1527697150.56	4300	59.748879	0.0	2184571	22	4.3
1527697154.67	4300	59.748034	0.0	2121928	23	4.3
1527697158.28	4300	59.99821	0.0	2219102	24	4.3
1527697162.39	4300	59.998629	0.0	2124950	21	4.3
1527697166.5	4300	59.749641	0.0	2246506	24	4.3
1527697170.6	4300	59.749451	0.0	1961140	23	4.3
1527697174.69	4300	59.748682	0.0	2155012	11	4.3
1527697176.29	4300	59.67879	0.0	1433658	15	4.3

1527697176.49	750	4	0.014	668286	4	-0.06020000000000003
1527697176.57	4300	7.981443	0.0	2123065	5	0.75
1527697176.67	4300	11.879732	0.0	2177073	23	4.3
1527697176.74	4300	15.804019	0.0	2160877	11	4.3
1527697176.82	4300	19.723338	0.0	2233056	13	4.3
1527697176.89	4300	23.652356	0.0	1941625	9	4.3
1527697176.98	4300	27.569578	0.0	2157535	18	4.3
1527697177.05	4300	31.49581	0.0	2290172	9	4.3
1527697177.11	4300	35.429448	0.0	2055469	8	4.3
1527697177.18	4300	39.362572	0.0	2169201	10	4.3
1527697177.25	4300	43.291351	0.0	2173522	8	4.3
1527697177.32	4300	47.224497	0.0	2102452	9	4.3
1527697177.39	4300	51.155691	0.0	2209463	9	4.3
1527697177.46	4300	55.088062	0.0	2275376	9	4.3
1527697177.52	4300	59.022055	0.0	2005399	7	4.3
1527697181.11	4300	59.49966	0.0	2152483	7	4.3
1527697184.71	4300	59.997706	0.0	2289689	25	4.3
1527697188.81	4300	59.748048	0.0	2059512	23	4.3
1527697192.93	4300	59.749591	0.0	2220726	24	4.3
1527697197.04	4300	59.747717	0.0	2156729	21	4.3
1527697201.14	4300	59.498934	0.0	2039773	22	4.3
1527697204.75	4300	59.997751	0.0	2176469	26	4.3
1527697208.86	4300	59.748133	0.0	2221506	24	4.3
1527697212.96	4300	59.748249	0.0	2044075	24	4.3
1527697217.12	4300	59.498621	0.0	2186790	24	4.3
1527697220.72	4300	59.999295	0.0	2105231	17	4.3
1527697224.84	4300	59.749019	0.0	2395588	29	4.3
1527697228.95	4300	59.748948	0.0	1972048	22	4.3
1527697232.56	4300	59.999081	0.0	2134614	24	4.3
1527697236.67	4300	59.998737	0.0	2164140	22	4.3
1527697240.77	4300	59.999073	0.0	2113193	22	4.3
1527697244.88	4300	59.748748	0.0	2147852	27	4.3
1527697248.98	4300	59.749534	0.0	2191074	11	4.3
1527697252.58	4300	59.999215	0.0	2286761	21	4.3
1527697256.7	4300	59.998182	0.0	2307787	26	4.3
1527697260.81	4300	59.749343	0.0	2143948	25	4.3
1527697264.92	4300	59.749396	0.0	1919781	20	4.3
