1527643360.8	750	4	0.012	450283	2	-0.05159999999999998
1527643360.94	4300	7.95616	0.0	2123065	15	0.75
1527643361.04	4300	11.86005	0.0	2177073	23	4.3
1527643361.13	4300	15.765189	0.0	2160877	23	4.3
1527643361.22	4300	19.682462	0.0	2233056	14	4.3
1527643361.3	4300	23.60235	0.0	1941625	15	4.3
1527643361.39	4300	27.515544	0.0	2157535	18	4.3
1527643361.49	4300	31.409548	0.0	2290172	29	4.3
1527643361.58	4300	35.316001	0.0	2055469	24	4.3
1527643361.67	4300	39.226296	0.0	2169201	25	4.3
1527643361.77	4300	43.134205	0.0	2173522	22	4.3
1527643361.86	4300	47.043612	0.0	2102452	20	4.3
1527643361.95	4300	50.95171	0.0	2209463	20	4.3
1527643362.04	4300	54.859838	0.0	2275376	19	4.3
1527643362.14	4300	58.76256	0.0	2005399	18	4.3
1527643365.26	4300	59.750217	0.0	2152483	23	4.3
1527643369.38	4300	59.750415	0.0	2289689	26	4.3
1527643372.99	4300	59.998515	0.0	2059512	22	4.3
1527643377.58	4300	59.50025	0.0	2220726	13	4.3
1527643381.18	4300	59.749287	0.0	2156729	16	4.3
1527643385.29	4300	59.749645	0.0	2039773	18	4.3
1527643389.39	4300	59.749732	0.0	2176469	20	4.3
1527643393.5	4300	59.498642	0.0	2221506	24	4.3
1527643397.1	4300	59.999149	0.0	2044075	23	4.3
1527643401.21	4300	59.750243	0.0	2186790	22	4.3
1527643405.31	4300	59.750136	0.0	2105231	23	4.3
1527643409.43	4300	59.495943	0.0	2395588	28	4.3
1527643413.54	4300	59.499652	0.0	1972048	22	4.3
1527643417.65	4300	59.500168	0.0	2134614	25	4.3
1527643421.25	4300	59.749469	0.0	2164140	22	4.3
1527643425.36	4300	59.749646	0.0	2113193	22	4.3
1527643429.47	4300	59.500351	0.0	2147852	23	4.3
1527643433.58	4300	59.500368	0.0	2191074	27	4.3
1527643437.21	4300	59.750152	0.0	2286761	24	4.3
1527643441.33	4300	59.749821	0.0	2307787	25	4.3
1527643445.01	4300	59.999158	0.0	2143948	21	4.3
1527643449.62	4300	59.499986	0.0	1919781	21	4.3
1527643453.22	4300	59.749936	0.0	2147467	17	4.3
1527643457.33	4300	59.749791	0.0	2133870	25	4.3
1527643460.94	4300	59.999437	0.0	2146120	25	4.3
1527643465.55	4300	59.499596	0.0	2108491	22	4.3
1527643469.16	4300	59.749038	0.0	2184571	24	4.3
1527643473.27	4300	59.749736	0.0	2121928	24	4.3
1527643477.38	4300	59.749769	0.0	2219102	26	4.3
1527643480.98	4300	59.998941	0.0	2124950	24	4.3
1527643485.1	4300	59.999445	0.0	2246506	25	4.3
1527643489.2	4300	59.748969	0.0	1961140	19	4.3
1527643493.28	4300	59.748945	0.0	2155012	12	4.3
1527643494.88	4300	59.929083	0.0	1433658	17	4.3

1527643495.06	750	4	0.012	668286	3	-0.05159999999999998
1527643495.16	4300	7.954638	0.0	2123065	14	0.75
1527643495.26	4300	11.858999	0.0	2177073	21	4.3
1527643495.35	4300	15.764994	0.0	2160877	24	4.3
1527643495.45	4300	19.671289	0.0	2233056	28	4.3
1527643495.52	4300	23.601785	0.0	1941625	11	4.3
1527643495.6	4300	27.521143	0.0	2157535	10	4.3
1527643495.68	4300	31.434102	0.0	2290172	21	4.3
1527643495.75	4300	35.365868	0.0	2055469	9	4.3
1527643495.84	4300	39.277989	0.0	2169201	20	4.3
1527643495.93	4300	43.188999	0.0	2173522	18	4.3
1527643496.02	4300	47.095158	0.0	2102452	19	4.3
1527643496.11	4300	51.004997	0.0	2209463	20	4.3
1527643496.2	4300	54.915434	0.0	2275376	19	4.3
1527643496.29	4300	58.825156	0.0	2005399	18	4.3
1527643499.39	4300	59.748727	0.0	2152483	19	4.3
1527643503.51	4300	59.749406	0.0	2289689	26	4.3
1527643507.62	4300	59.749008	0.0	2059512	22	4.3
1527643511.73	4300	59.497634	0.0	2220726	25	4.3
1527643515.84	4300	59.497711	0.0	2156729	25	4.3
1527643519.45	4300	59.749458	0.0	2039773	23	4.3
1527643523.55	4300	59.749161	0.0	2176469	21	4.3
1527643527.15	4300	59.99789	0.0	2221506	25	4.3
1527643531.25	4300	59.997889	0.0	2044075	21	4.3
1527643535.36	4300	59.999246	0.0	2186790	23	4.3
1527643539.48	4300	59.749428	0.0	2105231	23	4.3
1527643543.59	4300	59.749572	0.0	2395588	28	4.3
1527643547.18	4300	59.997987	0.0	1972048	14	4.3
1527643551.8	4300	59.499058	0.0	2134614	23	4.3
1527643555.41	4300	59.749313	0.0	2164140	23	4.3
1527643559.52	4300	59.749598	0.0	2113193	22	4.3
1527643563.13	4300	59.999087	0.0	2147852	24	4.3
1527643567.23	4300	59.999231	0.0	2191074	22	4.3
1527643571.34	4300	59.999021	0.0	2286761	25	4.3
1527643575.46	4300	59.748651	0.0	2307787	26	4.3
1527643579.56	4300	59.749286	0.0	2143948	20	4.3
1527643583.17	4300	59.998887	0.0	1919781	21	4.3
1527643587.27	4300	59.99795	0.0	2147467	21	4.3
1527643591.38	4300	59.748653	0.0	2133870	24	4.3
1527643595.49	4300	59.748241	0.0	2146120	24	4.3
1527643599.6	4300	59.749583	0.0	2108491	23	4.3
1527643603.21	4300	59.999188	0.0	2184571	26	4.3
1527643607.42	4300	59.99884	0.0	2121928	22	4.3
1527643611.58	4300	59.748333	0.0	2219102	17	4.3
1527643615.19	4300	59.999298	0.0	2124950	21	4.3
1527643619.29	4300	59.997885	0.0	2246506	18	4.3
1527643623.39	4300	59.748216	0.0	1961140	19	4.3
1527643627.5	4300	59.749322	0.0	2155012	23	4.3
1527643629.09	4300	59.928588	0.0	1433658	17	4.3

1527643629.29	750	4	0.017	668286	2	-0.07309999999999994
1527643629.4	4300	7.949016	0.0	2123065	21	0.75
1527643629.49	4300	11.858286	0.0	2177073	20	4.3
1527643629.56	4300	15.786663	0.0	2160877	11	4.3
1527643629.66	4300	19.681134	0.0	2233056	29	4.3
1527643629.74	4300	23.611381	0.0	1941625	8	4.3
1527643629.82	4300	27.524301	0.0	2157535	18	4.3
1527643629.9	4300	31.445699	0.0	2290172	14	4.3
1527643629.96	4300	35.384084	0.0	2055469	7	4.3
1527643630.02	4300	39.321371	0.0	2169201	8	4.3
1527643630.1	4300	43.243019	0.0	2173522	14	4.3
1527643630.21	4300	47.14575	0.0	2102452	24	4.3
1527643630.3	4300	51.047778	0.0	2209463	23	4.3
1527643630.39	4300	54.958244	0.0	2275376	23	4.3
1527643630.46	4300	58.887505	0.0	2005399	11	4.3
1527643633.59	4300	59.997883	0.0	2152483	25	4.3
1527643637.7	4300	59.748051	0.0	2289689	25	4.3
1527643641.81	4300	59.747836	0.0	2059512	23	4.3
