1528268369.73	750	4	0.029	2354772	7	-0.12470000000000003
1528268369.84	4300	7.965799	0.0	2123065	19	0.75
1528268369.93	4300	11.876019	0.0	2177073	18	4.3
1528268370.03	4300	15.782713	0.0	2160877	20	4.3
1528268370.12	4300	19.685712	0.0	2233056	17	4.3
1528268370.22	4300	23.588917	0.0	1941625	22	4.3
1528268370.3	4300	27.50512	0.0	2157535	15	4.3
1528268370.4	4300	31.402739	0.0	2290172	28	4.3
1528268370.48	4300	35.332979	0.0	2055469	11	4.3
1528268370.58	4300	39.230825	0.0	2169201	26	4.3
1528268370.68	4300	43.131579	0.0	2173522	24	4.3
1528268370.78	4300	47.034524	0.0	2102452	19	4.3
1528268370.88	4300	50.929489	0.0	2209463	24	4.3
1528268370.99	4300	54.814994	0.0	2275376	25	4.3
1528268371.09	4300	58.717283	0.0	2005399	24	4.3
1528268374.17	4300	59.749622	0.0	2152483	11	4.3
1528268378.29	4300	59.748911	0.0	2289689	25	4.3
1528268381.9	4300	59.997673	0.0	2059512	23	4.3
1528268386.01	4300	59.99915	0.0	2220726	22	4.3
1528268390.12	4300	59.748334	0.0	2156729	19	4.3
1528268394.22	4300	59.748126	0.0	2039773	22	4.3
1528268397.84	4300	59.998035	0.0	2176469	24	4.3
1528268401.94	4300	59.99917	0.0	2221506	19	4.3
1528268406.04	4300	59.998512	0.0	2044075	21	4.3
1528268410.15	4300	59.749499	0.0	2186790	24	4.3
1528268414.26	4300	59.749378	0.0	2105231	23	4.3
1528268417.88	4300	59.998105	0.0	2395588	26	4.3
1528268421.99	4300	59.998715	0.0	1972048	24	4.3
1528268426.11	4300	59.749554	0.0	2134614	24	4.3
1528268430.22	4300	59.749181	0.0	2164140	24	4.3
1528268434.32	4300	59.498668	0.0	2113193	15	4.3
1528268437.93	4300	59.998686	0.0	2147852	25	4.3
1528268442.04	4300	59.999082	0.0	2191074	23	4.3
1528268446.15	4300	59.748959	0.0	2286761	25	4.3
1528268450.27	4300	59.749557	0.0	2307787	25	4.3
1528268453.88	4300	59.998661	0.0	2143948	19	4.3
1528268457.99	4300	59.998726	0.0	1919781	22	4.3
1528268462.07	4300	59.749021	0.0	2147467	7	4.3
1528268466.2	4300	59.749481	0.0	2133870	22	4.3
1528268470.29	4300	59.749187	0.0	2146120	12	4.3
1528268473.9	4300	59.998844	0.0	2108491	24	4.3
1528268478.01	4300	59.999396	0.0	2184571	24	4.3
1528268482.11	4300	59.747933	0.0	2121928	25	4.3
1528268486.23	4300	59.748053	0.0	2219102	24	4.3
1528268489.84	4300	59.99779	0.0	2124950	24	4.3
1528268493.95	4300	59.999125	0.0	2246506	22	4.3
1528268498.65	4300	59.499356	0.0	1961140	20	4.3
1528268502.27	4300	59.749501	0.0	2155012	9	4.3
1528268503.86	4300	59.678438	0.0	1433658	16	4.3

1528268504.16	750	4	0.014	668286	3	-0.06020000000000003
1528268504.27	4300	7.950165	0.0	2123065	19	0.75
1528268504.37	4300	11.855281	0.0	2177073	20	4.3
1528268504.45	4300	15.775082	0.0	2160877	15	4.3
1528268504.53	4300	19.69082	0.0	2233056	17	4.3
1528268504.63	4300	23.5973	0.0	1941625	16	4.3
1528268504.71	4300	27.515236	0.0	2157535	17	4.3
1528268504.81	4300	31.413763	0.0	2290172	29	4.3
1528268504.91	4300	35.319014	0.0	2055469	21	4.3
1528268505.0	4300	39.224311	0.0	2169201	20	4.3
1528268505.1	4300	43.121652	0.0	2173522	24	4.3
1528268505.2	4300	47.025066	0.0	2102452	24	4.3
1528268505.27	4300	50.948438	0.0	2209463	14	4.3
1528268505.37	4300	54.848799	0.0	2275376	24	4.3
1528268505.45	4300	58.771241	0.0	2005399	13	4.3
1528268508.55	4300	59.749107	0.0	2152483	19	4.3
1528268512.66	4300	59.748061	0.0	2289689	26	4.3
1528268516.27	4300	59.999218	0.0	2059512	21	4.3
1528268520.88	4300	59.499199	0.0	2220726	23	4.3
1528268524.49	4300	59.74861	0.0	2156729	24	4.3
1528268528.59	4300	59.748186	0.0	2039773	20	4.3
1528268532.7	4300	59.747708	0.0	2176469	25	4.3
1528268536.81	4300	59.498747	0.0	2221506	24	4.3
1528268540.42	4300	59.999096	0.0	2044075	25	4.3
1528268544.52	4300	59.748923	0.0	2186790	23	4.3
1528268548.63	4300	59.748042	0.0	2105231	24	4.3
1528268552.73	4300	59.748896	0.0	2395588	14	4.3
1528268556.33	4300	59.999088	0.0	1972048	9	4.3
1528268560.44	4300	59.999097	0.0	2134614	24	4.3
1528268564.56	4300	59.748761	0.0	2164140	24	4.3
1528268568.67	4300	59.748651	0.0	2113193	23	4.3
1528268572.29	4300	59.998163	0.0	2147852	23	4.3
1528268576.9	4300	59.499239	0.0	2191074	24	4.3
1528268580.51	4300	59.748933	0.0	2286761	23	4.3
1528268584.64	4300	59.748875	0.0	2307787	20	4.3
1528268588.25	4300	59.999463	0.0	2143948	19	4.3
1528268592.35	4300	59.999145	0.0	1919781	20	4.3
1528268596.45	4300	59.999163	0.0	2147467	23	4.3
1528268600.56	4300	59.748897	0.0	2133870	24	4.3
1528268604.67	4300	59.749364	0.0	2146120	24	4.3
1528268608.28	4300	59.998605	0.0	2108491	24	4.3
1528268612.39	4300	59.997705	0.0	2184571	24	4.3
1528268616.5	4300	59.749416	0.0	2121928	23	4.3
1528268620.6	4300	59.749342	0.0	2219102	23	4.3
1528268624.71	4300	59.646277	0.0	2124950	22	4.3
1528268628.82	4300	59.499445	0.0	2246506	24	4.3
1528268632.43	4300	59.999276	0.0	1961140	22	4.3
1528268636.53	4300	59.74926	0.0	2155012	24	4.3
1528268638.11	4300	59.925662	0.0	1433658	11	4.3

1528268638.3	750	4	0.018	668286	2	-0.07740000000000002
1528268638.38	4300	7.980069	0.0	2123065	7	0.75
1528268638.47	4300	11.889435	0.0	2177073	20	4.3
1528268638.55	4300	15.807074	0.0	2160877	15	4.3
1528268638.63	4300	19.731175	0.0	2233056	12	4.3
1528268638.7	4300	23.657497	0.0	1941625	15	4.3
1528268638.77	4300	27.587612	0.0	2157535	8	4.3
1528268638.85	4300	31.499281	0.0	2290172	17	4.3
1528268638.95	4300	35.402216	0.0	2055469	14	4.3
1528268639.05	4300	39.307979	0.0	2169201	20	4.3
1528268639.15	4300	43.206224	0.0	2173522	25	4.3
1528268639.22	4300	47.130938	0.0	2102452	11	4.3
1528268639.3	4300	51.058188	0.0	2209463	11	4.3
1528268639.38	4300	54.979909	0.0	2275376	11	4.3
1528268639.47	4300	58.882944	0.0	2005399	23	4.3
1528268642.57	4300	59.997651	0.0	2152483	25	4.3
1528268646.68	4300	59.748224	0.0	2289689	24	4.3
1528268650.78	4300	59.748759	0.0	2059512	22	4.3
1528268654.39	4300	59.998871	0.0	2220726	26	4.3
1528268658.49	4300	59.999346	0.0	2156729	22	4.3
1528268662.6	4300	59.999307	0.0	2039773	22	4.3
1528268666.71	4300	59.749384	0.0	2176469	24	4.3
1528268670.82	4300	59.748565	0.0	2221506	24	4.3
1528268674.43	4300	59.998936	0.0	2044075	24	4.3
1528268678.54	4300	59.998708	0.0	2186790	25	4.3
