1527678078.47	750	4	0.014	450283	3	-0.06020000000000003
1527678078.61	4300	7.949183	0.0	2123065	21	0.75
1527678078.68	4300	11.874444	0.0	2177073	12	4.3
1527678078.77	4300	15.785687	0.0	2160877	16	4.3
1527678078.87	4300	19.691968	0.0	2233056	16	4.3
1527678078.97	4300	23.591288	0.0	1941625	23	4.3
1527678079.04	4300	27.520999	0.0	2157535	10	4.3
1527678079.12	4300	31.44288	0.0	2290172	16	4.3
1527678079.2	4300	35.354774	0.0	2055469	18	4.3
1527678079.28	4300	39.283621	0.0	2169201	11	4.3
1527678079.37	4300	43.189427	0.0	2173522	18	4.3
1527678079.46	4300	47.096832	0.0	2102452	20	4.3
1527678079.55	4300	51.009669	0.0	2209463	18	4.3
1527678079.64	4300	54.917144	0.0	2275376	20	4.3
1527678079.74	4300	58.815744	0.0	2005399	22	4.3
1527678082.87	4300	59.748843	0.0	2152483	26	4.3
1527678086.97	4300	59.74781	0.0	2289689	26	4.3
1527678091.08	4300	59.498402	0.0	2059512	22	4.3
1527678094.69	4300	59.998921	0.0	2220726	24	4.3
1527678098.8	4300	59.998998	0.0	2156729	25	4.3
1527678102.9	4300	59.749471	0.0	2039773	23	4.3
1527678107.01	4300	59.749755	0.0	2176469	24	4.3
1527678110.62	4300	59.999121	0.0	2221506	25	4.3
1527678114.72	4300	59.999388	0.0	2044075	21	4.3
1527678118.83	4300	59.748932	0.0	2186790	25	4.3
1527678122.95	4300	59.749692	0.0	2105231	23	4.3
1527678127.05	4300	59.748656	0.0	2395588	28	4.3
1527678130.67	4300	59.998937	0.0	1972048	23	4.3
1527678135.28	4300	59.499009	0.0	2134614	20	4.3
1527678138.88	4300	59.749373	0.0	2164140	22	4.3
1527678143.0	4300	59.748972	0.0	2113193	22	4.3
1527678147.1	4300	59.49945	0.0	2147852	20	4.3
1527678150.71	4300	59.99948	0.0	2191074	22	4.3
1527678155.31	4300	59.249674	0.0	2286761	24	4.3
1527678158.93	4300	59.749354	0.0	2307787	27	4.3
1527678163.04	4300	59.747958	0.0	2143948	20	4.3
1527678166.64	4300	59.998458	0.0	1919781	19	4.3
1527678170.74	4300	59.998129	0.0	2147467	21	4.3
1527678174.86	4300	59.74957	0.0	2133870	26	4.3
1527678178.97	4300	59.749609	0.0	2146120	13	4.3
1527678182.58	4300	59.998272	0.0	2108491	20	4.3
1527678186.69	4300	59.998889	0.0	2184571	24	4.3
1527678190.98	4300	59.999211	0.0	2121928	22	4.3
1527678194.63	4300	59.998551	0.0	2219102	24	4.3
1527678199.23	4300	59.379078	0.0	2124950	20	4.3
1527678202.85	4300	59.749014	0.0	2246506	26	4.3
1527678206.95	4300	59.749233	0.0	1961140	19	4.3
1527678211.05	4300	59.748516	0.0	2155012	23	4.3
1527678212.65	4300	59.679693	0.0	1433658	16	4.3

1527678212.87	750	4	0.016	668286	2	-0.06879999999999997
1527678212.98	4300	7.945496	0.0	2123065	21	0.75
1527678213.07	4300	11.855328	0.0	2177073	23	4.3
1527678213.15	4300	15.781088	0.0	2160877	11	4.3
1527678213.25	4300	19.678097	0.0	2233056	27	4.3
1527678213.35	4300	23.585069	0.0	1941625	23	4.3
1527678213.44	4300	27.491714	0.0	2157535	21	4.3
1527678213.52	4300	31.413182	0.0	2290172	12	4.3
1527678213.6	4300	35.325761	0.0	2055469	15	4.3
1527678213.7	4300	39.229406	0.0	2169201	24	4.3
1527678213.78	4300	43.15339	0.0	2173522	14	4.3
1527678213.88	4300	47.051475	0.0	2102452	17	4.3
1527678213.97	4300	50.963496	0.0	2209463	18	4.3
1527678214.04	4300	54.889569	0.0	2275376	12	4.3
1527678214.13	4300	58.79921	0.0	2005399	20	4.3
1527678217.23	4300	59.749219	0.0	2152483	21	4.3
1527678221.34	4300	59.748742	0.0	2289689	25	4.3
1527678224.95	4300	59.997709	0.0	2059512	24	4.3
1527678229.06	4300	59.999256	0.0	2220726	25	4.3
1527678233.17	4300	59.998785	0.0	2156729	24	4.3
1527678237.27	4300	59.74816	0.0	2039773	24	4.3
1527678241.38	4300	59.748692	0.0	2176469	25	4.3
1527678244.99	4300	59.998538	0.0	2221506	25	4.3
1527678249.1	4300	59.999188	0.0	2044075	22	4.3
1527678253.23	4300	59.749045	0.0	2186790	24	4.3
1527678257.38	4300	59.74927	0.0	2105231	25	4.3
1527678260.99	4300	59.997643	0.0	2395588	26	4.3
1527678265.09	4300	59.999088	0.0	1972048	20	4.3
1527678269.19	4300	59.749351	0.0	2134614	24	4.3
1527678273.28	4300	59.748574	0.0	2164140	8	4.3
1527678277.39	4300	59.749149	0.0	2113193	23	4.3
1527678280.99	4300	59.998456	0.0	2147852	22	4.3
1527678285.1	4300	59.998731	0.0	2191074	22	4.3
1527678289.21	4300	59.748865	0.0	2286761	24	4.3
1527678293.32	4300	59.748994	0.0	2307787	26	4.3
1527678297.43	4300	59.747974	0.0	2143948	24	4.3
1527678301.04	4300	59.998483	0.0	1919781	22	4.3
1527678305.15	4300	59.998444	0.0	2147467	19	4.3
1527678309.26	4300	59.747796	0.0	2133870	21	4.3
1527678313.36	4300	59.747535	0.0	2146120	22	4.3
1527678316.96	4300	59.997642	0.0	2108491	25	4.3
1527678321.07	4300	59.999274	0.0	2184571	23	4.3
1527678325.18	4300	59.997571	0.0	2121928	23	4.3
1527678329.29	4300	59.748959	0.0	2219102	22	4.3
1527678333.4	4300	59.698108	0.0	2124950	24	4.3
1527678337.01	4300	59.999264	0.0	2246506	23	4.3
1527678341.11	4300	59.999225	0.0	1961140	22	4.3
1527678345.22	4300	59.74837	0.0	2155012	24	4.3
1527678346.81	4300	59.928577	0.0	1433658	17	4.3

1527678347.03	750	4	0.014	668286	3	-0.06020000000000003
1527678347.12	4300	7.962387	0.0	2123065	16	0.75
1527678347.2	4300	11.872962	0.0	2177073	23	4.3
1527678347.28	4300	15.793559	0.0	2160877	13	4.3
1527678347.38	4300	19.691741	0.0	2233056	30	4.3
1527678347.46	4300	23.620538	0.0	1941625	8	4.3
1527678347.55	4300	27.524277	0.0	2157535	9	4.3
1527678347.65	4300	31.42782	0.0	2290172	24	4.3
1527678347.75	4300	35.332443	0.0	2055469	23	4.3
1527678347.82	4300	39.256818	0.0	2169201	12	4.3
1527678347.92	4300	43.157847	0.0	2173522	24	4.3
1527678348.01	4300	47.063244	0.0	2102452	23	4.3
1527678348.09	4300	50.987899	0.0	2209463	13	4.3
1527678348.19	4300	54.888468	0.0	2275376	26	4.3
1527678348.28	4300	58.794799	0.0	2005399	22	4.3
1527678351.39	4300	59.749156	0.0	2152483	23	4.3
1527678355.49	4300	59.747925	0.0	2289689	20	4.3
1527678359.09	4300	59.998511	0.0	2059512	21	4.3
1527678363.19	4300	59.999025	0.0	2220726	22	4.3
1527678367.3	4300	59.998823	0.0	2156729	24	4.3
1527678371.4	4300	59.74873	0.0	2039773	23	4.3
1527678375.52	4300	59.749256	0.0	2176469	25	4.3
1527678379.12	4300	59.999338	0.0	2221506	25	4.3
1527678383.24	4300	59.99767	0.0	2044075	23	4.3
1527678387.35	4300	59.748838	0.0	2186790	23	4.3
1527678391.45	4300	59.7493	0.0	2105231	22	4.3
1527678395.56	4300	59.748955	0.0	2395588	24	4.3
1527678399.16	4300	59.998962	0.0	1972048	21	4.3
1527678403.27	4300	59.999293	0.0	2134614	23	4.3
1527678407.38	4300	59.748784	0.0	2164140	24	4.3
1527678411.49	4300	59.748107	0.0	2113193	25	4.3
1527678415.11	4300	59.998053	0.0	2147852	25	4.3
1527678419.26	4300	59.998927	0.0	2191074	18	4.3
1527678423.37	4300	59.748941	0.0	2286761	27	4.3
