1527765594.97	750	4	0.027	2354772	11	-0.11609999999999998
1527765595.12	4300	7.95856	0.0	2123065	21	0.75
1527765595.26	4300	11.820484	0.0	2177073	19	4.3
1527765595.39	4300	15.688759	0.0	2160877	14	4.3
1527765595.5	4300	19.575619	0.0	2233056	9	4.3
1527765595.61	4300	23.461436	0.0	1941625	8	4.3
1527765595.75	4300	27.319662	0.0	2157535	27	4.3
1527765595.9	4300	31.173145	0.0	2290172	27	4.3
1527765596.02	4300	35.053131	0.0	2055469	10	4.3
1527765596.14	4300	38.933891	0.0	2169201	11	4.3
1527765596.25	4300	42.822484	0.0	2173522	6	4.3
1527765596.38	4300	46.691123	0.0	2102452	17	4.3
1527765596.53	4300	50.545179	0.0	2209463	28	4.3
1527765596.66	4300	54.412961	0.0	2275376	14	4.3
1527765596.79	4300	58.284105	0.0	2005399	18	4.3
1527765599.44	4300	59.749283	0.0	2152483	20	4.3
1527765603.1	4300	59.999308	0.0	2289689	26	4.3
1527765607.24	4300	59.999305	0.0	2059512	13	4.3
1527765611.39	4300	59.749324	0.0	2220726	18	4.3
1527765615.54	4300	59.749211	0.0	2156729	26	4.3
1527765619.19	4300	59.998918	0.0	2039773	20	4.3
1527765623.56	4300	59.749014	0.0	2176469	28	4.3
1527765627.23	4300	59.998618	0.0	2221506	27	4.3
1527765631.39	4300	59.749431	0.0	2044075	23	4.3
1527765635.52	4300	59.748486	0.0	2186790	10	4.3
1527765639.17	4300	59.99776	0.0	2105231	24	4.3
1527765643.33	4300	59.997581	0.0	2395588	27	4.3
1527765647.48	4300	59.748687	0.0	1972048	18	4.3
1527765651.14	4300	59.998907	0.0	2134614	23	4.3
1527765655.29	4300	59.998697	0.0	2164140	24	4.3
1527765659.45	4300	59.749135	0.0	2113193	21	4.3
1527765663.11	4300	59.998308	0.0	2147852	26	4.3
1527765667.26	4300	59.998291	0.0	2191074	25	4.3
1527765671.41	4300	59.74847	0.0	2286761	21	4.3
1527765675.58	4300	59.497911	0.0	2307787	27	4.3
1527765679.23	4300	59.999158	0.0	2143948	19	4.3
1527765683.38	4300	59.748905	0.0	1919781	19	4.3
1527765687.53	4300	59.749082	0.0	2147467	18	4.3
1527765691.19	4300	59.998393	0.0	2133870	27	4.3
1527765695.35	4300	59.748091	0.0	2146120	25	4.3
1527765699.5	4300	59.749395	0.0	2108491	19	4.3
1527765703.14	4300	59.997719	0.0	2184571	19	4.3
1527765707.29	4300	59.998883	0.0	2121928	23	4.3
1527765711.44	4300	59.749146	0.0	2219102	17	4.3
1527765715.1	4300	59.99837	0.0	2124950	27	4.3
1527765719.35	4300	59.998956	0.0	2246506	17	4.3
1527765723.49	4300	59.736432	0.0	1961140	23	4.3
1527765727.11	4300	59.999395	0.0	2155012	19	4.3
1527765729.22	4300	59.678615	0.0	1433658	17	4.3

1527765729.47	750	4	0.016	668286	2	-0.06879999999999997
1527765729.63	4300	7.946547	0.0	2123065	19	0.75
1527765729.77	4300	11.806769	0.0	2177073	24	4.3
1527765729.9	4300	15.681941	0.0	2160877	13	4.3
1527765730.02	4300	19.550635	0.0	2233056	13	4.3
1527765730.14	4300	23.440004	0.0	1941625	7	4.3
1527765730.27	4300	27.305636	0.0	2157535	18	4.3
1527765730.43	4300	31.155767	0.0	2290172	28	4.3
1527765730.55	4300	35.029534	0.0	2055469	12	4.3
1527765730.66	4300	38.915528	0.0	2169201	9	4.3
1527765730.8	4300	42.782314	0.0	2173522	19	4.3
1527765730.93	4300	46.642398	0.0	2102452	13	4.3
1527765731.08	4300	50.493253	0.0	2209463	29	4.3
1527765731.23	4300	54.345744	0.0	2275376	29	4.3
1527765731.35	4300	58.22829	0.0	2005399	9	4.3
1527765733.98	4300	59.748989	0.0	2152483	12	4.3
1527765737.63	4300	59.999391	0.0	2289689	25	4.3
1527765741.78	4300	59.998489	0.0	2059512	23	4.3
1527765745.94	4300	59.748932	0.0	2220726	22	4.3
1527765749.59	4300	59.99918	0.0	2156729	28	4.3
1527765753.75	4300	59.998667	0.0	2039773	24	4.3
1527765757.9	4300	59.749201	0.0	2176469	22	4.3
1527765762.07	4300	59.749024	0.0	2221506	26	4.3
1527765765.71	4300	59.999379	0.0	2044075	21	4.3
1527765769.87	4300	59.748707	0.0	2186790	25	4.3
1527765774.03	4300	59.748991	0.0	2105231	25	4.3
1527765777.68	4300	59.999344	0.0	2395588	23	4.3
1527765781.84	4300	59.748811	0.0	1972048	23	4.3
1527765785.98	4300	59.748855	0.0	2134614	19	4.3
1527765789.63	4300	59.999435	0.0	2164140	22	4.3
1527765793.8	4300	59.999312	0.0	2113193	25	4.3
1527765797.96	4300	59.749264	0.0	2147852	23	4.3
1527765802.11	4300	59.49901	0.0	2191074	26	4.3
1527765805.76	4300	59.998971	0.0	2286761	16	4.3
1527765809.92	4300	59.748406	0.0	2307787	28	4.3
1527765813.58	4300	59.998843	0.0	2143948	26	4.3
1527765817.72	4300	59.999129	0.0	1919781	15	4.3
1527765821.88	4300	59.748669	0.0	2147467	26	4.3
1527765826.05	4300	59.748672	0.0	2133870	21	4.3
1527765829.7	4300	59.999351	0.0	2146120	25	4.3
1527765833.86	4300	59.749324	0.0	2108491	26	4.3
1527765838.01	4300	59.748985	0.0	2184571	20	4.3
1527765841.67	4300	59.998614	0.0	2121928	26	4.3
1527765845.81	4300	59.997859	0.0	2219102	16	4.3
1527765849.97	4300	59.748945	0.0	2124950	25	4.3
1527765853.61	4300	59.998339	0.0	2246506	25	4.3
1527765857.75	4300	59.998653	0.0	1961140	22	4.3
1527765861.88	4300	59.749378	0.0	2155012	28	4.3
1527765863.49	4300	59.92759	0.0	1433658	16	4.3

1527765863.71	750	4	0.015	668286	5	-0.0645
1527765863.87	4300	7.945479	0.0	2123065	25	0.75
1527765864.02	4300	11.800296	0.0	2177073	25	4.3
1527765864.14	4300	15.672302	0.0	2160877	16	4.3
1527765864.28	4300	19.536452	0.0	2233056	12	4.3
1527765864.41	4300	23.408992	0.0	1941625	19	4.3
1527765864.54	4300	27.275738	0.0	2157535	18	4.3
1527765864.68	4300	31.134767	0.0	2290172	25	4.3
1527765864.8	4300	35.015849	0.0	2055469	10	4.3
1527765864.92	4300	38.894813	0.0	2169201	13	4.3
1527765865.04	4300	42.775393	0.0	2173522	13	4.3
1527765865.16	4300	46.65655	0.0	2102452	12	4.3
1527765865.29	4300	50.524684	0.0	2209463	19	4.3
1527765865.41	4300	54.404028	0.0	2275376	10	4.3
1527765865.52	4300	58.292353	0.0	2005399	9	4.3
