1528275095.83	750	4	0.026	2354772	8	-0.11180000000000001
1528275095.92	4300	7.966229	0.0	2123065	20	0.75
1528275096.01	4300	11.877019	0.0	2177073	23	4.3
1528275096.1	4300	15.786574	0.0	2160877	19	4.3
1528275096.2	4300	19.68715	0.0	2233056	22	4.3
1528275096.3	4300	23.590999	0.0	1941625	24	4.3
1528275096.39	4300	27.49319	0.0	2157535	26	4.3
1528275096.48	4300	31.400922	0.0	2290172	26	4.3
1528275096.56	4300	35.330291	0.0	2055469	11	4.3
1528275096.64	4300	39.258628	0.0	2169201	12	4.3
1528275096.73	4300	43.153836	0.0	2173522	22	4.3
1528275096.82	4300	47.065752	0.0	2102452	19	4.3
1528275096.92	4300	50.974859	0.0	2209463	20	4.3
1528275097.03	4300	54.855566	0.0	2275376	27	4.3
1528275097.12	4300	58.767902	0.0	2005399	20	4.3
1528275100.21	4300	59.746269	0.0	2152483	20	4.3
1528275104.29	4300	59.749531	0.0	2289689	7	4.3
1528275107.89	4300	59.999285	0.0	2059512	19	4.3
1528275111.99	4300	59.998372	0.0	2220726	22	4.3
1528275116.1	4300	59.999273	0.0	2156729	25	4.3
1528275120.21	4300	59.749081	0.0	2039773	26	4.3
1528275124.32	4300	59.748609	0.0	2176469	25	4.3
1528275127.93	4300	59.99927	0.0	2221506	28	4.3
1528275132.02	4300	59.998584	0.0	2044075	23	4.3
1528275136.13	4300	59.997988	0.0	2186790	25	4.3
1528275140.24	4300	59.748653	0.0	2105231	23	4.3
1528275144.35	4300	59.749329	0.0	2395588	29	4.3
1528275147.96	4300	59.999359	0.0	1972048	22	4.3
1528275152.07	4300	59.997665	0.0	2134614	26	4.3
1528275156.17	4300	59.747553	0.0	2164140	25	4.3
1528275160.29	4300	59.749114	0.0	2113193	26	4.3
1528275164.38	4300	59.748921	0.0	2147852	15	4.3
1528275167.99	4300	59.998562	0.0	2191074	23	4.3
1528275172.61	4300	59.499157	0.0	2286761	29	4.3
1528275176.21	4300	59.749511	0.0	2307787	21	4.3
1528275180.36	4300	59.748659	0.0	2143948	25	4.3
1528275183.97	4300	59.997579	0.0	1919781	24	4.3
1528275188.07	4300	59.999233	0.0	2147467	22	4.3
1528275192.19	4300	59.748827	0.0	2133870	26	4.3
1528275196.29	4300	59.748882	0.0	2146120	15	4.3
1528275199.89	4300	59.998292	0.0	2108491	24	4.3
1528275204.0	4300	59.998711	0.0	2184571	25	4.3
1528275208.11	4300	59.998985	0.0	2121928	27	4.3
1528275212.22	4300	59.748428	0.0	2219102	24	4.3
1528275216.32	4300	59.707199	0.0	2124950	25	4.3
1528275219.94	4300	59.999419	0.0	2246506	26	4.3
1528275224.04	4300	59.998848	0.0	1961140	23	4.3
1528275228.15	4300	59.749471	0.0	2155012	26	4.3
1528275229.76	4300	59.928427	0.0	1433658	18	4.3

1528275230.0	750	4	0.026	2354772	6	-0.11180000000000001
1528275230.09	4300	7.964385	0.0	2123065	19	0.75
1528275230.18	4300	11.873637	0.0	2177073	22	4.3
1528275230.27	4300	15.783388	0.0	2160877	20	4.3
1528275230.36	4300	19.687414	0.0	2233056	21	4.3
1528275230.47	4300	23.584376	0.0	1941625	30	4.3
1528275230.56	4300	27.490021	0.0	2157535	26	4.3
1528275230.65	4300	31.395237	0.0	2290172	21	4.3
1528275230.74	4300	35.30614	0.0	2055469	22	4.3
1528275230.84	4300	39.212049	0.0	2169201	21	4.3
1528275230.93	4300	43.120593	0.0	2173522	19	4.3
1528275231.03	4300	47.016266	0.0	2102452	26	4.3
1528275231.13	4300	50.922954	0.0	2209463	28	4.3
1528275231.22	4300	54.825482	0.0	2275376	24	4.3
1528275231.31	4300	58.736056	0.0	2005399	21	4.3
1528275234.41	4300	59.748991	0.0	2152483	23	4.3
1528275238.53	4300	59.748946	0.0	2289689	28	4.3
1528275242.13	4300	59.999323	0.0	2059512	23	4.3
1528275246.24	4300	59.999116	0.0	2220726	26	4.3
1528275250.35	4300	59.749337	0.0	2156729	25	4.3
1528275254.46	4300	59.748635	0.0	2039773	25	4.3
1528275258.08	4300	59.999205	0.0	2176469	25	4.3
1528275262.19	4300	59.998313	0.0	2221506	25	4.3
1528275266.31	4300	59.749735	0.0	2044075	23	4.3
1528275270.42	4300	59.748111	0.0	2186790	24	4.3
1528275274.53	4300	59.748135	0.0	2105231	25	4.3
1528275278.64	4300	59.499552	0.0	2395588	29	4.3
1528275282.25	4300	59.998235	0.0	1972048	22	4.3
1528275286.35	4300	59.74812	0.0	2134614	22	4.3
1528275290.46	4300	59.749115	0.0	2164140	24	4.3
1528275294.07	4300	59.999494	0.0	2113193	23	4.3
1528275298.18	4300	59.997874	0.0	2147852	23	4.3
1528275302.26	4300	59.99936	0.0	2191074	11	4.3
1528275306.37	4300	59.748193	0.0	2286761	22	4.3
1528275310.47	4300	59.749694	0.0	2307787	27	4.3
1528275314.08	4300	59.998978	0.0	2143948	24	4.3
1528275318.18	4300	59.999015	0.0	1919781	20	4.3
1528275322.29	4300	59.999063	0.0	2147467	24	4.3
1528275326.41	4300	59.7497	0.0	2133870	25	4.3
1528275330.5	4300	59.749262	0.0	2146120	16	4.3
1528275334.11	4300	59.998994	0.0	2108491	27	4.3
1528275338.73	4300	59.498365	0.0	2184571	27	4.3
1528275342.33	4300	59.748737	0.0	2121928	22	4.3
1528275346.45	4300	59.748747	0.0	2219102	26	4.3
1528275350.57	4300	59.708997	0.0	2124950	26	4.3
1528275354.18	4300	59.999142	0.0	2246506	26	4.3
1528275358.79	4300	59.499059	0.0	1961140	24	4.3
1528275362.39	4300	59.749354	0.0	2155012	21	4.3
1528275364.0	4300	59.929239	0.0	1433658	39	4.3

1528275364.24	750	4	0.025	2354772	8	-0.10750000000000004
1528275364.33	4300	7.965632	0.0	2123065	23	0.75
1528275364.42	4300	11.875437	0.0	2177073	26	4.3
1528275364.51	4300	15.785325	0.0	2160877	27	4.3
1528275364.59	4300	19.704757	0.0	2233056	16	4.3
1528275364.69	4300	23.610651	0.0	1941625	23	4.3
1528275364.79	4300	27.509294	0.0	2157535	20	4.3
1528275364.88	4300	31.409918	0.0	2290172	22	4.3
1528275364.98	4300	35.311394	0.0	2055469	25	4.3
1528275365.08	4300	39.217012	0.0	2169201	24	4.3
1528275365.17	4300	43.126189	0.0	2173522	27	4.3
1528275365.25	4300	47.047318	0.0	2102452	13	4.3
1528275365.35	4300	50.94892	0.0	2209463	25	4.3
1528275365.42	4300	54.873476	0.0	2275376	12	4.3
1528275365.52	4300	58.773329	0.0	2005399	22	4.3
1528275368.63	4300	59.748412	0.0	2152483	26	4.3
1528275372.75	4300	59.748567	0.0	2289689	25	4.3
1528275376.36	4300	59.999063	0.0	2059512	24	4.3
1528275380.46	4300	59.998409	0.0	2220726	24	4.3
1528275384.57	4300	59.749172	0.0	2156729	27	4.3
1528275388.68	4300	59.747811	0.0	2039773	24	4.3
1528275392.79	4300	59.748659	0.0	2176469	26	4.3
1528275396.4	4300	59.999142	0.0	2221506	25	4.3
1528275400.5	4300	59.997942	0.0	2044075	22	4.3
1528275404.61	4300	59.748674	0.0	2186790	25	4.3
1528275408.72	4300	59.748919	0.0	2105231	26	4.3
1528275412.34	4300	59.99834	0.0	2395588	25	4.3
1528275416.44	4300	59.997865	0.0	1972048	20	4.3
1528275420.55	4300	59.997957	0.0	2134614	26	4.3
1528275424.65	4300	59.747566	0.0	2164140	23	4.3
1528275428.77	4300	59.747485	0.0	2113193	24	4.3
1528275432.38	4300	59.99764	0.0	2147852	26	4.3
1528275436.48	4300	59.999161	0.0	2191074	21	4.3
1528275440.58	4300	59.749278	0.0	2286761	25	4.3
