1527704254.16	750	4	0.015	450283	3	-0.0645
1527704254.29	4300	7.955892	0.0	2123065	13	0.75
1527704254.38	4300	11.868118	0.0	2177073	16	4.3
1527704254.45	4300	15.795407	0.0	2160877	10	4.3
1527704254.53	4300	19.718879	0.0	2233056	14	4.3
1527704254.59	4300	23.656248	0.0	1941625	6	4.3
1527704254.67	4300	27.583946	0.0	2157535	10	4.3
1527704254.74	4300	31.506879	0.0	2290172	10	4.3
1527704254.82	4300	35.433816	0.0	2055469	11	4.3
1527704254.89	4300	39.359174	0.0	2169201	10	4.3
1527704254.95	4300	43.293889	0.0	2173522	6	4.3
1527704255.02	4300	47.232158	0.0	2102452	7	4.3
1527704255.08	4300	51.168168	0.0	2209463	7	4.3
1527704255.15	4300	55.101743	0.0	2275376	8	4.3
1527704255.21	4300	59.037656	0.0	2005399	8	4.3
1527704258.29	4300	59.999265	0.0	2152483	7	4.3
1527704262.39	4300	59.999185	0.0	2289689	14	4.3
1527704266.62	4300	59.999384	0.0	2059512	23	4.3
1527704270.3	4300	59.998671	0.0	2220726	19	4.3
1527704274.41	4300	59.998903	0.0	2156729	18	4.3
1527704278.51	4300	59.749336	0.0	2039773	24	4.3
1527704282.62	4300	59.74913	0.0	2176469	24	4.3
1527704286.73	4300	59.74883	0.0	2221506	24	4.3
1527704290.34	4300	59.998883	0.0	2044075	21	4.3
1527704294.44	4300	59.998824	0.0	2186790	20	4.3
1527704298.55	4300	59.749354	0.0	2105231	25	4.3
1527704302.66	4300	59.749212	0.0	2395588	26	4.3
1527704306.75	4300	59.749191	0.0	1972048	11	4.3
1527704310.35	4300	59.997829	0.0	2134614	22	4.3
1527704314.45	4300	59.999057	0.0	2164140	22	4.3
1527704318.56	4300	59.749356	0.0	2113193	24	4.3
1527704322.67	4300	59.747877	0.0	2147852	24	4.3
1527704326.28	4300	59.997823	0.0	2191074	25	4.3
1527704330.38	4300	59.999399	0.0	2286761	24	4.3
1527704334.99	4300	59.49942	0.0	2307787	24	4.3
1527704338.61	4300	59.748468	0.0	2143948	23	4.3
1527704342.71	4300	59.748345	0.0	1919781	21	4.3
1527704346.32	4300	59.999288	0.0	2147467	23	4.3
1527704350.93	4300	59.499486	0.0	2133870	22	4.3
1527704354.53	4300	59.749771	0.0	2146120	25	4.3
1527704358.64	4300	59.748689	0.0	2108491	24	4.3
1527704362.75	4300	59.749741	0.0	2184571	23	4.3
1527704366.36	4300	59.999214	0.0	2121928	24	4.3
1527704370.46	4300	59.998786	0.0	2219102	22	4.3
1527704374.57	4300	59.749039	0.0	2124950	23	4.3
1527704378.69	4300	59.749342	0.0	2246506	29	4.3
1527704382.3	4300	59.999117	0.0	1961140	17	4.3
1527704386.5	4300	59.999477	0.0	2155012	17	4.3
1527704388.09	4300	59.927802	0.0	1433658	11	4.3

1527704388.3	750	4	0.014	668286	2	-0.06020000000000003
1527704388.38	4300	7.974609	0.0	2123065	9	0.75
1527704388.44	4300	11.909032	0.0	2177073	7	4.3
1527704388.52	4300	15.82636	0.0	2160877	17	4.3
1527704388.59	4300	19.756301	0.0	2233056	11	4.3
1527704388.66	4300	23.687506	0.0	1941625	8	4.3
1527704388.74	4300	27.615409	0.0	2157535	9	4.3
1527704388.81	4300	31.541331	0.0	2290172	10	4.3
1527704388.88	4300	35.470289	0.0	2055469	10	4.3
1527704388.95	4300	39.397755	0.0	2169201	10	4.3
1527704389.02	4300	43.326611	0.0	2173522	11	4.3
1527704389.09	4300	47.258449	0.0	2102452	10	4.3
1527704389.16	4300	51.186361	0.0	2209463	10	4.3
1527704389.23	4300	55.114898	0.0	2275376	9	4.3
1527704389.3	4300	59.047328	0.0	2005399	10	4.3
1527704392.39	4300	59.998041	0.0	2152483	9	4.3
1527704396.5	4300	59.999454	0.0	2289689	27	4.3
1527704400.61	4300	59.749301	0.0	2059512	22	4.3
1527704404.72	4300	59.749021	0.0	2220726	24	4.3
1527704408.83	4300	59.749084	0.0	2156729	26	4.3
1527704412.44	4300	59.998927	0.0	2039773	22	4.3
1527704417.04	4300	59.49893	0.0	2176469	23	4.3
1527704420.66	4300	59.748565	0.0	2221506	23	4.3
1527704424.76	4300	59.749557	0.0	2044075	22	4.3
1527704428.37	4300	59.99816	0.0	2186790	24	4.3
1527704432.98	4300	59.497875	0.0	2105231	22	4.3
1527704436.59	4300	59.999437	0.0	2395588	26	4.3
1527704440.68	4300	59.748264	0.0	1972048	11	4.3
1527704444.79	4300	59.748611	0.0	2134614	19	4.3
1527704448.89	4300	59.498876	0.0	2164140	19	4.3
1527704452.47	4300	59.998513	0.0	2113193	8	4.3
1527704456.59	4300	59.999162	0.0	2147852	25	4.3
1527704460.7	4300	59.748304	0.0	2191074	26	4.3
1527704464.81	4300	59.748213	0.0	2286761	25	4.3
1527704468.92	4300	59.497604	0.0	2307787	24	4.3
1527704472.53	4300	59.999059	0.0	2143948	26	4.3
1527704476.64	4300	59.747721	0.0	1919781	22	4.3
1527704480.74	4300	59.74918	0.0	2147467	24	4.3
1527704484.36	4300	59.999498	0.0	2133870	23	4.3
1527704488.96	4300	59.498416	0.0	2146120	19	4.3
1527704492.57	4300	59.99824	0.0	2108491	23	4.3
1527704496.68	4300	59.749095	0.0	2184571	22	4.3
1527704500.79	4300	59.749106	0.0	2121928	24	4.3
1527704504.4	4300	59.998359	0.0	2219102	25	4.3
1527704508.5	4300	59.999226	0.0	2124950	19	4.3
1527704512.6	4300	59.999412	0.0	2246506	23	4.3
