1528168353.19	750	4	0.026	2354772	8	-0.11180000000000001
1528168353.31	4300	7.962741	0.0	2123065	23	0.75
1528168353.4	4300	11.872731	0.0	2177073	25	4.3
1528168353.48	4300	15.79969	0.0	2160877	11	4.3
1528168353.57	4300	19.709523	0.0	2233056	17	4.3
1528168353.65	4300	23.623031	0.0	1941625	18	4.3
1528168353.75	4300	27.532348	0.0	2157535	21	4.3
1528168353.84	4300	31.434605	0.0	2290172	17	4.3
1528168353.94	4300	35.335492	0.0	2055469	25	4.3
1528168354.04	4300	39.240098	0.0	2169201	23	4.3
1528168354.13	4300	43.151122	0.0	2173522	25	4.3
1528168354.21	4300	47.070099	0.0	2102452	13	4.3
1528168354.31	4300	50.970027	0.0	2209463	26	4.3
1528168354.42	4300	54.85769	0.0	2275376	25	4.3
1528168354.5	4300	58.773563	0.0	2005399	17	4.3
1528168357.62	4300	59.749037	0.0	2152483	25	4.3
1528168361.73	4300	59.749661	0.0	2289689	25	4.3
1528168365.35	4300	59.999217	0.0	2059512	22	4.3
1528168369.45	4300	59.99924	0.0	2220726	25	4.3
1528168373.56	4300	59.748685	0.0	2156729	24	4.3
1528168377.67	4300	59.74843	0.0	2039773	24	4.3
1528168381.28	4300	59.998866	0.0	2176469	26	4.3
1528168385.89	4300	59.499555	0.0	2221506	24	4.3
1528168389.5	4300	59.998285	0.0	2044075	20	4.3
1528168393.6	4300	59.748297	0.0	2186790	23	4.3
1528168397.72	4300	59.747971	0.0	2105231	26	4.3
1528168401.32	4300	59.998224	0.0	2395588	25	4.3
1528168405.43	4300	59.999203	0.0	1972048	19	4.3
1528168409.53	4300	59.748114	0.0	2134614	24	4.3
1528168413.64	4300	59.748151	0.0	2164140	23	4.3
1528168417.75	4300	59.747901	0.0	2113193	24	4.3
1528168421.43	4300	59.999495	0.0	2147852	23	4.3
1528168425.54	4300	59.749619	0.0	2191074	23	4.3
1528168429.66	4300	59.748007	0.0	2286761	25	4.3
1528168433.82	4300	59.748803	0.0	2307787	25	4.3
1528168437.45	4300	59.99943	0.0	2143948	20	4.3
1528168441.55	4300	59.749248	0.0	1919781	17	4.3
1528168445.66	4300	59.748224	0.0	2147467	22	4.3
1528168449.77	4300	59.749439	0.0	2133870	24	4.3
1528168453.36	4300	59.997759	0.0	2146120	12	4.3
1528168457.47	4300	59.999025	0.0	2108491	24	4.3
1528168461.58	4300	59.749137	0.0	2184571	25	4.3
1528168465.69	4300	59.749823	0.0	2121928	23	4.3
1528168469.31	4300	59.999265	0.0	2219102	24	4.3
1528168473.41	4300	59.998775	0.0	2124950	21	4.3
1528168477.51	4300	59.998837	0.0	2246506	23	4.3
1528168481.62	4300	59.748316	0.0	1961140	24	4.3
1528168485.73	4300	59.749061	0.0	2155012	23	4.3
1528168487.33	4300	59.678673	0.0	1433658	16	4.3

1528168487.53	750	4	0.016	668286	2	-0.06879999999999997
1528168487.6	4300	7.979893	0.0	2123065	6	0.75
1528168487.69	4300	11.885396	0.0	2177073	23	4.3
1528168487.78	4300	15.796331	0.0	2160877	22	4.3
1528168487.89	4300	19.697898	0.0	2233056	23	4.3
1528168487.98	4300	23.602265	0.0	1941625	18	4.3
1528168488.06	4300	27.522821	0.0	2157535	12	4.3
1528168488.15	4300	31.427992	0.0	2290172	19	4.3
1528168488.25	4300	35.326622	0.0	2055469	22	4.3
1528168488.35	4300	39.230211	0.0	2169201	26	4.3
1528168488.44	4300	43.138342	0.0	2173522	23	4.3
1528168488.52	4300	47.05761	0.0	2102452	14	4.3
1528168488.62	4300	50.959418	0.0	2209463	24	4.3
1528168488.7	4300	54.884108	0.0	2275376	12	4.3
1528168488.79	4300	58.786584	0.0	2005399	22	4.3
1528168491.88	4300	59.749399	0.0	2152483	10	4.3
1528168495.99	4300	59.749071	0.0	2289689	26	4.3
1528168500.08	4300	59.498032	0.0	2059512	9	4.3
1528168503.69	4300	59.999183	0.0	2220726	22	4.3
1528168507.8	4300	59.999464	0.0	2156729	20	4.3
1528168511.9	4300	59.749014	0.0	2039773	19	4.3
1528168516.01	4300	59.74897	0.0	2176469	22	4.3
1528168519.62	4300	59.999269	0.0	2221506	24	4.3
1528168523.72	4300	59.998377	0.0	2044075	19	4.3
1528168527.83	4300	59.999017	0.0	2186790	24	4.3
1528168531.93	4300	59.748874	0.0	2105231	22	4.3
1528168536.04	4300	59.749633	0.0	2395588	26	4.3
1528168539.65	4300	59.998464	0.0	1972048	22	4.3
1528168543.75	4300	59.998531	0.0	2134614	22	4.3
1528168547.86	4300	59.747943	0.0	2164140	24	4.3
1528168551.97	4300	59.749708	0.0	2113193	23	4.3
1528168556.08	4300	59.749454	0.0	2147852	24	4.3
1528168559.66	4300	59.99854	0.0	2191074	7	4.3
1528168563.77	4300	59.998282	0.0	2286761	26	4.3
1528168567.88	4300	59.74944	0.0	2307787	26	4.3
1528168571.99	4300	59.749058	0.0	2143948	25	4.3
1528168575.59	4300	59.999369	0.0	1919781	21	4.3
1528168579.7	4300	59.99838	0.0	2147467	21	4.3
1528168583.81	4300	59.998783	0.0	2133870	24	4.3
1528168587.91	4300	59.747933	0.0	2146120	23	4.3
1528168592.03	4300	59.749117	0.0	2108491	23	4.3
1528168595.65	4300	59.998225	0.0	2184571	23	4.3
1528168600.26	4300	59.498847	0.0	2121928	24	4.3
1528168603.86	4300	59.749435	0.0	2219102	21	4.3
1528168607.97	4300	59.678661	0.0	2124950	24	4.3
1528168611.59	4300	59.99904	0.0	2246506	26	4.3
1528168615.69	4300	59.999478	0.0	1961140	21	4.3
1528168619.81	4300	59.998903	0.0	2155012	24	4.3
1528168621.4	4300	59.929053	0.0	1433658	16	4.3

1528168621.59	750	4	0.02	668286	5	-0.08599999999999997
1528168621.69	4300	7.958702	0.0	2123065	11	0.75
1528168621.78	4300	11.86917	0.0	2177073	17	4.3
1528168621.88	4300	15.766818	0.0	2160877	24	4.3
1528168621.96	4300	19.689995	0.0	2233056	12	4.3
1528168622.05	4300	23.599533	0.0	1941625	13	4.3
1528168622.15	4300	27.494346	0.0	2157535	29	4.3
1528168622.23	4300	31.41622	0.0	2290172	14	4.3
1528168622.33	4300	35.323319	0.0	2055469	17	4.3
1528168622.4	4300	39.251971	0.0	2169201	10	4.3
1528168622.47	4300	43.180783	0.0	2173522	9	4.3
1528168622.56	4300	47.089759	0.0	2102452	17	4.3
1528168622.65	4300	50.994294	0.0	2209463	18	4.3
1528168622.75	4300	54.894706	0.0	2275376	26	4.3
1528168622.83	4300	58.820537	0.0	2005399	12	4.3
1528168625.96	4300	59.748334	0.0	2152483	26	4.3
1528168630.08	4300	59.74852	0.0	2289689	21	4.3
1528168633.68	4300	59.998189	0.0	2059512	20	4.3
1528168637.79	4300	59.998923	0.0	2220726	22	4.3
1528168641.89	4300	59.999092	0.0	2156729	21	4.3
1528168645.99	4300	59.74812	0.0	2039773	14	4.3
1528168650.1	4300	59.748794	0.0	2176469	24	4.3
1528168653.71	4300	59.997868	0.0	2221506	25	4.3
1528168657.82	4300	59.998428	0.0	2044075	21	4.3
1528168661.93	4300	59.749029	0.0	2186790	25	4.3
1528168666.03	4300	59.74908	0.0	2105231	25	4.3
1528168670.15	4300	59.748246	0.0	2395588	27	4.3
1528168673.74	4300	59.999018	0.0	1972048	10	4.3
1528168678.36	4300	59.498135	0.0	2134614	24	4.3
