1527665487.96	750	4	0.024	2354772	9	-0.10319999999999996
1527665488.1	4300	7.965759	0.0	2123065	18	0.75
1527665488.24	4300	11.822504	0.0	2177073	24	4.3
1527665488.38	4300	15.677793	0.0	2160877	25	4.3
1527665488.53	4300	19.530531	0.0	2233056	26	4.3
1527665488.68	4300	23.384286	0.0	1941625	25	4.3
1527665488.83	4300	27.232431	0.0	2157535	25	4.3
1527665488.98	4300	31.075895	0.0	2290172	28	4.3
1527665489.13	4300	34.926399	0.0	2055469	26	4.3
1527665489.3	4300	38.763881	0.0	2169201	19	4.3
1527665489.44	4300	42.623737	0.0	2173522	23	4.3
1527665489.58	4300	46.479829	0.0	2102452	25	4.3
1527665489.74	4300	50.322561	0.0	2209463	22	4.3
1527665489.98	4300	54.136481	0.0	2275376	25	4.3
1527665490.12	4300	57.937227	0.0	2005399	25	4.3
1527665492.28	4300	59.999412	0.0	2152483	26	4.3
1527665496.45	4300	59.748989	0.0	2289689	26	4.3
1527665500.1	4300	59.998641	0.0	2059512	19	4.3
1527665504.75	4300	59.499634	0.0	2220726	24	4.3
1527665508.41	4300	59.749247	0.0	2156729	21	4.3
1527665512.56	4300	59.748739	0.0	2039773	23	4.3
1527665516.22	4300	59.998765	0.0	2176469	25	4.3
1527665520.37	4300	59.748449	0.0	2221506	19	4.3
1527665524.52	4300	59.748993	0.0	2044075	23	4.3
1527665528.18	4300	59.998551	0.0	2186790	22	4.3
1527665532.33	4300	59.74821	0.0	2105231	23	4.3
1527665536.49	4300	59.748288	0.0	2395588	26	4.3
1527665540.15	4300	59.997866	0.0	1972048	22	4.3
1527665544.3	4300	59.998992	0.0	2134614	23	4.3
1527665548.47	4300	59.747726	0.0	2164140	24	4.3
1527665552.17	4300	59.998854	0.0	2113193	24	4.3
1527665556.33	4300	59.749087	0.0	2147852	24	4.3
1527665560.48	4300	59.748384	0.0	2191074	21	4.3
1527665564.14	4300	59.999154	0.0	2286761	26	4.3
1527665568.3	4300	59.998788	0.0	2307787	26	4.3
1527665572.46	4300	59.748229	0.0	2143948	27	4.3
1527665576.11	4300	59.997543	0.0	1919781	20	4.3
1527665580.77	4300	59.497922	0.0	2147467	23	4.3
1527665584.42	4300	59.749178	0.0	2133870	24	4.3
1527665588.08	4300	59.998506	0.0	2146120	26	4.3
1527665592.23	4300	59.997795	0.0	2108491	23	4.3
1527665596.39	4300	59.748847	0.0	2184571	21	4.3
1527665600.54	4300	59.749135	0.0	2121928	25	4.3
1527665604.19	4300	59.9994	0.0	2219102	22	4.3
1527665608.35	4300	59.749351	0.0	2124950	25	4.3
1527665612.49	4300	59.748788	0.0	2246506	25	4.3
1527665616.13	4300	59.998791	0.0	1961140	23	4.3
1527665620.26	4300	59.999289	0.0	2155012	26	4.3
1527665621.86	4300	59.929092	0.0	1433658	14	4.3

1527665622.09	750	4	0.019	668286	6	-0.0817
1527665622.26	4300	7.93819	0.0	2123065	32	0.75
1527665622.4	4300	11.799723	0.0	2177073	21	4.3
1527665622.54	4300	15.656883	0.0	2160877	21	4.3
1527665622.7	4300	19.504946	0.0	2233056	28	4.3
1527665622.84	4300	23.356918	0.0	1941625	24	4.3
1527665622.98	4300	27.222029	0.0	2157535	18	4.3
1527665623.12	4300	31.080847	0.0	2290172	23	4.3
1527665623.26	4300	34.938452	0.0	2055469	23	4.3
1527665623.41	4300	38.793031	0.0	2169201	27	4.3
1527665623.58	4300	42.63969	0.0	2173522	26	4.3
1527665623.72	4300	46.482945	0.0	2102452	24	4.3
1527665623.87	4300	50.336478	0.0	2209463	25	4.3
1527665624.02	4300	54.185804	0.0	2275376	28	4.3
1527665624.16	4300	58.037882	0.0	2005399	25	4.3
1527665626.32	4300	59.997723	0.0	2152483	10	4.3
1527665630.52	4300	59.748877	0.0	2289689	23	4.3
1527665634.69	4300	59.747862	0.0	2059512	23	4.3
1527665638.35	4300	59.998969	0.0	2220726	26	4.3
1527665642.52	4300	59.749472	0.0	2156729	25	4.3
1527665646.68	4300	59.749432	0.0	2039773	24	4.3
1527665650.33	4300	59.999294	0.0	2176469	22	4.3
1527665654.48	4300	59.749371	0.0	2221506	25	4.3
1527665658.63	4300	59.748184	0.0	2044075	21	4.3
1527665662.3	4300	59.998885	0.0	2186790	26	4.3
1527665666.46	4300	59.748881	0.0	2105231	25	4.3
1527665670.61	4300	59.748474	0.0	2395588	22	4.3
1527665674.26	4300	59.999266	0.0	1972048	23	4.3
1527665678.42	4300	59.997737	0.0	2134614	27	4.3
1527665682.57	4300	59.748649	0.0	2164140	24	4.3
1527665686.23	4300	59.99895	0.0	2113193	23	4.3
1527665690.39	4300	59.99821	0.0	2147852	21	4.3
1527665694.54	4300	59.749521	0.0	2191074	26	4.3
1527665698.7	4300	59.748981	0.0	2286761	27	4.3
1527665702.35	4300	59.999476	0.0	2307787	23	4.3
1527665706.51	4300	59.74925	0.0	2143948	22	4.3
1527665710.67	4300	59.748769	0.0	1919781	22	4.3
1527665714.36	4300	59.999187	0.0	2147467	17	4.3
1527665718.56	4300	59.748392	0.0	2133870	25	4.3
1527665722.22	4300	59.999325	0.0	2146120	20	4.3
1527665726.37	4300	59.998612	0.0	2108491	22	4.3
1527665730.51	4300	59.749048	0.0	2184571	20	4.3
1527665734.66	4300	59.748011	0.0	2121928	20	4.3
1527665738.82	4300	59.499006	0.0	2219102	26	4.3
1527665742.49	4300	59.748478	0.0	2124950	26	4.3
1527665746.63	4300	59.749029	0.0	2246506	17	4.3
1527665750.26	4300	59.998259	0.0	1961140	20	4.3
1527665754.39	4300	59.997671	0.0	2155012	26	4.3
1527665756.0	4300	59.92857	0.0	1433658	15	4.3

1527665756.24	750	4	0.017	668286	3	-0.07309999999999994
1527665756.39	4300	7.950848	0.0	2123065	18	0.75
1527665756.53	4300	11.809028	0.0	2177073	25	4.3
1527665756.68	4300	15.663333	0.0	2160877	27	4.3
1527665756.82	4300	19.520111	0.0	2233056	14	4.3
1527665756.96	4300	23.379276	0.0	1941625	16	4.3
1527665757.1	4300	27.23554	0.0	2157535	22	4.3
1527665757.25	4300	31.090828	0.0	2290172	27	4.3
1527665757.39	4300	34.94573	0.0	2055469	27	4.3
1527665757.53	4300	38.809913	0.0	2169201	20	4.3
1527665757.67	4300	42.669054	0.0	2173522	26	4.3
1527665757.81	4300	46.52504	0.0	2102452	25	4.3
1527665757.96	4300	50.376546	0.0	2209463	26	4.3
1527665758.11	4300	54.228016	0.0	2275376	28	4.3
1527665758.25	4300	58.093983	0.0	2005399	18	4.3
1527665760.4	4300	59.997783	0.0	2152483	10	4.3
1527665764.56	4300	59.998249	0.0	2289689	25	4.3
1527665768.72	4300	59.749342	0.0	2059512	25	4.3
1527665772.37	4300	59.999299	0.0	2220726	25	4.3
1527665776.53	4300	59.998954	0.0	2156729	27	4.3
1527665780.68	4300	59.749538	0.0	2039773	18	4.3
1527665784.84	4300	59.74948	0.0	2176469	24	4.3
1527665788.51	4300	59.999071	0.0	2221506	25	4.3
1527665792.66	4300	59.748733	0.0	2044075	23	4.3
1527665796.81	4300	59.749195	0.0	2186790	24	4.3
1527665800.46	4300	59.999058	0.0	2105231	19	4.3
1527665804.61	4300	59.748714	0.0	2395588	28	4.3
1527665808.76	4300	59.747839	0.0	1972048	20	4.3
1527665812.4	4300	59.997822	0.0	2134614	18	4.3
1527665816.56	4300	59.999102	0.0	2164140	24	4.3
1527665820.72	4300	59.748765	0.0	2113193	25	4.3
1527665824.37	4300	59.998706	0.0	2147852	22	4.3
1527665828.52	4300	59.99895	0.0	2191074	27	4.3
1527665832.68	4300	59.749234	0.0	2286761	20	4.3
1527665836.84	4300	59.748187	0.0	2307787	22	4.3
1527665840.5	4300	59.999072	0.0	2143948	25	4.3
1527665844.66	4300	59.748872	0.0	1919781	22	4.3
1527665848.81	4300	59.749014	0.0	2147467	21	4.3
1527665852.49	4300	59.999407	0.0	2133870	22	4.3
1527665856.66	4300	59.748708	0.0	2146120	25	4.3
1527665860.83	4300	59.748279	0.0	2108491	25	4.3
1527665864.98	4300	59.4992	0.0	2184571	22	4.3
