1527678575.23	750	4	0.027	2354772	9	-0.11609999999999998
1527678575.4	4300	7.956454	0.0	2123065	25	0.75
1527678575.54	4300	11.817302	0.0	2177073	23	4.3
1527678575.71	4300	15.640435	0.0	2160877	16	4.3
1527678575.86	4300	19.493608	0.0	2233056	23	4.3
1527678576.04	4300	23.31482	0.0	1941625	19	4.3
1527678576.22	4300	27.131037	0.0	2157535	24	4.3
1527678576.41	4300	30.947512	0.0	2290172	23	4.3
1527678576.58	4300	34.776534	0.0	2055469	22	4.3
1527678576.72	4300	38.63124	0.0	2169201	26	4.3
1527678576.87	4300	42.482891	0.0	2173522	28	4.3
1527678577.02	4300	46.334475	0.0	2102452	25	4.3
1527678577.17	4300	50.182074	0.0	2209463	27	4.3
1527678577.34	4300	54.016602	0.0	2275376	26	4.3
1527678577.48	4300	57.877001	0.0	2005399	23	4.3
1527678579.63	4300	59.748339	0.0	2152483	25	4.3
1527678583.79	4300	59.749312	0.0	2289689	27	4.3
1527678587.45	4300	59.999238	0.0	2059512	20	4.3
1527678592.1	4300	59.499391	0.0	2220726	24	4.3
1527678595.75	4300	59.748664	0.0	2156729	22	4.3
1527678599.4	4300	59.999307	0.0	2039773	23	4.3
1527678603.55	4300	59.999047	0.0	2176469	20	4.3
1527678607.74	4300	59.748735	0.0	2221506	25	4.3
1527678611.39	4300	59.999321	0.0	2044075	24	4.3
1527678616.04	4300	59.499444	0.0	2186790	22	4.3
1527678619.7	4300	59.749616	0.0	2105231	19	4.3
1527678623.36	4300	59.998329	0.0	2395588	23	4.3
1527678627.51	4300	59.998484	0.0	1972048	21	4.3
1527678631.71	4300	59.749134	0.0	2134614	23	4.3
1527678635.37	4300	59.999395	0.0	2164140	25	4.3
1527678640.02	4300	59.498649	0.0	2113193	19	4.3
1527678643.67	4300	59.748465	0.0	2147852	20	4.3
1527678647.83	4300	59.749379	0.0	2191074	24	4.3
1527678651.48	4300	59.998015	0.0	2286761	25	4.3
1527678655.65	4300	59.747628	0.0	2307787	28	4.3
1527678659.8	4300	59.748888	0.0	2143948	19	4.3
1527678663.51	4300	59.99884	0.0	1919781	24	4.3
1527678667.69	4300	59.747759	0.0	2147467	21	4.3
1527678671.87	4300	59.749017	0.0	2133870	24	4.3
1527678675.55	4300	59.998603	0.0	2146120	25	4.3
1527678679.93	4300	59.749185	0.0	2108491	27	4.3
1527678683.6	4300	59.998959	0.0	2184571	20	4.3
1527678687.75	4300	59.748756	0.0	2121928	23	4.3
1527678691.92	4300	59.49942	0.0	2219102	27	4.3
1527678695.57	4300	59.99921	0.0	2124950	20	4.3
1527678699.72	4300	59.748068	0.0	2246506	26	4.3
1527678703.39	4300	59.999406	0.0	1961140	21	4.3
1527678708.01	4300	59.498688	0.0	2155012	24	4.3
1527678709.59	4300	59.678834	0.0	1433658	4	4.3

1527678709.81	750	4	0.015	668286	3	-0.0645
1527678709.96	4300	7.951592	0.0	2123065	19	0.75
1527678710.1	4300	11.809566	0.0	2177073	24	4.3
1527678710.24	4300	15.671442	0.0	2160877	20	4.3
1527678710.38	4300	19.52874	0.0	2233056	16	4.3
1527678710.53	4300	23.386147	0.0	1941625	27	4.3
1527678710.67	4300	27.239389	0.0	2157535	25	4.3
1527678710.81	4300	31.106952	0.0	2290172	17	4.3
1527678710.95	4300	34.967602	0.0	2055469	24	4.3
1527678711.09	4300	38.822552	0.0	2169201	24	4.3
1527678711.23	4300	42.686826	0.0	2173522	21	4.3
1527678711.37	4300	46.543384	0.0	2102452	26	4.3
1527678711.51	4300	50.39943	0.0	2209463	27	4.3
1527678711.65	4300	54.264893	0.0	2275376	20	4.3
1527678711.79	4300	58.127099	0.0	2005399	23	4.3
1527678713.95	4300	59.99873	0.0	2152483	43	4.3
1527678718.11	4300	59.998699	0.0	2289689	28	4.3
1527678722.27	4300	59.74795	0.0	2059512	22	4.3
1527678725.93	4300	59.999171	0.0	2220726	23	4.3
1527678730.08	4300	59.998466	0.0	2156729	24	4.3
1527678734.23	4300	59.748921	0.0	2039773	19	4.3
1527678738.39	4300	59.748483	0.0	2176469	23	4.3
1527678742.03	4300	59.998369	0.0	2221506	23	4.3
1527678746.19	4300	59.748958	0.0	2044075	23	4.3
1527678750.38	4300	59.748816	0.0	2186790	26	4.3
1527678754.03	4300	59.998976	0.0	2105231	24	4.3
1527678758.19	4300	59.748444	0.0	2395588	29	4.3
1527678762.35	4300	59.749003	0.0	1972048	19	4.3
1527678766.0	4300	59.999013	0.0	2134614	27	4.3
1527678770.16	4300	59.999135	0.0	2164140	23	4.3
1527678774.31	4300	59.748906	0.0	2113193	19	4.3
1527678777.97	4300	59.998805	0.0	2147852	27	4.3
1527678782.13	4300	59.999008	0.0	2191074	25	4.3
1527678786.28	4300	59.748455	0.0	2286761	20	4.3
1527678789.94	4300	59.998989	0.0	2307787	25	4.3
1527678794.1	4300	59.999151	0.0	2143948	27	4.3
1527678798.24	4300	59.746946	0.0	1919781	21	4.3
1527678802.39	4300	59.748374	0.0	2147467	18	4.3
1527678806.04	4300	59.99843	0.0	2133870	23	4.3
1527678810.19	4300	59.748028	0.0	2146120	20	4.3
1527678814.34	4300	59.748882	0.0	2108491	23	4.3
1527678817.99	4300	59.998454	0.0	2184571	22	4.3
1527678822.15	4300	59.998541	0.0	2121928	24	4.3
1527678826.32	4300	59.747425	0.0	2219102	27	4.3
1527678829.97	4300	59.998623	0.0	2124950	21	4.3
1527678834.11	4300	59.998904	0.0	2246506	18	4.3
1527678838.36	4300	59.749014	0.0	1961140	21	4.3
1527678841.99	4300	59.998062	0.0	2155012	26	4.3
1527678844.1	4300	59.67886	0.0	1433658	17	4.3

1527678844.36	750	4	0.015	668286	3	-0.0645
1527678844.51	4300	7.946797	0.0	2123065	23	0.75
1527678844.66	4300	11.800198	0.0	2177073	28	4.3
1527678844.81	4300	15.652818	0.0	2160877	29	4.3
1527678844.95	4300	19.510477	0.0	2233056	12	4.3
1527678845.09	4300	23.371759	0.0	1941625	17	4.3
1527678845.23	4300	27.228409	0.0	2157535	23	4.3
1527678845.38	4300	31.082534	0.0	2290172	26	4.3
1527678845.53	4300	34.936419	0.0	2055469	25	4.3
1527678845.67	4300	38.788945	0.0	2169201	24	4.3
1527678845.81	4300	42.650721	0.0	2173522	19	4.3
1527678845.96	4300	46.501675	0.0	2102452	22	4.3
1527678846.11	4300	50.354479	0.0	2209463	25	4.3
1527678846.25	4300	54.207156	0.0	2275376	24	4.3
1527678846.39	4300	58.069662	0.0	2005399	15	4.3
1527678848.55	4300	59.998184	0.0	2152483	11	4.3
1527678852.7	4300	59.99905	0.0	2289689	15	4.3
1527678856.85	4300	59.748398	0.0	2059512	25	4.3
1527678860.5	4300	59.999155	0.0	2220726	23	4.3
1527678864.66	4300	59.99809	0.0	2156729	25	4.3
1527678868.8	4300	59.749455	0.0	2039773	20	4.3
1527678872.95	4300	59.749176	0.0	2176469	19	4.3
1527678876.61	4300	59.997693	0.0	2221506	26	4.3
1527678880.77	4300	59.74883	0.0	2044075	23	4.3
1527678884.92	4300	59.749601	0.0	2186790	23	4.3
1527678888.56	4300	59.997876	0.0	2105231	13	4.3
1527678892.72	4300	59.748253	0.0	2395588	26	4.3
1527678896.88	4300	59.747737	0.0	1972048	22	4.3
1527678900.53	4300	59.998572	0.0	2134614	22	4.3
1527678905.19	4300	59.499152	0.0	2164140	23	4.3
