1527624532.9	750	4	0.025	2354772	8	-0.10750000000000004
1527624533.03	4300	7.956676	0.0	2123065	21	0.75
1527624533.13	4300	11.855271	0.0	2177073	24	4.3
1527624533.23	4300	15.759053	0.0	2160877	21	4.3
1527624533.32	4300	19.667902	0.0	2233056	13	4.3
1527624533.42	4300	23.567974	0.0	1941625	22	4.3
1527624533.52	4300	27.470143	0.0	2157535	26	4.3
1527624533.6	4300	31.39069	0.0	2290172	12	4.3
1527624533.69	4300	35.292971	0.0	2055469	22	4.3
1527624533.79	4300	39.198261	0.0	2169201	24	4.3
1527624533.88	4300	43.105292	0.0	2173522	22	4.3
1527624533.98	4300	47.012138	0.0	2102452	22	4.3
1527624534.07	4300	50.918568	0.0	2209463	20	4.3
1527624534.17	4300	54.811251	0.0	2275376	19	4.3
1527624534.24	4300	58.74484	0.0	2005399	7	4.3
1527624537.34	4300	59.748614	0.0	2152483	20	4.3
1527624541.46	4300	59.749125	0.0	2289689	26	4.3
1527624545.07	4300	59.998944	0.0	2059512	24	4.3
1527624549.17	4300	59.998369	0.0	2220726	24	4.3
1527624553.28	4300	59.748967	0.0	2156729	25	4.3
1527624557.39	4300	59.748111	0.0	2039773	23	4.3
1527624561.04	4300	59.99892	0.0	2176469	23	4.3
1527624565.16	4300	59.99904	0.0	2221506	23	4.3
1527624569.28	4300	59.748557	0.0	2044075	24	4.3
1527624573.39	4300	59.748703	0.0	2186790	24	4.3
1527624577.03	4300	59.998736	0.0	2105231	23	4.3
1527624581.13	4300	59.998448	0.0	2395588	19	4.3
1527624585.24	4300	59.999276	0.0	1972048	20	4.3
1527624589.34	4300	59.749254	0.0	2134614	23	4.3
1527624593.45	4300	59.749082	0.0	2164140	24	4.3
1527624597.06	4300	59.998775	0.0	2113193	25	4.3
1527624601.17	4300	59.999319	0.0	2147852	23	4.3
1527624605.27	4300	59.749292	0.0	2191074	24	4.3
1527624609.39	4300	59.749282	0.0	2286761	26	4.3
1527624612.99	4300	59.999339	0.0	2307787	24	4.3
1527624617.1	4300	59.998567	0.0	2143948	20	4.3
1527624621.21	4300	59.99822	0.0	1919781	22	4.3
1527624625.31	4300	59.748787	0.0	2147467	16	4.3
1527624629.42	4300	59.749005	0.0	2133870	24	4.3
1527624633.03	4300	59.998583	0.0	2146120	25	4.3
1527624637.14	4300	59.998818	0.0	2108491	22	4.3
1527624641.24	4300	59.748959	0.0	2184571	23	4.3
1527624645.35	4300	59.74871	0.0	2121928	23	4.3
1527624649.47	4300	59.748946	0.0	2219102	27	4.3
1527624653.07	4300	59.998835	0.0	2124950	25	4.3
1527624657.2	4300	59.998754	0.0	2246506	23	4.3
1527624661.31	4300	59.748934	0.0	1961140	23	4.3
1527624665.42	4300	59.748678	0.0	2155012	23	4.3
1527624667.02	4300	59.677952	0.0	1433658	18	4.3

1527624667.21	750	4	0.011	668286	2	-0.04730000000000001
1527624667.33	4300	7.950576	0.0	2123065	16	0.75
1527624667.42	4300	11.861965	0.0	2177073	21	4.3
1527624667.51	4300	15.76791	0.0	2160877	21	4.3
1527624667.62	4300	19.6577	0.0	2233056	32	4.3
1527624667.7	4300	23.577112	0.0	1941625	11	4.3
1527624667.79	4300	27.489791	0.0	2157535	15	4.3
1527624667.89	4300	31.387825	0.0	2290172	28	4.3
1527624667.99	4300	35.284258	0.0	2055469	19	4.3
1527624668.1	4300	39.180131	0.0	2169201	24	4.3
1527624668.19	4300	43.086896	0.0	2173522	26	4.3
1527624668.28	4300	46.995575	0.0	2102452	24	4.3
1527624668.38	4300	50.904249	0.0	2209463	24	4.3
1527624668.47	4300	54.809115	0.0	2275376	22	4.3
1527624668.56	4300	58.719901	0.0	2005399	19	4.3
1527624671.66	4300	59.748785	0.0	2152483	19	4.3
1527624675.77	4300	59.748983	0.0	2289689	26	4.3
1527624679.38	4300	59.998676	0.0	2059512	23	4.3
1527624683.49	4300	59.997779	0.0	2220726	23	4.3
1527624687.6	4300	59.749444	0.0	2156729	23	4.3
1527624691.7	4300	59.747565	0.0	2039773	21	4.3
1527624695.31	4300	59.999393	0.0	2176469	26	4.3
1527624699.42	4300	59.999195	0.0	2221506	22	4.3
1527624703.52	4300	59.999213	0.0	2044075	21	4.3
1527624707.63	4300	59.747938	0.0	2186790	23	4.3
1527624711.75	4300	59.748592	0.0	2105231	23	4.3
1527624715.36	4300	59.99917	0.0	2395588	24	4.3
1527624719.46	4300	59.998501	0.0	1972048	21	4.3
1527624723.57	4300	59.749042	0.0	2134614	22	4.3
1527624727.68	4300	59.74822	0.0	2164140	24	4.3
1527624731.28	4300	59.999153	0.0	2113193	25	4.3
1527624735.39	4300	59.998888	0.0	2147852	22	4.3
1527624739.5	4300	59.998768	0.0	2191074	21	4.3
1527624743.61	4300	59.747562	0.0	2286761	25	4.3
1527624747.72	4300	59.749049	0.0	2307787	23	4.3
1527624751.33	4300	59.998509	0.0	2143948	22	4.3
1527624755.43	4300	59.998474	0.0	1919781	18	4.3
1527624759.53	4300	59.999212	0.0	2147467	22	4.3
1527624763.64	4300	59.749009	0.0	2133870	23	4.3
1527624767.75	4300	59.748906	0.0	2146120	26	4.3
1527624771.36	4300	59.998934	0.0	2108491	24	4.3
1527624775.47	4300	59.999079	0.0	2184571	24	4.3
1527624779.57	4300	59.74926	0.0	2121928	25	4.3
1527624783.68	4300	59.748604	0.0	2219102	24	4.3
1527624787.29	4300	59.998612	0.0	2124950	25	4.3
1527624791.4	4300	59.997696	0.0	2246506	23	4.3
1527624795.5	4300	59.997409	0.0	1961140	22	4.3
1527624799.61	4300	59.747541	0.0	2155012	23	4.3
1527624801.21	4300	59.928539	0.0	1433658	17	4.3

1527624801.41	750	4	0.01	668286	3	-0.04300000000000004
1527624801.52	4300	7.95047	0.0	2123065	20	0.75
1527624801.63	4300	11.846713	0.0	2177073	23	4.3
1527624801.73	4300	15.748692	0.0	2160877	24	4.3
1527624801.82	4300	19.650833	0.0	2233056	20	4.3
1527624801.91	4300	23.557661	0.0	1941625	23	4.3
1527624802.01	4300	27.463057	0.0	2157535	21	4.3
