1528259206.25	750	4	0.029	2354772	8	-0.12470000000000003
1528259206.35	4300	7.959923	0.0	2123065	23	0.75
1528259206.43	4300	11.883504	0.0	2177073	12	4.3
1528259206.53	4300	15.781251	0.0	2160877	26	4.3
1528259206.62	4300	19.68543	0.0	2233056	21	4.3
1528259206.71	4300	23.597959	0.0	1941625	22	4.3
1528259206.8	4300	27.503554	0.0	2157535	25	4.3
1528259206.9	4300	31.411198	0.0	2290172	25	4.3
1528259206.99	4300	35.32037	0.0	2055469	20	4.3
1528259207.08	4300	39.226192	0.0	2169201	24	4.3
1528259207.18	4300	43.130602	0.0	2173522	17	4.3
1528259207.28	4300	47.031059	0.0	2102452	27	4.3
1528259207.35	4300	50.956414	0.0	2209463	12	4.3
1528259207.46	4300	54.849718	0.0	2275376	21	4.3
1528259207.52	4300	58.787118	0.0	2005399	8	4.3
1528259210.62	4300	59.749221	0.0	2152483	21	4.3
1528259214.77	4300	59.749	0.0	2289689	21	4.3
1528259218.39	4300	59.998407	0.0	2059512	24	4.3
1528259222.49	4300	59.998175	0.0	2220726	20	4.3
1528259226.6	4300	59.749431	0.0	2156729	24	4.3
1528259230.7	4300	59.749387	0.0	2039773	23	4.3
1528259234.82	4300	59.49949	0.0	2176469	28	4.3
1528259238.92	4300	59.499111	0.0	2221506	25	4.3
1528259242.53	4300	59.998046	0.0	2044075	24	4.3
1528259246.63	4300	59.748747	0.0	2186790	24	4.3
1528259250.74	4300	59.74947	0.0	2105231	24	4.3
1528259254.36	4300	59.999261	0.0	2395588	31	4.3
1528259258.46	4300	59.998637	0.0	1972048	19	4.3
1528259262.57	4300	59.749196	0.0	2134614	23	4.3
1528259266.68	4300	59.749424	0.0	2164140	24	4.3
1528259270.79	4300	59.748133	0.0	2113193	24	4.3
1528259274.39	4300	59.999273	0.0	2147852	25	4.3
1528259279.0	4300	59.499045	0.0	2191074	25	4.3
1528259282.61	4300	59.74894	0.0	2286761	27	4.3
1528259286.72	4300	59.7495	0.0	2307787	26	4.3
1528259290.32	4300	59.999283	0.0	2143948	26	4.3
1528259294.93	4300	59.498814	0.0	1919781	23	4.3
1528259298.54	4300	59.999069	0.0	2147467	25	4.3
1528259302.66	4300	59.749343	0.0	2133870	25	4.3
1528259306.75	4300	59.748108	0.0	2146120	14	4.3
1528259310.36	4300	59.998104	0.0	2108491	25	4.3
1528259314.47	4300	59.997903	0.0	2184571	25	4.3
1528259318.58	4300	59.748121	0.0	2121928	27	4.3
1528259322.69	4300	59.748948	0.0	2219102	23	4.3
1528259326.8	4300	59.712445	0.0	2124950	22	4.3
1528259330.41	4300	59.997929	0.0	2246506	25	4.3
1528259334.51	4300	59.997855	0.0	1961140	21	4.3
1528259338.61	4300	59.749418	0.0	2155012	26	4.3
1528259340.21	4300	59.929371	0.0	1433658	19	4.3

1528259340.44	750	4	0.024	2354772	6	-0.10319999999999996
1528259340.54	4300	7.958803	0.0	2123065	22	0.75
1528259340.64	4300	11.858199	0.0	2177073	23	4.3
1528259340.73	4300	15.767772	0.0	2160877	21	4.3
1528259340.82	4300	19.675839	0.0	2233056	18	4.3
1528259340.92	4300	23.584316	0.0	1941625	26	4.3
1528259341.01	4300	27.490204	0.0	2157535	19	4.3
1528259341.11	4300	31.38324	0.0	2290172	31	4.3
1528259341.19	4300	35.309449	0.0	2055469	11	4.3
1528259341.29	4300	39.208082	0.0	2169201	25	4.3
1528259341.38	4300	43.112464	0.0	2173522	28	4.3
1528259341.47	4300	47.022372	0.0	2102452	26	4.3
1528259341.57	4300	50.930569	0.0	2209463	26	4.3
1528259341.66	4300	54.840528	0.0	2275376	25	4.3
1528259341.74	4300	58.753113	0.0	2005399	23	4.3
1528259344.83	4300	59.749004	0.0	2152483	14	4.3
1528259348.94	4300	59.748597	0.0	2289689	28	4.3
1528259352.54	4300	59.999319	0.0	2059512	24	4.3
1528259356.65	4300	59.99931	0.0	2220726	23	4.3
1528259360.75	4300	59.748495	0.0	2156729	23	4.3
1528259364.86	4300	59.748763	0.0	2039773	21	4.3
1528259368.97	4300	59.748487	0.0	2176469	26	4.3
1528259372.58	4300	59.997805	0.0	2221506	24	4.3
1528259376.69	4300	59.999408	0.0	2044075	23	4.3
1528259380.8	4300	59.74832	0.0	2186790	24	4.3
1528259384.9	4300	59.749599	0.0	2105231	23	4.3
1528259388.52	4300	59.999474	0.0	2395588	29	4.3
1528259392.62	4300	59.998774	0.0	1972048	20	4.3
1528259396.72	4300	59.998813	0.0	2134614	23	4.3
1528259400.83	4300	59.749046	0.0	2164140	23	4.3
1528259404.94	4300	59.749036	0.0	2113193	23	4.3
1528259408.55	4300	59.998191	0.0	2147852	27	4.3
1528259412.66	4300	59.998996	0.0	2191074	25	4.3
1528259416.77	4300	59.748804	0.0	2286761	26	4.3
1528259420.88	4300	59.748776	0.0	2307787	26	4.3
1528259424.99	4300	59.749168	0.0	2143948	23	4.3
1528259428.59	4300	59.999191	0.0	1919781	23	4.3
1528259432.7	4300	59.998733	0.0	2147467	26	4.3
1528259436.8	4300	59.749457	0.0	2133870	24	4.3
1528259440.91	4300	59.748598	0.0	2146120	25	4.3
1528259444.51	4300	59.997701	0.0	2108491	19	4.3
1528259448.61	4300	59.999161	0.0	2184571	21	4.3
1528259452.72	4300	59.999136	0.0	2121928	21	4.3
1528259456.82	4300	59.749176	0.0	2219102	21	4.3
1528259460.93	4300	59.682436	0.0	2124950	26	4.3
1528259464.55	4300	59.999106	0.0	2246506	27	4.3
1528259468.66	4300	59.998903	0.0	1961140	24	4.3
1528259472.77	4300	59.748532	0.0	2155012	26	4.3
1528259474.37	4300	59.929217	0.0	1433658	17	4.3

1528259474.62	750	4	0.028	2354772	6	-0.12039999999999995
1528259474.71	4300	7.908701	0.0	2123065	24	0.75
1528259474.82	4300	11.804223	0.0	2177073	25	4.3
1528259474.92	4300	15.701931	0.0	2160877	29	4.3
1528259475.01	4300	19.607798	0.0	2233056	24	4.3
1528259475.11	4300	23.511389	0.0	1941625	11	4.3
1528259475.21	4300	27.407933	0.0	2157535	28	4.3
1528259475.31	4300	31.311668	0.0	2290172	26	4.3
1528259475.4	4300	35.222396	0.0	2055469	23	4.3
1528259475.49	4300	39.130747	0.0	2169201	26	4.3
1528259475.59	4300	43.036064	0.0	2173522	23	4.3
1528259475.69	4300	46.927955	0.0	2102452	26	4.3
1528259475.79	4300	50.832622	0.0	2209463	26	4.3
1528259475.89	4300	54.731632	0.0	2275376	23	4.3
1528259475.99	4300	58.629638	0.0	2005399	24	4.3
1528259479.18	4300	59.748777	0.0	2152483	25	4.3
1528259482.79	4300	59.998454	0.0	2289689	22	4.3
1528259486.9	4300	59.749106	0.0	2059512	25	4.3
1528259491.02	4300	59.748808	0.0	2220726	28	4.3
1528259494.63	4300	59.999254	0.0	2156729	26	4.3
1528259498.73	4300	59.998734	0.0	2039773	23	4.3
