1527760688.08	750	4	0.017	450283	3	-0.07309999999999994
1527760688.22	4300	7.939471	0.0	2123065	21	0.75
1527760688.3	4300	11.864758	0.0	2177073	12	4.3
1527760688.38	4300	15.788184	0.0	2160877	12	4.3
1527760688.46	4300	19.70802	0.0	2233056	14	4.3
1527760688.53	4300	23.635905	0.0	1941625	11	4.3
1527760688.61	4300	27.556888	0.0	2157535	12	4.3
1527760688.68	4300	31.488575	0.0	2290172	8	4.3
1527760688.74	4300	35.418801	0.0	2055469	7	4.3
1527760688.83	4300	39.335237	0.0	2169201	18	4.3
1527760688.9	4300	43.265104	0.0	2173522	10	4.3
1527760688.97	4300	47.196793	0.0	2102452	10	4.3
1527760689.04	4300	51.126465	0.0	2209463	9	4.3
1527760689.11	4300	55.05444	0.0	2275376	10	4.3
1527760689.2	4300	58.966023	0.0	2005399	18	4.3
1527760692.31	4300	59.998872	0.0	2152483	15	4.3
1527760696.41	4300	59.998067	0.0	2289689	24	4.3
1527760700.52	4300	59.748585	0.0	2059512	22	4.3
1527760704.63	4300	59.749429	0.0	2220726	25	4.3
1527760708.24	4300	59.999113	0.0	2156729	26	4.3
1527760712.35	4300	59.998999	0.0	2039773	22	4.3
1527760716.46	4300	59.748026	0.0	2176469	24	4.3
1527760720.57	4300	59.749476	0.0	2221506	24	4.3
1527760724.17	4300	59.998885	0.0	2044075	22	4.3
1527760728.78	4300	59.499021	0.0	2186790	23	4.3
1527760732.38	4300	59.999454	0.0	2105231	17	4.3
1527760736.49	4300	59.748891	0.0	2395588	27	4.3
1527760740.61	4300	59.749323	0.0	1972048	22	4.3
1527760744.22	4300	59.998634	0.0	2134614	22	4.3
1527760748.32	4300	59.96179	0.0	2164140	21	4.3
1527760752.43	4300	59.748933	0.0	2113193	21	4.3
1527760756.54	4300	59.749064	0.0	2147852	23	4.3
1527760760.64	4300	59.748804	0.0	2191074	22	4.3
1527760764.25	4300	59.99926	0.0	2286761	26	4.3
1527760768.86	4300	59.499745	0.0	2307787	21	4.3
1527760772.47	4300	59.749112	0.0	2143948	23	4.3
1527760776.57	4300	59.748829	0.0	1919781	20	4.3
1527760780.19	4300	59.999457	0.0	2147467	25	4.3
1527760784.84	4300	59.498912	0.0	2133870	20	4.3
1527760788.45	4300	59.748408	0.0	2146120	18	4.3
1527760792.56	4300	59.749734	0.0	2108491	24	4.3
1527760796.66	4300	59.749703	0.0	2184571	18	4.3
1527760800.76	4300	59.498109	0.0	2121928	19	4.3
1527760804.37	4300	59.99932	0.0	2219102	25	4.3
1527760808.47	4300	59.72959	0.0	2124950	20	4.3
1527760812.58	4300	59.749692	0.0	2246506	22	4.3
1527760816.18	4300	59.999328	0.0	1961140	20	4.3
1527760820.29	4300	59.99796	0.0	2155012	22	4.3
1527760822.39	4300	59.677876	0.0	1433658	33	4.3

1527760822.61	750	4	0.016	668286	2	-0.06879999999999997
1527760822.67	4300	7.981337	0.0	2123065	6	0.75
1527760822.77	4300	11.886139	0.0	2177073	22	4.3
1527760822.85	4300	15.804074	0.0	2160877	14	4.3
1527760822.92	4300	19.732174	0.0	2233056	8	4.3
1527760822.99	4300	23.665226	0.0	1941625	8	4.3
1527760823.06	4300	27.597844	0.0	2157535	8	4.3
1527760823.14	4300	31.520056	0.0	2290172	8	4.3
1527760823.2	4300	35.454933	0.0	2055469	6	4.3
1527760823.26	4300	39.391642	0.0	2169201	6	4.3
1527760823.33	4300	43.329308	0.0	2173522	7	4.3
1527760823.4	4300	47.258408	0.0	2102452	14	4.3
1527760823.47	4300	51.196882	0.0	2209463	7	4.3
1527760823.53	4300	55.125128	0.0	2275376	7	4.3
1527760823.59	4300	59.064106	0.0	2005399	7	4.3
1527760826.69	4300	59.998545	0.0	2152483	8	4.3
1527760831.29	4300	59.498835	0.0	2289689	18	4.3
1527760835.4	4300	59.499585	0.0	2059512	21	4.3
1527760839.01	4300	59.747905	0.0	2220726	23	4.3
1527760843.11	4300	59.74875	0.0	2156729	24	4.3
1527760846.72	4300	59.997868	0.0	2039773	22	4.3
1527760850.82	4300	59.998355	0.0	2176469	24	4.3
1527760854.94	4300	59.749064	0.0	2221506	24	4.3
1527760859.04	4300	59.748758	0.0	2044075	24	4.3
1527760863.16	4300	59.747801	0.0	2186790	25	4.3
1527760866.76	4300	59.998882	0.0	2105231	22	4.3
1527760870.87	4300	59.998071	0.0	2395588	24	4.3
1527760875.06	4300	59.749659	0.0	1972048	21	4.3
1527760879.16	4300	59.749167	0.0	2134614	19	4.3
1527760882.76	4300	59.919782	0.0	2164140	22	4.3
1527760886.87	4300	59.999341	0.0	2113193	19	4.3
1527760890.97	4300	59.747945	0.0	2147852	19	4.3
1527760895.07	4300	59.749658	0.0	2191074	25	4.3
1527760898.69	4300	59.998189	0.0	2286761	26	4.3
1527760902.79	4300	59.998715	0.0	2307787	23	4.3
1527760906.89	4300	59.99934	0.0	2143948	24	4.3
1527760911.0	4300	59.74832	0.0	1919781	22	4.3
1527760915.09	4300	59.748121	0.0	2147467	14	4.3
1527760918.7	4300	59.999226	0.0	2133870	23	4.3
1527760922.8	4300	59.999145	0.0	2146120	18	4.3
1527760926.89	4300	59.999418	0.0	2108491	11	4.3
1527760930.99	4300	59.749431	0.0	2184571	20	4.3
1527760935.1	4300	59.749039	0.0	2121928	25	4.3
1527760939.21	4300	59.499405	0.0	2219102	23	4.3
1527760942.81	4300	59.998137	0.0	2124950	21	4.3
1527760946.92	4300	59.749034	0.0	2246506	25	4.3
1527760951.03	4300	59.748854	0.0	1961140	20	4.3
1527760955.13	4300	59.748935	0.0	2155012	13	4.3
1527760956.79	4300	59.677669	0.0	1433658	13	4.3

1527760957.01	750	4	0.014	668286	1	-0.06020000000000003
1527760957.12	4300	7.953272	0.0	2123065	14	0.75
1527760957.19	4300	11.883224	0.0	2177073	9	4.3
1527760957.26	4300	15.814585	0.0	2160877	7	4.3
1527760957.33	4300	19.74499	0.0	2233056	10	4.3
1527760957.39	4300	23.678843	0.0	1941625	7	4.3
1527760957.46	4300	27.609123	0.0	2157535	9	4.3
1527760957.53	4300	31.535366	0.0	2290172	12	4.3
1527760957.6	4300	35.471961	0.0	2055469	7	4.3
1527760957.66	4300	39.409649	0.0	2169201	6	4.3
1527760957.72	4300	43.348362	0.0	2173522	7	4.3
1527760957.8	4300	47.269486	0.0	2102452	14	4.3
1527760957.87	4300	51.199558	0.0	2209463	9	4.3
1527760957.94	4300	55.130262	0.0	2275376	8	4.3
1527760958.01	4300	59.064393	0.0	2005399	7	4.3
1527760961.09	4300	59.998731	0.0	2152483	8	4.3
1527760965.69	4300	59.500383	0.0	2289689	20	4.3
1527760969.8	4300	59.499886	0.0	2059512	23	4.3
1527760973.42	4300	59.749616	0.0	2220726	23	4.3
1527760977.52	4300	59.749005	0.0	2156729	22	4.3
1527760981.63	4300	59.500437	0.0	2039773	23	4.3
1527760985.74	4300	59.500436	0.0	2176469	26	4.3
1527760989.34	4300	59.750639	0.0	2221506	24	4.3
1527760993.45	4300	59.750413	0.0	2044075	21	4.3
1527760997.59	4300	59.749236	0.0	2186790	24	4.3
1527761001.7	4300	59.49962	0.0	2105231	23	4.3
1527761005.81	4300	59.50035	0.0	2395588	27	4.3
1527761009.39	4300	59.750117	0.0	1972048	10	4.3
1527761013.49	4300	59.749847	0.0	2134614	21	4.3
1527761017.61	4300	59.499712	0.0	2164140	23	4.3
1527761021.71	4300	59.499775	0.0	2113193	21	4.3
1527761025.32	4300	59.998885	0.0	2147852	25	4.3
1527761029.49	4300	59.750559	0.0	2191074	22	4.3
1527761033.09	4300	59.998952	0.0	2286761	22	4.3
