1527641891.92	750	4	0.013	450283	2	-0.05589999999999995
1527641892.05	4300	7.95512	0.0	2123065	16	0.75
1527641892.17	4300	11.856956	0.0	2177073	24	4.3
1527641892.27	4300	15.747245	0.0	2160877	22	4.3
1527641892.37	4300	19.63597	0.0	2233056	24	4.3
1527641892.44	4300	23.56713	0.0	1941625	10	4.3
1527641892.53	4300	27.47609	0.0	2157535	19	4.3
1527641892.62	4300	31.39137	0.0	2290172	16	4.3
1527641892.71	4300	35.300934	0.0	2055469	19	4.3
1527641892.8	4300	39.211885	0.0	2169201	21	4.3
1527641892.89	4300	43.122175	0.0	2173522	20	4.3
1527641892.98	4300	47.032435	0.0	2102452	20	4.3
1527641893.07	4300	50.940872	0.0	2209463	20	4.3
1527641893.17	4300	54.838863	0.0	2275376	26	4.3
1527641893.27	4300	58.742412	0.0	2005399	21	4.3
1527641896.39	4300	59.749268	0.0	2152483	26	4.3
1527641900.5	4300	59.748862	0.0	2289689	22	4.3
1527641904.1	4300	59.999471	0.0	2059512	21	4.3
1527641908.71	4300	59.499536	0.0	2220726	21	4.3
1527641912.32	4300	59.749159	0.0	2156729	24	4.3
1527641916.43	4300	59.749072	0.0	2039773	23	4.3
1527641920.03	4300	59.999363	0.0	2176469	25	4.3
1527641924.14	4300	59.998738	0.0	2221506	22	4.3
1527641928.25	4300	59.999264	0.0	2044075	22	4.3
1527641932.35	4300	59.749224	0.0	2186790	23	4.3
1527641936.5	4300	59.747915	0.0	2105231	23	4.3
1527641940.12	4300	59.999113	0.0	2395588	25	4.3
1527641944.23	4300	59.999306	0.0	1972048	23	4.3
1527641948.34	4300	59.74965	0.0	2134614	24	4.3
1527641952.45	4300	59.748753	0.0	2164140	24	4.3
1527641956.06	4300	59.998558	0.0	2113193	24	4.3
1527641960.17	4300	59.999179	0.0	2147852	22	4.3
1527641964.28	4300	59.749175	0.0	2191074	24	4.3
1527641968.39	4300	59.749407	0.0	2286761	25	4.3
1527641972.51	4300	59.74905	0.0	2307787	25	4.3
1527641976.62	4300	59.498891	0.0	2143948	18	4.3
1527641980.72	4300	59.49883	0.0	1919781	17	4.3
1527641984.33	4300	59.749212	0.0	2147467	23	4.3
1527641988.43	4300	59.748997	0.0	2133870	20	4.3
1527641992.04	4300	59.999016	0.0	2146120	25	4.3
1527641996.14	4300	59.999419	0.0	2108491	22	4.3
1527642000.75	4300	59.499148	0.0	2184571	23	4.3
1527642004.36	4300	59.747907	0.0	2121928	21	4.3
1527642008.48	4300	59.749558	0.0	2219102	23	4.3
1527642012.09	4300	59.998899	0.0	2124950	23	4.3
1527642016.73	4300	59.498926	0.0	2246506	25	4.3
1527642020.33	4300	59.74918	0.0	1961140	16	4.3
1527642024.44	4300	59.749507	0.0	2155012	20	4.3
1527642026.03	4300	59.679357	0.0	1433658	16	4.3

1527642026.22	750	4	0.016	668286	1	-0.06879999999999997
1527642026.33	4300	7.949976	0.0	2123065	21	0.75
1527642026.42	4300	11.858313	0.0	2177073	23	4.3
1527642026.51	4300	15.767699	0.0	2160877	20	4.3
1527642026.6	4300	19.673226	0.0	2233056	24	4.3
1527642026.69	4300	23.586023	0.0	1941625	19	4.3
1527642026.79	4300	27.49172	0.0	2157535	19	4.3
1527642026.88	4300	31.399971	0.0	2290172	17	4.3
1527642026.97	4300	35.305655	0.0	2055469	16	4.3
1527642027.07	4300	39.207612	0.0	2169201	24	4.3
1527642027.17	4300	43.111295	0.0	2173522	24	4.3
1527642027.25	4300	47.019883	0.0	2102452	22	4.3
1527642027.33	4300	50.945953	0.0	2209463	13	4.3
1527642027.43	4300	54.84737	0.0	2275376	24	4.3
1527642027.52	4300	58.754077	0.0	2005399	23	4.3
1527642030.65	4300	59.749113	0.0	2152483	19	4.3
1527642034.75	4300	59.749434	0.0	2289689	19	4.3
1527642038.36	4300	59.998409	0.0	2059512	22	4.3
1527642042.46	4300	59.999065	0.0	2220726	21	4.3
1527642046.57	4300	59.748843	0.0	2156729	24	4.3
1527642050.67	4300	59.748549	0.0	2039773	23	4.3
1527642054.29	4300	59.998092	0.0	2176469	23	4.3
1527642058.39	4300	59.999459	0.0	2221506	23	4.3
1527642062.5	4300	59.99845	0.0	2044075	21	4.3
1527642066.6	4300	59.748323	0.0	2186790	25	4.3
1527642070.71	4300	59.749091	0.0	2105231	24	4.3
1527642074.32	4300	59.999124	0.0	2395588	29	4.3
1527642078.43	4300	59.999388	0.0	1972048	22	4.3
1527642082.54	4300	59.748679	0.0	2134614	24	4.3
1527642086.65	4300	59.747849	0.0	2164140	25	4.3
1527642090.76	4300	59.747562	0.0	2113193	23	4.3
1527642094.37	4300	59.999412	0.0	2147852	23	4.3
1527642098.47	4300	59.998804	0.0	2191074	23	4.3
1527642102.58	4300	59.749353	0.0	2286761	26	4.3
1527642106.69	4300	59.749378	0.0	2307787	26	4.3
1527642110.31	4300	59.999065	0.0	2143948	23	4.3
1527642114.41	4300	59.99831	0.0	1919781	17	4.3
1527642118.52	4300	59.998391	0.0	2147467	22	4.3
1527642122.62	4300	59.749349	0.0	2133870	22	4.3
1527642126.73	4300	59.748706	0.0	2146120	23	4.3
1527642130.34	4300	59.999299	0.0	2108491	22	4.3
1527642134.44	4300	59.99862	0.0	2184571	23	4.3
1527642138.55	4300	59.748483	0.0	2121928	23	4.3
1527642142.66	4300	59.749247	0.0	2219102	25	4.3
1527642146.77	4300	59.685636	0.0	2124950	23	4.3
1527642150.37	4300	59.99845	0.0	2246506	26	4.3
1527642154.48	4300	59.998525	0.0	1961140	20	4.3
1527642158.59	4300	59.747585	0.0	2155012	25	4.3
1527642160.2	4300	59.928911	0.0	1433658	35	4.3

1527642160.38	750	4	0.011	668286	3	-0.04730000000000001
1527642160.46	4300	7.978316	0.0	2123065	7	0.75
1527642160.55	4300	11.890486	0.0	2177073	23	4.3
1527642160.64	4300	15.798843	0.0	2160877	23	4.3
1527642160.73	4300	19.701185	0.0	2233056	25	4.3
1527642160.82	4300	23.610382	0.0	1941625	18	4.3
1527642160.91	4300	27.52263	0.0	2157535	19	4.3
1527642161.01	4300	31.430774	0.0	2290172	21	4.3
1527642161.1	4300	35.338488	0.0	2055469	20	4.3
1527642161.2	4300	39.234799	0.0	2169201	19	4.3
1527642161.3	4300	43.139152	0.0	2173522	24	4.3
1527642161.38	4300	47.0611	0.0	2102452	13	4.3
1527642161.49	4300	50.961565	0.0	2209463	26	4.3
1527642161.59	4300	54.844242	0.0	2275376	27	4.3
1527642161.68	4300	58.751418	0.0	2005399	24	4.3
1527642164.77	4300	59.749146	0.0	2152483	11	4.3
1527642168.89	4300	59.747745	0.0	2289689	26	4.3
1527642173.0	4300	59.499243	0.0	2059512	20	4.3
1527642176.61	4300	59.999114	0.0	2220726	20	4.3
1527642180.72	4300	59.749532	0.0	2156729	26	4.3
1527642184.83	4300	59.749577	0.0	2039773	21	4.3
1527642188.45	4300	59.999439	0.0	2176469	24	4.3
1527642192.55	4300	59.997909	0.0	2221506	24	4.3
