1527734569.48	750	4	0.012	450283	2	-0.05159999999999998
1527734569.63	4300	7.94575	0.0	2123065	19	0.75
1527734569.7	4300	11.869594	0.0	2177073	11	4.3
1527734569.77	4300	15.80173	0.0	2160877	6	4.3
1527734569.85	4300	19.723263	0.0	2233056	12	4.3
1527734569.91	4300	23.656946	0.0	1941625	6	4.3
1527734569.98	4300	27.591486	0.0	2157535	8	4.3
1527734570.07	4300	31.503586	0.0	2290172	18	4.3
1527734570.14	4300	35.431631	0.0	2055469	9	4.3
1527734570.21	4300	39.360374	0.0	2169201	9	4.3
1527734570.28	4300	43.287977	0.0	2173522	10	4.3
1527734570.38	4300	47.194775	0.0	2102452	19	4.3
1527734570.46	4300	51.110772	0.0	2209463	15	4.3
1527734570.54	4300	55.026887	0.0	2275376	15	4.3
1527734570.61	4300	58.959548	0.0	2005399	8	4.3
1527734573.8	4300	59.999106	0.0	2152483	9	4.3
1527734577.92	4300	59.749009	0.0	2289689	26	4.3
1527734582.03	4300	59.748772	0.0	2059512	22	4.3
1527734586.15	4300	59.498425	0.0	2220726	24	4.3
1527734589.75	4300	59.999035	0.0	2156729	21	4.3
1527734593.86	4300	59.749398	0.0	2039773	20	4.3
1527734597.96	4300	59.748688	0.0	2176469	22	4.3
1527734602.07	4300	59.74926	0.0	2221506	24	4.3
1527734606.18	4300	59.499227	0.0	2044075	22	4.3
1527734609.79	4300	59.99879	0.0	2186790	24	4.3
1527734613.89	4300	59.749132	0.0	2105231	22	4.3
1527734618.0	4300	59.749366	0.0	2395588	26	4.3
1527734621.59	4300	59.998975	0.0	1972048	11	4.3
1527734625.68	4300	59.998409	0.0	2134614	8	4.3
1527734629.79	4300	59.804736	0.0	2164140	26	4.3
1527734633.9	4300	59.748442	0.0	2113193	23	4.3
1527734638.01	4300	59.749072	0.0	2147852	22	4.3
1527734641.62	4300	59.998945	0.0	2191074	24	4.3
1527734646.23	4300	59.499168	0.0	2286761	23	4.3
1527734649.84	4300	59.748771	0.0	2307787	24	4.3
1527734653.98	4300	59.749299	0.0	2143948	18	4.3
1527734658.09	4300	59.498489	0.0	1919781	22	4.3
1527734662.18	4300	59.499391	0.0	2147467	13	4.3
1527734666.29	4300	59.499562	0.0	2133870	19	4.3
1527734669.9	4300	59.748392	0.0	2146120	25	4.3
1527734674.01	4300	59.749115	0.0	2108491	24	4.3
1527734681.17	4300	59.998894	0.0	2184571	25	4.3
1527734682.26	4300	59.49946	0.0	2121928	18	4.3
1527734687.0	4300	59.749309	0.0	2219102	26	4.3
1527734689.6	4300	59.999243	0.0	2124950	26	4.3
1527734694.21	4300	59.499323	0.0	2246506	17	4.3
1527734698.29	4300	59.499557	0.0	1961140	7	4.3
1527734701.89	4300	59.748339	0.0	2155012	21	4.3
1527734703.47	4300	59.928958	0.0	1433658	9	4.3

1527734703.71	750	4	0.017	668286	2	-0.07309999999999994
1527734703.78	4300	7.980318	0.0	2123065	6	0.75
1527734703.85	4300	11.915668	0.0	2177073	7	4.3
1527734703.92	4300	15.849008	0.0	2160877	6	4.3
1527734703.98	4300	19.782132	0.0	2233056	6	4.3
1527734704.05	4300	23.714745	0.0	1941625	6	4.3
1527734704.11	4300	27.650467	0.0	2157535	7	4.3
1527734704.42	4300	31.575301	0.0	2290172	16	4.3
1527734704.49	4300	35.277932	0.0	2055469	7	4.3
1527734704.55	4300	39.211729	0.0	2169201	7	4.3
1527734704.62	4300	43.145423	0.0	2173522	6	4.3
1527734704.69	4300	47.077411	0.0	2102452	8	4.3
1527734704.77	4300	50.997006	0.0	2209463	15	4.3
1527734704.84	4300	54.927442	0.0	2275376	8	4.3
1527734704.9	4300	58.860376	0.0	2005399	8	4.3
1527734708.48	4300	59.499417	0.0	2152483	9	4.3
1527734712.1	4300	59.749278	0.0	2289689	25	4.3
1527734716.2	4300	59.748498	0.0	2059512	19	4.3
1527734719.81	4300	59.998855	0.0	2220726	23	4.3
1527734723.91	4300	59.999158	0.0	2156729	19	4.3
1527734728.02	4300	59.749146	0.0	2039773	20	4.3
1527734732.13	4300	59.74782	0.0	2176469	26	4.3
1527734736.24	4300	59.748032	0.0	2221506	24	4.3
1527734742.17	4300	59.999327	0.0	2044075	21	4.3
1527734744.51	4300	59.498649	0.0	2186790	24	4.3
1527734748.12	4300	59.749272	0.0	2105231	23	4.3
1527734752.23	4300	59.748836	0.0	2395588	23	4.3
1527734755.83	4300	59.999456	0.0	1972048	21	4.3
1527734759.94	4300	59.998871	0.0	2134614	20	4.3
1527734764.04	4300	59.749044	0.0	2164140	23	4.3
1527734768.15	4300	59.749165	0.0	2113193	24	4.3
1527734772.26	4300	59.747684	0.0	2147852	25	4.3
1527734775.87	4300	59.999298	0.0	2191074	24	4.3
1527734779.98	4300	59.999068	0.0	2286761	24	4.3
1527734784.08	4300	59.749231	0.0	2307787	25	4.3
1527734788.2	4300	59.749194	0.0	2143948	24	4.3
1527734792.3	4300	59.496761	0.0	1919781	21	4.3
1527734795.89	4300	59.998762	0.0	2147467	10	4.3
1527734799.99	4300	59.998154	0.0	2133870	17	4.3
1527734804.64	4300	59.749429	0.0	2146120	24	4.3
1527734808.48	4300	59.749058	0.0	2108491	24	4.3
1527734812.09	4300	59.748606	0.0	2184571	25	4.3
1527734816.19	4300	59.749625	0.0	2121928	21	4.3
1527734819.79	4300	59.999157	0.0	2219102	26	4.3
1527734824.43	4300	59.99906	0.0	2124950	20	4.3
1527734828.04	4300	59.748763	0.0	2246506	24	4.3
1527734947.66	750	4	0.009	2354772	7	-2.8387
