1527759219.18	750	4	0.026	2354772	10	-0.11180000000000001
1527759219.31	4300	7.95805	0.0	2123065	22	0.75
1527759219.41	4300	11.855251	0.0	2177073	20	4.3
1527759219.49	4300	15.777556	0.0	2160877	12	4.3
1527759219.57	4300	19.695363	0.0	2233056	15	4.3
1527759219.66	4300	23.608312	0.0	1941625	15	4.3
1527759219.75	4300	27.517151	0.0	2157535	19	4.3
1527759219.84	4300	31.424825	0.0	2290172	20	4.3
1527759219.91	4300	35.352297	0.0	2055469	9	4.3
1527759220.01	4300	39.263797	0.0	2169201	18	4.3
1527759220.09	4300	43.172906	0.0	2173522	16	4.3
1527759220.17	4300	47.097288	0.0	2102452	10	4.3
1527759220.25	4300	51.015729	0.0	2209463	16	4.3
1527759220.33	4300	54.931014	0.0	2275376	10	4.3
1527759220.41	4300	58.857601	0.0	2005399	13	4.3
1527759223.5	4300	59.999166	0.0	2152483	14	4.3
1527759227.62	4300	59.748592	0.0	2289689	26	4.3
1527759231.73	4300	59.74883	0.0	2059512	23	4.3
1527759235.34	4300	59.997801	0.0	2220726	25	4.3
1527759239.45	4300	59.999276	0.0	2156729	22	4.3
1527759243.56	4300	59.748611	0.0	2039773	22	4.3
1527759247.66	4300	59.748911	0.0	2176469	24	4.3
1527759251.27	4300	59.999279	0.0	2221506	26	4.3
1527759255.37	4300	59.99842	0.0	2044075	21	4.3
1527759259.48	4300	59.99915	0.0	2186790	24	4.3
1527759263.59	4300	59.747957	0.0	2105231	22	4.3
1527759267.7	4300	59.748553	0.0	2395588	27	4.3
1527759271.29	4300	59.998414	0.0	1972048	14	4.3
1527759275.39	4300	59.999426	0.0	2134614	18	4.3
1527759279.49	4300	59.869784	0.0	2164140	17	4.3
1527759283.61	4300	59.749062	0.0	2113193	24	4.3
1527759287.72	4300	59.749074	0.0	2147852	20	4.3
1527759291.34	4300	59.999105	0.0	2191074	22	4.3
1527759295.46	4300	59.998027	0.0	2286761	25	4.3
1527759299.57	4300	59.747678	0.0	2307787	23	4.3
1527759303.68	4300	59.747768	0.0	2143948	24	4.3
1527759307.28	4300	59.998842	0.0	1919781	22	4.3
1527759311.38	4300	59.998639	0.0	2147467	22	4.3
1527759315.49	4300	59.998271	0.0	2133870	24	4.3
1527759319.6	4300	59.748873	0.0	2146120	25	4.3
1527759323.71	4300	59.747938	0.0	2108491	22	4.3
1527759327.32	4300	59.997484	0.0	2184571	23	4.3
1527759331.43	4300	59.998834	0.0	2121928	23	4.3
1527759335.53	4300	59.747759	0.0	2219102	24	4.3
1527759339.64	4300	59.727985	0.0	2124950	23	4.3
1527759343.75	4300	59.748954	0.0	2246506	26	4.3
1527759347.36	4300	59.998382	0.0	1961140	21	4.3
1527759351.46	4300	59.999258	0.0	2155012	24	4.3
1527759353.06	4300	59.928844	0.0	1433658	15	4.3

1527759353.27	750	4	0.013	668286	1	-0.05589999999999995
1527759353.38	4300	7.957838	0.0	2123065	12	0.75
1527759353.45	4300	11.891807	0.0	2177073	7	4.3
1527759353.51	4300	15.824024	0.0	2160877	8	4.3
1527759353.58	4300	19.758738	0.0	2233056	9	4.3
1527759353.64	4300	23.696872	0.0	1941625	6	4.3
1527759353.71	4300	27.630148	0.0	2157535	7	4.3
1527759353.78	4300	31.559647	0.0	2290172	6	4.3
1527759353.84	4300	35.493993	0.0	2055469	6	4.3
1527759353.91	4300	39.428167	0.0	2169201	7	4.3
1527759353.97	4300	43.364629	0.0	2173522	7	4.3
1527759354.04	4300	47.299612	0.0	2102452	6	4.3
1527759354.12	4300	51.219569	0.0	2209463	15	4.3
1527759354.19	4300	55.143212	0.0	2275376	14	4.3
1527759354.25	4300	59.080672	0.0	2005399	7	4.3
1527759357.34	4300	59.999227	0.0	2152483	8	4.3
1527759361.43	4300	59.999061	0.0	2289689	13	4.3
1527759365.53	4300	59.99909	0.0	2059512	21	4.3
1527759369.68	4300	59.748037	0.0	2220726	24	4.3
1527759373.79	4300	59.748087	0.0	2156729	21	4.3
1527759377.4	4300	59.998101	0.0	2039773	21	4.3
1527759381.51	4300	59.99878	0.0	2176469	21	4.3
1527759385.62	4300	59.747625	0.0	2221506	21	4.3
1527759389.72	4300	59.749072	0.0	2044075	19	4.3
1527759393.83	4300	59.746987	0.0	2186790	23	4.3
1527759397.43	4300	59.998188	0.0	2105231	22	4.3
1527759401.54	4300	59.998706	0.0	2395588	22	4.3
1527759405.64	4300	59.748451	0.0	1972048	21	4.3
1527759409.75	4300	59.748368	0.0	2134614	25	4.3
1527759413.36	4300	59.998564	0.0	2164140	24	4.3
1527759417.46	4300	59.999027	0.0	2113193	21	4.3
1527759421.57	4300	59.997418	0.0	2147852	24	4.3
1527759425.68	4300	59.747502	0.0	2191074	24	4.3
1527759429.82	4300	59.748362	0.0	2286761	24	4.3
1527759433.4	4300	59.998752	0.0	2307787	9	4.3
1527759437.51	4300	59.997415	0.0	2143948	23	4.3
1527759441.61	4300	59.731871	0.0	1919781	21	4.3
1527759445.74	4300	59.748904	0.0	2147467	25	4.3
1527759449.35	4300	59.997149	0.0	2133870	20	4.3
1527759453.51	4300	59.998314	0.0	2146120	24	4.3
1527759457.61	4300	59.747908	0.0	2108491	18	4.3
1527759461.71	4300	59.747195	0.0	2184571	23	4.3
1527759465.82	4300	59.748408	0.0	2121928	23	4.3
1527759469.43	4300	59.998329	0.0	2219102	24	4.3
1527759473.53	4300	59.998283	0.0	2124950	23	4.3
1527759477.64	4300	59.748544	0.0	2246506	27	4.3
1527759481.76	4300	59.747936	0.0	1961140	22	4.3
1527759485.84	4300	59.748558	0.0	2155012	11	4.3
1527759487.43	4300	59.679059	0.0	1433658	16	4.3

1527759487.65	750	4	0.017	668286	1	-0.07309999999999994
1527759487.72	4300	7.980427	0.0	2123065	6	0.75
1527759487.79	4300	11.915327	0.0	2177073	7	4.3
1527759487.85	4300	15.852091	0.0	2160877	6	4.3
1527759487.91	4300	19.788777	0.0	2233056	6	4.3
1527759487.98	4300	23.725222	0.0	1941625	5	4.3
1527759488.04	4300	27.661956	0.0	2157535	8	4.3
1527759488.11	4300	31.592283	0.0	2290172	8	4.3
1527759488.17	4300	35.527708	0.0	2055469	7	4.3
1527759488.24	4300	39.46342	0.0	2169201	6	4.3
1527759488.3	4300	43.399627	0.0	2173522	5	4.3
1527759488.37	4300	47.336682	0.0	2102452	5	4.3
1527759488.43	4300	51.272422	0.0	2209463	7	4.3
1527759488.49	4300	55.210479	0.0	2275376	8	4.3
1527759488.57	4300	59.131578	0.0	2005399	15	4.3
1527759492.15	4300	59.749205	0.0	2152483	11	4.3
1527759496.26	4300	59.498375	0.0	2289689	18	4.3
1527759499.85	4300	59.998953	0.0	2059512	20	4.3
1527759503.94	4300	59.999415	0.0	2220726	10	4.3
1527759508.04	4300	59.74892	0.0	2156729	18	4.3
1527759512.14	4300	59.748713	0.0	2039773	23	4.3
1527759515.76	4300	59.998378	0.0	2176469	24	4.3
1527759519.86	4300	59.99846	0.0	2221506	20	4.3
1527759523.97	4300	59.74791	0.0	2044075	23	4.3
1527759528.08	4300	59.749734	0.0	2186790	24	4.3
1527759532.18	4300	59.748889	0.0	2105231	15	4.3
1527759535.79	4300	59.999151	0.0	2395588	25	4.3
1527759539.9	4300	59.999421	0.0	1972048	22	4.3
1527759544.01	4300	59.749441	0.0	2134614	25	4.3
1527759548.12	4300	59.749151	0.0	2164140	25	4.3
1527759552.23	4300	59.498425	0.0	2113193	24	4.3
1527759555.84	4300	59.998519	0.0	2147852	25	4.3
1527759559.94	4300	59.999289	0.0	2191074	20	4.3
1527759564.05	4300	59.747671	0.0	2286761	26	4.3
1527759568.16	4300	59.749628	0.0	2307787	24	4.3
1527759571.77	4300	59.997871	0.0	2143948	25	4.3
1527759575.87	4300	59.998872	0.0	1919781	20	4.3
1527759579.97	4300	59.739701	0.0	2147467	25	4.3
1527759584.06	4300	59.749076	0.0	2133870	11	4.3
