1527724553.57	750	4	0.017	450283	2	-0.07309999999999994
1527724553.7	4300	7.95621	0.0	2123065	15	0.75
1527724553.8	4300	11.855605	0.0	2177073	23	4.3
1527724553.89	4300	15.759884	0.0	2160877	25	4.3
1527724553.97	4300	19.681928	0.0	2233056	11	4.3
1527724554.04	4300	23.614347	0.0	1941625	8	4.3
1527724554.1	4300	27.548847	0.0	2157535	8	4.3
1527724554.19	4300	31.46135	0.0	2290172	8	4.3
1527724554.25	4300	35.397746	0.0	2055469	8	4.3
1527724554.32	4300	39.331868	0.0	2169201	8	4.3
1527724554.39	4300	43.260726	0.0	2173522	8	4.3
1527724554.46	4300	47.195042	0.0	2102452	7	4.3
1527724554.53	4300	51.126513	0.0	2209463	8	4.3
1527724554.59	4300	55.061296	0.0	2275376	7	4.3
1527724554.66	4300	58.996674	0.0	2005399	8	4.3
1527724557.74	4300	59.998798	0.0	2152483	7	4.3
1527724561.84	4300	59.998714	0.0	2289689	16	4.3
1527724565.95	4300	59.7493	0.0	2059512	20	4.3
1527724570.06	4300	59.749534	0.0	2220726	24	4.3
1527724573.68	4300	59.998756	0.0	2156729	25	4.3
1527724578.29	4300	59.499502	0.0	2039773	23	4.3
1527724582.39	4300	59.499609	0.0	2176469	19	4.3
1527724586.0	4300	59.748742	0.0	2221506	22	4.3
1527724590.1	4300	59.749185	0.0	2044075	19	4.3
1527724594.21	4300	59.499174	0.0	2186790	22	4.3
1527724598.32	4300	59.499607	0.0	2105231	22	4.3
1527724601.93	4300	59.749078	0.0	2395588	25	4.3
1527724606.04	4300	59.748888	0.0	1972048	21	4.3
1527724610.14	4300	59.748527	0.0	2134614	18	4.3
1527724613.75	4300	59.998332	0.0	2164140	23	4.3
1527724617.85	4300	59.998851	0.0	2113193	20	4.3
1527724621.97	4300	59.748657	0.0	2147852	24	4.3
1527724626.07	4300	59.748147	0.0	2191074	21	4.3
1527724629.68	4300	59.998074	0.0	2286761	23	4.3
1527724633.78	4300	59.999471	0.0	2307787	22	4.3
1527724637.89	4300	59.999446	0.0	2143948	23	4.3
1527724642.0	4300	59.749587	0.0	1919781	22	4.3
1527724646.11	4300	59.749453	0.0	2147467	23	4.3
1527724650.22	4300	59.499428	0.0	2133870	23	4.3
1527724654.36	4300	59.49936	0.0	2146120	24	4.3
1527724657.97	4300	59.749081	0.0	2108491	24	4.3
1527724662.07	4300	59.748901	0.0	2184571	23	4.3
1527724665.68	4300	59.999132	0.0	2121928	26	4.3
1527724669.79	4300	59.999267	0.0	2219102	19	4.3
1527724674.4	4300	59.377134	0.0	2124950	20	4.3
1527724678.01	4300	59.749711	0.0	2246506	25	4.3
1527724682.11	4300	59.749416	0.0	1961140	18	4.3
1527724685.69	4300	59.999394	0.0	2155012	6	4.3
1527724687.78	4300	59.679707	0.0	1433658	17	4.3

1527724688.01	750	4	0.012	668286	3	-0.05159999999999998
1527724688.13	4300	7.952794	0.0	2123065	16	0.75
1527724688.22	4300	11.859044	0.0	2177073	18	4.3
1527724688.31	4300	15.767919	0.0	2160877	17	4.3
1527724688.38	4300	19.694323	0.0	2233056	9	4.3
1527724688.45	4300	23.628481	0.0	1941625	8	4.3
1527724688.53	4300	27.552872	0.0	2157535	9	4.3
1527724688.59	4300	31.485516	0.0	2290172	7	4.3
1527724688.66	4300	35.41942	0.0	2055469	7	4.3
1527724688.72	4300	39.355495	0.0	2169201	7	4.3
1527724688.78	4300	43.290962	0.0	2173522	7	4.3
1527724688.86	4300	47.217168	0.0	2102452	6	4.3
1527724688.93	4300	51.152227	0.0	2209463	6	4.3
1527724688.99	4300	55.085374	0.0	2275376	7	4.3
1527724689.06	4300	59.023856	0.0	2005399	6	4.3
1527724692.13	4300	59.998562	0.0	2152483	8	4.3
1527724696.26	4300	59.998581	0.0	2289689	28	4.3
1527724700.41	4300	59.749107	0.0	2059512	24	4.3
1527724704.52	4300	59.748297	0.0	2220726	23	4.3
1527724708.13	4300	59.997852	0.0	2156729	23	4.3
1527724712.24	4300	59.998148	0.0	2039773	19	4.3
1527724716.34	4300	59.749446	0.0	2176469	22	4.3
1527724720.45	4300	59.748426	0.0	2221506	23	4.3
1527724724.56	4300	59.748823	0.0	2044075	22	4.3
1527724728.19	4300	59.998715	0.0	2186790	24	4.3
1527724732.34	4300	59.999404	0.0	2105231	24	4.3
1527724736.44	4300	59.749572	0.0	2395588	21	4.3
1527724740.52	4300	59.749104	0.0	1972048	9	4.3
1527724744.19	4300	59.99881	0.0	2134614	24	4.3
1527724748.29	4300	59.999284	0.0	2164140	22	4.3
1527724752.41	4300	59.749004	0.0	2113193	22	4.3
1527724756.52	4300	59.749093	0.0	2147852	20	4.3
1527724760.13	4300	59.997562	0.0	2191074	19	4.3
1527724764.24	4300	59.998239	0.0	2286761	24	4.3
1527724768.36	4300	59.748334	0.0	2307787	26	4.3
1527724772.47	4300	59.748959	0.0	2143948	23	4.3
1527724776.58	4300	59.747687	0.0	1919781	20	4.3
1527724780.17	4300	59.999462	0.0	2147467	13	4.3
1527724784.28	4300	59.99848	0.0	2133870	20	4.3
1527724788.38	4300	59.749616	0.0	2146120	20	4.3
1527724792.49	4300	59.7485	0.0	2108491	21	4.3
1527724796.1	4300	59.999484	0.0	2184571	22	4.3
1527724800.7	4300	59.49925	0.0	2121928	18	4.3
