1527656808.21	750	4	0.011	450283	2	-0.04730000000000001
1527656808.36	4300	7.947539	0.0	2123065	20	0.75
1527656808.51	4300	11.798344	0.0	2177073	27	4.3
1527656808.65	4300	15.657638	0.0	2160877	27	4.3
1527656808.8	4300	19.5125	0.0	2233056	25	4.3
1527656808.93	4300	23.377625	0.0	1941625	19	4.3
1527656809.07	4300	27.237186	0.0	2157535	25	4.3
1527656809.22	4300	31.088749	0.0	2290172	27	4.3
1527656809.37	4300	34.943585	0.0	2055469	24	4.3
1527656809.53	4300	38.780498	0.0	2169201	21	4.3
1527656809.68	4300	42.630773	0.0	2173522	21	4.3
1527656809.82	4300	46.487618	0.0	2102452	25	4.3
1527656810.0	4300	50.312434	0.0	2209463	27	4.3
1527656810.16	4300	54.153632	0.0	2275376	26	4.3
1527656810.3	4300	58.007922	0.0	2005399	23	4.3
1527656812.96	4300	59.498694	0.0	2152483	12	4.3
1527656816.61	4300	59.748865	0.0	2289689	22	4.3
1527656820.77	4300	59.747751	0.0	2059512	21	4.3
1527656824.43	4300	59.998842	0.0	2220726	27	4.3
1527656828.6	4300	59.749512	0.0	2156729	24	4.3
1527656832.77	4300	59.748092	0.0	2039773	23	4.3
1527656836.43	4300	59.99863	0.0	2176469	25	4.3
1527656840.59	4300	59.7489	0.0	2221506	27	4.3
1527656844.74	4300	59.748995	0.0	2044075	19	4.3
1527656848.4	4300	59.998112	0.0	2186790	26	4.3
1527656852.54	4300	59.999404	0.0	2105231	20	4.3
1527656856.71	4300	59.749441	0.0	2395588	29	4.3
1527656860.37	4300	59.999468	0.0	1972048	23	4.3
1527656864.63	4300	59.998755	0.0	2134614	27	4.3
1527656868.78	4300	59.748792	0.0	2164140	20	4.3
1527656872.46	4300	59.999026	0.0	2113193	24	4.3
1527656876.63	4300	59.74894	0.0	2147852	26	4.3
1527656880.79	4300	59.749406	0.0	2191074	25	4.3
1527656884.47	4300	59.999498	0.0	2286761	29	4.3
1527656888.63	4300	59.749061	0.0	2307787	29	4.3
1527656892.78	4300	59.748955	0.0	2143948	21	4.3
1527656896.44	4300	59.999475	0.0	1919781	22	4.3
1527656900.6	4300	59.749642	0.0	2147467	25	4.3
1527656904.76	4300	59.749334	0.0	2133870	20	4.3
1527656908.4	4300	59.998627	0.0	2146120	25	4.3
1527656912.56	4300	59.99879	0.0	2108491	26	4.3
1527656916.74	4300	59.749488	0.0	2184571	26	4.3
1527656920.39	4300	59.998936	0.0	2121928	20	4.3
1527656924.54	4300	59.998543	0.0	2219102	28	4.3
1527656928.7	4300	59.748378	0.0	2124950	25	4.3
1527656932.35	4300	59.998549	0.0	2246506	25	4.3
1527656936.49	4300	59.998527	0.0	1961140	20	4.3
1527656940.62	4300	59.748507	0.0	2155012	25	4.3
1527656942.22	4300	59.929617	0.0	1433658	15	4.3

1527656942.45	750	4	0.016	668286	3	-0.06879999999999997
1527656942.59	4300	7.961851	0.0	2123065	12	0.75
1527656942.78	4300	11.797867	0.0	2177073	26	4.3
1527656942.94	4300	15.611313	0.0	2160877	30	4.3
1527656943.09	4300	19.461706	0.0	2233056	23	4.3
1527656943.23	4300	23.319317	0.0	1941625	23	4.3
1527656943.37	4300	27.183778	0.0	2157535	19	4.3
1527656943.51	4300	31.039699	0.0	2290172	24	4.3
1527656943.66	4300	34.888648	0.0	2055469	23	4.3
1527656943.81	4300	38.743449	0.0	2169201	25	4.3
1527656943.96	4300	42.59126	0.0	2173522	21	4.3
1527656944.11	4300	46.440609	0.0	2102452	25	4.3
1527656944.26	4300	50.294329	0.0	2209463	25	4.3
1527656944.41	4300	54.14564	0.0	2275376	28	4.3
1527656944.55	4300	57.999188	0.0	2005399	24	4.3
1527656947.22	4300	59.498239	0.0	2152483	10	4.3
1527656950.89	4300	59.749115	0.0	2289689	19	4.3
1527656954.57	4300	59.997756	0.0	2059512	24	4.3
1527656958.74	4300	59.999152	0.0	2220726	26	4.3
1527656962.89	4300	59.748893	0.0	2156729	23	4.3
1527656967.04	4300	59.749226	0.0	2039773	25	4.3
1527656970.69	4300	59.999016	0.0	2176469	22	4.3
1527656974.86	4300	59.749145	0.0	2221506	26	4.3
1527656979.02	4300	59.749046	0.0	2044075	25	4.3
1527656982.67	4300	59.998553	0.0	2186790	21	4.3
1527656986.82	4300	59.748919	0.0	2105231	25	4.3
1527656990.99	4300	59.748897	0.0	2395588	29	4.3
1527656994.65	4300	59.999168	0.0	1972048	22	4.3
1527656998.81	4300	59.748931	0.0	2134614	26	4.3
1527657002.97	4300	59.747654	0.0	2164140	22	4.3
1527657006.63	4300	59.997845	0.0	2113193	25	4.3
1527657010.79	4300	59.998376	0.0	2147852	25	4.3
1527657014.94	4300	59.748204	0.0	2191074	20	4.3
1527657018.6	4300	59.999472	0.0	2286761	23	4.3
1527657022.78	4300	59.997749	0.0	2307787	26	4.3
1527657026.93	4300	59.747543	0.0	2143948	22	4.3
1527657030.6	4300	59.999291	0.0	1919781	19	4.3
1527657034.78	4300	59.99876	0.0	2147467	26	4.3
1527657038.93	4300	59.747902	0.0	2133870	21	4.3
1527657042.58	4300	59.998226	0.0	2146120	18	4.3
1527657046.74	4300	59.998493	0.0	2108491	25	4.3
1527657050.9	4300	59.747988	0.0	2184571	26	4.3
1527657054.56	4300	59.998214	0.0	2121928	26	4.3
1527657058.73	4300	59.998687	0.0	2219102	26	4.3
1527657062.9	4300	59.74873	0.0	2124950	24	4.3
1527657067.03	4300	59.748527	0.0	2246506	16	4.3
1527657070.67	4300	59.99928	0.0	1961140	21	4.3
1527657074.81	4300	59.997868	0.0	2155012	22	4.3
1527657076.41	4300	59.928868	0.0	1433658	18	4.3

1527657076.65	750	4	0.016	668286	2	-0.06879999999999997
1527657076.81	4300	7.950972	0.0	2123065	18	0.75
1527657076.95	4300	11.806361	0.0	2177073	26	4.3
1527657077.1	4300	15.658868	0.0	2160877	28	4.3
1527657077.24	4300	19.519097	0.0	2233056	15	4.3
1527657077.37	4300	23.384788	0.0	1941625	18	4.3
1527657077.51	4300	27.240894	0.0	2157535	26	4.3
1527657077.65	4300	31.106097	0.0	2290172	18	4.3
1527657077.79	4300	34.968654	0.0	2055469	24	4.3
1527657077.93	4300	38.823276	0.0	2169201	25	4.3
1527657078.06	4300	42.690981	0.0	2173522	20	4.3
1527657078.21	4300	46.550619	0.0	2102452	26	4.3
1527657078.35	4300	50.404116	0.0	2209463	25	4.3
1527657078.49	4300	54.268639	0.0	2275376	20	4.3
1527657078.63	4300	58.129576	0.0	2005399	25	4.3
1527657080.8	4300	59.998488	0.0	2152483	34	4.3
1527657084.95	4300	59.999255	0.0	2289689	26	4.3
1527657089.1	4300	59.747512	0.0	2059512	19	4.3
1527657093.26	4300	59.748727	0.0	2220726	26	4.3
1527657096.92	4300	59.999299	0.0	2156729	20	4.3
1527657101.07	4300	59.7484	0.0	2039773	19	4.3
1527657105.23	4300	59.748531	0.0	2176469	26	4.3
1527657108.88	4300	59.998826	0.0	2221506	20	4.3
1527657113.04	4300	59.748781	0.0	2044075	21	4.3
1527657117.2	4300	59.748799	0.0	2186790	23	4.3
1527657120.85	4300	59.999276	0.0	2105231	19	4.3
1527657125.03	4300	59.998436	0.0	2395588	23	4.3
1527657129.2	4300	59.749397	0.0	1972048	23	4.3
1527657132.85	4300	59.999231	0.0	2134614	18	4.3
1527657137.01	4300	59.999272	0.0	2164140	21	4.3
1527657141.19	4300	59.748538	0.0	2113193	20	4.3
1527657144.84	4300	59.998882	0.0	2147852	26	4.3
1527657148.99	4300	59.998401	0.0	2191074	19	4.3
1527657153.14	4300	59.747433	0.0	2286761	26	4.3
1527657156.79	4300	59.999401	0.0	2307787	22	4.3
1527657160.94	4300	59.998234	0.0	2143948	25	4.3
1527657165.09	4300	59.749264	0.0	1919781	19	4.3
1527657169.25	4300	59.74929	0.0	2147467	29	4.3
