1528241260.15	750	4	0.028	2354772	10	-0.12039999999999995
1528241260.29	4300	7.957901	0.0	2123065	22	0.75
1528241260.43	4300	11.818099	0.0	2177073	20	4.3
1528241260.57	4300	15.677557	0.0	2160877	17	4.3
1528241260.72	4300	19.526735	0.0	2233056	25	4.3
1528241260.87	4300	23.38526	0.0	1941625	25	4.3
1528241261.02	4300	27.23671	0.0	2157535	24	4.3
1528241261.15	4300	31.103096	0.0	2290172	19	4.3
1528241261.29	4300	34.961834	0.0	2055469	21	4.3
1528241261.44	4300	38.817902	0.0	2169201	26	4.3
1528241261.58	4300	42.671246	0.0	2173522	25	4.3
1528241261.72	4300	46.537496	0.0	2102452	21	4.3
1528241261.86	4300	50.393483	0.0	2209463	25	4.3
1528241262.01	4300	54.244035	0.0	2275376	18	4.3
1528241262.25	4300	58.088645	0.0	2005399	20	4.3
1528241264.4	4300	59.998479	0.0	2152483	22	4.3
1528241268.55	4300	59.747933	0.0	2289689	21	4.3
1528241272.7	4300	59.748926	0.0	2059512	22	4.3
1528241276.35	4300	59.997831	0.0	2220726	23	4.3
1528241280.51	4300	59.749115	0.0	2156729	24	4.3
1528241284.66	4300	59.749174	0.0	2039773	17	4.3
1528241288.32	4300	59.998223	0.0	2176469	23	4.3
1528241292.48	4300	59.997614	0.0	2221506	25	4.3
1528241296.64	4300	59.748102	0.0	2044075	23	4.3
1528241300.8	4300	59.499528	0.0	2186790	24	4.3
1528241304.44	4300	59.998553	0.0	2105231	17	4.3
1528241308.6	4300	59.748894	0.0	2395588	25	4.3
1528241312.76	4300	59.748375	0.0	1972048	22	4.3
1528241316.91	4300	59.499514	0.0	2134614	21	4.3
1528241320.57	4300	59.749322	0.0	2164140	25	4.3
1528241324.72	4300	59.749402	0.0	2113193	22	4.3
1528241328.37	4300	59.999119	0.0	2147852	24	4.3
1528241332.53	4300	59.749427	0.0	2191074	23	4.3
1528241336.68	4300	59.749164	0.0	2286761	21	4.3
1528241340.34	4300	59.999259	0.0	2307787	26	4.3
1528241344.49	4300	59.999239	0.0	2143948	18	4.3
1528241348.63	4300	59.749305	0.0	1919781	22	4.3
1528241352.79	4300	59.498293	0.0	2147467	24	4.3
1528241356.43	4300	59.997746	0.0	2133870	19	4.3
1528241360.6	4300	59.748853	0.0	2146120	20	4.3
1528241364.76	4300	59.499094	0.0	2108491	24	4.3
1528241368.42	4300	59.998816	0.0	2184571	25	4.3
1528241372.55	4300	59.749394	0.0	2121928	9	4.3
1528241376.71	4300	59.748992	0.0	2219102	20	4.3
1528241380.36	4300	59.99909	0.0	2124950	25	4.3
1528241384.5	4300	59.999474	0.0	2246506	19	4.3
1528241388.63	4300	59.747987	0.0	1961140	21	4.3
1528241392.27	4300	59.999338	0.0	2155012	23	4.3
1528241394.38	4300	59.679199	0.0	1433658	15	4.3

1528241394.62	750	4	0.013	668286	3	-0.05589999999999995
1528241394.77	4300	7.948464	0.0	2123065	20	0.75
1528241394.92	4300	11.805524	0.0	2177073	25	4.3
1528241395.06	4300	15.657071	0.0	2160877	29	4.3
1528241395.21	4300	19.512852	0.0	2233056	14	4.3
1528241395.34	4300	23.379486	0.0	1941625	18	4.3
1528241395.48	4300	27.238366	0.0	2157535	25	4.3
1528241395.63	4300	31.08877	0.0	2290172	26	4.3
1528241395.78	4300	34.942854	0.0	2055469	22	4.3
1528241395.91	4300	38.806654	0.0	2169201	20	4.3
1528241396.05	4300	42.667846	0.0	2173522	24	4.3
1528241396.2	4300	46.520446	0.0	2102452	25	4.3
1528241396.34	4300	50.383109	0.0	2209463	18	4.3
1528241396.48	4300	54.244692	0.0	2275376	24	4.3
1528241396.62	4300	58.099881	0.0	2005399	24	4.3
1528241398.77	4300	59.998839	0.0	2152483	13	4.3
1528241402.92	4300	59.999385	0.0	2289689	22	4.3
1528241407.08	4300	59.749627	0.0	2059512	22	4.3
1528241410.74	4300	59.999479	0.0	2220726	20	4.3
1528241414.89	4300	59.99926	0.0	2156729	22	4.3
1528241419.1	4300	59.749529	0.0	2039773	22	4.3
1528241422.77	4300	59.998781	0.0	2176469	25	4.3
1528241426.93	4300	59.997717	0.0	2221506	20	4.3
1528241431.09	4300	59.748222	0.0	2044075	22	4.3
1528241434.74	4300	59.999122	0.0	2186790	19	4.3
1528241438.94	4300	59.999208	0.0	2105231	24	4.3
1528241443.09	4300	59.749404	0.0	2395588	24	4.3
1528241446.75	4300	59.999219	0.0	1972048	22	4.3
1528241450.91	4300	59.999013	0.0	2134614	24	4.3
1528241455.06	4300	59.748874	0.0	2164140	20	4.3
1528241459.22	4300	59.747993	0.0	2113193	23	4.3
1528241463.38	4300	59.498702	0.0	2147852	20	4.3
1528241467.03	4300	59.749571	0.0	2191074	25	4.3
1528241471.19	4300	59.749034	0.0	2286761	25	4.3
1528241474.84	4300	59.998187	0.0	2307787	22	4.3
1528241479.01	4300	59.748948	0.0	2143948	24	4.3
1528241483.16	4300	59.748289	0.0	1919781	21	4.3
1528241486.81	4300	59.998119	0.0	2147467	20	4.3
1528241490.97	4300	59.99844	0.0	2133870	24	4.3
1528241495.13	4300	59.748173	0.0	2146120	24	4.3
1528241498.78	4300	59.999163	0.0	2108491	20	4.3
1528241502.93	4300	59.998992	0.0	2184571	24	4.3
1528241507.2	4300	59.749036	0.0	2121928	21	4.3
1528241510.86	4300	59.998858	0.0	2219102	22	4.3
1528241515.02	4300	59.747977	0.0	2124950	26	4.3
1528241519.17	4300	59.748357	0.0	2246506	24	4.3
1528241522.81	4300	59.997966	0.0	1961140	21	4.3
1528241526.94	4300	59.998836	0.0	2155012	26	4.3
1528241528.56	4300	59.929662	0.0	1433658	17	4.3

1528241528.79	750	4	0.014	668286	4	-0.06020000000000003
1528241528.95	4300	7.940235	0.0	2123065	21	0.75
1528241529.1	4300	11.78863	0.0	2177073	27	4.3
1528241529.26	4300	15.62978	0.0	2160877	28	4.3
1528241529.42	4300	19.478714	0.0	2233056	22	4.3
1528241529.56	4300	23.333072	0.0	1941625	20	4.3
1528241529.7	4300	27.18755	0.0	2157535	26	4.3
1528241529.85	4300	31.042217	0.0	2290172	24	4.3
1528241530.0	4300	34.894559	0.0	2055469	24	4.3
1528241530.13	4300	38.757682	0.0	2169201	21	4.3
1528241530.28	4300	42.614408	0.0	2173522	21	4.3
1528241530.42	4300	46.471601	0.0	2102452	25	4.3
1528241530.57	4300	50.321659	0.0	2209463	24	4.3
1528241530.72	4300	54.174666	0.0	2275376	26	4.3
1528241530.86	4300	58.029766	0.0	2005399	22	4.3
1528241533.02	4300	59.997632	0.0	2152483	9	4.3
1528241537.17	4300	59.74921	0.0	2289689	23	4.3
1528241541.35	4300	59.747929	0.0	2059512	24	4.3
1528241545.0	4300	59.998844	0.0	2220726	26	4.3
1528241549.17	4300	59.747945	0.0	2156729	24	4.3
1528241553.31	4300	59.749226	0.0	2039773	19	4.3
1528241556.97	4300	59.997879	0.0	2176469	23	4.3
1528241561.13	4300	59.997307	0.0	2221506	26	4.3
1528241565.28	4300	59.747764	0.0	2044075	20	4.3
1528241568.92	4300	59.99878	0.0	2186790	20	4.3
1528241573.08	4300	59.998878	0.0	2105231	23	4.3
1528241577.23	4300	59.748771	0.0	2395588	23	4.3
1528241581.39	4300	59.749057	0.0	1972048	22	4.3
1528241585.56	4300	59.498334	0.0	2134614	23	4.3
1528241589.22	4300	59.74782	0.0	2164140	25	4.3
1528241593.48	4300	59.748696	0.0	2113193	24	4.3
1528241597.14	4300	59.998311	0.0	2147852	24	4.3
1528241601.31	4300	59.749616	0.0	2191074	23	4.3
1528241604.96	4300	59.998437	0.0	2286761	21	4.3
1528241609.11	4300	59.998921	0.0	2307787	25	4.3
1528241613.26	4300	59.749149	0.0	2143948	19	4.3
1528241616.92	4300	59.998897	0.0	1919781	22	4.3
1528241621.07	4300	59.999034	0.0	2147467	23	4.3
1528241625.23	4300	59.748402	0.0	2133870	21	4.3
