1527780018.5	750	4	0.026	2354772	6	-0.11180000000000001
1527780018.64	4300	7.961633	0.0	2123065	22	0.75
1527780018.79	4300	11.809039	0.0	2177073	27	4.3
1527780018.92	4300	15.684699	0.0	2160877	9	4.3
1527780019.04	4300	19.561076	0.0	2233056	14	4.3
1527780019.18	4300	23.418836	0.0	1941625	25	4.3
1527780019.33	4300	27.26588	0.0	2157535	24	4.3
1527780019.46	4300	31.136567	0.0	2290172	13	4.3
1527780019.61	4300	34.993661	0.0	2055469	24	4.3
1527780019.75	4300	38.850685	0.0	2169201	23	4.3
1527780019.88	4300	42.721957	0.0	2173522	17	4.3
1527780020.01	4300	46.589978	0.0	2102452	15	4.3
1527780020.15	4300	50.452411	0.0	2209463	22	4.3
1527780020.31	4300	54.292312	0.0	2275376	26	4.3
1527780020.45	4300	58.155774	0.0	2005399	21	4.3
1527780023.1	4300	59.748137	0.0	2152483	26	4.3
1527780027.28	4300	59.498936	0.0	2289689	27	4.3
1527780030.94	4300	59.748913	0.0	2059512	23	4.3
1527780035.09	4300	59.749087	0.0	2220726	18	4.3
1527780038.74	4300	59.998722	0.0	2156729	23	4.3
1527780042.89	4300	59.749216	0.0	2039773	16	4.3
1527780047.04	4300	59.748069	0.0	2176469	27	4.3
1527780050.69	4300	59.997911	0.0	2221506	21	4.3
1527780054.84	4300	59.999223	0.0	2044075	22	4.3
1527780058.99	4300	59.74918	0.0	2186790	21	4.3
1527780062.64	4300	59.998909	0.0	2105231	20	4.3
1527780066.8	4300	59.999149	0.0	2395588	24	4.3
1527780070.96	4300	59.749596	0.0	1972048	23	4.3
1527780074.61	4300	59.999379	0.0	2134614	20	4.3
1527780078.76	4300	59.997946	0.0	2164140	24	4.3
1527780082.9	4300	59.748063	0.0	2113193	20	4.3
1527780087.07	4300	59.749354	0.0	2147852	27	4.3
1527780090.71	4300	59.999188	0.0	2191074	22	4.3
1527780094.86	4300	59.74942	0.0	2286761	16	4.3
1527780099.01	4300	59.748675	0.0	2307787	28	4.3
1527780102.66	4300	59.999008	0.0	2143948	16	4.3
1527780107.31	4300	59.499147	0.0	1919781	23	4.3
1527780110.95	4300	59.749467	0.0	2147467	15	4.3
1527780115.13	4300	59.499102	0.0	2133870	21	4.3
1527780118.83	4300	59.999313	0.0	2146120	25	4.3
1527780122.98	4300	59.748569	0.0	2108491	25	4.3
1527780126.63	4300	59.998725	0.0	2184571	21	4.3
1527780130.78	4300	59.998338	0.0	2121928	24	4.3
1527780134.93	4300	59.749618	0.0	2219102	22	4.3
1527780139.09	4300	59.747712	0.0	2124950	24	4.3
1527780143.24	4300	59.499103	0.0	2246506	22	4.3
1527780146.87	4300	59.749351	0.0	1961140	20	4.3
1527780151.0	4300	59.749253	0.0	2155012	25	4.3
1527780152.6	4300	59.929355	0.0	1433658	17	4.3

1527780152.84	750	4	0.017	668286	3	-0.07309999999999994
1527780153.0	4300	7.947539	0.0	2123065	20	0.75
1527780153.15	4300	11.795819	0.0	2177073	24	4.3
1527780153.28	4300	15.666916	0.0	2160877	16	4.3
1527780153.42	4300	19.522601	0.0	2233056	12	4.3
1527780153.56	4300	23.382543	0.0	1941625	16	4.3
1527780153.68	4300	27.263711	0.0	2157535	9	4.3
1527780153.8	4300	31.144777	0.0	2290172	11	4.3
1527780153.94	4300	34.99946	0.0	2055469	23	4.3
1527780154.07	4300	38.871551	0.0	2169201	15	4.3
1527780154.2	4300	42.741803	0.0	2173522	15	4.3
1527780154.32	4300	46.621506	0.0	2102452	10	4.3
1527780154.45	4300	50.490446	0.0	2209463	18	4.3
1527780154.57	4300	54.370674	0.0	2275376	12	4.3
1527780154.68	4300	58.258854	0.0	2005399	7	4.3
1527780157.3	4300	59.749509	0.0	2152483	8	4.3
1527780161.47	4300	59.498163	0.0	2289689	28	4.3
1527780165.62	4300	59.49945	0.0	2059512	19	4.3
1527780169.28	4300	59.749326	0.0	2220726	26	4.3
1527780173.43	4300	59.749101	0.0	2156729	25	4.3
1527780177.08	4300	59.998967	0.0	2039773	20	4.3
1527780181.24	4300	59.749449	0.0	2176469	26	4.3
1527780185.41	4300	59.749412	0.0	2221506	25	4.3
1527780189.05	4300	59.999272	0.0	2044075	22	4.3
1527780193.21	4300	59.749042	0.0	2186790	27	4.3
1527780197.47	4300	59.747948	0.0	2105231	26	4.3
1527780201.12	4300	59.999256	0.0	2395588	23	4.3
1527780205.36	4300	59.749381	0.0	1972048	21	4.3
1527780209.02	4300	59.998497	0.0	2134614	23	4.3
1527780213.17	4300	59.998373	0.0	2164140	21	4.3
1527780217.33	4300	59.747842	0.0	2113193	26	4.3
1527780220.98	4300	59.99943	0.0	2147852	22	4.3
1527780225.13	4300	59.998671	0.0	2191074	24	4.3
1527780229.29	4300	59.749101	0.0	2286761	28	4.3
1527780232.95	4300	59.998716	0.0	2307787	23	4.3
1527780237.61	4300	59.497218	0.0	2143948	24	4.3
1527780241.25	4300	59.734532	0.0	1919781	20	4.3
1527780245.41	4300	59.74865	0.0	2147467	25	4.3
1527780249.06	4300	59.999378	0.0	2133870	22	4.3
1527780253.21	4300	59.748058	0.0	2146120	24	4.3
1527780257.36	4300	59.749514	0.0	2108491	19	4.3
1527780261.0	4300	59.999082	0.0	2184571	16	4.3
1527780265.16	4300	59.998541	0.0	2121928	22	4.3
1527780269.32	4300	59.748194	0.0	2219102	24	4.3
1527780272.97	4300	59.998774	0.0	2124950	20	4.3
1527780277.11	4300	59.998692	0.0	2246506	17	4.3
1527780281.23	4300	59.747272	0.0	1961140	17	4.3
1527780285.37	4300	59.749502	0.0	2155012	24	4.3
1527780287.0	4300	59.67823	0.0	1433658	17	4.3

1527780287.23	750	4	0.017	668286	4	-0.07309999999999994
1527780287.38	4300	7.954865	0.0	2123065	15	0.75
1527780287.51	4300	11.8265	0.0	2177073	19	4.3
1527780287.63	4300	15.706586	0.0	2160877	13	4.3
1527780287.76	4300	19.579901	0.0	2233056	10	4.3
1527780287.87	4300	23.461178	0.0	1941625	9	4.3
1527780287.99	4300	27.341771	0.0	2157535	10	4.3
1527780288.11	4300	31.223043	0.0	2290172	12	4.3
1527780288.24	4300	35.094013	0.0	2055469	10	4.3
1527780288.36	4300	38.977753	0.0	2169201	12	4.3
1527780288.48	4300	42.858316	0.0	2173522	10	4.3
1527780288.62	4300	46.717362	0.0	2102452	24	4.3
1527780288.74	4300	50.597208	0.0	2209463	12	4.3
1527780288.86	4300	54.474601	0.0	2275376	12	4.3
1527780288.98	4300	58.353693	0.0	2005399	11	4.3
1527780291.61	4300	59.748331	0.0	2152483	13	4.3
1527780295.76	4300	59.74921	0.0	2289689	17	4.3
1527780299.41	4300	59.99842	0.0	2059512	23	4.3
1527780303.56	4300	59.998513	0.0	2220726	20	4.3
1527780307.72	4300	59.748491	0.0	2156729	27	4.3
1527780311.37	4300	59.998811	0.0	2039773	21	4.3
1527780315.52	4300	59.998335	0.0	2176469	24	4.3
1527780319.69	4300	59.747434	0.0	2221506	26	4.3
1527780323.84	4300	59.749086	0.0	2044075	19	4.3
1527780327.5	4300	59.998237	0.0	2186790	26	4.3
1527780331.66	4300	59.748476	0.0	2105231	28	4.3
1527780335.81	4300	59.749054	0.0	2395588	21	4.3
1527780339.47	4300	59.997819	0.0	1972048	25	4.3
1527780343.61	4300	59.747562	0.0	2134614	19	4.3
1527780347.77	4300	59.749274	0.0	2164140	25	4.3
1527780351.42	4300	59.998705	0.0	2113193	20	4.3
1527780355.57	4300	59.999275	0.0	2147852	25	4.3
