1527736144.27	750	4	0.012	450283	1	-0.05159999999999998
1527736144.41	4300	7.949028	0.0	2123065	18	0.75
1527736144.49	4300	11.867528	0.0	2177073	15	4.3
1527736144.56	4300	15.800882	0.0	2160877	8	4.3
1527736144.63	4300	19.729604	0.0	2233056	10	4.3
1527736144.69	4300	23.662954	0.0	1941625	8	4.3
1527736144.76	4300	27.59248	0.0	2157535	9	4.3
1527736144.83	4300	31.523681	0.0	2290172	9	4.3
1527736144.9	4300	35.452255	0.0	2055469	8	4.3
1527736144.97	4300	39.383358	0.0	2169201	9	4.3
1527736145.04	4300	43.314544	0.0	2173522	9	4.3
1527736145.12	4300	47.230623	0.0	2102452	18	4.3
1527736145.2	4300	51.155965	0.0	2209463	13	4.3
1527736145.28	4300	55.078813	0.0	2275376	12	4.3
1527736145.36	4300	58.99978	0.0	2005399	13	4.3
1527736148.46	4300	59.99939	0.0	2152483	12	4.3
1527736152.56	4300	59.998773	0.0	2289689	20	4.3
1527736156.84	4300	59.748697	0.0	2059512	19	4.3
1527736160.59	4300	59.998948	0.0	2220726	21	4.3
1527736164.7	4300	59.749543	0.0	2156729	24	4.3
1527736173.55	4300	59.749386	0.0	2039773	22	4.3
1527736173.65	4300	58.706798	0.0	2176469	24	4.3
1527736176.74	4300	59.749253	0.0	2221506	12	4.3
1527736180.84	4300	59.748957	0.0	2044075	20	4.3
1527736184.45	4300	59.999417	0.0	2186790	24	4.3
1527736188.56	4300	59.99896	0.0	2105231	20	4.3
1527736195.0	4300	59.749112	0.0	2395588	29	4.3
1527736196.62	4300	59.748699	0.0	1972048	10	4.3
1527736200.72	4300	59.747769	0.0	2134614	18	4.3
1527736204.83	4300	59.749221	0.0	2164140	19	4.3
1527736208.43	4300	59.998839	0.0	2113193	19	4.3
1527736212.53	4300	59.999359	0.0	2147852	21	4.3
1527736216.64	4300	59.749243	0.0	2191074	22	4.3
1527736220.75	4300	59.748597	0.0	2286761	25	4.3
1527736224.87	4300	59.748505	0.0	2307787	24	4.3
1527736228.47	4300	59.998495	0.0	2143948	19	4.3
1527736232.57	4300	59.998122	0.0	1919781	19	4.3
1527736236.68	4300	59.749423	0.0	2147467	23	4.3
1527736240.89	4300	59.749326	0.0	2133870	24	4.3
1527736396.89	750	4	0.019	2354772	10	-2.8817
