1527778549.41	750	4	0.026	2354772	9	-0.11180000000000001
1527778549.56	4300	7.95882	0.0	2123065	25	0.75
1527778549.71	4300	11.810705	0.0	2177073	28	4.3
1527778549.86	4300	15.656567	0.0	2160877	35	4.3
1527778549.99	4300	19.525592	0.0	2233056	17	4.3
1527778550.12	4300	23.397707	0.0	1941625	14	4.3
1527778550.24	4300	27.270871	0.0	2157535	15	4.3
1527778550.4	4300	31.111416	0.0	2290172	21	4.3
1527778550.52	4300	34.990905	0.0	2055469	10	4.3
1527778550.64	4300	38.870818	0.0	2169201	12	4.3
1527778550.79	4300	42.726414	0.0	2173522	27	4.3
1527778550.94	4300	46.580564	0.0	2102452	24	4.3
1527778551.08	4300	50.430222	0.0	2209463	28	4.3
1527778551.25	4300	54.267976	0.0	2275376	29	4.3
1527778551.39	4300	58.127841	0.0	2005399	25	4.3
1527778553.55	4300	59.999435	0.0	2152483	33	4.3
1527778557.71	4300	59.998305	0.0	2289689	27	4.3
1527778561.86	4300	59.749128	0.0	2059512	15	4.3
1527778565.52	4300	59.99914	0.0	2220726	25	4.3
1527778569.68	4300	59.997732	0.0	2156729	24	4.3
1527778573.83	4300	59.749105	0.0	2039773	18	4.3
1527778578.03	4300	59.748524	0.0	2176469	27	4.3
1527778581.69	4300	59.997685	0.0	2221506	27	4.3
1527778585.84	4300	59.748545	0.0	2044075	23	4.3
1527778589.99	4300	59.748867	0.0	2186790	23	4.3
1527778593.66	4300	59.999071	0.0	2105231	27	4.3
1527778597.8	4300	59.748517	0.0	2395588	21	4.3
1527778601.96	4300	59.748702	0.0	1972048	22	4.3
1527778605.62	4300	59.998707	0.0	2134614	24	4.3
1527778609.78	4300	59.749227	0.0	2164140	20	4.3
1527778613.93	4300	59.749221	0.0	2113193	25	4.3
1527778617.57	4300	59.998229	0.0	2147852	19	4.3
1527778621.75	4300	59.998635	0.0	2191074	20	4.3
1527778625.9	4300	59.748512	0.0	2286761	26	4.3
1527778629.57	4300	59.999076	0.0	2307787	27	4.3
1527778633.73	4300	59.998351	0.0	2143948	25	4.3
1527778637.88	4300	59.747715	0.0	1919781	19	4.3
1527778642.02	4300	59.749347	0.0	2147467	17	4.3
1527778645.68	4300	59.999164	0.0	2133870	26	4.3
1527778649.84	4300	59.74914	0.0	2146120	26	4.3
1527778654.01	4300	59.749528	0.0	2108491	24	4.3
1527778657.66	4300	59.999178	0.0	2184571	20	4.3
1527778661.82	4300	59.749471	0.0	2121928	23	4.3
1527778665.98	4300	59.748888	0.0	2219102	27	4.3
1527778669.62	4300	59.999001	0.0	2124950	20	4.3
1527778673.81	4300	59.749386	0.0	2246506	26	4.3
1527778677.95	4300	59.74885	0.0	1961140	21	4.3
1527778681.58	4300	59.999495	0.0	2155012	19	4.3
1527778683.68	4300	59.678769	0.0	1433658	18	4.3

1527778683.9	750	4	0.016	668286	3	-0.06879999999999997
1527778684.06	4300	7.950575	0.0	2123065	20	0.75
1527778684.2	4300	11.805768	0.0	2177073	27	4.3
1527778684.33	4300	15.67739	0.0	2160877	16	4.3
1527778684.46	4300	19.541743	0.0	2233056	14	4.3
1527778684.59	4300	23.416815	0.0	1941625	8	4.3
1527778684.73	4300	27.282179	0.0	2157535	19	4.3
1527778684.84	4300	31.166072	0.0	2290172	10	4.3
1527778684.98	4300	35.028181	0.0	2055469	24	4.3
1527778685.11	4300	38.893585	0.0	2169201	14	4.3
1527778685.24	4300	42.768325	0.0	2173522	13	4.3
1527778685.4	4300	46.610422	0.0	2102452	18	4.3
1527778685.51	4300	50.490515	0.0	2209463	12	4.3
1527778685.64	4300	54.363668	0.0	2275376	12	4.3
1527778685.76	4300	58.246639	0.0	2005399	11	4.3
1527778688.4	4300	59.749485	0.0	2152483	16	4.3
1527778692.06	4300	59.999278	0.0	2289689	27	4.3
1527778696.22	4300	59.999375	0.0	2059512	23	4.3
1527778700.38	4300	59.748626	0.0	2220726	24	4.3
1527778704.53	4300	59.49953	0.0	2156729	26	4.3
1527778708.68	4300	59.499684	0.0	2039773	19	4.3
1527778712.34	4300	59.749583	0.0	2176469	25	4.3
1527778716.49	4300	59.749561	0.0	2221506	20	4.3
1527778720.15	4300	59.998952	0.0	2044075	20	4.3
1527778724.31	4300	59.748663	0.0	2186790	26	4.3
1527778728.45	4300	59.748814	0.0	2105231	19	4.3
1527778732.11	4300	59.999251	0.0	2395588	29	4.3
1527778736.27	4300	59.749133	0.0	1972048	20	4.3
1527778740.42	4300	59.749364	0.0	2134614	21	4.3
1527778744.06	4300	59.998831	0.0	2164140	19	4.3
1527778748.71	4300	59.498415	0.0	2113193	23	4.3
1527778752.36	4300	59.748033	0.0	2147852	24	4.3
1527778756.02	4300	59.998339	0.0	2191074	25	4.3
1527778760.16	4300	59.999354	0.0	2286761	17	4.3
1527778764.32	4300	59.749123	0.0	2307787	29	4.3
1527778768.46	4300	59.748853	0.0	2143948	14	4.3
1527778772.11	4300	59.999135	0.0	1919781	20	4.3
1527778776.26	4300	59.748832	0.0	2147467	24	4.3
1527778780.41	4300	59.748723	0.0	2133870	20	4.3
1527778784.06	4300	59.997876	0.0	2146120	23	4.3
1527778788.21	4300	59.999024	0.0	2108491	19	4.3
1527778792.37	4300	59.74865	0.0	2184571	24	4.3
1527778796.01	4300	59.998454	0.0	2121928	24	4.3
1527778800.17	4300	59.999485	0.0	2219102	27	4.3
1527778804.33	4300	59.748797	0.0	2124950	20	4.3
1527778808.47	4300	59.747801	0.0	2246506	20	4.3
1527778812.6	4300	59.497939	0.0	1961140	21	4.3
1527778816.23	4300	59.999341	0.0	2155012	24	4.3
1527778817.83	4300	59.928468	0.0	1433658	16	4.3

1527778818.04	750	4	0.012	668286	3	-0.05159999999999998
1527778818.2	4300	7.950554	0.0	2123065	16	0.75
1527778818.34	4300	11.809123	0.0	2177073	23	4.3
1527778818.47	4300	15.681692	0.0	2160877	12	4.3
1527778818.59	4300	19.551406	0.0	2233056	13	4.3
1527778818.73	4300	23.416162	0.0	1941625	18	4.3
1527778818.86	4300	27.281456	0.0	2157535	14	4.3
1527778818.99	4300	31.15361	0.0	2290172	18	4.3
1527778819.15	4300	34.999396	0.0	2055469	22	4.3
1527778819.27	4300	38.874557	0.0	2169201	15	4.3
1527778819.4	4300	42.749669	0.0	2173522	14	4.3
1527778819.52	4300	46.628213	0.0	2102452	14	4.3
1527778819.63	4300	50.517573	0.0	2209463	8	4.3
1527778819.76	4300	54.383856	0.0	2275376	20	4.3
1527778819.88	4300	58.27	0.0	2005399	9	4.3
1527778822.5	4300	59.74894	0.0	2152483	9	4.3
1527778826.67	4300	59.747815	0.0	2289689	16	4.3
1527778830.33	4300	59.998882	0.0	2059512	24	4.3
1527778834.53	4300	59.749444	0.0	2220726	26	4.3
1527778838.19	4300	59.999275	0.0	2156729	26	4.3
1527778842.84	4300	59.497948	0.0	2039773	19	4.3
1527778846.5	4300	59.74949	0.0	2176469	26	4.3
1527778850.16	4300	59.998116	0.0	2221506	26	4.3
1527778854.3	4300	59.999281	0.0	2044075	17	4.3
1527778858.46	4300	59.748612	0.0	2186790	27	4.3
1527778862.61	4300	59.748498	0.0	2105231	23	4.3
1527778866.25	4300	59.999401	0.0	2395588	18	4.3
1527778870.4	4300	59.749575	0.0	1972048	20	4.3
1527778874.55	4300	59.748836	0.0	2134614	21	4.3
1527778878.21	4300	59.998946	0.0	2164140	25	4.3
1527778882.36	4300	59.998745	0.0	2113193	17	4.3
1527778886.52	4300	59.748221	0.0	2147852	27	4.3
1527778890.18	4300	59.999259	0.0	2191074	28	4.3
1527778894.84	4300	59.498995	0.0	2286761	27	4.3
1527778898.5	4300	59.748553	0.0	2307787	25	4.3
1527778902.65	4300	59.748725	0.0	2143948	23	4.3
1527778906.29	4300	59.998394	0.0	1919781	23	4.3
