1527719147.28	750	4	0.028	2354772	7	-0.12039999999999995
1527719147.6	4300	7.957067	0.0	2123065	26	0.75
1527719147.93	4300	11.632676	0.0	2177073	11	4.3
1527719148.25	4300	15.296429	0.0	2160877	23	4.3
1527719148.55	4300	18.996492	0.0	2233056	27	4.3
1527719148.87	4300	22.667308	0.0	1941625	24	4.3
1527719149.21	4300	26.343759	0.0	2157535	24	4.3
1527719149.53	4300	30.019131	0.0	2290172	21	4.3
1527719149.85	4300	33.699931	0.0	2055469	20	4.3
1527719150.18	4300	37.35183	0.0	2169201	24	4.3
1527719150.51	4300	41.033583	0.0	2173522	20	4.3
1527719150.82	4300	44.727745	0.0	2102452	14	4.3
1527719151.16	4300	48.407601	0.0	2209463	22	4.3
1527719151.45	4300	52.079064	0.0	2275376	14	4.3
1527719151.74	4300	55.756787	0.0	2005399	22	4.3
1527719152.05	4300	59.485901	0.0	2152483	24	4.3
1527719155.76	4300	59.748858	0.0	2289689	14	4.3
1527719160.01	4300	59.749	0.0	2059512	24	4.3
1527719163.78	4300	59.747542	0.0	2220726	28	4.3
1527719168.02	4300	59.74916	0.0	2156729	20	4.3
1527719171.74	4300	59.748752	0.0	2039773	24	4.3
1527719175.95	4300	59.74876	0.0	2176469	24	4.3
1527719179.72	4300	59.999205	0.0	2221506	24	4.3
1527719183.56	4300	59.999366	0.0	2044075	21	4.3
1527719187.88	4300	59.747891	0.0	2186790	21	4.3
1527719191.67	4300	59.999147	0.0	2105231	23	4.3
1527719195.93	4300	59.74915	0.0	2395588	27	4.3
1527719199.64	4300	59.998368	0.0	1972048	16	4.3
1527719203.84	4300	59.749072	0.0	2134614	24	4.3
1527719207.49	4300	59.997779	0.0	2164140	19	4.3
1527719211.64	4300	59.997653	0.0	2113193	22	4.3
1527719215.79	4300	59.748171	0.0	2147852	19	4.3
1527719219.95	4300	59.748597	0.0	2191074	24	4.3
1527719223.62	4300	59.998568	0.0	2286761	27	4.3
1527719227.8	4300	59.747851	0.0	2307787	27	4.3
1527719232.03	4300	59.747653	0.0	2143948	25	4.3
1527719235.68	4300	59.997652	0.0	1919781	23	4.3
1527719239.84	4300	59.747648	0.0	2147467	27	4.3
1527719243.49	4300	59.99749	0.0	2133870	31	4.3
1527719247.65	4300	59.998499	0.0	2146120	23	4.3
1527719251.81	4300	59.7484	0.0	2108491	26	4.3
1527719255.96	4300	59.747766	0.0	2184571	21	4.3
1527719259.62	4300	59.999136	0.0	2121928	25	4.3
1527719263.77	4300	59.747645	0.0	2219102	26	4.3
1527719267.92	4300	59.74921	0.0	2124950	24	4.3
1527719271.57	4300	59.999153	0.0	2246506	19	4.3
1527719276.2	4300	59.498444	0.0	1961140	17	4.3
1527719279.81	4300	59.749292	0.0	2155012	15	4.3
1527719281.42	4300	59.929184	0.0	1433658	15	4.3

1527719281.65	750	4	0.015	668286	1	-0.0645
1527719281.8	4300	7.953368	0.0	2123065	17	0.75
1527719281.93	4300	11.82376	0.0	2177073	15	4.3
1527719282.05	4300	15.70163	0.0	2160877	7	4.3
1527719282.17	4300	19.581468	0.0	2233056	7	4.3
1527719282.33	4300	23.431116	0.0	1941625	22	4.3
1527719282.48	4300	27.279172	0.0	2157535	24	4.3
1527719282.63	4300	31.127402	0.0	2290172	26	4.3
1527719282.78	4300	34.976187	0.0	2055469	24	4.3
1527719282.93	4300	38.829442	0.0	2169201	24	4.3
1527719283.07	4300	42.681889	0.0	2173522	27	4.3
1527719283.22	4300	46.53758	0.0	2102452	26	4.3
1527719283.36	4300	50.398693	0.0	2209463	22	4.3
1527719283.5	4300	54.258061	0.0	2275376	24	4.3
1527719283.64	4300	58.113993	0.0	2005399	23	4.3
1527719285.8	4300	59.998591	0.0	2152483	34	4.3
1527719289.94	4300	59.999351	0.0	2289689	17	4.3
1527719294.09	4300	59.749	0.0	2059512	18	4.3
1527719298.25	4300	59.748847	0.0	2220726	28	4.3
1527719301.91	4300	59.99946	0.0	2156729	25	4.3
1527719306.06	4300	59.748965	0.0	2039773	19	4.3
1527719310.21	4300	59.748844	0.0	2176469	25	4.3
1527719313.86	4300	59.998667	0.0	2221506	23	4.3
1527719318.02	4300	59.748665	0.0	2044075	24	4.3
1527719322.17	4300	59.749335	0.0	2186790	15	4.3
1527719325.83	4300	59.998746	0.0	2105231	25	4.3
1527719329.99	4300	59.998601	0.0	2395588	28	4.3
1527719334.15	4300	59.748524	0.0	1972048	23	4.3
1527719337.8	4300	59.999019	0.0	2134614	24	4.3
1527719341.94	4300	59.999163	0.0	2164140	16	4.3
1527719346.06	4300	59.748072	0.0	2113193	7	4.3
1527719350.21	4300	59.748565	0.0	2147852	24	4.3
1527719353.86	4300	59.997614	0.0	2191074	20	4.3
1527719358.03	4300	59.748083	0.0	2286761	24	4.3
1527719362.18	4300	59.749267	0.0	2307787	25	4.3
1527719365.83	4300	59.999044	0.0	2143948	22	4.3
1527719369.98	4300	59.998938	0.0	1919781	24	4.3
1527719374.13	4300	59.748419	0.0	2147467	19	4.3
1527719377.79	4300	59.999368	0.0	2133870	23	4.3
1527719381.95	4300	59.998637	0.0	2146120	24	4.3
1527719386.1	4300	59.748787	0.0	2108491	22	4.3
1527719390.26	4300	59.748295	0.0	2184571	17	4.3
1527719393.91	4300	59.9986	0.0	2121928	21	4.3
1527719398.07	4300	59.748281	0.0	2219102	25	4.3
1527719402.27	4300	59.747902	0.0	2124950	24	4.3
1527719405.91	4300	59.999198	0.0	2246506	23	4.3
1527719410.04	4300	59.748554	0.0	1961140	16	4.3
1527719414.18	4300	59.748939	0.0	2155012	21	4.3
1527719415.8	4300	59.678155	0.0	1433658	16	4.3

1527719416.03	750	4	0.013	668286	2	-0.05589999999999995
1527719416.18	4300	7.953504	0.0	2123065	13	0.75
1527719416.33	4300	11.811426	0.0	2177073	18	4.3
1527719416.47	4300	15.671922	0.0	2160877	19	4.3
1527719416.61	4300	19.542402	0.0	2233056	11	4.3
1527719416.75	4300	23.385513	0.0	1941625	17	4.3
1527719416.87	4300	27.266869	0.0	2157535	11	4.3
1527719416.99	4300	31.14705	0.0	2290172	12	4.3
1527719417.1	4300	35.039215	0.0	2055469	6	4.3
1527719417.24	4300	38.895139	0.0	2169201	27	4.3
1527719417.37	4300	42.767531	0.0	2173522	14	4.3
1527719417.53	4300	46.643414	0.0	2102452	15	4.3
1527719417.7	4300	50.464643	0.0	2209463	20	4.3
1527719417.85	4300	54.294192	0.0	2275376	27	4.3
1527719418.01	4300	58.140395	0.0	2005399	20	4.3
1527719420.18	4300	59.998779	0.0	2152483	28	4.3
1527719424.36	4300	59.998976	0.0	2289689	27	4.3
1527719428.52	4300	59.748803	0.0	2059512	22	4.3
1527719432.17	4300	59.998277	0.0	2220726	20	4.3
1527719436.34	4300	59.997272	0.0	2156729	22	4.3
1527719440.51	4300	59.7479	0.0	2039773	23	4.3
1527719444.15	4300	59.998913	0.0	2176469	24	4.3
1527719448.31	4300	59.998472	0.0	2221506	24	4.3
1527719452.47	4300	59.749031	0.0	2044075	20	4.3
1527719456.62	4300	59.748737	0.0	2186790	26	4.3
1527719460.3	4300	59.998902	0.0	2105231	22	4.3
1527719464.48	4300	59.749008	0.0	2395588	29	4.3
1527719468.63	4300	59.749041	0.0	1972048	20	4.3
1527719472.28	4300	59.998361	0.0	2134614	19	4.3
1527719476.43	4300	59.748699	0.0	2164140	24	4.3
1527719480.57	4300	59.747236	0.0	2113193	18	4.3
1527719484.23	4300	59.99857	0.0	2147852	26	4.3
1527719488.38	4300	59.998461	0.0	2191074	19	4.3
