1528175081.57	750	4	0.026	2354772	7	-0.11180000000000001
1528175081.66	4300	7.967346	0.0	2123065	16	0.75
1528175081.77	4300	11.86422	0.0	2177073	26	4.3
1528175081.86	4300	15.767698	0.0	2160877	25	4.3
1528175081.95	4300	19.684837	0.0	2233056	14	4.3
1528175082.04	4300	23.591054	0.0	1941625	22	4.3
1528175082.13	4300	27.497864	0.0	2157535	24	4.3
1528175082.21	4300	31.421283	0.0	2290172	13	4.3
1528175082.31	4300	35.320987	0.0	2055469	23	4.3
1528175082.38	4300	39.246227	0.0	2169201	12	4.3
1528175082.48	4300	43.15569	0.0	2173522	19	4.3
1528175082.56	4300	47.073195	0.0	2102452	15	4.3
1528175082.65	4300	50.984093	0.0	2209463	19	4.3
1528175082.74	4300	54.895691	0.0	2275376	12	4.3
1528175082.82	4300	58.815923	0.0	2005399	14	4.3
1528175085.92	4300	59.747992	0.0	2152483	24	4.3
1528175090.02	4300	59.747933	0.0	2289689	21	4.3
1528175094.12	4300	59.748697	0.0	2059512	24	4.3
1528175097.74	4300	59.998377	0.0	2220726	26	4.3
1528175101.84	4300	59.997702	0.0	2156729	22	4.3
1528175105.95	4300	59.749558	0.0	2039773	22	4.3
1528175110.09	4300	59.749309	0.0	2176469	26	4.3
1528175113.69	4300	59.999116	0.0	2221506	26	4.3
1528175118.3	4300	59.497727	0.0	2044075	23	4.3
1528175121.91	4300	59.748556	0.0	2186790	26	4.3
1528175126.02	4300	59.749263	0.0	2105231	23	4.3
1528175130.13	4300	59.748743	0.0	2395588	26	4.3
1528175133.73	4300	59.998742	0.0	1972048	24	4.3
1528175137.84	4300	59.999099	0.0	2134614	24	4.3
1528175141.95	4300	59.749272	0.0	2164140	25	4.3
1528175146.06	4300	59.749279	0.0	2113193	24	4.3
1528175149.66	4300	59.999132	0.0	2147852	26	4.3
1528175153.77	4300	59.99847	0.0	2191074	25	4.3
1528175157.88	4300	59.997876	0.0	2286761	24	4.3
1528175161.99	4300	59.749138	0.0	2307787	27	4.3
1528175166.1	4300	59.74953	0.0	2143948	25	4.3
1528175169.69	4300	59.99866	0.0	1919781	14	4.3
1528175173.8	4300	59.99904	0.0	2147467	25	4.3
1528175177.92	4300	59.749486	0.0	2133870	27	4.3
1528175182.03	4300	59.748425	0.0	2146120	24	4.3
1528175185.64	4300	59.998769	0.0	2108491	26	4.3
1528175189.74	4300	59.997636	0.0	2184571	23	4.3
1528175193.86	4300	59.999422	0.0	2121928	22	4.3
1528175197.96	4300	59.749367	0.0	2219102	24	4.3
1528175202.1	4300	59.699558	0.0	2124950	25	4.3
1528175205.71	4300	59.998908	0.0	2246506	23	4.3
1528175210.31	4300	59.499049	0.0	1961140	22	4.3
1528175213.92	4300	59.747952	0.0	2155012	26	4.3
1528175215.51	4300	59.929181	0.0	1433658	17	4.3

1528175215.71	750	4	0.024	2354772	6	-0.10319999999999996
1528175215.81	4300	7.959728	0.0	2123065	21	0.75
1528175215.9	4300	11.867114	0.0	2177073	23	4.3
1528175215.97	4300	15.795444	0.0	2160877	11	4.3
1528175216.07	4300	19.701815	0.0	2233056	21	4.3
1528175216.16	4300	23.610379	0.0	1941625	18	4.3
1528175216.22	4300	27.546087	0.0	2157535	7	4.3
1528175216.32	4300	31.447367	0.0	2290172	27	4.3
1528175216.41	4300	35.358897	0.0	2055469	22	4.3
1528175216.48	4300	39.293656	0.0	2169201	6	4.3
1528175216.56	4300	43.206533	0.0	2173522	20	4.3
1528175216.63	4300	47.138225	0.0	2102452	9	4.3
1528175216.72	4300	51.047982	0.0	2209463	20	4.3
1528175216.82	4300	54.955037	0.0	2275376	23	4.3
1528175216.91	4300	58.857411	0.0	2005399	21	4.3
1528175220.02	4300	59.998884	0.0	2152483	25	4.3
1528175224.13	4300	59.749205	0.0	2289689	30	4.3
1528175228.23	4300	59.74888	0.0	2059512	21	4.3
1528175231.84	4300	59.999457	0.0	2220726	14	4.3
1528175235.95	4300	59.998158	0.0	2156729	21	4.3
1528175240.05	4300	59.749239	0.0	2039773	23	4.3
1528175244.16	4300	59.747985	0.0	2176469	26	4.3
1528175248.27	4300	59.747705	0.0	2221506	25	4.3
1528175251.88	4300	59.999294	0.0	2044075	24	4.3
1528175255.98	4300	59.998985	0.0	2186790	24	4.3
1528175260.08	4300	59.749438	0.0	2105231	24	4.3
1528175264.2	4300	59.748606	0.0	2395588	31	4.3
1528175267.81	4300	59.999311	0.0	1972048	24	4.3
1528175271.91	4300	59.999434	0.0	2134614	22	4.3
1528175276.02	4300	59.883058	0.0	2164140	25	4.3
1528175280.13	4300	59.749388	0.0	2113193	24	4.3
1528175284.24	4300	59.747683	0.0	2147852	24	4.3
1528175288.35	4300	59.498873	0.0	2191074	25	4.3
1528175291.95	4300	59.9989	0.0	2286761	27	4.3
1528175296.06	4300	59.749052	0.0	2307787	27	4.3
1528175300.17	4300	59.74892	0.0	2143948	25	4.3
1528175304.27	4300	59.749494	0.0	1919781	24	4.3
1528175307.88	4300	59.999104	0.0	2147467	26	4.3
1528175312.0	4300	59.999431	0.0	2133870	26	4.3
1528175316.11	4300	59.749499	0.0	2146120	20	4.3
1528175320.21	4300	59.749304	0.0	2108491	23	4.3
1528175323.82	4300	59.999106	0.0	2184571	25	4.3
1528175327.93	4300	59.998621	0.0	2121928	18	4.3
1528175332.03	4300	59.747867	0.0	2219102	24	4.3
1528175336.13	4300	59.693612	0.0	2124950	15	4.3
1528175340.22	4300	59.74944	0.0	2246506	15	4.3
1528175344.33	4300	59.499277	0.0	1961140	24	4.3
1528175347.93	4300	59.997843	0.0	2155012	26	4.3
1528175349.53	4300	59.929024	0.0	1433658	18	4.3

1528175349.73	750	4	0.022	2354772	6	-0.09460000000000002
1528175349.83	4300	7.949409	0.0	2123065	30	0.75
1528175349.93	4300	11.854797	0.0	2177073	23	4.3
1528175350.03	4300	15.753924	0.0	2160877	25	4.3
1528175350.13	4300	19.65416	0.0	2233056	22	4.3
1528175350.21	4300	23.567078	0.0	1941625	23	4.3
1528175350.3	4300	27.486447	0.0	2157535	14	4.3
1528175350.4	4300	31.384159	0.0	2290172	27	4.3
1528175350.47	4300	35.311713	0.0	2055469	11	4.3
1528175350.56	4300	39.222349	0.0	2169201	19	4.3
1528175350.65	4300	43.133431	0.0	2173522	21	4.3
1528175350.75	4300	47.033067	0.0	2102452	25	4.3
1528175350.85	4300	50.934773	0.0	2209463	26	4.3
1528175350.94	4300	54.840767	0.0	2275376	26	4.3
1528175351.04	4300	58.74413	0.0	2005399	22	4.3
1528175354.14	4300	59.749264	0.0	2152483	20	4.3
1528175358.25	4300	59.748106	0.0	2289689	26	4.3
1528175362.36	4300	59.498727	0.0	2059512	24	4.3
1528175366.47	4300	59.499459	0.0	2220726	27	4.3
1528175370.06	4300	59.748292	0.0	2156729	16	4.3
1528175374.17	4300	59.748166	0.0	2039773	21	4.3
1528175377.79	4300	59.999368	0.0	2176469	25	4.3
1528175381.87	4300	59.999337	0.0	2221506	12	4.3
1528175385.97	4300	59.998818	0.0	2044075	20	4.3
1528175390.08	4300	59.749075	0.0	2186790	26	4.3
1528175394.19	4300	59.749196	0.0	2105231	26	4.3
1528175397.8	4300	59.999071	0.0	2395588	28	4.3
1528175401.9	4300	59.999186	0.0	1972048	23	4.3
1528175406.01	4300	59.999004	0.0	2134614	24	4.3
1528175410.12	4300	59.748193	0.0	2164140	26	4.3
1528175414.23	4300	59.74961	0.0	2113193	24	4.3
1528175418.34	4300	59.499455	0.0	2147852	26	4.3
1528175422.45	4300	59.499017	0.0	2191074	26	4.3
1528175426.06	4300	59.749587	0.0	2286761	26	4.3
1528175430.17	4300	59.749077	0.0	2307787	26	4.3
1528175434.28	4300	59.748099	0.0	2143948	25	4.3
1528175437.88	4300	59.999224	0.0	1919781	22	4.3
1528175442.49	4300	59.499457	0.0	2147467	23	4.3
