1528149043.39	750	4	0.022	2354772	8	-0.09460000000000002
1528149043.49	4300	7.957577	0.0	2123065	22	0.75
1528149043.59	4300	11.856811	0.0	2177073	21	4.3
1528149043.68	4300	15.763289	0.0	2160877	23	4.3
1528149043.77	4300	19.671188	0.0	2233056	23	4.3
1528149043.86	4300	23.582353	0.0	1941625	18	4.3
1528149043.95	4300	27.489705	0.0	2157535	21	4.3
1528149044.05	4300	31.394851	0.0	2290172	22	4.3
1528149044.15	4300	35.293606	0.0	2055469	23	4.3
1528149044.25	4300	39.193569	0.0	2169201	26	4.3
1528149044.34	4300	43.102413	0.0	2173522	24	4.3
1528149044.44	4300	47.000922	0.0	2102452	32	4.3
1528149044.55	4300	50.898211	0.0	2209463	26	4.3
1528149044.65	4300	54.790951	0.0	2275376	27	4.3
1528149044.75	4300	58.69257	0.0	2005399	23	4.3
1528149047.89	4300	59.749313	0.0	2152483	28	4.3
1528149051.51	4300	59.997367	0.0	2289689	27	4.3
1528149055.62	4300	59.99818	0.0	2059512	19	4.3
1528149059.71	4300	59.749352	0.0	2220726	13	4.3
1528149063.82	4300	59.748737	0.0	2156729	26	4.3
1528149067.93	4300	59.749088	0.0	2039773	23	4.3
1528149071.55	4300	59.999262	0.0	2176469	25	4.3
1528149075.65	4300	59.999241	0.0	2221506	23	4.3
1528149079.76	4300	59.748665	0.0	2044075	22	4.3
1528149083.87	4300	59.748626	0.0	2186790	23	4.3
1528149087.49	4300	59.99938	0.0	2105231	28	4.3
1528149091.59	4300	59.998691	0.0	2395588	19	4.3
1528149095.69	4300	59.99782	0.0	1972048	21	4.3
1528149099.8	4300	59.74892	0.0	2134614	27	4.3
1528149103.91	4300	59.747877	0.0	2164140	26	4.3
1528149107.52	4300	59.997612	0.0	2113193	23	4.3
1528149111.63	4300	59.998784	0.0	2147852	23	4.3
1528149115.73	4300	59.748951	0.0	2191074	25	4.3
1528149119.82	4300	59.749299	0.0	2286761	10	4.3
1528149123.93	4300	59.748443	0.0	2307787	24	4.3
1528149127.53	4300	59.998164	0.0	2143948	23	4.3
1528149131.63	4300	59.99867	0.0	1919781	20	4.3
1528149135.77	4300	59.749486	0.0	2147467	27	4.3
1528149139.94	4300	59.749131	0.0	2133870	25	4.3
1528149143.58	4300	59.998535	0.0	2146120	24	4.3
1528149147.68	4300	59.997696	0.0	2108491	24	4.3
1528149151.79	4300	59.748687	0.0	2184571	26	4.3
1528149155.9	4300	59.749	0.0	2121928	28	4.3
1528149159.48	4300	59.999273	0.0	2219102	6	4.3
1528149163.58	4300	59.999338	0.0	2124950	22	4.3
1528149167.69	4300	59.999067	0.0	2246506	24	4.3
1528149171.8	4300	59.748033	0.0	1961140	23	4.3
1528149175.91	4300	59.749339	0.0	2155012	23	4.3
1528149177.51	4300	59.67916	0.0	1433658	17	4.3

1528149177.71	750	4	0.021	2354772	7	-0.09030000000000005
1528149177.77	4300	7.986848	0.0	2123065	6	0.75
1528149177.87	4300	11.892143	0.0	2177073	28	4.3
1528149177.96	4300	15.799373	0.0	2160877	21	4.3
1528149178.05	4300	19.708008	0.0	2233056	19	4.3
1528149178.14	4300	23.619179	0.0	1941625	18	4.3
1528149178.23	4300	27.529766	0.0	2157535	22	4.3
1528149178.32	4300	31.439476	0.0	2290172	26	4.3
1528149178.43	4300	35.331196	0.0	2055469	13	4.3
1528149178.52	4300	39.235008	0.0	2169201	28	4.3
1528149178.61	4300	43.157971	0.0	2173522	16	4.3
1528149178.7	4300	47.057201	0.0	2102452	26	4.3
1528149178.8	4300	50.963502	0.0	2209463	25	4.3
1528149178.87	4300	54.884249	0.0	2275376	17	4.3
1528149178.97	4300	58.790371	0.0	2005399	24	4.3
1528149182.08	4300	59.749157	0.0	2152483	24	4.3
1528149186.18	4300	59.748661	0.0	2289689	22	4.3
1528149190.29	4300	59.498014	0.0	2059512	21	4.3
1528149194.39	4300	59.49881	0.0	2220726	24	4.3
1528149198.0	4300	59.99929	0.0	2156729	26	4.3
1528149202.1	4300	59.749096	0.0	2039773	23	4.3
1528149206.21	4300	59.749418	0.0	2176469	25	4.3
1528149209.87	4300	59.998825	0.0	2221506	26	4.3
1528149213.99	4300	59.998983	0.0	2044075	26	4.3
1528149218.1	4300	59.74946	0.0	2186790	20	4.3
1528149222.2	4300	59.748786	0.0	2105231	25	4.3
1528149226.31	4300	59.498197	0.0	2395588	29	4.3
1528149229.92	4300	59.999119	0.0	1972048	24	4.3
1528149234.02	4300	59.749526	0.0	2134614	26	4.3
1528149238.13	4300	59.748052	0.0	2164140	23	4.3
1528149242.24	4300	59.748214	0.0	2113193	25	4.3
1528149245.85	4300	59.998443	0.0	2147852	28	4.3
1528149249.95	4300	59.998379	0.0	2191074	24	4.3
1528149254.06	4300	59.749011	0.0	2286761	24	4.3
1528149258.17	4300	59.748761	0.0	2307787	25	4.3
1528149261.78	4300	59.999435	0.0	2143948	24	4.3
1528149265.88	4300	59.999008	0.0	1919781	23	4.3
1528149269.99	4300	59.997889	0.0	2147467	24	4.3
1528149274.11	4300	59.748102	0.0	2133870	23	4.3
1528149278.2	4300	59.749032	0.0	2146120	13	4.3
1528149281.8	4300	59.998653	0.0	2108491	19	4.3
1528149285.92	4300	59.999327	0.0	2184571	25	4.3
1528149290.12	4300	59.748457	0.0	2121928	16	4.3
1528149294.23	4300	59.749554	0.0	2219102	26	4.3
1528149297.84	4300	59.998912	0.0	2124950	26	4.3
1528149301.95	4300	59.99905	0.0	2246506	25	4.3
1528149306.05	4300	59.749295	0.0	1961140	24	4.3
1528149310.16	4300	59.74966	0.0	2155012	26	4.3
1528149311.75	4300	59.929064	0.0	1433658	15	4.3

1528149311.96	750	4	0.023	2354772	7	-0.09889999999999999
1528149312.04	4300	7.972651	0.0	2123065	14	0.75
1528149312.14	4300	11.877352	0.0	2177073	22	4.3
1528149312.24	4300	15.776002	0.0	2160877	24	4.3
1528149312.31	4300	19.699973	0.0	2233056	12	4.3
1528149312.41	4300	23.60391	0.0	1941625	22	4.3
1528149312.51	4300	27.4969	0.0	2157535	24	4.3
1528149312.61	4300	31.403895	0.0	2290172	22	4.3
1528149312.69	4300	35.317851	0.0	2055469	21	4.3
1528149312.79	4300	39.229679	0.0	2169201	25	4.3
1528149312.88	4300	43.137091	0.0	2173522	20	4.3
1528149312.97	4300	47.04622	0.0	2102452	22	4.3
1528149313.05	4300	50.956937	0.0	2209463	21	4.3
1528149313.15	4300	54.865596	0.0	2275376	22	4.3
1528149313.23	4300	58.779174	0.0	2005399	18	4.3
1528149316.34	4300	59.748491	0.0	2152483	22	4.3
1528149320.45	4300	59.748909	0.0	2289689	26	4.3
1528149324.56	4300	59.499362	0.0	2059512	26	4.3
1528149328.17	4300	59.9988	0.0	2220726	28	4.3
1528149332.28	4300	59.749012	0.0	2156729	22	4.3
1528149336.38	4300	59.748516	0.0	2039773	25	4.3
1528149340.49	4300	59.749553	0.0	2176469	23	4.3
1528149344.1	4300	59.999127	0.0	2221506	25	4.3
1528149348.71	4300	59.499156	0.0	2044075	24	4.3
1528149352.32	4300	59.749009	0.0	2186790	26	4.3
