1527708526.89	750	4	0.012	450283	2	-0.05159999999999998
1527708527.03	4300	7.945406	0.0	2123065	20	0.75
1527708527.13	4300	11.853833	0.0	2177073	24	4.3
1527708527.21	4300	15.773202	0.0	2160877	15	4.3
1527708527.27	4300	19.704498	0.0	2233056	7	4.3
1527708527.34	4300	23.640039	0.0	1941625	7	4.3
1527708527.41	4300	27.570441	0.0	2157535	7	4.3
1527708527.47	4300	31.504021	0.0	2290172	9	4.3
1527708527.54	4300	35.438166	0.0	2055469	7	4.3
1527708527.61	4300	39.3714	0.0	2169201	8	4.3
1527708527.67	4300	43.305186	0.0	2173522	7	4.3
1527708527.76	4300	47.221104	0.0	2102452	17	4.3
1527708527.84	4300	51.135903	0.0	2209463	16	4.3
1527708527.91	4300	55.065247	0.0	2275376	11	4.3
1527708527.99	4300	58.990076	0.0	2005399	11	4.3
1527708531.1	4300	59.999043	0.0	2152483	23	4.3
1527708535.21	4300	59.998974	0.0	2289689	26	4.3
1527708539.32	4300	59.749206	0.0	2059512	22	4.3
1527708543.43	4300	59.747779	0.0	2220726	25	4.3
1527708547.04	4300	59.999109	0.0	2156729	23	4.3
1527708551.13	4300	59.997866	0.0	2039773	14	4.3
1527708555.23	4300	59.997981	0.0	2176469	20	4.3
1527708559.32	4300	59.748762	0.0	2221506	15	4.3
1527708563.43	4300	59.749234	0.0	2044075	22	4.3
1527708567.55	4300	59.498721	0.0	2186790	24	4.3
1527708571.16	4300	59.998571	0.0	2105231	23	4.3
1527708575.26	4300	59.749263	0.0	2395588	26	4.3
1527708579.37	4300	59.749665	0.0	1972048	22	4.3
1527708583.48	4300	59.749115	0.0	2134614	24	4.3
1527708587.59	4300	59.499332	0.0	2164140	26	4.3
1527708591.2	4300	59.999478	0.0	2113193	23	4.3
1527708595.3	4300	59.748783	0.0	2147852	23	4.3
1527708599.41	4300	59.749168	0.0	2191074	24	4.3
1527708603.02	4300	59.998012	0.0	2286761	25	4.3
1527708607.12	4300	59.997957	0.0	2307787	23	4.3
1527708611.73	4300	59.249036	0.0	2143948	22	4.3
1527708615.34	4300	59.748149	0.0	1919781	21	4.3
1527708619.43	4300	59.749133	0.0	2147467	11	4.3
1527708623.04	4300	59.999264	0.0	2133870	24	4.3
1527708627.64	4300	59.498511	0.0	2146120	19	4.3
1527708631.25	4300	59.749112	0.0	2108491	22	4.3
1527708635.36	4300	59.748694	0.0	2184571	24	4.3
1527708639.47	4300	59.74942	0.0	2121928	24	4.3
1527708643.08	4300	59.99945	0.0	2219102	21	4.3
1527708647.18	4300	59.998892	0.0	2124950	19	4.3
1527708651.28	4300	59.749501	0.0	2246506	24	4.3
1527708655.4	4300	59.749134	0.0	1961140	19	4.3
1527708659.48	4300	59.749646	0.0	2155012	11	4.3
1527708661.08	4300	59.678782	0.0	1433658	16	4.3

1527708661.31	750	4	0.022	668286	3	-0.09460000000000002
1527708661.38	4300	7.979289	0.0	2123065	6	0.75
1527708661.46	4300	11.89459	0.0	2177073	19	4.3
1527708661.54	4300	15.81925	0.0	2160877	12	4.3
1527708661.65	4300	19.709721	0.0	2233056	34	4.3
1527708661.73	4300	23.63155	0.0	1941625	10	4.3
1527708661.79	4300	27.568012	0.0	2157535	6	4.3
1527708661.88	4300	31.475918	0.0	2290172	20	4.3
1527708661.95	4300	35.407209	0.0	2055469	8	4.3
1527708662.05	4300	39.313491	0.0	2169201	20	4.3
1527708662.15	4300	43.209816	0.0	2173522	25	4.3
1527708662.22	4300	47.135517	0.0	2102452	11	4.3
1527708662.3	4300	51.057388	0.0	2209463	12	4.3
1527708662.37	4300	54.989634	0.0	2275376	9	4.3
1527708662.45	4300	58.91022	0.0	2005399	19	4.3
1527708665.53	4300	59.999108	0.0	2152483	7	4.3
1527708669.64	4300	59.748005	0.0	2289689	25	4.3
1527708673.75	4300	59.749503	0.0	2059512	23	4.3
1527708677.87	4300	59.498986	0.0	2220726	25	4.3
1527708681.48	4300	59.999236	0.0	2156729	24	4.3
1527708685.58	4300	59.998916	0.0	2039773	19	4.3
1527708689.69	4300	59.747865	0.0	2176469	25	4.3
1527708693.8	4300	59.748129	0.0	2221506	22	4.3
1527708697.41	4300	59.99946	0.0	2044075	24	4.3
1527708702.01	4300	59.499063	0.0	2186790	19	4.3
1527708705.88	4300	59.749158	0.0	2105231	22	4.3
1527708709.47	4300	59.999136	0.0	2395588	24	4.3
1527708713.58	4300	59.998832	0.0	1972048	20	4.3
1527708717.77	4300	59.748979	0.0	2134614	21	4.3
1527708721.39	4300	59.998147	0.0	2164140	24	4.3
1527708725.49	4300	59.998865	0.0	2113193	18	4.3
1527708729.59	4300	59.998772	0.0	2147852	20	4.3
1527708733.7	4300	59.749649	0.0	2191074	23	4.3
1527708737.81	4300	59.749331	0.0	2286761	25	4.3
1527708741.42	4300	59.997985	0.0	2307787	24	4.3
1527708745.52	4300	59.999269	0.0	2143948	19	4.3
1527708749.63	4300	59.735428	0.0	1919781	20	4.3
1527708753.71	4300	59.748296	0.0	2147467	12	4.3
1527708757.83	4300	59.749579	0.0	2133870	24	4.3
1527708761.44	4300	59.998102	0.0	2146120	23	4.3
1527708766.06	4300	59.498868	0.0	2108491	29	4.3
1527708769.67	4300	59.748781	0.0	2184571	24	4.3
1527708773.78	4300	59.749245	0.0	2121928	25	4.3
1527708777.39	4300	59.999448	0.0	2219102	25	4.3
1527708781.5	4300	59.998919	0.0	2124950	20	4.3
1527708785.6	4300	59.997733	0.0	2246506	22	4.3
1527708789.71	4300	59.748346	0.0	1961140	22	4.3
1527708793.8	4300	59.748036	0.0	2155012	12	4.3
1527708795.39	4300	59.679037	0.0	1433658	15	4.3

1527708795.62	750	4	0.017	668286	3	-0.07309999999999994
1527708795.69	4300	7.977549	0.0	2123065	6	0.75
1527708795.79	4300	11.883757	0.0	2177073	21	4.3
1527708795.86	4300	15.80669	0.0	2160877	12	4.3
1527708795.95	4300	19.721876	0.0	2233056	17	4.3
1527708796.01	4300	23.659262	0.0	1941625	6	4.3
1527708796.08	4300	27.587901	0.0	2157535	6	4.3
1527708796.14	4300	31.522459	0.0	2290172	8	4.3
1527708796.21	4300	35.457422	0.0	2055469	6	4.3
1527708796.28	4300	39.392673	0.0	2169201	7	4.3
1527708796.34	4300	43.328189	0.0	2173522	6	4.3
1527708796.4	4300	47.264248	0.0	2102452	7	4.3
1527708796.47	4300	51.195047	0.0	2209463	7	4.3
1527708796.54	4300	55.132091	0.0	2275376	7	4.3
1527708796.6	4300	59.06716	0.0	2005399	7	4.3
1527708800.2	4300	59.4994	0.0	2152483	14	4.3
1527708804.31	4300	59.499417	0.0	2289689	18	4.3
1527708807.91	4300	59.99904	0.0	2059512	18	4.3
1527708812.02	4300	59.749376	0.0	2220726	24	4.3
1527708816.14	4300	59.748719	0.0	2156729	24	4.3
1527708820.25	4300	59.499675	0.0	2039773	22	4.3
1527708823.86	4300	59.998844	0.0	2176469	24	4.3
1527708827.96	4300	59.748733	0.0	2221506	24	4.3
1527708832.07	4300	59.749104	0.0	2044075	24	4.3
1527708835.68	4300	59.999311	0.0	2186790	23	4.3
1527708839.79	4300	59.999218	0.0	2105231	22	4.3
1527708843.9	4300	59.9991	0.0	2395588	22	4.3
1527708847.98	4300	59.749266	0.0	1972048	11	4.3
1527708852.09	4300	59.749542	0.0	2134614	21	4.3
1527708855.7	4300	59.999202	0.0	2164140	23	4.3
1527708859.82	4300	59.99915	0.0	2113193	23	4.3
