1527738919.77	750	4	0.03	2354772	8	-0.129
1527738919.89	4300	7.96265	0.0	2123065	23	0.75
1527738919.99	4300	11.86405	0.0	2177073	21	4.3
1527738920.06	4300	15.791253	0.0	2160877	10	4.3
1527738920.13	4300	19.718836	0.0	2233056	10	4.3
1527738920.21	4300	23.638196	0.0	1941625	13	4.3
1527738920.28	4300	27.570005	0.0	2157535	10	4.3
1527738920.36	4300	31.495502	0.0	2290172	11	4.3
1527738920.42	4300	35.42987	0.0	2055469	7	4.3
1527738920.49	4300	39.366731	0.0	2169201	7	4.3
1527738920.57	4300	43.277914	0.0	2173522	17	4.3
1527738920.66	4300	47.194755	0.0	2102452	17	4.3
1527738920.73	4300	51.125762	0.0	2209463	8	4.3
1527738920.81	4300	55.046229	0.0	2275376	9	4.3
1527738920.87	4300	58.982073	0.0	2005399	6	4.3
1527738923.94	4300	59.997813	0.0	2152483	7	4.3
1527738928.05	4300	59.997414	0.0	2289689	21	4.3
1527738932.15	4300	59.747642	0.0	2059512	22	4.3
1527738936.26	4300	59.749073	0.0	2220726	25	4.3
1527738939.87	4300	59.999489	0.0	2156729	25	4.3
1527738943.98	4300	59.997604	0.0	2039773	22	4.3
1527738948.08	4300	59.997916	0.0	2176469	25	4.3
1527738952.19	4300	59.749105	0.0	2221506	25	4.3
1527738956.3	4300	59.747935	0.0	2044075	24	4.3
1527738959.91	4300	59.997616	0.0	2186790	23	4.3
1527738964.02	4300	59.999237	0.0	2105231	21	4.3
1527738968.13	4300	59.733933	0.0	2395588	24	4.3
1527738972.23	4300	59.748962	0.0	1972048	24	4.3
1527738976.34	4300	59.749095	0.0	2134614	25	4.3
1527738979.95	4300	59.972324	0.0	2164140	24	4.3
1527738984.06	4300	59.998887	0.0	2113193	23	4.3
1527738988.17	4300	59.749356	0.0	2147852	24	4.3
1527738992.27	4300	59.748038	0.0	2191074	26	4.3
1527738995.88	4300	59.999075	0.0	2286761	27	4.3
1527738999.99	4300	59.998835	0.0	2307787	24	4.3
1527739004.09	4300	59.997617	0.0	2143948	23	4.3
1527739008.2	4300	59.749217	0.0	1919781	21	4.3
1527739012.29	4300	59.749021	0.0	2147467	11	4.3
1527739015.9	4300	59.998394	0.0	2133870	22	4.3
1527739020.02	4300	59.997809	0.0	2146120	20	4.3
1527739024.13	4300	59.749514	0.0	2108491	25	4.3
1527739028.24	4300	59.748936	0.0	2184571	24	4.3
1527739032.35	4300	59.749409	0.0	2121928	26	4.3
1527739035.96	4300	59.997912	0.0	2219102	26	4.3
1527739040.07	4300	59.868337	0.0	2124950	21	4.3
1527739044.17	4300	59.748908	0.0	2246506	23	4.3
1527739048.28	4300	59.748291	0.0	1961140	21	4.3
1527739052.39	4300	59.499052	0.0	2155012	26	4.3
1527739054.0	4300	59.678658	0.0	1433658	36	4.3

1527739054.23	750	4	0.016	668286	3	-0.06879999999999997
1527739054.3	4300	7.981814	0.0	2123065	5	0.75
1527739054.39	4300	11.889901	0.0	2177073	19	4.3
1527739054.47	4300	15.810703	0.0	2160877	15	4.3
1527739054.54	4300	19.739178	0.0	2233056	11	4.3
1527739054.61	4300	23.663166	0.0	1941625	13	4.3
1527739054.69	4300	27.590308	0.0	2157535	9	4.3
1527739054.77	4300	31.507992	0.0	2290172	18	4.3
1527739054.83	4300	35.443506	0.0	2055469	7	4.3
1527739054.9	4300	39.377889	0.0	2169201	8	4.3
1527739054.97	4300	43.310523	0.0	2173522	9	4.3
1527739055.04	4300	47.242737	0.0	2102452	8	4.3
1527739055.1	4300	51.17471	0.0	2209463	9	4.3
1527739055.17	4300	55.107128	0.0	2275376	8	4.3
1527739055.24	4300	59.039867	0.0	2005399	8	4.3
1527739058.31	4300	59.997884	0.0	2152483	9	4.3
1527739062.42	4300	59.999143	0.0	2289689	23	4.3
1527739066.52	4300	59.997752	0.0	2059512	22	4.3
1527739070.63	4300	59.747992	0.0	2220726	25	4.3
1527739074.79	4300	59.748972	0.0	2156729	24	4.3
1527739078.4	4300	59.998785	0.0	2039773	18	4.3
1527739082.52	4300	59.998973	0.0	2176469	24	4.3
1527739086.63	4300	59.749631	0.0	2221506	22	4.3
1527739090.73	4300	59.749236	0.0	2044075	23	4.3
1527739094.34	4300	59.999047	0.0	2186790	24	4.3
1527739098.45	4300	59.999344	0.0	2105231	22	4.3
1527739102.56	4300	59.747436	0.0	2395588	24	4.3
1527739106.64	4300	59.747865	0.0	1972048	10	4.3
1527739110.75	4300	59.749177	0.0	2134614	22	4.3
1527739114.35	4300	59.999413	0.0	2164140	23	4.3
1527739118.46	4300	59.999143	0.0	2113193	21	4.3
1527739122.57	4300	59.749501	0.0	2147852	26	4.3
1527739126.68	4300	59.748538	0.0	2191074	24	4.3
1527739130.78	4300	59.499367	0.0	2286761	26	4.3
1527739134.39	4300	59.999054	0.0	2307787	26	4.3
1527739138.5	4300	59.999326	0.0	2143948	22	4.3
1527739142.6	4300	59.749217	0.0	1919781	23	4.3
1527739146.69	4300	59.749329	0.0	2147467	11	4.3
1527739150.31	4300	59.998362	0.0	2133870	16	4.3
1527739154.91	4300	59.499097	0.0	2146120	17	4.3
1527739158.51	4300	59.997806	0.0	2108491	23	4.3
1527739162.62	4300	59.748882	0.0	2184571	23	4.3
1527739166.74	4300	59.749738	0.0	2121928	23	4.3
1527739170.34	4300	59.999427	0.0	2219102	20	4.3
1527739174.45	4300	59.998636	0.0	2124950	19	4.3
1527739178.55	4300	59.749229	0.0	2246506	19	4.3
1527739182.66	4300	59.747737	0.0	1961140	21	4.3
1527739186.75	4300	59.747909	0.0	2155012	12	4.3
1527739188.34	4300	59.678847	0.0	1433658	14	4.3

1527739188.56	750	4	0.016	668286	3	-0.06879999999999997
1527739188.63	4300	7.980172	0.0	2123065	7	0.75
1527739188.69	4300	11.91426	0.0	2177073	7	4.3
1527739188.78	4300	15.831693	0.0	2160877	16	4.3
1527739188.85	4300	19.762078	0.0	2233056	11	4.3
1527739188.92	4300	23.690684	0.0	1941625	9	4.3
1527739188.98	4300	27.625385	0.0	2157535	7	4.3
1527739189.06	4300	31.555778	0.0	2290172	7	4.3
1527739189.12	4300	35.487896	0.0	2055469	7	4.3
1527739189.19	4300	39.4225	0.0	2169201	7	4.3
1527739189.25	4300	43.357551	0.0	2173522	6	4.3
1527739189.31	4300	47.29476	0.0	2102452	6	4.3
1527739189.38	4300	51.231571	0.0	2209463	7	4.3
1527739189.45	4300	55.166799	0.0	2275376	7	4.3
1527739189.51	4300	59.100378	0.0	2005399	7	4.3
1527739193.09	4300	59.749359	0.0	2152483	7	4.3
1527739196.7	4300	59.999204	0.0	2289689	26	4.3
1527739200.81	4300	59.998396	0.0	2059512	23	4.3
1527739204.91	4300	59.747808	0.0	2220726	25	4.3
1527739209.03	4300	59.748491	0.0	2156729	23	4.3
1527739212.64	4300	59.99869	0.0	2039773	25	4.3
1527739216.74	4300	59.998694	0.0	2176469	22	4.3
1527739220.85	4300	59.999436	0.0	2221506	26	4.3
1527739224.96	4300	59.748906	0.0	2044075	25	4.3
1527739229.07	4300	59.74952	0.0	2186790	24	4.3
1527739232.67	4300	59.997697	0.0	2105231	22	4.3
1527739236.78	4300	59.999018	0.0	2395588	23	4.3
1527739240.97	4300	59.749375	0.0	1972048	23	4.3
1527739245.08	4300	59.748716	0.0	2134614	24	4.3
1527739249.19	4300	59.499218	0.0	2164140	25	4.3
1527739252.84	4300	59.997958	0.0	2113193	24	4.3
1527739256.94	4300	59.748794	0.0	2147852	20	4.3
1527739261.05	4300	59.749321	0.0	2191074	20	4.3
1527739264.66	4300	59.998671	0.0	2286761	26	4.3
1527739269.26	4300	59.498625	0.0	2307787	22	4.3
1527739272.87	4300	59.748076	0.0	2143948	22	4.3
1527739276.97	4300	59.749172	0.0	1919781	19	4.3
1527739281.08	4300	59.748307	0.0	2147467	24	4.3
1527739285.19	4300	59.499543	0.0	2133870	23	4.3
1527739288.81	4300	59.998541	0.0	2146120	24	4.3
1527739292.92	4300	59.749299	0.0	2108491	24	4.3
