1527689696.27	750	4	0.011	450283	1	-0.04730000000000001
1527689696.41	4300	7.951395	0.0	2123065	18	0.75
1527689696.51	4300	11.856627	0.0	2177073	20	4.3
1527689696.59	4300	15.778391	0.0	2160877	15	4.3
1527689696.66	4300	19.704164	0.0	2233056	11	4.3
1527689696.75	4300	23.614469	0.0	1941625	18	4.3
1527689696.82	4300	27.539452	0.0	2157535	12	4.3
1527689696.9	4300	31.466559	0.0	2290172	12	4.3
1527689696.97	4300	35.395428	0.0	2055469	8	4.3
1527689697.03	4300	39.329761	0.0	2169201	7	4.3
1527689697.1	4300	43.265049	0.0	2173522	7	4.3
1527689697.19	4300	47.173285	0.0	2102452	20	4.3
1527689697.27	4300	51.091826	0.0	2209463	15	4.3
1527689697.34	4300	55.024795	0.0	2275376	9	4.3
1527689697.43	4300	58.935904	0.0	2005399	19	4.3
1527689700.59	4300	59.999137	0.0	2152483	12	4.3
1527689704.71	4300	59.748409	0.0	2289689	27	4.3
1527689708.81	4300	59.749529	0.0	2059512	23	4.3
1527689712.41	4300	59.997686	0.0	2220726	18	4.3
1527689716.51	4300	59.998126	0.0	2156729	17	4.3
1527689720.62	4300	59.997497	0.0	2039773	18	4.3
1527689724.72	4300	59.74838	0.0	2176469	21	4.3
1527689728.83	4300	59.748669	0.0	2221506	24	4.3
1527689732.44	4300	59.999326	0.0	2044075	22	4.3
1527689736.54	4300	59.999308	0.0	2186790	23	4.3
1527689740.65	4300	59.748348	0.0	2105231	25	4.3
1527689744.76	4300	59.748576	0.0	2395588	26	4.3
1527689748.85	4300	59.748144	0.0	1972048	11	4.3
1527689752.45	4300	59.998517	0.0	2134614	22	4.3
1527689757.06	4300	59.49862	0.0	2164140	19	4.3
1527689760.67	4300	59.749496	0.0	2113193	22	4.3
1527689764.77	4300	59.748977	0.0	2147852	21	4.3
1527689768.38	4300	59.998695	0.0	2191074	24	4.3
1527689772.48	4300	59.999284	0.0	2286761	24	4.3
1527689776.59	4300	59.998719	0.0	2307787	25	4.3
1527689780.7	4300	59.748908	0.0	2143948	22	4.3
1527689784.81	4300	59.748697	0.0	1919781	20	4.3
1527689788.43	4300	59.999321	0.0	2147467	12	4.3
1527689792.54	4300	59.998422	0.0	2133870	23	4.3
1527689796.66	4300	59.749221	0.0	2146120	25	4.3
1527689800.77	4300	59.748459	0.0	2108491	27	4.3
1527689804.38	4300	59.998572	0.0	2184571	23	4.3
1527689808.48	4300	59.998473	0.0	2121928	20	4.3
1527689812.59	4300	59.998554	0.0	2219102	25	4.3
1527689816.7	4300	59.748325	0.0	2124950	24	4.3
1527689820.8	4300	59.748974	0.0	2246506	25	4.3
1527689824.41	4300	59.997772	0.0	1961140	20	4.3
1527689828.52	4300	59.999353	0.0	2155012	25	4.3
1527689830.62	4300	59.678991	0.0	1433658	16	4.3

1527689830.85	750	4	0.019	668286	2	-0.0817
1527689830.95	4300	7.956612	0.0	2123065	13	0.75
1527689831.04	4300	11.861307	0.0	2177073	24	4.3
1527689831.13	4300	15.769071	0.0	2160877	23	4.3
1527689831.21	4300	19.69144	0.0	2233056	11	4.3
1527689831.28	4300	23.626718	0.0	1941625	5	4.3
1527689831.37	4300	27.536451	0.0	2157535	15	4.3
1527689831.43	4300	31.469318	0.0	2290172	8	4.3
1527689831.5	4300	35.404351	0.0	2055469	8	4.3
1527689831.58	4300	39.320843	0.0	2169201	19	4.3
1527689831.65	4300	43.25287	0.0	2173522	10	4.3
1527689831.75	4300	47.15842	0.0	2102452	19	4.3
1527689831.82	4300	51.079876	0.0	2209463	14	4.3
1527689831.89	4300	55.012314	0.0	2275376	9	4.3
1527689831.98	4300	58.92456	0.0	2005399	19	4.3
1527689835.08	4300	59.998616	0.0	2152483	22	4.3
1527689839.19	4300	59.747995	0.0	2289689	18	4.3
1527689843.3	4300	59.749052	0.0	2059512	22	4.3
1527689847.41	4300	59.499015	0.0	2220726	26	4.3
1527689851.02	4300	59.999491	0.0	2156729	26	4.3
1527689855.13	4300	59.998541	0.0	2039773	22	4.3
1527689859.24	4300	59.749517	0.0	2176469	26	4.3
1527689863.35	4300	59.749417	0.0	2221506	24	4.3
1527689867.46	4300	59.498789	0.0	2044075	22	4.3
1527689871.07	4300	59.998452	0.0	2186790	24	4.3
1527689875.17	4300	59.749324	0.0	2105231	19	4.3
1527689879.28	4300	59.749004	0.0	2395588	25	4.3
1527689883.37	4300	59.749318	0.0	1972048	11	4.3
1527689886.97	4300	59.998314	0.0	2134614	20	4.3
1527689891.08	4300	59.935405	0.0	2164140	20	4.3
1527689895.18	4300	59.749311	0.0	2113193	22	4.3
1527689899.29	4300	59.748844	0.0	2147852	24	4.3
1527689903.4	4300	59.749226	0.0	2191074	26	4.3
1527689907.01	4300	59.999125	0.0	2286761	27	4.3
1527689911.12	4300	59.999026	0.0	2307787	22	4.3
1527689915.22	4300	59.749492	0.0	2143948	22	4.3
1527689919.33	4300	59.748699	0.0	1919781	24	4.3
1527689922.91	4300	59.99902	0.0	2147467	10	4.3
1527689927.07	4300	59.998667	0.0	2133870	20	4.3
1527689931.18	4300	59.747709	0.0	2146120	27	4.3
1527689935.28	4300	59.748212	0.0	2108491	23	4.3
1527689939.4	4300	59.748788	0.0	2184571	25	4.3
1527689943.01	4300	59.998409	0.0	2121928	26	4.3
1527689947.62	4300	59.499395	0.0	2219102	22	4.3
1527689951.32	4300	59.703341	0.0	2124950	25	4.3
1527689954.96	4300	59.999234	0.0	2246506	21	4.3
1527689959.06	4300	59.999207	0.0	1961140	13	4.3
1527689963.17	4300	59.748639	0.0	2155012	22	4.3
1527689964.76	4300	59.929181	0.0	1433658	17	4.3

1527689964.98	750	4	0.019	668286	3	-0.0817
1527689965.1	4300	7.944142	0.0	2123065	20	0.75
1527689965.19	4300	11.854206	0.0	2177073	19	4.3
1527689965.26	4300	15.776325	0.0	2160877	12	4.3
1527689965.33	4300	19.706552	0.0	2233056	10	4.3
1527689965.4	4300	23.637657	0.0	1941625	8	4.3
1527689965.49	4300	27.553923	0.0	2157535	16	4.3
1527689965.57	4300	31.472624	0.0	2290172	17	4.3
1527689965.64	4300	35.40629	0.0	2055469	8	4.3
1527689965.72	4300	39.315832	0.0	2169201	19	4.3
1527689965.81	4300	43.225898	0.0	2173522	21	4.3
1527689965.9	4300	47.137334	0.0	2102452	19	4.3
1527689965.98	4300	51.061459	0.0	2209463	12	4.3
1527689966.06	4300	54.979983	0.0	2275376	15	4.3
1527689966.14	4300	58.901723	0.0	2005399	13	4.3
1527689969.23	4300	59.999348	0.0	2152483	19	4.3
1527689973.34	4300	59.749372	0.0	2289689	21	4.3
1527689977.45	4300	59.748456	0.0	2059512	20	4.3
1527689981.05	4300	59.999045	0.0	2220726	25	4.3
1527689985.16	4300	59.998176	0.0	2156729	22	4.3
1527689989.26	4300	59.998048	0.0	2039773	23	4.3
1527689993.37	4300	59.749311	0.0	2176469	25	4.3
1527689997.48	4300	59.748113	0.0	2221506	24	4.3
1527690001.09	4300	59.998193	0.0	2044075	23	4.3
1527690005.2	4300	59.997721	0.0	2186790	23	4.3
1527690009.3	4300	59.749612	0.0	2105231	23	4.3
1527690013.41	4300	59.749531	0.0	2395588	26	4.3
1527690017.49	4300	59.749409	0.0	1972048	9	4.3
