1527783928.24	750	4	0.014	450283	1	-0.06020000000000003
1527783928.38	4300	7.951839	0.0	2123065	20	0.75
1527783928.45	4300	11.876323	0.0	2177073	12	4.3
1527783928.53	4300	15.80256	0.0	2160877	11	4.3
1527783928.61	4300	19.723826	0.0	2233056	12	4.3
1527783928.67	4300	23.660336	0.0	1941625	6	4.3
1527783928.73	4300	27.596038	0.0	2157535	7	4.3
1527783928.8	4300	31.532321	0.0	2290172	8	4.3
1527783928.86	4300	35.46616	0.0	2055469	7	4.3
1527783928.93	4300	39.401066	0.0	2169201	7	4.3
1527783929.0	4300	43.327354	0.0	2173522	12	4.3
1527783929.07	4300	47.261986	0.0	2102452	7	4.3
1527783929.13	4300	51.19722	0.0	2209463	8	4.3
1527783929.2	4300	55.131407	0.0	2275376	8	4.3
1527783929.26	4300	59.070043	0.0	2005399	6	4.3
1527783932.34	4300	59.99912	0.0	2152483	6	4.3
1527783936.43	4300	59.999376	0.0	2289689	18	4.3
1527783940.54	4300	59.99941	0.0	2059512	25	4.3
1527783944.66	4300	59.748835	0.0	2220726	24	4.3
1527783948.77	4300	59.749379	0.0	2156729	23	4.3
1527783952.88	4300	59.497959	0.0	2039773	23	4.3
1527783956.58	4300	59.999126	0.0	2176469	24	4.3
1527783960.72	4300	59.748861	0.0	2221506	15	4.3
1527783964.81	4300	59.748937	0.0	2044075	14	4.3
1527783968.47	4300	59.999157	0.0	2186790	25	4.3
1527783972.59	4300	59.749247	0.0	2105231	23	4.3
1527783976.69	4300	59.748307	0.0	2395588	25	4.3
1527783980.8	4300	59.749257	0.0	1972048	22	4.3
1527783984.91	4300	59.498372	0.0	2134614	22	4.3
1527783988.52	4300	59.998721	0.0	2164140	25	4.3
1527783992.63	4300	59.748394	0.0	2113193	24	4.3
1527783996.74	4300	59.748556	0.0	2147852	23	4.3
1527784000.34	4300	59.997842	0.0	2191074	26	4.3
1527784004.45	4300	59.997958	0.0	2286761	25	4.3
1527784008.56	4300	59.997962	0.0	2307787	24	4.3
1527784012.67	4300	59.748164	0.0	2143948	25	4.3
1527784016.78	4300	59.748633	0.0	1919781	21	4.3
1527784020.36	4300	59.998478	0.0	2147467	12	4.3
1527784024.47	4300	59.998577	0.0	2133870	21	4.3
1527784028.57	4300	59.998792	0.0	2146120	19	4.3
1527784032.68	4300	59.749619	0.0	2108491	22	4.3
1527784036.79	4300	59.749169	0.0	2184571	22	4.3
1527784040.4	4300	59.999198	0.0	2121928	24	4.3
1527784044.5	4300	59.998293	0.0	2219102	23	4.3
1527784048.61	4300	59.748758	0.0	2124950	24	4.3
1527784052.79	4300	59.749502	0.0	2246506	23	4.3
1527784056.39	4300	59.99888	0.0	1961140	22	4.3
1527784060.49	4300	59.997588	0.0	2155012	22	4.3
1527784062.09	4300	59.928705	0.0	1433658	17	4.3

1527784062.28	750	4	0.015	668286	4	-0.0645
1527784062.35	4300	7.978687	0.0	2123065	7	0.75
1527784062.42	4300	11.913197	0.0	2177073	6	4.3
1527784062.49	4300	15.843363	0.0	2160877	6	4.3
1527784062.55	4300	19.77849	0.0	2233056	8	4.3
1527784062.61	4300	23.715863	0.0	1941625	8	4.3
1527784062.7	4300	27.628231	0.0	2157535	15	4.3
1527784062.78	4300	31.55243	0.0	2290172	7	4.3
1527784062.84	4300	35.487069	0.0	2055469	8	4.3
1527784062.91	4300	39.42103	0.0	2169201	7	4.3
1527784062.98	4300	43.3562	0.0	2173522	7	4.3
1527784063.04	4300	47.290102	0.0	2102452	7	4.3
1527784063.11	4300	51.223981	0.0	2209463	8	4.3
1527784063.17	4300	55.158936	0.0	2275376	8	4.3
1527784063.24	4300	59.093123	0.0	2005399	8	4.3
1527784066.82	4300	59.749631	0.0	2152483	6	4.3
1527784070.93	4300	59.499343	0.0	2289689	24	4.3
1527784075.04	4300	59.498667	0.0	2059512	25	4.3
1527784078.65	4300	59.749209	0.0	2220726	25	4.3
1527784082.75	4300	59.748093	0.0	2156729	20	4.3
1527784086.36	4300	59.999389	0.0	2039773	25	4.3
1527784090.46	4300	59.997777	0.0	2176469	21	4.3
1527784094.58	4300	59.99816	0.0	2221506	25	4.3
1527784098.68	4300	59.749599	0.0	2044075	22	4.3
1527784102.79	4300	59.748391	0.0	2186790	25	4.3
1527784106.4	4300	59.999325	0.0	2105231	23	4.3
1527784110.5	4300	59.998582	0.0	2395588	24	4.3
1527784114.61	4300	59.748249	0.0	1972048	23	4.3
1527784118.72	4300	59.748963	0.0	2134614	26	4.3
1527784122.83	4300	59.749585	0.0	2164140	25	4.3
1527784126.44	4300	59.99948	0.0	2113193	24	4.3
1527784131.05	4300	59.497672	0.0	2147852	22	4.3
1527784134.66	4300	59.749421	0.0	2191074	25	4.3
1527784138.76	4300	59.749373	0.0	2286761	22	4.3
1527784142.37	4300	59.999339	0.0	2307787	28	4.3
1527784146.45	4300	59.9988	0.0	2143948	8	4.3
1527784150.55	4300	59.997824	0.0	1919781	17	4.3
1527784154.65	4300	59.749378	0.0	2147467	14	4.3
1527784158.75	4300	59.748174	0.0	2133870	21	4.3
1527784162.35	4300	59.999062	0.0	2146120	23	4.3
1527784166.46	4300	59.998034	0.0	2108491	22	4.3
1527784170.57	4300	59.999117	0.0	2184571	22	4.3
1527784174.67	4300	59.748785	0.0	2121928	25	4.3
1527784178.78	4300	59.749682	0.0	2219102	26	4.3
1527784182.39	4300	59.999331	0.0	2124950	23	4.3
1527784186.5	4300	59.99924	0.0	2246506	22	4.3
1527784190.6	4300	59.746533	0.0	1961140	20	4.3
1527784194.69	4300	59.74955	0.0	2155012	11	4.3
1527784196.29	4300	59.92942	0.0	1433658	16	4.3

1527784196.52	750	4	0.017	668286	1	-0.07309999999999994
1527784196.59	4300	7.979864	0.0	2123065	6	0.75
1527784196.68	4300	11.886711	0.0	2177073	19	4.3
1527784196.76	4300	15.807494	0.0	2160877	13	4.3
1527784196.84	4300	19.722927	0.0	2233056	19	4.3
1527784196.91	4300	23.659928	0.0	1941625	7	4.3
1527784196.98	4300	27.588473	0.0	2157535	8	4.3
1527784197.05	4300	31.517593	0.0	2290172	7	4.3
1527784197.12	4300	35.449528	0.0	2055469	6	4.3
1527784197.19	4300	39.382716	0.0	2169201	8	4.3
1527784197.25	4300	43.315848	0.0	2173522	7	4.3
1527784197.32	4300	47.249368	0.0	2102452	7	4.3
1527784197.38	4300	51.182064	0.0	2209463	7	4.3
1527784197.45	4300	55.116048	0.0	2275376	9	4.3
1527784197.51	4300	59.052728	0.0	2005399	7	4.3
1527784200.6	4300	59.999087	0.0	2152483	9	4.3
1527784204.71	4300	59.999105	0.0	2289689	20	4.3
1527784208.82	4300	59.998338	0.0	2059512	22	4.3
1527784212.93	4300	59.749617	0.0	2220726	25	4.3
1527784217.03	4300	59.749231	0.0	2156729	25	4.3
1527784220.64	4300	59.998825	0.0	2039773	21	4.3
