1527658277.09	750	4	0.024	2354772	10	-0.10319999999999996
1527658277.23	4300	7.96445	0.0	2123065	23	0.75
1527658277.37	4300	11.820685	0.0	2177073	25	4.3
1527658277.51	4300	15.68486	0.0	2160877	15	4.3
1527658277.66	4300	19.540156	0.0	2233056	24	4.3
1527658277.8	4300	23.395083	0.0	1941625	22	4.3
1527658277.95	4300	27.247004	0.0	2157535	26	4.3
1527658278.1	4300	31.096134	0.0	2290172	26	4.3
1527658278.25	4300	34.949649	0.0	2055469	25	4.3
1527658278.38	4300	38.8132	0.0	2169201	19	4.3
1527658278.52	4300	42.673786	0.0	2173522	20	4.3
1527658278.68	4300	46.520506	0.0	2102452	20	4.3
1527658278.82	4300	50.375027	0.0	2209463	25	4.3
1527658279.0	4300	54.208406	0.0	2275376	24	4.3
1527658279.15	4300	58.049545	0.0	2005399	23	4.3
1527658281.31	4300	59.998401	0.0	2152483	26	4.3
1527658285.51	4300	59.74878	0.0	2289689	27	4.3
1527658289.67	4300	59.749171	0.0	2059512	25	4.3
1527658293.32	4300	59.997579	0.0	2220726	19	4.3
1527658297.47	4300	59.749093	0.0	2156729	16	4.3
1527658301.62	4300	59.749208	0.0	2039773	18	4.3
1527658305.28	4300	59.998657	0.0	2176469	28	4.3
1527658309.94	4300	59.498085	0.0	2221506	26	4.3
1527658313.59	4300	59.748829	0.0	2044075	24	4.3
1527658317.25	4300	59.999073	0.0	2186790	26	4.3
1527658321.42	4300	59.998854	0.0	2105231	24	4.3
1527658325.58	4300	59.747678	0.0	2395588	30	4.3
1527658329.23	4300	59.999451	0.0	1972048	18	4.3
1527658333.39	4300	59.997892	0.0	2134614	22	4.3
1527658337.55	4300	59.74808	0.0	2164140	24	4.3
1527658341.2	4300	59.998728	0.0	2113193	20	4.3
1527658345.34	4300	59.997776	0.0	2147852	12	4.3
1527658349.5	4300	59.748287	0.0	2191074	23	4.3
1527658353.66	4300	59.749319	0.0	2286761	25	4.3
1527658357.31	4300	59.999168	0.0	2307787	22	4.3
1527658361.47	4300	59.748602	0.0	2143948	23	4.3
1527658365.66	4300	59.748552	0.0	1919781	22	4.3
1527658369.31	4300	59.997847	0.0	2147467	22	4.3
1527658373.48	4300	59.747831	0.0	2133870	41	4.3
1527658377.23	4300	59.998769	0.0	2146120	25	4.3
1527658381.38	4300	59.999215	0.0	2108491	24	4.3
1527658385.55	4300	59.749177	0.0	2184571	27	4.3
1527658389.25	4300	59.998903	0.0	2121928	25	4.3
1527658393.41	4300	59.997696	0.0	2219102	27	4.3
1527658397.56	4300	59.749142	0.0	2124950	21	4.3
1527658401.2	4300	59.998945	0.0	2246506	21	4.3
1527658405.35	4300	59.998721	0.0	1961140	23	4.3
1527658409.47	4300	59.748762	0.0	2155012	21	4.3
1527658411.08	4300	59.929215	0.0	1433658	17	4.3

1527658411.31	750	4	0.019	668286	5	-0.0817
1527658411.46	4300	7.953443	0.0	2123065	19	0.75
1527658411.6	4300	11.809654	0.0	2177073	26	4.3
1527658411.75	4300	15.666016	0.0	2160877	20	4.3
1527658411.9	4300	19.516284	0.0	2233056	20	4.3
1527658412.05	4300	23.367089	0.0	1941625	21	4.3
1527658412.18	4300	27.233011	0.0	2157535	20	4.3
1527658412.33	4300	31.085958	0.0	2290172	21	4.3
1527658412.48	4300	34.93758	0.0	2055469	22	4.3
1527658412.62	4300	38.794419	0.0	2169201	25	4.3
1527658412.77	4300	42.646656	0.0	2173522	25	4.3
1527658412.92	4300	46.495701	0.0	2102452	27	4.3
1527658413.07	4300	50.344768	0.0	2209463	29	4.3
1527658413.23	4300	54.186398	0.0	2275376	22	4.3
1527658413.37	4300	58.040167	0.0	2005399	23	4.3
1527658415.54	4300	59.997889	0.0	2152483	12	4.3
1527658419.69	4300	59.747955	0.0	2289689	26	4.3
1527658423.85	4300	59.749383	0.0	2059512	19	4.3
1527658427.5	4300	59.998847	0.0	2220726	26	4.3
1527658432.16	4300	59.499381	0.0	2156729	23	4.3
1527658435.81	4300	59.748219	0.0	2039773	24	4.3
1527658439.47	4300	59.999038	0.0	2176469	26	4.3
1527658443.63	4300	59.999464	0.0	2221506	28	4.3
1527658447.8	4300	59.748455	0.0	2044075	23	4.3
1527658451.45	4300	59.997671	0.0	2186790	23	4.3
1527658455.61	4300	59.99935	0.0	2105231	25	4.3
1527658459.78	4300	59.747944	0.0	2395588	28	4.3
1527658463.44	4300	59.997833	0.0	1972048	25	4.3
1527658467.6	4300	59.999334	0.0	2134614	26	4.3
1527658471.75	4300	59.749463	0.0	2164140	22	4.3
1527658475.42	4300	59.998769	0.0	2113193	24	4.3
1527658479.57	4300	59.998837	0.0	2147852	23	4.3
1527658483.72	4300	59.749476	0.0	2191074	20	4.3
1527658487.88	4300	59.748214	0.0	2286761	27	4.3
1527658491.53	4300	59.998441	0.0	2307787	24	4.3
1527658495.69	4300	59.749022	0.0	2143948	25	4.3
1527658499.83	4300	59.749124	0.0	1919781	18	4.3
1527658503.99	4300	59.498591	0.0	2147467	25	4.3
1527658507.65	4300	59.998505	0.0	2133870	25	4.3
1527658511.8	4300	59.748757	0.0	2146120	22	4.3
1527658515.46	4300	59.999167	0.0	2108491	25	4.3
1527658519.62	4300	59.998318	0.0	2184571	26	4.3
1527658523.77	4300	59.74872	0.0	2121928	23	4.3
1527658527.43	4300	59.999264	0.0	2219102	25	4.3
1527658532.09	4300	59.499016	0.0	2124950	24	4.3
1527658535.73	4300	59.749354	0.0	2246506	15	4.3
1527658539.87	4300	59.748332	0.0	1961140	23	4.3
1527658543.5	4300	59.998029	0.0	2155012	22	4.3
1527658545.61	4300	59.677973	0.0	1433658	17	4.3

1527658545.83	750	4	0.015	668286	2	-0.0645
1527658546.0	4300	7.951521	0.0	2123065	15	0.75
1527658546.15	4300	11.798112	0.0	2177073	27	4.3
1527658546.31	4300	15.642349	0.0	2160877	30	4.3
1527658546.46	4300	19.494492	0.0	2233056	27	4.3
1527658546.6	4300	23.349632	0.0	1941625	22	4.3
1527658546.75	4300	27.209678	0.0	2157535	20	4.3
1527658546.89	4300	31.065017	0.0	2290172	18	4.3
1527658547.02	4300	34.925521	0.0	2055469	22	4.3
1527658547.18	4300	38.771384	0.0	2169201	20	4.3
1527658547.33	4300	42.622888	0.0	2173522	23	4.3
1527658547.47	4300	46.480667	0.0	2102452	23	4.3
1527658547.63	4300	50.326214	0.0	2209463	26	4.3
1527658547.77	4300	54.17802	0.0	2275376	28	4.3
1527658547.92	4300	58.032122	0.0	2005399	23	4.3
1527658550.57	4300	59.498217	0.0	2152483	11	4.3
1527658554.23	4300	59.748755	0.0	2289689	27	4.3
1527658558.39	4300	59.748582	0.0	2059512	21	4.3
1527658562.04	4300	59.998989	0.0	2220726	19	4.3
1527658566.22	4300	59.748369	0.0	2156729	24	4.3
1527658570.39	4300	59.747778	0.0	2039773	24	4.3
1527658574.03	4300	59.998411	0.0	2176469	20	4.3
1527658578.19	4300	59.998215	0.0	2221506	25	4.3
1527658582.34	4300	59.747891	0.0	2044075	19	4.3
1527658585.99	4300	59.999265	0.0	2186790	27	4.3
1527658590.15	4300	59.998876	0.0	2105231	15	4.3
1527658594.3	4300	59.748898	0.0	2395588	27	4.3
1527658598.45	4300	59.749481	0.0	1972048	21	4.3
1527658602.61	4300	59.49943	0.0	2134614	23	4.3
1527658606.26	4300	59.749056	0.0	2164140	17	4.3
1527658610.42	4300	59.74899	0.0	2113193	22	4.3
1527658614.08	4300	59.999121	0.0	2147852	25	4.3
1527658618.24	4300	59.748704	0.0	2191074	28	4.3
