1527766565.35	750	4	0.016	450283	2	-0.06879999999999997
1527766565.48	4300	7.957228	0.0	2123065	14	0.75
1527766565.58	4300	11.855064	0.0	2177073	23	4.3
1527766565.66	4300	15.777373	0.0	2160877	11	4.3
1527766565.72	4300	19.711258	0.0	2233056	6	4.3
1527766565.79	4300	23.647157	0.0	1941625	6	4.3
1527766565.85	4300	27.584276	0.0	2157535	6	4.3
1527766565.91	4300	31.522227	0.0	2290172	7	4.3
1527766565.98	4300	35.457281	0.0	2055469	7	4.3
1527766566.04	4300	39.392796	0.0	2169201	8	4.3
1527766566.11	4300	43.327866	0.0	2173522	8	4.3
1527766566.17	4300	47.265173	0.0	2102452	6	4.3
1527766566.23	4300	51.200196	0.0	2209463	7	4.3
1527766566.3	4300	55.137705	0.0	2275376	7	4.3
1527766566.36	4300	59.073829	0.0	2005399	6	4.3
1527766569.94	4300	59.498202	0.0	2152483	7	4.3
1527766573.54	4300	59.999363	0.0	2289689	20	4.3
1527766578.15	4300	59.498555	0.0	2059512	20	4.3
1527766581.76	4300	59.749541	0.0	2220726	26	4.3
1527766585.86	4300	59.748001	0.0	2156729	22	4.3
1527766589.47	4300	59.99768	0.0	2039773	23	4.3
1527766593.57	4300	59.998177	0.0	2176469	23	4.3
1527766597.66	4300	59.997708	0.0	2221506	14	4.3
1527766601.76	4300	59.748551	0.0	2044075	18	4.3
1527766605.87	4300	59.748623	0.0	2186790	23	4.3
1527766609.48	4300	59.999096	0.0	2105231	24	4.3
1527766613.58	4300	59.999218	0.0	2395588	26	4.3
1527766617.7	4300	59.748613	0.0	1972048	20	4.3
1527766621.8	4300	59.748865	0.0	2134614	22	4.3
1527766625.92	4300	59.74868	0.0	2164140	26	4.3
1527766629.52	4300	59.999334	0.0	2113193	21	4.3
1527766633.63	4300	59.999289	0.0	2147852	21	4.3
1527766637.73	4300	59.749317	0.0	2191074	21	4.3
1527766641.84	4300	59.748946	0.0	2286761	26	4.3
1527766645.45	4300	59.998965	0.0	2307787	25	4.3
1527766649.56	4300	59.998686	0.0	2143948	19	4.3
1527766654.16	4300	59.499507	0.0	1919781	22	4.3
1527766657.77	4300	59.748675	0.0	2147467	24	4.3
1527766661.88	4300	59.749032	0.0	2133870	25	4.3
1527766665.99	4300	59.498886	0.0	2146120	23	4.3
1527766669.6	4300	59.999016	0.0	2108491	23	4.3
1527766673.71	4300	59.749441	0.0	2184571	23	4.3
1527766677.81	4300	59.748848	0.0	2121928	22	4.3
1527766681.92	4300	59.748975	0.0	2219102	25	4.3
1527766685.53	4300	59.950006	0.0	2124950	23	4.3
1527766689.63	4300	59.999266	0.0	2246506	26	4.3
1527766693.74	4300	59.748681	0.0	1961140	21	4.3
1527766697.85	4300	59.749109	0.0	2155012	23	4.3
1527766699.46	4300	59.679257	0.0	1433658	36	4.3

1527766699.67	750	4	0.012	668286	3	-0.05159999999999998
1527766699.74	4300	7.980242	0.0	2123065	8	0.75
1527766699.83	4300	11.893404	0.0	2177073	17	4.3
1527766699.9	4300	15.821085	0.0	2160877	9	4.3
1527766700.0	4300	19.721654	0.0	2233056	28	4.3
1527766700.07	4300	23.64832	0.0	1941625	10	4.3
1527766700.16	4300	27.559088	0.0	2157535	15	4.3
1527766700.24	4300	31.477052	0.0	2290172	9	4.3
1527766700.3	4300	35.414066	0.0	2055469	7	4.3
1527766700.37	4300	39.350371	0.0	2169201	7	4.3
1527766700.43	4300	43.288765	0.0	2173522	6	4.3
1527766700.52	4300	47.203273	0.0	2102452	18	4.3
1527766700.58	4300	51.131338	0.0	2209463	10	4.3
1527766700.66	4300	55.06091	0.0	2275376	10	4.3
1527766700.73	4300	58.989257	0.0	2005399	9	4.3
1527766703.84	4300	59.998304	0.0	2152483	24	4.3
1527766707.94	4300	59.9986	0.0	2289689	20	4.3
1527766712.04	4300	59.749497	0.0	2059512	23	4.3
1527766716.15	4300	59.749359	0.0	2220726	25	4.3
1527766719.74	4300	59.998033	0.0	2156729	14	4.3
1527766724.34	4300	59.499524	0.0	2039773	17	4.3
1527766727.95	4300	59.999041	0.0	2176469	24	4.3
1527766732.05	4300	59.749623	0.0	2221506	25	4.3
1527766736.16	4300	59.74877	0.0	2044075	23	4.3
1527766740.27	4300	59.499724	0.0	2186790	25	4.3
1527766743.88	4300	59.999138	0.0	2105231	23	4.3
1527766747.99	4300	59.749026	0.0	2395588	25	4.3
1527766752.09	4300	59.748473	0.0	1972048	23	4.3
1527766756.2	4300	59.748763	0.0	2134614	24	4.3
1527766759.81	4300	59.921282	0.0	2164140	23	4.3
1527766764.41	4300	59.498869	0.0	2113193	23	4.3
1527766768.01	4300	59.749586	0.0	2147852	19	4.3
1527766772.11	4300	59.747828	0.0	2191074	19	4.3
1527766776.22	4300	59.749464	0.0	2286761	21	4.3
1527766779.83	4300	59.999166	0.0	2307787	24	4.3
1527766784.43	4300	59.499139	0.0	2143948	21	4.3
1527766788.03	4300	59.747882	0.0	1919781	20	4.3
1527766792.12	4300	59.748934	0.0	2147467	9	4.3
1527766795.73	4300	59.999272	0.0	2133870	23	4.3
1527766799.83	4300	59.998068	0.0	2146120	19	4.3
1527766804.0	4300	59.997951	0.0	2108491	23	4.3
1527766808.11	4300	59.748859	0.0	2184571	21	4.3
1527766812.22	4300	59.748742	0.0	2121928	22	4.3
1527766815.85	4300	59.999277	0.0	2219102	24	4.3
1527766820.01	4300	59.749331	0.0	2124950	22	4.3
1527766824.11	4300	59.749773	0.0	2246506	23	4.3
1527766828.23	4300	59.748008	0.0	1961140	15	4.3
1527766831.81	4300	59.998723	0.0	2155012	11	4.3
