1527773777.26	750	4	0.017	450283	4	-0.07309999999999994
1527773777.39	4300	7.955728	0.0	2123065	13	0.75
1527773777.49	4300	11.858074	0.0	2177073	23	4.3
1527773777.56	4300	15.780436	0.0	2160877	11	4.3
1527773777.67	4300	19.676051	0.0	2233056	24	4.3
1527773777.74	4300	23.60292	0.0	1941625	11	4.3
1527773777.81	4300	27.536639	0.0	2157535	7	4.3
1527773777.89	4300	31.457414	0.0	2290172	13	4.3
1527773777.97	4300	35.382636	0.0	2055469	12	4.3
1527773778.03	4300	39.311898	0.0	2169201	8	4.3
1527773778.09	4300	43.248248	0.0	2173522	7	4.3
1527773778.16	4300	47.185697	0.0	2102452	6	4.3
1527773778.22	4300	51.120296	0.0	2209463	8	4.3
1527773778.29	4300	55.056597	0.0	2275376	7	4.3
1527773778.35	4300	58.994609	0.0	2005399	6	4.3
1527773781.44	4300	59.998089	0.0	2152483	7	4.3
1527773785.55	4300	59.998499	0.0	2289689	26	4.3
1527773789.66	4300	59.74757	0.0	2059512	23	4.3
1527773793.77	4300	59.749237	0.0	2220726	25	4.3
1527773797.38	4300	59.999057	0.0	2156729	25	4.3
1527773801.48	4300	59.998511	0.0	2039773	19	4.3
1527773805.6	4300	59.747356	0.0	2176469	23	4.3
1527773809.71	4300	59.749309	0.0	2221506	22	4.3
1527773813.81	4300	59.747406	0.0	2044075	22	4.3
1527773817.42	4300	59.998983	0.0	2186790	25	4.3
1527773821.63	4300	59.998869	0.0	2105231	20	4.3
1527773825.74	4300	59.747604	0.0	2395588	21	4.3
1527773829.82	4300	59.748673	0.0	1972048	10	4.3
1527773833.44	4300	59.998708	0.0	2134614	24	4.3
1527773837.54	4300	59.999022	0.0	2164140	25	4.3
1527773841.66	4300	59.748849	0.0	2113193	22	4.3
1527773845.76	4300	59.748663	0.0	2147852	25	4.3
1527773849.37	4300	59.99924	0.0	2191074	24	4.3
1527773853.47	4300	59.997512	0.0	2286761	20	4.3
1527773857.58	4300	59.999266	0.0	2307787	26	4.3
1527773861.68	4300	59.748168	0.0	2143948	15	4.3
1527773865.79	4300	59.749117	0.0	1919781	14	4.3
1527773869.38	4300	59.998584	0.0	2147467	12	4.3
1527773873.49	4300	59.9989	0.0	2133870	24	4.3
1527773877.6	4300	59.998423	0.0	2146120	22	4.3
1527773881.7	4300	59.748343	0.0	2108491	23	4.3
1527773885.81	4300	59.749062	0.0	2184571	23	4.3
1527773889.42	4300	59.998426	0.0	2121928	26	4.3
1527773893.53	4300	59.998677	0.0	2219102	23	4.3
1527773897.63	4300	59.749015	0.0	2124950	23	4.3
1527773901.75	4300	59.74925	0.0	2246506	23	4.3
1527773905.35	4300	59.997928	0.0	1961140	19	4.3
1527773909.45	4300	59.999232	0.0	2155012	23	4.3
1527773911.54	4300	59.678507	0.0	1433658	16	4.3

1527773911.85	750	4	0.015	668286	2	-0.0645
1527773911.94	4300	7.96232	0.0	2123065	14	0.75
1527773912.01	4300	11.895952	0.0	2177073	8	4.3
1527773912.08	4300	15.826698	0.0	2160877	9	4.3
1527773912.17	4300	19.74337	0.0	2233056	17	4.3
1527773912.24	4300	23.663382	0.0	1941625	9	4.3
1527773912.31	4300	27.596446	0.0	2157535	7	4.3
1527773912.37	4300	31.532868	0.0	2290172	7	4.3
1527773912.44	4300	35.468754	0.0	2055469	7	4.3
1527773912.5	4300	39.402788	0.0	2169201	8	4.3
1527773912.57	4300	43.338082	0.0	2173522	7	4.3
1527773912.63	4300	47.273273	0.0	2102452	7	4.3
1527773912.7	4300	51.207371	0.0	2209463	8	4.3
1527773912.77	4300	55.142945	0.0	2275376	6	4.3
1527773912.84	4300	59.067895	0.0	2005399	7	4.3
1527773915.91	4300	59.999395	0.0	2152483	8	4.3
1527773920.02	4300	59.998449	0.0	2289689	23	4.3
1527773924.12	4300	59.998175	0.0	2059512	22	4.3
1527773928.23	4300	59.74816	0.0	2220726	24	4.3
1527773932.34	4300	59.749368	0.0	2156729	24	4.3
1527773935.95	4300	59.998595	0.0	2039773	23	4.3
1527773940.05	4300	59.999304	0.0	2176469	21	4.3
1527773944.16	4300	59.748802	0.0	2221506	24	4.3
1527773948.27	4300	59.749323	0.0	2044075	21	4.3
1527773952.38	4300	59.749206	0.0	2186790	24	4.3
1527773955.99	4300	59.998773	0.0	2105231	26	4.3
1527773960.1	4300	59.999368	0.0	2395588	24	4.3
1527773964.2	4300	59.748756	0.0	1972048	24	4.3
1527773968.31	4300	59.748835	0.0	2134614	23	4.3
1527773971.92	4300	59.998699	0.0	2164140	24	4.3
1527773976.03	4300	59.998534	0.0	2113193	23	4.3
1527773980.14	4300	59.999016	0.0	2147852	25	4.3
1527773984.25	4300	59.749536	0.0	2191074	24	4.3
1527773988.36	4300	59.74771	0.0	2286761	26	4.3
1527773991.96	4300	59.999048	0.0	2307787	25	4.3
1527773996.07	4300	59.999481	0.0	2143948	20	4.3
1527774000.17	4300	59.999427	0.0	1919781	23	4.3
1527774004.25	4300	59.749034	0.0	2147467	10	4.3
1527774008.36	4300	59.749434	0.0	2133870	24	4.3
1527774011.97	4300	59.998847	0.0	2146120	23	4.3
1527774016.07	4300	59.999323	0.0	2108491	25	4.3
1527774020.18	4300	59.748096	0.0	2184571	27	4.3
1527774024.29	4300	59.749685	0.0	2121928	25	4.3
1527774028.4	4300	59.748559	0.0	2219102	24	4.3
1527774032.01	4300	59.940983	0.0	2124950	25	4.3
1527774036.12	4300	59.998761	0.0	2246506	24	4.3
1527774040.22	4300	59.747724	0.0	1961140	22	4.3
1527774044.33	4300	59.749596	0.0	2155012	24	4.3
1527774045.94	4300	59.679105	0.0	1433658	40	4.3

1527774046.17	750	4	0.017	668286	3	-0.07309999999999994
1527774046.25	4300	7.97395	0.0	2123065	7	0.75
1527774046.35	4300	11.874179	0.0	2177073	24	4.3
1527774046.42	4300	15.798689	0.0	2160877	11	4.3
1527774046.49	4300	19.730511	0.0	2233056	7	4.3
1527774046.55	4300	23.668033	0.0	1941625	6	4.3
1527774046.62	4300	27.604316	0.0	2157535	6	4.3
1527774046.68	4300	31.539877	0.0	2290172	8	4.3
1527774046.75	4300	35.474924	0.0	2055469	7	4.3
1527774046.82	4300	39.404942	0.0	2169201	10	4.3
1527774046.88	4300	43.339262	0.0	2173522	6	4.3
1527774046.95	4300	47.274961	0.0	2102452	7	4.3
1527774047.01	4300	51.211952	0.0	2209463	8	4.3
1527774047.08	4300	55.147449	0.0	2275376	8	4.3
1527774047.14	4300	59.084734	0.0	2005399	7	4.3
1527774050.71	4300	59.748987	0.0	2152483	7	4.3
1527774054.33	4300	59.997728	0.0	2289689	19	4.3
1527774058.94	4300	59.499153	0.0	2059512	22	4.3
1527774062.53	4300	59.749587	0.0	2220726	12	4.3
1527774066.64	4300	59.749436	0.0	2156729	21	4.3
1527774070.24	4300	59.999173	0.0	2039773	19	4.3
1527774074.35	4300	59.999152	0.0	2176469	18	4.3
