1527649102.22	750	4	0.009	450283	1	-0.03869999999999996
1527649102.36	4300	7.95045	0.0	2123065	20	0.75
1527649102.46	4300	11.846786	0.0	2177073	23	4.3
1527649102.56	4300	15.747624	0.0	2160877	24	4.3
1527649102.65	4300	19.655426	0.0	2233056	19	4.3
1527649102.74	4300	23.567799	0.0	1941625	21	4.3
1527649102.82	4300	27.492836	0.0	2157535	13	4.3
1527649102.89	4300	31.419292	0.0	2290172	7	4.3
1527649102.95	4300	35.355462	0.0	2055469	8	4.3
1527649103.04	4300	39.263531	0.0	2169201	24	4.3
1527649103.13	4300	43.17343	0.0	2173522	18	4.3
1527649103.22	4300	47.083709	0.0	2102452	19	4.3
1527649103.31	4300	50.992706	0.0	2209463	21	4.3
1527649103.4	4300	54.903681	0.0	2275376	20	4.3
1527649103.49	4300	58.813189	0.0	2005399	19	4.3
1527649106.6	4300	59.748941	0.0	2152483	18	4.3
1527649110.71	4300	59.749853	0.0	2289689	25	4.3
1527649114.32	4300	59.999195	0.0	2059512	23	4.3
1527649118.95	4300	59.499298	0.0	2220726	23	4.3
1527649122.57	4300	59.749138	0.0	2156729	27	4.3
1527649126.67	4300	59.750078	0.0	2039773	21	4.3
1527649130.78	4300	59.749407	0.0	2176469	24	4.3
1527649134.89	4300	59.500157	0.0	2221506	24	4.3
1527649139.0	4300	59.499485	0.0	2044075	23	4.3
1527649142.61	4300	59.749859	0.0	2186790	26	4.3
1527649146.71	4300	59.750083	0.0	2105231	20	4.3
1527649150.82	4300	59.750193	0.0	2395588	25	4.3
1527649154.91	4300	59.499116	0.0	1972048	10	4.3
1527649158.51	4300	59.999384	0.0	2134614	22	4.3
1527649162.62	4300	59.749411	0.0	2164140	21	4.3
1527649166.72	4300	59.750011	0.0	2113193	23	4.3
1527649170.83	4300	59.49913	0.0	2147852	25	4.3
1527649174.94	4300	59.499068	0.0	2191074	26	4.3
1527649179.05	4300	59.499947	0.0	2286761	25	4.3
1527649182.66	4300	59.75027	0.0	2307787	25	4.3
1527649186.78	4300	59.750009	0.0	2143948	20	4.3
1527649190.37	4300	59.998669	0.0	1919781	17	4.3
1527649194.47	4300	59.998838	0.0	2147467	20	4.3
1527649198.65	4300	59.748605	0.0	2133870	24	4.3
1527649202.81	4300	59.749409	0.0	2146120	23	4.3
1527649206.92	4300	59.498435	0.0	2108491	25	4.3
1527649210.53	4300	59.999158	0.0	2184571	25	4.3
1527649214.63	4300	59.748453	0.0	2121928	23	4.3
1527649218.75	4300	59.749278	0.0	2219102	25	4.3
1527649222.86	4300	59.499914	0.0	2124950	22	4.3
1527649226.97	4300	59.500256	0.0	2246506	24	4.3
1527649230.57	4300	59.750141	0.0	1961140	22	4.3
1527649234.68	4300	59.749734	0.0	2155012	19	4.3
1527649236.27	4300	59.93023	0.0	1433658	16	4.3

1527649236.45	750	4	0.01	668286	3	-0.04300000000000004
1527649236.56	4300	7.961233	0.0	2123065	14	0.75
1527649236.66	4300	11.864546	0.0	2177073	24	4.3
1527649236.75	4300	15.769702	0.0	2160877	22	4.3
1527649236.85	4300	19.674474	0.0	2233056	21	4.3
1527649236.94	4300	23.584828	0.0	1941625	17	4.3
1527649237.03	4300	27.493963	0.0	2157535	18	4.3
1527649237.11	4300	31.408557	0.0	2290172	18	4.3
1527649237.2	4300	35.320461	0.0	2055469	20	4.3
1527649237.29	4300	39.2296	0.0	2169201	21	4.3
1527649237.38	4300	43.137972	0.0	2173522	21	4.3
1527649237.47	4300	47.049148	0.0	2102452	21	4.3
1527649237.58	4300	50.957983	0.0	2209463	20	4.3
1527649237.68	4300	54.847766	0.0	2275376	25	4.3
1527649237.75	4300	58.769113	0.0	2005399	15	4.3
1527649240.86	4300	59.749828	0.0	2152483	23	4.3
1527649244.97	4300	59.749989	0.0	2289689	22	4.3
1527649249.08	4300	59.498594	0.0	2059512	22	4.3
1527649253.18	4300	59.500266	0.0	2220726	25	4.3
1527649256.79	4300	59.750142	0.0	2156729	24	4.3
1527649260.89	4300	59.750011	0.0	2039773	20	4.3
1527649265.0	4300	59.749263	0.0	2176469	24	4.3
1527649269.11	4300	59.500261	0.0	2221506	25	4.3
1527649273.22	4300	59.49882	0.0	2044075	24	4.3
1527649276.83	4300	59.748675	0.0	2186790	25	4.3
1527649280.93	4300	59.749833	0.0	2105231	25	4.3
1527649285.04	4300	59.499091	0.0	2395588	26	4.3
1527649288.63	4300	59.998291	0.0	1972048	10	4.3
1527649292.72	4300	59.998885	0.0	2134614	19	4.3
1527649296.83	4300	59.750421	0.0	2164140	24	4.3
1527649300.97	4300	59.749478	0.0	2113193	24	4.3
1527649305.08	4300	59.49914	0.0	2147852	24	4.3
1527649309.19	4300	59.499907	0.0	2191074	24	4.3
1527649312.8	4300	59.750401	0.0	2286761	26	4.3
1527649316.9	4300	59.749902	0.0	2307787	25	4.3
1527649321.01	4300	59.750055	0.0	2143948	24	4.3
1527649325.12	4300	59.498617	0.0	1919781	23	4.3
1527649329.23	4300	59.499911	0.0	2147467	24	4.3
1527649332.84	4300	59.749204	0.0	2133870	24	4.3
1527649336.94	4300	59.748715	0.0	2146120	20	4.3
1527649341.05	4300	59.499687	0.0	2108491	25	4.3
1527649345.16	4300	59.500241	0.0	2184571	24	4.3
1527649349.27	4300	59.500234	0.0	2121928	23	4.3
1527649352.89	4300	59.750209	0.0	2219102	24	4.3
1527649356.99	4300	59.691525	0.0	2124950	21	4.3
1527649360.64	4300	59.998644	0.0	2246506	24	4.3
1527649365.25	4300	59.499963	0.0	1961140	24	4.3
1527649368.85	4300	59.749056	0.0	2155012	20	4.3
1527649370.44	4300	59.929594	0.0	1433658	14	4.3

1527649370.64	750	4	0.012	668286	3	-0.05159999999999998
1527649370.75	4300	7.956423	0.0	2123065	13	0.75
1527649370.85	4300	11.857024	0.0	2177073	23	4.3
1527649370.92	4300	15.780633	0.0	2160877	11	4.3
1527649371.02	4300	19.685325	0.0	2233056	23	4.3
1527649371.12	4300	23.579882	0.0	1941625	23	4.3
1527649371.2	4300	27.499093	0.0	2157535	15	4.3
1527649371.3	4300	31.401513	0.0	2290172	27	4.3
1527649371.39	4300	35.31332	0.0	2055469	22	4.3
1527649371.47	4300	39.237628	0.0	2169201	14	4.3
1527649371.57	4300	43.135265	0.0	2173522	24	4.3
1527649371.66	4300	47.040902	0.0	2102452	23	4.3
1527649371.73	4300	50.967035	0.0	2209463	12	4.3
1527649371.84	4300	54.864682	0.0	2275376	26	4.3
1527649371.93	4300	58.772033	0.0	2005399	20	4.3
1527649375.03	4300	59.748185	0.0	2152483	24	4.3
1527649379.13	4300	59.748289	0.0	2289689	16	4.3
1527649382.73	4300	59.999128	0.0	2059512	22	4.3
1527649387.34	4300	59.498046	0.0	2220726	21	4.3
1527649390.95	4300	59.99833	0.0	2156729	25	4.3
1527649395.05	4300	59.749661	0.0	2039773	22	4.3
1527649399.16	4300	59.748571	0.0	2176469	23	4.3
1527649402.78	4300	59.998078	0.0	2221506	28	4.3
1527649406.88	4300	59.998257	0.0	2044075	19	4.3
1527649410.98	4300	59.748352	0.0	2186790	25	4.3
1527649415.09	4300	59.749168	0.0	2105231	24	4.3
1527649419.2	4300	59.499679	0.0	2395588	27	4.3
1527649423.31	4300	59.498623	0.0	1972048	22	4.3
1527649426.92	4300	59.999348	0.0	2134614	25	4.3
1527649431.03	4300	59.749563	0.0	2164140	22	4.3
1527649435.19	4300	59.749932	0.0	2113193	22	4.3
1527649438.8	4300	59.998405	0.0	2147852	23	4.3
