1528209475.21	750	4	0.019	450283	4	-0.0817
1528209475.37	4300	7.950516	0.0	2123065	21	0.75
1528209475.52	4300	11.80366	0.0	2177073	24	4.3
1528209475.67	4300	15.654202	0.0	2160877	27	4.3
1528209475.8	4300	19.516989	0.0	2233056	19	4.3
1528209475.94	4300	23.377476	0.0	1941625	18	4.3
1528209476.09	4300	27.232917	0.0	2157535	27	4.3
1528209476.24	4300	31.084132	0.0	2290172	26	4.3
1528209476.38	4300	34.938498	0.0	2055469	21	4.3
1528209476.54	4300	38.786478	0.0	2169201	24	4.3
1528209476.68	4300	42.636347	0.0	2173522	23	4.3
1528209476.84	4300	46.485255	0.0	2102452	22	4.3
1528209476.96	4300	50.356636	0.0	2209463	14	4.3
1528209477.11	4300	54.211128	0.0	2275376	24	4.3
1528209477.26	4300	58.065339	0.0	2005399	22	4.3
1528209479.43	4300	59.999206	0.0	2152483	9	4.3
1528209483.58	4300	59.749638	0.0	2289689	25	4.3
1528209487.75	4300	59.748347	0.0	2059512	21	4.3
1528209491.92	4300	59.498887	0.0	2220726	23	4.3
1528209495.57	4300	59.999096	0.0	2156729	20	4.3
1528209499.72	4300	59.748626	0.0	2039773	22	4.3
1528209503.87	4300	59.499652	0.0	2176469	19	4.3
1528209507.54	4300	59.999276	0.0	2221506	21	4.3
1528209511.7	4300	59.748842	0.0	2044075	23	4.3
1528209515.36	4300	59.998927	0.0	2186790	26	4.3
1528209519.52	4300	59.998657	0.0	2105231	23	4.3
1528209523.67	4300	59.74881	0.0	2395588	22	4.3
1528209527.33	4300	59.997862	0.0	1972048	22	4.3
1528209531.99	4300	59.498815	0.0	2134614	23	4.3
1528209535.64	4300	59.748852	0.0	2164140	25	4.3
1528209539.8	4300	59.748649	0.0	2113193	22	4.3
1528209543.45	4300	59.999159	0.0	2147852	19	4.3
1528209547.64	4300	59.748476	0.0	2191074	22	4.3
1528209551.8	4300	59.748399	0.0	2286761	24	4.3
1528209555.46	4300	59.998834	0.0	2307787	21	4.3
1528209559.61	4300	59.749415	0.0	2143948	22	4.3
1528209563.76	4300	59.748787	0.0	1919781	20	4.3
1528209567.92	4300	59.498256	0.0	2147467	21	4.3
1528209571.58	4300	59.749273	0.0	2133870	22	4.3
1528209575.74	4300	59.74964	0.0	2146120	25	4.3
1528209579.41	4300	59.998807	0.0	2108491	26	4.3
1528209583.57	4300	59.997863	0.0	2184571	22	4.3
1528209587.72	4300	59.748783	0.0	2121928	20	4.3
1528209591.38	4300	59.99914	0.0	2219102	26	4.3
1528209595.53	4300	59.997693	0.0	2124950	15	4.3
1528209599.69	4300	59.749551	0.0	2246506	25	4.3
1528209603.82	4300	59.74939	0.0	1961140	21	4.3
1528209607.46	4300	59.998537	0.0	2155012	22	4.3
1528209609.57	4300	59.678248	0.0	1433658	14	4.3

1528209609.81	750	4	0.02	668286	3	-0.08599999999999997
1528209609.96	4300	7.95158	0.0	2123065	19	0.75
1528209610.1	4300	11.808927	0.0	2177073	25	4.3
1528209610.25	4300	15.663957	0.0	2160877	21	4.3
1528209610.39	4300	19.52146	0.0	2233056	13	4.3
1528209610.52	4300	23.385176	0.0	1941625	18	4.3
1528209610.67	4300	27.240898	0.0	2157535	25	4.3
1528209610.82	4300	31.091451	0.0	2290172	26	4.3
1528209610.97	4300	34.938086	0.0	2055469	20	4.3
1528209611.12	4300	38.792672	0.0	2169201	26	4.3
1528209611.27	4300	42.644268	0.0	2173522	23	4.3
1528209611.41	4300	46.495564	0.0	2102452	23	4.3
1528209611.57	4300	50.3454	0.0	2209463	24	4.3
1528209611.72	4300	54.192079	0.0	2275376	25	4.3
1528209611.88	4300	58.033021	0.0	2005399	20	4.3
1528209614.04	4300	59.998619	0.0	2152483	9	4.3
1528209618.2	4300	59.749244	0.0	2289689	24	4.3
1528209622.36	4300	59.74869	0.0	2059512	22	4.3
1528209626.03	4300	59.999111	0.0	2220726	24	4.3
1528209630.35	4300	59.748066	0.0	2156729	26	4.3
1528209634.01	4300	59.998975	0.0	2039773	22	4.3
1528209638.18	4300	59.74784	0.0	2176469	23	4.3
1528209642.34	4300	59.748797	0.0	2221506	25	4.3
1528209645.99	4300	59.998008	0.0	2044075	21	4.3
1528209650.16	4300	59.748756	0.0	2186790	24	4.3
1528209654.31	4300	59.748162	0.0	2105231	23	4.3
1528209657.96	4300	59.998763	0.0	2395588	21	4.3
1528209662.12	4300	59.99826	0.0	1972048	21	4.3
1528209666.35	4300	59.749668	0.0	2134614	24	4.3
1528209670.01	4300	59.997967	0.0	2164140	26	4.3
1528209674.17	4300	59.748891	0.0	2113193	23	4.3
1528209678.32	4300	59.748864	0.0	2147852	22	4.3
1528209682.48	4300	59.49829	0.0	2191074	23	4.3
1528209686.13	4300	59.998759	0.0	2286761	20	4.3
1528209690.28	4300	59.748697	0.0	2307787	24	4.3
1528209693.94	4300	59.998828	0.0	2143948	17	4.3
1528209698.09	4300	59.999402	0.0	1919781	22	4.3
1528209702.25	4300	59.749281	0.0	2147467	25	4.3
1528209706.4	4300	59.749038	0.0	2133870	20	4.3
1528209710.06	4300	59.999228	0.0	2146120	23	4.3
1528209714.22	4300	59.748577	0.0	2108491	23	4.3
1528209718.37	4300	59.749104	0.0	2184571	21	4.3
1528209722.03	4300	59.99798	0.0	2121928	25	4.3
1528209726.19	4300	59.748434	0.0	2219102	26	4.3
1528209730.36	4300	59.748674	0.0	2124950	22	4.3
1528209734.02	4300	59.998392	0.0	2246506	21	4.3
1528209738.16	4300	59.999442	0.0	1961140	22	4.3
1528209742.28	4300	59.747649	0.0	2155012	19	4.3
