1528262143.91	750	4	0.024	2354772	9	-0.10319999999999996
1528262144.0	4300	7.966347	0.0	2123065	22	0.75
1528262144.09	4300	11.873702	0.0	2177073	21	4.3
1528262144.18	4300	15.784251	0.0	2160877	21	4.3
1528262144.28	4300	19.687468	0.0	2233056	23	4.3
1528262144.37	4300	23.598391	0.0	1941625	20	4.3
1528262144.46	4300	27.510768	0.0	2157535	19	4.3
1528262144.55	4300	31.417313	0.0	2290172	22	4.3
1528262144.64	4300	35.322184	0.0	2055469	18	4.3
1528262144.74	4300	39.222444	0.0	2169201	24	4.3
1528262144.84	4300	43.132767	0.0	2173522	22	4.3
1528262144.93	4300	47.034586	0.0	2102452	23	4.3
1528262145.03	4300	50.938526	0.0	2209463	23	4.3
1528262145.15	4300	54.818727	0.0	2275376	25	4.3
1528262145.24	4300	58.728256	0.0	2005399	17	4.3
1528262148.45	4300	59.748031	0.0	2152483	20	4.3
1528262152.05	4300	59.99872	0.0	2289689	17	4.3
1528262156.16	4300	59.997865	0.0	2059512	25	4.3
1528262160.28	4300	59.748204	0.0	2220726	27	4.3
1528262164.39	4300	59.747805	0.0	2156729	26	4.3
1528262168.5	4300	59.499012	0.0	2039773	22	4.3
1528262172.11	4300	59.999382	0.0	2176469	23	4.3
1528262176.22	4300	59.998077	0.0	2221506	25	4.3
1528262180.32	4300	59.749535	0.0	2044075	24	4.3
1528262184.43	4300	59.74858	0.0	2186790	26	4.3
1528262188.04	4300	59.999089	0.0	2105231	24	4.3
1528262192.15	4300	59.999429	0.0	2395588	23	4.3
1528262196.26	4300	59.74814	0.0	1972048	21	4.3
1528262200.37	4300	59.748827	0.0	2134614	23	4.3
1528262203.97	4300	59.999433	0.0	2164140	27	4.3
1528262208.58	4300	59.498828	0.0	2113193	22	4.3
1528262212.19	4300	59.999047	0.0	2147852	27	4.3
1528262216.3	4300	59.748817	0.0	2191074	25	4.3
1528262220.41	4300	59.749436	0.0	2286761	24	4.3
1528262224.02	4300	59.998784	0.0	2307787	28	4.3
1528262228.12	4300	59.998949	0.0	2143948	18	4.3
1528262232.22	4300	59.747054	0.0	1919781	20	4.3
1528262236.31	4300	59.74962	0.0	2147467	13	4.3
1528262240.41	4300	59.748856	0.0	2133870	21	4.3
1528262244.52	4300	59.499099	0.0	2146120	27	4.3
1528262248.13	4300	59.999077	0.0	2108491	26	4.3
1528262252.24	4300	59.748597	0.0	2184571	26	4.3
1528262256.35	4300	59.749274	0.0	2121928	25	4.3
1528262260.45	4300	59.749097	0.0	2219102	26	4.3
1528262264.06	4300	59.999224	0.0	2124950	25	4.3
1528262268.16	4300	59.998111	0.0	2246506	28	4.3
1528262272.27	4300	59.749539	0.0	1961140	23	4.3
1528262276.36	4300	59.749208	0.0	2155012	11	4.3
1528262277.95	4300	59.929274	0.0	1433658	15	4.3

1528262278.18	750	4	0.024	2354772	9	-0.10319999999999996
1528262278.28	4300	7.960013	0.0	2123065	23	0.75
1528262278.37	4300	11.863496	0.0	2177073	27	4.3
1528262278.45	4300	15.784768	0.0	2160877	14	4.3
1528262278.55	4300	19.683427	0.0	2233056	23	4.3
1528262278.65	4300	23.588112	0.0	1941625	28	4.3
1528262278.74	4300	27.494586	0.0	2157535	21	4.3
1528262278.84	4300	31.397801	0.0	2290172	20	4.3
1528262278.94	4300	35.29695	0.0	2055469	23	4.3
1528262279.03	4300	39.203238	0.0	2169201	26	4.3
1528262279.12	4300	43.109602	0.0	2173522	23	4.3
1528262279.21	4300	47.022757	0.0	2102452	22	4.3
1528262279.29	4300	50.948478	0.0	2209463	12	4.3
1528262279.39	4300	54.847904	0.0	2275376	25	4.3
1528262279.46	4300	58.77331	0.0	2005399	12	4.3
1528262282.56	4300	59.749201	0.0	2152483	22	4.3
1528262286.67	4300	59.749119	0.0	2289689	28	4.3
1528262290.28	4300	59.998391	0.0	2059512	23	4.3
1528262294.39	4300	59.998847	0.0	2220726	25	4.3
1528262298.5	4300	59.747755	0.0	2156729	26	4.3
1528262302.61	4300	59.749317	0.0	2039773	24	4.3
1528262306.71	4300	59.749556	0.0	2176469	26	4.3
1528262310.32	4300	59.999096	0.0	2221506	29	4.3
1528262314.91	4300	59.498202	0.0	2044075	8	4.3
1528262318.51	4300	59.74941	0.0	2186790	24	4.3
1528262322.62	4300	59.748564	0.0	2105231	25	4.3
1528262326.73	4300	59.747941	0.0	2395588	27	4.3
1528262330.31	4300	59.999218	0.0	1972048	10	4.3
1528262334.42	4300	59.999199	0.0	2134614	26	4.3
1528262338.53	4300	59.749258	0.0	2164140	20	4.3
1528262342.63	4300	59.749522	0.0	2113193	22	4.3
1528262346.74	4300	59.499433	0.0	2147852	25	4.3
1528262350.35	4300	59.998674	0.0	2191074	25	4.3
1528262354.45	4300	59.99925	0.0	2286761	24	4.3
1528262358.56	4300	59.748783	0.0	2307787	24	4.3
1528262362.67	4300	59.749033	0.0	2143948	27	4.3
1528262366.27	4300	59.998841	0.0	1919781	25	4.3
1528262370.38	4300	59.999399	0.0	2147467	21	4.3
1528262374.5	4300	59.749271	0.0	2133870	22	4.3
1528262378.59	4300	59.748925	0.0	2146120	14	4.3
1528262382.7	4300	59.748267	0.0	2108491	25	4.3
1528262386.32	4300	59.998864	0.0	2184571	24	4.3
1528262390.42	4300	59.998923	0.0	2121928	23	4.3
1528262394.53	4300	59.747491	0.0	2219102	24	4.3
1528262398.64	4300	59.706432	0.0	2124950	22	4.3
