1528215217.51	750	4	0.027	2354772	8	-0.11609999999999998
1528215217.65	4300	7.966917	0.0	2123065	19	0.75
1528215217.79	4300	11.821159	0.0	2177073	23	4.3
1528215217.94	4300	15.672395	0.0	2160877	20	4.3
1528215218.09	4300	19.525346	0.0	2233056	26	4.3
1528215218.22	4300	23.390876	0.0	1941625	17	4.3
1528215218.36	4300	27.250731	0.0	2157535	23	4.3
1528215218.51	4300	31.100673	0.0	2290172	27	4.3
1528215218.66	4300	34.956137	0.0	2055469	24	4.3
1528215218.81	4300	38.799075	0.0	2169201	24	4.3
1528215218.96	4300	42.652253	0.0	2173522	23	4.3
1528215219.11	4300	46.503565	0.0	2102452	23	4.3
1528215219.26	4300	50.354766	0.0	2209463	25	4.3
1528215219.42	4300	54.190765	0.0	2275376	26	4.3
1528215219.56	4300	58.05072	0.0	2005399	20	4.3
1528215221.71	4300	59.999136	0.0	2152483	24	4.3
1528215226.37	4300	59.249402	0.0	2289689	21	4.3
1528215230.03	4300	59.749207	0.0	2059512	23	4.3
1528215233.69	4300	59.998873	0.0	2220726	27	4.3
1528215237.85	4300	59.998724	0.0	2156729	24	4.3
1528215242.0	4300	59.748666	0.0	2039773	17	4.3
1528215245.66	4300	59.999193	0.0	2176469	25	4.3
1528215249.82	4300	59.998854	0.0	2221506	26	4.3
1528215253.97	4300	59.74898	0.0	2044075	19	4.3
1528215258.13	4300	59.499302	0.0	2186790	23	4.3
1528215261.83	4300	59.9979	0.0	2105231	22	4.3
1528215265.99	4300	59.749523	0.0	2395588	26	4.3
1528215269.64	4300	59.999312	0.0	1972048	20	4.3
1528215273.79	4300	59.999221	0.0	2134614	24	4.3
1528215277.96	4300	59.749421	0.0	2164140	23	4.3
1528215282.11	4300	59.749463	0.0	2113193	23	4.3
1528215285.76	4300	59.999396	0.0	2147852	17	4.3
1528215289.91	4300	59.749584	0.0	2191074	22	4.3
1528215294.07	4300	59.749579	0.0	2286761	25	4.3
1528215298.25	4300	59.497686	0.0	2307787	24	4.3
1528215301.91	4300	59.747946	0.0	2143948	24	4.3
1528215306.07	4300	59.748472	0.0	1919781	21	4.3
1528215309.73	4300	59.998782	0.0	2147467	20	4.3
1528215313.89	4300	59.748776	0.0	2133870	23	4.3
1528215318.05	4300	59.749541	0.0	2146120	23	4.3
1528215321.71	4300	59.999113	0.0	2108491	25	4.3
1528215325.87	4300	59.748796	0.0	2184571	23	4.3
1528215330.03	4300	59.747886	0.0	2121928	21	4.3
1528215333.68	4300	59.999452	0.0	2219102	24	4.3
1528215337.94	4300	59.998628	0.0	2124950	24	4.3
1528215342.09	4300	59.749451	0.0	2246506	21	4.3
1528215345.71	4300	59.999447	0.0	1961140	16	4.3
1528215349.85	4300	59.999204	0.0	2155012	24	4.3
1528215351.46	4300	59.928549	0.0	1433658	17	4.3

1528215351.76	750	4	0.016	668286	4	-0.06879999999999997
1528215351.91	4300	7.954163	0.0	2123065	16	0.75
1528215352.05	4300	11.812052	0.0	2177073	22	4.3
1528215352.2	4300	15.664232	0.0	2160877	23	4.3
1528215352.34	4300	19.521696	0.0	2233056	26	4.3
1528215352.47	4300	23.392438	0.0	1941625	16	4.3
1528215352.61	4300	27.248467	0.0	2157535	23	4.3
1528215352.76	4300	31.104006	0.0	2290172	25	4.3
1528215352.91	4300	34.957787	0.0	2055469	21	4.3
1528215353.06	4300	38.805822	0.0	2169201	23	4.3
1528215353.2	4300	42.666526	0.0	2173522	18	4.3
1528215353.34	4300	46.527088	0.0	2102452	22	4.3
1528215353.48	4300	50.380092	0.0	2209463	25	4.3
1528215353.63	4300	54.23158	0.0	2275376	26	4.3
1528215353.78	4300	58.081901	0.0	2005399	23	4.3
1528215356.01	4300	59.999319	0.0	2152483	10	4.3
1528215360.17	4300	59.748986	0.0	2289689	25	4.3
1528215364.33	4300	59.749522	0.0	2059512	21	4.3
1528215367.98	4300	59.999381	0.0	2220726	20	4.3
1528215372.14	4300	59.749373	0.0	2156729	24	4.3
1528215376.3	4300	59.748908	0.0	2039773	22	4.3
1528215379.95	4300	59.99906	0.0	2176469	20	4.3
1528215384.11	4300	59.998636	0.0	2221506	24	4.3
1528215388.26	4300	59.749691	0.0	2044075	20	4.3
1528215392.42	4300	59.498169	0.0	2186790	22	4.3
1528215396.06	4300	59.999466	0.0	2105231	19	4.3
1528215400.21	4300	59.749028	0.0	2395588	26	4.3
1528215404.36	4300	59.74855	0.0	1972048	21	4.3
1528215408.02	4300	59.998097	0.0	2134614	23	4.3
1528215412.18	4300	59.748459	0.0	2164140	24	4.3
1528215416.32	4300	59.748012	0.0	2113193	23	4.3
1528215420.47	4300	59.499837	0.0	2147852	19	4.3
1528215424.13	4300	59.749035	0.0	2191074	23	4.3
1528215428.29	4300	59.748727	0.0	2286761	28	4.3
1528215432.44	4300	59.499543	0.0	2307787	23	4.3
1528215436.09	4300	59.999477	0.0	2143948	18	4.3
1528215440.24	4300	59.748805	0.0	1919781	19	4.3
1528215443.89	4300	59.999188	0.0	2147467	18	4.3
1528215448.55	4300	59.49793	0.0	2133870	21	4.3
1528215452.2	4300	59.748545	0.0	2146120	22	4.3
1528215456.35	4300	59.749177	0.0	2108491	19	4.3
1528215460.01	4300	59.999321	0.0	2184571	26	4.3
1528215464.16	4300	59.748976	0.0	2121928	16	4.3
1528215468.34	4300	59.749437	0.0	2219102	25	4.3
1528215472.5	4300	59.499695	0.0	2124950	20	4.3
1528215476.14	4300	59.74916	0.0	2246506	21	4.3
1528215480.28	4300	59.749277	0.0	1961140	21	4.3
1528215483.91	4300	59.997915	0.0	2155012	18	4.3
1528215486.02	4300	59.678861	0.0	1433658	17	4.3

1528215486.24	750	4	0.012	668286	3	-0.05159999999999998
1528215486.39	4300	7.952883	0.0	2123065	15	0.75
1528215486.54	4300	11.81075	0.0	2177073	24	4.3
1528215486.68	4300	15.661913	0.0	2160877	26	4.3
1528215486.84	4300	19.509289	0.0	2233056	19	4.3
1528215487.01	4300	23.333107	0.0	1941625	24	4.3
1528215487.16	4300	27.184617	0.0	2157535	23	4.3
1528215487.31	4300	31.032346	0.0	2290172	26	4.3
1528215487.46	4300	34.883858	0.0	2055469	24	4.3
1528215487.61	4300	38.732405	0.0	2169201	24	4.3
1528215487.77	4300	42.581494	0.0	2173522	24	4.3
1528215487.92	4300	46.42503	0.0	2102452	23	4.3
1528215488.07	4300	50.282739	0.0	2209463	26	4.3
1528215488.22	4300	54.130763	0.0	2275376	26	4.3
1528215488.38	4300	57.970537	0.0	2005399	37	4.3
1528215490.53	4300	59.997715	0.0	2152483	21	4.3
1528215494.69	4300	59.747879	0.0	2289689	25	4.3
1528215498.84	4300	59.748809	0.0	2059512	19	4.3
1528215502.49	4300	59.99832	0.0	2220726	24	4.3
1528215506.66	4300	59.748411	0.0	2156729	25	4.3
1528215510.81	4300	59.748905	0.0	2039773	19	4.3
1528215514.47	4300	59.998657	0.0	2176469	25	4.3
1528215518.62	4300	59.74849	0.0	2221506	25	4.3
1528215522.77	4300	59.749147	0.0	2044075	20	4.3
1528215526.41	4300	59.997905	0.0	2186790	19	4.3
1528215530.57	4300	59.999026	0.0	2105231	24	4.3
1528215534.72	4300	59.748547	0.0	2395588	23	4.3
1528215538.37	4300	59.998685	0.0	1972048	23	4.3
