1528172277.82	750	4	0.01	450283	2	-0.04300000000000004
1528172277.92	4300	7.954692	0.0	2123065	16	0.75
1528172278.01	4300	11.863619	0.0	2177073	20	4.3
1528172278.1	4300	15.774089	0.0	2160877	20	4.3
1528172278.19	4300	19.685706	0.0	2233056	23	4.3
1528172278.28	4300	23.597407	0.0	1941625	18	4.3
1528172278.36	4300	27.510001	0.0	2157535	23	4.3
1528172278.46	4300	31.420208	0.0	2290172	24	4.3
1528172278.55	4300	35.329989	0.0	2055469	19	4.3
1528172278.64	4300	39.239807	0.0	2169201	24	4.3
1528172278.73	4300	43.144762	0.0	2173522	22	4.3
1528172278.82	4300	47.057486	0.0	2102452	19	4.3
1528172278.91	4300	50.966336	0.0	2209463	23	4.3
1528172279.0	4300	54.875162	0.0	2275376	22	4.3
1528172279.09	4300	58.787339	0.0	2005399	20	4.3
1528172282.24	4300	59.748423	0.0	2152483	19	4.3
1528172286.4	4300	59.748619	0.0	2289689	21	4.3
1528172290.01	4300	59.998876	0.0	2059512	25	4.3
1528172294.11	4300	59.998743	0.0	2220726	22	4.3
1528172298.23	4300	59.748323	0.0	2156729	23	4.3
1528172302.33	4300	59.747772	0.0	2039773	21	4.3
1528172305.93	4300	59.999054	0.0	2176469	25	4.3
1528172310.04	4300	59.997448	0.0	2221506	24	4.3
1528172314.14	4300	59.749209	0.0	2044075	25	4.3
1528172318.25	4300	59.748935	0.0	2186790	24	4.3
1528172322.36	4300	59.74936	0.0	2105231	26	4.3
1528172325.97	4300	59.999019	0.0	2395588	30	4.3
1528172330.08	4300	59.998294	0.0	1972048	22	4.3
1528172334.18	4300	59.74877	0.0	2134614	24	4.3
1528172338.29	4300	59.748535	0.0	2164140	26	4.3
1528172341.9	4300	59.998531	0.0	2113193	27	4.3
1528172346.01	4300	59.999199	0.0	2147852	25	4.3
1528172350.11	4300	59.999304	0.0	2191074	25	4.3
1528172354.22	4300	59.748726	0.0	2286761	26	4.3
1528172358.33	4300	59.749279	0.0	2307787	26	4.3
1528172361.95	4300	59.99891	0.0	2143948	26	4.3
1528172366.05	4300	59.999432	0.0	1919781	20	4.3
1528172370.2	4300	59.749526	0.0	2147467	26	4.3
1528172374.31	4300	59.747952	0.0	2133870	22	4.3
1528172377.91	4300	59.9986	0.0	2146120	24	4.3
1528172382.01	4300	59.99864	0.0	2108491	20	4.3
1528172386.12	4300	59.998925	0.0	2184571	22	4.3
1528172390.23	4300	59.748349	0.0	2121928	28	4.3
1528172394.33	4300	59.749414	0.0	2219102	24	4.3
1528172397.94	4300	59.997955	0.0	2124950	25	4.3
1528172402.05	4300	59.999409	0.0	2246506	25	4.3
1528172406.16	4300	59.748808	0.0	1961140	26	4.3
1528172410.27	4300	59.749337	0.0	2155012	25	4.3
1528172411.88	4300	59.929245	0.0	1433658	18	4.3

1528172412.09	750	4	0.032	2354772	12	-0.13759999999999994
1528172412.19	4300	7.958449	0.0	2123065	23	0.75
1528172412.29	4300	11.861836	0.0	2177073	24	4.3
1528172412.38	4300	15.766652	0.0	2160877	24	4.3
1528172412.47	4300	19.67616	0.0	2233056	19	4.3
1528172412.56	4300	23.590253	0.0	1941625	19	4.3
1528172412.65	4300	27.498332	0.0	2157535	23	4.3
1528172412.74	4300	31.402806	0.0	2290172	20	4.3
1528172412.83	4300	35.315252	0.0	2055469	19	4.3
1528172412.93	4300	39.223032	0.0	2169201	20	4.3
1528172413.03	4300	43.121027	0.0	2173522	26	4.3
1528172413.13	4300	47.02324	0.0	2102452	26	4.3
1528172413.2	4300	50.94803	0.0	2209463	12	4.3
1528172413.32	4300	54.829045	0.0	2275376	27	4.3
1528172413.42	4300	58.726664	0.0	2005399	23	4.3
1528172416.52	4300	59.748205	0.0	2152483	25	4.3
1528172420.63	4300	59.748594	0.0	2289689	21	4.3
1528172424.73	4300	59.499502	0.0	2059512	14	4.3
1528172428.34	4300	59.999147	0.0	2220726	24	4.3
1528172432.45	4300	59.748633	0.0	2156729	20	4.3
1528172436.55	4300	59.74778	0.0	2039773	21	4.3
1528172440.16	4300	59.998201	0.0	2176469	27	4.3
1528172444.26	4300	59.9981	0.0	2221506	23	4.3
1528172448.4	4300	59.999358	0.0	2044075	24	4.3
1528172452.51	4300	59.748567	0.0	2186790	24	4.3
1528172456.61	4300	59.748931	0.0	2105231	24	4.3
1528172460.23	4300	59.999378	0.0	2395588	29	4.3
1528172464.34	4300	59.998595	0.0	1972048	22	4.3
1528172468.44	4300	59.749446	0.0	2134614	25	4.3
1528172472.55	4300	59.749403	0.0	2164140	25	4.3
1528172476.15	4300	59.998524	0.0	2113193	23	4.3
1528172480.26	4300	59.999145	0.0	2147852	26	4.3
1528172484.37	4300	59.997999	0.0	2191074	27	4.3
1528172488.48	4300	59.749392	0.0	2286761	26	4.3
1528172492.59	4300	59.749242	0.0	2307787	27	4.3
1528172496.2	4300	59.998885	0.0	2143948	26	4.3
1528172500.3	4300	59.999208	0.0	1919781	23	4.3
1528172504.41	4300	59.749452	0.0	2147467	25	4.3
1528172508.52	4300	59.749323	0.0	2133870	24	4.3
1528172512.61	4300	59.748923	0.0	2146120	12	4.3
1528172516.21	4300	59.998747	0.0	2108491	21	4.3
1528172520.32	4300	59.999272	0.0	2184571	22	4.3
1528172524.43	4300	59.749361	0.0	2121928	22	4.3
1528172528.53	4300	59.749353	0.0	2219102	23	4.3
1528172532.64	4300	59.698141	0.0	2124950	26	4.3
1528172536.3	4300	59.998773	0.0	2246506	25	4.3
1528172540.42	4300	59.749234	0.0	1961140	21	4.3
1528172544.53	4300	59.749524	0.0	2155012	25	4.3
