1528300284.38	750	4	0.028	2354772	9	-0.12039999999999995
1528300284.51	4300	7.958761	0.0	2123065	22	0.75
1528300284.61	4300	11.86061	0.0	2177073	24	4.3
1528300284.7	4300	15.765941	0.0	2160877	22	4.3
1528300284.79	4300	19.67797	0.0	2233056	18	4.3
1528300284.88	4300	23.588889	0.0	1941625	17	4.3
1528300284.97	4300	27.492947	0.0	2157535	21	4.3
1528300285.07	4300	31.399469	0.0	2290172	17	4.3
1528300285.15	4300	35.315205	0.0	2055469	17	4.3
1528300285.24	4300	39.22671	0.0	2169201	21	4.3
1528300285.33	4300	43.136008	0.0	2173522	20	4.3
1528300285.43	4300	47.039412	0.0	2102452	19	4.3
1528300285.53	4300	50.93854	0.0	2209463	25	4.3
1528300285.64	4300	54.828045	0.0	2275376	25	4.3
1528300285.74	4300	58.730288	0.0	2005399	22	4.3
1528300288.84	4300	59.749322	0.0	2152483	24	4.3
1528300292.96	4300	59.748621	0.0	2289689	20	4.3
1528300297.06	4300	59.498798	0.0	2059512	18	4.3
1528300301.17	4300	59.499686	0.0	2220726	20	4.3
1528300304.77	4300	59.749321	0.0	2156729	23	4.3
1528300308.87	4300	59.748592	0.0	2039773	20	4.3
1528300312.49	4300	59.998831	0.0	2176469	24	4.3
1528300316.59	4300	59.997742	0.0	2221506	18	4.3
1528300320.69	4300	59.998885	0.0	2044075	20	4.3
1528300324.8	4300	59.749294	0.0	2186790	24	4.3
1528300328.91	4300	59.747651	0.0	2105231	22	4.3
1528300332.52	4300	59.998853	0.0	2395588	24	4.3
1528300337.12	4300	59.49821	0.0	1972048	18	4.3
1528300340.73	4300	59.749403	0.0	2134614	22	4.3
1528300344.85	4300	59.749416	0.0	2164140	25	4.3
1528300348.97	4300	59.749568	0.0	2113193	21	4.3
1528300352.59	4300	59.999081	0.0	2147852	23	4.3
1528300356.69	4300	59.998967	0.0	2191074	24	4.3
1528300360.8	4300	59.749007	0.0	2286761	24	4.3
1528300364.93	4300	59.749089	0.0	2307787	24	4.3
1528300368.53	4300	59.998907	0.0	2143948	20	4.3
1528300372.65	4300	59.99891	0.0	1919781	19	4.3
1528300376.79	4300	59.748759	0.0	2147467	24	4.3
1528300380.91	4300	59.74888	0.0	2133870	23	4.3
1528300384.5	4300	59.998595	0.0	2146120	11	4.3
1528300388.61	4300	59.999247	0.0	2108491	23	4.3
1528300392.72	4300	59.999002	0.0	2184571	25	4.3
1528300396.83	4300	59.748175	0.0	2121928	24	4.3
1528300400.94	4300	59.748649	0.0	2219102	25	4.3
1528300404.55	4300	59.999396	0.0	2124950	23	4.3
1528300408.65	4300	59.998484	0.0	2246506	22	4.3
1528300412.76	4300	59.74905	0.0	1961140	21	4.3
1528300416.85	4300	59.747857	0.0	2155012	12	4.3
1528300418.44	4300	59.929	0.0	1433658	17	4.3

1528300418.68	750	4	0.02	668286	2	-0.08599999999999997
1528300418.79	4300	7.951816	0.0	2123065	14	0.75
1528300418.88	4300	11.854598	0.0	2177073	20	4.3
1528300418.98	4300	15.763284	0.0	2160877	23	4.3
1528300419.07	4300	19.669351	0.0	2233056	25	4.3
1528300419.17	4300	23.572607	0.0	1941625	10	4.3
1528300419.29	4300	27.461614	0.0	2157535	26	4.3
1528300419.37	4300	31.370389	0.0	2290172	13	4.3
1528300419.46	4300	35.279016	0.0	2055469	21	4.3
1528300419.55	4300	39.187852	0.0	2169201	23	4.3
1528300419.64	4300	43.094888	0.0	2173522	21	4.3
1528300419.74	4300	47.002449	0.0	2102452	21	4.3
1528300419.83	4300	50.912742	0.0	2209463	19	4.3
1528300419.92	4300	54.81439	0.0	2275376	21	4.3
1528300420.02	4300	58.715223	0.0	2005399	24	4.3
1528300423.13	4300	59.748225	0.0	2152483	26	4.3
1528300427.24	4300	59.748784	0.0	2289689	18	4.3
1528300430.84	4300	59.998663	0.0	2059512	15	4.3
1528300434.95	4300	59.999233	0.0	2220726	18	4.3
1528300439.05	4300	59.748307	0.0	2156729	19	4.3
1528300443.15	4300	59.747731	0.0	2039773	22	4.3
1528300446.76	4300	59.99786	0.0	2176469	25	4.3
1528300450.87	4300	59.997704	0.0	2221506	22	4.3
1528300454.97	4300	59.999204	0.0	2044075	22	4.3
1528300459.08	4300	59.749037	0.0	2186790	24	4.3
1528300463.31	4300	59.748841	0.0	2105231	23	4.3
1528300466.92	4300	59.999318	0.0	2395588	28	4.3
1528300471.03	4300	59.74853	0.0	1972048	20	4.3
1528300475.13	4300	59.749354	0.0	2134614	23	4.3
1528300479.24	4300	59.740094	0.0	2164140	24	4.3
1528300482.85	4300	59.998801	0.0	2113193	23	4.3
1528300486.96	4300	59.998932	0.0	2147852	22	4.3
1528300491.07	4300	59.748734	0.0	2191074	24	4.3
1528300495.17	4300	59.748758	0.0	2286761	27	4.3
1528300498.78	4300	59.998944	0.0	2307787	27	4.3
1528300502.89	4300	59.999137	0.0	2143948	22	4.3
1528300507.0	4300	59.999348	0.0	1919781	20	4.3
1528300511.12	4300	59.748727	0.0	2147467	20	4.3
1528300515.22	4300	59.74907	0.0	2133870	22	4.3
1528300518.83	4300	59.998916	0.0	2146120	21	4.3
1528300523.43	4300	59.497677	0.0	2108491	20	4.3
1528300527.04	4300	59.749173	0.0	2184571	28	4.3
1528300531.15	4300	59.748583	0.0	2121928	21	4.3
1528300534.77	4300	59.998035	0.0	2219102	36	4.3
1528300538.92	4300	59.99827	0.0	2124950	24	4.3
1528300543.07	4300	59.748638	0.0	2246506	24	4.3
1528300547.17	4300	59.748636	0.0	1961140	20	4.3
1528300550.78	4300	59.999093	0.0	2155012	23	4.3
1528300552.87	4300	59.679126	0.0	1433658	15	4.3

1528300553.11	750	4	0.019	668286	5	-0.0817
1528300553.2	4300	7.958331	0.0	2123065	16	0.75
1528300553.3	4300	11.867732	0.0	2177073	21	4.3
1528300553.4	4300	15.762205	0.0	2160877	23	4.3
1528300553.51	4300	19.660493	0.0	2233056	29	4.3
1528300553.6	4300	23.559389	0.0	1941625	27	4.3
1528300553.71	4300	27.454594	0.0	2157535	28	4.3
1528300553.79	4300	31.37418	0.0	2290172	12	4.3
1528300553.88	4300	35.287458	0.0	2055469	17	4.3
1528300553.98	4300	39.186418	0.0	2169201	24	4.3
1528300554.06	4300	43.108492	0.0	2173522	12	4.3
1528300554.16	4300	47.005667	0.0	2102452	23	4.3
1528300554.25	4300	50.9123	0.0	2209463	24	4.3
1528300554.35	4300	54.815315	0.0	2275376	25	4.3
1528300554.46	4300	58.711162	0.0	2005399	25	4.3
1528300557.57	4300	59.748974	0.0	2152483	25	4.3
1528300561.68	4300	59.499237	0.0	2289689	23	4.3
