1528258756.72	750	4	0.026	2354772	6	-0.11180000000000001
1528258756.86	4300	7.967639	0.0	2123065	19	0.75
1528258757.0	4300	11.8235	0.0	2177073	24	4.3
1528258757.15	4300	15.677447	0.0	2160877	24	4.3
1528258757.29	4300	19.538654	0.0	2233056	21	4.3
1528258757.42	4300	23.400722	0.0	1941625	21	4.3
1528258757.58	4300	27.254657	0.0	2157535	23	4.3
1528258757.72	4300	31.103672	0.0	2290172	25	4.3
1528258757.87	4300	34.9588	0.0	2055469	23	4.3
1528258758.0	4300	38.820295	0.0	2169201	19	4.3
1528258758.14	4300	42.68255	0.0	2173522	25	4.3
1528258758.29	4300	46.537981	0.0	2102452	23	4.3
1528258758.42	4300	50.399927	0.0	2209463	19	4.3
1528258758.58	4300	54.238061	0.0	2275376	20	4.3
1528258758.72	4300	58.10726	0.0	2005399	17	4.3
1528258760.87	4300	59.998576	0.0	2152483	24	4.3
1528258765.01	4300	59.99846	0.0	2289689	21	4.3
1528258769.17	4300	59.749483	0.0	2059512	22	4.3
1528258773.32	4300	59.747927	0.0	2220726	22	4.3
1528258776.98	4300	59.997604	0.0	2156729	23	4.3
1528258781.14	4300	59.749309	0.0	2039773	23	4.3
1528258785.29	4300	59.749184	0.0	2176469	21	4.3
1528258788.95	4300	59.997881	0.0	2221506	26	4.3
1528258793.11	4300	59.747812	0.0	2044075	25	4.3
1528258797.26	4300	59.748885	0.0	2186790	22	4.3
1528258800.9	4300	59.997645	0.0	2105231	19	4.3
1528258805.06	4300	59.999107	0.0	2395588	26	4.3
1528258809.26	4300	59.748562	0.0	1972048	17	4.3
1528258812.93	4300	59.999395	0.0	2134614	23	4.3
1528258817.08	4300	59.748978	0.0	2164140	24	4.3
1528258821.23	4300	59.749164	0.0	2113193	22	4.3
1528258824.89	4300	59.99915	0.0	2147852	23	4.3
1528258829.06	4300	59.999199	0.0	2191074	24	4.3
1528258833.22	4300	59.748899	0.0	2286761	27	4.3
1528258836.89	4300	59.997916	0.0	2307787	26	4.3
1528258841.06	4300	59.997948	0.0	2143948	30	4.3
1528258845.21	4300	59.747693	0.0	1919781	22	4.3
1528258848.86	4300	59.998492	0.0	2147467	26	4.3
1528258853.02	4300	59.998508	0.0	2133870	24	4.3
1528258857.17	4300	59.748534	0.0	2146120	21	4.3
1528258861.33	4300	59.749069	0.0	2108491	24	4.3
1528258864.98	4300	59.998954	0.0	2184571	23	4.3
1528258869.13	4300	59.74947	0.0	2121928	25	4.3
1528258873.28	4300	59.74936	0.0	2219102	21	4.3
1528258876.93	4300	59.998791	0.0	2124950	18	4.3
1528258881.07	4300	59.998718	0.0	2246506	24	4.3
1528258885.29	4300	59.747589	0.0	1961140	23	4.3
1528258888.92	4300	59.99794	0.0	2155012	21	4.3
1528258891.03	4300	59.677627	0.0	1433658	17	4.3

1528258891.27	750	4	0.013	668286	3	-0.05589999999999995
1528258891.43	4300	7.956027	0.0	2123065	13	0.75
1528258891.56	4300	11.819072	0.0	2177073	16	4.3
1528258891.71	4300	15.676055	0.0	2160877	20	4.3
1528258891.86	4300	19.523452	0.0	2233056	22	4.3
1528258892.0	4300	23.383846	0.0	1941625	21	4.3
1528258892.15	4300	27.229729	0.0	2157535	26	4.3
1528258892.29	4300	31.096204	0.0	2290172	17	4.3
1528258892.42	4300	34.959292	0.0	2055469	23	4.3
1528258892.57	4300	38.812107	0.0	2169201	24	4.3
1528258892.71	4300	42.674628	0.0	2173522	20	4.3
1528258892.85	4300	46.531095	0.0	2102452	21	4.3
1528258892.99	4300	50.389044	0.0	2209463	25	4.3
1528258893.14	4300	54.241367	0.0	2275376	26	4.3
1528258893.29	4300	58.094693	0.0	2005399	22	4.3
1528258895.45	4300	59.998923	0.0	2152483	12	4.3
1528258899.6	4300	59.999214	0.0	2289689	19	4.3
1528258903.76	4300	59.748053	0.0	2059512	20	4.3
1528258907.42	4300	59.999279	0.0	2220726	25	4.3
1528258911.57	4300	59.999043	0.0	2156729	21	4.3
1528258915.72	4300	59.749616	0.0	2039773	24	4.3
1528258919.87	4300	59.749562	0.0	2176469	20	4.3
1528258923.53	4300	59.999351	0.0	2221506	24	4.3
1528258927.69	4300	59.749489	0.0	2044075	23	4.3
1528258931.86	4300	59.7486	0.0	2186790	24	4.3
1528258935.51	4300	59.999126	0.0	2105231	21	4.3
1528258939.67	4300	59.747889	0.0	2395588	27	4.3
1528258943.83	4300	59.747583	0.0	1972048	20	4.3
1528258947.49	4300	59.999497	0.0	2134614	18	4.3
1528258951.64	4300	59.749096	0.0	2164140	21	4.3
1528258955.81	4300	59.749663	0.0	2113193	24	4.3
1528258960.07	4300	59.49931	0.0	2147852	25	4.3
1528258963.72	4300	59.748703	0.0	2191074	21	4.3
1528258967.89	4300	59.747716	0.0	2286761	24	4.3
1528258971.57	4300	59.998246	0.0	2307787	26	4.3
1528258975.73	4300	59.749287	0.0	2143948	27	4.3
1528258979.88	4300	59.74902	0.0	1919781	18	4.3
1528258983.53	4300	59.999463	0.0	2147467	22	4.3
1528258987.7	4300	59.748724	0.0	2133870	25	4.3
1528258991.86	4300	59.749166	0.0	2146120	24	4.3
1528258995.51	4300	59.998852	0.0	2108491	20	4.3
1528258999.67	4300	59.749608	0.0	2184571	25	4.3
1528259003.82	4300	59.749075	0.0	2121928	19	4.3
1528259007.48	4300	59.998506	0.0	2219102	25	4.3
1528259011.63	4300	59.999464	0.0	2124950	22	4.3
1528259015.78	4300	59.748885	0.0	2246506	26	4.3
