1527757884.36	750	4	0.03	2354772	9	-0.129
1527757884.49	4300	7.960435	0.0	2123065	20	0.75
1527757884.56	4300	11.885598	0.0	2177073	13	4.3
1527757884.64	4300	15.808291	0.0	2160877	12	4.3
1527757884.71	4300	19.739369	0.0	2233056	10	4.3
1527757884.77	4300	23.676442	0.0	1941625	7	4.3
1527757884.84	4300	27.605633	0.0	2157535	7	4.3
1527757884.91	4300	31.539627	0.0	2290172	8	4.3
1527757884.97	4300	35.474626	0.0	2055469	7	4.3
1527757885.04	4300	39.408153	0.0	2169201	7	4.3
1527757885.1	4300	43.344122	0.0	2173522	7	4.3
1527757885.19	4300	47.254115	0.0	2102452	20	4.3
1527757885.27	4300	51.176235	0.0	2209463	14	4.3
1527757885.35	4300	55.095515	0.0	2275376	10	4.3
1527757885.42	4300	59.026971	0.0	2005399	5	4.3
1527757888.49	4300	59.998067	0.0	2152483	7	4.3
1527757892.59	4300	59.997864	0.0	2289689	19	4.3
1527757896.7	4300	59.998554	0.0	2059512	22	4.3
1527757900.81	4300	59.749227	0.0	2220726	23	4.3
1527757904.91	4300	59.749462	0.0	2156729	26	4.3
1527757908.53	4300	59.997665	0.0	2039773	23	4.3
1527757912.63	4300	59.998768	0.0	2176469	22	4.3
1527757916.75	4300	59.749114	0.0	2221506	24	4.3
1527757920.85	4300	59.748335	0.0	2044075	21	4.3
1527757924.96	4300	59.498119	0.0	2186790	23	4.3
1527757928.56	4300	59.999456	0.0	2105231	27	4.3
1527757932.67	4300	59.998238	0.0	2395588	24	4.3
1527757936.77	4300	59.748831	0.0	1972048	23	4.3
1527757940.88	4300	59.748696	0.0	2134614	24	4.3
1527757944.99	4300	59.497699	0.0	2164140	24	4.3
1527757948.6	4300	59.998161	0.0	2113193	24	4.3
1527757952.74	4300	59.749178	0.0	2147852	23	4.3
1527757956.85	4300	59.749031	0.0	2191074	25	4.3
1527757960.97	4300	59.499263	0.0	2286761	24	4.3
1527757964.57	4300	59.997956	0.0	2307787	22	4.3
1527757968.68	4300	59.998618	0.0	2143948	20	4.3
1527757972.78	4300	59.7496	0.0	1919781	18	4.3
1527757976.86	4300	59.749645	0.0	2147467	11	4.3
1527757980.46	4300	59.998425	0.0	2133870	24	4.3
1527757984.57	4300	59.999161	0.0	2146120	26	4.3
1527757988.68	4300	59.99881	0.0	2108491	24	4.3
1527757992.78	4300	59.749232	0.0	2184571	26	4.3
1527757996.89	4300	59.749636	0.0	2121928	23	4.3
1527758000.51	4300	59.997734	0.0	2219102	25	4.3
1527758004.61	4300	59.998653	0.0	2124950	21	4.3
1527758008.73	4300	59.74782	0.0	2246506	25	4.3
1527758012.83	4300	59.748766	0.0	1961140	15	4.3
1527758016.94	4300	59.749208	0.0	2155012	26	4.3
1527758018.54	4300	59.678822	0.0	1433658	16	4.3

1527758018.75	750	4	0.015	668286	5	-0.0645
1527758018.82	4300	7.980307	0.0	2123065	6	0.75
1527758018.92	4300	11.890041	0.0	2177073	18	4.3
1527758019.0	4300	15.8042	0.0	2160877	17	4.3
1527758019.1	4300	19.708786	0.0	2233056	20	4.3
1527758019.16	4300	23.641503	0.0	1941625	8	4.3
1527758019.24	4300	27.565925	0.0	2157535	9	4.3
1527758019.3	4300	31.501842	0.0	2290172	7	4.3
1527758019.37	4300	35.438314	0.0	2055469	8	4.3
1527758019.43	4300	39.374874	0.0	2169201	9	4.3
1527758019.49	4300	43.311641	0.0	2173522	7	4.3
1527758019.56	4300	47.243601	0.0	2102452	7	4.3
1527758019.64	4300	51.160751	0.0	2209463	20	4.3
1527758019.71	4300	55.091184	0.0	2275376	9	4.3
1527758019.78	4300	59.022372	0.0	2005399	9	4.3
1527758023.37	4300	59.498974	0.0	2152483	9	4.3
1527758026.97	4300	59.999205	0.0	2289689	24	4.3
1527758031.08	4300	59.747769	0.0	2059512	18	4.3
1527758035.18	4300	59.748592	0.0	2220726	23	4.3
1527758039.29	4300	59.748546	0.0	2156729	25	4.3
1527758043.4	4300	59.499539	0.0	2039773	21	4.3
1527758047.51	4300	59.498796	0.0	2176469	25	4.3
1527758051.12	4300	59.74939	0.0	2221506	24	4.3
1527758055.23	4300	59.74889	0.0	2044075	16	4.3
1527758058.83	4300	59.99864	0.0	2186790	23	4.3
1527758063.44	4300	59.499031	0.0	2105231	22	4.3
1527758067.05	4300	59.999421	0.0	2395588	26	4.3
1527758071.13	4300	59.748873	0.0	1972048	10	4.3
1527758075.23	4300	59.748951	0.0	2134614	20	4.3
1527758078.84	4300	59.997744	0.0	2164140	25	4.3
1527758082.95	4300	59.998868	0.0	2113193	17	4.3
1527758087.06	4300	59.748787	0.0	2147852	22	4.3
1527758091.17	4300	59.748743	0.0	2191074	21	4.3
1527758095.27	4300	59.749387	0.0	2286761	24	4.3
1527758098.88	4300	59.997865	0.0	2307787	25	4.3
1527758103.49	4300	59.498754	0.0	2143948	19	4.3
1527758107.1	4300	59.7482	0.0	1919781	21	4.3
1527758111.19	4300	59.749563	0.0	2147467	13	4.3
1527758115.29	4300	59.748952	0.0	2133870	19	4.3
1527758118.91	4300	59.999294	0.0	2146120	20	4.3
1527758123.58	4300	59.498899	0.0	2108491	24	4.3
1527758127.19	4300	59.749641	0.0	2184571	18	4.3
1527758131.3	4300	59.749339	0.0	2121928	26	4.3
1527758134.91	4300	59.997577	0.0	2219102	24	4.3
