1527635173.21	750	4	0.013	450283	1	-0.05589999999999995
1527635173.37	4300	7.952311	0.0	2123065	17	0.75
1527635173.51	4300	11.809046	0.0	2177073	25	4.3
1527635173.66	4300	15.661146	0.0	2160877	28	4.3
1527635173.81	4300	19.514616	0.0	2233056	24	4.3
1527635173.96	4300	23.365446	0.0	1941625	23	4.3
1527635174.1	4300	27.228433	0.0	2157535	20	4.3
1527635174.24	4300	31.084891	0.0	2290172	25	4.3
1527635174.39	4300	34.937735	0.0	2055469	24	4.3
1527635174.53	4300	38.790249	0.0	2169201	24	4.3
1527635174.68	4300	42.644557	0.0	2173522	27	4.3
1527635174.82	4300	46.507786	0.0	2102452	19	4.3
1527635174.96	4300	50.36353	0.0	2209463	26	4.3
1527635175.1	4300	54.220229	0.0	2275376	27	4.3
1527635175.24	4300	58.08205	0.0	2005399	16	4.3
1527635177.4	4300	59.998515	0.0	2152483	10	4.3
1527635181.55	4300	59.998992	0.0	2289689	22	4.3
1527635185.71	4300	59.748967	0.0	2059512	26	4.3
1527635189.36	4300	59.998939	0.0	2220726	23	4.3
1527635193.52	4300	59.999159	0.0	2156729	25	4.3
1527635197.68	4300	59.748178	0.0	2039773	24	4.3
1527635201.33	4300	59.998576	0.0	2176469	22	4.3
1527635205.49	4300	59.998964	0.0	2221506	26	4.3
1527635209.64	4300	59.749138	0.0	2044075	19	4.3
1527635213.79	4300	59.749621	0.0	2186790	26	4.3
1527635217.44	4300	59.999445	0.0	2105231	23	4.3
1527635221.6	4300	59.749646	0.0	2395588	30	4.3
1527635225.76	4300	59.749006	0.0	1972048	24	4.3
1527635229.91	4300	59.497989	0.0	2134614	21	4.3
1527635233.57	4300	59.998922	0.0	2164140	24	4.3
1527635237.74	4300	59.748089	0.0	2113193	24	4.3
1527635241.4	4300	59.999381	0.0	2147852	26	4.3
1527635246.05	4300	59.497766	0.0	2191074	18	4.3
1527635249.7	4300	59.748662	0.0	2286761	17	4.3
1527635253.35	4300	59.998636	0.0	2307787	28	4.3
1527635257.51	4300	59.999432	0.0	2143948	24	4.3
1527635261.67	4300	59.749464	0.0	1919781	20	4.3
1527635265.82	4300	59.749301	0.0	2147467	24	4.3
1527635269.54	4300	59.999281	0.0	2133870	23	4.3
1527635273.7	4300	59.749366	0.0	2146120	27	4.3
1527635277.35	4300	59.998873	0.0	2108491	23	4.3
1527635281.51	4300	59.998565	0.0	2184571	25	4.3
1527635285.67	4300	59.749351	0.0	2121928	25	4.3
1527635289.82	4300	59.748905	0.0	2219102	23	4.3
1527635293.48	4300	59.998955	0.0	2124950	26	4.3
1527635297.63	4300	59.749312	0.0	2246506	23	4.3
1527635301.76	4300	59.749525	0.0	1961140	23	4.3
1527635305.39	4300	59.99862	0.0	2155012	23	4.3
1527635307.5	4300	59.677588	0.0	1433658	17	4.3

1527635307.75	750	4	0.018	668286	2	-0.07740000000000002
1527635307.9	4300	7.949416	0.0	2123065	14	0.75
1527635308.04	4300	11.8082	0.0	2177073	25	4.3
1527635308.19	4300	15.660538	0.0	2160877	29	4.3
1527635308.34	4300	19.512523	0.0	2233056	28	4.3
1527635308.48	4300	23.365092	0.0	1941625	23	4.3
1527635308.62	4300	27.227307	0.0	2157535	19	4.3
1527635308.76	4300	31.084844	0.0	2290172	25	4.3
1527635308.91	4300	34.943138	0.0	2055469	24	4.3
1527635309.05	4300	38.79489	0.0	2169201	26	4.3
1527635309.21	4300	42.63484	0.0	2173522	22	4.3
1527635309.36	4300	46.490416	0.0	2102452	25	4.3
1527635309.5	4300	50.345507	0.0	2209463	25	4.3
1527635309.65	4300	54.195987	0.0	2275376	26	4.3
1527635309.79	4300	58.062812	0.0	2005399	19	4.3
1527635311.95	4300	59.999322	0.0	2152483	9	4.3
1527635316.1	4300	59.999402	0.0	2289689	26	4.3
1527635320.25	4300	59.749539	0.0	2059512	20	4.3
1527635323.91	4300	59.998678	0.0	2220726	24	4.3
1527635328.07	4300	59.99803	0.0	2156729	26	4.3
1527635332.23	4300	59.749119	0.0	2039773	22	4.3
1527635335.88	4300	59.99935	0.0	2176469	27	4.3
1527635340.04	4300	59.998448	0.0	2221506	25	4.3
1527635344.21	4300	59.749397	0.0	2044075	25	4.3
1527635347.86	4300	59.998606	0.0	2186790	19	4.3
1527635352.02	4300	59.999495	0.0	2105231	23	4.3
1527635356.19	4300	59.747974	0.0	2395588	29	4.3
1527635360.35	4300	59.748706	0.0	1972048	23	4.3
1527635364.07	4300	59.998591	0.0	2134614	22	4.3
1527635368.23	4300	59.748633	0.0	2164140	26	4.3
1527635371.88	4300	59.999104	0.0	2113193	24	4.3
1527635376.04	4300	59.999386	0.0	2147852	27	4.3
1527635380.2	4300	59.747548	0.0	2191074	21	4.3
1527635384.35	4300	59.49954	0.0	2286761	28	4.3
1527635388.01	4300	59.999361	0.0	2307787	21	4.3
1527635392.15	4300	59.748764	0.0	2143948	23	4.3
1527635396.31	4300	59.748526	0.0	1919781	22	4.3
1527635399.96	4300	59.998724	0.0	2147467	23	4.3
1527635404.12	4300	59.748896	0.0	2133870	25	4.3
1527635408.27	4300	59.749426	0.0	2146120	18	4.3
1527635411.93	4300	59.999128	0.0	2108491	24	4.3
1527635416.09	4300	59.997689	0.0	2184571	25	4.3
1527635420.24	4300	59.749437	0.0	2121928	20	4.3
1527635423.89	4300	59.998582	0.0	2219102	19	4.3
1527635428.04	4300	59.998871	0.0	2124950	22	4.3
