1528164933.06	750	4	0.022	2354772	8	-0.09460000000000002
1528164933.15	4300	7.965207	0.0	2123065	11	0.75
1528164933.24	4300	11.875271	0.0	2177073	19	4.3
1528164933.33	4300	15.787527	0.0	2160877	20	4.3
1528164933.42	4300	19.697841	0.0	2233056	15	4.3
1528164933.51	4300	23.608162	0.0	1941625	19	4.3
1528164933.6	4300	27.518281	0.0	2157535	20	4.3
1528164933.69	4300	31.427153	0.0	2290172	16	4.3
1528164933.77	4300	35.340957	0.0	2055469	18	4.3
1528164933.86	4300	39.249073	0.0	2169201	24	4.3
1528164933.95	4300	43.158532	0.0	2173522	22	4.3
1528164934.04	4300	47.069401	0.0	2102452	22	4.3
1528164934.13	4300	50.9795	0.0	2209463	21	4.3
1528164934.24	4300	54.875341	0.0	2275376	22	4.3
1528164934.33	4300	58.780629	0.0	2005399	23	4.3
1528164937.42	4300	59.747717	0.0	2152483	12	4.3
1528164941.53	4300	59.747661	0.0	2289689	26	4.3
1528164945.64	4300	59.498293	0.0	2059512	24	4.3
1528164949.25	4300	59.999136	0.0	2220726	26	4.3
1528164953.35	4300	59.998734	0.0	2156729	24	4.3
1528164957.46	4300	59.749619	0.0	2039773	23	4.3
1528164961.56	4300	59.749669	0.0	2176469	25	4.3
1528164965.66	4300	59.498855	0.0	2221506	18	4.3
1528164969.26	4300	59.998809	0.0	2044075	22	4.3
1528164973.36	4300	59.998961	0.0	2186790	26	4.3
1528164977.44	4300	59.749127	0.0	2105231	9	4.3
1528164981.55	4300	59.748996	0.0	2395588	30	4.3
1528164985.14	4300	59.998986	0.0	1972048	10	4.3
1528164989.24	4300	59.997932	0.0	2134614	20	4.3
1528164993.34	4300	59.998386	0.0	2164140	25	4.3
1528164997.45	4300	59.749014	0.0	2113193	25	4.3
1528165001.56	4300	59.749426	0.0	2147852	25	4.3
1528165005.17	4300	59.999234	0.0	2191074	22	4.3
1528165009.28	4300	59.998154	0.0	2286761	27	4.3
1528165013.39	4300	59.748813	0.0	2307787	26	4.3
1528165017.49	4300	59.749172	0.0	2143948	26	4.3
1528165021.6	4300	59.749631	0.0	1919781	24	4.3
1528165025.18	4300	59.99907	0.0	2147467	11	4.3
1528165029.28	4300	59.999388	0.0	2133870	22	4.3
1528165033.4	4300	59.749313	0.0	2146120	25	4.3
1528165037.5	4300	59.747889	0.0	2108491	25	4.3
1528165041.61	4300	59.749393	0.0	2184571	26	4.3
1528165045.22	4300	59.99946	0.0	2121928	27	4.3
1528165049.33	4300	59.997818	0.0	2219102	25	4.3
1528165053.43	4300	59.687275	0.0	2124950	26	4.3
1528165057.54	4300	59.748573	0.0	2246506	27	4.3
1528165061.64	4300	59.499592	0.0	1961140	23	4.3
1528165065.25	4300	59.99777	0.0	2155012	25	4.3
1528165067.36	4300	59.678	0.0	1433658	36	4.3

1528165067.57	750	4	0.026	2354772	7	-0.11180000000000001
1528165067.63	4300	7.985189	0.0	2123065	8	0.75
1528165067.73	4300	11.894675	0.0	2177073	22	4.3
1528165067.82	4300	15.796671	0.0	2160877	21	4.3
1528165067.93	4300	19.691118	0.0	2233056	30	4.3
1528165068.02	4300	23.602474	0.0	1941625	24	4.3
1528165068.1	4300	27.524935	0.0	2157535	13	4.3
1528165068.2	4300	31.422717	0.0	2290172	27	4.3
1528165068.29	4300	35.332773	0.0	2055469	23	4.3
1528165068.37	4300	39.245062	0.0	2169201	12	4.3
1528165068.46	4300	43.155041	0.0	2173522	21	4.3
1528165068.56	4300	47.060944	0.0	2102452	26	4.3
1528165068.66	4300	50.963988	0.0	2209463	25	4.3
1528165068.75	4300	54.867873	0.0	2275376	25	4.3
1528165068.84	4300	58.780675	0.0	2005399	18	4.3
1528165071.94	4300	59.749313	0.0	2152483	19	4.3
1528165076.09	4300	59.749062	0.0	2289689	26	4.3
1528165079.69	4300	59.999452	0.0	2059512	23	4.3
1528165084.29	4300	59.499563	0.0	2220726	25	4.3
1528165087.9	4300	59.7494	0.0	2156729	25	4.3
1528165092.01	4300	59.748785	0.0	2039773	25	4.3
1528165096.12	4300	59.749177	0.0	2176469	26	4.3
1528165099.73	4300	59.99918	0.0	2221506	26	4.3
1528165103.83	4300	59.999245	0.0	2044075	24	4.3
1528165107.95	4300	59.749543	0.0	2186790	26	4.3
1528165112.05	4300	59.749624	0.0	2105231	25	4.3
1528165115.67	4300	59.999495	0.0	2395588	29	4.3
1528165119.77	4300	59.999214	0.0	1972048	19	4.3
1528165123.88	4300	59.749484	0.0	2134614	19	4.3
1528165127.99	4300	59.749519	0.0	2164140	23	4.3
1528165132.1	4300	59.747844	0.0	2113193	27	4.3
1528165135.71	4300	59.999122	0.0	2147852	22	4.3
1528165140.31	4300	59.499363	0.0	2191074	22	4.3
1528165143.92	4300	59.749109	0.0	2286761	27	4.3
1528165148.03	4300	59.748771	0.0	2307787	23	4.3
1528165152.14	4300	59.498938	0.0	2143948	25	4.3
1528165155.75	4300	59.99872	0.0	1919781	23	4.3
1528165159.93	4300	59.99803	0.0	2147467	20	4.3
1528165164.03	4300	59.749385	0.0	2133870	18	4.3
1528165167.64	4300	59.998623	0.0	2146120	15	4.3
1528165172.25	4300	59.499117	0.0	2108491	26	4.3
1528165175.86	4300	59.999194	0.0	2184571	19	4.3
1528165179.96	4300	59.74919	0.0	2121928	15	4.3
1528165184.07	4300	59.749405	0.0	2219102	23	4.3
1528165187.67	4300	59.998733	0.0	2124950	21	4.3
1528165191.77	4300	59.99895	0.0	2246506	21	4.3
1528165195.88	4300	59.74882	0.0	1961140	24	4.3
1528165199.99	4300	59.747943	0.0	2155012	24	4.3
1528165201.58	4300	59.927926	0.0	1433658	17	4.3

1528165201.8	750	4	0.026	2354772	7	-0.11180000000000001
1528165201.9	4300	7.899445	0.0	2123065	8	0.75
1528165202.0	4300	11.797808	0.0	2177073	26	4.3
1528165202.08	4300	15.722746	0.0	2160877	12	4.3
1528165202.18	4300	19.618374	0.0	2233056	28	4.3
1528165202.28	4300	23.521363	0.0	1941625	22	4.3
1528165202.37	4300	27.430184	0.0	2157535	25	4.3
1528165202.46	4300	31.337127	0.0	2290172	22	4.3
1528165202.55	4300	35.245087	0.0	2055469	20	4.3
1528165202.65	4300	39.143631	0.0	2169201	24	4.3
1528165202.75	4300	43.044625	0.0	2173522	26	4.3
1528165202.84	4300	46.953904	0.0	2102452	23	4.3
1528165202.92	4300	50.875063	0.0	2209463	14	4.3
1528165203.02	4300	54.775236	0.0	2275376	26	4.3
1528165203.11	4300	58.684464	0.0	2005399	22	4.3
1528165206.21	4300	59.749446	0.0	2152483	26	4.3
1528165209.83	4300	59.998286	0.0	2289689	27	4.3
1528165213.93	4300	59.998294	0.0	2059512	23	4.3
1528165218.05	4300	59.999455	0.0	2220726	24	4.3
1528165222.16	4300	59.749606	0.0	2156729	25	4.3
1528165226.27	4300	59.748061	0.0	2039773	24	4.3
1528165230.38	4300	59.499526	0.0	2176469	25	4.3
1528165233.99	4300	59.999272	0.0	2221506	26	4.3
1528165238.13	4300	59.747701	0.0	2044075	23	4.3
1528165242.24	4300	59.748582	0.0	2186790	19	4.3
1528165245.84	4300	59.99916	0.0	2105231	22	4.3
1528165249.95	4300	59.998515	0.0	2395588	21	4.3
1528165254.05	4300	59.749336	0.0	1972048	22	4.3
1528165258.15	4300	59.749553	0.0	2134614	24	4.3
1528165262.26	4300	59.749135	0.0	2164140	26	4.3
1528165265.87	4300	59.99934	0.0	2113193	22	4.3
1528165269.98	4300	59.998943	0.0	2147852	23	4.3
1528165274.09	4300	59.74911	0.0	2191074	26	4.3
1528165278.2	4300	59.748875	0.0	2286761	28	4.3
1528165282.31	4300	59.499498	0.0	2307787	23	4.3
1528165285.91	4300	59.99938	0.0	2143948	26	4.3
1528165290.02	4300	59.999056	0.0	1919781	23	4.3
1528165294.12	4300	59.749625	0.0	2147467	25	4.3
1528165298.24	4300	59.748739	0.0	2133870	27	4.3
