1527742357.66	750	4	0.025	2354772	10	-0.10750000000000004
1527742357.8	4300	7.967035	0.0	2123065	20	0.75
1527742357.95	4300	11.820695	0.0	2177073	27	4.3
1527742358.07	4300	15.700485	0.0	2160877	10	4.3
1527742358.19	4300	19.578942	0.0	2233056	12	4.3
1527742358.31	4300	23.459176	0.0	1941625	11	4.3
1527742358.46	4300	27.313774	0.0	2157535	23	4.3
1527742358.61	4300	31.161581	0.0	2290172	27	4.3
1527742358.74	4300	35.029417	0.0	2055469	17	4.3
1527742358.88	4300	38.889493	0.0	2169201	25	4.3
1527742359.03	4300	42.743683	0.0	2173522	27	4.3
1527742359.14	4300	46.624523	0.0	2102452	12	4.3
1527742359.26	4300	50.504734	0.0	2209463	10	4.3
1527742359.43	4300	54.340188	0.0	2275376	27	4.3
1527742359.57	4300	58.201494	0.0	2005399	22	4.3
1527742362.2	4300	59.748886	0.0	2152483	12	4.3
1527742365.85	4300	59.999302	0.0	2289689	21	4.3
1527742370.51	4300	59.499364	0.0	2059512	22	4.3
1527742374.16	4300	59.748496	0.0	2220726	20	4.3
1527742377.82	4300	59.99828	0.0	2156729	24	4.3
1527742381.97	4300	59.998549	0.0	2039773	22	4.3
1527742386.12	4300	59.748641	0.0	2176469	18	4.3
1527742389.78	4300	59.999062	0.0	2221506	28	4.3
1527742393.92	4300	59.997541	0.0	2044075	16	4.3
1527742398.08	4300	59.749526	0.0	2186790	27	4.3
1527742402.23	4300	59.749103	0.0	2105231	21	4.3
1527742405.93	4300	59.998933	0.0	2395588	17	4.3
1527742410.08	4300	59.749027	0.0	1972048	24	4.3
1527742414.23	4300	59.74872	0.0	2134614	21	4.3
1527742417.89	4300	59.998704	0.0	2164140	28	4.3
1527742422.05	4300	59.748872	0.0	2113193	26	4.3
1527742426.2	4300	59.749464	0.0	2147852	21	4.3
1527742429.86	4300	59.999196	0.0	2191074	26	4.3
1527742434.02	4300	59.99903	0.0	2286761	27	4.3
1527742438.18	4300	59.74937	0.0	2307787	22	4.3
1527742441.83	4300	59.998893	0.0	2143948	25	4.3
1527742445.99	4300	59.99881	0.0	1919781	23	4.3
1527742450.18	4300	59.748421	0.0	2147467	20	4.3
1527742453.84	4300	59.999461	0.0	2133870	24	4.3
1527742458.0	4300	59.999482	0.0	2146120	21	4.3
1527742462.16	4300	59.748893	0.0	2108491	24	4.3
1527742465.81	4300	59.998202	0.0	2184571	20	4.3
1527742469.97	4300	59.999007	0.0	2121928	24	4.3
1527742474.13	4300	59.748679	0.0	2219102	23	4.3
1527742477.79	4300	59.997994	0.0	2124950	17	4.3
1527742481.94	4300	59.998368	0.0	2246506	26	4.3
1527742486.07	4300	59.734968	0.0	1961140	23	4.3
1527742490.2	4300	59.748332	0.0	2155012	11	4.3
1527742491.81	4300	59.677983	0.0	1433658	17	4.3

1527742492.03	750	4	0.015	668286	3	-0.0645
1527742492.21	4300	7.945286	0.0	2123065	21	0.75
1527742492.36	4300	11.799886	0.0	2177073	26	4.3
1527742492.48	4300	15.678225	0.0	2160877	13	4.3
1527742492.61	4300	19.547456	0.0	2233056	11	4.3
1527742492.73	4300	23.425677	0.0	1941625	10	4.3
1527742492.84	4300	27.316632	0.0	2157535	7	4.3
1527742492.95	4300	31.201263	0.0	2290172	7	4.3
1527742493.06	4300	35.091622	0.0	2055469	7	4.3
1527742493.21	4300	38.95312	0.0	2169201	21	4.3
1527742493.33	4300	42.822923	0.0	2173522	15	4.3
1527742493.45	4300	46.708814	0.0	2102452	8	4.3
1527742493.56	4300	50.596822	0.0	2209463	8	4.3
1527742493.7	4300	54.452903	0.0	2275376	29	4.3
1527742493.83	4300	58.325589	0.0	2005399	14	4.3
1527742496.48	4300	59.749642	0.0	2152483	25	4.3
1527742500.61	4300	59.748924	0.0	2289689	13	4.3
1527742504.28	4300	59.997686	0.0	2059512	24	4.3
1527742508.46	4300	59.748493	0.0	2220726	25	4.3
1527742512.61	4300	59.748317	0.0	2156729	20	4.3
1527742516.29	4300	59.9987	0.0	2039773	25	4.3
1527742520.44	4300	59.748957	0.0	2176469	19	4.3
1527742524.63	4300	59.748218	0.0	2221506	21	4.3
1527742528.28	4300	59.998772	0.0	2044075	17	4.3
1527742532.43	4300	59.7477	0.0	2186790	22	4.3
1527742536.59	4300	59.747838	0.0	2105231	25	4.3
1527742540.24	4300	59.998695	0.0	2395588	21	4.3
1527742544.4	4300	59.999289	0.0	1972048	22	4.3
1527742548.55	4300	59.749139	0.0	2134614	18	4.3
1527742552.2	4300	59.998976	0.0	2164140	24	4.3
1527742556.36	4300	59.999229	0.0	2113193	26	4.3
1527742560.52	4300	59.748783	0.0	2147852	21	4.3
1527742564.18	4300	59.999325	0.0	2191074	25	4.3
1527742568.33	4300	59.99766	0.0	2286761	28	4.3
1527742572.48	4300	59.748517	0.0	2307787	22	4.3
1527742576.65	4300	59.748205	0.0	2143948	25	4.3
1527742580.3	4300	59.999108	0.0	1919781	21	4.3
1527742584.45	4300	59.748762	0.0	2147467	23	4.3
1527742588.61	4300	59.749514	0.0	2133870	27	4.3
1527742592.26	4300	59.998256	0.0	2146120	21	4.3
1527742596.42	4300	59.747953	0.0	2108491	25	4.3
1527742600.59	4300	59.749439	0.0	2184571	26	4.3
1527742604.23	4300	59.998387	0.0	2121928	22	4.3
1527742608.39	4300	59.998166	0.0	2219102	25	4.3
1527742612.54	4300	59.748496	0.0	2124950	18	4.3
1527742616.19	4300	59.999032	0.0	2246506	25	4.3
1527742620.32	4300	59.999376	0.0	1961140	14	4.3
1527742624.44	4300	59.748462	0.0	2155012	23	4.3
1527742626.05	4300	59.927478	0.0	1433658	14	4.3

1527742626.28	750	4	0.013	668286	2	-0.05589999999999995
1527742626.44	4300	7.95296	0.0	2123065	14	0.75
1527742626.57	4300	11.819684	0.0	2177073	18	4.3
1527742626.7	4300	15.69946	0.0	2160877	9	4.3
1527742626.85	4300	19.545199	0.0	2233056	23	4.3
1527742626.97	4300	23.421639	0.0	1941625	10	4.3
1527742627.1	4300	27.294912	0.0	2157535	10	4.3
1527742627.27	4300	31.125927	0.0	2290172	25	4.3
1527742627.44	4300	34.952293	0.0	2055469	24	4.3
1527742627.57	4300	38.820358	0.0	2169201	15	4.3
1527742627.73	4300	42.668052	0.0	2173522	20	4.3
1527742627.87	4300	46.526248	0.0	2102452	26	4.3
1527742628.02	4300	50.371601	0.0	2209463	26	4.3
1527742628.16	4300	54.233369	0.0	2275376	17	4.3
1527742628.3	4300	58.100456	0.0	2005399	13	4.3
1527742630.94	4300	59.499672	0.0	2152483	14	4.3
1527742634.59	4300	59.999097	0.0	2289689	25	4.3
1527742638.75	4300	59.749605	0.0	2059512	25	4.3
1527742642.9	4300	59.499759	0.0	2220726	19	4.3
1527742647.05	4300	59.500616	0.0	2156729	24	4.3
1527742650.71	4300	59.750458	0.0	2039773	18	4.3
1527742654.86	4300	59.750192	0.0	2176469	25	4.3
1527742659.01	4300	59.500194	0.0	2221506	20	4.3
1527742662.72	4300	59.750026	0.0	2044075	23	4.3
1527742666.87	4300	59.749684	0.0	2186790	20	4.3
1527742671.03	4300	59.499971	0.0	2105231	25	4.3
1527742674.68	4300	59.749916	0.0	2395588	23	4.3
