1528274650.12	750	4	0.025	2354772	9	-0.10750000000000004
1528274650.26	4300	7.963301	0.0	2123065	22	0.75
1528274650.41	4300	11.805301	0.0	2177073	20	4.3
1528274650.56	4300	15.660556	0.0	2160877	24	4.3
1528274650.7	4300	19.515699	0.0	2233056	25	4.3
1528274650.85	4300	23.369992	0.0	1941625	23	4.3
1528274651.0	4300	27.22089	0.0	2157535	25	4.3
1528274651.15	4300	31.070676	0.0	2290172	25	4.3
1528274651.29	4300	34.932079	0.0	2055469	16	4.3
1528274651.46	4300	38.766237	0.0	2169201	23	4.3
1528274651.61	4300	42.615345	0.0	2173522	24	4.3
1528274651.75	4300	46.468279	0.0	2102452	25	4.3
1528274651.9	4300	50.318256	0.0	2209463	24	4.3
1528274652.08	4300	54.144448	0.0	2275376	24	4.3
1528274652.22	4300	58.004847	0.0	2005399	18	4.3
1528274654.87	4300	59.499081	0.0	2152483	21	4.3
1528274658.54	4300	59.749279	0.0	2289689	26	4.3
1528274662.71	4300	59.748743	0.0	2059512	22	4.3
1528274666.37	4300	59.99879	0.0	2220726	24	4.3
1528274670.53	4300	59.748306	0.0	2156729	24	4.3
1528274674.74	4300	59.749299	0.0	2039773	25	4.3
1528274678.39	4300	59.99791	0.0	2176469	25	4.3
1528274682.57	4300	59.747755	0.0	2221506	24	4.3
1528274686.72	4300	59.749291	0.0	2044075	23	4.3
1528274690.39	4300	59.998994	0.0	2186790	24	4.3
1528274694.54	4300	59.749252	0.0	2105231	18	4.3
1528274698.69	4300	59.749102	0.0	2395588	27	4.3
1528274702.34	4300	59.998799	0.0	1972048	22	4.3
1528274706.5	4300	59.748201	0.0	2134614	25	4.3
1528274710.65	4300	59.748671	0.0	2164140	21	4.3
1528274714.3	4300	59.999179	0.0	2113193	24	4.3
1528274718.46	4300	59.998003	0.0	2147852	23	4.3
1528274722.62	4300	59.748996	0.0	2191074	27	4.3
1528274726.27	4300	59.999147	0.0	2286761	25	4.3
1528274730.44	4300	59.998732	0.0	2307787	26	4.3
1528274734.59	4300	59.747712	0.0	2143948	17	4.3
1528274738.24	4300	59.998927	0.0	1919781	22	4.3
1528274742.39	4300	59.998797	0.0	2147467	19	4.3
1528274746.57	4300	59.749408	0.0	2133870	35	4.3
1528274750.72	4300	59.4988	0.0	2146120	21	4.3
1528274754.91	4300	59.497755	0.0	2108491	23	4.3
1528274758.56	4300	59.7496	0.0	2184571	20	4.3
1528274762.82	4300	59.747761	0.0	2121928	23	4.3
1528274766.51	4300	59.749653	0.0	2219102	21	4.3
1528274770.67	4300	59.749302	0.0	2124950	22	4.3
1528274774.31	4300	59.998942	0.0	2246506	23	4.3
1528274778.44	4300	59.997972	0.0	1961140	20	4.3
1528274782.58	4300	59.74942	0.0	2155012	23	4.3
1528274784.18	4300	59.929128	0.0	1433658	17	4.3

1528274784.4	750	4	0.022	668286	3	-0.09460000000000002
1528274784.55	4300	7.955051	0.0	2123065	15	0.75
1528274784.69	4300	11.812398	0.0	2177073	23	4.3
1528274784.84	4300	15.665534	0.0	2160877	27	4.3
1528274784.98	4300	19.521114	0.0	2233056	15	4.3
1528274785.12	4300	23.383697	0.0	1941625	17	4.3
1528274785.26	4300	27.245639	0.0	2157535	22	4.3
1528274785.41	4300	31.097338	0.0	2290172	25	4.3
1528274785.55	4300	34.954366	0.0	2055469	22	4.3
1528274785.68	4300	38.821459	0.0	2169201	21	4.3
1528274785.82	4300	42.680777	0.0	2173522	24	4.3
1528274785.97	4300	46.530419	0.0	2102452	25	4.3
1528274786.12	4300	50.381644	0.0	2209463	24	4.3
1528274786.27	4300	54.235317	0.0	2275376	26	4.3
1528274786.4	4300	58.101796	0.0	2005399	19	4.3
1528274788.56	4300	59.998717	0.0	2152483	40	4.3
1528274792.71	4300	59.999364	0.0	2289689	29	4.3
1528274796.87	4300	59.748758	0.0	2059512	22	4.3
1528274800.52	4300	59.998572	0.0	2220726	24	4.3
1528274804.68	4300	59.998497	0.0	2156729	23	4.3
1528274808.83	4300	59.74929	0.0	2039773	22	4.3
1528274812.99	4300	59.748982	0.0	2176469	24	4.3
1528274816.64	4300	59.997965	0.0	2221506	22	4.3
1528274820.8	4300	59.748717	0.0	2044075	24	4.3
1528274824.94	4300	59.747721	0.0	2186790	20	4.3
1528274828.6	4300	59.999018	0.0	2105231	22	4.3
1528274832.76	4300	59.749282	0.0	2395588	26	4.3
1528274836.92	4300	59.748308	0.0	1972048	20	4.3
1528274840.58	4300	59.999401	0.0	2134614	24	4.3
1528274844.74	4300	59.998651	0.0	2164140	25	4.3
1528274848.89	4300	59.748699	0.0	2113193	21	4.3
1528274852.64	4300	59.998986	0.0	2147852	24	4.3
1528274856.8	4300	59.748921	0.0	2191074	25	4.3
1528274860.95	4300	59.748121	0.0	2286761	21	4.3
1528274864.61	4300	59.998176	0.0	2307787	25	4.3
1528274868.75	4300	59.997852	0.0	2143948	17	4.3
1528274872.88	4300	59.7492	0.0	1919781	12	4.3
1528274877.04	4300	59.497911	0.0	2147467	24	4.3
1528274880.7	4300	59.998282	0.0	2133870	24	4.3
1528274884.85	4300	59.747981	0.0	2146120	23	4.3
1528274889.0	4300	59.749676	0.0	2108491	22	4.3
1528274892.65	4300	59.999278	0.0	2184571	25	4.3
1528274896.82	4300	59.747667	0.0	2121928	25	4.3
1528274900.97	4300	59.749624	0.0	2219102	23	4.3
1528274904.62	4300	59.998487	0.0	2124950	23	4.3
1528274908.76	4300	59.749709	0.0	2246506	24	4.3
1528274912.9	4300	59.74947	0.0	1961140	22	4.3
1528274916.52	4300	59.999061	0.0	2155012	19	4.3
1528274918.63	4300	59.679001	0.0	1433658	17	4.3

1528274918.86	750	4	0.013	668286	2	-0.05589999999999995
1528274919.01	4300	7.953404	0.0	2123065	17	0.75
1528274919.16	4300	11.805949	0.0	2177073	23	4.3
1528274919.3	4300	15.657105	0.0	2160877	17	4.3
1528274919.45	4300	19.50696	0.0	2233056	16	4.3
1528274919.6	4300	23.364489	0.0	1941625	21	4.3
1528274919.74	4300	27.215485	0.0	2157535	25	4.3
1528274919.88	4300	31.079328	0.0	2290172	22	4.3
1528274920.02	4300	34.940983	0.0	2055469	22	4.3
1528274920.15	4300	38.810237	0.0	2169201	17	4.3
1528274920.29	4300	42.669664	0.0	2173522	22	4.3
1528274920.44	4300	46.523955	0.0	2102452	25	4.3
1528274920.58	4300	50.37867	0.0	2209463	26	4.3
1528274920.73	4300	54.231045	0.0	2275376	25	4.3
1528274920.87	4300	58.093941	0.0	2005399	18	4.3
1528274923.03	4300	59.998482	0.0	2152483	9	4.3
1528274927.23	4300	59.999372	0.0	2289689	27	4.3
1528274931.48	4300	59.749024	0.0	2059512	23	4.3
1528274935.14	4300	59.999096	0.0	2220726	25	4.3
1528274939.3	4300	59.748573	0.0	2156729	25	4.3
1528274943.45	4300	59.748324	0.0	2039773	19	4.3
1528274947.11	4300	59.999191	0.0	2176469	24	4.3
1528274951.27	4300	59.748868	0.0	2221506	27	4.3
1528274955.42	4300	59.748859	0.0	2044075	20	4.3
1528274959.57	4300	59.499233	0.0	2186790	23	4.3
