1527795547.36	750	4	0.025	2354772	11	-0.10750000000000004
1527795547.49	4300	7.960942	0.0	2123065	24	0.75
1527795547.56	4300	11.88282	0.0	2177073	13	4.3
1527795547.63	4300	15.818841	0.0	2160877	7	4.3
1527795547.7	4300	19.753142	0.0	2233056	7	4.3
1527795547.78	4300	23.663919	0.0	1941625	18	4.3
1527795547.85	4300	27.593756	0.0	2157535	9	4.3
1527795547.92	4300	31.524101	0.0	2290172	9	4.3
1527795547.99	4300	35.456747	0.0	2055469	9	4.3
1527795548.06	4300	39.387766	0.0	2169201	9	4.3
1527795548.13	4300	43.318034	0.0	2173522	8	4.3
1527795548.19	4300	47.251395	0.0	2102452	8	4.3
1527795548.3	4300	51.153695	0.0	2209463	23	4.3
1527795548.38	4300	55.062919	0.0	2275376	12	4.3
1527795548.45	4300	58.999713	0.0	2005399	5	4.3
1527795551.53	4300	59.997556	0.0	2152483	6	4.3
1527795555.64	4300	59.998361	0.0	2289689	27	4.3
1527795559.79	4300	59.747971	0.0	2059512	23	4.3
1527795563.98	4300	59.749247	0.0	2220726	20	4.3
1527795567.59	4300	59.998458	0.0	2156729	27	4.3
1527795571.7	4300	59.99764	0.0	2039773	19	4.3
1527795575.8	4300	59.748304	0.0	2176469	21	4.3
1527795579.91	4300	59.74809	0.0	2221506	24	4.3
1527795583.52	4300	59.998692	0.0	2044075	21	4.3
1527795587.63	4300	59.998199	0.0	2186790	18	4.3
1527795591.74	4300	59.749124	0.0	2105231	20	4.3
1527795595.84	4300	59.748713	0.0	2395588	25	4.3
1527795599.92	4300	59.748579	0.0	1972048	10	4.3
1527795603.53	4300	59.999274	0.0	2134614	24	4.3
1527795607.64	4300	59.99868	0.0	2164140	22	4.3
1527795611.74	4300	59.748977	0.0	2113193	22	4.3
1527795615.85	4300	59.748325	0.0	2147852	23	4.3
1527795619.47	4300	59.99919	0.0	2191074	24	4.3
1527795623.58	4300	59.998832	0.0	2286761	25	4.3
1527795627.7	4300	59.997708	0.0	2307787	25	4.3
1527795631.81	4300	59.749172	0.0	2143948	25	4.3
1527795635.92	4300	59.747768	0.0	1919781	20	4.3
1527795639.5	4300	59.999459	0.0	2147467	12	4.3
1527795643.61	4300	59.998919	0.0	2133870	19	4.3
1527795647.73	4300	59.748658	0.0	2146120	18	4.3
1527795651.83	4300	59.748663	0.0	2108491	19	4.3
1527795655.93	4300	59.74863	0.0	2184571	19	4.3
1527795660.04	4300	59.498997	0.0	2121928	24	4.3
1527795663.65	4300	59.998172	0.0	2219102	25	4.3
1527795667.75	4300	59.748744	0.0	2124950	13	4.3
1527795671.86	4300	59.747825	0.0	2246506	25	4.3
1527795675.47	4300	59.999369	0.0	1961140	22	4.3
1527795679.57	4300	59.99932	0.0	2155012	24	4.3
1527795681.66	4300	59.679277	0.0	1433658	16	4.3

1527795681.87	750	4	0.01	668286	3	-0.04300000000000004
1527795681.95	4300	7.976779	0.0	2123065	7	0.75
1527795682.01	4300	11.912399	0.0	2177073	7	4.3
1527795682.09	4300	15.831428	0.0	2160877	16	4.3
1527795682.17	4300	19.756908	0.0	2233056	12	4.3
1527795682.24	4300	23.685023	0.0	1941625	11	4.3
1527795682.32	4300	27.607969	0.0	2157535	12	4.3
1527795682.4	4300	31.52495	0.0	2290172	13	4.3
1527795682.47	4300	35.451533	0.0	2055469	11	4.3
1527795682.54	4300	39.385874	0.0	2169201	7	4.3
1527795682.6	4300	43.321781	0.0	2173522	6	4.3
1527795682.67	4300	47.25698	0.0	2102452	6	4.3
1527795682.74	4300	51.183653	0.0	2209463	7	4.3
1527795682.81	4300	55.120341	0.0	2275376	7	4.3
1527795682.91	4300	59.020247	0.0	2005399	24	4.3
1527795686.02	4300	59.999012	0.0	2152483	22	4.3
1527795690.13	4300	59.998979	0.0	2289689	25	4.3
1527795694.24	4300	59.748058	0.0	2059512	23	4.3
1527795698.35	4300	59.748972	0.0	2220726	26	4.3
1527795701.96	4300	59.99718	0.0	2156729	25	4.3
1527795706.07	4300	59.999255	0.0	2039773	21	4.3
1527795710.68	4300	59.499065	0.0	2176469	23	4.3
1527795714.28	4300	59.749267	0.0	2221506	22	4.3
1527795718.39	4300	59.748945	0.0	2044075	22	4.3
1527795722.54	4300	59.499075	0.0	2186790	23	4.3
1527795726.65	4300	59.49961	0.0	2105231	20	4.3
1527795730.25	4300	59.748605	0.0	2395588	26	4.3
1527795734.36	4300	59.749046	0.0	1972048	18	4.3
1527795737.96	4300	59.999234	0.0	2134614	23	4.3
1527795742.57	4300	59.499144	0.0	2164140	20	4.3
1527795746.18	4300	59.999164	0.0	2113193	25	4.3
1527795750.29	4300	59.749212	0.0	2147852	22	4.3
1527795754.4	4300	59.749391	0.0	2191074	22	4.3
1527795758.01	4300	59.998976	0.0	2286761	20	4.3
1527795762.62	4300	59.499868	0.0	2307787	20	4.3
1527795766.22	4300	59.74976	0.0	2143948	24	4.3
1527795770.32	4300	59.749114	0.0	1919781	22	4.3
1527795774.43	4300	59.749908	0.0	2147467	24	4.3
1527795778.55	4300	59.498862	0.0	2133870	24	4.3
1527795782.66	4300	59.499052	0.0	2146120	23	4.3
1527795786.27	4300	59.749556	0.0	2108491	20	4.3
1527795790.37	4300	59.749782	0.0	2184571	18	4.3
1527795793.97	4300	59.998575	0.0	2121928	23	4.3
1527795798.58	4300	59.49946	0.0	2219102	22	4.3
1527795802.19	4300	59.749001	0.0	2124950	23	4.3
1527795806.3	4300	59.749822	0.0	2246506	25	4.3
1527795810.42	4300	59.749147	0.0	1961140	22	4.3
1527795814.09	4300	59.998369	0.0	2155012	12	4.3
1527795815.69	4300	59.929622	0.0	1433658	17	4.3

1527795815.88	750	4	0.017	668286	4	-0.07309999999999994
1527795815.95	4300	7.979183	0.0	2123065	5	0.75
1527795816.05	4300	11.883011	0.0	2177073	23	4.3
1527795816.13	4300	15.80196	0.0	2160877	14	4.3
1527795816.23	4300	19.70483	0.0	2233056	18	4.3
1527795816.29	4300	23.641355	0.0	1941625	5	4.3
1527795816.35	4300	27.578992	0.0	2157535	7	4.3
1527795816.42	4300	31.511831	0.0	2290172	8	4.3
1527795816.48	4300	35.447544	0.0	2055469	5	4.3
1527795816.56	4300	39.373735	0.0	2169201	7	4.3
1527795816.62	4300	43.308782	0.0	2173522	9	4.3
1527795816.68	4300	47.245646	0.0	2102452	6	4.3
1527795816.75	4300	51.181305	0.0	2209463	6	4.3
1527795816.82	4300	55.115103	0.0	2275376	7	4.3
1527795816.88	4300	59.051144	0.0	2005399	7	4.3
