1527634681.65	750	4	0.01	450283	1	-0.04300000000000004
1527634681.78	4300	7.955122	0.0	2123065	16	0.75
1527634681.87	4300	11.867931	0.0	2177073	16	4.3
1527634681.97	4300	15.771881	0.0	2160877	23	4.3
1527634682.05	4300	19.688497	0.0	2233056	15	4.3
1527634682.14	4300	23.597729	0.0	1941625	18	4.3
1527634682.21	4300	27.52735	0.0	2157535	8	4.3
1527634682.28	4300	31.459447	0.0	2290172	10	4.3
1527634682.37	4300	35.3664	0.0	2055469	16	4.3
1527634682.47	4300	39.265094	0.0	2169201	25	4.3
1527634682.58	4300	43.16441	0.0	2173522	27	4.3
1527634682.65	4300	47.082094	0.0	2102452	16	4.3
1527634682.72	4300	51.013414	0.0	2209463	9	4.3
1527634682.81	4300	54.923604	0.0	2275376	19	4.3
1527634682.9	4300	58.833814	0.0	2005399	19	4.3
1527634686.03	4300	59.748694	0.0	2152483	21	4.3
1527634690.14	4300	59.749218	0.0	2289689	21	4.3
1527634694.24	4300	59.749151	0.0	2059512	19	4.3
1527634698.35	4300	59.4987	0.0	2220726	21	4.3
1527634702.46	4300	59.499215	0.0	2156729	20	4.3
1527634706.06	4300	59.749384	0.0	2039773	22	4.3
1527634710.16	4300	59.749623	0.0	2176469	22	4.3
1527634713.77	4300	59.99916	0.0	2221506	25	4.3
1527634717.87	4300	59.999384	0.0	2044075	21	4.3
1527634721.99	4300	59.999323	0.0	2186790	23	4.3
1527634726.09	4300	59.749129	0.0	2105231	23	4.3
1527634730.21	4300	59.749084	0.0	2395588	27	4.3
1527634734.29	4300	59.499136	0.0	1972048	10	4.3
1527634737.9	4300	59.998076	0.0	2134614	24	4.3
1527634742.0	4300	59.748978	0.0	2164140	21	4.3
1527634746.1	4300	59.748604	0.0	2113193	23	4.3
1527634750.21	4300	59.748197	0.0	2147852	24	4.3
1527634753.82	4300	59.998626	0.0	2191074	25	4.3
1527634757.93	4300	59.997933	0.0	2286761	22	4.3
1527634762.04	4300	59.747667	0.0	2307787	22	4.3
1527634766.14	4300	59.74792	0.0	2143948	22	4.3
1527634769.76	4300	59.998959	0.0	1919781	21	4.3
1527634773.86	4300	59.997501	0.0	2147467	19	4.3
1527634777.97	4300	59.998002	0.0	2133870	23	4.3
1527634782.14	4300	59.749243	0.0	2146120	22	4.3
1527634785.87	4300	59.998786	0.0	2108491	19	4.3
1527634790.02	4300	59.749605	0.0	2184571	25	4.3
1527634794.13	4300	59.749108	0.0	2121928	23	4.3
1527634798.24	4300	59.747957	0.0	2219102	27	4.3
1527634801.85	4300	59.999228	0.0	2124950	22	4.3
1527634805.96	4300	59.999209	0.0	2246506	22	4.3
1527634810.06	4300	59.74778	0.0	1961140	20	4.3
1527634814.17	4300	59.749301	0.0	2155012	25	4.3
1527634815.77	4300	59.678975	0.0	1433658	17	4.3

1527634815.94	750	4	0.013	668286	2	-0.05589999999999995
1527634816.05	4300	7.946222	0.0	2123065	20	0.75
1527634816.14	4300	11.855179	0.0	2177073	18	4.3
1527634816.25	4300	15.751705	0.0	2160877	25	4.3
1527634816.33	4300	19.664754	0.0	2233056	16	4.3
1527634816.44	4300	23.558875	0.0	1941625	25	4.3
1527634816.51	4300	27.486024	0.0	2157535	12	4.3
1527634816.6	4300	31.390622	0.0	2290172	17	4.3
1527634816.67	4300	35.325908	0.0	2055469	9	4.3
1527634816.75	4300	39.242109	0.0	2169201	19	4.3
1527634816.83	4300	43.168902	0.0	2173522	12	4.3
1527634816.93	4300	47.07064	0.0	2102452	17	4.3
1527634817.03	4300	50.96985	0.0	2209463	26	4.3
1527634817.13	4300	54.872554	0.0	2275376	24	4.3
1527634817.22	4300	58.779792	0.0	2005399	20	4.3
1527634820.32	4300	59.749359	0.0	2152483	20	4.3
1527634824.4	4300	59.749738	0.0	2289689	12	4.3
1527634828.01	4300	59.997944	0.0	2059512	22	4.3
1527634832.12	4300	59.997842	0.0	2220726	24	4.3
1527634836.22	4300	59.998296	0.0	2156729	23	4.3
1527634840.33	4300	59.749244	0.0	2039773	22	4.3
1527634844.44	4300	59.749502	0.0	2176469	23	4.3
1527634848.55	4300	59.499329	0.0	2221506	24	4.3
1527634852.25	4300	59.998437	0.0	2044075	22	4.3
1527634856.36	4300	59.748426	0.0	2186790	26	4.3
1527634860.49	4300	59.749705	0.0	2105231	22	4.3
1527634864.1	4300	59.998505	0.0	2395588	27	4.3
1527634868.7	4300	59.498649	0.0	1972048	23	4.3
1527634872.32	4300	59.749298	0.0	2134614	24	4.3
1527634876.44	4300	59.722147	0.0	2164140	24	4.3
1527634880.54	4300	59.499426	0.0	2113193	20	4.3
1527634884.14	4300	59.998475	0.0	2147852	26	4.3
1527634888.25	4300	59.999178	0.0	2191074	23	4.3
1527634892.36	4300	59.749602	0.0	2286761	27	4.3
1527634896.47	4300	59.749587	0.0	2307787	24	4.3
1527634900.07	4300	59.999333	0.0	2143948	23	4.3
1527634904.18	4300	59.998664	0.0	1919781	20	4.3
1527634908.29	4300	59.748872	0.0	2147467	25	4.3
1527634912.4	4300	59.749384	0.0	2133870	22	4.3
1527634916.0	4300	59.999492	0.0	2146120	24	4.3
1527634920.11	4300	59.999488	0.0	2108491	21	4.3
1527634924.72	4300	59.498146	0.0	2184571	24	4.3
1527634928.33	4300	59.749271	0.0	2121928	24	4.3
1527634932.44	4300	59.749806	0.0	2219102	23	4.3
1527634936.05	4300	59.998546	0.0	2124950	22	4.3
1527634940.19	4300	59.999103	0.0	2246506	21	4.3
1527634944.3	4300	59.745304	0.0	1961140	19	4.3
