1527626001.83	750	4	0.026	2354772	10	-0.11180000000000001
1527626001.95	4300	7.963138	0.0	2123065	21	0.75
1527626002.04	4300	11.873121	0.0	2177073	21	4.3
1527626002.13	4300	15.782454	0.0	2160877	20	4.3
1527626002.24	4300	19.679029	0.0	2233056	26	4.3
1527626002.33	4300	23.583807	0.0	1941625	23	4.3
1527626002.43	4300	27.485899	0.0	2157535	23	4.3
1527626002.53	4300	31.387104	0.0	2290172	22	4.3
1527626002.62	4300	35.29435	0.0	2055469	16	4.3
1527626002.71	4300	39.207793	0.0	2169201	16	4.3
1527626002.81	4300	43.103884	0.0	2173522	25	4.3
1527626002.91	4300	47.007696	0.0	2102452	25	4.3
1527626003.0	4300	50.914	0.0	2209463	27	4.3
1527626003.11	4300	54.80495	0.0	2275376	19	4.3
1527626003.2	4300	58.710238	0.0	2005399	22	4.3
1527626006.31	4300	59.748949	0.0	2152483	26	4.3
1527626009.92	4300	59.998822	0.0	2289689	26	4.3
1527626014.03	4300	59.998702	0.0	2059512	23	4.3
1527626018.14	4300	59.999414	0.0	2220726	26	4.3
1527626022.25	4300	59.748324	0.0	2156729	24	4.3
1527626026.36	4300	59.74939	0.0	2039773	22	4.3
1527626029.97	4300	59.997434	0.0	2176469	24	4.3
1527626034.07	4300	59.997814	0.0	2221506	22	4.3
1527626038.18	4300	59.748798	0.0	2044075	21	4.3
1527626042.29	4300	59.747928	0.0	2186790	25	4.3
1527626046.4	4300	59.747949	0.0	2105231	23	4.3
1527626050.01	4300	59.998667	0.0	2395588	27	4.3
1527626054.12	4300	59.998631	0.0	1972048	18	4.3
1527626058.23	4300	59.747916	0.0	2134614	23	4.3
1527626062.34	4300	59.749286	0.0	2164140	26	4.3
1527626065.94	4300	59.997709	0.0	2113193	23	4.3
1527626070.05	4300	59.997613	0.0	2147852	21	4.3
1527626074.16	4300	59.99795	0.0	2191074	19	4.3
1527626078.35	4300	59.748471	0.0	2286761	21	4.3
1527626081.97	4300	59.997685	0.0	2307787	30	4.3
1527626086.09	4300	59.998607	0.0	2143948	23	4.3
1527626090.19	4300	59.744413	0.0	1919781	23	4.3
1527626094.31	4300	59.747655	0.0	2147467	24	4.3
1527626098.42	4300	59.498478	0.0	2133870	25	4.3
1527626102.03	4300	59.998536	0.0	2146120	24	4.3
1527626106.13	4300	59.998747	0.0	2108491	23	4.3
1527626110.24	4300	59.748812	0.0	2184571	24	4.3
1527626114.35	4300	59.749027	0.0	2121928	26	4.3
1527626117.96	4300	59.999242	0.0	2219102	26	4.3
1527626122.07	4300	59.846236	0.0	2124950	21	4.3
1527626126.18	4300	59.748137	0.0	2246506	21	4.3
1527626130.28	4300	59.749357	0.0	1961140	20	4.3
1527626134.39	4300	59.74798	0.0	2155012	24	4.3
1527626136.0	4300	59.679072	0.0	1433658	36	4.3

1527626136.2	750	4	0.011	668286	2	-0.04730000000000001
1527626136.31	4300	7.956782	0.0	2123065	12	0.75
1527626136.42	4300	11.850232	0.0	2177073	22	4.3
1527626136.53	4300	15.73357	0.0	2160877	25	4.3
1527626136.63	4300	19.635133	0.0	2233056	20	4.3
1527626136.72	4300	23.547271	0.0	1941625	15	4.3
1527626136.79	4300	27.470383	0.0	2157535	13	4.3
1527626136.88	4300	31.379968	0.0	2290172	20	4.3
1527626136.95	4300	35.312343	0.0	2055469	7	4.3
1527626137.02	4300	39.244637	0.0	2169201	9	4.3
1527626137.11	4300	43.154223	0.0	2173522	19	4.3
1527626137.19	4300	47.074838	0.0	2102452	15	4.3
1527626137.3	4300	50.971831	0.0	2209463	23	4.3
1527626137.4	4300	54.865091	0.0	2275376	26	4.3
1527626137.48	4300	58.785659	0.0	2005399	13	4.3
1527626140.59	4300	59.749921	0.0	2152483	24	4.3
1527626144.71	4300	59.749881	0.0	2289689	27	4.3
1527626148.82	4300	59.498963	0.0	2059512	23	4.3
1527626152.94	4300	59.500106	0.0	2220726	24	4.3
1527626156.55	4300	59.749857	0.0	2156729	23	4.3
1527626160.67	4300	59.749898	0.0	2039773	23	4.3
1527626164.78	4300	59.499844	0.0	2176469	25	4.3
1527626168.39	4300	59.998627	0.0	2221506	24	4.3
1527626173.0	4300	59.498603	0.0	2044075	24	4.3
1527626176.61	4300	59.74905	0.0	2186790	25	4.3
1527626180.72	4300	59.748915	0.0	2105231	21	4.3
1527626184.32	4300	59.998132	0.0	2395588	27	4.3
1527626188.92	4300	59.499707	0.0	1972048	20	4.3
1527626192.54	4300	59.749226	0.0	2134614	23	4.3
1527626196.65	4300	59.750262	0.0	2164140	22	4.3
1527626200.75	4300	59.750063	0.0	2113193	24	4.3
1527626204.86	4300	59.4994	0.0	2147852	23	4.3
1527626208.97	4300	59.500094	0.0	2191074	25	4.3
1527626212.59	4300	59.750196	0.0	2286761	24	4.3
1527626216.69	4300	59.749475	0.0	2307787	22	4.3
1527626220.3	4300	59.99881	0.0	2143948	21	4.3
1527626224.9	4300	59.499964	0.0	1919781	17	4.3
1527626228.51	4300	59.998644	0.0	2147467	24	4.3
1527626232.68	4300	59.749282	0.0	2133870	23	4.3
1527626236.27	4300	59.999319	0.0	2146120	13	4.3
1527626240.39	4300	59.998916	0.0	2108491	25	4.3
1527626244.5	4300	59.998794	0.0	2184571	25	4.3
1527626248.61	4300	59.749345	0.0	2121928	23	4.3
