1528169339.74	750	4	0.023	2354772	9	-0.09889999999999999
1528169339.83	4300	7.968036	0.0	2123065	18	0.75
1528169339.92	4300	11.869495	0.0	2177073	23	4.3
1528169340.02	4300	15.772182	0.0	2160877	25	4.3
1528169340.1	4300	19.692647	0.0	2233056	11	4.3
1528169340.2	4300	23.596195	0.0	1941625	23	4.3
1528169340.29	4300	27.499698	0.0	2157535	27	4.3
1528169340.37	4300	31.42478	0.0	2290172	13	4.3
1528169340.46	4300	35.337647	0.0	2055469	17	4.3
1528169340.56	4300	39.232635	0.0	2169201	27	4.3
1528169340.65	4300	43.143379	0.0	2173522	22	4.3
1528169340.73	4300	47.062541	0.0	2102452	14	4.3
1528169340.83	4300	50.960431	0.0	2209463	25	4.3
1528169340.92	4300	54.873697	0.0	2275376	12	4.3
1528169341.0	4300	58.79902	0.0	2005399	11	4.3
1528169344.1	4300	59.748334	0.0	2152483	19	4.3
1528169348.31	4300	59.749378	0.0	2289689	26	4.3
1528169351.92	4300	59.998647	0.0	2059512	20	4.3
1528169356.53	4300	59.498785	0.0	2220726	27	4.3
1528169360.13	4300	59.748933	0.0	2156729	19	4.3
1528169364.24	4300	59.749182	0.0	2039773	20	4.3
1528169367.84	4300	59.999255	0.0	2176469	24	4.3
1528169371.95	4300	59.998398	0.0	2221506	21	4.3
1528169376.05	4300	59.748785	0.0	2044075	24	4.3
1528169380.16	4300	59.74795	0.0	2186790	25	4.3
1528169384.27	4300	59.748111	0.0	2105231	27	4.3
1528169387.88	4300	59.999062	0.0	2395588	28	4.3
1528169391.98	4300	59.997925	0.0	1972048	21	4.3
1528169396.09	4300	59.74949	0.0	2134614	24	4.3
1528169400.16	4300	59.74803	0.0	2164140	8	4.3
1528169404.27	4300	59.749651	0.0	2113193	26	4.3
1528169407.88	4300	59.998739	0.0	2147852	25	4.3
1528169411.99	4300	59.998396	0.0	2191074	24	4.3
1528169416.1	4300	59.748208	0.0	2286761	24	4.3
1528169420.21	4300	59.748139	0.0	2307787	27	4.3
1528169423.82	4300	59.999283	0.0	2143948	27	4.3
1528169427.92	4300	59.999224	0.0	1919781	21	4.3
1528169432.03	4300	59.997897	0.0	2147467	26	4.3
1528169436.14	4300	59.748527	0.0	2133870	25	4.3
1528169440.3	4300	59.748789	0.0	2146120	26	4.3
1528169443.91	4300	59.998343	0.0	2108491	22	4.3
1528169448.02	4300	59.998441	0.0	2184571	26	4.3
1528169452.13	4300	59.749363	0.0	2121928	26	4.3
1528169456.24	4300	59.748639	0.0	2219102	25	4.3
1528169459.85	4300	59.998751	0.0	2124950	25	4.3
1528169463.95	4300	59.998469	0.0	2246506	24	4.3
1528169468.06	4300	59.998758	0.0	1961140	22	4.3
1528169472.17	4300	59.748176	0.0	2155012	26	4.3
1528169473.77	4300	59.928906	0.0	1433658	19	4.3

1528169473.96	750	4	0.025	2354772	7	-0.10750000000000004
1528169474.06	4300	7.956207	0.0	2123065	25	0.75
1528169474.16	4300	11.85865	0.0	2177073	25	4.3
1528169474.24	4300	15.77979	0.0	2160877	14	4.3
1528169474.33	4300	19.683115	0.0	2233056	22	4.3
1528169474.42	4300	23.59374	0.0	1941625	24	4.3
1528169474.52	4300	27.494647	0.0	2157535	15	4.3
1528169474.62	4300	31.399731	0.0	2290172	22	4.3
1528169474.7	4300	35.313243	0.0	2055469	17	4.3
1528169474.79	4300	39.222476	0.0	2169201	22	4.3
1528169474.89	4300	43.132346	0.0	2173522	15	4.3
1528169474.99	4300	47.030497	0.0	2102452	24	4.3
1528169475.08	4300	50.93339	0.0	2209463	28	4.3
1528169475.16	4300	54.858509	0.0	2275376	11	4.3
1528169475.24	4300	58.773729	0.0	2005399	18	4.3
1528169478.34	4300	59.748891	0.0	2152483	22	4.3
1528169482.44	4300	59.749748	0.0	2289689	20	4.3
1528169486.55	4300	59.499128	0.0	2059512	21	4.3
1528169490.15	4300	59.999098	0.0	2220726	24	4.3
1528169494.25	4300	59.999436	0.0	2156729	23	4.3
1528169498.36	4300	59.748863	0.0	2039773	25	4.3
1528169502.46	4300	59.748487	0.0	2176469	26	4.3
1528169506.58	4300	59.499114	0.0	2221506	25	4.3
1528169510.19	4300	59.99826	0.0	2044075	25	4.3
1528169514.29	4300	59.748915	0.0	2186790	25	4.3
1528169518.4	4300	59.749536	0.0	2105231	25	4.3
1528169522.51	4300	59.749658	0.0	2395588	28	4.3
1528169526.12	4300	59.999289	0.0	1972048	23	4.3
1528169530.22	4300	59.998739	0.0	2134614	25	4.3
1528169534.33	4300	59.747982	0.0	2164140	27	4.3
1528169538.44	4300	59.749575	0.0	2113193	26	4.3
1528169542.05	4300	59.997931	0.0	2147852	27	4.3
1528169546.16	4300	59.999015	0.0	2191074	24	4.3
1528169550.27	4300	59.999349	0.0	2286761	23	4.3
1528169554.38	4300	59.749592	0.0	2307787	25	4.3
1528169558.49	4300	59.749504	0.0	2143948	25	4.3
1528169562.09	4300	59.998834	0.0	1919781	23	4.3
1528169566.7	4300	59.498883	0.0	2147467	24	4.3
1528169570.31	4300	59.748903	0.0	2133870	24	4.3
1528169574.41	4300	59.749488	0.0	2146120	16	4.3
1528169578.52	4300	59.749243	0.0	2108491	23	4.3
1528169582.13	4300	59.997893	0.0	2184571	25	4.3
1528169586.24	4300	59.998043	0.0	2121928	22	4.3
1528169590.35	4300	59.748927	0.0	2219102	22	4.3
1528169594.45	4300	59.68733	0.0	2124950	24	4.3
1528169598.11	4300	59.999027	0.0	2246506	27	4.3
1528169602.22	4300	59.99921	0.0	1961140	23	4.3
1528169606.33	4300	59.749435	0.0	2155012	24	4.3
1528169607.94	4300	59.928322	0.0	1433658	35	4.3

1528169608.13	750	4	0.021	2354772	7	-0.09030000000000005
1528169608.19	4300	7.987694	0.0	2123065	6	0.75
1528169608.27	4300	11.911736	0.0	2177073	14	4.3
1528169608.37	4300	15.810489	0.0	2160877	26	4.3
1528169608.47	4300	19.714833	0.0	2233056	29	4.3
1528169608.55	4300	23.645868	0.0	1941625	12	4.3
1528169608.65	4300	27.538555	0.0	2157535	26	4.3
1528169608.72	4300	31.463191	0.0	2290172	13	4.3
1528169608.81	4300	35.374288	0.0	2055469	19	4.3
1528169608.91	4300	39.268673	0.0	2169201	12	4.3
1528169608.97	4300	43.207975	0.0	2173522	6	4.3
1528169609.07	4300	47.116483	0.0	2102452	24	4.3
1528169609.16	4300	51.027943	0.0	2209463	25	4.3
1528169609.24	4300	54.939944	0.0	2275376	23	4.3
1528169609.31	4300	58.87026	0.0	2005399	11	4.3
1528169612.41	4300	59.998415	0.0	2152483	23	4.3
1528169616.52	4300	59.749494	0.0	2289689	22	4.3
1528169620.64	4300	59.749701	0.0	2059512	23	4.3
1528169624.75	4300	59.4988	0.0	2220726	24	4.3
1528169628.36	4300	59.998725	0.0	2156729	28	4.3
1528169632.46	4300	59.748778	0.0	2039773	24	4.3
1528169636.57	4300	59.748179	0.0	2176469	27	4.3
1528169640.68	4300	59.748259	0.0	2221506	27	4.3
1528169644.29	4300	59.998439	0.0	2044075	24	4.3
