1527717677.34	750	4	0.025	2354772	7	-0.10750000000000004
1527717677.48	4300	7.964783	0.0	2123065	23	0.75
1527717677.62	4300	11.818123	0.0	2177073	25	4.3
1527717677.77	4300	15.671031	0.0	2160877	20	4.3
1527717677.89	4300	19.546782	0.0	2233056	14	4.3
1527717678.03	4300	23.413733	0.0	1941625	16	4.3
1527717678.19	4300	27.252717	0.0	2157535	25	4.3
1527717678.34	4300	31.096552	0.0	2290172	27	4.3
1527717678.52	4300	34.942664	0.0	2055469	18	4.3
1527717678.65	4300	38.786292	0.0	2169201	19	4.3
1527717678.78	4300	42.656821	0.0	2173522	14	4.3
1527717678.92	4300	46.517549	0.0	2102452	21	4.3
1527717679.05	4300	50.38733	0.0	2209463	16	4.3
1527717679.19	4300	54.249765	0.0	2275376	15	4.3
1527717679.33	4300	58.10995	0.0	2005399	24	4.3
1527717681.46	4300	59.998948	0.0	2152483	14	4.3
1527717685.62	4300	59.999322	0.0	2289689	26	4.3
1527717689.77	4300	59.748846	0.0	2059512	22	4.3
1527717693.92	4300	59.748844	0.0	2220726	19	4.3
1527717697.57	4300	59.998295	0.0	2156729	25	4.3
1527717701.73	4300	59.749433	0.0	2039773	25	4.3
1527717705.88	4300	59.748991	0.0	2176469	22	4.3
1527717709.54	4300	59.997891	0.0	2221506	26	4.3
1527717713.71	4300	59.749213	0.0	2044075	22	4.3
1527717717.86	4300	59.7489	0.0	2186790	19	4.3
1527717721.52	4300	59.997953	0.0	2105231	27	4.3
1527717725.69	4300	59.999362	0.0	2395588	27	4.3
1527717729.85	4300	59.747825	0.0	1972048	21	4.3
1527717733.49	4300	59.997759	0.0	2134614	19	4.3
1527717737.69	4300	59.999382	0.0	2164140	26	4.3
1527717741.84	4300	59.748798	0.0	2113193	25	4.3
1527717745.51	4300	59.998481	0.0	2147852	27	4.3
1527717749.67	4300	59.997899	0.0	2191074	26	4.3
1527717753.83	4300	59.747729	0.0	2286761	24	4.3
1527717757.49	4300	59.998865	0.0	2307787	27	4.3
1527717761.66	4300	59.997777	0.0	2143948	22	4.3
1527717765.81	4300	59.749638	0.0	1919781	22	4.3
1527717769.44	4300	59.99779	0.0	2147467	14	4.3
1527717773.61	4300	59.998647	0.0	2133870	19	4.3
1527717777.79	4300	59.748848	0.0	2146120	24	4.3
1527717781.44	4300	59.99837	0.0	2108491	26	4.3
1527717786.1	4300	59.499331	0.0	2184571	21	4.3
1527717789.75	4300	59.749565	0.0	2121928	17	4.3
1527717793.9	4300	59.749303	0.0	2219102	24	4.3
1527717798.05	4300	59.499624	0.0	2124950	20	4.3
1527717801.7	4300	59.749038	0.0	2246506	26	4.3
1527717805.86	4300	59.748797	0.0	1961140	23	4.3
1527717810.01	4300	59.498896	0.0	2155012	26	4.3
1527717811.61	4300	59.679628	0.0	1433658	17	4.3

1527717811.85	750	4	0.02	668286	2	-0.08599999999999997
1527717812.0	4300	7.945921	0.0	2123065	21	0.75
1527717812.15	4300	11.802185	0.0	2177073	24	4.3
1527717812.3	4300	15.651211	0.0	2160877	28	4.3
1527717812.43	4300	19.52114	0.0	2233056	11	4.3
1527717812.55	4300	23.402258	0.0	1941625	9	4.3
1527717812.67	4300	27.278884	0.0	2157535	12	4.3
1527717812.79	4300	31.154343	0.0	2290172	14	4.3
1527717812.94	4300	35.011956	0.0	2055469	18	4.3
1527717813.08	4300	38.869684	0.0	2169201	22	4.3
1527717813.2	4300	42.746266	0.0	2173522	11	4.3
1527717813.33	4300	46.61646	0.0	2102452	14	4.3
1527717813.47	4300	50.4832	0.0	2209463	20	4.3
1527717813.62	4300	54.327844	0.0	2275376	26	4.3
1527717813.75	4300	58.200501	0.0	2005399	13	4.3
1527717816.41	4300	59.749033	0.0	2152483	23	4.3
1527717820.07	4300	59.998783	0.0	2289689	28	4.3
1527717824.22	4300	59.748942	0.0	2059512	15	4.3
1527717828.38	4300	59.747839	0.0	2220726	20	4.3
1527717832.04	4300	59.998646	0.0	2156729	27	4.3
1527717836.2	4300	59.999025	0.0	2039773	21	4.3
1527717840.35	4300	59.748991	0.0	2176469	20	4.3
1527717844.01	4300	59.999119	0.0	2221506	25	4.3
1527717848.67	4300	59.497935	0.0	2044075	25	4.3
1527717852.32	4300	59.749138	0.0	2186790	25	4.3
1527717855.98	4300	59.999216	0.0	2105231	26	4.3
1527717860.14	4300	59.999371	0.0	2395588	29	4.3
1527717864.28	4300	59.748988	0.0	1972048	21	4.3
1527717868.45	4300	59.749189	0.0	2134614	24	4.3
1527717872.18	4300	59.998753	0.0	2164140	22	4.3
1527717876.34	4300	59.749619	0.0	2113193	24	4.3
1527717879.99	4300	59.999099	0.0	2147852	21	4.3
1527717884.16	4300	59.998105	0.0	2191074	21	4.3
1527717888.32	4300	59.748598	0.0	2286761	26	4.3
1527717891.97	4300	59.999135	0.0	2307787	19	4.3
1527717896.66	4300	59.49922	0.0	2143948	19	4.3
1527717900.39	4300	59.747399	0.0	1919781	17	4.3
1527717904.04	4300	59.998937	0.0	2147467	26	4.3
1527717908.2	4300	59.998558	0.0	2133870	25	4.3
1527717912.35	4300	59.749369	0.0	2146120	20	4.3
1527717916.01	4300	59.999045	0.0	2108491	24	4.3
1527717920.17	4300	59.999192	0.0	2184571	26	4.3
1527717924.32	4300	59.748718	0.0	2121928	19	4.3
1527717928.48	4300	59.49956	0.0	2219102	26	4.3
1527717932.15	4300	59.998271	0.0	2124950	23	4.3
1527717936.29	4300	59.748318	0.0	2246506	21	4.3
1527717940.42	4300	59.747769	0.0	1961140	23	4.3
1527717944.03	4300	59.999326	0.0	2155012	12	4.3
1527717946.15	4300	59.678986	0.0	1433658	18	4.3

1527717946.38	750	4	0.014	668286	2	-0.06020000000000003
1527717946.53	4300	7.956016	0.0	2123065	17	0.75
1527717946.68	4300	11.81548	0.0	2177073	25	4.3
1527717946.85	4300	15.650636	0.0	2160877	13	4.3
1527717947.0	4300	19.48727	0.0	2233056	18	4.3
1527717947.13	4300	23.352577	0.0	1941625	17	4.3
1527717947.26	4300	27.224165	0.0	2157535	15	4.3
1527717947.39	4300	31.087458	0.0	2290172	23	4.3
1527717947.51	4300	34.96778	0.0	2055469	11	4.3
1527717947.66	4300	38.824885	0.0	2169201	26	4.3
1527717947.8	4300	42.679397	0.0	2173522	25	4.3
1527717947.95	4300	46.532122	0.0	2102452	23	4.3
1527717948.09	4300	50.391601	0.0	2209463	19	4.3
1527717948.23	4300	54.248779	0.0	2275376	26	4.3
1527717948.36	4300	58.123496	0.0	2005399	14	4.3
1527717950.5	4300	59.998983	0.0	2152483	15	4.3
1527717954.66	4300	59.999081	0.0	2289689	21	4.3
1527717958.81	4300	59.748087	0.0	2059512	24	4.3
1527717962.96	4300	59.749622	0.0	2220726	20	4.3
1527717966.62	4300	59.99847	0.0	2156729	26	4.3
1527717970.78	4300	59.74943	0.0	2039773	25	4.3
1527717974.93	4300	59.748942	0.0	2176469	17	4.3
1527717979.13	4300	59.499458	0.0	2221506	24	4.3
1527717982.79	4300	59.74951	0.0	2044075	24	4.3
1527717986.93	4300	59.749503	0.0	2186790	19	4.3
1527717990.59	4300	59.998053	0.0	2105231	25	4.3
1527717994.75	4300	59.747702	0.0	2395588	28	4.3
1527717998.9	4300	59.749572	0.0	1972048	21	4.3
1527718002.56	4300	59.999031	0.0	2134614	24	4.3
1527718006.72	4300	59.998974	0.0	2164140	24	4.3
1527718010.86	4300	59.749279	0.0	2113193	20	4.3
1527718014.53	4300	59.999123	0.0	2147852	27	4.3
1527718018.69	4300	59.998603	0.0	2191074	26	4.3
1527718022.84	4300	59.748504	0.0	2286761	21	4.3
1527718026.5	4300	59.998576	0.0	2307787	27	4.3
1527718030.66	4300	59.998939	0.0	2143948	26	4.3
1527718034.81	4300	59.747486	0.0	1919781	14	4.3
1527718038.95	4300	59.749477	0.0	2147467	7	4.3
