1527722085.53	750	4	0.028	2354772	5	-0.12039999999999995
1527722085.68	4300	7.852935	0.0	2123065	23	0.75
1527722085.83	4300	11.702567	0.0	2177073	29	4.3
1527722085.97	4300	15.565927	0.0	2160877	17	4.3
1527722086.08	4300	19.446098	0.0	2233056	11	4.3
1527722086.2	4300	23.330476	0.0	1941625	10	4.3
1527722086.32	4300	27.212839	0.0	2157535	10	4.3
1527722086.43	4300	31.095223	0.0	2290172	11	4.3
1527722086.56	4300	34.977752	0.0	2055469	9	4.3
1527722086.67	4300	38.857853	0.0	2169201	9	4.3
1527722086.79	4300	42.742631	0.0	2173522	10	4.3
1527722086.9	4300	46.627662	0.0	2102452	9	4.3
1527722087.02	4300	50.510143	0.0	2209463	11	4.3
1527722087.15	4300	54.383384	0.0	2275376	10	4.3
1527722087.27	4300	58.256082	0.0	2005399	15	4.3
1527722089.92	4300	59.748997	0.0	2152483	10	4.3
1527722093.54	4300	59.997664	0.0	2289689	7	4.3
1527722098.21	4300	59.498947	0.0	2059512	21	4.3
1527722101.86	4300	59.749025	0.0	2220726	22	4.3
1527722106.02	4300	59.748977	0.0	2156729	26	4.3
1527722109.68	4300	59.99763	0.0	2039773	25	4.3
1527722113.85	4300	59.749514	0.0	2176469	26	4.3
1527722118.01	4300	59.749364	0.0	2221506	27	4.3
1527722121.66	4300	59.997648	0.0	2044075	21	4.3
1527722125.79	4300	59.748164	0.0	2186790	7	4.3
1527722129.94	4300	59.749327	0.0	2105231	19	4.3
1527722133.6	4300	59.998569	0.0	2395588	27	4.3
1527722137.75	4300	59.999328	0.0	1972048	23	4.3
1527722141.9	4300	59.748765	0.0	2134614	19	4.3
1527722145.56	4300	59.999112	0.0	2164140	26	4.3
1527722149.72	4300	59.998235	0.0	2113193	25	4.3
1527722153.87	4300	59.748134	0.0	2147852	21	4.3
1527722158.03	4300	59.748835	0.0	2191074	26	4.3
1527722162.18	4300	59.499498	0.0	2286761	21	4.3
1527722165.85	4300	59.749608	0.0	2307787	22	4.3
1527722170.01	4300	59.749418	0.0	2143948	23	4.3
1527722173.65	4300	59.99769	0.0	1919781	17	4.3
1527722177.81	4300	59.749397	0.0	2147467	25	4.3
1527722181.97	4300	59.748721	0.0	2133870	28	4.3
1527722185.63	4300	59.999316	0.0	2146120	17	4.3
1527722189.79	4300	59.749407	0.0	2108491	19	4.3
1527722193.95	4300	59.749018	0.0	2184571	25	4.3
1527722197.6	4300	59.99822	0.0	2121928	18	4.3
1527722201.77	4300	59.998421	0.0	2219102	26	4.3
1527722205.93	4300	59.748947	0.0	2124950	21	4.3
1527722209.57	4300	59.998616	0.0	2246506	20	4.3
1527722213.71	4300	59.998627	0.0	1961140	22	4.3
1527722217.84	4300	59.748688	0.0	2155012	20	4.3
1527722219.45	4300	59.928975	0.0	1433658	17	4.3

1527722219.67	750	4	0.014	668286	2	-0.06020000000000003
1527722219.82	4300	7.953353	0.0	2123065	16	0.75
1527722219.96	4300	11.810933	0.0	2177073	25	4.3
1527722220.11	4300	15.664607	0.0	2160877	22	4.3
1527722220.23	4300	19.541824	0.0	2233056	13	4.3
1527722220.38	4300	23.394813	0.0	1941625	24	4.3
1527722220.51	4300	27.264781	0.0	2157535	14	4.3
1527722220.64	4300	31.135736	0.0	2290172	15	4.3
1527722220.76	4300	35.010748	0.0	2055469	13	4.3
1527722220.89	4300	38.885328	0.0	2169201	14	4.3
1527722221.0	4300	42.773363	0.0	2173522	7	4.3
1527722221.13	4300	46.64466	0.0	2102452	18	4.3
1527722221.26	4300	50.511141	0.0	2209463	21	4.3
1527722221.39	4300	54.386155	0.0	2275376	15	4.3
1527722221.51	4300	58.260455	0.0	2005399	12	4.3
1527722224.14	4300	59.750476	0.0	2152483	9	4.3
1527722228.3	4300	59.500344	0.0	2289689	30	4.3
1527722232.57	4300	59.49926	0.0	2059512	23	4.3
1527722236.25	4300	59.749962	0.0	2220726	26	4.3
1527722240.47	4300	59.500216	0.0	2156729	18	4.3
1527722244.12	4300	59.750331	0.0	2039773	21	4.3
1527722248.28	4300	59.499254	0.0	2176469	25	4.3
1527722252.44	4300	59.498901	0.0	2221506	21	4.3
1527722256.09	4300	59.749759	0.0	2044075	22	4.3
1527722260.24	4300	59.749756	0.0	2186790	25	4.3
1527722264.39	4300	59.500062	0.0	2105231	22	4.3
1527722268.05	4300	59.750564	0.0	2395588	29	4.3
1527722272.2	4300	59.749851	0.0	1972048	17	4.3
1527722276.35	4300	59.500472	0.0	2134614	24	4.3
1527722280.5	4300	59.500704	0.0	2164140	22	4.3
1527722284.16	4300	59.75038	0.0	2113193	25	4.3
1527722287.83	4300	59.998546	0.0	2147852	24	4.3
1527722291.98	4300	59.999393	0.0	2191074	25	4.3
1527722296.14	4300	59.748975	0.0	2286761	22	4.3
1527722299.78	4300	59.998834	0.0	2307787	19	4.3
1527722303.93	4300	59.999006	0.0	2143948	22	4.3
1527722308.11	4300	59.740202	0.0	1919781	18	4.3
1527722312.26	4300	59.749148	0.0	2147467	25	4.3
1527722315.91	4300	59.998879	0.0	2133870	21	4.3
1527722320.11	4300	59.748846	0.0	2146120	25	4.3
1527722324.29	4300	59.499252	0.0	2108491	25	4.3
1527722328.45	4300	59.499273	0.0	2184571	22	4.3
1527722332.11	4300	59.750142	0.0	2121928	21	4.3
1527722336.27	4300	59.748773	0.0	2219102	24	4.3
1527722340.42	4300	59.498874	0.0	2124950	20	4.3
1527722344.07	4300	59.748912	0.0	2246506	27	4.3
1527722348.2	4300	59.750345	0.0	1961140	22	4.3
1527722352.33	4300	59.500058	0.0	2155012	20	4.3
1527722353.94	4300	59.680517	0.0	1433658	17	4.3

1527722354.17	750	4	0.012	668286	2	-0.05159999999999998
1527722354.34	4300	7.944661	0.0	2123065	25	0.75
1527722354.46	4300	11.823792	0.0	2177073	13	4.3
1527722354.58	4300	15.701353	0.0	2160877	14	4.3
1527722354.71	4300	19.576311	0.0	2233056	12	4.3
1527722354.82	4300	23.457585	0.0	1941625	12	4.3
1527722354.95	4300	27.333151	0.0	2157535	10	4.3
1527722355.07	4300	31.212897	0.0	2290172	12	4.3
1527722355.19	4300	35.094854	0.0	2055469	13	4.3
1527722355.3	4300	38.978644	0.0	2169201	12	4.3
1527722355.42	4300	42.858957	0.0	2173522	13	4.3
1527722355.54	4300	46.738019	0.0	2102452	13	4.3
1527722355.67	4300	50.611737	0.0	2209463	12	4.3
1527722355.81	4300	54.473411	0.0	2275376	26	4.3
1527722355.95	4300	58.333439	0.0	2005399	23	4.3
1527722358.58	4300	59.749496	0.0	2152483	16	4.3
1527722362.74	4300	59.749097	0.0	2289689	24	4.3
1527722366.4	4300	59.999477	0.0	2059512	22	4.3
1527722370.56	4300	59.748877	0.0	2220726	28	4.3
1527722374.7	4300	59.749461	0.0	2156729	20	4.3
1527722378.35	4300	59.999022	0.0	2039773	17	4.3
1527722382.51	4300	59.99929	0.0	2176469	25	4.3
1527722386.67	4300	59.749767	0.0	2221506	28	4.3
