1528233515.07	750	4	0.025	2354772	11	-0.10750000000000004
1528233515.2	4300	7.960596	0.0	2123065	24	0.75
1528233515.29	4300	11.868474	0.0	2177073	24	4.3
1528233515.38	4300	15.776171	0.0	2160877	23	4.3
1528233515.48	4300	19.678652	0.0	2233056	17	4.3
1528233515.57	4300	23.5913	0.0	1941625	18	4.3
1528233515.66	4300	27.499396	0.0	2157535	20	4.3
1528233515.75	4300	31.406825	0.0	2290172	20	4.3
1528233515.85	4300	35.314853	0.0	2055469	18	4.3
1528233515.95	4300	39.211959	0.0	2169201	25	4.3
1528233516.03	4300	43.137829	0.0	2173522	11	4.3
1528233516.13	4300	47.033302	0.0	2102452	24	4.3
1528233516.22	4300	50.93624	0.0	2209463	24	4.3
1528233516.33	4300	54.826609	0.0	2275376	22	4.3
1528233516.43	4300	58.727539	0.0	2005399	24	4.3
1528233519.54	4300	59.748736	0.0	2152483	23	4.3
1528233523.65	4300	59.749697	0.0	2289689	24	4.3
1528233527.26	4300	59.999151	0.0	2059512	22	4.3
1528233531.37	4300	59.998304	0.0	2220726	22	4.3
1528233535.48	4300	59.747562	0.0	2156729	25	4.3
1528233539.59	4300	59.748781	0.0	2039773	22	4.3
1528233543.2	4300	59.997885	0.0	2176469	24	4.3
1528233547.3	4300	59.999007	0.0	2221506	21	4.3
1528233551.41	4300	59.99871	0.0	2044075	19	4.3
1528233555.52	4300	59.748266	0.0	2186790	21	4.3
1528233559.65	4300	59.748045	0.0	2105231	20	4.3
1528233563.27	4300	59.997753	0.0	2395588	25	4.3
1528233567.37	4300	59.999401	0.0	1972048	20	4.3
1528233571.48	4300	59.749363	0.0	2134614	25	4.3
1528233575.59	4300	59.7495	0.0	2164140	26	4.3
1528233579.19	4300	59.998871	0.0	2113193	23	4.3
1528233583.8	4300	59.498288	0.0	2147852	22	4.3
1528233587.41	4300	59.999241	0.0	2191074	24	4.3
1528233591.52	4300	59.749674	0.0	2286761	23	4.3
1528233595.63	4300	59.748685	0.0	2307787	24	4.3
1528233599.24	4300	59.999318	0.0	2143948	23	4.3
1528233603.34	4300	59.998961	0.0	1919781	18	4.3
1528233607.45	4300	59.749285	0.0	2147467	22	4.3
1528233611.57	4300	59.748005	0.0	2133870	25	4.3
1528233615.65	4300	59.748991	0.0	2146120	12	4.3
1528233619.25	4300	59.997936	0.0	2108491	19	4.3
1528233623.86	4300	59.499663	0.0	2184571	20	4.3
1528233627.47	4300	59.747791	0.0	2121928	22	4.3
1528233631.57	4300	59.749071	0.0	2219102	20	4.3
1528233635.18	4300	59.997894	0.0	2124950	23	4.3
1528233639.85	4300	59.499156	0.0	2246506	22	4.3
1528233643.45	4300	59.747928	0.0	1961140	23	4.3
1528233647.56	4300	59.749527	0.0	2155012	22	4.3
1528233649.15	4300	59.929219	0.0	1433658	16	4.3

1528233649.35	750	4	0.017	668286	2	-0.07309999999999994
1528233649.46	4300	7.94735	0.0	2123065	19	0.75
1528233649.55	4300	11.855048	0.0	2177073	20	4.3
1528233649.63	4300	15.776858	0.0	2160877	14	4.3
1528233649.71	4300	19.690808	0.0	2233056	20	4.3
1528233649.8	4300	23.605348	0.0	1941625	18	4.3
1528233649.9	4300	27.504161	0.0	2157535	27	4.3
1528233649.98	4300	31.424095	0.0	2290172	13	4.3
1528233650.08	4300	35.325829	0.0	2055469	23	4.3
1528233650.17	4300	39.235859	0.0	2169201	25	4.3
1528233650.25	4300	43.160563	0.0	2173522	12	4.3
1528233650.33	4300	47.072502	0.0	2102452	19	4.3
1528233650.43	4300	50.981529	0.0	2209463	20	4.3
1528233650.52	4300	54.890502	0.0	2275376	20	4.3
1528233650.62	4300	58.787072	0.0	2005399	25	4.3
1528233653.74	4300	59.74756	0.0	2152483	26	4.3
1528233657.85	4300	59.749344	0.0	2289689	23	4.3
1528233661.45	4300	59.999014	0.0	2059512	21	4.3
1528233665.57	4300	59.999162	0.0	2220726	23	4.3
1528233669.68	4300	59.748959	0.0	2156729	21	4.3
1528233673.78	4300	59.748959	0.0	2039773	21	4.3
1528233677.89	4300	59.748121	0.0	2176469	24	4.3
1528233681.5	4300	59.998601	0.0	2221506	27	4.3
1528233685.6	4300	59.998567	0.0	2044075	22	4.3
1528233689.71	4300	59.749069	0.0	2186790	25	4.3
1528233693.82	4300	59.748543	0.0	2105231	25	4.3
1528233697.43	4300	59.998781	0.0	2395588	25	4.3
1528233701.53	4300	59.998069	0.0	1972048	19	4.3
1528233705.64	4300	59.998265	0.0	2134614	25	4.3
1528233709.74	4300	59.747878	0.0	2164140	25	4.3
1528233713.85	4300	59.747957	0.0	2113193	23	4.3
1528233717.46	4300	59.997725	0.0	2147852	23	4.3
1528233721.57	4300	59.997262	0.0	2191074	22	4.3
1528233725.68	4300	59.749409	0.0	2286761	26	4.3
1528233729.79	4300	59.749081	0.0	2307787	27	4.3
1528233733.91	4300	59.748318	0.0	2143948	22	4.3
1528233737.52	4300	59.997379	0.0	1919781	18	4.3
1528233741.63	4300	59.998852	0.0	2147467	19	4.3
1528233745.74	4300	59.748794	0.0	2133870	26	4.3
1528233749.85	4300	59.748389	0.0	2146120	24	4.3
1528233753.46	4300	59.998667	0.0	2108491	24	4.3
1528233757.57	4300	59.998979	0.0	2184571	24	4.3
1528233761.68	4300	59.749237	0.0	2121928	24	4.3
1528233765.79	4300	59.748243	0.0	2219102	24	4.3
1528233769.9	4300	59.69048	0.0	2124950	23	4.3
1528233773.5	4300	59.997376	0.0	2246506	25	4.3
1528233777.61	4300	59.999233	0.0	1961140	22	4.3
1528233781.72	4300	59.748801	0.0	2155012	24	4.3
1528233783.32	4300	59.92873	0.0	1433658	17	4.3

1528233783.5	750	4	0.017	668286	1	-0.07309999999999994
1528233783.6	4300	7.953348	0.0	2123065	14	0.75
1528233783.71	4300	11.853576	0.0	2177073	23	4.3
1528233783.79	4300	15.769242	0.0	2160877	13	4.3
1528233783.86	4300	19.696454	0.0	2233056	8	4.3
1528233783.95	4300	23.609232	0.0	1941625	17	4.3
1528233784.04	4300	27.517923	0.0	2157535	20	4.3
1528233784.14	4300	31.420355	0.0	2290172	22	4.3
1528233784.23	4300	35.329182	0.0	2055469	19	4.3
1528233784.34	4300	39.223825	0.0	2169201	27	4.3
1528233784.42	4300	43.138172	0.0	2173522	15	4.3
1528233784.5	4300	47.060368	0.0	2102452	8	4.3
1528233784.6	4300	50.964638	0.0	2209463	21	4.3
1528233784.7	4300	54.860714	0.0	2275376	26	4.3
1528233784.8	4300	58.761922	0.0	2005399	21	4.3
1528233787.9	4300	59.748702	0.0	2152483	18	4.3
1528233792.02	4300	59.749164	0.0	2289689	26	4.3
1528233795.63	4300	59.997718	0.0	2059512	19	4.3
1528233799.74	4300	59.998964	0.0	2220726	23	4.3
1528233803.86	4300	59.748954	0.0	2156729	25	4.3
1528233807.97	4300	59.747483	0.0	2039773	23	4.3
1528233812.06	4300	59.747841	0.0	2176469	9	4.3
1528233815.67	4300	59.999075	0.0	2221506	23	4.3
1528233819.77	4300	59.998518	0.0	2044075	20	4.3
1528233823.88	4300	59.748691	0.0	2186790	21	4.3
1528233827.98	4300	59.748718	0.0	2105231	22	4.3
1528233831.59	4300	59.998213	0.0	2395588	27	4.3
1528233835.69	4300	59.998504	0.0	1972048	20	4.3
1528233839.8	4300	59.998587	0.0	2134614	23	4.3
1528233843.91	4300	59.748817	0.0	2164140	24	4.3
1528233848.02	4300	59.748288	0.0	2113193	25	4.3
1528233851.63	4300	59.998146	0.0	2147852	23	4.3
1528233855.74	4300	59.998196	0.0	2191074	23	4.3
1528233859.85	4300	59.748446	0.0	2286761	23	4.3
1528233863.98	4300	59.749162	0.0	2307787	21	4.3
1528233867.59	4300	59.998927	0.0	2143948	24	4.3
1528233871.69	4300	59.999297	0.0	1919781	20	4.3
1528233875.81	4300	59.998239	0.0	2147467	22	4.3
1528233879.92	4300	59.748678	0.0	2133870	20	4.3
1528233884.03	4300	59.749099	0.0	2146120	21	4.3
1528233887.63	4300	59.999316	0.0	2108491	23	4.3
1528233891.74	4300	59.999061	0.0	2184571	23	4.3
1528233895.96	4300	59.748722	0.0	2121928	21	4.3
