1527752008.1	750	4	0.026	2354772	10	-0.11180000000000001
1527752008.22	4300	7.96644	0.0	2123065	19	0.75
1527752008.32	4300	11.862913	0.0	2177073	26	4.3
1527752008.42	4300	15.765529	0.0	2160877	25	4.3
1527752008.5	4300	19.686518	0.0	2233056	13	4.3
1527752008.56	4300	23.62338	0.0	1941625	6	4.3
1527752008.62	4300	27.557543	0.0	2157535	7	4.3
1527752008.69	4300	31.492059	0.0	2290172	9	4.3
1527752008.75	4300	35.427509	0.0	2055469	7	4.3
1527752008.82	4300	39.364371	0.0	2169201	8	4.3
1527752008.88	4300	43.298898	0.0	2173522	7	4.3
1527752008.95	4300	47.235768	0.0	2102452	8	4.3
1527752009.01	4300	51.170171	0.0	2209463	8	4.3
1527752009.08	4300	55.098455	0.0	2275376	8	4.3
1527752009.15	4300	59.036735	0.0	2005399	7	4.3
1527752012.32	4300	59.998818	0.0	2152483	6	4.3
1527752016.42	4300	59.998491	0.0	2289689	22	4.3
1527752020.53	4300	59.748289	0.0	2059512	25	4.3
1527752024.63	4300	59.748286	0.0	2220726	24	4.3
1527752028.24	4300	59.99824	0.0	2156729	24	4.3
1527752032.35	4300	59.999281	0.0	2039773	24	4.3
1527752036.46	4300	59.748541	0.0	2176469	26	4.3
1527752040.57	4300	59.748386	0.0	2221506	24	4.3
1527752044.75	4300	59.748859	0.0	2044075	23	4.3
1527752048.4	4300	59.998894	0.0	2186790	26	4.3
1527752052.51	4300	59.749599	0.0	2105231	23	4.3
1527752056.62	4300	59.748794	0.0	2395588	27	4.3
1527752060.73	4300	59.498971	0.0	1972048	22	4.3
1527752064.84	4300	59.499158	0.0	2134614	23	4.3
1527752068.45	4300	59.749474	0.0	2164140	23	4.3
1527752072.55	4300	59.749248	0.0	2113193	21	4.3
1527752076.66	4300	59.748811	0.0	2147852	23	4.3
1527752080.26	4300	59.999094	0.0	2191074	23	4.3
1527752084.37	4300	59.997827	0.0	2286761	24	4.3
1527752088.48	4300	59.749493	0.0	2307787	25	4.3
1527752092.59	4300	59.748897	0.0	2143948	23	4.3
1527752096.2	4300	59.998052	0.0	1919781	22	4.3
1527752100.31	4300	59.999059	0.0	2147467	23	4.3
1527752104.41	4300	59.998178	0.0	2133870	23	4.3
1527752108.53	4300	59.748862	0.0	2146120	20	4.3
1527752112.63	4300	59.749213	0.0	2108491	22	4.3
1527752116.24	4300	59.998096	0.0	2184571	25	4.3
1527752120.35	4300	59.998103	0.0	2121928	18	4.3
1527752124.45	4300	59.748798	0.0	2219102	24	4.3
1527752128.56	4300	59.664188	0.0	2124950	22	4.3
1527752132.65	4300	59.748366	0.0	2246506	16	4.3
1527752136.25	4300	59.999407	0.0	1961140	19	4.3
1527752140.36	4300	59.998871	0.0	2155012	21	4.3
1527752141.95	4300	59.929659	0.0	1433658	17	4.3

1527752142.18	750	4	0.017	668286	2	-0.07309999999999994
1527752142.25	4300	7.979697	0.0	2123065	7	0.75
1527752142.33	4300	11.900531	0.0	2177073	13	4.3
1527752142.4	4300	15.833765	0.0	2160877	8	4.3
1527752142.47	4300	19.76501	0.0	2233056	8	4.3
1527752142.53	4300	23.697175	0.0	1941625	6	4.3
1527752142.6	4300	27.632487	0.0	2157535	7	4.3
1527752142.67	4300	31.55874	0.0	2290172	9	4.3
1527752142.74	4300	35.494891	0.0	2055469	7	4.3
1527752142.8	4300	39.424414	0.0	2169201	9	4.3
1527752142.87	4300	43.357992	0.0	2173522	8	4.3
1527752142.93	4300	47.293874	0.0	2102452	8	4.3
1527752143.0	4300	51.229106	0.0	2209463	9	4.3
1527752143.07	4300	55.160834	0.0	2275376	8	4.3
1527752143.13	4300	59.095213	0.0	2005399	8	4.3
1527752146.71	4300	59.749202	0.0	2152483	8	4.3
1527752150.32	4300	59.999276	0.0	2289689	25	4.3
1527752154.92	4300	59.499396	0.0	2059512	23	4.3
1527752158.54	4300	59.74906	0.0	2220726	23	4.3
1527752162.64	4300	59.747883	0.0	2156729	24	4.3
1527752166.72	4300	59.748427	0.0	2039773	7	4.3
1527752170.33	4300	59.997835	0.0	2176469	26	4.3
1527752174.54	4300	59.998003	0.0	2221506	23	4.3
1527752178.64	4300	59.74918	0.0	2044075	20	4.3
1527752182.75	4300	59.497991	0.0	2186790	23	4.3
1527752186.35	4300	59.998919	0.0	2105231	23	4.3
1527752190.46	4300	59.998203	0.0	2395588	22	4.3
1527752194.56	4300	59.748055	0.0	1972048	21	4.3
1527752198.68	4300	59.748006	0.0	2134614	23	4.3
1527752202.28	4300	59.998071	0.0	2164140	24	4.3
1527752206.39	4300	59.999238	0.0	2113193	23	4.3
1527752210.49	4300	59.747909	0.0	2147852	21	4.3
1527752214.6	4300	59.747692	0.0	2191074	23	4.3
1527752218.71	4300	59.749079	0.0	2286761	26	4.3
1527752222.32	4300	59.999097	0.0	2307787	27	4.3
1527752226.43	4300	59.99923	0.0	2143948	19	4.3
1527752230.53	4300	59.747796	0.0	1919781	21	4.3
1527752234.62	4300	59.748933	0.0	2147467	11	4.3
1527752238.73	4300	59.749578	0.0	2133870	21	4.3
1527752242.33	4300	59.999124	0.0	2146120	23	4.3
1527752246.94	4300	59.497926	0.0	2108491	19	4.3
1527752250.55	4300	59.748589	0.0	2184571	25	4.3
1527752254.66	4300	59.748997	0.0	2121928	21	4.3
1527752258.29	4300	59.998761	0.0	2219102	24	4.3
1527752262.4	4300	59.998923	0.0	2124950	19	4.3
1527752266.5	4300	59.749495	0.0	2246506	20	4.3
1527752270.62	4300	59.74938	0.0	1961140	20	4.3
1527752274.7	4300	59.749233	0.0	2155012	12	4.3
1527752276.3	4300	59.678869	0.0	1433658	16	4.3

1527752276.51	750	4	0.014	668286	3	-0.06020000000000003
1527752276.58	4300	7.980794	0.0	2123065	6	0.75
1527752276.67	4300	11.891645	0.0	2177073	18	4.3
1527752276.77	4300	15.793443	0.0	2160877	26	4.3
1527752276.85	4300	19.714195	0.0	2233056	12	4.3
1527752276.91	4300	23.648801	0.0	1941625	8	4.3
1527752276.98	4300	27.58085	0.0	2157535	8	4.3
1527752277.08	4300	31.484993	0.0	2290172	23	4.3
1527752277.15	4300	35.412953	0.0	2055469	11	4.3
1527752277.22	4300	39.342228	0.0	2169201	10	4.3
1527752277.29	4300	43.27307	0.0	2173522	11	4.3
1527752277.36	4300	47.198912	0.0	2102452	11	4.3
1527752277.43	4300	51.133227	0.0	2209463	7	4.3
1527752277.49	4300	55.070038	0.0	2275376	7	4.3
1527752277.55	4300	59.007849	0.0	2005399	6	4.3
1527752280.63	4300	59.998649	0.0	2152483	6	4.3
1527752284.73	4300	59.999382	0.0	2289689	19	4.3
1527752288.85	4300	59.748352	0.0	2059512	21	4.3
1527752292.96	4300	59.749078	0.0	2220726	25	4.3
1527752297.05	4300	59.74812	0.0	2156729	16	4.3
1527752300.65	4300	59.998969	0.0	2039773	22	4.3
1527752305.26	4300	59.499497	0.0	2176469	20	4.3
1527752308.87	4300	59.748795	0.0	2221506	26	4.3
1527752312.98	4300	59.749595	0.0	2044075	22	4.3
1527752316.58	4300	59.999273	0.0	2186790	25	4.3
1527752321.19	4300	59.499668	0.0	2105231	22	4.3
1527752324.8	4300	59.998941	0.0	2395588	19	4.3
1527752328.88	4300	59.749281	0.0	1972048	11	4.3
1527752333.03	4300	59.748718	0.0	2134614	22	4.3
1527752336.65	4300	59.998803	0.0	2164140	26	4.3
