1527656312.78	750	4	0.016	450283	2	-0.06879999999999997
1527656312.94	4300	7.946753	0.0	2123065	21	0.75
1527656313.05	4300	11.818548	0.0	2177073	19	4.3
1527656313.14	4300	15.727151	0.0	2160877	21	4.3
1527656313.23	4300	19.637486	0.0	2233056	19	4.3
1527656313.33	4300	23.547284	0.0	1941625	18	4.3
1527656313.43	4300	27.43876	0.0	2157535	26	4.3
1527656313.52	4300	31.346401	0.0	2290172	26	4.3
1527656313.6	4300	35.274329	0.0	2055469	11	4.3
1527656313.7	4300	39.164831	0.0	2169201	24	4.3
1527656313.79	4300	43.086409	0.0	2173522	14	4.3
1527656313.88	4300	46.988215	0.0	2102452	23	4.3
1527656313.97	4300	50.896626	0.0	2209463	24	4.3
1527656314.07	4300	54.798505	0.0	2275376	24	4.3
1527656314.16	4300	58.71016	0.0	2005399	16	4.3
1527656317.29	4300	59.748646	0.0	2152483	20	4.3
1527656321.4	4300	59.499043	0.0	2289689	27	4.3
1527656325.01	4300	59.998757	0.0	2059512	21	4.3
1527656329.62	4300	59.498197	0.0	2220726	24	4.3
1527656333.24	4300	59.749427	0.0	2156729	26	4.3
1527656337.34	4300	59.748834	0.0	2039773	21	4.3
1527656340.95	4300	59.999458	0.0	2176469	23	4.3
1527656345.05	4300	59.999422	0.0	2221506	23	4.3
1527656349.16	4300	59.748201	0.0	2044075	21	4.3
1527656353.27	4300	59.749273	0.0	2186790	23	4.3
1527656357.4	4300	59.749066	0.0	2105231	24	4.3
1527656361.02	4300	59.999303	0.0	2395588	25	4.3
1527656365.12	4300	59.998951	0.0	1972048	19	4.3
1527656369.23	4300	59.748179	0.0	2134614	24	4.3
1527656373.42	4300	59.748543	0.0	2164140	22	4.3
1527656377.03	4300	59.998606	0.0	2113193	24	4.3
1527656381.14	4300	59.748682	0.0	2147852	24	4.3
1527656385.24	4300	59.749182	0.0	2191074	24	4.3
1527656389.36	4300	59.749504	0.0	2286761	24	4.3
1527656392.97	4300	59.999195	0.0	2307787	26	4.3
1527656397.57	4300	59.499298	0.0	2143948	20	4.3
1527656401.18	4300	59.749522	0.0	1919781	22	4.3
1527656405.29	4300	59.748761	0.0	2147467	23	4.3
1527656408.89	4300	59.999464	0.0	2133870	26	4.3
1527656413.0	4300	59.998934	0.0	2146120	22	4.3
1527656417.11	4300	59.997796	0.0	2108491	22	4.3
1527656421.22	4300	59.749715	0.0	2184571	24	4.3
1527656425.33	4300	59.749632	0.0	2121928	24	4.3
1527656428.94	4300	59.999303	0.0	2219102	24	4.3
1527656433.05	4300	59.99925	0.0	2124950	19	4.3
1527656437.15	4300	59.749185	0.0	2246506	21	4.3
1527656441.26	4300	59.74807	0.0	1961140	22	4.3
1527656445.35	4300	59.749587	0.0	2155012	12	4.3
1527656447.0	4300	59.67838	0.0	1433658	17	4.3

1527656447.2	750	4	0.015	668286	4	-0.0645
1527656447.27	4300	7.979551	0.0	2123065	6	0.75
1527656447.36	4300	11.889998	0.0	2177073	19	4.3
1527656447.46	4300	15.797422	0.0	2160877	20	4.3
1527656447.55	4300	19.703335	0.0	2233056	19	4.3
1527656447.64	4300	23.61644	0.0	1941625	17	4.3
1527656447.73	4300	27.522193	0.0	2157535	20	4.3
1527656447.83	4300	31.427506	0.0	2290172	20	4.3
1527656447.92	4300	35.328228	0.0	2055469	23	4.3
1527656448.0	4300	39.255103	0.0	2169201	11	4.3
1527656448.1	4300	43.151375	0.0	2173522	27	4.3
1527656448.2	4300	47.052501	0.0	2102452	24	4.3
1527656448.3	4300	50.959338	0.0	2209463	21	4.3
1527656448.39	4300	54.860899	0.0	2275376	17	4.3
1527656448.47	4300	58.783816	0.0	2005399	13	4.3
1527656451.57	4300	59.749239	0.0	2152483	21	4.3
1527656455.68	4300	59.749641	0.0	2289689	26	4.3
1527656459.29	4300	59.999061	0.0	2059512	21	4.3
1527656463.4	4300	59.998851	0.0	2220726	25	4.3
1527656467.5	4300	59.998914	0.0	2156729	23	4.3
1527656471.62	4300	59.749406	0.0	2039773	21	4.3
1527656475.73	4300	59.748959	0.0	2176469	24	4.3
1527656479.34	4300	59.998973	0.0	2221506	27	4.3
1527656483.44	4300	59.998969	0.0	2044075	21	4.3
1527656487.55	4300	59.747859	0.0	2186790	24	4.3
1527656491.66	4300	59.749062	0.0	2105231	24	4.3
1527656495.77	4300	59.48347	0.0	2395588	28	4.3
1527656499.36	4300	59.998003	0.0	1972048	11	4.3
1527656503.98	4300	59.49938	0.0	2134614	23	4.3
1527656507.58	4300	59.748793	0.0	2164140	19	4.3
1527656511.69	4300	59.749066	0.0	2113193	23	4.3
1527656515.31	4300	59.999392	0.0	2147852	25	4.3
1527656519.42	4300	59.999196	0.0	2191074	21	4.3
1527656523.52	4300	59.748875	0.0	2286761	25	4.3
1527656527.64	4300	59.749194	0.0	2307787	25	4.3
1527656531.79	4300	59.748348	0.0	2143948	23	4.3
1527656535.47	4300	59.999061	0.0	1919781	16	4.3
1527656539.58	4300	59.749141	0.0	2147467	20	4.3
1527656543.69	4300	59.747796	0.0	2133870	22	4.3
1527656547.29	4300	59.999065	0.0	2146120	23	4.3
1527656551.39	4300	59.999011	0.0	2108491	23	4.3
1527656555.5	4300	59.997898	0.0	2184571	23	4.3
1527656559.61	4300	59.747985	0.0	2121928	24	4.3
1527656563.75	4300	59.749014	0.0	2219102	24	4.3
1527656567.36	4300	59.997997	0.0	2124950	25	4.3
1527656571.46	4300	59.999263	0.0	2246506	25	4.3
1527656575.57	4300	59.749442	0.0	1961140	20	4.3
1527656579.66	4300	59.748739	0.0	2155012	13	4.3
1527656581.26	4300	59.927828	0.0	1433658	15	4.3

1527656581.44	750	4	0.02	668286	6	-0.08599999999999997
1527656581.55	4300	7.949134	0.0	2123065	22	0.75
1527656581.64	4300	11.856562	0.0	2177073	21	4.3
1527656581.73	4300	15.768362	0.0	2160877	20	4.3
1527656581.83	4300	19.674748	0.0	2233056	18	4.3
1527656581.9	4300	23.600277	0.0	1941625	10	4.3
1527656582.0	4300	27.502845	0.0	2157535	25	4.3
1527656582.08	4300	31.424162	0.0	2290172	11	4.3
1527656582.18	4300	35.325101	0.0	2055469	24	4.3
1527656582.25	4300	39.249088	0.0	2169201	11	4.3
1527656582.35	4300	43.148304	0.0	2173522	25	4.3
1527656582.45	4300	47.052491	0.0	2102452	23	4.3
1527656582.53	4300	50.974093	0.0	2209463	14	4.3
1527656582.63	4300	54.872901	0.0	2275376	25	4.3
1527656582.72	4300	58.782682	0.0	2005399	22	4.3
1527656585.84	4300	59.747867	0.0	2152483	21	4.3
1527656589.94	4300	59.748978	0.0	2289689	23	4.3
1527656593.55	4300	59.998802	0.0	2059512	23	4.3
1527656597.65	4300	59.998536	0.0	2220726	22	4.3
1527656601.77	4300	59.749018	0.0	2156729	24	4.3
1527656605.87	4300	59.748797	0.0	2039773	21	4.3
1527656609.98	4300	59.748351	0.0	2176469	24	4.3
1527656613.66	4300	59.997978	0.0	2221506	26	4.3
1527656617.82	4300	59.747717	0.0	2044075	23	4.3
1527656621.92	4300	59.747441	0.0	2186790	25	4.3
1527656625.54	4300	59.999434	0.0	2105231	26	4.3
1527656629.64	4300	59.998708	0.0	2395588	21	4.3
1527656633.74	4300	59.997815	0.0	1972048	19	4.3
1527656637.85	4300	59.749504	0.0	2134614	25	4.3
1527656641.97	4300	59.747378	0.0	2164140	23	4.3
1527656645.58	4300	59.9979	0.0	2113193	21	4.3
1527656649.68	4300	59.99778	0.0	2147852	20	4.3
1527656653.79	4300	59.747952	0.0	2191074	19	4.3
1527656657.9	4300	59.748661	0.0	2286761	24	4.3
1527656662.0	4300	59.749316	0.0	2307787	23	4.3
1527656665.61	4300	59.998853	0.0	2143948	25	4.3
1527656669.72	4300	59.999345	0.0	1919781	19	4.3
1527656673.83	4300	59.748056	0.0	2147467	25	4.3
1527656677.93	4300	59.74768	0.0	2133870	22	4.3
1527656681.54	4300	59.998589	0.0	2146120	25	4.3
1527656685.65	4300	59.998288	0.0	2108491	21	4.3
