1528189175.09	750	4	0.022	2354772	8	-0.09460000000000002
1528189175.24	4300	7.966042	0.0	2123065	21	0.75
1528189175.38	4300	11.819891	0.0	2177073	25	4.3
1528189175.51	4300	15.684342	0.0	2160877	15	4.3
1528189175.66	4300	19.543598	0.0	2233056	26	4.3
1528189175.81	4300	23.397159	0.0	1941625	25	4.3
1528189175.95	4300	27.248302	0.0	2157535	22	4.3
1528189176.11	4300	31.090961	0.0	2290172	23	4.3
1528189176.25	4300	34.949242	0.0	2055469	23	4.3
1528189176.5	4300	38.788472	0.0	2169201	21	4.3
1528189176.67	4300	42.532277	0.0	2173522	25	4.3
1528189176.81	4300	46.396413	0.0	2102452	20	4.3
1528189177.04	4300	50.252048	0.0	2209463	22	4.3
1528189177.2	4300	53.99889	0.0	2275376	25	4.3
1528189177.34	4300	57.859314	0.0	2005399	17	4.3
1528189179.49	4300	59.749643	0.0	2152483	24	4.3
1528189183.68	4300	59.749085	0.0	2289689	26	4.3
1528189187.34	4300	59.999423	0.0	2059512	20	4.3
1528189191.49	4300	59.748934	0.0	2220726	24	4.3
1528189195.64	4300	59.749111	0.0	2156729	18	4.3
1528189199.29	4300	59.998999	0.0	2039773	24	4.3
1528189203.45	4300	59.748308	0.0	2176469	25	4.3
1528189207.63	4300	59.74928	0.0	2221506	24	4.3
1528189211.29	4300	59.999497	0.0	2044075	24	4.3
1528189215.44	4300	59.998544	0.0	2186790	19	4.3
1528189219.6	4300	59.748545	0.0	2105231	25	4.3
1528189223.25	4300	59.997676	0.0	2395588	20	4.3
1528189227.4	4300	59.998419	0.0	1972048	19	4.3
1528189231.57	4300	59.747896	0.0	2134614	23	4.3
1528189235.22	4300	59.99798	0.0	2164140	20	4.3
1528189239.37	4300	59.997807	0.0	2113193	21	4.3
1528189243.52	4300	59.748027	0.0	2147852	18	4.3
1528189247.76	4300	59.748869	0.0	2191074	23	4.3
1528189251.43	4300	59.999328	0.0	2286761	23	4.3
1528189255.63	4300	59.749277	0.0	2307787	25	4.3
1528189259.29	4300	59.99879	0.0	2143948	25	4.3
1528189263.43	4300	59.998753	0.0	1919781	17	4.3
1528189267.59	4300	59.749478	0.0	2147467	24	4.3
1528189271.24	4300	59.998718	0.0	2133870	21	4.3
1528189275.4	4300	59.999255	0.0	2146120	20	4.3
1528189279.56	4300	59.748852	0.0	2108491	23	4.3
1528189283.22	4300	59.999152	0.0	2184571	18	4.3
1528189287.38	4300	59.997882	0.0	2121928	20	4.3
1528189291.54	4300	59.748091	0.0	2219102	25	4.3
1528189295.68	4300	59.748765	0.0	2124950	19	4.3
1528189299.33	4300	59.999076	0.0	2246506	20	4.3
1528189303.47	4300	59.747702	0.0	1961140	21	4.3
1528189307.59	4300	59.748631	0.0	2155012	22	4.3
1528189309.19	4300	59.92804	0.0	1433658	16	4.3

1528189309.42	750	4	0.015	668286	3	-0.0645
1528189309.58	4300	7.944887	0.0	2123065	22	0.75
1528189309.73	4300	11.80033	0.0	2177073	25	4.3
1528189309.88	4300	15.650839	0.0	2160877	27	4.3
1528189310.02	4300	19.505498	0.0	2233056	14	4.3
1528189310.16	4300	23.369851	0.0	1941625	16	4.3
1528189310.3	4300	27.226808	0.0	2157535	24	4.3
1528189310.46	4300	31.072314	0.0	2290172	25	4.3
1528189310.6	4300	34.927009	0.0	2055469	22	4.3
1528189310.77	4300	38.75863	0.0	2169201	23	4.3
1528189310.92	4300	42.607036	0.0	2173522	25	4.3
1528189311.07	4300	46.459004	0.0	2102452	23	4.3
1528189311.22	4300	50.304644	0.0	2209463	26	4.3
1528189311.38	4300	54.145844	0.0	2275376	24	4.3
1528189311.53	4300	57.999554	0.0	2005399	22	4.3
1528189313.69	4300	59.999138	0.0	2152483	13	4.3
1528189317.85	4300	59.749021	0.0	2289689	25	4.3
1528189322.01	4300	59.748174	0.0	2059512	22	4.3
1528189325.66	4300	59.998432	0.0	2220726	20	4.3
1528189329.83	4300	59.748116	0.0	2156729	26	4.3
1528189333.98	4300	59.748354	0.0	2039773	22	4.3
1528189337.64	4300	59.99787	0.0	2176469	23	4.3
1528189341.82	4300	59.747895	0.0	2221506	25	4.3
1528189345.99	4300	59.749482	0.0	2044075	21	4.3
1528189349.64	4300	59.999236	0.0	2186790	22	4.3
1528189353.79	4300	59.748523	0.0	2105231	24	4.3
1528189357.94	4300	59.747662	0.0	2395588	21	4.3
1528189361.59	4300	59.997777	0.0	1972048	21	4.3
1528189365.76	4300	59.997503	0.0	2134614	24	4.3
1528189369.91	4300	59.74953	0.0	2164140	21	4.3
1528189373.57	4300	59.999178	0.0	2113193	25	4.3
1528189378.23	4300	59.498171	0.0	2147852	23	4.3
1528189381.88	4300	59.749507	0.0	2191074	24	4.3
1528189385.54	4300	59.998941	0.0	2286761	25	4.3
1528189389.7	4300	59.998666	0.0	2307787	24	4.3
1528189393.87	4300	59.748947	0.0	2143948	25	4.3
1528189398.02	4300	59.749309	0.0	1919781	17	4.3
1528189401.69	4300	59.997566	0.0	2147467	21	4.3
1528189405.84	4300	59.749469	0.0	2133870	16	4.3
1528189409.99	4300	59.749179	0.0	2146120	20	4.3
1528189413.65	4300	59.999145	0.0	2108491	23	4.3
1528189417.85	4300	59.748755	0.0	2184571	24	4.3
1528189422.01	4300	59.748677	0.0	2121928	25	4.3
1528189425.66	4300	59.999455	0.0	2219102	22	4.3
1528189429.81	4300	59.74811	0.0	2124950	25	4.3
1528189433.96	4300	59.748829	0.0	2246506	20	4.3
1528189437.59	4300	59.99876	0.0	1961140	21	4.3
1528189441.72	4300	59.998766	0.0	2155012	25	4.3
1528189443.32	4300	59.92913	0.0	1433658	18	4.3

1528189443.54	750	4	0.012	668286	2	-0.05159999999999998
1528189443.7	4300	7.956071	0.0	2123065	11	0.75
1528189443.83	4300	11.817539	0.0	2177073	21	4.3
1528189443.98	4300	15.670911	0.0	2160877	26	4.3
1528189444.12	4300	19.529063	0.0	2233056	16	4.3
1528189444.26	4300	23.389594	0.0	1941625	19	4.3
1528189444.4	4300	27.251132	0.0	2157535	23	4.3
1528189444.54	4300	31.116205	0.0	2290172	19	4.3
1528189444.67	4300	34.979597	0.0	2055469	20	4.3
1528189444.81	4300	38.83647	0.0	2169201	24	4.3
1528189444.95	4300	42.695706	0.0	2173522	16	4.3
1528189445.09	4300	46.557718	0.0	2102452	20	4.3
1528189445.24	4300	50.412462	0.0	2209463	24	4.3
1528189445.39	4300	54.263649	0.0	2275376	25	4.3
1528189445.53	4300	58.117505	0.0	2005399	24	4.3
1528189447.7	4300	59.998994	0.0	2152483	45	4.3
1528189451.86	4300	59.999244	0.0	2289689	28	4.3
