1528245667.3	750	4	0.026	2354772	6	-0.11180000000000001
1528245667.44	4300	7.966968	0.0	2123065	20	0.75
1528245667.59	4300	11.821887	0.0	2177073	23	4.3
1528245667.73	4300	15.676661	0.0	2160877	21	4.3
1528245667.9	4300	19.504808	0.0	2233056	19	4.3
1528245668.04	4300	23.368502	0.0	1941625	22	4.3
1528245668.19	4300	27.22146	0.0	2157535	24	4.3
1528245668.34	4300	31.069785	0.0	2290172	25	4.3
1528245668.49	4300	34.924744	0.0	2055469	24	4.3
1528245668.64	4300	38.773083	0.0	2169201	22	4.3
1528245668.79	4300	42.622601	0.0	2173522	25	4.3
1528245668.93	4300	46.476934	0.0	2102452	24	4.3
1528245669.08	4300	50.325892	0.0	2209463	25	4.3
1528245669.26	4300	54.150565	0.0	2275376	25	4.3
1528245669.39	4300	58.014976	0.0	2005399	20	4.3
1528245671.62	4300	59.997971	0.0	2152483	25	4.3
1528245675.77	4300	59.749319	0.0	2289689	22	4.3
1528245679.43	4300	59.99947	0.0	2059512	22	4.3
1528245683.67	4300	59.999177	0.0	2220726	21	4.3
1528245687.87	4300	59.748307	0.0	2156729	23	4.3
1528245691.52	4300	59.999268	0.0	2039773	25	4.3
1528245695.69	4300	59.748611	0.0	2176469	25	4.3
1528245699.84	4300	59.749135	0.0	2221506	20	4.3
1528245703.49	4300	59.998713	0.0	2044075	24	4.3
1528245707.64	4300	59.99841	0.0	2186790	21	4.3
1528245711.97	4300	59.74802	0.0	2105231	25	4.3
1528245715.66	4300	59.99881	0.0	2395588	21	4.3
1528245719.81	4300	59.749623	0.0	1972048	22	4.3
1528245723.46	4300	59.997942	0.0	2134614	20	4.3
1528245727.61	4300	59.999238	0.0	2164140	25	4.3
1528245731.77	4300	59.749386	0.0	2113193	22	4.3
1528245735.42	4300	59.998513	0.0	2147852	23	4.3
1528245739.58	4300	59.997851	0.0	2191074	23	4.3
1528245743.75	4300	59.747768	0.0	2286761	25	4.3
1528245747.89	4300	59.747915	0.0	2307787	24	4.3
1528245751.54	4300	59.999361	0.0	2143948	19	4.3
1528245755.71	4300	59.749092	0.0	1919781	21	4.3
1528245759.86	4300	59.748886	0.0	2147467	24	4.3
1528245764.02	4300	59.499327	0.0	2133870	18	4.3
1528245767.68	4300	59.749293	0.0	2146120	23	4.3
1528245771.83	4300	59.748269	0.0	2108491	24	4.3
1528245775.48	4300	59.998569	0.0	2184571	18	4.3
1528245779.64	4300	59.999266	0.0	2121928	23	4.3
1528245783.8	4300	59.749352	0.0	2219102	24	4.3
1528245787.46	4300	59.997878	0.0	2124950	23	4.3
1528245791.59	4300	59.998985	0.0	2246506	8	4.3
1528245795.72	4300	59.748819	0.0	1961140	18	4.3
1528245799.85	4300	59.749515	0.0	2155012	24	4.3
1528245801.46	4300	59.678467	0.0	1433658	17	4.3

1528245801.7	750	4	0.016	668286	3	-0.06879999999999997
1528245801.85	4300	7.952356	0.0	2123065	19	0.75
1528245801.99	4300	11.809712	0.0	2177073	24	4.3
1528245802.15	4300	15.658682	0.0	2160877	29	4.3
1528245802.3	4300	19.5089	0.0	2233056	22	4.3
1528245802.44	4300	23.363638	0.0	1941625	22	4.3
1528245802.6	4300	27.215856	0.0	2157535	24	4.3
1528245802.75	4300	31.054376	0.0	2290172	25	4.3
1528245802.89	4300	34.905018	0.0	2055469	24	4.3
1528245803.04	4300	38.763447	0.0	2169201	24	4.3
1528245803.18	4300	42.616396	0.0	2173522	24	4.3
1528245803.32	4300	46.481898	0.0	2102452	20	4.3
1528245803.46	4300	50.340105	0.0	2209463	24	4.3
1528245803.61	4300	54.194354	0.0	2275376	26	4.3
1528245803.75	4300	58.045994	0.0	2005399	22	4.3
1528245805.91	4300	59.998298	0.0	2152483	12	4.3
1528245810.06	4300	59.74851	0.0	2289689	20	4.3
1528245814.22	4300	59.74796	0.0	2059512	24	4.3
1528245817.86	4300	59.998258	0.0	2220726	22	4.3
1528245822.02	4300	59.998566	0.0	2156729	24	4.3
1528245826.17	4300	59.748544	0.0	2039773	21	4.3
1528245829.83	4300	59.999086	0.0	2176469	26	4.3
1528245833.99	4300	59.999172	0.0	2221506	25	4.3
1528245838.14	4300	59.748786	0.0	2044075	19	4.3
1528245842.29	4300	59.748004	0.0	2186790	16	4.3
1528245845.98	4300	59.998561	0.0	2105231	21	4.3
1528245850.14	4300	59.747986	0.0	2395588	25	4.3
1528245854.29	4300	59.749124	0.0	1972048	21	4.3
1528245857.95	4300	59.99748	0.0	2134614	22	4.3
1528245862.1	4300	59.748142	0.0	2164140	24	4.3
1528245866.26	4300	59.748353	0.0	2113193	23	4.3
1528245869.91	4300	59.998485	0.0	2147852	23	4.3
1528245874.07	4300	59.747302	0.0	2191074	25	4.3
1528245878.23	4300	59.749363	0.0	2286761	21	4.3
1528245881.89	4300	59.997694	0.0	2307787	26	4.3
1528245886.04	4300	59.998183	0.0	2143948	23	4.3
1528245890.19	4300	59.747615	0.0	1919781	17	4.3
1528245893.85	4300	59.999029	0.0	2147467	23	4.3
1528245898.0	4300	59.998223	0.0	2133870	23	4.3
1528245902.15	4300	59.748094	0.0	2146120	24	4.3
1528245906.3	4300	59.749083	0.0	2108491	20	4.3
1528245909.96	4300	59.998547	0.0	2184571	25	4.3
1528245914.12	4300	59.749016	0.0	2121928	23	4.3
1528245918.27	4300	59.748617	0.0	2219102	23	4.3
1528245921.93	4300	59.997532	0.0	2124950	26	4.3
1528245926.22	4300	59.748849	0.0	2246506	23	4.3
1528245929.94	4300	59.998621	0.0	1961140	21	4.3
1528245934.1	4300	59.748638	0.0	2155012	24	4.3
1528245935.71	4300	59.929307	0.0	1433658	14	4.3

1528245935.96	750	4	0.016	668286	3	-0.06879999999999997
1528245936.12	4300	7.942098	0.0	2123065	21	0.75
1528245936.28	4300	11.789895	0.0	2177073	26	4.3
1528245936.43	4300	15.635391	0.0	2160877	22	4.3
1528245936.58	4300	19.486665	0.0	2233056	26	4.3
1528245936.78	4300	23.302391	0.0	1941625	19	4.3
1528245936.93	4300	27.134118	0.0	2157535	23	4.3
1528245937.07	4300	30.99732	0.0	2290172	20	4.3
1528245937.21	4300	34.855445	0.0	2055469	20	4.3
1528245937.35	4300	38.713837	0.0	2169201	25	4.3
1528245937.5	4300	42.565304	0.0	2173522	23	4.3
1528245937.65	4300	46.417722	0.0	2102452	23	4.3
1528245937.8	4300	50.267864	0.0	2209463	23	4.3
1528245937.94	4300	54.12755	0.0	2275376	20	4.3
1528245938.09	4300	57.975034	0.0	2005399	32	4.3
1528245940.26	4300	59.999197	0.0	2152483	23	4.3
1528245944.41	4300	59.749021	0.0	2289689	19	4.3
1528245948.56	4300	59.749511	0.0	2059512	23	4.3
1528245952.21	4300	59.999483	0.0	2220726	22	4.3
1528245956.37	4300	59.747829	0.0	2156729	26	4.3
1528245960.53	4300	59.747946	0.0	2039773	22	4.3
1528245964.18	4300	59.999422	0.0	2176469	22	4.3
1528245968.33	4300	59.748043	0.0	2221506	33	4.3
1528245972.49	4300	59.749622	0.0	2044075	18	4.3
