1528292011.9	750	4	0.026	2354772	7	-0.11180000000000001
1528292012.05	4300	7.957337	0.0	2123065	24	0.75
1528292012.2	4300	11.808425	0.0	2177073	24	4.3
1528292012.34	4300	15.671467	0.0	2160877	12	4.3
1528292012.48	4300	19.529716	0.0	2233056	24	4.3
1528292012.62	4300	23.386257	0.0	1941625	25	4.3
1528292012.75	4300	27.253127	0.0	2157535	19	4.3
1528292012.9	4300	31.108948	0.0	2290172	26	4.3
1528292013.04	4300	34.967547	0.0	2055469	24	4.3
1528292013.19	4300	38.82251	0.0	2169201	24	4.3
1528292013.32	4300	42.685625	0.0	2173522	20	4.3
1528292013.46	4300	46.543895	0.0	2102452	25	4.3
1528292013.61	4300	50.397246	0.0	2209463	24	4.3
1528292013.78	4300	54.233475	0.0	2275376	25	4.3
1528292013.92	4300	58.093042	0.0	2005399	22	4.3
1528292016.11	4300	59.998367	0.0	2152483	23	4.3
1528292020.27	4300	59.748308	0.0	2289689	24	4.3
1528292024.42	4300	59.749153	0.0	2059512	21	4.3
1528292028.07	4300	59.998277	0.0	2220726	24	4.3
1528292032.23	4300	59.99838	0.0	2156729	24	4.3
1528292036.38	4300	59.749551	0.0	2039773	20	4.3
1528292040.04	4300	59.999083	0.0	2176469	25	4.3
1528292044.2	4300	59.99943	0.0	2221506	24	4.3
1528292048.35	4300	59.749318	0.0	2044075	24	4.3
1528292052.5	4300	59.749422	0.0	2186790	16	4.3
1528292056.15	4300	59.999212	0.0	2105231	22	4.3
1528292060.32	4300	59.747725	0.0	2395588	26	4.3
1528292064.47	4300	59.748049	0.0	1972048	18	4.3
1528292068.12	4300	59.998081	0.0	2134614	24	4.3
1528292072.28	4300	59.748762	0.0	2164140	25	4.3
1528292076.43	4300	59.749	0.0	2113193	22	4.3
1528292080.59	4300	59.49927	0.0	2147852	25	4.3
1528292084.24	4300	59.999261	0.0	2191074	22	4.3
1528292088.4	4300	59.747674	0.0	2286761	25	4.3
1528292092.05	4300	59.998833	0.0	2307787	22	4.3
1528292096.2	4300	59.99899	0.0	2143948	23	4.3
1528292100.39	4300	59.748538	0.0	1919781	18	4.3
1528292104.54	4300	59.49919	0.0	2147467	23	4.3
1528292108.19	4300	59.998998	0.0	2133870	18	4.3
1528292112.35	4300	59.749052	0.0	2146120	16	4.3
1528292116.5	4300	59.747705	0.0	2108491	23	4.3
1528292120.16	4300	59.998773	0.0	2184571	20	4.3
1528292124.31	4300	59.749301	0.0	2121928	24	4.3
1528292128.46	4300	59.74787	0.0	2219102	21	4.3
1528292132.12	4300	59.999371	0.0	2124950	24	4.3
1528292136.26	4300	59.748785	0.0	2246506	21	4.3
1528292140.39	4300	59.748589	0.0	1961140	20	4.3
1528292144.02	4300	59.998986	0.0	2155012	25	4.3
1528292146.14	4300	59.679055	0.0	1433658	16	4.3

1528292146.36	750	4	0.015	668286	2	-0.0645
1528292146.52	4300	7.950372	0.0	2123065	20	0.75
1528292146.66	4300	11.805107	0.0	2177073	22	4.3
1528292146.81	4300	15.657917	0.0	2160877	20	4.3
1528292146.97	4300	19.498443	0.0	2233056	19	4.3
1528292147.11	4300	23.355699	0.0	1941625	22	4.3
1528292147.25	4300	27.221774	0.0	2157535	19	4.3
1528292147.39	4300	31.075668	0.0	2290172	20	4.3
1528292147.53	4300	34.935614	0.0	2055469	24	4.3
1528292147.69	4300	38.782527	0.0	2169201	23	4.3
1528292147.84	4300	42.632251	0.0	2173522	24	4.3
1528292147.99	4300	46.481955	0.0	2102452	23	4.3
1528292148.13	4300	50.335422	0.0	2209463	26	4.3
1528292148.29	4300	54.182828	0.0	2275376	27	4.3
1528292148.43	4300	58.034463	0.0	2005399	22	4.3
1528292150.59	4300	59.999024	0.0	2152483	14	4.3
1528292154.76	4300	59.747777	0.0	2289689	27	4.3
1528292158.91	4300	59.7484	0.0	2059512	19	4.3
1528292162.56	4300	59.998137	0.0	2220726	26	4.3
1528292166.73	4300	59.747982	0.0	2156729	24	4.3
1528292170.89	4300	59.74944	0.0	2039773	18	4.3
1528292174.56	4300	59.997789	0.0	2176469	24	4.3
1528292178.7	4300	59.997706	0.0	2221506	20	4.3
1528292182.85	4300	59.749295	0.0	2044075	15	4.3
1528292186.51	4300	59.99732	0.0	2186790	24	4.3
1528292190.66	4300	59.999245	0.0	2105231	24	4.3
1528292194.81	4300	59.748941	0.0	2395588	25	4.3
1528292198.47	4300	59.999168	0.0	1972048	21	4.3
1528292202.62	4300	59.99923	0.0	2134614	19	4.3
1528292206.79	4300	59.747699	0.0	2164140	20	4.3
1528292210.95	4300	59.748616	0.0	2113193	22	4.3
1528292214.59	4300	59.999113	0.0	2147852	20	4.3
1528292218.72	4300	59.999342	0.0	2191074	6	4.3
1528292222.87	4300	59.749674	0.0	2286761	20	4.3
1528292226.52	4300	59.99831	0.0	2307787	18	4.3
1528292230.67	4300	59.998971	0.0	2143948	20	4.3
1528292234.82	4300	59.749532	0.0	1919781	23	4.3
1528292238.48	4300	59.999191	0.0	2147467	21	4.3
1528292242.64	4300	59.999142	0.0	2133870	25	4.3
1528292246.8	4300	59.749029	0.0	2146120	25	4.3
1528292250.95	4300	59.748818	0.0	2108491	17	4.3
1528292255.1	4300	59.497771	0.0	2184571	25	4.3
1528292258.76	4300	59.748055	0.0	2121928	21	4.3
1528292262.94	4300	59.749526	0.0	2219102	25	4.3
1528292266.6	4300	59.998699	0.0	2124950	24	4.3
1528292270.77	4300	59.749295	0.0	2246506	24	4.3
1528292274.9	4300	59.748993	0.0	1961140	22	4.3
1528292278.52	4300	59.999339	0.0	2155012	21	4.3
1528292280.63	4300	59.678893	0.0	1433658	15	4.3

1528292280.87	750	4	0.02	668286	2	-0.08599999999999997
1528292281.02	4300	7.946657	0.0	2123065	20	0.75
1528292281.17	4300	11.804819	0.0	2177073	22	4.3
1528292281.31	4300	15.660306	0.0	2160877	28	4.3
1528292281.46	4300	19.515278	0.0	2233056	15	4.3
1528292281.59	4300	23.378488	0.0	1941625	17	4.3
1528292281.74	4300	27.236203	0.0	2157535	23	4.3
1528292281.88	4300	31.087541	0.0	2290172	25	4.3
1528292282.03	4300	34.937848	0.0	2055469	24	4.3
1528292282.18	4300	38.789819	0.0	2169201	24	4.3
1528292282.37	4300	42.61341	0.0	2173522	23	4.3
1528292282.52	4300	46.454588	0.0	2102452	23	4.3
1528292282.67	4300	50.306108	0.0	2209463	23	4.3
1528292282.82	4300	54.155412	0.0	2275376	24	4.3
1528292282.97	4300	58.004896	0.0	2005399	20	4.3
1528292285.13	4300	59.998029	0.0	2152483	8	4.3
1528292289.29	4300	59.748949	0.0	2289689	24	4.3
1528292293.45	4300	59.748395	0.0	2059512	23	4.3
1528292297.1	4300	59.999377	0.0	2220726	21	4.3
1528292301.25	4300	59.749631	0.0	2156729	24	4.3
1528292305.4	4300	59.747977	0.0	2039773	18	4.3
1528292309.06	4300	59.999434	0.0	2176469	25	4.3
1528292313.71	4300	59.498621	0.0	2221506	18	4.3
1528292317.37	4300	59.748747	0.0	2044075	22	4.3
1528292321.03	4300	59.997802	0.0	2186790	25	4.3
1528292325.19	4300	59.998902	0.0	2105231	24	4.3
1528292329.39	4300	59.748748	0.0	2395588	27	4.3
1528292333.04	4300	59.998781	0.0	1972048	17	4.3
1528292337.2	4300	59.998804	0.0	2134614	24	4.3
1528292341.36	4300	59.748969	0.0	2164140	23	4.3
1528292345.54	4300	59.498607	0.0	2113193	23	4.3
1528292349.7	4300	59.49937	0.0	2147852	24	4.3
