1528243663.7	750	4	0.016	450283	1	-0.06879999999999997
1528243663.85	4300	7.944023	0.0	2123065	23	0.75
1528243663.94	4300	11.851531	0.0	2177073	22	4.3
1528243664.03	4300	15.759793	0.0	2160877	22	4.3
1528243664.12	4300	19.669657	0.0	2233056	19	4.3
1528243664.2	4300	23.595083	0.0	1941625	12	4.3
1528243664.29	4300	27.502856	0.0	2157535	19	4.3
1528243664.38	4300	31.410189	0.0	2290172	21	4.3
1528243664.47	4300	35.321283	0.0	2055469	18	4.3
1528243664.56	4300	39.236714	0.0	2169201	17	4.3
1528243664.65	4300	43.138481	0.0	2173522	26	4.3
1528243664.76	4300	47.048174	0.0	2102452	24	4.3
1528243664.87	4300	50.945883	0.0	2209463	21	4.3
1528243664.97	4300	54.827116	0.0	2275376	21	4.3
1528243665.07	4300	58.725689	0.0	2005399	22	4.3
1528243668.23	4300	59.749707	0.0	2152483	25	4.3
1528243671.85	4300	59.999313	0.0	2289689	23	4.3
1528243676.03	4300	59.998782	0.0	2059512	21	4.3
1528243680.14	4300	59.749456	0.0	2220726	19	4.3
1528243684.36	4300	59.749096	0.0	2156729	20	4.3
1528243687.97	4300	59.999358	0.0	2039773	23	4.3
1528243692.07	4300	59.748299	0.0	2176469	21	4.3
1528243696.18	4300	59.748804	0.0	2221506	26	4.3
1528243700.29	4300	59.748639	0.0	2044075	22	4.3
1528243703.9	4300	59.998946	0.0	2186790	23	4.3
1528243708.0	4300	59.998357	0.0	2105231	24	4.3
1528243712.11	4300	59.748166	0.0	2395588	24	4.3
1528243716.22	4300	59.749504	0.0	1972048	23	4.3
1528243719.86	4300	59.997997	0.0	2134614	24	4.3
1528243723.97	4300	59.998855	0.0	2164140	21	4.3
1528243728.07	4300	59.749226	0.0	2113193	25	4.3
1528243732.18	4300	59.749544	0.0	2147852	25	4.3
1528243736.29	4300	59.747862	0.0	2191074	24	4.3
1528243739.9	4300	59.999012	0.0	2286761	26	4.3
1528243744.02	4300	59.99857	0.0	2307787	26	4.3
1528243748.13	4300	59.747665	0.0	2143948	23	4.3
1528243752.25	4300	59.74891	0.0	1919781	14	4.3
1528243755.86	4300	59.999243	0.0	2147467	23	4.3
1528243759.98	4300	59.999348	0.0	2133870	23	4.3
1528243764.08	4300	59.747903	0.0	2146120	19	4.3
1528243768.19	4300	59.749493	0.0	2108491	22	4.3
1528243772.29	4300	59.749527	0.0	2184571	23	4.3
1528243775.91	4300	59.99786	0.0	2121928	26	4.3
1528243780.01	4300	59.999029	0.0	2219102	20	4.3
1528243784.12	4300	59.748785	0.0	2124950	19	4.3
1528243788.23	4300	59.749386	0.0	2246506	24	4.3
1528243791.83	4300	59.999052	0.0	1961140	23	4.3
1528243795.93	4300	59.998967	0.0	2155012	23	4.3
1528243798.04	4300	59.677927	0.0	1433658	16	4.3

1528243798.28	750	4	0.017	668286	0	-0.07309999999999994
1528243798.41	4300	7.946463	0.0	2123065	21	0.75
1528243798.53	4300	11.836292	0.0	2177073	25	4.3
1528243798.64	4300	15.708793	0.0	2160877	32	4.3
1528243798.72	4300	19.633851	0.0	2233056	13	4.3
1528243798.82	4300	23.52815	0.0	1941625	19	4.3
1528243798.92	4300	27.43344	0.0	2157535	22	4.3
1528243799.01	4300	31.339775	0.0	2290172	20	4.3
1528243799.11	4300	35.237487	0.0	2055469	23	4.3
1528243799.21	4300	39.141242	0.0	2169201	23	4.3
1528243799.29	4300	43.06386	0.0	2173522	12	4.3
1528243799.38	4300	46.965561	0.0	2102452	23	4.3
1528243799.46	4300	50.889451	0.0	2209463	12	4.3
1528243799.56	4300	54.786352	0.0	2275376	25	4.3
1528243799.64	4300	58.710769	0.0	2005399	10	4.3
1528243802.74	4300	59.74895	0.0	2152483	18	4.3
1528243806.85	4300	59.749094	0.0	2289689	26	4.3
1528243810.46	4300	59.999191	0.0	2059512	23	4.3
1528243814.57	4300	59.998838	0.0	2220726	23	4.3
1528243818.68	4300	59.747916	0.0	2156729	24	4.3
1528243822.78	4300	59.748777	0.0	2039773	21	4.3
1528243826.4	4300	59.999102	0.0	2176469	23	4.3
1528243830.52	4300	59.99819	0.0	2221506	24	4.3
1528243834.63	4300	59.748801	0.0	2044075	22	4.3
1528243838.8	4300	59.748518	0.0	2186790	23	4.3
1528243842.41	4300	59.998575	0.0	2105231	23	4.3
1528243846.6	4300	59.997828	0.0	2395588	23	4.3
1528243850.72	4300	59.749271	0.0	1972048	21	4.3
1528243854.82	4300	59.749369	0.0	2134614	22	4.3
1528243858.44	4300	59.998669	0.0	2164140	26	4.3
1528243862.54	4300	59.998263	0.0	2113193	19	4.3
1528243866.65	4300	59.748021	0.0	2147852	23	4.3
1528243870.75	4300	59.748803	0.0	2191074	24	4.3
1528243874.36	4300	59.999176	0.0	2286761	25	4.3
1528243878.47	4300	59.99857	0.0	2307787	22	4.3
1528243882.57	4300	59.999235	0.0	2143948	25	4.3
1528243886.68	4300	59.748785	0.0	1919781	22	4.3
1528243890.79	4300	59.748895	0.0	2147467	24	4.3
1528243894.4	4300	59.998191	0.0	2133870	23	4.3
1528243898.51	4300	59.997994	0.0	2146120	21	4.3
1528243902.77	4300	59.749357	0.0	2108491	24	4.3
1528243906.43	4300	59.998481	0.0	2184571	24	4.3
1528243910.53	4300	59.99912	0.0	2121928	23	4.3
1528243914.65	4300	59.749356	0.0	2219102	26	4.3
1528243918.75	4300	59.748852	0.0	2124950	25	4.3
1528243922.37	4300	59.997663	0.0	2246506	24	4.3
1528243926.58	4300	59.998838	0.0	1961140	19	4.3
1528243930.69	4300	59.748524	0.0	2155012	24	4.3
1528243932.32	4300	59.928315	0.0	1433658	17	4.3

1528243932.59	750	4	0.017	668286	2	-0.07309999999999994
1528243932.69	4300	7.957439	0.0	2123065	14	0.75
1528243932.78	4300	11.865194	0.0	2177073	19	4.3
1528243932.88	4300	15.774714	0.0	2160877	16	4.3
1528243932.97	4300	19.675362	0.0	2233056	17	4.3
1528243933.07	4300	23.577653	0.0	1941625	13	4.3
1528243933.13	4300	27.511877	0.0	2157535	8	4.3
1528243933.23	4300	31.422302	0.0	2290172	26	4.3
1528243933.32	4300	35.330091	0.0	2055469	15	4.3
1528243933.41	4300	39.239608	0.0	2169201	21	4.3
1528243933.5	4300	43.147252	0.0	2173522	21	4.3
1528243933.59	4300	47.057683	0.0	2102452	19	4.3
1528243933.68	4300	50.966951	0.0	2209463	19	4.3
1528243933.79	4300	54.863231	0.0	2275376	25	4.3
1528243933.88	4300	58.769526	0.0	2005399	22	4.3
1528243937.07	4300	59.749818	0.0	2152483	23	4.3
1528243940.67	4300	59.999365	0.0	2289689	24	4.3
1528243944.79	4300	59.999287	0.0	2059512	22	4.3
1528243948.91	4300	59.999228	0.0	2220726	24	4.3
1528243953.01	4300	59.748388	0.0	2156729	23	4.3
1528243957.12	4300	59.748489	0.0	2039773	22	4.3
1528243960.76	4300	59.998437	0.0	2176469	24	4.3
1528243964.87	4300	59.99873	0.0	2221506	23	4.3
1528243968.97	4300	59.749774	0.0	2044075	23	4.3
1528243973.09	4300	59.749121	0.0	2186790	25	4.3
1528243977.2	4300	59.49958	0.0	2105231	24	4.3
1528243980.81	4300	59.998901	0.0	2395588	26	4.3
1528243984.94	4300	59.747949	0.0	1972048	21	4.3
1528243989.04	4300	59.749473	0.0	2134614	24	4.3
1528243993.15	4300	59.499592	0.0	2164140	25	4.3
1528243996.76	4300	59.998924	0.0	2113193	24	4.3
1528244000.87	4300	59.998858	0.0	2147852	22	4.3
1528244004.98	4300	59.749701	0.0	2191074	24	4.3
1528244009.08	4300	59.749229	0.0	2286761	25	4.3
1528244012.7	4300	59.998962	0.0	2307787	27	4.3
1528244017.32	4300	59.499614	0.0	2143948	25	4.3
1528244020.92	4300	59.747048	0.0	1919781	18	4.3
1528244025.03	4300	59.748349	0.0	2147467	19	4.3
1528244029.14	4300	59.749805	0.0	2133870	21	4.3
1528244032.74	4300	59.999473	0.0	2146120	19	4.3
1528244036.86	4300	59.998426	0.0	2108491	23	4.3
1528244040.98	4300	59.749433	0.0	2184571	24	4.3
