1528237439.06	750	4	0.026	2354772	9	-0.11180000000000001
1528237439.15	4300	7.966955	0.0	2123065	16	0.75
1528237439.25	4300	11.866652	0.0	2177073	26	4.3
1528237439.35	4300	15.784796	0.0	2160877	14	4.3
1528237439.44	4300	19.675892	0.0	2233056	19	4.3
1528237439.53	4300	23.584199	0.0	1941625	18	4.3
1528237439.62	4300	27.495496	0.0	2157535	19	4.3
1528237439.72	4300	31.39407	0.0	2290172	21	4.3
1528237439.82	4300	35.295728	0.0	2055469	26	4.3
1528237439.91	4300	39.20244	0.0	2169201	25	4.3
1528237439.99	4300	43.12552	0.0	2173522	12	4.3
1528237440.09	4300	47.024643	0.0	2102452	24	4.3
1528237440.18	4300	50.930103	0.0	2209463	26	4.3
1528237440.27	4300	54.841482	0.0	2275376	16	4.3
1528237440.36	4300	58.759635	0.0	2005399	16	4.3
1528237443.46	4300	59.748837	0.0	2152483	28	4.3
1528237447.57	4300	59.748868	0.0	2289689	19	4.3
1528237451.17	4300	59.999478	0.0	2059512	21	4.3
1528237455.27	4300	59.998663	0.0	2220726	22	4.3
1528237459.38	4300	59.749449	0.0	2156729	24	4.3
1528237463.49	4300	59.748189	0.0	2039773	23	4.3
1528237467.6	4300	59.748968	0.0	2176469	26	4.3
1528237471.17	4300	59.997958	0.0	2221506	8	4.3
1528237475.25	4300	59.997827	0.0	2044075	7	4.3
1528237479.36	4300	59.998878	0.0	2186790	7	4.3
1528237483.46	4300	59.749445	0.0	2105231	13	4.3
1528237487.57	4300	59.748632	0.0	2395588	18	4.3
1528237491.17	4300	59.998759	0.0	1972048	19	4.3
1528237495.27	4300	59.99946	0.0	2134614	20	4.3
1528237499.37	4300	59.749481	0.0	2164140	21	4.3
1528237503.48	4300	59.748726	0.0	2113193	21	4.3
1528237507.59	4300	59.749622	0.0	2147852	23	4.3
1528237511.19	4300	59.998388	0.0	2191074	23	4.3
1528237515.3	4300	59.998044	0.0	2286761	23	4.3
1528237519.41	4300	59.748691	0.0	2307787	25	4.3
1528237523.52	4300	59.749442	0.0	2143948	26	4.3
1528237527.12	4300	59.998111	0.0	1919781	22	4.3
1528237531.23	4300	59.998188	0.0	2147467	25	4.3
1528237535.34	4300	59.999103	0.0	2133870	24	4.3
1528237539.46	4300	59.749602	0.0	2146120	21	4.3
1528237543.56	4300	59.748572	0.0	2108491	22	4.3
1528237547.16	4300	59.998463	0.0	2184571	27	4.3
1528237551.27	4300	59.999075	0.0	2121928	23	4.3
1528237555.38	4300	59.749193	0.0	2219102	27	4.3
1528237559.48	4300	59.694569	0.0	2124950	24	4.3
1528237563.59	4300	59.74887	0.0	2246506	24	4.3
1528237567.2	4300	59.999152	0.0	1961140	24	4.3
1528237571.31	4300	59.998105	0.0	2155012	24	4.3
1528237572.92	4300	59.928636	0.0	1433658	38	4.3

1528237573.1	750	4	0.012	450283	2	-0.05159999999999998
1528237573.2	4300	7.958964	0.0	2123065	18	0.75
1528237573.29	4300	11.869439	0.0	2177073	25	4.3
1528237573.37	4300	15.786775	0.0	2160877	12	4.3
1528237573.47	4300	19.688646	0.0	2233056	28	4.3
1528237573.56	4300	23.599758	0.0	1941625	23	4.3
1528237573.65	4300	27.507074	0.0	2157535	27	4.3
1528237573.73	4300	31.430602	0.0	2290172	12	4.3
1528237573.83	4300	35.332977	0.0	2055469	22	4.3
1528237573.9	4300	39.263142	0.0	2169201	9	4.3
1528237573.98	4300	43.181957	0.0	2173522	19	4.3
1528237574.04	4300	47.115308	0.0	2102452	9	4.3
1528237574.13	4300	51.025342	0.0	2209463	26	4.3
1528237574.22	4300	54.937797	0.0	2275376	25	4.3
1528237574.3	4300	58.863878	0.0	2005399	12	4.3
1528237577.41	4300	59.999474	0.0	2152483	24	4.3
1528237581.53	4300	59.749749	0.0	2289689	23	4.3
1528237585.64	4300	59.749424	0.0	2059512	23	4.3
1528237589.25	4300	59.999261	0.0	2220726	26	4.3
1528237593.36	4300	59.998947	0.0	2156729	25	4.3
1528237597.46	4300	59.750022	0.0	2039773	26	4.3
1528237601.58	4300	59.749756	0.0	2176469	24	4.3
1528237605.18	4300	59.998629	0.0	2221506	29	4.3
1528237609.79	4300	59.499478	0.0	2044075	25	4.3
1528237613.38	4300	59.99854	0.0	2186790	18	4.3
1528237617.49	4300	59.750101	0.0	2105231	21	4.3
1528237621.6	4300	59.748725	0.0	2395588	23	4.3
1528237625.2	4300	59.998471	0.0	1972048	22	4.3
1528237629.3	4300	59.998391	0.0	2134614	23	4.3
1528237633.41	4300	59.924729	0.0	2164140	26	4.3
1528237637.52	4300	59.749445	0.0	2113193	24	4.3
1528237641.63	4300	59.749507	0.0	2147852	26	4.3
1528237645.73	4300	59.499891	0.0	2191074	27	4.3
1528237649.34	4300	59.999017	0.0	2286761	27	4.3
1528237653.45	4300	59.749918	0.0	2307787	27	4.3
1528237657.6	4300	59.749683	0.0	2143948	27	4.3
1528237661.2	4300	59.999323	0.0	1919781	25	4.3
1528237665.4	4300	59.999136	0.0	2147467	23	4.3
1528237669.51	4300	59.74886	0.0	2133870	21	4.3
1528237673.61	4300	59.749362	0.0	2146120	23	4.3
1528237677.22	4300	59.998391	0.0	2108491	26	4.3
1528237681.32	4300	59.998905	0.0	2184571	25	4.3
1528237685.43	4300	59.748252	0.0	2121928	25	4.3
1528237689.55	4300	59.748762	0.0	2219102	27	4.3
1528237693.66	4300	59.683037	0.0	2124950	22	4.3
1528237697.27	4300	59.998686	0.0	2246506	26	4.3
1528237701.87	4300	59.499577	0.0	1961140	18	4.3
1528237705.48	4300	59.748645	0.0	2155012	25	4.3
1528237707.07	4300	59.929845	0.0	1433658	17	4.3

1528237707.28	750	4	0.033	2354772	8	-0.14190000000000003
1528237707.36	4300	7.96458	0.0	2123065	21	0.75
1528237707.46	4300	11.872295	0.0	2177073	24	4.3
1528237707.53	4300	15.794767	0.0	2160877	13	4.3
1528237707.63	4300	19.70263	0.0	2233056	20	4.3
1528237707.73	4300	23.606892	0.0	1941625	23	4.3
1528237707.82	4300	27.508578	0.0	2157535	23	4.3
1528237707.89	4300	31.433992	0.0	2290172	13	4.3
1528237707.99	4300	35.336529	0.0	2055469	24	4.3
1528237708.09	4300	39.242536	0.0	2169201	23	4.3
1528237708.18	4300	43.153892	0.0	2173522	25	4.3
1528237708.25	4300	47.079386	0.0	2102452	11	4.3
1528237708.34	4300	50.987379	0.0	2209463	20	4.3
1528237708.46	4300	54.872932	0.0	2275376	24	4.3
1528237708.55	4300	58.784769	0.0	2005399	21	4.3
1528237711.65	4300	59.749213	0.0	2152483	20	4.3
1528237715.76	4300	59.748294	0.0	2289689	25	4.3
1528237719.37	4300	59.998788	0.0	2059512	25	4.3
1528237723.47	4300	59.998213	0.0	2220726	23	4.3
1528237727.58	4300	59.99941	0.0	2156729	26	4.3
1528237731.68	4300	59.749143	0.0	2039773	21	4.3
1528237735.79	4300	59.749453	0.0	2176469	27	4.3
1528237739.46	4300	59.997703	0.0	2221506	10	4.3
1528237743.56	4300	59.998453	0.0	2044075	17	4.3
1528237747.66	4300	59.749122	0.0	2186790	20	4.3
1528237751.77	4300	59.749061	0.0	2105231	23	4.3
1528237755.38	4300	59.997829	0.0	2395588	21	4.3
1528237759.48	4300	59.999497	0.0	1972048	21	4.3
