1527627826.26	750	4	0.025	2354772	6	-0.10750000000000004
1527627826.41	4300	7.955891	0.0	2123065	23	0.75
1527627826.54	4300	11.817887	0.0	2177073	19	4.3
1527627826.69	4300	15.6771	0.0	2160877	17	4.3
1527627826.83	4300	19.530419	0.0	2233056	26	4.3
1527627826.98	4300	23.384635	0.0	1941625	23	4.3
1527627827.11	4300	27.25149	0.0	2157535	18	4.3
1527627827.25	4300	31.108595	0.0	2290172	25	4.3
1527627827.39	4300	34.966524	0.0	2055469	23	4.3
1527627827.53	4300	38.829442	0.0	2169201	20	4.3
1527627827.67	4300	42.689767	0.0	2173522	23	4.3
1527627827.82	4300	46.54409	0.0	2102452	26	4.3
1527627827.98	4300	50.396211	0.0	2209463	25	4.3
1527627828.14	4300	54.224836	0.0	2275376	27	4.3
1527627828.28	4300	58.082818	0.0	2005399	20	4.3
1527627830.43	4300	59.999163	0.0	2152483	26	4.3
1527627834.57	4300	59.998847	0.0	2289689	19	4.3
1527627838.73	4300	59.749697	0.0	2059512	24	4.3
1527627842.39	4300	59.998632	0.0	2220726	28	4.3
1527627847.05	4300	59.498688	0.0	2156729	12	4.3
1527627850.71	4300	59.749062	0.0	2039773	25	4.3
1527627854.39	4300	59.999178	0.0	2176469	24	4.3
1527627858.54	4300	59.999015	0.0	2221506	22	4.3
1527627862.7	4300	59.748823	0.0	2044075	24	4.3
1527627866.85	4300	59.749078	0.0	2186790	22	4.3
1527627870.51	4300	59.999499	0.0	2105231	25	4.3
1527627874.67	4300	59.748192	0.0	2395588	29	4.3
1527627878.83	4300	59.749683	0.0	1972048	23	4.3
1527627882.98	4300	59.498916	0.0	2134614	23	4.3
1527627886.64	4300	59.749564	0.0	2164140	25	4.3
1527627890.8	4300	59.749278	0.0	2113193	25	4.3
1527627894.46	4300	59.997965	0.0	2147852	20	4.3
1527627898.62	4300	59.748401	0.0	2191074	27	4.3
1527627902.82	4300	59.749018	0.0	2286761	25	4.3
1527627906.48	4300	59.997954	0.0	2307787	25	4.3
1527627910.64	4300	59.749364	0.0	2143948	26	4.3
1527627914.79	4300	59.748652	0.0	1919781	17	4.3
1527627918.45	4300	59.99924	0.0	2147467	26	4.3
1527627922.61	4300	59.999189	0.0	2133870	22	4.3
1527627926.76	4300	59.749546	0.0	2146120	18	4.3
1527627930.42	4300	59.998934	0.0	2108491	23	4.3
1527627934.58	4300	59.999135	0.0	2184571	27	4.3
1527627938.73	4300	59.749732	0.0	2121928	20	4.3
1527627942.39	4300	59.998794	0.0	2219102	24	4.3
1527627946.55	4300	59.998831	0.0	2124950	26	4.3
1527627950.71	4300	59.749168	0.0	2246506	25	4.3
1527627954.84	4300	59.748877	0.0	1961140	19	4.3
1527627958.47	4300	59.999436	0.0	2155012	23	4.3
1527627960.57	4300	59.679271	0.0	1433658	15	4.3

1527627960.8	750	4	0.021	668286	4	-0.09030000000000005
1527627960.95	4300	7.953701	0.0	2123065	15	0.75
1527627961.09	4300	11.813604	0.0	2177073	22	4.3
1527627961.23	4300	15.672145	0.0	2160877	20	4.3
1527627961.38	4300	19.525969	0.0	2233056	26	4.3
1527627961.54	4300	23.370018	0.0	1941625	20	4.3
1527627961.68	4300	27.224228	0.0	2157535	27	4.3
1527627961.83	4300	31.075319	0.0	2290172	27	4.3
1527627961.98	4300	34.928732	0.0	2055469	22	4.3
1527627962.13	4300	38.777071	0.0	2169201	26	4.3
1527627962.26	4300	42.641524	0.0	2173522	19	4.3
1527627962.4	4300	46.501648	0.0	2102452	23	4.3
1527627962.55	4300	50.357491	0.0	2209463	24	4.3
1527627962.7	4300	54.205972	0.0	2275376	28	4.3
1527627962.85	4300	58.056546	0.0	2005399	11	4.3
1527627965.0	4300	59.999107	0.0	2152483	28	4.3
1527627969.17	4300	59.747569	0.0	2289689	26	4.3
1527627973.32	4300	59.748426	0.0	2059512	22	4.3
1527627976.98	4300	59.999216	0.0	2220726	29	4.3
1527627981.64	4300	59.499583	0.0	2156729	23	4.3
1527627985.33	4300	59.747966	0.0	2039773	24	4.3
1527627988.99	4300	59.998587	0.0	2176469	27	4.3
1527627993.15	4300	59.999022	0.0	2221506	25	4.3
1527627997.31	4300	59.749155	0.0	2044075	24	4.3
1527628000.96	4300	59.998065	0.0	2186790	20	4.3
1527628005.12	4300	59.999267	0.0	2105231	26	4.3
1527628009.28	4300	59.749369	0.0	2395588	28	4.3
1527628012.93	4300	59.998548	0.0	1972048	21	4.3
1527628017.59	4300	59.498674	0.0	2134614	23	4.3
1527628021.24	4300	59.748653	0.0	2164140	21	4.3
1527628025.41	4300	59.749513	0.0	2113193	22	4.3
1527628029.56	4300	59.498848	0.0	2147852	22	4.3
1527628033.22	4300	59.748889	0.0	2191074	20	4.3
1527628037.38	4300	59.749201	0.0	2286761	24	4.3
1527628041.54	4300	59.499392	0.0	2307787	24	4.3
1527628045.21	4300	59.748141	0.0	2143948	27	4.3
1527628049.36	4300	59.749465	0.0	1919781	20	4.3
1527628053.52	4300	59.499356	0.0	2147467	21	4.3
1527628057.18	4300	59.747756	0.0	2133870	24	4.3
1527628061.34	4300	59.748997	0.0	2146120	26	4.3
1527628065.5	4300	59.499	0.0	2108491	26	4.3
1527628069.15	4300	59.9991	0.0	2184571	25	4.3
1527628073.31	4300	59.749453	0.0	2121928	23	4.3
1527628076.97	4300	59.998781	0.0	2219102	22	4.3
1527628081.13	4300	59.999263	0.0	2124950	23	4.3
1527628085.28	4300	59.749344	0.0	2246506	23	4.3
1527628088.92	4300	59.998888	0.0	1961140	20	4.3
1527628093.08	4300	59.99911	0.0	2155012	22	4.3
1527628094.74	4300	59.928612	0.0	1433658	15	4.3

1527628095.3	750	4	0.017	668286	3	-0.07309999999999994
1527628095.54	4300	7.95391	0.0	2123065	12	0.75
1527628095.69	4300	11.76364	0.0	2177073	17	4.3
1527628095.85	4300	15.60876	0.0	2160877	28	4.3
1527628095.99	4300	19.457452	0.0	2233056	28	4.3
1527628096.15	4300	23.313194	0.0	1941625	24	4.3
1527628096.3	4300	27.15415	0.0	2157535	22	4.3
1527628096.45	4300	31.007913	0.0	2290172	27	4.3
1527628096.59	4300	34.859685	0.0	2055469	21	4.3
1527628096.74	4300	38.712896	0.0	2169201	26	4.3
1527628096.89	4300	42.566308	0.0	2173522	24	4.3
1527628097.03	4300	46.427857	0.0	2102452	19	4.3
1527628097.17	4300	50.285435	0.0	2209463	24	4.3
1527628097.32	4300	54.13626	0.0	2275376	26	4.3
1527628097.47	4300	57.986272	0.0	2005399	23	4.3
1527628100.12	4300	59.498845	0.0	2152483	27	4.3
1527628103.78	4300	59.748633	0.0	2289689	19	4.3
1527628107.93	4300	59.748301	0.0	2059512	22	4.3
1527628111.6	4300	59.999115	0.0	2220726	25	4.3
1527628115.76	4300	59.74893	0.0	2156729	24	4.3
1527628119.92	4300	59.748979	0.0	2039773	25	4.3
1527628124.07	4300	59.499285	0.0	2176469	22	4.3
1527628127.73	4300	59.748325	0.0	2221506	24	4.3
1527628131.9	4300	59.749722	0.0	2044075	23	4.3
1527628135.56	4300	59.998599	0.0	2186790	27	4.3
1527628139.72	4300	59.749454	0.0	2105231	24	4.3
1527628143.88	4300	59.749368	0.0	2395588	22	4.3
1527628147.54	4300	59.999474	0.0	1972048	24	4.3
1527628151.7	4300	59.998947	0.0	2134614	23	4.3
1527628155.86	4300	59.748075	0.0	2164140	27	4.3
1527628159.65	4300	59.998622	0.0	2113193	25	4.3
1527628163.82	4300	59.749417	0.0	2147852	26	4.3
1527628167.97	4300	59.499188	0.0	2191074	20	4.3
1527628172.13	4300	59.498729	0.0	2286761	25	4.3
1527628175.78	4300	59.748973	0.0	2307787	21	4.3
1527628179.93	4300	59.749614	0.0	2143948	19	4.3
1527628183.58	4300	59.999033	0.0	1919781	16	4.3
