1527633704.02	750	4	0.029	2354772	12	-0.12470000000000003
1527633704.17	4300	7.955733	0.0	2123065	25	0.75
1527633704.33	4300	11.8022	0.0	2177073	25	4.3
1527633704.48	4300	15.651284	0.0	2160877	22	4.3
1527633704.62	4300	19.501296	0.0	2233056	26	4.3
1527633704.77	4300	23.3569	0.0	1941625	22	4.3
1527633704.91	4300	27.2171	0.0	2157535	18	4.3
1527633705.05	4300	31.077038	0.0	2290172	22	4.3
1527633705.19	4300	34.934225	0.0	2055469	23	4.3
1527633705.34	4300	38.787448	0.0	2169201	26	4.3
1527633705.48	4300	42.64895	0.0	2173522	19	4.3
1527633705.64	4300	46.486126	0.0	2102452	24	4.3
1527633705.79	4300	50.335505	0.0	2209463	26	4.3
1527633705.97	4300	54.16241	0.0	2275376	23	4.3
1527633706.1	4300	58.025139	0.0	2005399	16	4.3
1527633708.76	4300	59.498605	0.0	2152483	25	4.3
1527633712.41	4300	59.748821	0.0	2289689	20	4.3
1527633716.57	4300	59.748824	0.0	2059512	21	4.3
1527633720.23	4300	59.997843	0.0	2220726	26	4.3
1527633724.36	4300	59.998699	0.0	2156729	11	4.3
1527633728.51	4300	59.748647	0.0	2039773	17	4.3
1527633732.67	4300	59.498141	0.0	2176469	26	4.3
1527633736.84	4300	59.499035	0.0	2221506	29	4.3
1527633740.48	4300	59.749763	0.0	2044075	19	4.3
1527633744.14	4300	59.999451	0.0	2186790	25	4.3
1527633748.3	4300	59.998962	0.0	2105231	26	4.3
1527633752.44	4300	59.747356	0.0	2395588	21	4.3
1527633756.6	4300	59.749003	0.0	1972048	22	4.3
1527633760.25	4300	59.999489	0.0	2134614	24	4.3
1527633764.41	4300	59.748765	0.0	2164140	25	4.3
1527633768.56	4300	59.748767	0.0	2113193	20	4.3
1527633772.22	4300	59.99917	0.0	2147852	27	4.3
1527633776.38	4300	59.998752	0.0	2191074	27	4.3
1527633780.53	4300	59.749429	0.0	2286761	22	4.3
1527633784.19	4300	59.999275	0.0	2307787	27	4.3
1527633788.85	4300	59.499155	0.0	2143948	24	4.3
1527633792.5	4300	59.748233	0.0	1919781	19	4.3
1527633796.66	4300	59.498648	0.0	2147467	25	4.3
1527633800.32	4300	59.999456	0.0	2133870	34	4.3
1527633804.46	4300	59.749238	0.0	2146120	15	4.3
1527633808.61	4300	59.749221	0.0	2108491	17	4.3
1527633812.27	4300	59.999486	0.0	2184571	25	4.3
1527633816.42	4300	59.74912	0.0	2121928	26	4.3
1527633820.58	4300	59.748879	0.0	2219102	24	4.3
1527633824.23	4300	59.999343	0.0	2124950	24	4.3
1527633828.4	4300	59.748845	0.0	2246506	27	4.3
1527633832.54	4300	59.748642	0.0	1961140	24	4.3
1527633836.17	4300	59.998899	0.0	2155012	27	4.3
1527633838.29	4300	59.678339	0.0	1433658	16	4.3

1527633838.52	750	4	0.014	668286	2	-0.06020000000000003
1527633838.67	4300	7.949433	0.0	2123065	19	0.75
1527633838.82	4300	11.801844	0.0	2177073	28	4.3
1527633838.98	4300	15.641277	0.0	2160877	28	4.3
1527633839.12	4300	19.498916	0.0	2233056	27	4.3
1527633839.26	4300	23.357144	0.0	1941625	25	4.3
1527633839.4	4300	27.2216	0.0	2157535	20	4.3
1527633839.55	4300	31.073749	0.0	2290172	26	4.3
1527633839.69	4300	34.930591	0.0	2055469	23	4.3
1527633839.83	4300	38.78455	0.0	2169201	27	4.3
1527633839.98	4300	42.634175	0.0	2173522	26	4.3
1527633840.14	4300	46.485598	0.0	2102452	25	4.3
1527633840.29	4300	50.331817	0.0	2209463	28	4.3
1527633840.43	4300	54.183199	0.0	2275376	27	4.3
1527633840.58	4300	58.036272	0.0	2005399	27	4.3
1527633843.23	4300	59.498363	0.0	2152483	10	4.3
1527633846.89	4300	59.749158	0.0	2289689	25	4.3
1527633851.11	4300	59.747937	0.0	2059512	22	4.3
1527633854.77	4300	59.998373	0.0	2220726	24	4.3
1527633858.94	4300	59.749013	0.0	2156729	23	4.3
1527633863.11	4300	59.749163	0.0	2039773	24	4.3
1527633867.26	4300	59.498543	0.0	2176469	21	4.3
1527633870.92	4300	59.748481	0.0	2221506	28	4.3
1527633875.08	4300	59.749679	0.0	2044075	23	4.3
1527633878.73	4300	59.998775	0.0	2186790	21	4.3
1527633882.88	4300	59.749681	0.0	2105231	21	4.3
1527633887.05	4300	59.749081	0.0	2395588	28	4.3
1527633891.21	4300	59.499477	0.0	1972048	22	4.3
1527633894.86	4300	59.999141	0.0	2134614	23	4.3
1527633899.02	4300	59.749478	0.0	2164140	24	4.3
1527633902.67	4300	59.998816	0.0	2113193	20	4.3
1527633907.34	4300	59.498238	0.0	2147852	22	4.3
1527633911.0	4300	59.749259	0.0	2191074	24	4.3
1527633914.67	4300	59.999321	0.0	2286761	28	4.3
1527633918.83	4300	59.99868	0.0	2307787	24	4.3
1527633923.0	4300	59.749432	0.0	2143948	25	4.3
1527633926.66	4300	59.998847	0.0	1919781	22	4.3
1527633930.82	4300	59.998735	0.0	2147467	27	4.3
1527633934.99	4300	59.748229	0.0	2133870	19	4.3
1527633938.64	4300	59.999238	0.0	2146120	19	4.3
1527633942.88	4300	59.999129	0.0	2108491	23	4.3
1527633947.03	4300	59.748992	0.0	2184571	21	4.3
1527633950.69	4300	59.999434	0.0	2121928	26	4.3
1527633955.35	4300	59.499433	0.0	2219102	27	4.3
1527633959.0	4300	59.748768	0.0	2124950	25	4.3
1527633963.15	4300	59.498209	0.0	2246506	18	4.3
1527633966.79	4300	59.998122	0.0	1961140	20	4.3
1527633970.92	4300	59.748637	0.0	2155012	19	4.3
1527633972.53	4300	59.928782	0.0	1433658	15	4.3

1527633972.75	750	4	0.012	668286	3	-0.05159999999999998
1527633972.9	4300	7.950362	0.0	2123065	18	0.75
1527633973.04	4300	11.807337	0.0	2177073	25	4.3
1527633973.19	4300	15.662348	0.0	2160877	28	4.3
1527633973.32	4300	19.526788	0.0	2233056	14	4.3
1527633973.46	4300	23.391522	0.0	1941625	21	4.3
1527633973.61	4300	27.244459	0.0	2157535	24	4.3
1527633973.74	4300	31.112202	0.0	2290172	18	4.3
1527633973.88	4300	34.972636	0.0	2055469	23	4.3
1527633974.03	4300	38.82393	0.0	2169201	24	4.3
1527633974.17	4300	42.676746	0.0	2173522	26	4.3
1527633974.31	4300	46.540853	0.0	2102452	20	4.3
1527633974.45	4300	50.400004	0.0	2209463	27	4.3
1527633974.59	4300	54.25544	0.0	2275376	24	4.3
1527633974.73	4300	58.120804	0.0	2005399	20	4.3
1527633977.39	4300	59.498689	0.0	2152483	38	4.3
