1528308478.95	750	4	0.015	450283	3	-0.0645
1528308479.06	4300	7.942342	0.0	2123065	25	0.75
1528308479.15	4300	11.84712	0.0	2177073	26	4.3
1528308479.23	4300	15.766967	0.0	2160877	15	4.3
1528308479.33	4300	19.670449	0.0	2233056	26	4.3
1528308479.4	4300	23.598662	0.0	1941625	12	4.3
1528308479.5	4300	27.495479	0.0	2157535	25	4.3
1528308479.6	4300	31.396542	0.0	2290172	26	4.3
1528308479.67	4300	35.325877	0.0	2055469	12	4.3
1528308479.77	4300	39.225984	0.0	2169201	28	4.3
1528308479.87	4300	43.131083	0.0	2173522	24	4.3
1528308479.95	4300	47.055277	0.0	2102452	14	4.3
1528308480.03	4300	50.97358	0.0	2209463	15	4.3
1528308480.14	4300	54.882021	0.0	2275376	22	4.3
1528308480.23	4300	58.766739	0.0	2005399	21	4.3
1528308483.35	4300	59.748873	0.0	2152483	22	4.3
1528308487.53	4300	59.748672	0.0	2289689	22	4.3
1528308491.13	4300	59.99943	0.0	2059512	16	4.3
1528308495.24	4300	59.99838	0.0	2220726	20	4.3
1528308499.34	4300	59.748836	0.0	2156729	20	4.3
1528308503.44	4300	59.747743	0.0	2039773	22	4.3
1528308507.05	4300	59.999466	0.0	2176469	24	4.3
1528308511.16	4300	59.997778	0.0	2221506	22	4.3
1528308515.26	4300	59.748841	0.0	2044075	21	4.3
1528308519.38	4300	59.749135	0.0	2186790	21	4.3
1528308523.48	4300	59.74881	0.0	2105231	25	4.3
1528308527.1	4300	59.999221	0.0	2395588	30	4.3
1528308531.2	4300	59.998809	0.0	1972048	20	4.3
1528308535.3	4300	59.749296	0.0	2134614	24	4.3
1528308539.41	4300	59.749037	0.0	2164140	27	4.3
1528308543.02	4300	59.999258	0.0	2113193	24	4.3
1528308547.13	4300	59.998515	0.0	2147852	21	4.3
1528308551.24	4300	59.998506	0.0	2191074	25	4.3
1528308555.34	4300	59.749359	0.0	2286761	26	4.3
1528308559.45	4300	59.748611	0.0	2307787	25	4.3
1528308563.07	4300	59.999473	0.0	2143948	32	4.3
1528308567.17	4300	59.999137	0.0	1919781	18	4.3
1528308571.28	4300	59.749096	0.0	2147467	24	4.3
1528308575.39	4300	59.748198	0.0	2133870	25	4.3
1528308579.49	4300	59.749281	0.0	2146120	24	4.3
1528308583.1	4300	59.999061	0.0	2108491	26	4.3
1528308587.21	4300	59.998361	0.0	2184571	26	4.3
1528308591.31	4300	59.748656	0.0	2121928	26	4.3
1528308595.43	4300	59.748299	0.0	2219102	26	4.3
1528308599.03	4300	59.998558	0.0	2124950	26	4.3
1528308603.14	4300	59.998463	0.0	2246506	25	4.3
1528308607.25	4300	59.997961	0.0	1961140	20	4.3
1528308611.36	4300	59.748116	0.0	2155012	27	4.3
1528308612.95	4300	59.928336	0.0	1433658	19	4.3

1528308613.18	750	4	0.025	2354772	8	-0.10750000000000004
1528308613.25	4300	7.987395	0.0	2123065	6	0.75
1528308613.34	4300	11.894984	0.0	2177073	26	4.3
1528308613.42	4300	15.81552	0.0	2160877	14	4.3
1528308613.52	4300	19.711899	0.0	2233056	32	4.3
1528308613.61	4300	23.62618	0.0	1941625	24	4.3
1528308613.7	4300	27.540004	0.0	2157535	14	4.3
1528308613.79	4300	31.442785	0.0	2290172	27	4.3
1528308613.87	4300	35.373026	0.0	2055469	10	4.3
1528308613.97	4300	39.270831	0.0	2169201	26	4.3
1528308614.06	4300	43.174938	0.0	2173522	26	4.3
1528308614.14	4300	47.098427	0.0	2102452	13	4.3
1528308614.24	4300	50.998315	0.0	2209463	26	4.3
1528308614.33	4300	54.903986	0.0	2275376	27	4.3
1528308614.41	4300	58.829907	0.0	2005399	12	4.3
1528308617.52	4300	59.748801	0.0	2152483	26	4.3
1528308621.62	4300	59.748564	0.0	2289689	19	4.3
1528308625.73	4300	59.748335	0.0	2059512	23	4.3
1528308629.35	4300	59.998773	0.0	2220726	28	4.3
1528308633.46	4300	59.999111	0.0	2156729	25	4.3
1528308637.57	4300	59.748232	0.0	2039773	24	4.3
1528308641.68	4300	59.749094	0.0	2176469	27	4.3
1528308645.29	4300	59.998064	0.0	2221506	27	4.3
1528308649.4	4300	59.99756	0.0	2044075	22	4.3
1528308653.5	4300	59.747818	0.0	2186790	26	4.3
1528308657.58	4300	59.749495	0.0	2105231	6	4.3
1528308661.7	4300	59.748934	0.0	2395588	33	4.3
1528308665.78	4300	59.499628	0.0	1972048	11	4.3
1528308669.89	4300	59.498047	0.0	2134614	25	4.3
1528308673.49	4300	59.749629	0.0	2164140	26	4.3
1528308677.6	4300	59.748357	0.0	2113193	23	4.3
1528308681.72	4300	59.749166	0.0	2147852	26	4.3
1528308685.33	4300	59.998077	0.0	2191074	24	4.3
1528308689.95	4300	59.498269	0.0	2286761	27	4.3
1528308693.56	4300	59.748681	0.0	2307787	27	4.3
1528308697.67	4300	59.749521	0.0	2143948	27	4.3
1528308701.27	4300	59.99887	0.0	1919781	23	4.3
1528308705.38	4300	59.998142	0.0	2147467	24	4.3
1528308709.99	4300	59.499161	0.0	2133870	24	4.3
1528308713.58	4300	59.749087	0.0	2146120	14	4.3
1528308717.68	4300	59.749264	0.0	2108491	20	4.3
1528308721.29	4300	59.999431	0.0	2184571	24	4.3
1528308725.89	4300	59.497756	0.0	2121928	18	4.3
1528308729.51	4300	59.749472	0.0	2219102	26	4.3
1528308733.61	4300	59.706436	0.0	2124950	23	4.3
1528308737.72	4300	59.749506	0.0	2246506	25	4.3
1528308741.82	4300	59.498695	0.0	1961140	23	4.3
1528308745.43	4300	59.999288	0.0	2155012	26	4.3
1528308747.03	4300	59.9293	0.0	1433658	17	4.3

1528308747.26	750	4	0.027	2354772	7	-0.11609999999999998
1528308747.32	4300	7.987081	0.0	2123065	7	0.75
1528308747.41	4300	11.896231	0.0	2177073	26	4.3
1528308747.49	4300	15.822426	0.0	2160877	12	4.3
1528308747.58	4300	19.728827	0.0	2233056	23	4.3
1528308747.68	4300	23.631254	0.0	1941625	22	4.3
1528308747.78	4300	27.530306	0.0	2157535	19	4.3
1528308747.87	4300	31.43799	0.0	2290172	23	4.3
1528308747.96	4300	35.349271	0.0	2055469	20	4.3
1528308748.05	4300	39.259936	0.0	2169201	21	4.3
1528308748.15	4300	43.156445	0.0	2173522	28	4.3
1528308748.25	4300	47.059601	0.0	2102452	24	4.3
1528308748.32	4300	50.986051	0.0	2209463	12	4.3
1528308748.42	4300	54.89394	0.0	2275376	22	4.3
1528308748.5	4300	58.805135	0.0	2005399	20	4.3
1528308751.62	4300	59.747849	0.0	2152483	15	4.3
1528308755.72	4300	59.749259	0.0	2289689	24	4.3
1528308759.8	4300	59.749242	0.0	2059512	8	4.3
1528308763.41	4300	59.999189	0.0	2220726	25	4.3
1528308767.52	4300	59.998532	0.0	2156729	14	4.3
1528308771.62	4300	59.748305	0.0	2039773	23	4.3
1528308775.73	4300	59.747849	0.0	2176469	26	4.3
