1527710465.38	750	4	0.025	2354772	7	-0.10750000000000004
1527710465.55	4300	7.957713	0.0	2123065	26	0.75
1527710465.7	4300	11.809481	0.0	2177073	27	4.3
1527710465.83	4300	15.682379	0.0	2160877	12	4.3
1527710465.97	4300	19.534864	0.0	2233056	27	4.3
1527710466.1	4300	23.411493	0.0	1941625	14	4.3
1527710466.23	4300	27.282761	0.0	2157535	14	4.3
1527710466.37	4300	31.143095	0.0	2290172	15	4.3
1527710466.5	4300	35.012598	0.0	2055469	13	4.3
1527710466.64	4300	38.871737	0.0	2169201	23	4.3
1527710466.79	4300	42.72675	0.0	2173522	28	4.3
1527710466.91	4300	46.601203	0.0	2102452	12	4.3
1527710467.03	4300	50.476859	0.0	2209463	12	4.3
1527710467.17	4300	54.338995	0.0	2275376	13	4.3
1527710467.28	4300	58.223663	0.0	2005399	6	4.3
1527710469.9	4300	59.747837	0.0	2152483	7	4.3
1527710473.56	4300	59.998807	0.0	2289689	25	4.3
1527710477.72	4300	59.998509	0.0	2059512	24	4.3
1527710481.87	4300	59.748993	0.0	2220726	23	4.3
1527710485.51	4300	59.999403	0.0	2156729	15	4.3
1527710489.67	4300	59.998628	0.0	2039773	23	4.3
1527710493.83	4300	59.749527	0.0	2176469	25	4.3
1527710497.98	4300	59.749323	0.0	2221506	21	4.3
1527710501.64	4300	59.997967	0.0	2044075	26	4.3
1527710505.8	4300	59.747993	0.0	2186790	25	4.3
1527710509.95	4300	59.748308	0.0	2105231	19	4.3
1527710513.71	4300	59.998824	0.0	2395588	29	4.3
1527710517.87	4300	59.749132	0.0	1972048	23	4.3
1527710521.51	4300	59.999339	0.0	2134614	17	4.3
1527710525.66	4300	59.999292	0.0	2164140	23	4.3
1527710529.81	4300	59.748985	0.0	2113193	19	4.3
1527710533.97	4300	59.748596	0.0	2147852	25	4.3
1527710537.62	4300	59.998695	0.0	2191074	21	4.3
1527710541.78	4300	59.748902	0.0	2286761	28	4.3
1527710545.93	4300	59.748967	0.0	2307787	21	4.3
1527710549.58	4300	59.999452	0.0	2143948	26	4.3
1527710553.74	4300	59.999003	0.0	1919781	22	4.3
1527710557.91	4300	59.748988	0.0	2147467	21	4.3
1527710562.07	4300	59.498396	0.0	2133870	21	4.3
1527710565.71	4300	59.998025	0.0	2146120	14	4.3
1527710569.86	4300	59.747674	0.0	2108491	21	4.3
1527710574.02	4300	59.499528	0.0	2184571	27	4.3
1527710577.67	4300	59.998111	0.0	2121928	22	4.3
1527710581.82	4300	59.748989	0.0	2219102	25	4.3
1527710585.96	4300	59.749078	0.0	2124950	18	4.3
1527710589.61	4300	59.99936	0.0	2246506	26	4.3
1527710593.75	4300	59.999186	0.0	1961140	17	4.3
1527710597.88	4300	59.749481	0.0	2155012	23	4.3
1527710599.48	4300	59.928615	0.0	1433658	15	4.3

1527710599.7	750	4	0.015	668286	4	-0.0645
1527710599.85	4300	7.956681	0.0	2123065	14	0.75
1527710599.98	4300	11.826034	0.0	2177073	15	4.3
1527710600.1	4300	15.705701	0.0	2160877	8	4.3
1527710600.24	4300	19.565282	0.0	2233056	15	4.3
1527710600.37	4300	23.440733	0.0	1941625	13	4.3
1527710600.48	4300	27.325296	0.0	2157535	9	4.3
1527710600.62	4300	31.184431	0.0	2290172	21	4.3
1527710600.75	4300	35.058096	0.0	2055469	12	4.3
1527710600.89	4300	38.915517	0.0	2169201	22	4.3
1527710601.01	4300	42.793054	0.0	2173522	14	4.3
1527710601.16	4300	46.6511	0.0	2102452	25	4.3
1527710601.29	4300	50.521312	0.0	2209463	17	4.3
1527710601.41	4300	54.391628	0.0	2275376	16	4.3
1527710601.53	4300	58.275679	0.0	2005399	7	4.3
1527710604.18	4300	59.748941	0.0	2152483	22	4.3
1527710607.84	4300	59.997184	0.0	2289689	27	4.3
1527710612.0	4300	59.998422	0.0	2059512	22	4.3
1527710616.15	4300	59.748288	0.0	2220726	21	4.3
1527710620.31	4300	59.498284	0.0	2156729	26	4.3
1527710623.96	4300	59.998406	0.0	2039773	22	4.3
1527710628.11	4300	59.748442	0.0	2176469	26	4.3
1527710632.26	4300	59.74899	0.0	2221506	21	4.3
1527710636.04	4300	59.998554	0.0	2044075	26	4.3
1527710640.19	4300	59.748398	0.0	2186790	21	4.3
1527710643.88	4300	59.99741	0.0	2105231	26	4.3
1527710648.04	4300	59.9974	0.0	2395588	27	4.3
1527710652.18	4300	59.74747	0.0	1972048	21	4.3
1527710655.84	4300	59.998589	0.0	2134614	27	4.3
1527710659.99	4300	59.998516	0.0	2164140	20	4.3
1527710664.17	4300	59.749177	0.0	2113193	25	4.3
1527710667.82	4300	59.998057	0.0	2147852	22	4.3
1527710671.98	4300	59.998438	0.0	2191074	26	4.3
1527710676.13	4300	59.748584	0.0	2286761	17	4.3
1527710680.29	4300	59.747477	0.0	2307787	28	4.3
1527710683.93	4300	59.99841	0.0	2143948	21	4.3
1527710688.09	4300	59.748664	0.0	1919781	22	4.3
1527710692.24	4300	59.748696	0.0	2147467	18	4.3
1527710695.89	4300	59.99903	0.0	2133870	27	4.3
1527710700.05	4300	59.999225	0.0	2146120	18	4.3
1527710704.2	4300	59.748792	0.0	2108491	25	4.3
1527710707.86	4300	59.998217	0.0	2184571	25	4.3
1527710712.03	4300	59.998611	0.0	2121928	25	4.3
1527710716.18	4300	59.749227	0.0	2219102	23	4.3
1527710719.84	4300	59.999113	0.0	2124950	25	4.3
1527710723.99	4300	59.998874	0.0	2246506	26	4.3
1527710728.15	4300	59.747053	0.0	1961140	22	4.3
1527710732.26	4300	59.748476	0.0	2155012	13	4.3
1527710733.87	4300	59.678885	0.0	1433658	17	4.3

1527710734.22	750	4	0.013	668286	3	-0.05589999999999995
1527710734.38	4300	7.949329	0.0	2123065	14	0.75
1527710734.52	4300	11.808485	0.0	2177073	20	4.3
1527710734.65	4300	15.674389	0.0	2160877	16	4.3
1527710734.79	4300	19.538428	0.0	2233056	21	4.3
1527710734.93	4300	23.395024	0.0	1941625	21	4.3
1527710735.05	4300	27.27451	0.0	2157535	13	4.3
1527710735.17	4300	31.153208	0.0	2290172	13	4.3
1527710735.29	4300	35.0321	0.0	2055469	12	4.3
1527710735.42	4300	38.907521	0.0	2169201	15	4.3
1527710735.54	4300	42.784946	0.0	2173522	14	4.3
1527710735.67	4300	46.65262	0.0	2102452	13	4.3
1527710735.79	4300	50.531238	0.0	2209463	13	4.3
1527710735.94	4300	54.384589	0.0	2275376	27	4.3
1527710736.08	4300	58.247651	0.0	2005399	16	4.3
1527710738.72	4300	59.748839	0.0	2152483	16	4.3
1527710742.87	4300	59.498839	0.0	2289689	26	4.3
1527710746.53	4300	59.99808	0.0	2059512	24	4.3
1527710750.68	4300	59.749755	0.0	2220726	18	4.3
1527710754.33	4300	59.998829	0.0	2156729	25	4.3
1527710758.96	4300	59.499698	0.0	2039773	14	4.3
1527710762.62	4300	59.749808	0.0	2176469	26	4.3
1527710766.78	4300	59.749055	0.0	2221506	28	4.3
1527710770.93	4300	59.498873	0.0	2044075	19	4.3
1527710774.6	4300	59.748337	0.0	2186790	22	4.3
1527710778.75	4300	59.749487	0.0	2105231	24	4.3
1527710782.4	4300	59.998554	0.0	2395588	22	4.3
1527710786.56	4300	59.998892	0.0	1972048	25	4.3
1527710790.72	4300	59.748453	0.0	2134614	27	4.3
