1527626356.93	750	4	0.025	2354772	7	-0.10750000000000004
1527626357.07	4300	7.96723	0.0	2123065	19	0.75
1527626357.21	4300	11.823243	0.0	2177073	27	4.3
1527626357.36	4300	15.675197	0.0	2160877	21	4.3
1527626357.51	4300	19.524428	0.0	2233056	25	4.3
1527626357.66	4300	23.378276	0.0	1941625	24	4.3
1527626357.81	4300	27.227431	0.0	2157535	28	4.3
1527626357.96	4300	31.077547	0.0	2290172	29	4.3
1527626358.11	4300	34.927176	0.0	2055469	23	4.3
1527626358.26	4300	38.77166	0.0	2169201	24	4.3
1527626358.41	4300	42.626456	0.0	2173522	27	4.3
1527626358.56	4300	46.475443	0.0	2102452	25	4.3
1527626358.71	4300	50.324718	0.0	2209463	26	4.3
1527626358.88	4300	54.15781	0.0	2275376	26	4.3
1527626359.02	4300	58.018053	0.0	2005399	21	4.3
1527626361.17	4300	59.999124	0.0	2152483	23	4.3
1527626365.32	4300	59.749676	0.0	2289689	20	4.3
1527626369.48	4300	59.749289	0.0	2059512	22	4.3
1527626373.13	4300	59.997946	0.0	2220726	20	4.3
1527626377.28	4300	59.999468	0.0	2156729	25	4.3
1527626381.44	4300	59.748451	0.0	2039773	19	4.3
1527626385.09	4300	59.998956	0.0	2176469	23	4.3
1527626389.77	4300	59.499549	0.0	2221506	24	4.3
1527626393.42	4300	59.749646	0.0	2044075	23	4.3
1527626397.08	4300	59.999352	0.0	2186790	27	4.3
1527626401.32	4300	59.998786	0.0	2105231	26	4.3
1527626405.51	4300	59.747804	0.0	2395588	29	4.3
1527626409.18	4300	59.998466	0.0	1972048	21	4.3
1527626413.34	4300	59.748787	0.0	2134614	26	4.3
1527626417.49	4300	59.749491	0.0	2164140	19	4.3
1527626421.15	4300	59.999238	0.0	2113193	24	4.3
1527626425.3	4300	59.749326	0.0	2147852	26	4.3
1527626429.46	4300	59.748169	0.0	2191074	23	4.3
1527626433.62	4300	59.499354	0.0	2286761	29	4.3
1527626437.27	4300	59.998875	0.0	2307787	20	4.3
1527626441.42	4300	59.749028	0.0	2143948	24	4.3
1527626445.07	4300	59.99906	0.0	1919781	17	4.3
1527626449.72	4300	59.499303	0.0	2147467	25	4.3
1527626453.34	4300	59.74908	0.0	2133870	8	4.3
1527626457.51	4300	59.74907	0.0	2146120	24	4.3
1527626461.16	4300	59.998699	0.0	2108491	26	4.3
1527626465.32	4300	59.749358	0.0	2184571	25	4.3
1527626469.48	4300	59.748943	0.0	2121928	22	4.3
1527626473.14	4300	59.998052	0.0	2219102	26	4.3
1527626477.3	4300	59.749593	0.0	2124950	23	4.3
1527626481.5	4300	59.748835	0.0	2246506	23	4.3
1527626485.13	4300	59.998666	0.0	1961140	21	4.3
1527626489.36	4300	59.998996	0.0	2155012	25	4.3
1527626490.97	4300	59.929371	0.0	1433658	15	4.3

1527626491.21	750	4	0.022	668286	2	-0.09460000000000002
1527626491.37	4300	7.943359	0.0	2123065	11	0.75
1527626491.52	4300	11.790626	0.0	2177073	27	4.3
1527626491.67	4300	15.64072	0.0	2160877	22	4.3
1527626491.83	4300	19.485731	0.0	2233056	26	4.3
1527626491.97	4300	23.343153	0.0	1941625	24	4.3
1527626492.12	4300	27.190462	0.0	2157535	27	4.3
1527626492.28	4300	31.038511	0.0	2290172	28	4.3
1527626492.42	4300	34.89389	0.0	2055469	23	4.3
1527626492.57	4300	38.745166	0.0	2169201	25	4.3
1527626492.7	4300	42.610746	0.0	2173522	20	4.3
1527626492.85	4300	46.466935	0.0	2102452	25	4.3
1527626493.0	4300	50.320694	0.0	2209463	25	4.3
1527626493.15	4300	54.169961	0.0	2275376	26	4.3
1527626493.29	4300	58.023564	0.0	2005399	23	4.3
1527626495.44	4300	59.998843	0.0	2152483	10	4.3
1527626499.59	4300	59.749602	0.0	2289689	22	4.3
1527626503.76	4300	59.74817	0.0	2059512	23	4.3
1527626507.41	4300	59.999133	0.0	2220726	20	4.3
1527626511.57	4300	59.998828	0.0	2156729	26	4.3
1527626515.73	4300	59.749443	0.0	2039773	25	4.3
1527626519.38	4300	59.999138	0.0	2176469	20	4.3
1527626523.53	4300	59.999279	0.0	2221506	25	4.3
1527626527.7	4300	59.74926	0.0	2044075	24	4.3
1527626531.35	4300	59.998815	0.0	2186790	22	4.3
1527626535.5	4300	59.997903	0.0	2105231	26	4.3
1527626539.65	4300	59.749772	0.0	2395588	22	4.3
1527626543.81	4300	59.749719	0.0	1972048	23	4.3
1527626547.46	4300	59.999222	0.0	2134614	21	4.3
1527626551.61	4300	59.748623	0.0	2164140	26	4.3
1527626555.77	4300	59.749563	0.0	2113193	27	4.3
1527626559.93	4300	59.499474	0.0	2147852	22	4.3
1527626563.59	4300	59.748667	0.0	2191074	25	4.3
1527626567.75	4300	59.749813	0.0	2286761	25	4.3
1527626571.44	4300	59.998469	0.0	2307787	22	4.3
1527626575.61	4300	59.749313	0.0	2143948	25	4.3
1527626579.76	4300	59.748958	0.0	1919781	19	4.3
1527626583.42	4300	59.998866	0.0	2147467	24	4.3
1527626587.58	4300	59.749168	0.0	2133870	26	4.3
1527626591.73	4300	59.747936	0.0	2146120	20	4.3
1527626595.39	4300	59.997829	0.0	2108491	25	4.3
1527626599.54	4300	59.999448	0.0	2184571	28	4.3
1527626603.7	4300	59.749782	0.0	2121928	19	4.3
1527626607.36	4300	59.999471	0.0	2219102	27	4.3
1527626611.52	4300	59.998802	0.0	2124950	25	4.3
1527626615.66	4300	59.748821	0.0	2246506	24	4.3
1527626619.8	4300	59.748103	0.0	1961140	23	4.3
1527626623.93	4300	59.499062	0.0	2155012	18	4.3
1527626625.54	4300	59.678808	0.0	1433658	17	4.3

1527626625.78	750	4	0.017	668286	3	-0.07309999999999994
1527626625.94	4300	7.943579	0.0	2123065	24	0.75
1527626626.08	4300	11.798941	0.0	2177073	26	4.3
1527626626.23	4300	15.650675	0.0	2160877	23	4.3
1527626626.37	4300	19.510355	0.0	2233056	12	4.3
1527626626.51	4300	23.371135	0.0	1941625	20	4.3
1527626626.65	4300	27.226115	0.0	2157535	25	4.3
1527626626.8	4300	31.080638	0.0	2290172	28	4.3
1527626626.95	4300	34.929607	0.0	2055469	22	4.3
1527626627.1	4300	38.783366	0.0	2169201	25	4.3
1527626627.25	4300	42.634226	0.0	2173522	26	4.3
1527626627.42	4300	46.455223	0.0	2102452	24	4.3
1527626627.56	4300	50.319735	0.0	2209463	19	4.3
1527626627.7	4300	54.175891	0.0	2275376	25	4.3
1527626627.85	4300	58.033364	0.0	2005399	24	4.3
1527626630.0	4300	59.997986	0.0	2152483	11	4.3
1527626634.17	4300	59.74718	0.0	2289689	27	4.3
1527626638.33	4300	59.748413	0.0	2059512	21	4.3
1527626641.99	4300	59.998536	0.0	2220726	23	4.3
1527626646.14	4300	59.747239	0.0	2156729	28	4.3
1527626650.29	4300	59.747819	0.0	2039773	21	4.3
1527626653.95	4300	59.999216	0.0	2176469	27	4.3
1527626658.11	4300	59.998796	0.0	2221506	24	4.3
1527626662.26	4300	59.748721	0.0	2044075	20	4.3
1527626665.92	4300	59.998493	0.0	2186790	27	4.3
1527626670.08	4300	59.999309	0.0	2105231	27	4.3
1527626674.24	4300	59.748961	0.0	2395588	21	4.3
1527626677.9	4300	59.998107	0.0	1972048	21	4.3
1527626682.06	4300	59.999014	0.0	2134614	24	4.3
1527626686.23	4300	59.748921	0.0	2164140	27	4.3
1527626689.89	4300	59.998956	0.0	2113193	25	4.3
1527626694.05	4300	59.999024	0.0	2147852	26	4.3
1527626698.21	4300	59.749174	0.0	2191074	21	4.3
1527626702.37	4300	59.749146	0.0	2286761	26	4.3
1527626706.03	4300	59.998436	0.0	2307787	25	4.3
1527626710.19	4300	59.747285	0.0	2143948	26	4.3
1527626714.34	4300	59.748285	0.0	1919781	19	4.3
1527626718.0	4300	59.999184	0.0	2147467	26	4.3
1527626722.16	4300	59.749225	0.0	2133870	26	4.3
1527626726.31	4300	59.748467	0.0	2146120	20	4.3
1527626729.97	4300	59.998706	0.0	2108491	23	4.3
1527626734.18	4300	59.999012	0.0	2184571	23	4.3
