1528215672.91	750	4	0.027	2354772	7	-0.11609999999999998
1528215673.0	4300	7.965752	0.0	2123065	19	0.75
1528215673.11	4300	11.860588	0.0	2177073	23	4.3
1528215673.21	4300	15.759347	0.0	2160877	27	4.3
1528215673.3	4300	19.669528	0.0	2233056	22	4.3
1528215673.38	4300	23.582086	0.0	1941625	21	4.3
1528215673.48	4300	27.485383	0.0	2157535	21	4.3
1528215673.57	4300	31.393056	0.0	2290172	20	4.3
1528215673.67	4300	35.293506	0.0	2055469	25	4.3
1528215673.79	4300	39.198025	0.0	2169201	27	4.3
1528215673.88	4300	43.081082	0.0	2173522	26	4.3
1528215673.98	4300	46.985874	0.0	2102452	26	4.3
1528215674.07	4300	50.890196	0.0	2209463	24	4.3
1528215674.18	4300	54.787306	0.0	2275376	24	4.3
1528215674.28	4300	58.68924	0.0	2005399	24	4.3
1528215677.36	4300	59.749783	0.0	2152483	11	4.3
1528215680.97	4300	59.998122	0.0	2289689	30	4.3
1528215685.07	4300	59.997987	0.0	2059512	21	4.3
1528215689.18	4300	59.998284	0.0	2220726	28	4.3
1528215693.29	4300	59.748719	0.0	2156729	24	4.3
1528215697.39	4300	59.747931	0.0	2039773	25	4.3
1528215701.0	4300	59.999134	0.0	2176469	20	4.3
1528215705.11	4300	59.998936	0.0	2221506	26	4.3
1528215709.22	4300	59.749647	0.0	2044075	25	4.3
1528215713.33	4300	59.748299	0.0	2186790	24	4.3
1528215717.44	4300	59.747971	0.0	2105231	26	4.3
1528215721.05	4300	59.998397	0.0	2395588	29	4.3
1528215725.16	4300	59.998038	0.0	1972048	23	4.3
1528215729.26	4300	59.749419	0.0	2134614	24	4.3
1528215733.37	4300	59.749728	0.0	2164140	27	4.3
1528215736.98	4300	59.99804	0.0	2113193	24	4.3
1528215741.09	4300	59.998454	0.0	2147852	24	4.3
1528215745.2	4300	59.999466	0.0	2191074	27	4.3
1528215749.3	4300	59.749687	0.0	2286761	28	4.3
1528215753.41	4300	59.748733	0.0	2307787	27	4.3
1528215757.02	4300	59.99887	0.0	2143948	26	4.3
1528215761.12	4300	59.999124	0.0	1919781	24	4.3
1528215765.23	4300	59.748365	0.0	2147467	25	4.3
1528215769.34	4300	59.748188	0.0	2133870	27	4.3
1528215773.45	4300	59.749583	0.0	2146120	24	4.3
1528215777.06	4300	59.999425	0.0	2108491	25	4.3
1528215781.17	4300	59.998947	0.0	2184571	24	4.3
1528215785.28	4300	59.748983	0.0	2121928	26	4.3
1528215789.38	4300	59.748956	0.0	2219102	25	4.3
1528215792.99	4300	59.997818	0.0	2124950	23	4.3
1528215797.1	4300	59.999499	0.0	2246506	24	4.3
1528215801.2	4300	59.999486	0.0	1961140	22	4.3
1528215805.31	4300	59.749781	0.0	2155012	26	4.3
1528215806.91	4300	59.928539	0.0	1433658	17	4.3

1528215807.12	750	4	0.03	2354772	10	-0.129
1528215807.18	4300	7.986508	0.0	2123065	7	0.75
1528215807.26	4300	11.908508	0.0	2177073	16	4.3
1528215807.36	4300	15.811056	0.0	2160877	24	4.3
1528215807.44	4300	19.726993	0.0	2233056	19	4.3
1528215807.51	4300	23.661807	0.0	1941625	7	4.3
1528215807.57	4300	27.59371	0.0	2157535	10	4.3
1528215807.66	4300	31.510064	0.0	2290172	21	4.3
1528215807.75	4300	35.415758	0.0	2055469	23	4.3
1528215807.83	4300	39.343145	0.0	2169201	11	4.3
1528215807.93	4300	43.242029	0.0	2173522	24	4.3
1528215808.02	4300	47.146486	0.0	2102452	26	4.3
1528215808.11	4300	51.056292	0.0	2209463	26	4.3
1528215808.2	4300	54.970617	0.0	2275376	13	4.3
1528215808.28	4300	58.893774	0.0	2005399	12	4.3
1528215811.38	4300	59.998889	0.0	2152483	26	4.3
1528215815.5	4300	59.74841	0.0	2289689	23	4.3
1528215819.6	4300	59.748781	0.0	2059512	21	4.3
1528215823.21	4300	59.998716	0.0	2220726	25	4.3
1528215827.81	4300	59.499445	0.0	2156729	19	4.3
1528215831.92	4300	59.499097	0.0	2039773	25	4.3
1528215835.52	4300	59.748167	0.0	2176469	25	4.3
1528215839.75	4300	59.498844	0.0	2221506	24	4.3
1528215843.86	4300	59.49878	0.0	2044075	18	4.3
1528215847.5	4300	59.749704	0.0	2186790	26	4.3
1528215851.61	4300	59.749502	0.0	2105231	24	4.3
1528215855.29	4300	59.998772	0.0	2395588	29	4.3
1528215859.4	4300	59.999181	0.0	1972048	25	4.3
1528215863.51	4300	59.74915	0.0	2134614	24	4.3
1528215867.62	4300	59.73408	0.0	2164140	25	4.3
1528215871.23	4300	59.998858	0.0	2113193	27	4.3
1528215875.34	4300	59.999251	0.0	2147852	23	4.3
1528215879.45	4300	59.748484	0.0	2191074	28	4.3
1528215883.55	4300	59.748386	0.0	2286761	17	4.3
1528215887.66	4300	59.748253	0.0	2307787	26	4.3
1528215891.27	4300	59.998725	0.0	2143948	23	4.3
1528215895.38	4300	59.998322	0.0	1919781	21	4.3
1528215899.5	4300	59.749204	0.0	2147467	27	4.3
1528215903.63	4300	59.747857	0.0	2133870	22	4.3
1528215907.22	4300	59.998043	0.0	2146120	15	4.3
1528215911.33	4300	59.998049	0.0	2108491	25	4.3
1528215915.44	4300	59.749472	0.0	2184571	25	4.3
1528215919.55	4300	59.749388	0.0	2121928	24	4.3
1528215923.66	4300	59.749161	0.0	2219102	24	4.3
1528215927.28	4300	59.999414	0.0	2124950	24	4.3
1528215931.38	4300	59.999187	0.0	2246506	22	4.3
1528215935.49	4300	59.748844	0.0	1961140	22	4.3
1528215939.58	4300	59.748766	0.0	2155012	12	4.3
1528215941.17	4300	59.928197	0.0	1433658	18	4.3

1528215941.38	750	4	0.026	2354772	5	-0.11180000000000001
1528215941.48	4300	7.909003	0.0	2123065	20	0.75
1528215941.58	4300	11.801573	0.0	2177073	28	4.3
1528215941.66	4300	15.726211	0.0	2160877	12	4.3
1528215941.76	4300	19.621861	0.0	2233056	27	4.3
1528215941.85	4300	23.532179	0.0	1941625	22	4.3
1528215941.93	4300	27.449135	0.0	2157535	16	4.3
1528215942.03	4300	31.350497	0.0	2290172	26	4.3
1528215942.12	4300	35.263466	0.0	2055469	11	4.3
1528215942.22	4300	39.168387	0.0	2169201	24	4.3
1528215942.3	4300	43.0868	0.0	2173522	16	4.3
1528215942.38	4300	47.005137	0.0	2102452	15	4.3
1528215942.46	4300	50.921382	0.0	2209463	16	4.3
1528215942.56	4300	54.828556	0.0	2275376	23	4.3
1528215942.64	4300	58.7386	0.0	2005399	19	4.3
1528215945.75	4300	59.749364	0.0	2152483	20	4.3
1528215949.86	4300	59.749338	0.0	2289689	27	4.3
1528215953.46	4300	59.99888	0.0	2059512	22	4.3
1528215957.57	4300	59.997934	0.0	2220726	24	4.3
1528215961.68	4300	59.748736	0.0	2156729	26	4.3
1528215965.78	4300	59.748235	0.0	2039773	22	4.3
1528215969.4	4300	59.999131	0.0	2176469	26	4.3
1528215973.5	4300	59.999484	0.0	2221506	23	4.3
1528215977.61	4300	59.998392	0.0	2044075	25	4.3
1528215981.72	4300	59.748473	0.0	2186790	23	4.3
1528215985.82	4300	59.749301	0.0	2105231	23	4.3
1528215989.94	4300	59.499336	0.0	2395588	26	4.3
1528215993.54	4300	59.999313	0.0	1972048	23	4.3
1528215997.65	4300	59.748864	0.0	2134614	28	4.3
1528216001.76	4300	59.748784	0.0	2164140	24	4.3
1528216005.87	4300	59.749278	0.0	2113193	24	4.3
1528216009.47	4300	59.998928	0.0	2147852	25	4.3
1528216013.58	4300	59.998025	0.0	2191074	28	4.3
1528216017.69	4300	59.749319	0.0	2286761	27	4.3
1528216021.8	4300	59.749408	0.0	2307787	26	4.3
