1528189635.52	750	4	0.011	450283	2	-0.04730000000000001
1528189635.62	4300	7.96136	0.0	2123065	14	0.75
1528189635.71	4300	11.865115	0.0	2177073	24	4.3
1528189635.79	4300	15.792355	0.0	2160877	13	4.3
1528189635.88	4300	19.69708	0.0	2233056	23	4.3
1528189635.98	4300	23.601318	0.0	1941625	24	4.3
1528189636.08	4300	27.50294	0.0	2157535	26	4.3
1528189636.18	4300	31.402794	0.0	2290172	24	4.3
1528189636.26	4300	35.315177	0.0	2055469	20	4.3
1528189636.35	4300	39.226776	0.0	2169201	22	4.3
1528189636.44	4300	43.13631	0.0	2173522	19	4.3
1528189636.54	4300	47.042865	0.0	2102452	22	4.3
1528189636.63	4300	50.952076	0.0	2209463	20	4.3
1528189636.73	4300	54.850006	0.0	2275376	27	4.3
1528189636.82	4300	58.757433	0.0	2005399	24	4.3
1528189639.93	4300	59.750571	0.0	2152483	14	4.3
1528189644.03	4300	59.749479	0.0	2289689	22	4.3
1528189648.13	4300	59.500157	0.0	2059512	21	4.3
1528189652.24	4300	59.499947	0.0	2220726	26	4.3
1528189655.85	4300	59.750737	0.0	2156729	27	4.3
1528189659.95	4300	59.749248	0.0	2039773	25	4.3
1528189664.05	4300	59.750141	0.0	2176469	26	4.3
1528189668.18	4300	59.499112	0.0	2221506	24	4.3
1528189671.78	4300	59.998899	0.0	2044075	19	4.3
1528189675.88	4300	59.748972	0.0	2186790	22	4.3
1528189679.99	4300	59.750388	0.0	2105231	25	4.3
1528189684.1	4300	59.499002	0.0	2395588	29	4.3
1528189688.19	4300	59.500236	0.0	1972048	10	4.3
1528189691.8	4300	59.998759	0.0	2134614	23	4.3
1528189695.9	4300	59.750812	0.0	2164140	20	4.3
1528189700.0	4300	59.750261	0.0	2113193	22	4.3
1528189704.11	4300	59.500407	0.0	2147852	25	4.3
1528189708.22	4300	59.500009	0.0	2191074	26	4.3
1528189712.33	4300	59.500704	0.0	2286761	28	4.3
1528189715.94	4300	59.750785	0.0	2307787	29	4.3
1528189720.04	4300	59.750084	0.0	2143948	24	4.3
1528189724.15	4300	59.500012	0.0	1919781	20	4.3
1528189727.76	4300	59.999471	0.0	2147467	26	4.3
1528189731.86	4300	59.750435	0.0	2133870	24	4.3
1528189735.97	4300	59.750177	0.0	2146120	25	4.3
1528189740.07	4300	59.750353	0.0	2108491	27	4.3
1528189744.19	4300	59.500016	0.0	2184571	26	4.3
1528189748.3	4300	59.499501	0.0	2121928	26	4.3
1528189751.92	4300	59.749392	0.0	2219102	27	4.3
1528189756.05	4300	59.690574	0.0	2124950	19	4.3
1528189760.15	4300	59.499052	0.0	2246506	24	4.3
1528189763.75	4300	59.999175	0.0	1961140	25	4.3
1528189767.86	4300	59.750542	0.0	2155012	26	4.3
1528189769.45	4300	59.930046	0.0	1433658	16	4.3

1528189769.67	750	4	0.025	2354772	9	-0.10750000000000004
1528189769.73	4300	7.985486	0.0	2123065	6	0.75
1528189769.83	4300	11.888536	0.0	2177073	17	4.3
1528189769.93	4300	15.784757	0.0	2160877	27	4.3
1528189770.03	4300	19.687101	0.0	2233056	28	4.3
1528189770.12	4300	23.598046	0.0	1941625	23	4.3
1528189770.21	4300	27.509173	0.0	2157535	24	4.3
1528189770.29	4300	31.432047	0.0	2290172	14	4.3
1528189770.38	4300	35.334616	0.0	2055469	17	4.3
1528189770.45	4300	39.270744	0.0	2169201	6	4.3
1528189770.53	4300	43.188131	0.0	2173522	17	4.3
1528189770.63	4300	47.089387	0.0	2102452	24	4.3
1528189770.73	4300	50.992747	0.0	2209463	23	4.3
1528189770.82	4300	54.899162	0.0	2275376	21	4.3
1528189770.91	4300	58.80923	0.0	2005399	20	4.3
1528189774.02	4300	59.749424	0.0	2152483	25	4.3
1528189778.14	4300	59.748748	0.0	2289689	22	4.3
1528189781.74	4300	59.998994	0.0	2059512	19	4.3
1528189785.85	4300	59.998241	0.0	2220726	20	4.3
1528189789.95	4300	59.99908	0.0	2156729	21	4.3
1528189794.05	4300	59.749456	0.0	2039773	21	4.3
1528189798.16	4300	59.748323	0.0	2176469	26	4.3
1528189801.77	4300	59.99851	0.0	2221506	26	4.3
1528189805.88	4300	59.99864	0.0	2044075	22	4.3
1528189809.99	4300	59.748566	0.0	2186790	25	4.3
1528189814.1	4300	59.749325	0.0	2105231	25	4.3
1528189818.21	4300	59.74769	0.0	2395588	26	4.3
1528189821.81	4300	59.998968	0.0	1972048	23	4.3
1528189825.91	4300	59.998986	0.0	2134614	24	4.3
1528189830.03	4300	59.747939	0.0	2164140	25	4.3
1528189834.13	4300	59.748629	0.0	2113193	24	4.3
1528189837.8	4300	59.998621	0.0	2147852	27	4.3
1528189841.91	4300	59.999051	0.0	2191074	24	4.3
1528189846.01	4300	59.749694	0.0	2286761	24	4.3
1528189850.12	4300	59.749449	0.0	2307787	26	4.3
1528189853.73	4300	59.999465	0.0	2143948	25	4.3
1528189857.83	4300	59.998688	0.0	1919781	23	4.3
1528189861.94	4300	59.998655	0.0	2147467	24	4.3
1528189866.07	4300	59.748535	0.0	2133870	25	4.3
1528189870.15	4300	59.749398	0.0	2146120	12	4.3
1528189873.77	4300	59.998144	0.0	2108491	26	4.3
1528189877.87	4300	59.998955	0.0	2184571	25	4.3
1528189881.98	4300	59.749459	0.0	2121928	24	4.3
1528189886.09	4300	59.748701	0.0	2219102	24	4.3
1528189890.2	4300	59.686423	0.0	2124950	26	4.3
1528189893.81	4300	59.998549	0.0	2246506	24	4.3
1528189897.91	4300	59.998026	0.0	1961140	23	4.3
1528189902.02	4300	59.748936	0.0	2155012	26	4.3
1528189903.62	4300	59.929021	0.0	1433658	18	4.3

1528189903.82	750	4	0.025	2354772	6	-0.10750000000000004
1528189903.92	4300	7.948443	0.0	2123065	11	0.75
1528189904.02	4300	11.858069	0.0	2177073	23	4.3
1528189904.1	4300	15.767824	0.0	2160877	22	4.3
1528189904.19	4300	19.678679	0.0	2233056	19	4.3
1528189904.28	4300	23.590495	0.0	1941625	19	4.3
1528189904.36	4300	27.512124	0.0	2157535	16	4.3
1528189904.46	4300	31.412772	0.0	2290172	30	4.3
1528189904.53	4300	35.340082	0.0	2055469	12	4.3
1528189904.63	4300	39.238741	0.0	2169201	25	4.3
1528189904.73	4300	43.14631	0.0	2173522	24	4.3
1528189904.8	4300	47.072464	0.0	2102452	12	4.3
1528189904.89	4300	50.984209	0.0	2209463	19	4.3
1528189904.99	4300	54.88034	0.0	2275376	29	4.3
1528189905.09	4300	58.784792	0.0	2005399	24	4.3
1528189908.18	4300	59.7491	0.0	2152483	14	4.3
1528189912.29	4300	59.749464	0.0	2289689	25	4.3
1528189915.9	4300	59.998792	0.0	2059512	25	4.3
1528189920.01	4300	59.999108	0.0	2220726	22	4.3
1528189924.11	4300	59.999101	0.0	2156729	21	4.3
1528189928.22	4300	59.749106	0.0	2039773	22	4.3
1528189932.32	4300	59.748787	0.0	2176469	24	4.3
1528189935.92	4300	59.997736	0.0	2221506	13	4.3
