1528167871.02	750	4	0.024	2354772	10	-0.10319999999999996
1528167871.11	4300	7.96681	0.0	2123065	20	0.75
1528167871.2	4300	11.87494	0.0	2177073	22	4.3
1528167871.3	4300	15.778395	0.0	2160877	21	4.3
1528167871.4	4300	19.675064	0.0	2233056	25	4.3
1528167871.47	4300	23.604149	0.0	1941625	10	4.3
1528167871.56	4300	27.509584	0.0	2157535	22	4.3
1528167871.66	4300	31.417232	0.0	2290172	21	4.3
1528167871.76	4300	35.314688	0.0	2055469	26	4.3
1528167871.85	4300	39.224758	0.0	2169201	24	4.3
1528167871.94	4300	43.133146	0.0	2173522	25	4.3
1528167872.01	4300	47.060476	0.0	2102452	12	4.3
1528167872.12	4300	50.954482	0.0	2209463	28	4.3
1528167872.21	4300	54.862254	0.0	2275376	15	4.3
1528167872.28	4300	58.797236	0.0	2005399	7	4.3
1528167875.38	4300	59.749375	0.0	2152483	20	4.3
1528167879.48	4300	59.749089	0.0	2289689	17	4.3
1528167883.59	4300	59.499438	0.0	2059512	21	4.3
1528167887.19	4300	59.99908	0.0	2220726	21	4.3
1528167891.8	4300	59.499085	0.0	2156729	20	4.3
1528167895.4	4300	59.749321	0.0	2039773	23	4.3
1528167899.51	4300	59.749536	0.0	2176469	24	4.3
1528167903.12	4300	59.998772	0.0	2221506	28	4.3
1528167907.22	4300	59.99926	0.0	2044075	21	4.3
1528167911.33	4300	59.748771	0.0	2186790	25	4.3
1528167915.44	4300	59.749275	0.0	2105231	24	4.3
1528167919.55	4300	59.748914	0.0	2395588	26	4.3
1528167923.16	4300	59.999256	0.0	1972048	24	4.3
1528167927.26	4300	59.999005	0.0	2134614	21	4.3
1528167931.36	4300	59.74894	0.0	2164140	26	4.3
1528167935.47	4300	59.749352	0.0	2113193	25	4.3
1528167939.08	4300	59.998589	0.0	2147852	27	4.3
1528167943.19	4300	59.99906	0.0	2191074	24	4.3
1528167947.3	4300	59.999258	0.0	2286761	26	4.3
1528167951.41	4300	59.749477	0.0	2307787	27	4.3
1528167955.52	4300	59.749668	0.0	2143948	26	4.3
1528167959.12	4300	59.998549	0.0	1919781	22	4.3
1528167963.23	4300	59.998246	0.0	2147467	24	4.3
1528167967.34	4300	59.748582	0.0	2133870	26	4.3
1528167971.45	4300	59.748616	0.0	2146120	25	4.3
1528167975.55	4300	59.749327	0.0	2108491	26	4.3
1528167979.16	4300	59.99803	0.0	2184571	25	4.3
1528167983.27	4300	59.998587	0.0	2121928	24	4.3
1528167987.37	4300	59.749577	0.0	2219102	23	4.3
1528167991.48	4300	59.693283	0.0	2124950	24	4.3
1528167995.09	4300	59.998569	0.0	2246506	28	4.3
1528167999.2	4300	59.997435	0.0	1961140	21	4.3
1528168003.31	4300	59.999315	0.0	2155012	26	4.3
1528168004.92	4300	59.928525	0.0	1433658	39	4.3

1528168005.12	750	4	0.024	2354772	8	-0.10319999999999996
1528168005.2	4300	7.964416	0.0	2123065	23	0.75
1528168005.29	4300	11.876091	0.0	2177073	25	4.3
1528168005.36	4300	15.804096	0.0	2160877	13	4.3
1528168005.45	4300	19.715264	0.0	2233056	18	4.3
1528168005.55	4300	23.618611	0.0	1941625	24	4.3
1528168005.65	4300	27.517759	0.0	2157535	27	4.3
1528168005.73	4300	31.434686	0.0	2290172	16	4.3
1528168005.83	4300	35.338324	0.0	2055469	24	4.3
1528168005.91	4300	39.256426	0.0	2169201	11	4.3
1528168006.0	4300	43.172067	0.0	2173522	17	4.3
1528168006.1	4300	47.071475	0.0	2102452	25	4.3
1528168006.19	4300	50.974642	0.0	2209463	28	4.3
1528168006.27	4300	54.895764	0.0	2275376	14	4.3
1528168006.37	4300	58.799534	0.0	2005399	26	4.3
1528168009.57	4300	59.749444	0.0	2152483	12	4.3
1528168013.67	4300	59.497859	0.0	2289689	20	4.3
1528168017.3	4300	59.99815	0.0	2059512	31	4.3
1528168021.4	4300	59.997923	0.0	2220726	22	4.3
1528168025.51	4300	59.748453	0.0	2156729	26	4.3
1528168029.61	4300	59.748037	0.0	2039773	22	4.3
1528168033.22	4300	59.99865	0.0	2176469	26	4.3
1528168037.33	4300	59.998619	0.0	2221506	26	4.3
1528168041.44	4300	59.749296	0.0	2044075	27	4.3
1528168045.55	4300	59.749636	0.0	2186790	25	4.3
1528168049.66	4300	59.749147	0.0	2105231	27	4.3
1528168053.27	4300	59.999344	0.0	2395588	28	4.3
1528168057.37	4300	59.99756	0.0	1972048	22	4.3
1528168061.47	4300	59.749233	0.0	2134614	25	4.3
1528168065.56	4300	59.749	0.0	2164140	12	4.3
1528168069.66	4300	59.748868	0.0	2113193	24	4.3
1528168073.27	4300	59.998986	0.0	2147852	26	4.3
1528168077.38	4300	59.998984	0.0	2191074	24	4.3
1528168081.49	4300	59.74918	0.0	2286761	26	4.3
1528168085.6	4300	59.747678	0.0	2307787	27	4.3
1528168089.71	4300	59.49812	0.0	2143948	24	4.3
1528168093.81	4300	59.499283	0.0	1919781	21	4.3
1528168097.43	4300	59.748829	0.0	2147467	23	4.3
1528168101.54	4300	59.748296	0.0	2133870	24	4.3
1528168105.65	4300	59.748561	0.0	2146120	18	4.3
1528168109.25	4300	59.998588	0.0	2108491	24	4.3
1528168113.86	4300	59.498298	0.0	2184571	24	4.3
1528168117.46	4300	59.749543	0.0	2121928	24	4.3
1528168121.57	4300	59.7491	0.0	2219102	25	4.3
1528168125.18	4300	59.998485	0.0	2124950	25	4.3
1528168129.29	4300	59.998508	0.0	2246506	23	4.3
1528168133.39	4300	59.998702	0.0	1961140	24	4.3
1528168137.5	4300	59.74904	0.0	2155012	25	4.3
1528168139.1	4300	59.928981	0.0	1433658	18	4.3

1528168139.31	750	4	0.028	2354772	9	-0.12039999999999995
1528168139.41	4300	7.954826	0.0	2123065	32	0.75
1528168139.51	4300	11.85379	0.0	2177073	26	4.3
1528168139.61	4300	15.760502	0.0	2160877	25	4.3
1528168139.69	4300	19.675774	0.0	2233056	16	4.3
1528168139.78	4300	23.582183	0.0	1941625	24	4.3
1528168139.88	4300	27.488904	0.0	2157535	24	4.3
1528168139.96	4300	31.410401	0.0	2290172	14	4.3
1528168140.05	4300	35.313127	0.0	2055469	24	4.3
1528168140.14	4300	39.222014	0.0	2169201	23	4.3
1528168140.24	4300	43.130034	0.0	2173522	25	4.3
1528168140.31	4300	47.05076	0.0	2102452	14	4.3
1528168140.41	4300	50.952303	0.0	2209463	27	4.3
1528168140.49	4300	54.872069	0.0	2275376	14	4.3
1528168140.59	4300	58.773597	0.0	2005399	25	4.3
1528168143.7	4300	59.748943	0.0	2152483	27	4.3
1528168147.8	4300	59.748591	0.0	2289689	20	4.3
1528168151.41	4300	59.999071	0.0	2059512	22	4.3
1528168156.04	4300	59.499594	0.0	2220726	23	4.3
1528168159.65	4300	59.749302	0.0	2156729	26	4.3
1528168163.75	4300	59.749505	0.0	2039773	23	4.3
1528168167.86	4300	59.748546	0.0	2176469	24	4.3
1528168171.47	4300	59.998955	0.0	2221506	27	4.3
1528168176.07	4300	59.498991	0.0	2044075	22	4.3
1528168179.7	4300	59.748844	0.0	2186790	27	4.3
1528168183.83	4300	59.749183	0.0	2105231	22	4.3
1528168187.44	4300	59.998795	0.0	2395588	24	4.3
1528168191.56	4300	59.999425	0.0	1972048	25	4.3
1528168195.76	4300	59.748925	0.0	2134614	25	4.3
