1527781487.7	750	4	0.025	2354772	11	-0.10750000000000004
1527781487.84	4300	7.965271	0.0	2123065	20	0.75
1527781487.97	4300	11.840809	0.0	2177073	14	4.3
1527781488.09	4300	15.714463	0.0	2160877	13	4.3
1527781488.22	4300	19.589833	0.0	2233056	14	4.3
1527781488.35	4300	23.463062	0.0	1941625	12	4.3
1527781488.48	4300	27.324289	0.0	2157535	21	4.3
1527781488.62	4300	31.184824	0.0	2290172	23	4.3
1527781488.74	4300	35.065664	0.0	2055469	11	4.3
1527781488.86	4300	38.944136	0.0	2169201	12	4.3
1527781488.99	4300	42.813604	0.0	2173522	12	4.3
1527781489.12	4300	46.683968	0.0	2102452	17	4.3
1527781489.24	4300	50.564133	0.0	2209463	11	4.3
1527781489.38	4300	54.426377	0.0	2275376	12	4.3
1527781489.52	4300	58.285866	0.0	2005399	19	4.3
1527781492.17	4300	59.749036	0.0	2152483	15	4.3
1527781495.83	4300	59.999212	0.0	2289689	19	4.3
1527781499.97	4300	59.999391	0.0	2059512	22	4.3
1527781504.13	4300	59.749013	0.0	2220726	22	4.3
1527781508.28	4300	59.748136	0.0	2156729	26	4.3
1527781512.44	4300	59.49873	0.0	2039773	24	4.3
1527781516.12	4300	59.749289	0.0	2176469	21	4.3
1527781520.27	4300	59.749601	0.0	2221506	24	4.3
1527781523.92	4300	59.999449	0.0	2044075	24	4.3
1527781528.07	4300	59.749418	0.0	2186790	23	4.3
1527781532.23	4300	59.748781	0.0	2105231	25	4.3
1527781535.87	4300	59.999082	0.0	2395588	19	4.3
1527781540.06	4300	59.998835	0.0	1972048	25	4.3
1527781544.21	4300	59.748733	0.0	2134614	21	4.3
1527781547.92	4300	59.998491	0.0	2164140	25	4.3
1527781552.07	4300	59.748849	0.0	2113193	23	4.3
1527781556.22	4300	59.747703	0.0	2147852	17	4.3
1527781559.87	4300	59.999148	0.0	2191074	24	4.3
1527781564.03	4300	59.998825	0.0	2286761	25	4.3
1527781568.19	4300	59.748056	0.0	2307787	20	4.3
1527781571.85	4300	59.998335	0.0	2143948	25	4.3
1527781576.0	4300	59.997769	0.0	1919781	21	4.3
1527781580.15	4300	59.747614	0.0	2147467	20	4.3
1527781584.32	4300	59.749651	0.0	2133870	25	4.3
1527781587.97	4300	59.998919	0.0	2146120	17	4.3
1527781592.12	4300	59.747912	0.0	2108491	22	4.3
1527781596.28	4300	59.748056	0.0	2184571	25	4.3
1527781599.92	4300	59.998655	0.0	2121928	19	4.3
1527781604.1	4300	59.74796	0.0	2219102	26	4.3
1527781608.25	4300	59.748717	0.0	2124950	26	4.3
1527781611.9	4300	59.999455	0.0	2246506	23	4.3
1527781616.53	4300	59.49919	0.0	1961140	20	4.3
1527781620.14	4300	59.749127	0.0	2155012	12	4.3
1527781621.74	4300	59.928118	0.0	1433658	13	4.3

1527781622.1	750	4	0.017	668286	3	-0.07309999999999994
1527781622.25	4300	7.952673	0.0	2123065	17	0.75
1527781622.4	4300	11.808472	0.0	2177073	27	4.3
1527781622.53	4300	15.676887	0.0	2160877	11	4.3
1527781622.69	4300	19.515697	0.0	2233056	28	4.3
1527781622.84	4300	23.363147	0.0	1941625	24	4.3
1527781622.97	4300	27.235788	0.0	2157535	16	4.3
1527781623.1	4300	31.107057	0.0	2290172	15	4.3
1527781623.21	4300	34.994916	0.0	2055469	7	4.3
1527781623.32	4300	38.887895	0.0	2169201	6	4.3
1527781623.43	4300	42.776382	0.0	2173522	7	4.3
1527781623.55	4300	46.64734	0.0	2102452	17	4.3
1527781623.68	4300	50.517871	0.0	2209463	18	4.3
1527781623.8	4300	54.396798	0.0	2275376	12	4.3
1527781623.92	4300	58.279889	0.0	2005399	11	4.3
1527781626.55	4300	59.747839	0.0	2152483	13	4.3
1527781630.69	4300	59.749175	0.0	2289689	14	4.3
1527781634.36	4300	59.999117	0.0	2059512	25	4.3
1527781638.52	4300	59.747591	0.0	2220726	24	4.3
1527781642.67	4300	59.748385	0.0	2156729	22	4.3
1527781646.33	4300	59.998949	0.0	2039773	27	4.3
1527781650.49	4300	59.749093	0.0	2176469	26	4.3
1527781654.64	4300	59.748484	0.0	2221506	20	4.3
1527781658.29	4300	59.998887	0.0	2044075	24	4.3
1527781662.44	4300	59.999066	0.0	2186790	18	4.3
1527781666.6	4300	59.748563	0.0	2105231	24	4.3
1527781670.25	4300	59.9994	0.0	2395588	26	4.3
1527781674.4	4300	59.998803	0.0	1972048	22	4.3
1527781678.55	4300	59.748879	0.0	2134614	20	4.3
1527781682.7	4300	59.749338	0.0	2164140	18	4.3
1527781686.35	4300	59.998688	0.0	2113193	22	4.3
1527781690.5	4300	59.749039	0.0	2147852	18	4.3
1527781694.66	4300	59.747786	0.0	2191074	26	4.3
1527781698.31	4300	59.999081	0.0	2286761	20	4.3
1527781702.46	4300	59.7484	0.0	2307787	25	4.3
1527781706.62	4300	59.748111	0.0	2143948	25	4.3
1527781710.27	4300	59.999238	0.0	1919781	19	4.3
1527781714.43	4300	59.998595	0.0	2147467	26	4.3
1527781718.57	4300	59.748179	0.0	2133870	20	4.3
1527781722.23	4300	59.99751	0.0	2146120	26	4.3
1527781726.37	4300	59.998584	0.0	2108491	17	4.3
1527781730.55	4300	59.749313	0.0	2184571	26	4.3
1527781734.7	4300	59.749237	0.0	2121928	23	4.3
1527781738.35	4300	59.998763	0.0	2219102	21	4.3
1527781742.51	4300	59.748885	0.0	2124950	24	4.3
1527781746.67	4300	59.748529	0.0	2246506	29	4.3
1527781750.31	4300	59.99884	0.0	1961140	23	4.3
1527781754.44	4300	59.999182	0.0	2155012	24	4.3
1527781756.05	4300	59.928761	0.0	1433658	17	4.3

1527781756.29	750	4	0.017	668286	3	-0.07309999999999994
1527781756.45	4300	7.948108	0.0	2123065	20	0.75
1527781756.59	4300	11.805454	0.0	2177073	24	4.3
1527781756.72	4300	15.677712	0.0	2160877	11	4.3
1527781756.85	4300	19.543982	0.0	2233056	15	4.3
1527781756.99	4300	23.407761	0.0	1941625	17	4.3
1527781757.12	4300	27.274958	0.0	2157535	20	4.3
1527781757.31	4300	31.086997	0.0	2290172	27	4.3
1527781757.43	4300	34.964669	0.0	2055469	12	4.3
1527781757.55	4300	38.843449	0.0	2169201	13	4.3
1527781757.67	4300	42.721189	0.0	2173522	12	4.3
1527781757.79	4300	46.608302	0.0	2102452	8	4.3
1527781757.91	4300	50.483469	0.0	2209463	14	4.3
1527781758.03	4300	54.363056	0.0	2275376	12	4.3
1527781758.15	4300	58.242955	0.0	2005399	11	4.3
1527781760.78	4300	59.748596	0.0	2152483	13	4.3
1527781764.44	4300	59.999112	0.0	2289689	28	4.3
1527781769.1	4300	59.499363	0.0	2059512	25	4.3
1527781772.75	4300	59.74884	0.0	2220726	24	4.3
1527781776.42	4300	59.999124	0.0	2156729	26	4.3
1527781780.58	4300	59.999201	0.0	2039773	27	4.3
1527781784.73	4300	59.748333	0.0	2176469	19	4.3
1527781788.89	4300	59.748622	0.0	2221506	25	4.3
1527781792.53	4300	59.997999	0.0	2044075	16	4.3
1527781796.69	4300	59.748028	0.0	2186790	24	4.3
1527781800.83	4300	59.748883	0.0	2105231	18	4.3
1527781804.5	4300	59.997696	0.0	2395588	29	4.3
