1527749069.87	750	4	0.016	450283	2	-0.06879999999999997
1527749070.01	4300	7.951971	0.0	2123065	15	0.75
1527749070.11	4300	11.852969	0.0	2177073	22	4.3
1527749070.2	4300	15.756621	0.0	2160877	23	4.3
1527749070.28	4300	19.676723	0.0	2233056	14	4.3
1527749070.35	4300	23.611884	0.0	1941625	7	4.3
1527749070.41	4300	27.547682	0.0	2157535	7	4.3
1527749070.48	4300	31.481922	0.0	2290172	9	4.3
1527749070.54	4300	35.418469	0.0	2055469	8	4.3
1527749070.6	4300	39.354286	0.0	2169201	8	4.3
1527749070.67	4300	43.291689	0.0	2173522	7	4.3
1527749070.73	4300	47.226271	0.0	2102452	7	4.3
1527749070.8	4300	51.161395	0.0	2209463	6	4.3
1527749070.86	4300	55.094421	0.0	2275376	7	4.3
1527749070.93	4300	59.03058	0.0	2005399	6	4.3
1527749074.53	4300	59.498914	0.0	2152483	19	4.3
1527749078.64	4300	59.49943	0.0	2289689	21	4.3
1527749082.26	4300	59.748601	0.0	2059512	21	4.3
1527749086.37	4300	59.749066	0.0	2220726	20	4.3
1527749090.48	4300	59.499026	0.0	2156729	22	4.3
1527749094.06	4300	59.99927	0.0	2039773	6	4.3
1527749098.16	4300	59.999075	0.0	2176469	18	4.3
1527749102.26	4300	59.749786	0.0	2221506	25	4.3
1527749106.37	4300	59.749852	0.0	2044075	22	4.3
1527749110.48	4300	59.498836	0.0	2186790	24	4.3
1527749114.09	4300	59.998882	0.0	2105231	23	4.3
1527749118.2	4300	59.999403	0.0	2395588	22	4.3
1527749122.3	4300	59.747905	0.0	1972048	22	4.3
1527749126.42	4300	59.749209	0.0	2134614	25	4.3
1527749130.03	4300	59.962843	0.0	2164140	23	4.3
1527749134.63	4300	59.499589	0.0	2113193	19	4.3
1527749138.24	4300	59.749454	0.0	2147852	24	4.3
1527749142.34	4300	59.74817	0.0	2191074	24	4.3
1527749146.45	4300	59.749713	0.0	2286761	24	4.3
1527749150.07	4300	59.999027	0.0	2307787	27	4.3
1527749154.18	4300	59.999433	0.0	2143948	20	4.3
1527749158.28	4300	59.748844	0.0	1919781	18	4.3
1527749162.37	4300	59.748994	0.0	2147467	13	4.3
1527749165.98	4300	59.998817	0.0	2133870	21	4.3
1527749170.08	4300	59.998239	0.0	2146120	17	4.3
1527749174.18	4300	59.999126	0.0	2108491	21	4.3
1527749178.28	4300	59.749574	0.0	2184571	25	4.3
1527749182.39	4300	59.749546	0.0	2121928	24	4.3
1527749186.0	4300	59.998888	0.0	2219102	26	4.3
1527749190.11	4300	59.858644	0.0	2124950	23	4.3
1527749194.22	4300	59.749544	0.0	2246506	22	4.3
1527749198.33	4300	59.749461	0.0	1961140	21	4.3
1527749202.41	4300	59.748697	0.0	2155012	10	4.3
1527749204.0	4300	59.678137	0.0	1433658	16	4.3

1527749204.22	750	4	0.016	668286	4	-0.06879999999999997
1527749204.3	4300	7.980017	0.0	2123065	7	0.75
1527749204.37	4300	11.905222	0.0	2177073	15	4.3
1527749204.44	4300	15.840622	0.0	2160877	7	4.3
1527749204.5	4300	19.774359	0.0	2233056	8	4.3
1527749204.57	4300	23.709445	0.0	1941625	5	4.3
1527749204.63	4300	27.64401	0.0	2157535	6	4.3
1527749204.7	4300	31.575669	0.0	2290172	7	4.3
1527749204.76	4300	35.51386	0.0	2055469	7	4.3
1527749204.83	4300	39.45063	0.0	2169201	6	4.3
1527749204.89	4300	43.384393	0.0	2173522	9	4.3
1527749204.96	4300	47.320514	0.0	2102452	6	4.3
1527749205.02	4300	51.254337	0.0	2209463	7	4.3
1527749205.09	4300	55.189427	0.0	2275376	7	4.3
1527749205.15	4300	59.125084	0.0	2005399	7	4.3
1527749208.74	4300	59.749546	0.0	2152483	15	4.3
1527749212.35	4300	59.998752	0.0	2289689	23	4.3
1527749216.45	4300	59.998944	0.0	2059512	21	4.3
1527749220.56	4300	59.74886	0.0	2220726	23	4.3
1527749224.67	4300	59.748681	0.0	2156729	25	4.3
1527749228.78	4300	59.748286	0.0	2039773	18	4.3
1527749232.39	4300	59.999362	0.0	2176469	24	4.3
1527749236.49	4300	59.999016	0.0	2221506	21	4.3
1527749240.6	4300	59.749459	0.0	2044075	24	4.3
1527749244.7	4300	59.748917	0.0	2186790	25	4.3
1527749248.31	4300	59.998676	0.0	2105231	24	4.3
1527749252.44	4300	59.99894	0.0	2395588	24	4.3
1527749256.55	4300	59.748714	0.0	1972048	22	4.3
1527749260.66	4300	59.749489	0.0	2134614	26	4.3
1527749264.77	4300	59.749413	0.0	2164140	27	4.3
1527749268.38	4300	59.998093	0.0	2113193	24	4.3
1527749272.49	4300	59.99872	0.0	2147852	24	4.3
1527749276.6	4300	59.748609	0.0	2191074	23	4.3
1527749280.71	4300	59.748079	0.0	2286761	25	4.3
1527749284.32	4300	59.998905	0.0	2307787	23	4.3
1527749288.42	4300	59.998931	0.0	2143948	19	4.3
1527749292.52	4300	59.998907	0.0	1919781	21	4.3
1527749296.61	4300	59.748872	0.0	2147467	13	4.3
1527749300.71	4300	59.749264	0.0	2133870	23	4.3
1527749304.32	4300	59.998508	0.0	2146120	24	4.3
1527749308.43	4300	59.999118	0.0	2108491	24	4.3
1527749312.53	4300	59.749106	0.0	2184571	23	4.3
1527749316.64	4300	59.749336	0.0	2121928	25	4.3
1527749320.75	4300	59.74968	0.0	2219102	26	4.3
1527749324.37	4300	59.999243	0.0	2124950	24	4.3
1527749328.47	4300	59.998903	0.0	2246506	19	4.3
1527749332.58	4300	59.74835	0.0	1961140	22	4.3
1527749336.68	4300	59.749431	0.0	2155012	12	4.3
1527749338.27	4300	59.928787	0.0	1433658	14	4.3

1527749338.5	750	4	0.019	668286	5	-0.0817
1527749338.57	4300	7.977768	0.0	2123065	7	0.75
1527749338.67	4300	11.88178	0.0	2177073	23	4.3
1527749338.74	4300	15.806288	0.0	2160877	12	4.3
1527749338.82	4300	19.72944	0.0	2233056	17	4.3
1527749338.89	4300	23.663508	0.0	1941625	6	4.3
1527749338.95	4300	27.596835	0.0	2157535	7	4.3
1527749339.02	4300	31.530672	0.0	2290172	7	4.3
1527749339.08	4300	35.465881	0.0	2055469	7	4.3
1527749339.15	4300	39.400453	0.0	2169201	7	4.3
1527749339.21	4300	43.337029	0.0	2173522	8	4.3
1527749339.28	4300	47.271995	0.0	2102452	9	4.3
1527749339.34	4300	51.208989	0.0	2209463	7	4.3
1527749339.41	4300	55.139751	0.0	2275376	6	4.3
1527749339.47	4300	59.077294	0.0	2005399	6	4.3
1527749343.07	4300	59.499671	0.0	2152483	7	4.3
1527749347.19	4300	59.497894	0.0	2289689	26	4.3
1527749350.79	4300	59.998311	0.0	2059512	22	4.3
1527749354.9	4300	59.74787	0.0	2220726	23	4.3
1527749359.01	4300	59.748284	0.0	2156729	25	4.3
1527749362.61	4300	59.999101	0.0	2039773	23	4.3
1527749366.72	4300	59.999333	0.0	2176469	23	4.3
1527749370.83	4300	59.748175	0.0	2221506	23	4.3
1527749374.94	4300	59.748093	0.0	2044075	23	4.3
1527749379.05	4300	59.7492	0.0	2186790	25	4.3
1527749382.66	4300	59.999255	0.0	2105231	24	4.3
1527749386.77	4300	59.998795	0.0	2395588	21	4.3
1527749390.87	4300	59.749697	0.0	1972048	21	4.3
1527749394.98	4300	59.749143	0.0	2134614	23	4.3
1527749398.58	4300	59.999261	0.0	2164140	24	4.3
1527749402.69	4300	59.999188	0.0	2113193	22	4.3
1527749406.78	4300	59.998889	0.0	2147852	18	4.3
1527749410.89	4300	59.748504	0.0	2191074	18	4.3
1527749414.99	4300	59.749383	0.0	2286761	23	4.3
1527749418.6	4300	59.998998	0.0	2307787	26	4.3
1527749422.7	4300	59.998787	0.0	2143948	21	4.3
1527749426.81	4300	59.749092	0.0	1919781	20	4.3
1527749430.9	4300	59.749751	0.0	2147467	13	4.3
1527749435.01	4300	59.749348	0.0	2133870	24	4.3
1527749438.61	4300	59.998828	0.0	2146120	19	4.3
