1527718677.07	750	4	0.012	450283	2	-0.05159999999999998
1527718677.19	4300	7.959327	0.0	2123065	15	0.75
1527718677.27	4300	11.883884	0.0	2177073	12	4.3
1527718677.33	4300	15.818091	0.0	2160877	7	4.3
1527718677.4	4300	19.753632	0.0	2233056	7	4.3
1527718677.48	4300	23.66756	0.0	1941625	19	4.3
1527718677.55	4300	27.599011	0.0	2157535	9	4.3
1527718677.62	4300	31.527674	0.0	2290172	9	4.3
1527718677.69	4300	35.460335	0.0	2055469	9	4.3
1527718677.8	4300	39.390359	0.0	2169201	10	4.3
1527718677.94	4300	43.214735	0.0	2173522	24	4.3
1527718678.01	4300	47.135727	0.0	2102452	12	4.3
1527718678.08	4300	51.071504	0.0	2209463	6	4.3
1527718678.15	4300	55.005659	0.0	2275376	8	4.3
1527718678.21	4300	58.94046	0.0	2005399	6	4.3
1527718681.3	4300	59.998069	0.0	2152483	7	4.3
1527718685.41	4300	59.749094	0.0	2289689	22	4.3
1527718689.51	4300	59.748597	0.0	2059512	21	4.3
1527718693.62	4300	59.749583	0.0	2220726	25	4.3
1527718697.23	4300	59.998761	0.0	2156729	23	4.3
1527718701.33	4300	59.999453	0.0	2039773	23	4.3
1527718705.44	4300	59.748964	0.0	2176469	24	4.3
1527718709.59	4300	59.748627	0.0	2221506	25	4.3
1527718713.19	4300	59.99939	0.0	2044075	16	4.3
1527718717.29	4300	59.999107	0.0	2186790	19	4.3
1527718721.9	4300	59.499222	0.0	2105231	22	4.3
1527718725.52	4300	59.749494	0.0	2395588	25	4.3
1527718729.63	4300	59.749233	0.0	1972048	18	4.3
1527718733.23	4300	59.998631	0.0	2134614	20	4.3
1527718737.42	4300	59.999169	0.0	2164140	20	4.3
1527718741.56	4300	59.749667	0.0	2113193	23	4.3
1527718745.17	4300	59.998363	0.0	2147852	26	4.3
1527718749.27	4300	59.998417	0.0	2191074	20	4.3
1527718753.38	4300	59.998831	0.0	2286761	26	4.3
1527718757.49	4300	59.748931	0.0	2307787	26	4.3
1527718761.6	4300	59.749612	0.0	2143948	24	4.3
1527718765.2	4300	59.998008	0.0	1919781	21	4.3
1527718769.31	4300	59.999155	0.0	2147467	23	4.3
1527718773.42	4300	59.74757	0.0	2133870	24	4.3
1527718777.53	4300	59.748647	0.0	2146120	23	4.3
1527718781.64	4300	59.748792	0.0	2108491	24	4.3
1527718785.25	4300	59.999423	0.0	2184571	24	4.3
1527718789.35	4300	59.998946	0.0	2121928	20	4.3
1527718793.46	4300	59.747689	0.0	2219102	26	4.3
1527718797.58	4300	59.748732	0.0	2124950	25	4.3
1527718801.69	4300	59.499474	0.0	2246506	22	4.3
1527718805.29	4300	59.998854	0.0	1961140	20	4.3
1527718809.39	4300	59.998842	0.0	2155012	21	4.3
1527718810.99	4300	59.928592	0.0	1433658	18	4.3

1527718811.21	750	4	0.016	668286	2	-0.06879999999999997
1527718811.28	4300	7.980425	0.0	2123065	6	0.75
1527718811.37	4300	11.892438	0.0	2177073	17	4.3
1527718811.44	4300	15.823233	0.0	2160877	9	4.3
1527718811.51	4300	19.753933	0.0	2233056	11	4.3
1527718811.58	4300	23.684014	0.0	1941625	8	4.3
1527718811.65	4300	27.611703	0.0	2157535	8	4.3
1527718811.72	4300	31.534585	0.0	2290172	10	4.3
1527718811.79	4300	35.472786	0.0	2055469	7	4.3
1527718811.85	4300	39.408733	0.0	2169201	7	4.3
1527718811.91	4300	43.344245	0.0	2173522	7	4.3
1527718811.98	4300	47.281629	0.0	2102452	8	4.3
1527718812.04	4300	51.217407	0.0	2209463	6	4.3
1527718812.13	4300	55.130606	0.0	2275376	19	4.3
1527718812.2	4300	59.062504	0.0	2005399	9	4.3
1527718815.3	4300	59.998211	0.0	2152483	10	4.3
1527718819.39	4300	59.997868	0.0	2289689	18	4.3
1527718823.5	4300	59.997954	0.0	2059512	19	4.3
1527718827.61	4300	59.747825	0.0	2220726	22	4.3
1527718831.71	4300	59.74756	0.0	2156729	22	4.3
1527718835.32	4300	59.999025	0.0	2039773	22	4.3
1527718839.43	4300	59.999292	0.0	2176469	22	4.3
1527718843.53	4300	59.749399	0.0	2221506	24	4.3
1527718847.64	4300	59.748921	0.0	2044075	21	4.3
1527718851.75	4300	59.748584	0.0	2186790	24	4.3
1527718855.86	4300	59.498283	0.0	2105231	25	4.3
1527718859.97	4300	59.499511	0.0	2395588	29	4.3
1527718863.55	4300	59.748908	0.0	1972048	10	4.3
1527718867.66	4300	59.748949	0.0	2134614	21	4.3
1527718871.76	4300	59.748446	0.0	2164140	23	4.3
1527718875.37	4300	59.998508	0.0	2113193	23	4.3
1527718879.48	4300	59.999059	0.0	2147852	24	4.3
1527718883.58	4300	59.749507	0.0	2191074	24	4.3
1527718887.69	4300	59.747824	0.0	2286761	26	4.3
1527718891.3	4300	59.997587	0.0	2307787	25	4.3
1527718895.41	4300	59.997723	0.0	2143948	24	4.3
1527718899.51	4300	59.999442	0.0	1919781	21	4.3
1527718903.6	4300	59.748747	0.0	2147467	12	4.3
1527718907.72	4300	59.748853	0.0	2133870	21	4.3
1527718911.32	4300	59.998572	0.0	2146120	19	4.3
1527718915.42	4300	59.999196	0.0	2108491	15	4.3
1527718919.51	4300	59.998787	0.0	2184571	12	4.3
1527718923.63	4300	59.74927	0.0	2121928	23	4.3
1527718927.74	4300	59.74874	0.0	2219102	23	4.3
1527718931.85	4300	59.499181	0.0	2124950	22	4.3
1527718935.46	4300	59.999267	0.0	2246506	25	4.3
1527718939.56	4300	59.748226	0.0	1961140	21	4.3
1527718943.67	4300	59.748646	0.0	2155012	23	4.3
1527718945.28	4300	59.678596	0.0	1433658	38	4.3

1527718945.5	750	4	0.021	668286	4	-0.09030000000000005
1527718945.57	4300	7.980312	0.0	2123065	6	0.75
1527718945.63	4300	11.914013	0.0	2177073	7	4.3
1527718945.72	4300	15.830735	0.0	2160877	18	4.3
1527718945.81	4300	19.73741	0.0	2233056	25	4.3
1527718945.89	4300	23.66305	0.0	1941625	13	4.3
1527718945.96	4300	27.593496	0.0	2157535	8	4.3
1527718946.02	4300	31.524166	0.0	2290172	8	4.3
1527718946.09	4300	35.457707	0.0	2055469	7	4.3
1527718946.18	4300	39.367886	0.0	2169201	16	4.3
1527718946.25	4300	43.299787	0.0	2173522	8	4.3
1527718946.34	4300	47.212675	0.0	2102452	17	4.3
1527718946.41	4300	51.142841	0.0	2209463	8	4.3
1527718946.48	4300	55.074369	0.0	2275376	9	4.3
1527718946.54	4300	59.00526	0.0	2005399	8	4.3
1527718949.64	4300	59.998633	0.0	2152483	8	4.3
1527718953.73	4300	59.999336	0.0	2289689	16	4.3
1527718957.84	4300	59.74954	0.0	2059512	25	4.3
1527718961.94	4300	59.749622	0.0	2220726	24	4.3
1527718966.05	4300	59.749279	0.0	2156729	24	4.3
1527718969.66	4300	59.998893	0.0	2039773	24	4.3
1527718973.77	4300	59.997885	0.0	2176469	23	4.3
1527718977.87	4300	59.747995	0.0	2221506	25	4.3
1527718981.98	4300	59.749662	0.0	2044075	24	4.3
1527718985.67	4300	59.998884	0.0	2186790	12	4.3
1527718989.76	4300	59.998956	0.0	2105231	19	4.3
1527718993.87	4300	59.748889	0.0	2395588	17	4.3
1527718997.95	4300	59.748997	0.0	1972048	12	4.3
1527719001.57	4300	59.998554	0.0	2134614	20	4.3
1527719005.68	4300	59.999174	0.0	2164140	25	4.3
