1527668425.58	750	4	0.024	2354772	5	-0.10319999999999996
1527668425.72	4300	7.966155	0.0	2123065	20	0.75
1527668425.88	4300	11.80975	0.0	2177073	26	4.3
1527668426.02	4300	15.666763	0.0	2160877	25	4.3
1527668426.16	4300	19.5215	0.0	2233056	27	4.3
1527668426.3	4300	23.386811	0.0	1941625	13	4.3
1527668426.44	4300	27.24739	0.0	2157535	26	4.3
1527668426.57	4300	31.114627	0.0	2290172	14	4.3
1527668426.71	4300	34.974089	0.0	2055469	21	4.3
1527668426.86	4300	38.829395	0.0	2169201	27	4.3
1527668426.99	4300	42.692775	0.0	2173522	18	4.3
1527668427.13	4300	46.55494	0.0	2102452	22	4.3
1527668427.28	4300	50.409268	0.0	2209463	27	4.3
1527668427.44	4300	54.242167	0.0	2275376	26	4.3
1527668427.59	4300	58.098311	0.0	2005399	20	4.3
1527668429.74	4300	59.998654	0.0	2152483	24	4.3
1527668433.89	4300	59.998497	0.0	2289689	25	4.3
1527668438.05	4300	59.748362	0.0	2059512	22	4.3
1527668441.71	4300	59.999129	0.0	2220726	24	4.3
1527668445.87	4300	59.999314	0.0	2156729	26	4.3
1527668450.02	4300	59.7492	0.0	2039773	18	4.3
1527668454.18	4300	59.749	0.0	2176469	27	4.3
1527668457.84	4300	59.998903	0.0	2221506	24	4.3
1527668462.01	4300	59.749117	0.0	2044075	24	4.3
1527668466.17	4300	59.748344	0.0	2186790	26	4.3
1527668469.82	4300	59.998956	0.0	2105231	22	4.3
1527668473.98	4300	59.74898	0.0	2395588	29	4.3
1527668478.13	4300	59.749372	0.0	1972048	19	4.3
1527668481.79	4300	59.998806	0.0	2134614	24	4.3
1527668485.94	4300	59.747755	0.0	2164140	26	4.3
1527668490.1	4300	59.748851	0.0	2113193	22	4.3
1527668493.75	4300	59.997832	0.0	2147852	26	4.3
1527668497.92	4300	59.998979	0.0	2191074	26	4.3
1527668502.07	4300	59.747254	0.0	2286761	17	4.3
1527668505.73	4300	59.997988	0.0	2307787	27	4.3
1527668509.89	4300	59.998678	0.0	2143948	25	4.3
1527668514.04	4300	59.749408	0.0	1919781	19	4.3
1527668517.69	4300	59.998965	0.0	2147467	27	4.3
1527668521.84	4300	59.997611	0.0	2133870	18	4.3
1527668526.0	4300	59.74823	0.0	2146120	19	4.3
1527668530.15	4300	59.748536	0.0	2108491	20	4.3
1527668533.81	4300	59.998859	0.0	2184571	26	4.3
1527668537.97	4300	59.749381	0.0	2121928	25	4.3
1527668542.12	4300	59.748547	0.0	2219102	22	4.3
1527668545.78	4300	59.99859	0.0	2124950	27	4.3
1527668550.03	4300	59.999329	0.0	2246506	21	4.3
1527668554.17	4300	59.748334	0.0	1961140	19	4.3
1527668557.79	4300	59.999499	0.0	2155012	20	4.3
1527668559.96	4300	59.678686	0.0	1433658	17	4.3

1527668560.2	750	4	0.017	668286	1	-0.07309999999999994
1527668560.35	4300	7.952894	0.0	2123065	14	0.75
1527668560.49	4300	11.812617	0.0	2177073	20	4.3
1527668560.63	4300	15.671197	0.0	2160877	20	4.3
1527668560.78	4300	19.520175	0.0	2233056	22	4.3
1527668560.93	4300	23.377743	0.0	1941625	24	4.3
1527668561.07	4300	27.229683	0.0	2157535	24	4.3
1527668561.22	4300	31.089431	0.0	2290172	20	4.3
1527668561.36	4300	34.950153	0.0	2055469	21	4.3
1527668561.5	4300	38.804036	0.0	2169201	26	4.3
1527668561.65	4300	42.657005	0.0	2173522	27	4.3
1527668561.79	4300	46.51	0.0	2102452	23	4.3
1527668561.93	4300	50.372055	0.0	2209463	20	4.3
1527668562.07	4300	54.231691	0.0	2275376	25	4.3
1527668562.22	4300	58.087388	0.0	2005399	24	4.3
1527668564.38	4300	59.9986	0.0	2152483	15	4.3
1527668568.54	4300	59.998532	0.0	2289689	27	4.3
1527668572.69	4300	59.749362	0.0	2059512	20	4.3
1527668576.85	4300	59.499615	0.0	2220726	26	4.3
1527668580.5	4300	59.998139	0.0	2156729	22	4.3
1527668584.65	4300	59.749564	0.0	2039773	22	4.3
1527668588.81	4300	59.747942	0.0	2176469	20	4.3
1527668592.46	4300	59.998038	0.0	2221506	27	4.3
1527668596.62	4300	59.749039	0.0	2044075	25	4.3
1527668600.78	4300	59.74856	0.0	2186790	21	4.3
1527668604.43	4300	59.998068	0.0	2105231	24	4.3
1527668608.63	4300	59.748195	0.0	2395588	23	4.3
1527668612.79	4300	59.748895	0.0	1972048	22	4.3
1527668616.44	4300	59.99774	0.0	2134614	19	4.3
1527668620.6	4300	59.74836	0.0	2164140	26	4.3
1527668624.76	4300	59.749322	0.0	2113193	24	4.3
1527668628.41	4300	59.999229	0.0	2147852	19	4.3
1527668632.57	4300	59.749094	0.0	2191074	24	4.3
1527668636.72	4300	59.749293	0.0	2286761	22	4.3
1527668640.88	4300	59.498168	0.0	2307787	26	4.3
1527668644.52	4300	59.999254	0.0	2143948	14	4.3
1527668648.78	4300	59.748824	0.0	1919781	23	4.3
1527668652.43	4300	59.999098	0.0	2147467	27	4.3
1527668656.59	4300	59.74907	0.0	2133870	26	4.3
1527668660.74	4300	59.748872	0.0	2146120	20	4.3
1527668664.41	4300	59.998767	0.0	2108491	19	4.3
1527668668.57	4300	59.748994	0.0	2184571	25	4.3
1527668672.72	4300	59.749316	0.0	2121928	19	4.3
1527668676.87	4300	59.498548	0.0	2219102	24	4.3
1527668680.53	4300	59.998081	0.0	2124950	17	4.3
1527668684.68	4300	59.749076	0.0	2246506	27	4.3
1527668688.31	4300	59.999086	0.0	1961140	23	4.3
1527668692.94	4300	59.498267	0.0	2155012	26	4.3
1527668694.55	4300	59.67864	0.0	1433658	17	4.3

1527668694.79	750	4	0.021	668286	4	-0.09030000000000005
1527668694.95	4300	7.948925	0.0	2123065	21	0.75
1527668695.1	4300	11.792566	0.0	2177073	25	4.3
1527668695.25	4300	15.645578	0.0	2160877	26	4.3
1527668695.39	4300	19.50213	0.0	2233056	28	4.3
1527668695.54	4300	23.357689	0.0	1941625	23	4.3
1527668695.69	4300	27.208086	0.0	2157535	26	4.3
1527668695.83	4300	31.070041	0.0	2290172	19	4.3
1527668695.97	4300	34.928989	0.0	2055469	19	4.3
1527668696.11	4300	38.785647	0.0	2169201	25	4.3
1527668696.26	4300	42.635913	0.0	2173522	26	4.3
1527668696.41	4300	46.487781	0.0	2102452	24	4.3
1527668696.56	4300	50.337952	0.0	2209463	25	4.3
1527668696.71	4300	54.186596	0.0	2275376	26	4.3
1527668696.86	4300	58.038444	0.0	2005399	22	4.3
1527668699.02	4300	59.998827	0.0	2152483	13	4.3
1527668703.19	4300	59.748062	0.0	2289689	26	4.3
1527668707.35	4300	59.74882	0.0	2059512	26	4.3
1527668711.01	4300	59.998177	0.0	2220726	21	4.3
1527668715.17	4300	59.747712	0.0	2156729	23	4.3
1527668719.32	4300	59.749186	0.0	2039773	23	4.3
1527668722.98	4300	59.997759	0.0	2176469	21	4.3
1527668727.18	4300	59.998786	0.0	2221506	21	4.3
1527668731.34	4300	59.748639	0.0	2044075	18	4.3
1527668734.99	4300	59.999402	0.0	2186790	27	4.3
1527668739.15	4300	59.748601	0.0	2105231	25	4.3
1527668743.31	4300	59.748992	0.0	2395588	23	4.3
1527668746.96	4300	59.997919	0.0	1972048	24	4.3
1527668751.12	4300	59.999173	0.0	2134614	24	4.3
1527668755.28	4300	59.74885	0.0	2164140	21	4.3
1527668758.93	4300	59.997826	0.0	2113193	25	4.3
1527668763.1	4300	59.999104	0.0	2147852	26	4.3
