1527647633.26	750	4	0.025	2354772	7	-0.10750000000000004
1527647633.39	4300	7.960593	0.0	2123065	19	0.75
1527647633.48	4300	11.865934	0.0	2177073	25	4.3
1527647633.58	4300	15.768299	0.0	2160877	23	4.3
1527647633.68	4300	19.671703	0.0	2233056	12	4.3
1527647633.78	4300	23.574125	0.0	1941625	20	4.3
1527647633.88	4300	27.474564	0.0	2157535	27	4.3
1527647633.97	4300	31.381529	0.0	2290172	27	4.3
1527647634.06	4300	35.290511	0.0	2055469	18	4.3
1527647634.15	4300	39.201401	0.0	2169201	23	4.3
1527647634.22	4300	43.125659	0.0	2173522	12	4.3
1527647634.32	4300	47.028054	0.0	2102452	26	4.3
1527647634.41	4300	50.936115	0.0	2209463	24	4.3
1527647634.5	4300	54.84828	0.0	2275376	13	4.3
1527647634.57	4300	58.777836	0.0	2005399	10	4.3
1527647637.68	4300	59.748184	0.0	2152483	20	4.3
1527647641.79	4300	59.749114	0.0	2289689	26	4.3
1527647645.39	4300	59.998687	0.0	2059512	22	4.3
1527647649.5	4300	59.998817	0.0	2220726	22	4.3
1527647653.61	4300	59.747454	0.0	2156729	24	4.3
1527647657.72	4300	59.747541	0.0	2039773	23	4.3
1527647661.83	4300	59.748469	0.0	2176469	24	4.3
1527647665.44	4300	59.999112	0.0	2221506	25	4.3
1527647669.55	4300	59.998487	0.0	2044075	18	4.3
1527647673.65	4300	59.74906	0.0	2186790	21	4.3
1527647677.76	4300	59.747969	0.0	2105231	23	4.3
1527647681.37	4300	59.99749	0.0	2395588	27	4.3
1527647685.47	4300	59.997519	0.0	1972048	19	4.3
1527647689.58	4300	59.998758	0.0	2134614	21	4.3
1527647693.74	4300	59.748108	0.0	2164140	26	4.3
1527647697.84	4300	59.747754	0.0	2113193	18	4.3
1527647701.44	4300	59.99904	0.0	2147852	20	4.3
1527647705.55	4300	59.997804	0.0	2191074	19	4.3
1527647709.65	4300	59.748778	0.0	2286761	23	4.3
1527647713.76	4300	59.748936	0.0	2307787	23	4.3
1527647717.37	4300	59.997778	0.0	2143948	23	4.3
1527647721.47	4300	59.997612	0.0	1919781	19	4.3
1527647725.59	4300	59.999183	0.0	2147467	22	4.3
1527647729.69	4300	59.749425	0.0	2133870	18	4.3
1527647733.8	4300	59.749228	0.0	2146120	24	4.3
1527647737.41	4300	59.999225	0.0	2108491	22	4.3
1527647741.51	4300	59.998614	0.0	2184571	21	4.3
1527647745.62	4300	59.749064	0.0	2121928	23	4.3
1527647749.73	4300	59.748461	0.0	2219102	25	4.3
1527647753.84	4300	59.723486	0.0	2124950	23	4.3
1527647757.45	4300	59.999244	0.0	2246506	24	4.3
1527647761.55	4300	59.998687	0.0	1961140	19	4.3
1527647765.66	4300	59.749368	0.0	2155012	25	4.3
1527647767.27	4300	59.929477	0.0	1433658	35	4.3

1527647767.45	750	4	0.009	668286	1	-0.03869999999999996
1527647767.55	4300	7.962583	0.0	2123065	13	0.75
1527647767.64	4300	11.865665	0.0	2177073	23	4.3
1527647767.72	4300	15.786244	0.0	2160877	13	4.3
1527647767.83	4300	19.683902	0.0	2233056	28	4.3
1527647767.89	4300	23.614274	0.0	1941625	10	4.3
1527647767.98	4300	27.528746	0.0	2157535	18	4.3
1527647768.08	4300	31.429283	0.0	2290172	22	4.3
1527647768.18	4300	35.327819	0.0	2055469	22	4.3
1527647768.26	4300	39.245819	0.0	2169201	15	4.3
1527647768.36	4300	43.147644	0.0	2173522	26	4.3
1527647768.44	4300	47.073524	0.0	2102452	10	4.3
1527647768.52	4300	50.984775	0.0	2209463	19	4.3
1527647768.62	4300	54.895159	0.0	2275376	19	4.3
1527647768.7	4300	58.806358	0.0	2005399	19	4.3
1527647771.8	4300	59.748422	0.0	2152483	21	4.3
1527647775.91	4300	59.749444	0.0	2289689	18	4.3
1527647780.13	4300	59.496169	0.0	2059512	21	4.3
1527647784.23	4300	59.498354	0.0	2220726	23	4.3
1527647787.84	4300	59.748629	0.0	2156729	25	4.3
1527647791.94	4300	59.749361	0.0	2039773	19	4.3
1527647796.04	4300	59.498392	0.0	2176469	25	4.3
1527647799.66	4300	59.999472	0.0	2221506	23	4.3
1527647803.76	4300	59.999281	0.0	2044075	22	4.3
1527647807.87	4300	59.748184	0.0	2186790	22	4.3
1527647811.98	4300	59.749251	0.0	2105231	25	4.3
1527647816.09	4300	59.499335	0.0	2395588	26	4.3
1527647820.2	4300	59.500251	0.0	1972048	22	4.3
1527647823.78	4300	59.749941	0.0	2134614	12	4.3
1527647827.89	4300	59.749201	0.0	2164140	20	4.3
1527647831.99	4300	59.74962	0.0	2113193	24	4.3
1527647836.1	4300	59.500394	0.0	2147852	25	4.3
1527647840.21	4300	59.500099	0.0	2191074	23	4.3
1527647843.82	4300	59.749382	0.0	2286761	26	4.3
1527647847.93	4300	59.749503	0.0	2307787	23	4.3
1527647852.03	4300	59.498841	0.0	2143948	22	4.3
1527647855.64	4300	59.998354	0.0	1919781	22	4.3
1527647859.75	4300	59.999273	0.0	2147467	21	4.3
1527647863.89	4300	59.750122	0.0	2133870	22	4.3
1527647868.0	4300	59.749836	0.0	2146120	22	4.3
1527647871.6	4300	59.998644	0.0	2108491	23	4.3
1527647876.2	4300	59.500116	0.0	2184571	23	4.3
1527647879.82	4300	59.749169	0.0	2121928	23	4.3
1527647883.92	4300	59.749543	0.0	2219102	23	4.3
1527647888.03	4300	59.49991	0.0	2124950	24	4.3
1527647891.64	4300	59.999307	0.0	2246506	24	4.3
1527647896.24	4300	59.499554	0.0	1961140	17	4.3
1527647899.86	4300	59.749192	0.0	2155012	25	4.3
1527647901.45	4300	59.930193	0.0	1433658	16	4.3

1527647901.63	750	4	0.012	668286	3	-0.05159999999999998
1527647901.75	4300	7.946507	0.0	2123065	12	0.75
1527647901.82	4300	11.872815	0.0	2177073	12	4.3
1527647901.92	4300	15.774157	0.0	2160877	22	4.3
1527647902.02	4300	19.67494	0.0	2233056	23	4.3
1527647902.09	4300	23.60558	0.0	1941625	9	4.3
1527647902.18	4300	27.515636	0.0	2157535	18	4.3
1527647902.27	4300	31.420071	0.0	2290172	24	4.3
1527647902.37	4300	35.320179	0.0	2055469	23	4.3
1527647902.45	4300	39.240591	0.0	2169201	14	4.3
1527647902.55	4300	43.141335	0.0	2173522	23	4.3
1527647902.63	4300	47.062021	0.0	2102452	14	4.3
1527647902.73	4300	50.960413	0.0	2209463	25	4.3
1527647902.83	4300	54.865719	0.0	2275376	27	4.3
1527647902.92	4300	58.778861	0.0	2005399	21	4.3
1527647906.02	4300	59.748013	0.0	2152483	23	4.3
1527647910.12	4300	59.748731	0.0	2289689	21	4.3
1527647913.72	4300	59.998255	0.0	2059512	23	4.3
1527647917.83	4300	59.998033	0.0	2220726	23	4.3
1527647921.94	4300	59.997444	0.0	2156729	23	4.3
1527647926.04	4300	59.747922	0.0	2039773	22	4.3
1527647930.15	4300	59.748479	0.0	2176469	23	4.3
1527647933.76	4300	59.998641	0.0	2221506	24	4.3
1527647937.86	4300	59.99841	0.0	2044075	20	4.3
1527647941.97	4300	59.749076	0.0	2186790	23	4.3
1527647946.08	4300	59.748754	0.0	2105231	23	4.3
1527647950.19	4300	59.7487	0.0	2395588	28	4.3
1527647953.8	4300	59.997574	0.0	1972048	23	4.3
1527647957.9	4300	59.998436	0.0	2134614	23	4.3
1527647962.14	4300	59.748684	0.0	2164140	23	4.3
1527647965.78	4300	59.998338	0.0	2113193	23	4.3
1527647969.89	4300	59.998771	0.0	2147852	20	4.3
1527647973.99	4300	59.748544	0.0	2191074	20	4.3
1527647978.1	4300	59.748947	0.0	2286761	22	4.3
1527647981.7	4300	59.999391	0.0	2307787	26	4.3
1527647985.81	4300	59.998099	0.0	2143948	23	4.3
1527647989.91	4300	59.997293	0.0	1919781	22	4.3
