1527793105.99	750	4	0.011	450283	1	-0.04730000000000001
1527793106.15	4300	7.955538	0.0	2123065	14	0.75
1527793106.29	4300	11.804339	0.0	2177073	25	4.3
1527793106.42	4300	15.679148	0.0	2160877	17	4.3
1527793106.55	4300	19.551794	0.0	2233056	17	4.3
1527793106.68	4300	23.422555	0.0	1941625	14	4.3
1527793106.79	4300	27.311309	0.0	2157535	7	4.3
1527793106.92	4300	31.177343	0.0	2290172	18	4.3
1527793107.05	4300	35.046287	0.0	2055469	19	4.3
1527793107.18	4300	38.923072	0.0	2169201	12	4.3
1527793107.3	4300	42.802319	0.0	2173522	11	4.3
1527793107.42	4300	46.681756	0.0	2102452	12	4.3
1527793107.54	4300	50.561937	0.0	2209463	13	4.3
1527793107.67	4300	54.432534	0.0	2275376	12	4.3
1527793107.79	4300	58.311282	0.0	2005399	14	4.3
1527793110.43	4300	59.749079	0.0	2152483	13	4.3
1527793114.59	4300	59.74912	0.0	2289689	18	4.3
1527793118.25	4300	59.998289	0.0	2059512	22	4.3
1527793122.41	4300	59.748812	0.0	2220726	26	4.3
1527793126.56	4300	59.748709	0.0	2156729	24	4.3
1527793130.2	4300	59.9977	0.0	2039773	11	4.3
1527793134.35	4300	59.749231	0.0	2176469	21	4.3
1527793138.51	4300	59.749017	0.0	2221506	25	4.3
1527793142.16	4300	59.998025	0.0	2044075	19	4.3
1527793146.38	4300	59.997725	0.0	2186790	25	4.3
1527793150.54	4300	59.749461	0.0	2105231	24	4.3
1527793154.7	4300	59.498771	0.0	2395588	21	4.3
1527793158.83	4300	59.499087	0.0	1972048	11	4.3
1527793162.49	4300	59.749413	0.0	2134614	23	4.3
1527793166.13	4300	59.999491	0.0	2164140	20	4.3
1527793170.28	4300	59.999465	0.0	2113193	25	4.3
1527793174.44	4300	59.748542	0.0	2147852	19	4.3
1527793178.59	4300	59.749623	0.0	2191074	27	4.3
1527793182.25	4300	59.999341	0.0	2286761	25	4.3
1527793186.41	4300	59.749512	0.0	2307787	20	4.3
1527793190.56	4300	59.749278	0.0	2143948	25	4.3
1527793194.22	4300	59.99914	0.0	1919781	22	4.3
1527793198.37	4300	59.747654	0.0	2147467	23	4.3
1527793202.53	4300	59.749459	0.0	2133870	24	4.3
1527793206.7	4300	59.499412	0.0	2146120	26	4.3
1527793210.85	4300	59.499312	0.0	2108491	20	4.3
1527793214.51	4300	59.748961	0.0	2184571	25	4.3
1527793218.67	4300	59.499535	0.0	2121928	22	4.3
1527793222.52	4300	59.999359	0.0	2219102	22	4.3
1527793226.22	4300	59.997845	0.0	2124950	15	4.3
1527793230.36	4300	59.748193	0.0	2246506	15	4.3
1527793234.48	4300	59.749527	0.0	1961140	19	4.3
1527793238.12	4300	59.99816	0.0	2155012	25	4.3
1527793240.22	4300	59.67967	0.0	1433658	16	4.3

1527793240.44	750	4	0.016	668286	2	-0.06879999999999997
1527793240.58	4300	7.96085	0.0	2123065	16	0.75
1527793240.71	4300	11.829605	0.0	2177073	20	4.3
1527793240.85	4300	15.695378	0.0	2160877	20	4.3
1527793240.97	4300	19.573925	0.0	2233056	8	4.3
1527793241.09	4300	23.458195	0.0	1941625	6	4.3
1527793241.2	4300	27.34438	0.0	2157535	7	4.3
1527793241.3	4300	31.237392	0.0	2290172	7	4.3
1527793241.42	4300	35.127335	0.0	2055469	6	4.3
1527793241.54	4300	39.003606	0.0	2169201	14	4.3
1527793241.65	4300	42.887668	0.0	2173522	8	4.3
1527793241.78	4300	46.767738	0.0	2102452	9	4.3
1527793241.89	4300	50.652198	0.0	2209463	9	4.3
1527793242.03	4300	54.51394	0.0	2275376	24	4.3
1527793242.15	4300	58.3898	0.0	2005399	13	4.3
1527793244.81	4300	59.748454	0.0	2152483	24	4.3
1527793248.98	4300	59.748052	0.0	2289689	25	4.3
1527793252.65	4300	59.997983	0.0	2059512	23	4.3
1527793256.8	4300	59.749464	0.0	2220726	26	4.3
1527793260.96	4300	59.749114	0.0	2156729	22	4.3
1527793264.61	4300	59.999296	0.0	2039773	23	4.3
1527793269.26	4300	59.499644	0.0	2176469	20	4.3
1527793272.92	4300	59.747606	0.0	2221506	27	4.3
1527793276.58	4300	59.999171	0.0	2044075	24	4.3
1527793280.74	4300	59.999156	0.0	2186790	28	4.3
1527793284.89	4300	59.749027	0.0	2105231	19	4.3
1527793288.56	4300	59.999089	0.0	2395588	25	4.3
1527793292.72	4300	59.9984	0.0	1972048	21	4.3
1527793296.86	4300	59.74893	0.0	2134614	20	4.3
1527793301.01	4300	59.747565	0.0	2164140	18	4.3
1527793305.17	4300	59.499372	0.0	2113193	25	4.3
1527793308.81	4300	59.748771	0.0	2147852	20	4.3
1527793312.98	4300	59.74786	0.0	2191074	27	4.3
1527793316.65	4300	59.998676	0.0	2286761	20	4.3
1527793320.8	4300	59.748715	0.0	2307787	23	4.3
1527793324.96	4300	59.748855	0.0	2143948	25	4.3
1527793328.61	4300	59.999234	0.0	1919781	19	4.3
1527793332.77	4300	59.999293	0.0	2147467	27	4.3
1527793336.93	4300	59.749247	0.0	2133870	26	4.3
1527793340.58	4300	59.998838	0.0	2146120	21	4.3
1527793345.22	4300	59.499088	0.0	2108491	15	4.3
1527793348.86	4300	59.747573	0.0	2184571	20	4.3
1527793353.02	4300	59.748404	0.0	2121928	20	4.3
1527793356.68	4300	59.998844	0.0	2219102	22	4.3
1527793360.83	4300	59.748097	0.0	2124950	16	4.3
1527793364.97	4300	59.748488	0.0	2246506	22	4.3
1527793368.6	4300	59.999313	0.0	1961140	16	4.3
1527793372.73	4300	59.998612	0.0	2155012	22	4.3
1527793374.34	4300	59.929192	0.0	1433658	15	4.3

1527793374.57	750	4	0.012	668286	3	-0.05159999999999998
1527793374.72	4300	7.951796	0.0	2123065	20	0.75
1527793374.86	4300	11.807896	0.0	2177073	25	4.3
1527793375.01	4300	15.661467	0.0	2160877	22	4.3
1527793375.14	4300	19.530566	0.0	2233056	12	4.3
1527793375.25	4300	23.418776	0.0	1941625	9	4.3
1527793375.39	4300	27.282742	0.0	2157535	19	4.3
1527793375.52	4300	31.154205	0.0	2290172	16	4.3
1527793375.63	4300	35.040097	0.0	2055469	7	4.3
1527793375.74	4300	38.92833	0.0	2169201	9	4.3
1527793375.88	4300	42.788679	0.0	2173522	27	4.3
1527793376.0	4300	46.666184	0.0	2102452	12	4.3
1527793376.16	4300	50.513277	0.0	2209463	21	4.3
1527793376.28	4300	54.389755	0.0	2275376	13	4.3
1527793376.41	4300	58.263312	0.0	2005399	11	4.3
1527793379.05	4300	59.749696	0.0	2152483	19	4.3
1527793383.2	4300	59.499509	0.0	2289689	24	4.3
1527793386.86	4300	59.99878	0.0	2059512	26	4.3
1527793391.07	4300	59.749204	0.0	2220726	26	4.3
1527793395.21	4300	59.499202	0.0	2156729	15	4.3
1527793398.86	4300	59.998417	0.0	2039773	23	4.3
