1528141833.19	750	4	0.024	2354772	5	-0.10319999999999996
1528141833.25	4300	7.986491	0.0	2123065	7	0.75
1528141833.34	4300	11.892602	0.0	2177073	23	4.3
1528141833.44	4300	15.799388	0.0	2160877	26	4.3
1528141833.52	4300	19.721149	0.0	2233056	12	4.3
1528141833.61	4300	23.624838	0.0	1941625	23	4.3
1528141833.71	4300	27.529007	0.0	2157535	27	4.3
1528141833.81	4300	31.432168	0.0	2290172	25	4.3
1528141833.9	4300	35.343434	0.0	2055469	20	4.3
1528141833.97	4300	39.264126	0.0	2169201	15	4.3
1528141834.04	4300	43.196843	0.0	2173522	9	4.3
1528141834.14	4300	47.101829	0.0	2102452	18	4.3
1528141834.23	4300	51.011775	0.0	2209463	20	4.3
1528141834.33	4300	54.903131	0.0	2275376	22	4.3
1528141834.4	4300	58.837394	0.0	2005399	9	4.3
1528141837.51	4300	59.747854	0.0	2152483	24	4.3
1528141841.66	4300	59.749459	0.0	2289689	27	4.3
1528141845.28	4300	59.999206	0.0	2059512	20	4.3
1528141849.9	4300	59.499505	0.0	2220726	25	4.3
1528141853.51	4300	59.749371	0.0	2156729	24	4.3
1528141857.61	4300	59.749301	0.0	2039773	22	4.3
1528141861.72	4300	59.74815	0.0	2176469	25	4.3
1528141865.33	4300	59.999223	0.0	2221506	25	4.3
1528141869.43	4300	59.998802	0.0	2044075	22	4.3
1528141873.55	4300	59.749701	0.0	2186790	26	4.3
1528141877.66	4300	59.748659	0.0	2105231	24	4.3
1528141881.27	4300	59.998765	0.0	2395588	27	4.3
1528141885.87	4300	59.498989	0.0	1972048	19	4.3
1528141889.48	4300	59.999344	0.0	2134614	26	4.3
1528141893.59	4300	59.747824	0.0	2164140	25	4.3
1528141897.69	4300	59.749003	0.0	2113193	25	4.3
1528141901.3	4300	59.998776	0.0	2147852	26	4.3
1528141905.41	4300	59.997931	0.0	2191074	23	4.3
1528141909.52	4300	59.747806	0.0	2286761	26	4.3
1528141913.63	4300	59.749645	0.0	2307787	27	4.3
1528141917.73	4300	59.748954	0.0	2143948	24	4.3
1528141921.34	4300	59.999017	0.0	1919781	22	4.3
1528141925.45	4300	59.998855	0.0	2147467	24	4.3
1528141929.66	4300	59.747854	0.0	2133870	24	4.3
1528141933.27	4300	59.998187	0.0	2146120	16	4.3
1528141937.38	4300	59.998942	0.0	2108491	24	4.3
1528141941.49	4300	59.749256	0.0	2184571	23	4.3
1528141945.6	4300	59.748957	0.0	2121928	24	4.3
1528141949.71	4300	59.749401	0.0	2219102	28	4.3
1528141953.32	4300	59.999198	0.0	2124950	26	4.3
1528141957.43	4300	59.998855	0.0	2246506	25	4.3
1528141961.53	4300	59.749539	0.0	1961140	23	4.3
1528141965.64	4300	59.749109	0.0	2155012	25	4.3
1528141967.24	4300	59.929336	0.0	1433658	18	4.3

1528141967.45	750	4	0.026	2354772	6	-0.11180000000000001
1528141967.53	4300	7.918156	0.0	2123065	16	0.75
1528141967.63	4300	11.817809	0.0	2177073	24	4.3
1528141967.71	4300	15.734742	0.0	2160877	14	4.3
1528141967.81	4300	19.639467	0.0	2233056	27	4.3
1528141967.9	4300	23.550612	0.0	1941625	22	4.3
1528141967.98	4300	27.46621	0.0	2157535	12	4.3
1528141968.08	4300	31.365255	0.0	2290172	27	4.3
1528141968.18	4300	35.271607	0.0	2055469	22	4.3
1528141968.27	4300	39.178305	0.0	2169201	20	4.3
1528141968.36	4300	43.087205	0.0	2173522	19	4.3
1528141968.45	4300	47.000127	0.0	2102452	19	4.3
1528141968.54	4300	50.909582	0.0	2209463	21	4.3
1528141968.64	4300	54.812647	0.0	2275376	20	4.3
1528141968.74	4300	58.713158	0.0	2005399	25	4.3
1528141971.84	4300	59.747927	0.0	2152483	26	4.3
1528141975.46	4300	59.999075	0.0	2289689	26	4.3
1528141979.56	4300	59.999478	0.0	2059512	20	4.3
1528141983.68	4300	59.998705	0.0	2220726	6	4.3
1528141987.79	4300	59.748844	0.0	2156729	24	4.3
1528141991.89	4300	59.7486	0.0	2039773	23	4.3
1528141995.5	4300	59.999044	0.0	2176469	28	4.3
1528141999.61	4300	59.997621	0.0	2221506	23	4.3
1528142003.71	4300	59.748825	0.0	2044075	25	4.3
1528142007.82	4300	59.748788	0.0	2186790	24	4.3
1528142011.93	4300	59.749238	0.0	2105231	26	4.3
1528142015.54	4300	59.998915	0.0	2395588	29	4.3
1528142019.65	4300	59.998642	0.0	1972048	23	4.3
1528142023.75	4300	59.749437	0.0	2134614	27	4.3
1528142027.86	4300	59.748216	0.0	2164140	27	4.3
1528142031.47	4300	59.997527	0.0	2113193	24	4.3
1528142035.58	4300	59.998662	0.0	2147852	22	4.3
1528142039.65	4300	59.997949	0.0	2191074	8	4.3
1528142043.77	4300	59.749248	0.0	2286761	28	4.3
1528142047.88	4300	59.748664	0.0	2307787	28	4.3
1528142051.48	4300	59.9983	0.0	2143948	26	4.3
1528142055.59	4300	59.99925	0.0	1919781	21	4.3
1528142059.7	4300	59.999307	0.0	2147467	26	4.3
1528142063.83	4300	59.749036	0.0	2133870	26	4.3
1528142067.91	4300	59.749374	0.0	2146120	10	4.3
1528142071.52	4300	59.998913	0.0	2108491	25	4.3
1528142075.62	4300	59.998644	0.0	2184571	25	4.3
1528142079.73	4300	59.747557	0.0	2121928	28	4.3
1528142083.85	4300	59.747909	0.0	2219102	26	4.3
1528142087.45	4300	59.998877	0.0	2124950	28	4.3
1528142091.56	4300	59.999347	0.0	2246506	26	4.3
1528142095.67	4300	59.998849	0.0	1961140	21	4.3
1528142099.84	4300	59.748469	0.0	2155012	24	4.3
1528142101.43	4300	59.929425	0.0	1433658	17	4.3

1528142101.65	750	4	0.025	2354772	7	-0.10750000000000004
1528142101.74	4300	7.910111	0.0	2123065	22	0.75
1528142101.83	4300	11.816424	0.0	2177073	24	4.3
1528142101.92	4300	15.721062	0.0	2160877	24	4.3
1528142102.03	4300	19.617961	0.0	2233056	27	4.3
1528142102.13	4300	23.517351	0.0	1941625	28	4.3
1528142102.22	4300	27.422882	0.0	2157535	20	4.3
1528142102.32	4300	31.329194	0.0	2290172	24	4.3
1528142102.4	4300	35.24314	0.0	2055469	16	4.3
1528142102.46	4300	39.180281	0.0	2169201	6	4.3
1528142102.55	4300	43.090145	0.0	2173522	21	4.3
1528142102.64	4300	47.001152	0.0	2102452	20	4.3
1528142102.73	4300	50.910961	0.0	2209463	18	4.3
1528142102.8	4300	54.845906	0.0	2275376	8	4.3
1528142102.86	4300	58.784308	0.0	2005399	6	4.3
1528142105.97	4300	59.74935	0.0	2152483	24	4.3
