1527736614.55	750	4	0.014	450283	2	-0.06020000000000003
1527736614.71	4300	7.9502	0.0	2123065	21	0.75
1527736614.86	4300	11.799573	0.0	2177073	33	4.3
1527736615.0	4300	15.653379	0.0	2160877	30	4.3
1527736615.12	4300	19.537601	0.0	2233056	11	4.3
1527736615.24	4300	23.419261	0.0	1941625	12	4.3
1527736615.37	4300	27.288014	0.0	2157535	15	4.3
1527736615.5	4300	31.152897	0.0	2290172	16	4.3
1527736615.63	4300	35.026502	0.0	2055469	14	4.3
1527736616.0	4300	38.890741	0.0	2169201	18	4.3
1527736616.12	4300	42.535347	0.0	2173522	14	4.3
1527736616.25	4300	46.410432	0.0	2102452	12	4.3
1527736616.4	4300	50.25938	0.0	2209463	13	4.3
1527736616.52	4300	54.133497	0.0	2275376	15	4.3
1527736616.71	4300	57.94584	0.0	2005399	14	4.3
1527736618.83	4300	59.998757	0.0	2152483	8	4.3
1527736623.0	4300	59.749119	0.0	2289689	27	4.3
1527736626.67	4300	59.998491	0.0	2059512	6	4.3
1527736631.31	4300	59.498318	0.0	2220726	20	4.3
1527736634.96	4300	59.747911	0.0	2156729	22	4.3
1527736639.12	4300	59.747883	0.0	2039773	23	4.3
1527736642.79	4300	59.998803	0.0	2176469	24	4.3
1527736646.95	4300	59.749461	0.0	2221506	26	4.3
1527736651.09	4300	59.748619	0.0	2044075	20	4.3
1527736656.0	4300	59.999392	0.0	2186790	25	4.3
1527736659.15	4300	59.749677	0.0	2105231	22	4.3
1527736662.85	4300	59.999198	0.0	2395588	24	4.3
1527736667.0	4300	59.748594	0.0	1972048	16	4.3
1527736670.9	4300	59.998735	0.0	2134614	20	4.3
1527736675.05	4300	59.748769	0.0	2164140	24	4.3
1527736678.7	4300	59.998086	0.0	2113193	22	4.3
1527736682.86	4300	59.999054	0.0	2147852	24	4.3
1527736687.01	4300	59.748032	0.0	2191074	22	4.3
1527736691.17	4300	59.49933	0.0	2286761	26	4.3
1527736694.82	4300	59.998873	0.0	2307787	21	4.3
1527736698.97	4300	59.749282	0.0	2143948	23	4.3
1527736703.12	4300	59.749358	0.0	1919781	18	4.3
1527736706.78	4300	59.999278	0.0	2147467	28	4.3
1527736710.93	4300	59.749342	0.0	2133870	24	4.3
1527736715.09	4300	59.747725	0.0	2146120	19	4.3
1527736718.72	4300	59.999061	0.0	2108491	14	4.3
1527736722.89	4300	59.998517	0.0	2184571	24	4.3
1527736727.05	4300	59.749618	0.0	2121928	26	4.3
1527736730.75	4300	59.998983	0.0	2219102	26	4.3
1527736734.9	4300	59.997702	0.0	2124950	25	4.3
1527736739.03	4300	59.749398	0.0	2246506	16	4.3
1527736742.66	4300	59.999435	0.0	1961140	18	4.3
1527736747.29	4300	59.499505	0.0	2155012	20	4.3
1527736749.22	4300	59.677562	0.0	1433658	17	4.3

1527736749.71	750	4	0.023	668286	9	-0.09889999999999999
1527736750.04	4300	7.945407	0.0	2123065	16	0.75
1527736750.57	4300	11.537975	0.0	2177073	15	4.3
1527736750.73	4300	15.140124	0.0	2160877	17	4.3
1527736751.1	4300	18.833211	0.0	2233056	21	4.3
1527736752.79	4300	22.610339	0.0	1941625	14	4.3
1527736752.93	4300	24.917155	0.0	2157535	20	4.3
1527736753.05	4300	28.794641	0.0	2290172	13	4.3
1527736753.19	4300	32.655936	0.0	2055469	24	4.3
1527736753.32	4300	36.527354	0.0	2169201	13	4.3
1527736753.44	4300	40.402269	0.0	2173522	11	4.3
1527736753.57	4300	44.27701	0.0	2102452	12	4.3
1527736753.69	4300	48.15152	0.0	2209463	12	4.3
1527736753.84	4300	52.000358	0.0	2275376	36	4.3
1527736753.98	4300	55.866753	0.0	2005399	19	4.3
