1528179969.25	750	4	0.013	450283	3	-0.05589999999999995
1528179969.38	4300	7.951411	0.0	2123065	13	0.75
1528179969.48	4300	11.855165	0.0	2177073	23	4.3
1528179969.56	4300	15.774184	0.0	2160877	15	4.3
1528179969.66	4300	19.676296	0.0	2233056	26	4.3
1528179969.73	4300	23.606099	0.0	1941625	11	4.3
1528179969.82	4300	27.512013	0.0	2157535	19	4.3
1528179969.92	4300	31.420841	0.0	2290172	19	4.3
1528179970.01	4300	35.320214	0.0	2055469	24	4.3
1528179970.11	4300	39.223819	0.0	2169201	25	4.3
1528179970.21	4300	43.126809	0.0	2173522	22	4.3
1528179970.31	4300	47.02406	0.0	2102452	26	4.3
1528179970.41	4300	50.925755	0.0	2209463	25	4.3
1528179970.49	4300	54.847444	0.0	2275376	14	4.3
1528179970.58	4300	58.751439	0.0	2005399	22	4.3
1528179973.76	4300	59.748852	0.0	2152483	24	4.3
1528179977.45	4300	59.999274	0.0	2289689	27	4.3
1528179982.08	4300	59.498715	0.0	2059512	23	4.3
1528179985.69	4300	59.749112	0.0	2220726	23	4.3
1528179989.8	4300	59.7489	0.0	2156729	23	4.3
1528179993.41	4300	59.999476	0.0	2039773	22	4.3
1528179997.53	4300	59.99907	0.0	2176469	25	4.3
1528180001.63	4300	59.748758	0.0	2221506	24	4.3
1528180005.75	4300	59.748905	0.0	2044075	22	4.3
1528180009.36	4300	59.998898	0.0	2186790	24	4.3
1528180013.46	4300	59.999109	0.0	2105231	20	4.3
1528180017.56	4300	59.998949	0.0	2395588	23	4.3
1528180021.65	4300	59.748784	0.0	1972048	10	4.3
1528180025.75	4300	59.747906	0.0	2134614	23	4.3
1528180029.36	4300	59.998465	0.0	2164140	26	4.3
1528180033.47	4300	59.999243	0.0	2113193	24	4.3
1528180037.57	4300	59.99872	0.0	2147852	23	4.3
1528180041.68	4300	59.749356	0.0	2191074	25	4.3
1528180045.79	4300	59.749157	0.0	2286761	25	4.3
1528180049.4	4300	59.999155	0.0	2307787	25	4.3
1528180053.51	4300	59.997305	0.0	2143948	22	4.3
1528180057.62	4300	59.748033	0.0	1919781	18	4.3
1528180061.7	4300	59.748204	0.0	2147467	12	4.3
1528180065.81	4300	59.747821	0.0	2133870	21	4.3
1528180069.41	4300	59.998817	0.0	2146120	23	4.3
1528180073.52	4300	59.999297	0.0	2108491	20	4.3
1528180077.63	4300	59.748936	0.0	2184571	24	4.3
1528180081.74	4300	59.748512	0.0	2121928	26	4.3
1528180085.34	4300	59.997812	0.0	2219102	26	4.3
1528180089.45	4300	59.999112	0.0	2124950	23	4.3
1528180093.56	4300	59.998599	0.0	2246506	26	4.3
1528180097.66	4300	59.747989	0.0	1961140	21	4.3
1528180101.77	4300	59.748818	0.0	2155012	25	4.3
1528180103.37	4300	59.678725	0.0	1433658	18	4.3

1528180103.56	750	4	0.01	668286	3	-0.04300000000000004
1528180103.66	4300	7.958583	0.0	2123065	14	0.75
1528180103.76	4300	11.859304	0.0	2177073	24	4.3
1528180103.85	4300	15.764132	0.0	2160877	24	4.3
1528180103.93	4300	19.68892	0.0	2233056	13	4.3
1528180104.03	4300	23.588202	0.0	1941625	22	4.3
1528180104.12	4300	27.49958	0.0	2157535	13	4.3
1528180104.22	4300	31.400194	0.0	2290172	24	4.3
1528180104.31	4300	35.310491	0.0	2055469	20	4.3
1528180104.4	4300	39.220188	0.0	2169201	22	4.3
1528180104.48	4300	43.131048	0.0	2173522	22	4.3
1528180104.57	4300	47.042794	0.0	2102452	22	4.3
1528180104.67	4300	50.949189	0.0	2209463	22	4.3
1528180104.75	4300	54.868665	0.0	2275376	16	4.3
1528180104.84	4300	58.775871	0.0	2005399	24	4.3
1528180107.94	4300	59.748877	0.0	2152483	23	4.3
1528180112.06	4300	59.749413	0.0	2289689	27	4.3
1528180115.67	4300	59.998839	0.0	2059512	24	4.3
1528180119.77	4300	59.998102	0.0	2220726	23	4.3
1528180123.89	4300	59.748399	0.0	2156729	23	4.3
1528180128.0	4300	59.748488	0.0	2039773	22	4.3
1528180132.11	4300	59.749384	0.0	2176469	25	4.3
1528180135.78	4300	59.998767	0.0	2221506	24	4.3
1528180139.88	4300	59.74829	0.0	2044075	20	4.3
1528180143.99	4300	59.74768	0.0	2186790	24	4.3
1528180148.1	4300	59.749228	0.0	2105231	23	4.3
1528180151.71	4300	59.997869	0.0	2395588	26	4.3
1528180155.81	4300	59.998252	0.0	1972048	20	4.3
1528180159.92	4300	59.74887	0.0	2134614	24	4.3
1528180164.03	4300	59.748005	0.0	2164140	25	4.3
1528180167.64	4300	59.999149	0.0	2113193	24	4.3
1528180171.74	4300	59.999403	0.0	2147852	21	4.3
1528180175.85	4300	59.999039	0.0	2191074	23	4.3
1528180179.96	4300	59.749431	0.0	2286761	23	4.3
1528180184.06	4300	59.749003	0.0	2307787	25	4.3
1528180187.67	4300	59.999471	0.0	2143948	25	4.3
1528180191.78	4300	59.99831	0.0	1919781	22	4.3
1528180195.9	4300	59.74926	0.0	2147467	24	4.3
1528180200.01	4300	59.748583	0.0	2133870	21	4.3
1528180204.11	4300	59.748339	0.0	2146120	24	4.3
1528180207.72	4300	59.998018	0.0	2108491	24	4.3
1528180211.82	4300	59.998987	0.0	2184571	22	4.3
1528180216.06	4300	59.749253	0.0	2121928	23	4.3
1528180219.66	4300	59.998419	0.0	2219102	20	4.3
1528180223.78	4300	59.999111	0.0	2124950	24	4.3
1528180227.93	4300	59.748363	0.0	2246506	24	4.3
1528180232.08	4300	59.748869	0.0	1961140	21	4.3
1528180235.68	4300	59.998681	0.0	2155012	23	4.3
1528180237.77	4300	59.678911	0.0	1433658	15	4.3

1528180237.96	750	4	0.021	668286	2	-0.09030000000000005
1528180238.04	4300	7.979163	0.0	2123065	6	0.75
1528180238.14	4300	11.881449	0.0	2177073	23	4.3
1528180238.23	4300	15.786292	0.0	2160877	22	4.3
1528180238.33	4300	19.68752	0.0	2233056	18	4.3
1528180238.41	4300	23.607398	0.0	1941625	15	4.3
1528180238.5	4300	27.51052	0.0	2157535	23	4.3
1528180238.58	4300	31.434453	0.0	2290172	12	4.3
1528180238.64	4300	35.370049	0.0	2055469	8	4.3
1528180238.71	4300	39.30589	0.0	2169201	8	4.3
1528180238.8	4300	43.212703	0.0	2173522	18	4.3
1528180238.9	4300	47.115317	0.0	2102452	19	4.3
1528180238.99	4300	51.022663	0.0	2209463	18	4.3
1528180239.1	4300	54.919687	0.0	2275376	28	4.3
1528180239.19	4300	58.828846	0.0	2005399	24	4.3
1528180242.29	4300	59.749087	0.0	2152483	12	4.3
1528180246.41	4300	59.747875	0.0	2289689	27	4.3
1528180250.52	4300	59.748602	0.0	2059512	24	4.3
1528180254.13	4300	59.999311	0.0	2220726	24	4.3
1528180258.73	4300	59.499393	0.0	2156729	21	4.3
1528180262.35	4300	59.74822	0.0	2039773	22	4.3
1528180266.46	4300	59.749585	0.0	2176469	21	4.3
1528180270.06	4300	59.999026	0.0	2221506	22	4.3
