1527688227.23	750	4	0.01	450283	2	-0.04300000000000004
1527688227.37	4300	7.949736	0.0	2123065	13	0.75
1527688227.46	4300	11.852993	0.0	2177073	24	4.3
1527688227.55	4300	15.772668	0.0	2160877	15	4.3
1527688227.65	4300	19.671719	0.0	2233056	25	4.3
1527688227.72	4300	23.598844	0.0	1941625	11	4.3
1527688227.81	4300	27.512888	0.0	2157535	15	4.3
1527688227.91	4300	31.406627	0.0	2290172	22	4.3
1527688228.0	4300	35.321223	0.0	2055469	18	4.3
1527688228.1	4300	39.222229	0.0	2169201	25	4.3
1527688228.18	4300	43.138889	0.0	2173522	15	4.3
1527688228.27	4300	47.04175	0.0	2102452	22	4.3
1527688228.35	4300	50.967612	0.0	2209463	12	4.3
1527688228.44	4300	54.87671	0.0	2275376	21	4.3
1527688228.54	4300	58.77699	0.0	2005399	22	4.3
1527688231.66	4300	59.748929	0.0	2152483	26	4.3
1527688235.77	4300	59.749415	0.0	2289689	25	4.3
1527688239.88	4300	59.499552	0.0	2059512	21	4.3
1527688243.49	4300	59.999287	0.0	2220726	25	4.3
1527688247.6	4300	59.747706	0.0	2156729	24	4.3
1527688251.71	4300	59.748735	0.0	2039773	22	4.3
1527688255.81	4300	59.748917	0.0	2176469	25	4.3
1527688259.42	4300	59.998943	0.0	2221506	26	4.3
1527688263.52	4300	59.998886	0.0	2044075	22	4.3
1527688267.63	4300	59.748061	0.0	2186790	23	4.3
1527688271.74	4300	59.749629	0.0	2105231	25	4.3
1527688275.35	4300	59.998034	0.0	2395588	28	4.3
1527688279.48	4300	59.999177	0.0	1972048	23	4.3
1527688283.59	4300	59.748529	0.0	2134614	25	4.3
1527688287.7	4300	59.748374	0.0	2164140	25	4.3
1527688291.81	4300	59.748913	0.0	2113193	24	4.3
1527688295.92	4300	59.499755	0.0	2147852	26	4.3
1527688300.03	4300	59.498199	0.0	2191074	25	4.3
1527688303.64	4300	59.748039	0.0	2286761	26	4.3
1527688307.74	4300	59.748003	0.0	2307787	22	4.3
1527688311.36	4300	59.999483	0.0	2143948	28	4.3
1527688315.46	4300	59.99938	0.0	1919781	18	4.3
1527688319.57	4300	59.999321	0.0	2147467	23	4.3
1527688323.67	4300	59.749666	0.0	2133870	23	4.3
1527688327.78	4300	59.748818	0.0	2146120	24	4.3
1527688331.39	4300	59.998385	0.0	2108491	22	4.3
1527688335.5	4300	59.999301	0.0	2184571	22	4.3
1527688339.6	4300	59.749137	0.0	2121928	23	4.3
1527688343.72	4300	59.748599	0.0	2219102	27	4.3
1527688347.32	4300	59.999354	0.0	2124950	20	4.3
1527688351.43	4300	59.998902	0.0	2246506	23	4.3
1527688356.04	4300	59.497874	0.0	1961140	21	4.3
1527688359.77	4300	59.749029	0.0	2155012	27	4.3
1527688361.37	4300	59.679568	0.0	1433658	16	4.3

1527688361.64	750	4	0.016	668286	4	-0.06879999999999997
1527688361.75	4300	7.949883	0.0	2123065	22	0.75
1527688361.85	4300	11.853665	0.0	2177073	23	4.3
1527688361.94	4300	15.762165	0.0	2160877	20	4.3
1527688362.04	4300	19.666048	0.0	2233056	17	4.3
1527688362.11	4300	23.594039	0.0	1941625	7	4.3
1527688362.18	4300	27.527258	0.0	2157535	8	4.3
1527688362.26	4300	31.440701	0.0	2290172	21	4.3
1527688362.33	4300	35.37218	0.0	2055469	9	4.3
1527688362.42	4300	39.282493	0.0	2169201	20	4.3
1527688362.51	4300	43.191984	0.0	2173522	19	4.3
1527688362.6	4300	47.104259	0.0	2102452	18	4.3
1527688362.69	4300	51.012669	0.0	2209463	18	4.3
1527688362.78	4300	54.925067	0.0	2275376	17	4.3
1527688362.86	4300	58.839546	0.0	2005399	19	4.3
1527688365.98	4300	59.748819	0.0	2152483	21	4.3
1527688370.08	4300	59.748371	0.0	2289689	25	4.3
1527688374.19	4300	59.748885	0.0	2059512	23	4.3
1527688377.8	4300	59.999011	0.0	2220726	25	4.3
1527688381.91	4300	59.997662	0.0	2156729	22	4.3
1527688386.01	4300	59.748535	0.0	2039773	19	4.3
1527688390.12	4300	59.749588	0.0	2176469	25	4.3
1527688393.73	4300	59.999353	0.0	2221506	28	4.3
1527688398.33	4300	59.498265	0.0	2044075	22	4.3
1527688401.93	4300	59.999313	0.0	2186790	20	4.3
1527688406.03	4300	59.748472	0.0	2105231	20	4.3
1527688410.14	4300	59.748831	0.0	2395588	22	4.3
1527688413.73	4300	59.999366	0.0	1972048	14	4.3
1527688418.34	4300	59.499166	0.0	2134614	24	4.3
1527688422.46	4300	59.499183	0.0	2164140	26	4.3
1527688426.06	4300	59.748034	0.0	2113193	22	4.3
1527688430.17	4300	59.749581	0.0	2147852	25	4.3
1527688433.78	4300	59.999471	0.0	2191074	25	4.3
1527688438.39	4300	59.499136	0.0	2286761	23	4.3
1527688442.0	4300	59.749247	0.0	2307787	27	4.3
1527688446.11	4300	59.747678	0.0	2143948	19	4.3
1527688449.76	4300	59.998031	0.0	1919781	22	4.3
1527688453.87	4300	59.99916	0.0	2147467	22	4.3
1527688457.98	4300	59.749273	0.0	2133870	24	4.3
1527688462.09	4300	59.748578	0.0	2146120	23	4.3
1527688466.2	4300	59.749431	0.0	2108491	24	4.3
1527688469.81	4300	59.998838	0.0	2184571	23	4.3
1527688474.42	4300	59.498324	0.0	2121928	22	4.3
1527688478.03	4300	59.74956	0.0	2219102	24	4.3
1527688482.14	4300	59.748928	0.0	2124950	24	4.3
1527688485.75	4300	59.998888	0.0	2246506	26	4.3
1527688490.35	4300	59.499632	0.0	1961140	19	4.3
1527688493.96	4300	59.747705	0.0	2155012	25	4.3
1527688495.55	4300	59.929013	0.0	1433658	16	4.3

1527688496.0	750	4	0.017	668286	2	-0.07309999999999994
1527688496.11	4300	7.949907	0.0	2123065	18	0.75
1527688496.21	4300	11.848783	0.0	2177073	23	4.3
1527688496.32	4300	15.761578	0.0	2160877	14	4.3
1527688496.42	4300	19.635952	0.0	2233056	25	4.3
1527688496.49	4300	23.567826	0.0	1941625	10	4.3
1527688496.58	4300	27.475053	0.0	2157535	18	4.3
1527688496.66	4300	31.393952	0.0	2290172	16	4.3
1527688496.74	4300	35.314413	0.0	2055469	14	4.3
1527688496.84	4300	39.217944	0.0	2169201	24	4.3
1527688496.91	4300	43.143944	0.0	2173522	12	4.3
1527688497.0	4300	47.055044	0.0	2102452	19	4.3
1527688497.09	4300	50.967204	0.0	2209463	18	4.3
1527688497.18	4300	54.877633	0.0	2275376	19	4.3
1527688497.27	4300	58.788712	0.0	2005399	17	4.3
1527688500.37	4300	59.749341	0.0	2152483	18	4.3
1527688504.48	4300	59.748744	0.0	2289689	26	4.3
1527688508.09	4300	59.998869	0.0	2059512	24	4.3
1527688512.19	4300	59.999248	0.0	2220726	25	4.3
1527688516.8	4300	59.497632	0.0	2156729	23	4.3
1527688520.4	4300	59.749004	0.0	2039773	17	4.3
1527688524.5	4300	59.747824	0.0	2176469	18	4.3
1527688528.61	4300	59.498751	0.0	2221506	22	4.3
1527688532.22	4300	59.998759	0.0	2044075	22	4.3
1527688536.33	4300	59.74917	0.0	2186790	19	4.3
1527688540.43	4300	59.748961	0.0	2105231	22	4.3
1527688544.54	4300	59.749179	0.0	2395588	26	4.3
1527688548.13	4300	59.999433	0.0	1972048	12	4.3
1527688552.23	4300	59.998939	0.0	2134614	19	4.3
1527688556.33	4300	59.748512	0.0	2164140	21	4.3
1527688560.44	4300	59.749467	0.0	2113193	23	4.3
1527688564.55	4300	59.74925	0.0	2147852	23	4.3
1527688568.66	4300	59.497767	0.0	2191074	24	4.3
