1528228759.52	750	4	0.025	2354772	10	-0.10750000000000004
1528228759.58	4300	7.985794	0.0	2123065	6	0.75
1528228759.65	4300	11.923868	0.0	2177073	8	4.3
1528228759.73	4300	15.839496	0.0	2160877	17	4.3
1528228759.83	4300	19.738783	0.0	2233056	26	4.3
1528228759.92	4300	23.647917	0.0	1941625	18	4.3
1528228760.01	4300	27.558716	0.0	2157535	23	4.3
1528228760.11	4300	31.465067	0.0	2290172	22	4.3
1528228760.2	4300	35.373507	0.0	2055469	18	4.3
1528228760.3	4300	39.27341	0.0	2169201	25	4.3
1528228760.4	4300	43.174166	0.0	2173522	25	4.3
1528228760.49	4300	47.080331	0.0	2102452	25	4.3
1528228760.57	4300	51.006008	0.0	2209463	13	4.3
1528228760.68	4300	54.88976	0.0	2275376	26	4.3
1528228760.8	4300	58.788643	0.0	2005399	24	4.3
1528228763.91	4300	59.748841	0.0	2152483	26	4.3
1528228768.03	4300	59.748043	0.0	2289689	22	4.3
1528228771.65	4300	59.999393	0.0	2059512	24	4.3
1528228775.79	4300	59.998822	0.0	2220726	26	4.3
1528228779.92	4300	59.749323	0.0	2156729	28	4.3
1528228784.03	4300	59.749598	0.0	2039773	26	4.3
1528228787.64	4300	59.998649	0.0	2176469	24	4.3
1528228791.74	4300	59.99855	0.0	2221506	25	4.3
1528228795.86	4300	59.749525	0.0	2044075	24	4.3
1528228800.0	4300	59.749286	0.0	2186790	22	4.3
1528228803.61	4300	59.998337	0.0	2105231	19	4.3
1528228807.73	4300	59.999153	0.0	2395588	25	4.3
1528228811.85	4300	59.747815	0.0	1972048	24	4.3
1528228815.96	4300	59.748051	0.0	2134614	25	4.3
1528228820.07	4300	59.730725	0.0	2164140	25	4.3
1528228823.68	4300	59.998049	0.0	2113193	24	4.3
1528228827.79	4300	59.999488	0.0	2147852	20	4.3
1528228831.89	4300	59.748941	0.0	2191074	20	4.3
1528228836.0	4300	59.748405	0.0	2286761	23	4.3
1528228839.61	4300	59.997968	0.0	2307787	24	4.3
1528228844.22	4300	59.499453	0.0	2143948	12	4.3
1528228847.82	4300	59.997589	0.0	1919781	22	4.3
1528228851.91	4300	59.74793	0.0	2147467	14	4.3
1528228856.02	4300	59.747799	0.0	2133870	19	4.3
1528228859.62	4300	59.997816	0.0	2146120	14	4.3
1528228863.72	4300	59.998507	0.0	2108491	22	4.3
1528228867.83	4300	59.749243	0.0	2184571	23	4.3
1528228871.94	4300	59.749449	0.0	2121928	22	4.3
1528228876.13	4300	59.749027	0.0	2219102	27	4.3
1528228879.74	4300	59.998771	0.0	2124950	28	4.3
1528228883.85	4300	59.748464	0.0	2246506	26	4.3
1528228887.95	4300	59.749072	0.0	1961140	25	4.3
1528228892.04	4300	59.749366	0.0	2155012	11	4.3
1528228893.67	4300	59.679047	0.0	1433658	16	4.3

1528228893.88	750	4	0.028	2354772	8	-0.12039999999999995
1528228893.97	4300	7.964568	0.0	2123065	20	0.75
1528228894.07	4300	11.86578	0.0	2177073	24	4.3
1528228894.17	4300	15.767597	0.0	2160877	23	4.3
1528228894.26	4300	19.673153	0.0	2233056	22	4.3
1528228894.35	4300	23.584235	0.0	1941625	18	4.3
1528228894.44	4300	27.49318	0.0	2157535	27	4.3
1528228894.54	4300	31.399513	0.0	2290172	23	4.3
1528228894.63	4300	35.31062	0.0	2055469	19	4.3
1528228894.72	4300	39.221183	0.0	2169201	21	4.3
1528228894.82	4300	43.114383	0.0	2173522	25	4.3
1528228894.92	4300	47.016224	0.0	2102452	25	4.3
1528228895.0	4300	50.936122	0.0	2209463	14	4.3
1528228895.12	4300	54.821277	0.0	2275376	25	4.3
1528228895.22	4300	58.721077	0.0	2005399	24	4.3
1528228898.3	4300	59.748433	0.0	2152483	13	4.3
1528228902.41	4300	59.749259	0.0	2289689	26	4.3
1528228906.02	4300	59.997433	0.0	2059512	26	4.3
1528228910.12	4300	59.998679	0.0	2220726	23	4.3
1528228914.23	4300	59.748841	0.0	2156729	25	4.3
1528228918.34	4300	59.749208	0.0	2039773	23	4.3
1528228921.95	4300	59.998916	0.0	2176469	26	4.3
1528228926.06	4300	59.997834	0.0	2221506	23	4.3
1528228930.16	4300	59.998494	0.0	2044075	23	4.3
1528228934.28	4300	59.748701	0.0	2186790	24	4.3
1528228938.39	4300	59.74776	0.0	2105231	27	4.3
1528228942.0	4300	59.99916	0.0	2395588	24	4.3
1528228946.1	4300	59.999035	0.0	1972048	20	4.3
1528228950.25	4300	59.748428	0.0	2134614	26	4.3
1528228954.37	4300	59.748892	0.0	2164140	25	4.3
1528228957.98	4300	59.999176	0.0	2113193	25	4.3
1528228962.09	4300	59.999262	0.0	2147852	24	4.3
1528228966.2	4300	59.748676	0.0	2191074	25	4.3
1528228970.31	4300	59.748416	0.0	2286761	27	4.3
1528228974.42	4300	59.748989	0.0	2307787	26	4.3
1528228978.03	4300	59.999335	0.0	2143948	25	4.3
1528228982.13	4300	59.999286	0.0	1919781	21	4.3
1528228986.24	4300	59.748074	0.0	2147467	25	4.3
1528228990.35	4300	59.748586	0.0	2133870	25	4.3
1528228993.95	4300	59.998833	0.0	2146120	24	4.3
1528228998.06	4300	59.998114	0.0	2108491	26	4.3
1528229002.17	4300	59.998801	0.0	2184571	26	4.3
1528229006.28	4300	59.748016	0.0	2121928	25	4.3
1528229010.37	4300	59.747682	0.0	2219102	11	4.3
1528229013.98	4300	59.998261	0.0	2124950	22	4.3
1528229018.09	4300	59.998445	0.0	2246506	27	4.3
1528229022.2	4300	59.748512	0.0	1961140	23	4.3
1528229026.32	4300	59.748778	0.0	2155012	24	4.3
1528229027.91	4300	59.929262	0.0	1433658	18	4.3

1528229028.13	750	4	0.027	2354772	6	-0.11609999999999998
1528229028.22	4300	7.913591	0.0	2123065	18	0.75
1528229028.31	4300	11.822665	0.0	2177073	19	4.3
1528229028.41	4300	15.727156	0.0	2160877	24	4.3
1528229028.51	4300	19.622389	0.0	2233056	25	4.3
1528229028.59	4300	23.544056	0.0	1941625	13	4.3
1528229028.7	4300	27.429814	0.0	2157535	28	4.3
1528229028.8	4300	31.339123	0.0	2290172	21	4.3
1528229028.88	4300	35.250559	0.0	2055469	17	4.3
1528229028.99	4300	39.146579	0.0	2169201	27	4.3
1528229029.09	4300	43.048642	0.0	2173522	27	4.3
1528229029.18	4300	46.956991	0.0	2102452	23	4.3
1528229029.27	4300	50.862928	0.0	2209463	23	4.3
1528229029.36	4300	54.771013	0.0	2275376	21	4.3
1528229029.45	4300	58.682949	0.0	2005399	21	4.3
1528229032.55	4300	59.749271	0.0	2152483	21	4.3
1528229036.17	4300	59.99916	0.0	2289689	30	4.3
1528229040.27	4300	59.999374	0.0	2059512	20	4.3
1528229044.38	4300	59.999261	0.0	2220726	23	4.3
1528229048.54	4300	59.748222	0.0	2156729	25	4.3
1528229052.15	4300	59.998755	0.0	2039773	25	4.3
1528229056.34	4300	59.998474	0.0	2176469	25	4.3
1528229060.45	4300	59.749311	0.0	2221506	17	4.3
1528229064.56	4300	59.74943	0.0	2044075	22	4.3
