1528162611.84	750	4	0.03	2354772	10	-0.129
1528162611.97	4300	7.956998	0.0	2123065	23	0.75
1528162612.07	4300	11.858482	0.0	2177073	21	4.3
1528162612.17	4300	15.760541	0.0	2160877	23	4.3
1528162612.26	4300	19.66477	0.0	2233056	22	4.3
1528162612.36	4300	23.565429	0.0	1941625	22	4.3
1528162612.45	4300	27.47829	0.0	2157535	15	4.3
1528162612.54	4300	31.382312	0.0	2290172	21	4.3
1528162612.64	4300	35.29242	0.0	2055469	24	4.3
1528162612.73	4300	39.19815	0.0	2169201	23	4.3
1528162612.82	4300	43.108472	0.0	2173522	22	4.3
1528162612.91	4300	47.01366	0.0	2102452	21	4.3
1528162612.99	4300	50.933725	0.0	2209463	14	4.3
1528162613.1	4300	54.824154	0.0	2275376	23	4.3
1528162613.2	4300	58.724645	0.0	2005399	24	4.3
1528162616.3	4300	59.748636	0.0	2152483	24	4.3
1528162620.41	4300	59.749155	0.0	2289689	19	4.3
1528162624.01	4300	59.999448	0.0	2059512	19	4.3
1528162628.13	4300	59.998891	0.0	2220726	24	4.3
1528162632.24	4300	59.748964	0.0	2156729	23	4.3
1528162636.35	4300	59.749301	0.0	2039773	22	4.3
1528162639.96	4300	59.998921	0.0	2176469	26	4.3
1528162644.07	4300	59.998992	0.0	2221506	25	4.3
1528162648.18	4300	59.998846	0.0	2044075	23	4.3
1528162652.39	4300	59.748262	0.0	2186790	22	4.3
1528162656.04	4300	59.999102	0.0	2105231	19	4.3
1528162660.15	4300	59.999224	0.0	2395588	26	4.3
1528162664.25	4300	59.748691	0.0	1972048	22	4.3
1528162668.36	4300	59.749293	0.0	2134614	24	4.3
1528162671.97	4300	59.998747	0.0	2164140	25	4.3
1528162676.08	4300	59.998957	0.0	2113193	23	4.3
1528162680.19	4300	59.748892	0.0	2147852	24	4.3
1528162684.3	4300	59.748799	0.0	2191074	23	4.3
1528162688.41	4300	59.747617	0.0	2286761	25	4.3
1528162692.02	4300	59.999067	0.0	2307787	27	4.3
1528162696.13	4300	59.998843	0.0	2143948	21	4.3
1528162700.23	4300	59.748828	0.0	1919781	21	4.3
1528162704.34	4300	59.748474	0.0	2147467	27	4.3
1528162707.95	4300	59.998925	0.0	2133870	23	4.3
1528162712.05	4300	59.99773	0.0	2146120	23	4.3
1528162716.16	4300	59.998832	0.0	2108491	24	4.3
1528162720.27	4300	59.747986	0.0	2184571	25	4.3
1528162724.37	4300	59.748812	0.0	2121928	23	4.3
1528162727.98	4300	59.997964	0.0	2219102	23	4.3
1528162732.09	4300	59.998613	0.0	2124950	22	4.3
1528162736.2	4300	59.748682	0.0	2246506	24	4.3
1528162740.31	4300	59.74945	0.0	1961140	20	4.3
1528162744.4	4300	59.747629	0.0	2155012	11	4.3
1528162745.99	4300	59.678954	0.0	1433658	16	4.3

1528162746.19	750	4	0.021	668286	3	-0.09030000000000005
1528162746.28	4300	7.962464	0.0	2123065	16	0.75
1528162746.38	4300	11.866964	0.0	2177073	22	4.3
1528162746.47	4300	15.770727	0.0	2160877	22	4.3
1528162746.57	4300	19.680296	0.0	2233056	18	4.3
1528162746.66	4300	23.58935	0.0	1941625	18	4.3
1528162746.73	4300	27.510838	0.0	2157535	15	4.3
1528162746.8	4300	31.441441	0.0	2290172	9	4.3
1528162746.9	4300	35.349394	0.0	2055469	17	4.3
1528162747.0	4300	39.244418	0.0	2169201	24	4.3
1528162747.1	4300	43.147607	0.0	2173522	24	4.3
1528162747.18	4300	47.067135	0.0	2102452	14	4.3
1528162747.28	4300	50.968726	0.0	2209463	27	4.3
1528162747.38	4300	54.866819	0.0	2275376	25	4.3
1528162747.48	4300	58.769152	0.0	2005399	22	4.3
1528162750.6	4300	59.749156	0.0	2152483	26	4.3
1528162754.72	4300	59.747623	0.0	2289689	30	4.3
1528162758.32	4300	59.998559	0.0	2059512	22	4.3
1528162762.43	4300	59.9991	0.0	2220726	21	4.3
1528162766.54	4300	59.748148	0.0	2156729	22	4.3
1528162770.64	4300	59.748515	0.0	2039773	21	4.3
1528162774.25	4300	59.999235	0.0	2176469	22	4.3
1528162778.36	4300	59.999258	0.0	2221506	22	4.3
1528162782.46	4300	59.997601	0.0	2044075	20	4.3
1528162786.57	4300	59.749467	0.0	2186790	24	4.3
1528162790.69	4300	59.748454	0.0	2105231	23	4.3
1528162794.79	4300	59.499561	0.0	2395588	23	4.3
1528162798.4	4300	59.998942	0.0	1972048	21	4.3
1528162802.51	4300	59.749004	0.0	2134614	22	4.3
1528162806.61	4300	59.749075	0.0	2164140	22	4.3
1528162810.72	4300	59.748784	0.0	2113193	23	4.3
1528162814.83	4300	59.497797	0.0	2147852	26	4.3
1528162818.44	4300	59.999125	0.0	2191074	25	4.3
1528162822.55	4300	59.749484	0.0	2286761	26	4.3
1528162826.65	4300	59.748279	0.0	2307787	25	4.3
1528162830.26	4300	59.998832	0.0	2143948	24	4.3
1528162834.37	4300	59.997786	0.0	1919781	20	4.3
1528162838.48	4300	59.998918	0.0	2147467	23	4.3
1528162842.59	4300	59.74938	0.0	2133870	22	4.3
1528162846.71	4300	59.749186	0.0	2146120	24	4.3
1528162850.81	4300	59.499303	0.0	2108491	18	4.3
1528162854.41	4300	59.999448	0.0	2184571	23	4.3
1528162858.52	4300	59.749164	0.0	2121928	19	4.3
1528162862.63	4300	59.748618	0.0	2219102	25	4.3
1528162866.73	4300	59.671988	0.0	2124950	25	4.3
1528162870.35	4300	59.999298	0.0	2246506	24	4.3
1528162874.45	4300	59.998774	0.0	1961140	17	4.3
1528162878.55	4300	59.749025	0.0	2155012	22	4.3
1528162880.15	4300	59.928301	0.0	1433658	14	4.3

1528162880.32	750	4	0.02	668286	5	-0.08599999999999997
1528162880.4	4300	7.978708	0.0	2123065	7	0.75
1528162880.49	4300	11.887582	0.0	2177073	22	4.3
1528162880.59	4300	15.785911	0.0	2160877	19	4.3
1528162880.69	4300	19.682171	0.0	2233056	28	4.3
1528162880.77	4300	23.606774	0.0	1941625	11	4.3
1528162880.83	4300	27.540009	0.0	2157535	8	4.3
1528162880.9	4300	31.474187	0.0	2290172	8	4.3
1528162880.97	4300	35.409709	0.0	2055469	8	4.3
1528162881.11	4300	39.313233	0.0	2169201	18	4.3
1528162881.21	4300	43.170391	0.0	2173522	20	4.3
1528162881.28	4300	47.091152	0.0	2102452	14	4.3
1528162881.35	4300	51.022623	0.0	2209463	10	4.3
1528162881.45	4300	54.927839	0.0	2275376	19	4.3
1528162881.54	4300	58.840203	0.0	2005399	21	4.3
