1528191104.25	750	4	0.025	2354772	10	-0.10750000000000004
1528191104.33	4300	7.963674	0.0	2123065	23	0.75
1528191104.42	4300	11.874372	0.0	2177073	26	4.3
1528191104.5	4300	15.797605	0.0	2160877	14	4.3
1528191104.6	4300	19.695542	0.0	2233056	24	4.3
1528191104.69	4300	23.607562	0.0	1941625	22	4.3
1528191104.78	4300	27.513055	0.0	2157535	26	4.3
1528191104.88	4300	31.421974	0.0	2290172	27	4.3
1528191104.97	4300	35.331682	0.0	2055469	24	4.3
1528191105.04	4300	39.260083	0.0	2169201	12	4.3
1528191105.13	4300	43.171175	0.0	2173522	18	4.3
1528191105.23	4300	47.069262	0.0	2102452	27	4.3
1528191105.33	4300	50.97045	0.0	2209463	28	4.3
1528191105.44	4300	54.85841	0.0	2275376	22	4.3
1528191105.5	4300	58.795952	0.0	2005399	6	4.3
1528191108.59	4300	59.749428	0.0	2152483	14	4.3
1528191112.7	4300	59.749258	0.0	2289689	26	4.3
1528191116.31	4300	59.998897	0.0	2059512	25	4.3
1528191120.41	4300	59.998989	0.0	2220726	24	4.3
1528191124.52	4300	59.998752	0.0	2156729	24	4.3
1528191128.62	4300	59.749426	0.0	2039773	21	4.3
1528191132.74	4300	59.749285	0.0	2176469	27	4.3
1528191136.34	4300	59.998515	0.0	2221506	28	4.3
1528191140.95	4300	59.498595	0.0	2044075	24	4.3
1528191144.55	4300	59.748802	0.0	2186790	19	4.3
1528191148.66	4300	59.748553	0.0	2105231	24	4.3
1528191152.78	4300	59.749061	0.0	2395588	28	4.3
1528191156.37	4300	59.999493	0.0	1972048	12	4.3
1528191160.49	4300	59.998471	0.0	2134614	24	4.3
1528191164.6	4300	59.747865	0.0	2164140	25	4.3
1528191168.71	4300	59.747939	0.0	2113193	23	4.3
1528191172.32	4300	59.998398	0.0	2147852	26	4.3
1528191176.92	4300	59.499425	0.0	2191074	25	4.3
1528191180.54	4300	59.999353	0.0	2286761	26	4.3
1528191184.65	4300	59.74944	0.0	2307787	25	4.3
1528191188.75	4300	59.74787	0.0	2143948	24	4.3
1528191192.36	4300	59.997993	0.0	1919781	24	4.3
1528191196.46	4300	59.998274	0.0	2147467	24	4.3
1528191200.57	4300	59.749185	0.0	2133870	24	4.3
1528191204.68	4300	59.74892	0.0	2146120	25	4.3
1528191208.79	4300	59.748531	0.0	2108491	24	4.3
1528191212.4	4300	59.999445	0.0	2184571	26	4.3
1528191217.01	4300	59.499029	0.0	2121928	23	4.3
1528191220.62	4300	59.748008	0.0	2219102	26	4.3
1528191224.72	4300	59.68912	0.0	2124950	24	4.3
1528191228.33	4300	59.998072	0.0	2246506	25	4.3
1528191232.43	4300	59.998922	0.0	1961140	23	4.3
1528191236.53	4300	59.998713	0.0	2155012	25	4.3
1528191238.11	4300	59.92937	0.0	1433658	12	4.3

1528191238.31	750	4	0.024	2354772	8	-0.10319999999999996
1528191238.37	4300	7.987499	0.0	2123065	8	0.75
1528191238.46	4300	11.8923	0.0	2177073	24	4.3
1528191238.53	4300	15.820697	0.0	2160877	12	4.3
1528191238.63	4300	19.725719	0.0	2233056	23	4.3
1528191238.73	4300	23.630586	0.0	1941625	21	4.3
1528191238.82	4300	27.533638	0.0	2157535	26	4.3
1528191238.9	4300	31.457842	0.0	2290172	12	4.3
1528191238.98	4300	35.371624	0.0	2055469	18	4.3
1528191239.08	4300	39.283177	0.0	2169201	22	4.3
1528191239.15	4300	43.201871	0.0	2173522	16	4.3
1528191239.22	4300	47.136604	0.0	2102452	8	4.3
1528191239.3	4300	51.05197	0.0	2209463	21	4.3
1528191239.37	4300	54.98286	0.0	2275376	11	4.3
1528191239.47	4300	58.891674	0.0	2005399	20	4.3
1528191242.57	4300	59.99869	0.0	2152483	24	4.3
1528191246.68	4300	59.748582	0.0	2289689	27	4.3
1528191250.8	4300	59.749635	0.0	2059512	36	4.3
1528191254.4	4300	59.998811	0.0	2220726	23	4.3
1528191258.55	4300	59.997799	0.0	2156729	20	4.3
1528191262.78	4300	59.74882	0.0	2039773	15	4.3
1528191266.46	4300	59.999451	0.0	2176469	19	4.3
1528191270.57	4300	59.997665	0.0	2221506	22	4.3
1528191274.67	4300	59.748637	0.0	2044075	24	4.3
1528191278.78	4300	59.74907	0.0	2186790	25	4.3
1528191282.39	4300	59.997987	0.0	2105231	25	4.3
1528191286.49	4300	59.999204	0.0	2395588	26	4.3
1528191290.6	4300	59.997893	0.0	1972048	23	4.3
1528191294.71	4300	59.748832	0.0	2134614	24	4.3
1528191298.83	4300	59.630765	0.0	2164140	26	4.3
1528191302.43	4300	59.998108	0.0	2113193	24	4.3
1528191306.55	4300	59.99949	0.0	2147852	26	4.3
1528191310.67	4300	59.74906	0.0	2191074	25	4.3
1528191314.78	4300	59.748764	0.0	2286761	29	4.3
1528191318.39	4300	59.999375	0.0	2307787	28	4.3
1528191322.49	4300	59.999407	0.0	2143948	24	4.3
1528191326.6	4300	59.997641	0.0	1919781	21	4.3
1528191330.71	4300	59.749441	0.0	2147467	27	4.3
1528191334.82	4300	59.748239	0.0	2133870	25	4.3
1528191338.4	4300	59.999075	0.0	2146120	11	4.3
1528191342.51	4300	59.998013	0.0	2108491	23	4.3
1528191346.61	4300	59.749297	0.0	2184571	24	4.3
1528191350.83	4300	59.748769	0.0	2121928	23	4.3
1528191354.44	4300	59.999109	0.0	2219102	19	4.3
1528191358.55	4300	59.999403	0.0	2124950	26	4.3
1528191362.66	4300	59.748711	0.0	2246506	29	4.3
1528191366.77	4300	59.749276	0.0	1961140	22	4.3
1528191370.38	4300	59.9992	0.0	2155012	27	4.3
1528191372.47	4300	59.679116	0.0	1433658	18	4.3

1528191372.69	750	4	0.023	2354772	9	-0.09889999999999999
1528191372.76	4300	7.978483	0.0	2123065	16	0.75
1528191372.86	4300	11.878585	0.0	2177073	26	4.3
1528191372.95	4300	15.780808	0.0	2160877	24	4.3
1528191373.03	4300	19.70691	0.0	2233056	14	4.3
1528191373.12	4300	23.621162	0.0	1941625	18	4.3
1528191373.2	4300	27.532558	0.0	2157535	20	4.3
1528191373.3	4300	31.441785	0.0	2290172	22	4.3
1528191373.38	4300	35.351894	0.0	2055469	19	4.3
1528191373.48	4300	39.261976	0.0	2169201	22	4.3
1528191373.57	4300	43.168332	0.0	2173522	21	4.3
1528191373.66	4300	47.07565	0.0	2102452	20	4.3
1528191373.76	4300	50.973092	0.0	2209463	25	4.3
1528191373.86	4300	54.877452	0.0	2275376	27	4.3
1528191373.94	4300	58.801004	0.0	2005399	12	4.3
1528191377.04	4300	59.748551	0.0	2152483	27	4.3
1528191381.15	4300	59.749255	0.0	2289689	22	4.3
1528191384.76	4300	59.99918	0.0	2059512	24	4.3
