1528167403.4	750	4	0.015	450283	2	-0.0645
1528167403.55	4300	7.954303	0.0	2123065	17	0.75
1528167403.69	4300	11.815616	0.0	2177073	24	4.3
1528167403.84	4300	15.669153	0.0	2160877	23	4.3
1528167403.99	4300	19.520614	0.0	2233056	24	4.3
1528167404.12	4300	23.388511	0.0	1941625	17	4.3
1528167404.27	4300	27.242628	0.0	2157535	23	4.3
1528167404.41	4300	31.094608	0.0	2290172	27	4.3
1528167404.56	4300	34.950434	0.0	2055469	24	4.3
1528167404.7	4300	38.801363	0.0	2169201	25	4.3
1528167404.84	4300	42.665777	0.0	2173522	17	4.3
1528167404.98	4300	46.525424	0.0	2102452	25	4.3
1528167405.12	4300	50.391253	0.0	2209463	17	4.3
1528167405.25	4300	54.251691	0.0	2275376	23	4.3
1528167405.4	4300	58.107309	0.0	2005399	22	4.3
1528167407.57	4300	59.997777	0.0	2152483	26	4.3
1528167411.72	4300	59.998356	0.0	2289689	26	4.3
1528167415.88	4300	59.749277	0.0	2059512	23	4.3
1528167419.54	4300	59.998159	0.0	2220726	24	4.3
1528167423.69	4300	59.998892	0.0	2156729	23	4.3
1528167427.84	4300	59.749404	0.0	2039773	19	4.3
1528167432.03	4300	59.747628	0.0	2176469	25	4.3
1528167435.81	4300	59.999061	0.0	2221506	23	4.3
1528167439.96	4300	59.747433	0.0	2044075	21	4.3
1528167443.6	4300	59.99748	0.0	2186790	19	4.3
1528167447.75	4300	59.999403	0.0	2105231	22	4.3
1528167451.91	4300	59.748817	0.0	2395588	22	4.3
1528167455.56	4300	59.998248	0.0	1972048	22	4.3
1528167459.71	4300	59.997735	0.0	2134614	18	4.3
1528167463.86	4300	59.748727	0.0	2164140	24	4.3
1528167467.51	4300	59.998362	0.0	2113193	22	4.3
1528167471.66	4300	59.99888	0.0	2147852	23	4.3
1528167475.81	4300	59.749282	0.0	2191074	20	4.3
1528167479.97	4300	59.749053	0.0	2286761	26	4.3
1528167483.63	4300	59.998616	0.0	2307787	20	4.3
1528167487.78	4300	59.749271	0.0	2143948	22	4.3
1528167491.94	4300	59.748805	0.0	1919781	22	4.3
1528167495.61	4300	59.999149	0.0	2147467	24	4.3
1528167499.77	4300	59.748441	0.0	2133870	24	4.3
1528167503.92	4300	59.748564	0.0	2146120	22	4.3
1528167507.58	4300	59.998899	0.0	2108491	23	4.3
1528167511.73	4300	59.998897	0.0	2184571	21	4.3
1528167515.88	4300	59.748974	0.0	2121928	23	4.3
1528167519.53	4300	59.997581	0.0	2219102	21	4.3
1528167523.68	4300	59.999007	0.0	2124950	25	4.3
1528167527.83	4300	59.747755	0.0	2246506	24	4.3
1528167531.96	4300	59.74921	0.0	1961140	20	4.3
1528167535.59	4300	59.998859	0.0	2155012	24	4.3
1528167537.7	4300	59.67845	0.0	1433658	16	4.3

1528167537.91	750	4	0.016	668286	4	-0.06879999999999997
1528167538.07	4300	7.949763	0.0	2123065	22	0.75
1528167538.21	4300	11.806396	0.0	2177073	24	4.3
1528167538.36	4300	15.657896	0.0	2160877	28	4.3
1528167538.5	4300	19.518281	0.0	2233056	11	4.3
1528167538.63	4300	23.380816	0.0	1941625	22	4.3
1528167538.78	4300	27.237858	0.0	2157535	24	4.3
1528167538.93	4300	31.088445	0.0	2290172	26	4.3
1528167539.06	4300	34.956179	0.0	2055469	20	4.3
1528167539.2	4300	38.814795	0.0	2169201	24	4.3
1528167539.34	4300	42.680253	0.0	2173522	18	4.3
1528167539.48	4300	46.533811	0.0	2102452	21	4.3
1528167539.62	4300	50.393429	0.0	2209463	26	4.3
1528167539.77	4300	54.2476	0.0	2275376	25	4.3
1528167539.9	4300	58.11301	0.0	2005399	18	4.3
1528167542.06	4300	59.998831	0.0	2152483	38	4.3
1528167546.22	4300	59.998369	0.0	2289689	28	4.3
1528167550.36	4300	59.749269	0.0	2059512	19	4.3
1528167554.02	4300	59.998254	0.0	2220726	26	4.3
1528167558.18	4300	59.999491	0.0	2156729	22	4.3
1528167562.34	4300	59.74939	0.0	2039773	23	4.3
1528167566.49	4300	59.74909	0.0	2176469	24	4.3
1528167570.14	4300	59.999432	0.0	2221506	21	4.3
1528167574.29	4300	59.74897	0.0	2044075	23	4.3
1528167578.44	4300	59.749649	0.0	2186790	20	4.3
1528167582.6	4300	59.498239	0.0	2105231	22	4.3
1528167586.25	4300	59.999232	0.0	2395588	25	4.3
1528167590.4	4300	59.749785	0.0	1972048	23	4.3
1528167594.05	4300	59.998611	0.0	2134614	21	4.3
1528167598.21	4300	59.997917	0.0	2164140	23	4.3
1528167602.35	4300	59.748148	0.0	2113193	20	4.3
1528167606.51	4300	59.747975	0.0	2147852	26	4.3
1528167610.66	4300	59.49798	0.0	2191074	24	4.3
1528167614.32	4300	59.748964	0.0	2286761	25	4.3
1528167618.48	4300	59.749346	0.0	2307787	26	4.3
1528167622.13	4300	59.999059	0.0	2143948	21	4.3
1528167626.28	4300	59.749386	0.0	1919781	22	4.3
1528167630.43	4300	59.749464	0.0	2147467	21	4.3
1528167634.1	4300	59.999466	0.0	2133870	22	4.3
1528167638.26	4300	59.998059	0.0	2146120	25	4.3
1528167642.41	4300	59.749019	0.0	2108491	20	4.3
1528167646.06	4300	59.999127	0.0	2184571	26	4.3
1528167650.72	4300	59.498089	0.0	2121928	22	4.3
1528167654.38	4300	59.749743	0.0	2219102	24	4.3
1528167658.03	4300	59.997766	0.0	2124950	23	4.3
1528167662.18	4300	59.999199	0.0	2246506	19	4.3
1528167666.38	4300	59.73913	0.0	1961140	21	4.3
1528167670.51	4300	59.749589	0.0	2155012	23	4.3
1528167672.12	4300	59.67902	0.0	1433658	15	4.3

1528167672.34	750	4	0.019	668286	3	-0.0817
1528167672.5	4300	7.947844	0.0	2123065	21	0.75
1528167672.64	4300	11.803555	0.0	2177073	26	4.3
1528167672.78	4300	15.666785	0.0	2160877	12	4.3
1528167672.92	4300	19.52791	0.0	2233056	23	4.3
1528167673.06	4300	23.384022	0.0	1941625	26	4.3
1528167673.21	4300	27.237208	0.0	2157535	23	4.3
1528167673.35	4300	31.097346	0.0	2290172	19	4.3
1528167673.49	4300	34.957751	0.0	2055469	21	4.3
1528167673.64	4300	38.813654	0.0	2169201	26	4.3
1528167673.78	4300	42.666969	0.0	2173522	23	4.3
1528167673.93	4300	46.520101	0.0	2102452	23	4.3
1528167674.07	4300	50.380042	0.0	2209463	18	4.3
1528167674.21	4300	54.237983	0.0	2275376	24	4.3
1528167674.36	4300	58.09489	0.0	2005399	22	4.3
1528167677.02	4300	59.498154	0.0	2152483	9	4.3
1528167681.17	4300	59.498563	0.0	2289689	21	4.3
1528167684.83	4300	59.749282	0.0	2059512	23	4.3
1528167688.57	4300	59.99862	0.0	2220726	25	4.3
1528167692.74	4300	59.74882	0.0	2156729	25	4.3
1528167696.89	4300	59.74939	0.0	2039773	19	4.3
1528167700.54	4300	59.998303	0.0	2176469	23	4.3
1528167704.71	4300	59.749373	0.0	2221506	24	4.3
1528167708.86	4300	59.749091	0.0	2044075	19	4.3
1528167712.51	4300	59.99865	0.0	2186790	23	4.3
