1527621594.59	750	4	0.018	450283	3	-0.07740000000000002
1527621595.18	4300	7.498778	0.0	2123065	410	0.75
1527621595.91	4300	10.77369	0.0	2177073	615	4.3
1527621596.26	1850	14.41509	0.0	933276	217	-0.6000000000000001
1527621596.44	750	18.241604	0.0	411561	66	-0.3500000000000001
1527621596.58	300	22.102465	0.0	126289	10	-0.15000000000000002
1527621596.73	750	25.941187	0.0	352642	54	0.3
1527621596.92	750	29.75456	0.0	437162	92	0.75
1527621597.17	1850	33.514125	0.0	852833	132	0.75
1527621597.98	4300	36.701882	0.0	2169201	691	1.8499999999999996
1527621598.83	4300	39.846135	0.0	2173522	745	4.3
1527621599.65	4300	43.025526	0.0	2102452	713	4.3
1527621600.53	4300	46.154103	0.0	2209463	765	4.3
1527621601.41	4300	49.261892	0.0	2275376	777	4.3
1527621602.2	4300	52.479798	0.0	2005399	677	4.3
1527621605.64	4300	53.032062	0.0	2152483	3332	4.3
1527621611.86	4300	50.824015	0.0	2289689	6093	4.3
1527621615.08	4300	51.595851	0.0	2059512	3110	4.3
1527621618.58	4300	52.105345	0.0	2220726	3379	4.3
1527621621.96	4300	52.720886	0.0	2156729	3270	4.3
1527621625.16	4300	53.516173	0.0	2039773	3093	4.3
1527621628.57	4300	54.110672	0.0	2176469	3298	4.3
1527621632.06	4300	54.62176	0.0	2221506	3380	4.3
1527621635.26	4300	55.41296	0.0	2044075	3097	4.3
1527621638.7	4300	55.97922	0.0	2186790	3326	4.3
1527621642.0	4300	56.675717	0.0	2105231	3199	4.3
1527621645.76	4300	56.918474	0.0	2395588	3652	4.3
1527621648.85	4300	57.826487	0.0	1972048	2995	4.3
1527621652.29	4300	58.385607	0.0	2134614	3338	4.3
1527621656.42	4300	58.25482	0.0	2164140	4034	4.3
1527621659.66	4300	59.015327	0.0	2113193	3145	4.3
1527621663.03	4300	59.6408	0.0	2147852	3266	4.3
1527621667.01	4300	59.749039	0.0	2191074	3382	4.3
1527621671.11	4300	59.748647	0.0	2286761	3002	4.3
1527621674.75	4300	59.99881	0.0	2307787	2538	4.3
1527621679.1	4300	59.7488	0.0	2143948	2236	4.3
1527621683.11	4300	59.748946	0.0	1919781	904	4.3
1527621686.76	4300	59.997934	0.0	2147467	540	4.3
1527621690.87	4300	59.999088	0.0	2133870	497	4.3
1527621694.92	4300	59.997725	0.0	2146120	437	4.3
1527621698.99	4300	59.749632	0.0	2108491	462	4.3
1527621703.1	4300	59.749517	0.0	2184571	501	4.3
1527621707.14	4300	59.748731	0.0	2121928	437	4.3
1527621711.19	4300	59.499279	0.0	2219102	448	4.3
1527621714.73	4300	59.998808	0.0	2124950	430	4.3
1527621718.8	4300	59.998771	0.0	2246506	460	4.3
1527621722.78	4300	59.997735	0.0	1961140	372	4.3
1527621726.78	4300	59.999193	0.0	2155012	389	4.3
1527621728.65	4300	59.92933	0.0	1433658	277	4.3

1527621729.05	750	4	0.212	668286	170	-0.9115999999999999
1527621729.16	4300	7.945858	0.0	2123065	23	0.75
1527621729.26	4300	11.850874	0.0	2177073	19	4.3
1527621729.67	4300	15.436974	0.0	2160877	320	4.3
1527621730.07	4300	19.041845	0.0	2233056	298	4.3
1527621730.27	1850	22.837978	0.0	801058	94	-0.6000000000000001
1527621730.47	1850	26.634827	0.0	905515	114	1.85
1527621731.59	1850	29.516658	0.0	1060487	1031	1.85
1527621731.83	300	33.277389	0.0	150710	99	-1.25
1527621733.27	1850	35.840133	0.0	913888	1338	0.30000000000000004
1527621734.75	1850	38.358675	0.0	939819	1376	1.85
1527621734.86	4300	42.25258	0.0	2102452	23	1.8499999999999996
1527621734.95	4300	46.157216	0.0	2209463	24	4.3
1527621735.05	4300	50.06168	0.0	2275376	20	4.3
1527621735.14	4300	53.970793	0.0	2005399	17	4.3
1527621735.23	4300	57.877721	0.0	2152483	18	4.3
1527621737.85	4300	59.498773	0.0	2289689	24	4.3
1527621741.46	4300	59.74945	0.0	2059512	22	4.3
1527621745.58	4300	59.749182	0.0	2220726	21	4.3
1527621749.18	4300	59.997774	0.0	2156729	19	4.3
1527621753.28	4300	59.998591	0.0	2039773	18	4.3
1527621757.41	4300	59.749612	0.0	2176469	21	4.3
1527621761.53	4300	59.749447	0.0	2221506	25	4.3
1527621765.13	4300	59.998934	0.0	2044075	22	4.3
1527621769.24	4300	59.999139	0.0	2186790	25	4.3
1527621773.34	4300	59.997798	0.0	2105231	20	4.3
1527621777.45	4300	59.748713	0.0	2395588	26	4.3
1527621781.56	4300	59.74853	0.0	1972048	23	4.3
1527621785.17	4300	59.999499	0.0	2134614	26	4.3
1527621789.28	4300	59.930397	0.0	2164140	22	4.3
1527621793.39	4300	59.749364	0.0	2113193	23	4.3
1527621797.49	4300	59.748046	0.0	2147852	23	4.3
1527621801.6	4300	59.749443	0.0	2191074	27	4.3
1527621805.21	4300	59.998623	0.0	2286761	26	4.3
1527621809.32	4300	59.998356	0.0	2307787	21	4.3
1527621813.43	4300	59.74944	0.0	2143948	22	4.3
1527621817.53	4300	59.749021	0.0	1919781	20	4.3
1527621821.14	4300	59.999263	0.0	2147467	25	4.3
1527621825.26	4300	59.998837	0.0	2133870	23	4.3
1527621829.38	4300	59.749385	0.0	2146120	25	4.3
1527621833.49	4300	59.749517	0.0	2108491	24	4.3
1527621837.6	4300	59.748268	0.0	2184571	24	4.3
1527621841.21	4300	59.99935	0.0	2121928	23	4.3
1527621845.32	4300	59.997593	0.0	2219102	25	4.3
1527621849.42	4300	59.748521	0.0	2124950	24	4.3
1527621853.54	4300	59.749051	0.0	2246506	26	4.3
1527621857.15	4300	59.99941	0.0	1961140	21	4.3
1527621861.25	4300	59.998899	0.0	2155012	19	4.3
1527621863.35	4300	59.677684	0.0	1433658	17	4.3

1527621863.54	750	4	0.011	668286	3	-0.04730000000000001
1527621863.65	4300	7.958799	0.0	2123065	16	0.75
1527621863.75	4300	11.858948	0.0	2177073	22	4.3
1527621863.84	4300	15.766012	0.0	2160877	20	4.3
1527621863.94	4300	19.661881	0.0	2233056	31	4.3
1527621864.38	4300	23.228621	0.0	1941625	344	4.3
1527621865.04	4300	26.573052	0.0	2157535	554	4.3
1527621865.11	1850	30.499742	0.0	1060487	5	-0.6000000000000001
1527621865.84	4300	33.771184	0.0	2055469	622	1.8499999999999996
1527621865.91	4300	37.70127	0.0	2169201	8	4.3
1527621866.0	4300	41.610719	0.0	2173522	21	4.3
1527621866.07	4300	45.535515	0.0	2102452	12	4.3
1527621866.17	4300	49.441792	0.0	2209463	21	4.3
1527621866.26	4300	53.343898	0.0	2275376	26	4.3
1527621866.35	4300	57.252444	0.0	2005399	21	4.3
1527621867.94	4300	59.749252	0.0	2152483	12	4.3
1527621872.05	4300	59.750177	0.0	2289689	25	4.3
1527621876.16	4300	59.499957	0.0	2059512	20	4.3
1527621879.77	4300	59.998932	0.0	2220726	23	4.3
1527621883.87	4300	59.750222	0.0	2156729	21	4.3
1527621887.98	4300	59.749749	0.0	2039773	22	4.3
1527621892.09	4300	59.748998	0.0	2176469	23	4.3
1527621896.19	4300	59.500448	0.0	2221506	26	4.3
1527621900.3	4300	59.498974	0.0	2044075	22	4.3
