1527687255.38	750	4	0.027	2354772	6	-0.11609999999999998
1527687255.52	4300	7.966288	0.0	2123065	19	0.75
1527687255.66	4300	11.823083	0.0	2177073	24	4.3
1527687255.81	4300	15.677382	0.0	2160877	22	4.3
1527687255.97	4300	19.51485	0.0	2233056	21	4.3
1527687256.12	4300	23.370948	0.0	1941625	24	4.3
1527687256.26	4300	27.223747	0.0	2157535	27	4.3
1527687256.41	4300	31.075825	0.0	2290172	29	4.3
1527687256.55	4300	34.94117	0.0	2055469	16	4.3
1527687256.69	4300	38.801739	0.0	2169201	27	4.3
1527687256.83	4300	42.656689	0.0	2173522	25	4.3
1527687256.98	4300	46.511574	0.0	2102452	27	4.3
1527687257.12	4300	50.373144	0.0	2209463	20	4.3
1527687257.28	4300	54.214838	0.0	2275376	27	4.3
1527687257.41	4300	58.075269	0.0	2005399	17	4.3
1527687259.56	4300	59.998049	0.0	2152483	24	4.3
1527687263.72	4300	59.999072	0.0	2289689	25	4.3
1527687267.88	4300	59.74793	0.0	2059512	19	4.3
1527687271.53	4300	59.999119	0.0	2220726	26	4.3
1527687275.69	4300	59.999492	0.0	2156729	25	4.3
1527687279.85	4300	59.749664	0.0	2039773	19	4.3
1527687283.55	4300	59.999069	0.0	2176469	25	4.3
1527687287.7	4300	59.999001	0.0	2221506	22	4.3
1527687291.86	4300	59.748827	0.0	2044075	25	4.3
1527687295.52	4300	59.998194	0.0	2186790	23	4.3
1527687300.17	4300	59.49926	0.0	2105231	23	4.3
1527687303.82	4300	59.747863	0.0	2395588	28	4.3
1527687307.98	4300	59.747909	0.0	1972048	24	4.3
1527687311.64	4300	59.997757	0.0	2134614	25	4.3
1527687315.81	4300	59.748736	0.0	2164140	23	4.3
1527687319.97	4300	59.749538	0.0	2113193	25	4.3
1527687323.62	4300	59.998821	0.0	2147852	21	4.3
1527687327.78	4300	59.748674	0.0	2191074	27	4.3
1527687331.93	4300	59.74957	0.0	2286761	21	4.3
1527687335.58	4300	59.998434	0.0	2307787	25	4.3
1527687339.74	4300	59.7494	0.0	2143948	25	4.3
1527687343.89	4300	59.749359	0.0	1919781	20	4.3
1527687347.55	4300	59.999492	0.0	2147467	25	4.3
1527687351.73	4300	59.999276	0.0	2133870	45	4.3
1527687355.89	4300	59.748696	0.0	2146120	22	4.3
1527687359.54	4300	59.998862	0.0	2108491	21	4.3
1527687364.2	4300	59.498633	0.0	2184571	26	4.3
1527687367.5	4300	59.998659	0.0	2121928	23	4.3
1527687372.15	4300	59.498962	0.0	2219102	22	4.3
1527687375.79	4300	59.749494	0.0	2124950	19	4.3
1527687379.95	4300	59.749193	0.0	2246506	26	4.3
1527687383.59	4300	59.998207	0.0	1961140	22	4.3
1527687387.72	4300	59.99919	0.0	2155012	25	4.3
1527687389.32	4300	59.928353	0.0	1433658	17	4.3

1527687389.56	750	4	0.018	668286	3	-0.07740000000000002
1527687389.72	4300	7.947376	0.0	2123065	19	0.75
1527687389.86	4300	11.804253	0.0	2177073	24	4.3
1527687390.01	4300	15.658929	0.0	2160877	9	4.3
1527687390.15	4300	19.512341	0.0	2233056	26	4.3
1527687390.3	4300	23.381094	0.0	1941625	17	4.3
1527687390.44	4300	27.227825	0.0	2157535	20	4.3
1527687390.58	4300	31.085417	0.0	2290172	27	4.3
1527687390.72	4300	34.941715	0.0	2055469	24	4.3
1527687390.87	4300	38.793071	0.0	2169201	27	4.3
1527687391.02	4300	42.644237	0.0	2173522	26	4.3
1527687391.16	4300	46.506368	0.0	2102452	20	4.3
1527687391.3	4300	50.366243	0.0	2209463	26	4.3
1527687391.45	4300	54.220094	0.0	2275376	26	4.3
1527687391.58	4300	58.087793	0.0	2005399	19	4.3
1527687393.74	4300	59.998605	0.0	2152483	9	4.3
1527687398.39	4300	59.499504	0.0	2289689	26	4.3
1527687402.05	4300	59.749786	0.0	2059512	23	4.3
1527687405.7	4300	59.999305	0.0	2220726	25	4.3
1527687409.86	4300	59.998898	0.0	2156729	25	4.3
1527687414.04	4300	59.749184	0.0	2039773	21	4.3
1527687417.71	4300	59.998762	0.0	2176469	19	4.3
1527687421.87	4300	59.998686	0.0	2221506	23	4.3
1527687426.06	4300	59.74927	0.0	2044075	23	4.3
1527687429.71	4300	59.999445	0.0	2186790	20	4.3
1527687434.37	4300	59.499141	0.0	2105231	23	4.3
1527687438.02	4300	59.749289	0.0	2395588	25	4.3
1527687442.18	4300	59.497921	0.0	1972048	21	4.3
1527687445.84	4300	59.998885	0.0	2134614	26	4.3
1527687450.03	4300	59.748709	0.0	2164140	27	4.3
1527687453.69	4300	59.999289	0.0	2113193	17	4.3
1527687457.86	4300	59.999293	0.0	2147852	25	4.3
1527687462.01	4300	59.749399	0.0	2191074	21	4.3
1527687466.17	4300	59.499221	0.0	2286761	25	4.3
1527687469.82	4300	59.999034	0.0	2307787	23	4.3
1527687473.98	4300	59.749576	0.0	2143948	26	4.3
1527687478.14	4300	59.749473	0.0	1919781	23	4.3
1527687481.79	4300	59.997683	0.0	2147467	21	4.3
1527687485.94	4300	59.748418	0.0	2133870	25	4.3
1527687490.14	4300	59.748466	0.0	2146120	25	4.3
1527687493.78	4300	59.998036	0.0	2108491	20	4.3
1527687497.94	4300	59.74945	0.0	2184571	25	4.3
1527687502.08	4300	59.748484	0.0	2121928	25	4.3
1527687505.75	4300	59.9989	0.0	2219102	25	4.3
1527687509.91	4300	59.997901	0.0	2124950	24	4.3
1527687514.05	4300	59.749664	0.0	2246506	24	4.3
1527687517.69	4300	59.999221	0.0	1961140	24	4.3
1527687521.82	4300	59.999022	0.0	2155012	26	4.3
1527687523.43	4300	59.929129	0.0	1433658	17	4.3

1527687523.66	750	4	0.013	668286	1	-0.05589999999999995
1527687523.81	4300	7.9478	0.0	2123065	22	0.75
1527687523.96	4300	11.802136	0.0	2177073	26	4.3
1527687524.1	4300	15.666878	0.0	2160877	13	4.3
1527687524.24	4300	19.523057	0.0	2233056	15	4.3
1527687524.38	4300	23.381524	0.0	1941625	24	4.3
1527687524.53	4300	27.235342	0.0	2157535	25	4.3
1527687524.66	4300	31.09853	0.0	2290172	19	4.3
1527687524.8	4300	34.960845	0.0	2055469	22	4.3
1527687524.95	4300	38.814765	0.0	2169201	25	4.3
1527687525.09	4300	42.668038	0.0	2173522	23	4.3
1527687525.23	4300	46.533564	0.0	2102452	20	4.3
1527687525.37	4300	50.390269	0.0	2209463	26	4.3
1527687525.52	4300	54.244376	0.0	2275376	27	4.3
1527687525.65	4300	58.107983	0.0	2005399	16	4.3
1527687527.81	4300	59.99934	0.0	2152483	38	4.3
1527687531.97	4300	59.997945	0.0	2289689	22	4.3
1527687536.19	4300	59.74783	0.0	2059512	25	4.3
1527687540.34	4300	59.498116	0.0	2220726	22	4.3
1527687544.0	4300	59.998724	0.0	2156729	27	4.3
1527687548.16	4300	59.749614	0.0	2039773	24	4.3
1527687551.81	4300	59.998938	0.0	2176469	22	4.3
1527687555.97	4300	59.998463	0.0	2221506	25	4.3
1527687560.13	4300	59.749041	0.0	2044075	22	4.3
1527687563.79	4300	59.999349	0.0	2186790	25	4.3
1527687567.94	4300	59.999191	0.0	2105231	20	4.3
1527687572.1	4300	59.749059	0.0	2395588	29	4.3
1527687576.25	4300	59.749054	0.0	1972048	21	4.3
1527687579.91	4300	59.999428	0.0	2134614	24	4.3
1527687584.06	4300	59.748993	0.0	2164140	19	4.3
1527687588.21	4300	59.749293	0.0	2113193	23	4.3
1527687591.87	4300	59.998567	0.0	2147852	23	4.3
1527687596.02	4300	59.749207	0.0	2191074	21	4.3
1527687600.18	4300	59.749614	0.0	2286761	25	4.3
1527687603.83	4300	59.998481	0.0	2307787	24	4.3
