1528210810.23	750	4	0.024	2354772	6	-0.10319999999999996
1528210810.38	4300	7.957052	0.0	2123065	25	0.75
1528210810.53	4300	11.809012	0.0	2177073	25	4.3
1528210810.66	4300	15.669237	0.0	2160877	19	4.3
1528210810.8	4300	19.530905	0.0	2233056	22	4.3
1528210810.95	4300	23.386263	0.0	1941625	24	4.3
1528210811.08	4300	27.251313	0.0	2157535	17	4.3
1528210811.22	4300	31.109205	0.0	2290172	21	4.3
1528210811.37	4300	34.967112	0.0	2055469	22	4.3
1528210811.52	4300	38.820029	0.0	2169201	24	4.3
1528210811.65	4300	42.68184	0.0	2173522	20	4.3
1528210811.79	4300	46.541274	0.0	2102452	20	4.3
1528210811.94	4300	50.397511	0.0	2209463	26	4.3
1528210812.1	4300	54.232394	0.0	2275376	25	4.3
1528210812.27	4300	58.061753	0.0	2005399	21	4.3
1528210814.93	4300	59.498708	0.0	2152483	24	4.3
1528210818.57	4300	59.997736	0.0	2289689	22	4.3
1528210822.73	4300	59.748664	0.0	2059512	22	4.3
1528210826.39	4300	59.99898	0.0	2220726	23	4.3
1528210831.06	4300	59.499447	0.0	2156729	19	4.3
1528210834.71	4300	59.749127	0.0	2039773	22	4.3
1528210838.37	4300	59.997953	0.0	2176469	25	4.3
1528210842.52	4300	59.997779	0.0	2221506	18	4.3
1528210846.69	4300	59.747689	0.0	2044075	21	4.3
1528210850.37	4300	59.999419	0.0	2186790	26	4.3
1528210854.63	4300	59.998692	0.0	2105231	25	4.3
1528210858.79	4300	59.749328	0.0	2395588	27	4.3
1528210862.45	4300	59.999341	0.0	1972048	24	4.3
1528210866.6	4300	59.749119	0.0	2134614	19	4.3
1528210870.76	4300	59.749479	0.0	2164140	22	4.3
1528210874.91	4300	59.498743	0.0	2113193	19	4.3
1528210878.57	4300	59.997793	0.0	2147852	26	4.3
1528210882.72	4300	59.748045	0.0	2191074	25	4.3
1528210886.37	4300	59.997802	0.0	2286761	24	4.3
1528210890.53	4300	59.99949	0.0	2307787	27	4.3
1528210894.69	4300	59.748686	0.0	2143948	19	4.3
1528210898.84	4300	59.499342	0.0	1919781	21	4.3
1528210902.48	4300	59.998719	0.0	2147467	23	4.3
1528210906.65	4300	59.748844	0.0	2133870	42	4.3
1528210910.8	4300	59.748958	0.0	2146120	24	4.3
1528210914.45	4300	59.998644	0.0	2108491	24	4.3
1528210918.61	4300	59.74876	0.0	2184571	23	4.3
1528210922.81	4300	59.748825	0.0	2121928	21	4.3
1528210926.47	4300	59.998494	0.0	2219102	18	4.3
1528210930.63	4300	59.748671	0.0	2124950	20	4.3
1528210934.78	4300	59.749535	0.0	2246506	24	4.3
1528210938.42	4300	59.998806	0.0	1961140	22	4.3
1528210942.55	4300	59.99941	0.0	2155012	25	4.3
1528210944.15	4300	59.927863	0.0	1433658	16	4.3

1528210944.37	750	4	0.014	668286	3	-0.06020000000000003
1528210944.52	4300	7.9515	0.0	2123065	17	0.75
1528210944.67	4300	11.803178	0.0	2177073	23	4.3
1528210944.84	4300	15.642861	0.0	2160877	28	4.3
1528210944.97	4300	19.497598	0.0	2233056	19	4.3
1528210945.11	4300	23.359595	0.0	1941625	21	4.3
1528210945.26	4300	27.213676	0.0	2157535	24	4.3
1528210945.39	4300	31.078242	0.0	2290172	20	4.3
1528210945.53	4300	34.9412	0.0	2055469	22	4.3
1528210945.67	4300	38.795403	0.0	2169201	23	4.3
1528210945.81	4300	42.662557	0.0	2173522	19	4.3
1528210945.95	4300	46.51996	0.0	2102452	24	4.3
1528210946.09	4300	50.377061	0.0	2209463	25	4.3
1528210946.24	4300	54.229227	0.0	2275376	26	4.3
1528210946.38	4300	58.094273	0.0	2005399	19	4.3
1528210948.54	4300	59.997919	0.0	2152483	12	4.3
1528210952.69	4300	59.999132	0.0	2289689	28	4.3
1528210956.86	4300	59.749058	0.0	2059512	22	4.3
1528210960.5	4300	59.998447	0.0	2220726	24	4.3
1528210964.66	4300	59.999268	0.0	2156729	24	4.3
1528210968.81	4300	59.749193	0.0	2039773	18	4.3
1528210972.97	4300	59.749272	0.0	2176469	24	4.3
1528210976.62	4300	59.9988	0.0	2221506	22	4.3
1528210980.77	4300	59.749382	0.0	2044075	23	4.3
1528210984.92	4300	59.749376	0.0	2186790	20	4.3
1528210988.58	4300	59.999325	0.0	2105231	23	4.3
1528210992.75	4300	59.749692	0.0	2395588	28	4.3
1528210996.89	4300	59.749622	0.0	1972048	18	4.3
1528211000.55	4300	59.999243	0.0	2134614	24	4.3
1528211004.73	4300	59.997861	0.0	2164140	25	4.3
1528211008.89	4300	59.748714	0.0	2113193	24	4.3
1528211012.54	4300	59.997715	0.0	2147852	23	4.3
1528211016.69	4300	59.998635	0.0	2191074	21	4.3
1528211020.85	4300	59.748731	0.0	2286761	25	4.3
1528211024.5	4300	59.998455	0.0	2307787	24	4.3
1528211028.65	4300	59.998209	0.0	2143948	25	4.3
1528211032.8	4300	59.746392	0.0	1919781	19	4.3
1528211036.95	4300	59.747706	0.0	2147467	20	4.3
1528211041.1	4300	59.499653	0.0	2133870	24	4.3
1528211044.75	4300	59.749028	0.0	2146120	24	4.3
1528211048.9	4300	59.748646	0.0	2108491	24	4.3
1528211052.55	4300	59.998557	0.0	2184571	22	4.3
1528211056.7	4300	59.999469	0.0	2121928	25	4.3
1528211060.86	4300	59.747998	0.0	2219102	21	4.3
1528211064.52	4300	59.999046	0.0	2124950	24	4.3
1528211068.68	4300	59.997553	0.0	2246506	25	4.3
1528211072.81	4300	59.748084	0.0	1961140	22	4.3
1528211076.94	4300	59.749356	0.0	2155012	19	4.3
1528211078.6	4300	59.678899	0.0	1433658	15	4.3

1528211078.83	750	4	0.016	668286	2	-0.06879999999999997
1528211078.98	4300	7.951097	0.0	2123065	19	0.75
1528211079.12	4300	11.80702	0.0	2177073	25	4.3
1528211079.27	4300	15.663464	0.0	2160877	22	4.3
1528211079.42	4300	19.518155	0.0	2233056	13	4.3
1528211079.55	4300	23.384779	0.0	1941625	19	4.3
1528211079.69	4300	27.242299	0.0	2157535	23	4.3
1528211079.83	4300	31.107809	0.0	2290172	18	4.3
1528211079.97	4300	34.96593	0.0	2055469	21	4.3
1528211080.11	4300	38.820039	0.0	2169201	23	4.3
1528211080.26	4300	42.67141	0.0	2173522	25	4.3
1528211080.41	4300	46.522932	0.0	2102452	24	4.3
1528211080.55	4300	50.380661	0.0	2209463	19	4.3
1528211080.69	4300	54.241254	0.0	2275376	21	4.3
1528211080.83	4300	58.099814	0.0	2005399	23	4.3
1528211082.99	4300	59.999306	0.0	2152483	13	4.3
1528211087.15	4300	59.998379	0.0	2289689	19	4.3
1528211091.3	4300	59.749461	0.0	2059512	22	4.3
1528211094.99	4300	59.997997	0.0	2220726	21	4.3
1528211099.25	4300	59.998726	0.0	2156729	20	4.3
1528211103.4	4300	59.749327	0.0	2039773	23	4.3
1528211107.08	4300	59.998907	0.0	2176469	24	4.3
1528211111.24	4300	59.748621	0.0	2221506	25	4.3
1528211115.39	4300	59.749408	0.0	2044075	21	4.3
1528211119.04	4300	59.999068	0.0	2186790	20	4.3
1528211123.18	4300	59.99901	0.0	2105231	22	4.3
1528211127.34	4300	59.749395	0.0	2395588	21	4.3
1528211130.99	4300	59.998755	0.0	1972048	22	4.3
1528211135.15	4300	59.998541	0.0	2134614	24	4.3
1528211139.3	4300	59.749129	0.0	2164140	21	4.3
1528211142.96	4300	59.998569	0.0	2113193	24	4.3
1528211147.12	4300	59.998382	0.0	2147852	23	4.3
1528211151.27	4300	59.748948	0.0	2191074	24	4.3
1528211155.43	4300	59.7493	0.0	2286761	25	4.3
1528211159.08	4300	59.999046	0.0	2307787	21	4.3
1528211163.24	4300	59.748445	0.0	2143948	23	4.3
1528211167.41	4300	59.748312	0.0	1919781	22	4.3
1528211171.18	4300	59.998396	0.0	2147467	19	4.3
1528211175.34	4300	59.749133	0.0	2133870	19	4.3
1528211179.12	4300	59.999446	0.0	2146120	23	4.3
1528211183.27	4300	59.749177	0.0	2108491	24	4.3
1528211187.42	4300	59.749074	0.0	2184571	21	4.3
1528211191.08	4300	59.998582	0.0	2121928	22	4.3
