1528279502.67	750	4	0.028	2354772	10	-0.12039999999999995
1528279502.77	4300	7.958702	0.0	2123065	22	0.75
1528279502.87	4300	11.857387	0.0	2177073	26	4.3
1528279502.97	4300	15.762056	0.0	2160877	22	4.3
1528279503.04	4300	19.692667	0.0	2233056	9	4.3
1528279503.12	4300	23.608994	0.0	1941625	15	4.3
1528279503.21	4300	27.518066	0.0	2157535	20	4.3
1528279503.31	4300	31.424222	0.0	2290172	22	4.3
1528279503.4	4300	35.335335	0.0	2055469	18	4.3
1528279503.5	4300	39.232339	0.0	2169201	26	4.3
1528279503.59	4300	43.138444	0.0	2173522	27	4.3
1528279503.66	4300	47.064787	0.0	2102452	11	4.3
1528279503.74	4300	50.99071	0.0	2209463	13	4.3
1528279503.85	4300	54.879751	0.0	2275376	25	4.3
1528279503.95	4300	58.781467	0.0	2005399	24	4.3
1528279507.04	4300	59.748815	0.0	2152483	14	4.3
1528279511.12	4300	59.748055	0.0	2289689	11	4.3
1528279515.23	4300	59.749443	0.0	2059512	24	4.3
1528279518.84	4300	59.997761	0.0	2220726	26	4.3
1528279522.95	4300	59.997654	0.0	2156729	22	4.3
1528279527.05	4300	59.749438	0.0	2039773	22	4.3
1528279531.16	4300	59.748572	0.0	2176469	24	4.3
1528279534.77	4300	59.999373	0.0	2221506	26	4.3
1528279538.97	4300	59.999078	0.0	2044075	23	4.3
1528279543.08	4300	59.747956	0.0	2186790	18	4.3
1528279547.18	4300	59.748816	0.0	2105231	21	4.3
1528279550.79	4300	59.998907	0.0	2395588	25	4.3
1528279554.9	4300	59.998815	0.0	1972048	21	4.3
1528279559.0	4300	59.747671	0.0	2134614	22	4.3
1528279563.12	4300	59.748726	0.0	2164140	23	4.3
1528279567.22	4300	59.748445	0.0	2113193	21	4.3
1528279570.83	4300	59.997882	0.0	2147852	23	4.3
1528279574.93	4300	59.998134	0.0	2191074	20	4.3
1528279579.04	4300	59.748431	0.0	2286761	27	4.3
1528279583.15	4300	59.747654	0.0	2307787	25	4.3
1528279586.76	4300	59.997638	0.0	2143948	26	4.3
1528279590.87	4300	59.999071	0.0	1919781	24	4.3
1528279594.97	4300	59.998946	0.0	2147467	22	4.3
1528279599.08	4300	59.747734	0.0	2133870	26	4.3
1528279603.19	4300	59.749036	0.0	2146120	24	4.3
1528279606.8	4300	59.997601	0.0	2108491	24	4.3
1528279610.9	4300	59.999433	0.0	2184571	24	4.3
1528279615.01	4300	59.749217	0.0	2121928	24	4.3
1528279619.12	4300	59.748764	0.0	2219102	25	4.3
1528279623.26	4300	59.704257	0.0	2124950	24	4.3
1528279626.87	4300	59.999271	0.0	2246506	25	4.3
1528279630.97	4300	59.997578	0.0	1961140	19	4.3
1528279635.08	4300	59.749244	0.0	2155012	23	4.3
1528279636.67	4300	59.929423	0.0	1433658	19	4.3

1528279636.91	750	4	0.027	2354772	10	-0.11609999999999998
1528279636.98	4300	7.986775	0.0	2123065	7	0.75
1528279637.07	4300	11.894013	0.0	2177073	25	4.3
1528279637.16	4300	15.802057	0.0	2160877	23	4.3
1528279637.24	4300	19.7248	0.0	2233056	12	4.3
1528279637.33	4300	23.628667	0.0	1941625	24	4.3
1528279637.41	4300	27.548377	0.0	2157535	12	4.3
1528279637.51	4300	31.44839	0.0	2290172	26	4.3
1528279637.58	4300	35.379118	0.0	2055469	10	4.3
1528279637.65	4300	39.308719	0.0	2169201	11	4.3
1528279637.75	4300	43.209066	0.0	2173522	24	4.3
1528279637.85	4300	47.112634	0.0	2102452	26	4.3
1528279637.94	4300	51.022753	0.0	2209463	23	4.3
1528279638.03	4300	54.929107	0.0	2275376	23	4.3
1528279638.1	4300	58.856774	0.0	2005399	12	4.3
1528279641.21	4300	59.749584	0.0	2152483	25	4.3
1528279645.32	4300	59.748748	0.0	2289689	21	4.3
1528279649.42	4300	59.749243	0.0	2059512	22	4.3
1528279653.03	4300	59.998822	0.0	2220726	26	4.3
1528279657.14	4300	59.999065	0.0	2156729	22	4.3
1528279661.24	4300	59.749594	0.0	2039773	24	4.3
1528279665.34	4300	59.749211	0.0	2176469	24	4.3
1528279669.45	4300	59.748759	0.0	2221506	24	4.3
1528279673.06	4300	59.997678	0.0	2044075	27	4.3
1528279677.17	4300	59.999301	0.0	2186790	27	4.3
1528279681.27	4300	59.749697	0.0	2105231	23	4.3
1528279685.39	4300	59.74905	0.0	2395588	27	4.3
1528279689.0	4300	59.998672	0.0	1972048	24	4.3
1528279693.1	4300	59.999293	0.0	2134614	25	4.3
1528279697.21	4300	59.939327	0.0	2164140	25	4.3
1528279701.32	4300	59.749093	0.0	2113193	21	4.3
1528279705.43	4300	59.748782	0.0	2147852	25	4.3
1528279709.03	4300	59.997877	0.0	2191074	27	4.3
1528279713.14	4300	59.998859	0.0	2286761	26	4.3
1528279717.25	4300	59.748817	0.0	2307787	27	4.3
1528279721.35	4300	59.74927	0.0	2143948	27	4.3
1528279725.47	4300	59.748185	0.0	1919781	23	4.3
1528279729.08	4300	59.999075	0.0	2147467	23	4.3
1528279733.34	4300	59.997964	0.0	2133870	23	4.3
1528279736.97	4300	59.998994	0.0	2146120	17	4.3
1528279741.07	4300	59.998608	0.0	2108491	24	4.3
1528279745.18	4300	59.999048	0.0	2184571	27	4.3
1528279749.29	4300	59.749713	0.0	2121928	25	4.3
1528279753.4	4300	59.748535	0.0	2219102	26	4.3
1528279757.51	4300	59.499364	0.0	2124950	27	4.3
1528279761.12	4300	59.998883	0.0	2246506	28	4.3
1528279765.22	4300	59.74966	0.0	1961140	22	4.3
1528279769.33	4300	59.749671	0.0	2155012	27	4.3
1528279770.92	4300	59.928758	0.0	1433658	19	4.3

1528279771.16	750	4	0.026	2354772	6	-0.11180000000000001
1528279771.25	4300	7.95872	0.0	2123065	23	0.75
1528279771.35	4300	11.861477	0.0	2177073	25	4.3
1528279771.43	4300	15.784318	0.0	2160877	15	4.3
1528279771.53	4300	19.684379	0.0	2233056	23	4.3
1528279771.62	4300	23.594745	0.0	1941625	21	4.3
1528279771.7	4300	27.515117	0.0	2157535	16	4.3
1528279771.8	4300	31.413178	0.0	2290172	30	4.3
1528279771.89	4300	35.31994	0.0	2055469	25	4.3
1528279771.98	4300	39.23261	0.0	2169201	26	4.3
1528279772.07	4300	43.145036	0.0	2173522	25	4.3
1528279772.14	4300	47.069097	0.0	2102452	13	4.3
1528279772.24	4300	50.97528	0.0	2209463	20	4.3
1528279772.34	4300	54.874984	0.0	2275376	28	4.3
1528279772.43	4300	58.77682	0.0	2005399	25	4.3
1528279775.53	4300	59.749173	0.0	2152483	21	4.3
1528279779.68	4300	59.748795	0.0	2289689	17	4.3
1528279783.29	4300	59.998669	0.0	2059512	24	4.3
1528279787.4	4300	59.998874	0.0	2220726	22	4.3
1528279791.51	4300	59.749169	0.0	2156729	25	4.3
