1527764126.06	750	4	0.022	2354772	7	-0.09460000000000002
1527764126.2	4300	7.965767	0.0	2123065	18	0.75
1527764126.35	4300	11.81987	0.0	2177073	27	4.3
1527764126.48	4300	15.691342	0.0	2160877	13	4.3
1527764126.59	4300	19.578204	0.0	2233056	9	4.3
1527764126.7	4300	23.465069	0.0	1941625	7	4.3
1527764126.84	4300	27.329955	0.0	2157535	18	4.3
1527764126.98	4300	31.189638	0.0	2290172	27	4.3
1527764127.09	4300	35.071611	0.0	2055469	12	4.3
1527764127.26	4300	38.92555	0.0	2169201	26	4.3
1527764127.4	4300	42.766891	0.0	2173522	25	4.3
1527764127.53	4300	46.640652	0.0	2102452	15	4.3
1527764127.66	4300	50.510706	0.0	2209463	16	4.3
1527764127.79	4300	54.37433	0.0	2275376	16	4.3
1527764127.91	4300	58.261513	0.0	2005399	7	4.3
1527764130.55	4300	59.749587	0.0	2152483	17	4.3
1527764134.69	4300	59.499272	0.0	2289689	17	4.3
1527764138.34	4300	59.998454	0.0	2059512	24	4.3
1527764142.49	4300	59.749138	0.0	2220726	18	4.3
1527764146.64	4300	59.747994	0.0	2156729	25	4.3
1527764150.29	4300	59.998971	0.0	2039773	22	4.3
1527764154.45	4300	59.74983	0.0	2176469	26	4.3
1527764158.61	4300	59.748323	0.0	2221506	25	4.3
1527764162.77	4300	59.499781	0.0	2044075	21	4.3
1527764166.39	4300	59.999496	0.0	2186790	7	4.3
1527764170.54	4300	59.7498	0.0	2105231	20	4.3
1527764174.71	4300	59.498384	0.0	2395588	29	4.3
1527764178.87	4300	59.4997	0.0	1972048	23	4.3
1527764182.52	4300	59.749365	0.0	2134614	20	4.3
1527764186.67	4300	59.498627	0.0	2164140	24	4.3
1527764190.82	4300	59.498824	0.0	2113193	19	4.3
1527764194.48	4300	59.749793	0.0	2147852	24	4.3
1527764198.64	4300	59.748487	0.0	2191074	26	4.3
1527764202.29	4300	59.997799	0.0	2286761	22	4.3
1527764206.5	4300	59.74857	0.0	2307787	27	4.3
1527764210.65	4300	59.749105	0.0	2143948	23	4.3
1527764214.29	4300	59.999257	0.0	1919781	17	4.3
1527764218.45	4300	59.748382	0.0	2147467	25	4.3
1527764222.61	4300	59.748073	0.0	2133870	35	4.3
1527764226.76	4300	59.498459	0.0	2146120	16	4.3
1527764230.92	4300	59.499809	0.0	2108491	25	4.3
1527764234.57	4300	59.749371	0.0	2184571	24	4.3
1527764238.72	4300	59.498978	0.0	2121928	23	4.3
1527764242.87	4300	59.4981	0.0	2219102	23	4.3
1527764246.53	4300	59.749651	0.0	2124950	25	4.3
1527764250.66	4300	59.748794	0.0	2246506	19	4.3
1527764254.3	4300	59.998048	0.0	1961140	22	4.3
1527764258.43	4300	59.749315	0.0	2155012	22	4.3
1527764260.03	4300	59.928435	0.0	1433658	18	4.3

1527764260.26	750	4	0.015	668286	2	-0.0645
1527764260.4	4300	7.96497	0.0	2123065	10	0.75
1527764260.54	4300	11.82549	0.0	2177073	25	4.3
1527764260.68	4300	15.678014	0.0	2160877	13	4.3
1527764260.83	4300	19.530946	0.0	2233056	26	4.3
1527764260.97	4300	23.396297	0.0	1941625	15	4.3
1527764261.09	4300	27.273272	0.0	2157535	13	4.3
1527764261.22	4300	31.145628	0.0	2290172	14	4.3
1527764261.34	4300	35.023821	0.0	2055469	14	4.3
1527764261.46	4300	38.899971	0.0	2169201	14	4.3
1527764261.57	4300	42.790609	0.0	2173522	7	4.3
1527764261.71	4300	46.651866	0.0	2102452	23	4.3
1527764261.84	4300	50.5249	0.0	2209463	15	4.3
1527764261.97	4300	54.392282	0.0	2275376	17	4.3
1527764262.1	4300	58.268263	0.0	2005399	13	4.3
1527764264.76	4300	59.750273	0.0	2152483	26	4.3
1527764268.91	4300	59.499243	0.0	2289689	20	4.3
1527764272.55	4300	59.998852	0.0	2059512	18	4.3
1527764276.71	4300	59.749738	0.0	2220726	18	4.3
1527764280.85	4300	59.749087	0.0	2156729	18	4.3
1527764285.01	4300	59.500176	0.0	2039773	24	4.3
1527764288.7	4300	59.749596	0.0	2176469	19	4.3
1527764292.85	4300	59.749808	0.0	2221506	23	4.3
1527764296.99	4300	59.499682	0.0	2044075	15	4.3
1527764300.65	4300	59.75002	0.0	2186790	25	4.3
1527764304.82	4300	59.75019	0.0	2105231	24	4.3
1527764308.98	4300	59.499089	0.0	2395588	27	4.3
1527764312.63	4300	59.749746	0.0	1972048	17	4.3
1527764316.79	4300	59.750266	0.0	2134614	23	4.3
1527764320.94	4300	59.500364	0.0	2164140	20	4.3
1527764325.09	4300	59.500155	0.0	2113193	25	4.3
1527764328.74	4300	59.750193	0.0	2147852	21	4.3
1527764332.9	4300	59.500102	0.0	2191074	23	4.3
1527764337.06	4300	59.500567	0.0	2286761	28	4.3
1527764340.73	4300	59.749388	0.0	2307787	28	4.3
1527764344.89	4300	59.500495	0.0	2143948	23	4.3
1527764348.53	4300	59.998859	0.0	1919781	22	4.3
1527764352.69	4300	59.750053	0.0	2147467	28	4.3
1527764356.84	4300	59.7494	0.0	2133870	23	4.3
1527764360.49	4300	59.999136	0.0	2146120	26	4.3
1527764364.64	4300	59.748842	0.0	2108491	21	4.3
1527764368.8	4300	59.748712	0.0	2184571	25	4.3
1527764372.44	4300	59.999216	0.0	2121928	23	4.3
1527764377.1	4300	59.498815	0.0	2219102	26	4.3
1527764380.76	4300	59.7499	0.0	2124950	24	4.3
1527764384.91	4300	59.500263	0.0	2246506	26	4.3
1527764389.05	4300	59.500238	0.0	1961140	23	4.3
1527764392.66	4300	59.750484	0.0	2155012	13	4.3
1527764394.26	4300	59.92958	0.0	1433658	16	4.3

1527764394.49	750	4	0.017	668286	2	-0.07309999999999994
1527764394.65	4300	7.949618	0.0	2123065	22	0.75
1527764394.78	4300	11.822996	0.0	2177073	15	4.3
1527764394.9	4300	15.691806	0.0	2160877	14	4.3
1527764395.02	4300	19.572994	0.0	2233056	8	4.3
1527764395.13	4300	23.466067	0.0	1941625	5	4.3
1527764395.26	4300	27.35599	0.0	2157535	7	4.3
1527764395.39	4300	31.209474	0.0	2290172	19	4.3
1527764395.5	4300	35.098281	0.0	2055469	9	4.3
1527764395.64	4300	38.960619	0.0	2169201	22	4.3
1527764395.76	4300	42.83902	0.0	2173522	12	4.3
1527764395.88	4300	46.717534	0.0	2102452	13	4.3
1527764396.0	4300	50.599553	0.0	2209463	12	4.3
1527764396.12	4300	54.477834	0.0	2275376	13	4.3
1527764396.24	4300	58.360209	0.0	2005399	12	4.3
1527764398.87	4300	59.749142	0.0	2152483	13	4.3
1527764403.01	4300	59.749285	0.0	2289689	20	4.3
1527764406.87	4300	59.999337	0.0	2059512	16	4.3
1527764411.03	4300	59.748581	0.0	2220726	18	4.3
1527764414.68	4300	59.999292	0.0	2156729	26	4.3
