1527728826.85	750	4	0.012	450283	2	-0.05159999999999998
1527728826.95	4300	7.979284	0.0	2123065	8	0.75
1527728827.04	4300	11.893668	0.0	2177073	17	4.3
1527728827.11	4300	15.817534	0.0	2160877	11	4.3
1527728827.18	4300	19.751602	0.0	2233056	9	4.3
1527728827.24	4300	23.689866	0.0	1941625	6	4.3
1527728827.31	4300	27.622451	0.0	2157535	7	4.3
1527728827.37	4300	31.555649	0.0	2290172	8	4.3
1527728827.44	4300	35.491519	0.0	2055469	6	4.3
1527728827.51	4300	39.4257	0.0	2169201	7	4.3
1527728827.57	4300	43.359202	0.0	2173522	7	4.3
1527728827.64	4300	47.293057	0.0	2102452	7	4.3
1527728827.7	4300	51.229581	0.0	2209463	7	4.3
1527728827.76	4300	55.16558	0.0	2275376	7	4.3
1527728827.83	4300	59.096942	0.0	2005399	7	4.3
1527728831.42	4300	59.748638	0.0	2152483	7	4.3
1527728835.54	4300	59.49891	0.0	2289689	25	4.3
1527728839.16	4300	59.999273	0.0	2059512	23	4.3
1527728843.28	4300	59.749291	0.0	2220726	26	4.3
1527728847.39	4300	59.748598	0.0	2156729	23	4.3
1527728851.0	4300	59.999063	0.0	2039773	21	4.3
1527728855.11	4300	59.999162	0.0	2176469	24	4.3
1527728859.22	4300	59.748932	0.0	2221506	26	4.3
1527728863.32	4300	59.748446	0.0	2044075	24	4.3
1527728867.44	4300	59.748241	0.0	2186790	25	4.3
1527728871.05	4300	59.999286	0.0	2105231	20	4.3
1527728875.18	4300	59.99868	0.0	2395588	27	4.3
1527728879.29	4300	59.749079	0.0	1972048	22	4.3
1527728883.4	4300	59.748558	0.0	2134614	24	4.3
1527728887.01	4300	59.997947	0.0	2164140	22	4.3
1527728891.11	4300	59.999419	0.0	2113193	20	4.3
1527728895.22	4300	59.748893	0.0	2147852	23	4.3
1527728899.33	4300	59.748709	0.0	2191074	25	4.3
1527728903.44	4300	59.749242	0.0	2286761	25	4.3
1527728907.64	4300	59.497847	0.0	2307787	26	4.3
1527728911.26	4300	59.749592	0.0	2143948	21	4.3
1527728915.35	4300	59.749162	0.0	1919781	14	4.3
1527728918.96	4300	59.999205	0.0	2147467	22	4.3
1527728923.07	4300	59.997872	0.0	2133870	20	4.3
1527728927.17	4300	59.99911	0.0	2146120	19	4.3
1527728931.28	4300	59.747808	0.0	2108491	23	4.3
1527728935.39	4300	59.748499	0.0	2184571	24	4.3
1527728938.99	4300	59.999246	0.0	2121928	23	4.3
1527728943.1	4300	59.999058	0.0	2219102	23	4.3
1527728947.21	4300	59.748085	0.0	2124950	25	4.3
1527728951.32	4300	59.748916	0.0	2246506	21	4.3
1527728955.43	4300	59.74833	0.0	1961140	22	4.3
1527728959.02	4300	59.998941	0.0	2155012	12	4.3
1527728961.12	4300	59.679561	0.0	1433658	18	4.3

1527728961.34	750	4	0.011	668286	2	-0.04730000000000001
1527728961.41	4300	7.977437	0.0	2123065	7	0.75
1527728961.5	4300	11.89809	0.0	2177073	16	4.3
1527728961.57	4300	15.824445	0.0	2160877	10	4.3
1527728961.67	4300	19.726626	0.0	2233056	18	4.3
1527728961.74	4300	23.657443	0.0	1941625	11	4.3
1527728961.82	4300	27.574418	0.0	2157535	16	4.3
1527728961.88	4300	31.509085	0.0	2290172	7	4.3
1527728961.95	4300	35.445593	0.0	2055469	7	4.3
1527728962.01	4300	39.380158	0.0	2169201	8	4.3
1527728962.09	4300	43.300435	0.0	2173522	17	4.3
1527728962.16	4300	47.229321	0.0	2102452	11	4.3
1527728962.24	4300	51.155128	0.0	2209463	11	4.3
1527728962.31	4300	55.080306	0.0	2275376	12	4.3
1527728962.38	4300	59.010823	0.0	2005399	10	4.3
1527728965.46	4300	59.999118	0.0	2152483	11	4.3
1527728969.56	4300	59.999345	0.0	2289689	22	4.3
1527728973.67	4300	59.749024	0.0	2059512	23	4.3
1527728977.78	4300	59.749473	0.0	2220726	25	4.3
1527728981.89	4300	59.748678	0.0	2156729	24	4.3
1527728985.5	4300	59.999135	0.0	2039773	21	4.3
1527728989.6	4300	59.998966	0.0	2176469	21	4.3
1527728993.71	4300	59.748799	0.0	2221506	24	4.3
1527728997.81	4300	59.74879	0.0	2044075	24	4.3
1527729001.42	4300	59.998419	0.0	2186790	27	4.3
1527729005.54	4300	59.998669	0.0	2105231	23	4.3
1527729009.66	4300	59.748334	0.0	2395588	18	4.3
1527729013.77	4300	59.748668	0.0	1972048	21	4.3
1527729017.88	4300	59.748418	0.0	2134614	25	4.3
1527729021.49	4300	59.998808	0.0	2164140	25	4.3
1527729025.6	4300	59.999462	0.0	2113193	20	4.3
1527729029.7	4300	59.748076	0.0	2147852	26	4.3
1527729033.81	4300	59.747769	0.0	2191074	24	4.3
1527729037.42	4300	59.999178	0.0	2286761	24	4.3
1527729041.53	4300	59.99854	0.0	2307787	25	4.3
1527729045.64	4300	59.998566	0.0	2143948	24	4.3
1527729049.74	4300	59.748211	0.0	1919781	21	4.3
1527729053.83	4300	59.747894	0.0	2147467	11	4.3
1527729057.44	4300	59.99907	0.0	2133870	28	4.3
1527729061.54	4300	59.998683	0.0	2146120	19	4.3
1527729065.64	4300	59.998649	0.0	2108491	23	4.3
1527729069.73	4300	59.74836	0.0	2184571	14	4.3
1527729073.83	4300	59.74903	0.0	2121928	11	4.3
1527729077.43	4300	59.998716	0.0	2219102	13	4.3
1527729081.54	4300	59.868694	0.0	2124950	24	4.3
1527729085.65	4300	59.748555	0.0	2246506	24	4.3
1527729089.76	4300	59.748213	0.0	1961140	22	4.3
1527729093.85	4300	59.747508	0.0	2155012	11	4.3
1527729095.44	4300	59.679547	0.0	1433658	17	4.3

1527729095.67	750	4	0.017	668286	2	-0.07309999999999994
1527729095.74	4300	7.981288	0.0	2123065	6	0.75
1527729095.81	4300	11.91662	0.0	2177073	7	4.3
1527729095.89	4300	15.847835	0.0	2160877	7	4.3
1527729095.96	4300	19.759233	0.0	2233056	8	4.3
1527729096.03	4300	23.694189	0.0	1941625	6	4.3
1527729096.09	4300	27.630567	0.0	2157535	6	4.3
1527729096.16	4300	31.561997	0.0	2290172	9	4.3
1527729096.22	4300	35.498303	0.0	2055469	7	4.3
1527729096.29	4300	39.433086	0.0	2169201	8	4.3
1527729096.35	4300	43.367013	0.0	2173522	6	4.3
1527729096.44	4300	47.280847	0.0	2102452	19	4.3
1527729096.51	4300	51.207164	0.0	2209463	13	4.3
1527729096.58	4300	55.141576	0.0	2275376	7	4.3
1527729096.64	4300	59.07662	0.0	2005399	7	4.3
1527729100.22	4300	59.748043	0.0	2152483	9	4.3
1527729103.83	4300	59.999238	0.0	2289689	19	4.3
1527729107.93	4300	59.999347	0.0	2059512	18	4.3
1527729112.03	4300	59.748834	0.0	2220726	23	4.3
1527729116.14	4300	59.748466	0.0	2156729	23	4.3
1527729120.25	4300	59.498958	0.0	2039773	23	4.3
1527729123.85	4300	59.99873	0.0	2176469	25	4.3
1527729128.46	4300	59.499493	0.0	2221506	24	4.3
1527729132.06	4300	59.749074	0.0	2044075	15	4.3
1527729136.18	4300	59.748639	0.0	2186790	23	4.3
1527729140.31	4300	59.499468	0.0	2105231	22	4.3
1527729144.41	4300	59.499298	0.0	2395588	19	4.3
1527729148.01	4300	59.748983	0.0	1972048	18	4.3
