1528148095.25	750	4	0.027	2354772	6	-0.11609999999999998
1528148095.38	4300	7.960538	0.0	2123065	24	0.75
1528148095.46	4300	11.879146	0.0	2177073	15	4.3
1528148095.56	4300	15.778005	0.0	2160877	25	4.3
1528148095.65	4300	19.695238	0.0	2233056	13	4.3
1528148095.71	4300	23.630288	0.0	1941625	5	4.3
1528148095.79	4300	27.549268	0.0	2157535	15	4.3
1528148095.9	4300	31.446164	0.0	2290172	32	4.3
1528148095.97	4300	35.370095	0.0	2055469	10	4.3
1528148096.07	4300	39.269491	0.0	2169201	26	4.3
1528148096.15	4300	43.19077	0.0	2173522	13	4.3
1528148096.24	4300	47.102767	0.0	2102452	12	4.3
1528148096.33	4300	51.018212	0.0	2209463	14	4.3
1528148096.45	4300	54.896323	0.0	2275376	27	4.3
1528148096.55	4300	58.793671	0.0	2005399	25	4.3
1528148099.66	4300	59.748831	0.0	2152483	25	4.3
1528148103.77	4300	59.748684	0.0	2289689	25	4.3
1528148107.39	4300	59.999414	0.0	2059512	23	4.3
1528148111.49	4300	59.998711	0.0	2220726	22	4.3
1528148115.6	4300	59.748684	0.0	2156729	24	4.3
1528148119.71	4300	59.749129	0.0	2039773	22	4.3
1528148123.82	4300	59.74917	0.0	2176469	23	4.3
1528148127.43	4300	59.998623	0.0	2221506	23	4.3
1528148132.1	4300	59.498437	0.0	2044075	20	4.3
1528148135.71	4300	59.74908	0.0	2186790	25	4.3
1528148139.82	4300	59.747944	0.0	2105231	20	4.3
1528148143.43	4300	59.999314	0.0	2395588	23	4.3
1528148147.58	4300	59.999168	0.0	1972048	22	4.3
1528148151.69	4300	59.748044	0.0	2134614	25	4.3
1528148155.81	4300	59.664969	0.0	2164140	25	4.3
1528148159.41	4300	59.999123	0.0	2113193	23	4.3
1528148163.52	4300	59.998583	0.0	2147852	21	4.3
1528148167.63	4300	59.749134	0.0	2191074	22	4.3
1528148171.74	4300	59.749166	0.0	2286761	18	4.3
1528148175.84	4300	59.748955	0.0	2307787	23	4.3
1528148179.45	4300	59.999273	0.0	2143948	23	4.3
1528148183.55	4300	59.999179	0.0	1919781	21	4.3
1528148187.66	4300	59.748821	0.0	2147467	24	4.3
1528148191.78	4300	59.749249	0.0	2133870	24	4.3
1528148195.37	4300	59.998969	0.0	2146120	14	4.3
1528148199.48	4300	59.998623	0.0	2108491	23	4.3
1528148203.59	4300	59.998654	0.0	2184571	26	4.3
1528148207.7	4300	59.748005	0.0	2121928	25	4.3
1528148211.91	4300	59.747972	0.0	2219102	24	4.3
1528148215.51	4300	59.999397	0.0	2124950	23	4.3
1528148219.62	4300	59.747969	0.0	2246506	23	4.3
1528148223.72	4300	59.748666	0.0	1961140	21	4.3
1528148227.83	4300	59.748935	0.0	2155012	24	4.3
1528148229.43	4300	59.679136	0.0	1433658	15	4.3

1528148229.63	750	4	0.018	668286	1	-0.07740000000000002
1528148229.7	4300	7.979033	0.0	2123065	6	0.75
1528148229.8	4300	11.889145	0.0	2177073	21	4.3
1528148229.89	4300	15.797327	0.0	2160877	21	4.3
1528148229.99	4300	19.699051	0.0	2233056	21	4.3
1528148230.08	4300	23.601211	0.0	1941625	22	4.3
1528148230.16	4300	27.525015	0.0	2157535	13	4.3
1528148230.27	4300	31.415718	0.0	2290172	26	4.3
1528148230.36	4300	35.324287	0.0	2055469	20	4.3
1528148230.45	4300	39.233228	0.0	2169201	22	4.3
1528148230.54	4300	43.141605	0.0	2173522	20	4.3
1528148230.64	4300	47.04854	0.0	2102452	20	4.3
1528148230.73	4300	50.956842	0.0	2209463	20	4.3
1528148230.82	4300	54.865154	0.0	2275376	20	4.3
1528148230.92	4300	58.763992	0.0	2005399	21	4.3
1528148234.06	4300	59.748847	0.0	2152483	24	4.3
1528148238.16	4300	59.749301	0.0	2289689	21	4.3
1528148241.77	4300	59.999215	0.0	2059512	22	4.3
1528148245.87	4300	59.999296	0.0	2220726	21	4.3
1528148249.98	4300	59.748334	0.0	2156729	23	4.3
1528148254.08	4300	59.749101	0.0	2039773	21	4.3
1528148258.19	4300	59.498665	0.0	2176469	26	4.3
1528148262.3	4300	59.499365	0.0	2221506	25	4.3
1528148265.91	4300	59.997825	0.0	2044075	22	4.3
1528148270.02	4300	59.749407	0.0	2186790	22	4.3
1528148274.12	4300	59.747681	0.0	2105231	23	4.3
1528148277.73	4300	59.997817	0.0	2395588	27	4.3
1528148281.83	4300	59.998897	0.0	1972048	22	4.3
1528148285.97	4300	59.749107	0.0	2134614	24	4.3
1528148290.08	4300	59.749261	0.0	2164140	26	4.3
1528148294.19	4300	59.499519	0.0	2113193	23	4.3
1528148297.76	4300	59.998666	0.0	2147852	7	4.3
1528148301.87	4300	59.999401	0.0	2191074	24	4.3
1528148305.98	4300	59.749329	0.0	2286761	27	4.3
1528148310.09	4300	59.74932	0.0	2307787	26	4.3
1528148313.7	4300	59.998132	0.0	2143948	24	4.3
1528148317.81	4300	59.998853	0.0	1919781	20	4.3
1528148321.92	4300	59.999489	0.0	2147467	24	4.3
1528148326.03	4300	59.748775	0.0	2133870	22	4.3
1528148330.14	4300	59.749081	0.0	2146120	20	4.3
1528148333.74	4300	59.998281	0.0	2108491	23	4.3
1528148337.85	4300	59.99926	0.0	2184571	22	4.3
1528148341.96	4300	59.749452	0.0	2121928	21	4.3
1528148346.07	4300	59.747992	0.0	2219102	24	4.3
1528148350.18	4300	59.68445	0.0	2124950	21	4.3
1528148353.78	4300	59.999408	0.0	2246506	22	4.3
1528148357.89	4300	59.998572	0.0	1961140	20	4.3
1528148362.0	4300	59.748929	0.0	2155012	24	4.3
1528148363.6	4300	59.92911	0.0	1433658	18	4.3

1528148363.79	750	4	0.02	668286	2	-0.08599999999999997
1528148363.89	4300	7.958231	0.0	2123065	17	0.75
1528148363.98	4300	11.86209	0.0	2177073	23	4.3
1528148364.08	4300	15.770493	0.0	2160877	21	4.3
1528148364.18	4300	19.669712	0.0	2233056	20	4.3
1528148364.26	4300	23.585007	0.0	1941625	15	4.3
1528148364.34	4300	27.505174	0.0	2157535	15	4.3
1528148364.41	4300	31.4319	0.0	2290172	10	4.3
1528148364.48	4300	35.363485	0.0	2055469	10	4.3
1528148364.58	4300	39.267906	0.0	2169201	24	4.3
1528148364.66	4300	43.19033	0.0	2173522	14	4.3
1528148364.76	4300	47.089902	0.0	2102452	26	4.3
1528148364.85	4300	50.994823	0.0	2209463	26	4.3
1528148364.95	4300	54.902527	0.0	2275376	24	4.3
1528148365.04	4300	58.811366	0.0	2005399	21	4.3
1528148368.15	4300	59.74891	0.0	2152483	20	4.3
1528148372.26	4300	59.748474	0.0	2289689	23	4.3
1528148376.37	4300	59.499686	0.0	2059512	21	4.3
1528148379.98	4300	59.998728	0.0	2220726	22	4.3
1528148384.1	4300	59.998439	0.0	2156729	22	4.3
1528148388.21	4300	59.749521	0.0	2039773	23	4.3
