1527672337.13	750	4	0.014	450283	2	-0.06020000000000003
1527672337.27	4300	7.950223	0.0	2123065	13	0.75
1527672337.37	4300	11.852225	0.0	2177073	23	4.3
1527672337.44	4300	15.772897	0.0	2160877	13	4.3
1527672337.54	4300	19.672553	0.0	2233056	26	4.3
1527672337.61	4300	23.602812	0.0	1941625	9	4.3
1527672337.71	4300	27.509778	0.0	2157535	20	4.3
1527672337.82	4300	31.403143	0.0	2290172	29	4.3
1527672337.91	4300	35.311387	0.0	2055469	21	4.3
1527672338.0	4300	39.217663	0.0	2169201	22	4.3
1527672338.09	4300	43.126366	0.0	2173522	20	4.3
1527672338.18	4300	47.033166	0.0	2102452	20	4.3
1527672338.27	4300	50.945	0.0	2209463	17	4.3
1527672338.37	4300	54.851695	0.0	2275376	21	4.3
1527672338.47	4300	58.751816	0.0	2005399	23	4.3
1527672341.57	4300	59.749744	0.0	2152483	15	4.3
1527672345.68	4300	59.749667	0.0	2289689	22	4.3
1527672349.29	4300	59.997816	0.0	2059512	20	4.3
1527672353.39	4300	59.997803	0.0	2220726	17	4.3
1527672357.5	4300	59.749528	0.0	2156729	18	4.3
1527672361.6	4300	59.749486	0.0	2039773	21	4.3
1527672365.71	4300	59.748211	0.0	2176469	22	4.3
1527672369.32	4300	59.999336	0.0	2221506	23	4.3
1527672373.42	4300	59.998448	0.0	2044075	21	4.3
1527672377.53	4300	59.749673	0.0	2186790	23	4.3
1527672381.64	4300	59.749258	0.0	2105231	21	4.3
1527672385.26	4300	59.998841	0.0	2395588	26	4.3
1527672389.37	4300	59.998998	0.0	1972048	20	4.3
1527672393.48	4300	59.748755	0.0	2134614	23	4.3
1527672397.71	4300	59.747805	0.0	2164140	25	4.3
1527672401.32	4300	59.998832	0.0	2113193	25	4.3
1527672405.43	4300	59.998948	0.0	2147852	23	4.3
1527672409.54	4300	59.749321	0.0	2191074	24	4.3
1527672413.65	4300	59.749575	0.0	2286761	23	4.3
1527672417.26	4300	59.998038	0.0	2307787	27	4.3
1527672421.37	4300	59.999312	0.0	2143948	20	4.3
1527672425.47	4300	59.749425	0.0	1919781	20	4.3
1527672429.58	4300	59.749776	0.0	2147467	26	4.3
1527672433.69	4300	59.749719	0.0	2133870	25	4.3
1527672437.3	4300	59.998947	0.0	2146120	24	4.3
1527672441.9	4300	59.497867	0.0	2108491	21	4.3
1527672445.51	4300	59.749578	0.0	2184571	24	4.3
1527672449.62	4300	59.749263	0.0	2121928	24	4.3
1527672453.23	4300	59.998969	0.0	2219102	23	4.3
1527672457.83	4300	59.499856	0.0	2124950	22	4.3
1527672461.44	4300	59.999176	0.0	2246506	27	4.3
1527672465.55	4300	59.749604	0.0	1961140	21	4.3
1527672469.66	4300	59.749544	0.0	2155012	23	4.3
1527672471.26	4300	59.679272	0.0	1433658	18	4.3

1527672471.48	750	4	0.015	668286	5	-0.0645
1527672471.59	4300	7.948843	0.0	2123065	20	0.75
1527672471.68	4300	11.85562	0.0	2177073	19	4.3
1527672471.78	4300	15.763568	0.0	2160877	19	4.3
1527672471.88	4300	19.656641	0.0	2233056	24	4.3
1527672471.96	4300	23.576233	0.0	1941625	11	4.3
1527672472.06	4300	27.482704	0.0	2157535	15	4.3
1527672472.16	4300	31.380615	0.0	2290172	27	4.3
1527672472.25	4300	35.289886	0.0	2055469	21	4.3
1527672472.34	4300	39.197427	0.0	2169201	21	4.3
1527672472.43	4300	43.107462	0.0	2173522	20	4.3
1527672472.52	4300	47.018996	0.0	2102452	19	4.3
1527672472.61	4300	50.925389	0.0	2209463	22	4.3
1527672472.71	4300	54.8331	0.0	2275376	20	4.3
1527672472.8	4300	58.743844	0.0	2005399	18	4.3
1527672475.9	4300	59.748775	0.0	2152483	18	4.3
1527672480.02	4300	59.748399	0.0	2289689	27	4.3
1527672483.62	4300	59.99881	0.0	2059512	21	4.3
1527672487.73	4300	59.998505	0.0	2220726	22	4.3
1527672491.83	4300	59.749408	0.0	2156729	24	4.3
1527672495.94	4300	59.748941	0.0	2039773	22	4.3
1527672499.55	4300	59.999309	0.0	2176469	26	4.3
1527672503.65	4300	59.998888	0.0	2221506	21	4.3
1527672507.76	4300	59.998557	0.0	2044075	24	4.3
1527672511.87	4300	59.74924	0.0	2186790	25	4.3
1527672515.98	4300	59.748691	0.0	2105231	24	4.3
1527672519.59	4300	59.999426	0.0	2395588	27	4.3
1527672523.69	4300	59.99905	0.0	1972048	20	4.3
1527672527.8	4300	59.749074	0.0	2134614	25	4.3
1527672531.91	4300	59.749201	0.0	2164140	23	4.3
1527672536.02	4300	59.748841	0.0	2113193	26	4.3
1527672539.62	4300	59.998678	0.0	2147852	24	4.3
1527672543.73	4300	59.998323	0.0	2191074	25	4.3
1527672547.84	4300	59.747799	0.0	2286761	26	4.3
1527672551.95	4300	59.748741	0.0	2307787	26	4.3
1527672555.56	4300	59.997632	0.0	2143948	24	4.3
1527672559.66	4300	59.999166	0.0	1919781	22	4.3
1527672563.77	4300	59.998212	0.0	2147467	24	4.3
1527672567.89	4300	59.748954	0.0	2133870	24	4.3
1527672571.99	4300	59.747635	0.0	2146120	24	4.3
1527672575.6	4300	59.997764	0.0	2108491	24	4.3
1527672579.71	4300	59.999314	0.0	2184571	24	4.3
1527672583.82	4300	59.748744	0.0	2121928	23	4.3
1527672587.92	4300	59.748321	0.0	2219102	23	4.3
1527672592.03	4300	59.700496	0.0	2124950	25	4.3
1527672595.64	4300	59.997756	0.0	2246506	24	4.3
1527672599.74	4300	59.999371	0.0	1961140	22	4.3
1527672603.85	4300	59.748844	0.0	2155012	25	4.3
1527672605.46	4300	59.929343	0.0	1433658	35	4.3

1527672605.68	750	4	0.015	668286	3	-0.0645
1527672605.75	4300	7.981264	0.0	2123065	5	0.75
1527672605.84	4300	11.893061	0.0	2177073	21	4.3
1527672605.92	4300	15.811428	0.0	2160877	15	4.3
1527672606.02	4300	19.708279	0.0	2233056	24	4.3
1527672606.11	4300	23.618803	0.0	1941625	19	4.3
1527672606.21	4300	27.521709	0.0	2157535	13	4.3
1527672606.32	4300	31.412871	0.0	2290172	30	4.3
1527672606.39	4300	35.33926	0.0	2055469	11	4.3
1527672606.49	4300	39.23686	0.0	2169201	23	4.3
1527672606.59	4300	43.140279	0.0	2173522	25	4.3
1527672606.66	4300	47.065939	0.0	2102452	11	4.3
1527672606.77	4300	50.962769	0.0	2209463	27	4.3
1527672606.84	4300	54.888048	0.0	2275376	13	4.3
1527672606.94	4300	58.791192	0.0	2005399	23	4.3
1527672610.05	4300	59.749184	0.0	2152483	23	4.3
1527672614.16	4300	59.748961	0.0	2289689	26	4.3
1527672617.77	4300	59.998688	0.0	2059512	25	4.3
1527672621.88	4300	59.998601	0.0	2220726	24	4.3
1527672625.99	4300	59.749441	0.0	2156729	21	4.3
