1528160191.92	750	4	0.015	450283	3	-0.0645
1528160192.07	4300	7.949355	0.0	2123065	19	0.75
1528160192.21	4300	11.806222	0.0	2177073	25	4.3
1528160192.36	4300	15.659588	0.0	2160877	27	4.3
1528160192.51	4300	19.511589	0.0	2233056	27	4.3
1528160192.64	4300	23.380456	0.0	1941625	16	4.3
1528160192.78	4300	27.238032	0.0	2157535	24	4.3
1528160192.93	4300	31.091133	0.0	2290172	25	4.3
1528160193.07	4300	34.945748	0.0	2055469	23	4.3
1528160193.21	4300	38.807775	0.0	2169201	21	4.3
1528160193.41	4300	42.605033	0.0	2173522	23	4.3
1528160193.62	4300	46.402859	0.0	2102452	24	4.3
1528160193.76	4300	50.263945	0.0	2209463	20	4.3
1528160193.92	4300	54.097068	0.0	2275376	26	4.3
1528160194.08	4300	57.943165	0.0	2005399	10	4.3
1528160196.23	4300	59.998793	0.0	2152483	24	4.3
1528160200.39	4300	59.747714	0.0	2289689	24	4.3
1528160204.03	4300	59.997752	0.0	2059512	20	4.3
1528160208.19	4300	59.99871	0.0	2220726	23	4.3
1528160212.34	4300	59.749464	0.0	2156729	21	4.3
1528160216.54	4300	59.748007	0.0	2039773	24	4.3
1528160220.18	4300	59.998665	0.0	2176469	21	4.3
1528160224.34	4300	59.748753	0.0	2221506	23	4.3
1528160228.49	4300	59.748464	0.0	2044075	20	4.3
1528160232.15	4300	59.999405	0.0	2186790	26	4.3
1528160236.31	4300	59.749525	0.0	2105231	22	4.3
1528160240.46	4300	59.749443	0.0	2395588	20	4.3
1528160244.11	4300	59.997863	0.0	1972048	22	4.3
1528160248.31	4300	59.749157	0.0	2134614	24	4.3
1528160252.47	4300	59.749354	0.0	2164140	24	4.3
1528160256.12	4300	59.998762	0.0	2113193	21	4.3
1528160260.28	4300	59.747577	0.0	2147852	24	4.3
1528160264.43	4300	59.748872	0.0	2191074	20	4.3
1528160268.09	4300	59.999184	0.0	2286761	24	4.3
1528160272.25	4300	59.999369	0.0	2307787	26	4.3
1528160276.41	4300	59.749263	0.0	2143948	24	4.3
1528160280.07	4300	59.999465	0.0	1919781	18	4.3
1528160284.72	4300	59.499526	0.0	2147467	24	4.3
1528160288.38	4300	59.749074	0.0	2133870	22	4.3
1528160292.03	4300	59.99928	0.0	2146120	21	4.3
1528160296.19	4300	59.997943	0.0	2108491	23	4.3
1528160300.34	4300	59.749143	0.0	2184571	19	4.3
1528160304.52	4300	59.748944	0.0	2121928	24	4.3
1528160308.18	4300	59.998168	0.0	2219102	21	4.3
1528160312.33	4300	59.747928	0.0	2124950	24	4.3
1528160316.48	4300	59.749229	0.0	2246506	21	4.3
1528160320.11	4300	59.998807	0.0	1961140	20	4.3
1528160324.23	4300	59.998135	0.0	2155012	23	4.3
1528160325.84	4300	59.928229	0.0	1433658	15	4.3

1528160326.06	750	4	0.014	668286	2	-0.06020000000000003
1528160326.21	4300	7.955605	0.0	2123065	14	0.75
1528160326.35	4300	11.817313	0.0	2177073	21	4.3
1528160326.49	4300	15.673408	0.0	2160877	21	4.3
1528160326.64	4300	19.530206	0.0	2233056	17	4.3
1528160326.77	4300	23.396402	0.0	1941625	19	4.3
1528160326.91	4300	27.253493	0.0	2157535	23	4.3
1528160327.05	4300	31.118032	0.0	2290172	19	4.3
1528160327.19	4300	34.979263	0.0	2055469	20	4.3
1528160327.33	4300	38.833496	0.0	2169201	24	4.3
1528160327.48	4300	42.686885	0.0	2173522	24	4.3
1528160327.61	4300	46.553961	0.0	2102452	20	4.3
1528160327.75	4300	50.412017	0.0	2209463	25	4.3
1528160327.9	4300	54.265905	0.0	2275376	24	4.3
1528160328.03	4300	58.132262	0.0	2005399	17	4.3
1528160330.19	4300	59.9988	0.0	2152483	25	4.3
1528160334.85	4300	59.499944	0.0	2289689	27	4.3
1528160338.5	4300	59.749899	0.0	2059512	20	4.3
1528160342.65	4300	59.74874	0.0	2220726	25	4.3
1528160346.8	4300	59.498458	0.0	2156729	20	4.3
1528160350.46	4300	59.749719	0.0	2039773	22	4.3
1528160354.62	4300	59.750417	0.0	2176469	25	4.3
1528160358.77	4300	59.499779	0.0	2221506	22	4.3
1528160362.42	4300	59.999434	0.0	2044075	19	4.3
1528160366.57	4300	59.749246	0.0	2186790	25	4.3
1528160370.22	4300	59.998968	0.0	2105231	17	4.3
1528160374.87	4300	59.499019	0.0	2395588	25	4.3
1528160378.52	4300	59.749609	0.0	1972048	19	4.3
1528160382.67	4300	59.500252	0.0	2134614	25	4.3
1528160386.85	4300	59.499297	0.0	2164140	22	4.3
1528160390.5	4300	59.74889	0.0	2113193	17	4.3
1528160394.65	4300	59.748701	0.0	2147852	25	4.3
1528160398.3	4300	59.998732	0.0	2191074	20	4.3
1528160402.5	4300	59.750531	0.0	2286761	22	4.3
1528160406.66	4300	59.750535	0.0	2307787	24	4.3
1528160410.82	4300	59.49983	0.0	2143948	23	4.3
1528160414.47	4300	59.750277	0.0	1919781	17	4.3
1528160418.62	4300	59.750379	0.0	2147467	23	4.3
1528160422.77	4300	59.500373	0.0	2133870	20	4.3
1528160426.42	4300	59.749037	0.0	2146120	26	4.3
1528160430.59	4300	59.749187	0.0	2108491	26	4.3
1528160434.74	4300	59.500141	0.0	2184571	17	4.3
1528160438.9	4300	59.499528	0.0	2121928	20	4.3
1528160442.57	4300	59.750468	0.0	2219102	23	4.3
1528160446.22	4300	59.999372	0.0	2124950	25	4.3
1528160450.86	4300	59.499225	0.0	2246506	22	4.3
1528160454.5	4300	59.750393	0.0	1961140	24	4.3
1528160458.64	4300	59.748986	0.0	2155012	25	4.3
1528160460.25	4300	59.679283	0.0	1433658	15	4.3

1528160460.48	750	4	0.017	668286	3	-0.07309999999999994
1528160460.64	4300	7.950306	0.0	2123065	18	0.75
1528160460.78	4300	11.806698	0.0	2177073	23	4.3
1528160460.93	4300	15.658818	0.0	2160877	26	4.3
1528160461.08	4300	19.513563	0.0	2233056	25	4.3
1528160461.21	4300	23.374642	0.0	1941625	17	4.3
1528160461.35	4300	27.23458	0.0	2157535	21	4.3
1528160461.5	4300	31.088793	0.0	2290172	26	4.3
1528160461.66	4300	34.93664	0.0	2055469	23	4.3
1528160461.8	4300	38.785138	0.0	2169201	29	4.3
1528160461.98	4300	42.612167	0.0	2173522	23	4.3
1528160462.14	4300	46.452531	0.0	2102452	19	4.3
1528160462.34	4300	50.248355	0.0	2209463	23	4.3
1528160462.49	4300	54.100934	0.0	2275376	29	4.3
1528160462.67	4300	57.921015	0.0	2005399	22	4.3
1528160464.82	4300	59.999416	0.0	2152483	22	4.3
