1528190173.71	2000	19.785648	0.0	943942	2830	2.0
1528190176.23	2000	21.271998	0.0	728962	2342	2.0
1528190179.25	2000	22.249984	0.0	938587	2834	2.0
1528190182.12	2000	23.38684	0.0	908665	2657	2.0
1528190185.02	2000	24.477507	0.0	930577	2712	2.0
1528190187.97	2000	25.54356	0.0	858450	2734	2.0
1528190193.21	3000	24.297892	0.0	1527299	5008	2.0
1528190196.14	2000	25.365947	0.0	886255	2656	1.0
1528190200.95	2000	24.568213	0.0	973972	4587	2.0
1528190222.27	3000	7.228872	0.0	1464921	21059	2.0
1528190225.64	1000	7.878576	0.0	638661	2985	-1.0
1528190227.34	2000	10.19092	0.0	830730	1454	1.0
1528190228.28	1000	13.24207	0.0	550906	722	0.0
1528190229.09	1000	14.121985	0.0	391450	590	1.0
1528190281.4	600	3.994527	-8.688	668286	1715	37.558400000000006
1528190283.34	1000	6.020909	0.0	611087	1723	0.6
1528190286.37	2000	7.004866	0.0	877771	2782	1.0
1528190289.03	2000	8.345624	0.0	933276	2451	2.0
1528190292.82	2000	8.566139	0.0	996749	3558	2.0
1528190295.41	2000	9.943635	0.0	801058	2399	2.0
1528190298.15	2000	11.219549	0.0	905515	2544	2.0
1528190302.53	2000	10.875059	0.0	1060487	4133	2.0
1528190305.84	2000	11.547469	0.0	852833	3096	2.0
1528190308.42	2000	12.978665	0.0	913888	2324	2.0
1528190310.31	2000	15.052563	0.0	939819	1683	2.0
1528190312.22	2000	17.163414	0.0	917428	1695	2.0
1528190315.07	2000	18.29294	0.0	946851	2652	2.0
1528190317.43	2000	19.955587	0.0	1036454	2148	2.0
1528190319.53	2000	21.853495	0.0	821631	1894	2.0
1528190323.49	2000	21.891386	0.0	923170	3753	2.0
1528190328.19	2000	21.210389	0.0	966699	4456	2.0
1528190331.42	2000	21.962653	0.0	885714	3031	2.0
1528190339.98	2000	17.400802	0.0	987708	8351	2.0
1528190347.63	2000	13.731323	0.0	923755	7361	2.0
1528190353.33	2000	12.039644	0.0	891604	5490	2.0
1528190355.41	2000	13.980822	0.0	955231	1855	2.0
1528190361.37	2000	12.009367	0.0	968026	5743	2.0
1528190368.05	3000	9.32398	0.0	1323990	6340	2.0
1528190370.13	2000	11.242447	0.0	897976	1891	1.0
1528190372.34	2000	13.0284	0.0	905935	1997	2.0
1528190375.44	2000	13.957336	0.0	1076599	2857	2.0
1528190377.81	2000	15.544128	0.0	758197	2191	2.0
1528190380.74	2000	16.640318	0.0	972798	2719	2.0
1528190383.72	2000	17.657148	0.0	975811	2769	2.0
1528190386.16	2000	19.219748	0.0	873429	2229	2.0
1528190389.5	2000	19.883294	0.0	954453	3129	2.0
1528190392.32	2000	21.043276	0.0	885062	2639	2.0
1528190394.57	2000	22.79916	0.0	1035329	2026	2.0
1528190398.39	2000	22.98183	0.0	1026056	3614	2.0
