1528189732.97	2000	4.587277	0.0	943942	3492	2.0
1528189737.08	2000	4.461888	0.0	728962	3932	2.0
1528189744.35	2000	4.286755	3.085	938587	7037	-11.2655
1528189752.86	2000	4.370145	4.589	908665	8244	-17.7327
1528189758.32	2000	4.460832	1.541	930577	5241	-4.6263
1528189762.74	2000	4.24728	0.222	858450	4137	1.0454
1528189767.07	2000	4.473442	0.568	1025005	4131	-0.4424000000000001
1528189770.01	2000	5.559722	0.0	886255	2715	2.0
1528189773.15	2000	6.409762	0.0	973972	2932	2.0
1528189775.36	2000	8.222854	0.0	958994	1993	2.0
1528189777.11	2000	10.456533	0.0	982064	1531	2.0
1528189779.07	2000	12.518544	0.0	830730	1718	2.0
1528189783.35	2000	12.241024	0.0	846370	4040	2.0
1528189791.9	2000	6.611996	0.0	598850	6982	2.0
1528189811.82	600	3.988771	-44.166	1034108	11432	189.11379999999997
1528189814.31	2000	5.400442	0.0	957685	2236	0.6000000000000001
1528189816.71	2000	6.965788	0.0	877771	2193	2.0
1528189819.35	2000	8.335384	0.0	933276	2426	2.0
1528189823.52	2000	8.163902	0.0	996749	3971	2.0
1528189830.07	2000	5.614657	0.0	801058	6325	2.0
1528189834.12	2000	5.554105	0.0	905515	3821	2.0
1528189845.85	2000	4.49703	6.664	1060487	11488	-26.655199999999997
1528189850.97	2000	4.409254	1.032	852833	4861	-2.4375999999999998
1528189854.89	2000	4.494858	0.0	913888	3709	2.0
1528189859.9	2000	4.435591	0.969	939819	4796	-2.1666999999999996
1528189863.58	2000	4.789225	0.0	917428	3450	2.0
1528189870.92	2000	4.400903	2.971	946851	7109	-10.7753
1528189886.47	2000	4.369232	11.539	1036454	15260	-47.6177
1528189888.62	2000	6.584103	0.0	821631	1541	2.0
1528189892.2	2000	6.662682	0.0	923170	3354	2.0
1528189895.01	2000	7.84071	0.0	966699	2589	2.0
1528189896.48	2000	10.378406	0.0	885714	1269	2.0
1528189897.94	1000	12.89458	0.0	639204	1220	0.0
1528189900.14	2000	14.704865	0.0	923755	1999	1.0
1528189901.83	2000	17.013132	0.0	891604	1498	2.0
1528189902.92	1000	19.915196	0.0	616206	904	0.0
1528189904.26	1000	22.591376	0.0	656471	1132	1.0
1528189905.12	1000	25.725006	0.0	536667	672	1.0
1528189906.02	1000	28.814671	0.0	587236	713	1.0
1528189906.96	1000	31.884082	0.0	590335	744	1.0
1528189908.06	1000	34.772608	0.0	696376	921	1.0
1528189908.96	1000	37.874422	0.0	487160	709	1.0
1528189910.09	1000	40.76536	0.0	622896	905	1.0
1528189911.34	1000	43.503342	0.0	641447	1067	1.0
1528189912.33	1000	46.523156	0.0	570392	793	1.0
1528189913.41	1000	49.431028	0.0	620283	892	1.0
1528189914.85	1000	51.9948	0.0	584349	1238	1.0
1528189916.41	1000	54.434276	0.0	670129	1367	1.0
1528189917.49	1000	57.348666	0.0	690253	886	1.0
