1527447640.47	750	3.990272	1.094	668286	1012	-4.7042
1527447641.82	1850	6.659555	0.0	957685	1070	0.75
1527447643.33	1850	9.131313	0.0	877771	1326	1.85
1527447644.86	1850	11.609044	0.0	933276	1337	1.85
1527447646.85	1850	13.614561	0.0	996749	1797	1.85
1527447648.34	1850	16.12263	0.0	801058	1318	1.85
1527447649.35	1850	19.114337	0.0	905515	809	1.85
1527447651.45	4300	21.013441	0.0	2290172	1818	1.8499999999999996
1527447659.15	4300	20.68097	0.0	2055469	4144	4.3
1527447662.66	4300	17.843662	0.0	2169201	3248	4.3
1527447666.76	4300	17.790976	0.0	2173522	3840	4.3
1527447669.02	4300	19.498017	0.0	2102452	2041	4.3
1527447671.25	4300	21.25722	0.0	2209463	2019	4.3
1527447675.07	4300	21.441379	0.0	2275376	3603	4.3
1527447676.68	4300	23.818908	0.0	2005399	1407	4.3
1527447678.41	4300	26.09753	0.0	2152483	1524	4.3
1527447680.07	4300	28.446894	0.0	2289689	1454	4.3
1527447681.37	4300	31.135614	0.0	2059512	1092	4.3
1527447683.17	4300	33.334331	0.0	2220726	1602	4.3
1527447684.64	4300	35.859512	0.0	2156729	1247	4.3
1527447685.78	4300	38.729508	0.0	2039773	935	4.3
1527447687.69	4300	40.825041	0.0	2176469	1701	4.3
1527447690.08	4300	42.424995	0.0	2221506	2160	4.3
1527447692.85	4300	43.699476	0.0	2044075	2529	4.3
1527447694.76	4300	45.736694	0.0	2186790	1731	4.3
1527447696.41	4300	48.080689	0.0	2105231	1470	4.3
1527447698.13	4300	50.372476	0.0	2395588	1520	4.3
1527447699.35	4300	53.146564	0.0	1972048	1026	4.3
1527447700.7	4300	55.817001	0.0	2134614	1109	4.3
1527447702.09	4300	58.401787	0.0	2164140	1214	4.3
1527447704.86	4300	59.746264	0.0	2113193	1044	4.3
1527447708.54	4300	59.995999	0.0	2147852	987	4.3
1527447712.86	4300	59.746288	0.0	2191074	1090	4.3
1527447716.83	4300	59.745497	0.0	2286761	2759	4.3
1527447720.69	4300	59.995648	0.0	2307787	2149	4.3
1527447725.14	4300	59.552186	0.0	2143948	1728	4.3
1527447729.19	4300	59.552611	0.0	1919781	2316	4.3
1527447740.91	4300	51.67028	0.0	2147467	11533	4.3
1527447744.17	4300	52.400658	0.0	2133870	3017	4.3
1527447747.22	4300	53.349769	0.0	2146120	2870	4.3
1527447751.06	4300	53.52991	0.0	2108491	3638	4.3
1527447756.64	4300	51.927214	0.0	2184571	5389	4.3
1527447763.87	4300	48.706087	0.0	2121928	7030	4.3
1527447768.45	4300	48.14221	0.0	2219102	4291	4.3
1527447772.25	4300	48.336895	0.0	2124950	3589	4.3
1527447776.91	4300	47.656235	0.0	2246506	4469	4.3
1527447780.74	4300	47.85072	0.0	1961140	3602	4.3
1527447784.82	4300	47.770707	0.0	2155012	3861	4.3
1527447787.72	4300	46.549704	0.0	1433658	2674	4.3
