1528185017.64	600	3.987422	0.939	668286	1349	-3.8377
1528185019.64	1000	5.941509	0.0	611087	1806	0.6
1528185022.37	2000	7.231192	0.0	877771	2465	1.0
1528185025.74	2000	7.858191	0.0	933276	3159	2.0
1528185029.37	2000	8.19396	0.0	996749	3440	2.0
1528185030.87	2000	10.697383	0.0	801058	1316	2.0
1528185032.88	2000	12.703747	0.0	905515	1818	2.0
1528185035.31	2000	14.295181	0.0	1060487	2211	2.0
1528185036.93	2000	16.69319	0.0	852833	1368	2.0
1528185038.51	2000	19.056523	0.0	913888	1413	2.0
1528185040.26	2000	21.314811	0.0	939819	1549	2.0
1528185044.18	3000	21.403024	0.0	1519951	3646	2.0
1528185045.97	2000	23.627763	0.0	946851	1557	1.0
1528185047.22	1000	26.351105	0.0	687371	1043	0.0
1528185262.47	600	3.997454	1.456	668286	2813	-6.060800000000001
1528185266.73	2000	4.247171	0.389	957685	3440	-1.0726999999999998
1528185269.23	2000	5.86631	0.0	877771	1588	2.0
1528185272.56	2000	7.409288	0.0	933276	1750	2.0
1528185274.21	2000	8.812191	0.0	996749	858	2.0
1528185274.64	1000	11.993979	0.0	520315	235	0.0
1528185275.1	1000	15.524225	0.0	561791	271	1.0
1528185275.96	1000	18.672415	0.0	709534	640	1.0
1528185276.47	1000	22.159737	0.0	584846	297	1.0
1528185277.13	1000	25.509295	0.0	560821	458	1.0
1528185277.62	1000	28.991114	0.0	607410	302	1.0
1528185278.1	1000	32.518046	0.0	594078	270	1.0
1528185278.84	1000	35.782124	0.0	624282	529	1.0
1528185279.48	1000	39.133072	0.0	687371	458	1.0
1528185280.0	1000	42.618029	0.0	526950	331	1.0
1528185280.83	1000	45.800132	0.0	587876	631	1.0
1528185281.36	1000	49.252181	0.0	617242	364	1.0
1528185282.2	1000	52.429055	0.0	581493	614	1.0
1528185283.0	1000	55.617142	0.0	639204	602	1.0
1528185283.83	1000	58.781356	0.0	586839	641	1.0
1528185287.22	1000	59.638074	0.0	601738	700	1.0
1528185291.12	1000	59.638797	0.0	616206	697	1.0
1528185294.75	1000	59.888084	0.0	656471	909	1.0
1528185299.11	1000	59.63919	0.0	536667	677	1.0
1528185302.87	1000	59.889007	0.0	587236	1057	1.0
1528185307.18	1000	59.638859	0.0	590335	1109	1.0
1528185311.12	1000	59.637483	0.0	696376	1740	1.0
1528185315.09	1000	59.639041	0.0	487160	786	1.0
1528185318.99	1000	59.638146	0.0	622896	686	1.0
1528185322.96	1000	59.888858	0.0	641447	1806	1.0
1528185326.83	1000	59.888993	0.0	570392	1176	1.0
1528185331.19	1000	59.638405	0.0	620283	1140	1.0
1528185334.89	1000	59.887525	0.0	584349	1016	1.0
1528185339.02	1000	59.639024	0.0	670129	1925	1.0
1528185344.23	1000	59.638076	0.0	690253	2286	1.0
