1528189919.41	1000	59.659149	0.0	598727	734	1.0
1528189923.56	1000	59.657422	0.0	487812	753	1.0
1528189927.44	1000	59.658923	0.0	575591	1161	1.0
1528189932.58	1000	58.263099	0.0	605884	4941	1.0
1528189935.14	1000	59.908919	0.0	587506	827	1.0
1528189939.08	1000	59.909457	0.0	566904	742	1.0
1528189943.14	1000	59.909407	0.0	641452	847	1.0
1528189947.33	1000	59.658816	0.0	599477	965	1.0
1528189952.15	1000	58.685433	0.0	634861	3560	1.0
1528189963.6	1000	51.245405	0.0	630203	11215	1.0
1528189971.22	1000	47.681873	0.0	638661	7315	1.0
1528189977.15	2000	45.713453	0.0	830730	5691	1.0
1528189983.52	2000	43.330907	0.0	846370	6085	2.0
1528189991.45	3000	37.081692	0.0	889412	7582	2.0
1528190049.53	600	3.995002	-24.222	1034108	10398	102.35459999999998
1528190050.41	350	7.105074	0.0	155580	621	0.09999999999999998
1528190054.88	2000	6.617969	0.0	877771	4279	0.3500000000000001
1528190059.02	2000	6.506518	0.0	933276	3925	2.0
1528190062.45	2000	7.052331	0.0	996749	3250	2.0
1528190065.11	2000	8.408354	0.0	801058	2454	2.0
1528190068.01	2000	9.547183	0.0	905515	2655	2.0
1528190071.78	2000	9.735231	0.0	1060487	3512	2.0
1528190076.0	2000	9.518544	0.0	852833	4025	2.0
1528190082.61	2000	6.892578	0.0	913888	6400	2.0
1528190085.8	2000	7.714202	0.0	939819	2888	2.0
1528190089.47	2000	8.034403	0.0	917428	3481	2.0
1528190093.0	2000	8.501236	0.0	946851	3322	2.0
1528190096.92	2000	8.587118	0.0	1036454	3725	2.0
1528190100.08	2000	9.433631	0.0	821631	2949	2.0
1528190103.73	2000	9.795374	0.0	923170	3438	2.0
1528190108.05	2000	9.450447	0.0	966699	4134	2.0
1528190113.18	2000	8.327387	0.0	885714	4929	2.0
1528190117.17	2000	8.339157	0.0	987708	3731	2.0
1528190122.36	2000	7.140553	0.0	923755	4987	2.0
1528190127.07	2000	6.442973	0.0	891604	4477	2.0
1528190131.05	2000	6.457405	0.0	955231	3767	2.0
1528190134.59	2000	6.906778	0.0	968026	3350	2.0
1528190137.73	2000	7.778216	0.0	874175	2934	2.0
1528190140.35	2000	9.146537	0.0	897976	2446	2.0
1528190143.32	2000	10.189002	0.0	905935	2764	2.0
1528190146.27	2000	11.244288	0.0	1076599	2741	2.0
1528190148.72	2000	12.775131	0.0	758197	2279	2.0
1528190151.58	2000	13.924488	0.0	972798	2658	2.0
1528190154.57	2000	14.931828	0.0	975811	2801	2.0
1528190157.27	2000	16.231518	0.0	873429	2511	2.0
1528190161.48	3000	16.024006	0.0	1497683	3931	2.0
1528190163.99	2000	17.509439	0.0	885062	2289	1.0
1528190167.24	2000	18.281551	0.0	1035329	3044	2.0
1528190170.69	2000	18.824664	0.0	1026056	3232	2.0
