1528188562.11	600	3.978328	11.175	1728879	11071	-48.0525
1528188562.64	350	7.194737	0.0	155580	230	0.09999999999999998
1528188564.79	1000	9.067845	0.0	571051	1854	0.35
1528188578.04	2000	4.252824	4.107	933276	12620	-16.6601
1528188600.85	350	4.361224	17.778	163442	20978	-77.7454
1528188615.26	350	4.387936	11.897	126289	11310	-50.8071
1528188621.36	350	4.286013	0.897	153295	4660	-3.5071
1528188622.13	350	6.351792	0.0	173849	532	0.35
1528188622.69	350	9.833051	0.0	150710	366	0.35
1528188623.23	350	13.350207	0.0	139105	242	0.35
1528188624.56	1000	16.003851	0.0	607410	1042	0.35
1528188626.15	1000	18.412984	0.0	594078	1362	1.0
1528188628.14	1000	20.401245	0.0	624282	1780	1.0
1528188630.74	2000	21.807137	0.0	1036454	2383	1.0
1528188632.89	2000	23.64985	0.0	821631	1907	2.0
1528188637.88	2000	22.782767	0.0	923170	4658	2.0
1528188643.49	2000	21.037869	0.0	966699	5268	2.0
1528188645.61	2000	22.926495	0.0	885714	1901	2.0
1528188652.51	3000	20.057367	0.0	1537156	6657	2.0
1528188657.78	2000	18.761572	0.0	923755	4951	1.0
1528188680.48	2000	4.433453	4.307	891604	22426	-16.5201
1528188681.15	350	7.720218	0.0	157812	400	-1.2999999999999998
1528188681.81	350	11.057081	0.0	163927	452	0.35
1528188682.49	350	14.345808	0.0	137654	291	0.35
1528188683.15	350	17.681835	0.0	146754	466	0.35
1528188692.55	1000	14.0177	0.0	590335	7462	0.35
1528188696.66	350	12.125453	0.0	181901	3766	-0.30000000000000004
1528188697.92	350	14.94286	0.0	111155	1029	0.35
1528188699.25	350	17.622046	0.0	153605	1099	0.35
1528188700.06	350	20.789092	0.0	149029	605	0.35
1528188701.76	2000	23.079933	0.0	873429	1507	0.3500000000000001
1528188703.32	2000	25.520858	0.0	954453	1366	2.0
1528188704.83	2000	28.01449	0.0	885062	1319	2.0
1528188706.37	2000	30.469111	0.0	1035329	1337	2.0
1528188707.82	2000	33.030772	0.0	1026056	1255	2.0
1528188708.73	1000	36.111728	0.0	598727	713	0.0
1528188709.48	1000	39.356094	0.0	487812	573	1.0
1528188720.95	1000	33.322458	0.0	575591	9844	1.0
1528188738.08	2000	18.778926	0.0	908665	16793	1.0
1528188745.04	2000	15.854902	0.0	930577	6642	2.0
1528188749.71	2000	15.138969	0.0	858450	4389	2.0
1528188753.3	2000	15.552317	0.0	1025005	3380	2.0
1528188757.88	2000	14.965256	0.0	886255	4387	2.0
1528188762.86	2000	13.993132	0.0	973972	4763	2.0
1528188766.85	2000	14.004865	0.0	958994	3694	2.0
1528188779.24	2000	5.610751	0.0	982064	12175	2.0
1528188780.01	350	8.839463	0.0	137507	570	-1.2999999999999998
1528188780.62	350	12.241157	0.0	118421	402	0.35
1528188781.32	350	13.230519	0.0	112270	428	0.35
