1528186088.83	1000	54.125542	0.0	598727	8300	1.0
1528186092.29	1000	53.675932	0.0	487812	3017	1.0
1528186093.47	1000	56.434307	0.0	575591	938	1.0
1528186094.47	1000	59.425082	0.0	605884	727	1.0
1528186098.1	1000	59.964805	0.0	587506	881	1.0
1528186102.41	1000	59.71441	0.0	566904	1114	1.0
1528186106.25	1000	59.71435	0.0	641452	629	1.0
1528186110.37	1000	59.714953	0.0	599477	215	1.0
1528186113.95	1000	59.962071	0.0	634861	384	1.0
1528186118.05	1000	59.964452	0.0	630203	388	1.0
1528186122.1	1000	59.9639	0.0	638661	356	1.0
1528186126.12	1000	59.964829	0.0	538612	305	1.0
1528186130.19	1000	59.714634	0.0	550906	374	1.0
1528186131.69	1000	59.894186	0.0	391450	317	1.0
1528186234.42	600	4	-4.041	668286	654	17.576300000000003
1528186235.03	1000	7.380204	0.0	611087	394	0.6
1528186235.48	1000	10.921472	0.0	571051	273	1.0
1528186235.9	1000	14.514726	0.0	617681	216	1.0
1528186236.29	1000	18.123604	0.0	652874	192	1.0
1528186236.61	1000	21.787654	0.0	520315	149	1.0
1528186236.93	1000	25.484138	0.0	561791	129	1.0
1528186237.25	1000	29.150997	0.0	709534	139	1.0
1528186237.56	1000	32.85577	0.0	584846	126	1.0
1528186237.93	1000	36.491705	0.0	560821	167	1.0
1528186238.24	1000	40.1722	0.0	607410	121	1.0
1528186238.55	1000	43.853395	0.0	594078	130	1.0
1528186238.91	1000	47.511165	0.0	624282	146	1.0
1528186239.27	1000	51.140664	0.0	687371	129	1.0
1528186239.57	1000	54.837228	0.0	526950	106	1.0
1528186239.91	1000	58.499243	0.0	587876	153	1.0
1528186242.74	1000	59.751705	0.0	617242	143	1.0
1528186246.75	1000	59.753702	0.0	581493	312	1.0
1528186250.74	1000	59.752035	0.0	639204	289	1.0
1528186254.83	1000	59.752672	0.0	586839	396	1.0
1528186258.72	1000	59.752713	0.0	601738	709	1.0
1528186263.0	1000	59.50155	0.0	616206	1557	1.0
1528186266.88	1000	59.75185	0.0	656471	1191	1.0
1528186271.04	1000	59.503258	0.0	536667	978	1.0
1528186274.67	1000	59.753314	0.0	587236	934	1.0
1528186279.04	1000	59.503659	0.0	590335	1191	1.0
1528186282.88	1000	59.753821	0.0	696376	632	1.0
1528186291.08	1000	55.360369	0.0	487160	7867	1.0
1528186292.08	1000	58.329448	0.0	622896	752	1.0
1528186294.99	1000	59.502997	0.0	641447	1167	1.0
1528186299.14	1000	59.503995	0.0	570392	962	1.0
1528186302.96	1000	59.503094	0.0	620283	635	1.0
1528186306.95	1000	59.501353	0.0	584349	765	1.0
1528186310.8	1000	59.753933	0.0	670129	609	1.0
1528186315.1	1000	59.503831	0.0	690253	587	1.0
