1527447503.17	750	4	0.079	450283	2	-0.3397
1527447504.37	4300	6.979723	0.0	2123065	903	0.75
1527447505.54	4300	9.821581	0.0	2177073	970	4.3
1527447505.76	1850	13.583255	0.0	933276	10	-0.6000000000000001
1527447507.28	4300	16.071918	0.0	2233056	1336	1.8499999999999996
1527447507.46	1850	19.890037	0.0	801058	7	-0.6000000000000001
1527447507.65	4300	23.696911	0.0	2157535	13	1.8499999999999996
1527447507.84	4300	27.505798	0.0	2290172	17	4.3
1527447508.03	4300	31.317016	0.0	2055469	12	4.3
1527447508.24	4300	35.115135	0.0	2169201	17	4.3
1527447509.26	4300	38.083796	0.0	2173522	856	4.3
1527447510.08	4300	41.274719	0.0	2102452	638	4.3
1527447510.27	1850	45.084074	0.0	946851	11	-0.6000000000000001
1527447511.13	4300	48.227079	0.0	2275376	676	1.8499999999999996
1527447511.33	4300	52.019355	0.0	2005399	13	4.3
1527447511.52	4300	55.823997	0.0	2152483	17	4.3
1527447512.25	4300	59.102178	0.0	2289689	548	4.3
1527447515.61	4300	59.749601	0.0	2059512	642	4.3
1527447519.96	300	59.498464	0.0	165384	87	-3.7
1527447523.5	1850	59.999486	0.0	923755	847	0.30000000000000004
1527447527.55	1850	59.998512	0.0	891604	861	1.85
1527447532.02	300	59.499715	0.0	157812	227	-1.25
1527447535.84	1850	59.748909	0.0	968026	1120	0.30000000000000004
1527447539.42	750	59.998872	0.0	343800	391	-0.3500000000000001
1527447543.99	4300	59.50056	0.0	2186790	2314	0.75
1527447547.55	4300	59.821223	0.0	2105231	3360	4.3
1527447551.93	4300	59.500716	0.0	2395588	1163	4.3
1527447556.09	4300	59.501364	0.0	1972048	907	4.3
1527447560.03	4300	59.501351	0.0	2134614	1730	4.3
1527447563.88	4300	59.500982	0.0	2164140	1137	4.3
1527447567.78	4300	59.751308	0.0	2113193	2702	4.3
1527447571.43	4300	59.945695	0.0	2147852	3443	4.3
1527447575.91	4300	59.499952	0.0	2191074	2274	4.3
1527447579.79	4300	59.751092	0.0	2286761	2187	4.3
1527447583.87	4300	59.750851	0.0	2307787	1874	4.3
1527447587.85	4300	59.751471	0.0	2143948	1304	4.3
1527447592.05	4300	59.501176	0.0	1919781	995	4.3
1527447595.99	4300	59.498987	0.0	2147467	731	4.3
1527447599.81	4300	59.751583	0.0	2133870	608	4.3
1527447603.96	4300	59.501535	0.0	2146120	946	4.3
1527447607.79	4300	59.751344	0.0	2108491	583	4.3
1527447611.66	4300	59.750559	0.0	2184571	663	4.3
1527447616.07	4300	59.500926	0.0	2121928	669	4.3
1527447620.05	4300	59.500245	0.0	2219102	788	4.3
1527447623.96	4300	59.500778	0.0	2124950	1214	4.3
1527447628.07	4300	59.50099	0.0	2246506	2429	4.3
1527447632.11	4300	59.273048	0.0	1961140	3818	4.3
1527447635.75	4300	59.613014	0.0	2155012	3366	4.3
1527447638.57	4300	58.476345	0.0	1433658	2614	4.3
