1527154656.09	750	4	0.011	450283	1	-0.04730000000000001
1527154656.23	4300	7.95172	0.0	2123065	22	0.75
1527154656.31	4300	11.870274	0.0	2177073	11	4.3
1527154656.41	4300	15.771879	0.0	2160877	24	4.3
1527154656.49	4300	19.686504	0.0	2233056	16	4.3
1527154656.57	4300	23.615238	0.0	1941625	8	4.3
1527154656.64	4300	27.54184	0.0	2157535	8	4.3
1527154656.71	4300	31.467616	0.0	2290172	9	4.3
1527154656.79	4300	35.395049	0.0	2055469	9	4.3
1527154656.86	4300	39.320927	0.0	2169201	7	4.3
1527154656.94	4300	43.245632	0.0	2173522	9	4.3
1527154657.01	4300	47.170741	0.0	2102452	8	4.3
1527154657.08	4300	51.098166	0.0	2209463	9	4.3
1527154657.16	4300	55.024764	0.0	2275376	9	4.3
1527154657.25	4300	58.929691	0.0	2005399	20	4.3
1527154660.38	4300	59.998	0.0	2152483	24	4.3
1527154664.5	4300	59.999238	0.0	2289689	25	4.3
1527154668.61	4300	59.748775	0.0	2059512	23	4.3
1527154672.73	4300	59.749264	0.0	2220726	24	4.3
1527154676.84	4300	59.748914	0.0	2156729	22	4.3
1527154680.45	4300	59.748255	0.0	2039773	20	4.3
1527154684.55	4300	59.749019	0.0	2176469	18	4.3
1527154688.68	4300	59.999206	0.0	2221506	25	4.3
1527154692.79	4300	59.749098	0.0	2044075	21	4.3
1527154696.9	4300	59.499333	0.0	2186790	23	4.3
1527154700.51	4300	59.998674	0.0	2105231	23	4.3
1527154704.62	4300	59.998143	0.0	2395588	22	4.3
1527154708.75	4300	59.749077	0.0	1972048	18	4.3
1527154712.41	4300	59.999295	0.0	2134614	23	4.3
1527154716.51	4300	59.74949	0.0	2164140	17	4.3
1527154720.63	4300	59.748525	0.0	2113193	23	4.3
1527154724.74	4300	59.74858	0.0	2147852	24	4.3
1527154728.35	4300	59.998157	0.0	2191074	25	4.3
1527154732.47	4300	59.997855	0.0	2286761	24	4.3
1527154736.59	4300	59.99828	0.0	2307787	27	4.3
1527154740.7	4300	59.74843	0.0	2143948	23	4.3
1527154744.81	4300	59.748628	0.0	1919781	21	4.3
1527154748.42	4300	59.997594	0.0	2147467	24	4.3
1527154752.53	4300	59.749049	0.0	2133870	20	4.3
1527154756.64	4300	59.997539	0.0	2146120	19	4.3
1527154760.25	4300	59.997717	0.0	2108491	20	4.3
1527154764.86	4300	59.499354	0.0	2184571	18	4.3
1527154768.46	4300	59.748548	0.0	2121928	22	4.3
1527154772.58	4300	59.998569	0.0	2219102	20	4.3
1527154776.67	4300	59.748672	0.0	2124950	12	4.3
1527154780.29	4300	59.999091	0.0	2246506	20	4.3
1527154784.39	4300	59.998433	0.0	1961140	17	4.3
1527154788.5	4300	59.997744	0.0	2155012	20	4.3
1527154790.09	4300	59.927824	0.0	1433658	16	4.3

1527154790.36	750	4	0.018	668286	4	-0.07740000000000002
1527154790.46	4300	7.966167	0.0	2123065	13	0.75
1527154790.54	4300	11.881501	0.0	2177073	13	4.3
1527154790.64	4300	15.783499	0.0	2160877	20	4.3
1527154790.72	4300	19.697893	0.0	2233056	16	4.3
1527154790.8	4300	23.623953	0.0	1941625	9	4.3
1527154790.87	4300	27.54861	0.0	2157535	9	4.3
1527154790.95	4300	31.473993	0.0	2290172	11	4.3
1527154791.02	4300	35.397553	0.0	2055469	9	4.3
1527154791.1	4300	39.323411	0.0	2169201	10	4.3
1527154791.17	4300	43.247755	0.0	2173522	10	4.3
1527154791.27	4300	47.152194	0.0	2102452	20	4.3
1527154791.35	4300	51.071222	0.0	2209463	14	4.3
1527154791.43	4300	54.991168	0.0	2275376	9	4.3
1527154791.53	4300	58.886658	0.0	2005399	29	4.3
1527154795.17	4300	59.749317	0.0	2152483	25	4.3
1527154798.82	4300	59.999032	0.0	2289689	26	4.3
1527154802.93	4300	59.499632	0.0	2059512	19	4.3
1527154807.05	4300	59.748369	0.0	2220726	23	4.3
1527154811.16	4300	59.749223	0.0	2156729	24	4.3
1527154814.77	4300	59.749295	0.0	2039773	22	4.3
1527154818.89	4300	59.998675	0.0	2176469	22	4.3
1527154822.5	4300	59.997802	0.0	2221506	20	4.3
1527154827.12	4300	59.498508	0.0	2044075	21	4.3
1527154830.8	4300	59.748324	0.0	2186790	24	4.3
1527154834.91	4300	59.747731	0.0	2105231	21	4.3
1527154838.52	4300	59.998405	0.0	2395588	24	4.3
1527154843.14	4300	59.498162	0.0	1972048	22	4.3
1527154846.75	4300	59.748081	0.0	2134614	23	4.3
1527154850.86	4300	59.731783	0.0	2164140	24	4.3
1527154854.98	4300	59.748277	0.0	2113193	23	4.3
1527154859.09	4300	59.748915	0.0	2147852	20	4.3
1527154862.7	4300	59.748617	0.0	2191074	22	4.3
1527154866.8	4300	59.748272	0.0	2286761	19	4.3
1527154870.92	4300	59.748321	0.0	2307787	18	4.3
1527154874.54	4300	59.998833	0.0	2143948	23	4.3
1527154878.65	4300	59.999022	0.0	1919781	21	4.3
1527154882.76	4300	59.747734	0.0	2147467	23	4.3
1527154886.93	4300	59.998103	0.0	2133870	21	4.3
1527154890.54	4300	59.998361	0.0	2146120	21	4.3
1527154894.64	4300	59.998907	0.0	2108491	21	4.3
1527154898.75	4300	59.999189	0.0	2184571	20	4.3
1527154902.86	4300	59.749414	0.0	2121928	19	4.3
1527154906.47	4300	59.998735	0.0	2219102	21	4.3
1527154910.59	4300	59.998418	0.0	2124950	23	4.3
1527154914.7	4300	59.748544	0.0	2246506	25	4.3
1527154918.82	4300	59.997901	0.0	1961140	21	4.3
1527154922.92	4300	59.748161	0.0	2155012	23	4.3
1527154924.52	4300	59.678504	0.0	1433658	16	4.3

1527154924.8	750	4	0.018	668286	3	-0.07740000000000002
1527154924.91	4300	7.948511	0.0	2123065	23	0.75
1527154925.01	4300	11.850597	0.0	2177073	22	4.3
1527154925.1	4300	15.761762	0.0	2160877	16	4.3
1527154925.19	4300	19.673602	0.0	2233056	14	4.3
1527154925.26	4300	23.600533	0.0	1941625	8	4.3
1527154925.34	4300	27.524831	0.0	2157535	9	4.3
1527154925.42	4300	31.446432	0.0	2290172	10	4.3
1527154925.49	4300	35.370932	0.0	2055469	9	4.3
1527154925.57	4300	39.293512	0.0	2169201	9	4.3
1527154925.64	4300	43.218095	0.0	2173522	9	4.3
1527154925.72	4300	47.143458	0.0	2102452	9	4.3
1527154925.82	4300	51.044553	0.0	2209463	23	4.3
1527154925.9	4300	54.96136	0.0	2275376	15	4.3
1527154926.01	4300	58.854011	0.0	2005399	32	4.3
1527154929.11	4300	59.998321	0.0	2152483	18	4.3
1527154933.22	4300	59.74804	0.0	2289689	24	4.3
1527154937.34	4300	59.748949	0.0	2059512	20	4.3
1527154941.45	4300	59.497681	0.0	2220726	19	4.3
1527154945.55	4300	59.748263	0.0	2156729	19	4.3
1527154949.16	4300	59.999273	0.0	2039773	20	4.3
1527154953.27	4300	59.748672	0.0	2176469	19	4.3
1527154957.39	4300	59.748735	0.0	2221506	24	4.3
1527154961.0	4300	59.998645	0.0	2044075	22	4.3
1527154965.65	4300	59.499068	0.0	2186790	23	4.3
1527154969.26	4300	59.749545	0.0	2105231	21	4.3
1527154972.89	4300	59.99784	0.0	2395588	29	4.3
1527154977.04	4300	59.997729	0.0	1972048	22	4.3
1527154981.15	4300	59.748754	0.0	2134614	24	4.3
1527154985.26	4300	59.734909	0.0	2164140	24	4.3
1527154988.88	4300	59.998185	0.0	2113193	24	4.3
1527154993.49	4300	59.498162	0.0	2147852	20	4.3
1527154997.6	4300	59.74901	0.0	2191074	20	4.3
1527155001.19	4300	59.998462	0.0	2286761	12	4.3
1527155005.31	4300	59.748941	0.0	2307787	24	4.3
1527155008.92	4300	59.998784	0.0	2143948	22	4.3
1527155013.52	4300	59.499134	0.0	1919781	17	4.3
1527155017.12	4300	59.747582	0.0	2147467	11	4.3
