1527171180.7	750	4	0.023	2354772	10	-0.09889999999999999
1527171180.82	4300	7.985385	0.0	2123065	7	0.75
1527171180.97	4300	11.833913	0.0	2177073	25	4.3
1527171181.11	4300	15.700757	0.0	2160877	15	4.3
1527171181.24	4300	19.565559	0.0	2233056	15	4.3
1527171181.36	4300	23.445092	0.0	1941625	8	4.3
1527171181.48	4300	27.324137	0.0	2157535	10	4.3
1527171181.64	4300	31.171551	0.0	2290172	27	4.3
1527171181.76	4300	35.044773	0.0	2055469	11	4.3
1527171181.89	4300	38.916746	0.0	2169201	12	4.3
1527171182.07	4300	42.790376	0.0	2173522	13	4.3
1527171182.19	4300	46.611665	0.0	2102452	12	4.3
1527171182.31	4300	50.495929	0.0	2209463	8	4.3
1527171182.49	4300	54.317597	0.0	2275376	24	4.3
1527171182.63	4300	58.179036	0.0	2005399	20	4.3
1527171185.29	4300	59.748678	0.0	2152483	25	4.3
1527171189.45	4300	59.748	0.0	2289689	27	4.3
1527171193.11	4300	59.747909	0.0	2059512	17	4.3
1527171197.27	4300	59.997904	0.0	2220726	21	4.3
1527171200.93	4300	59.999423	0.0	2156729	25	4.3
1527171205.09	4300	59.748783	0.0	2039773	23	4.3
1527171209.23	4300	59.997973	0.0	2176469	15	4.3
1527171212.89	4300	59.997627	0.0	2221506	25	4.3
1527171217.06	4300	59.999187	0.0	2044075	24	4.3
1527171221.21	4300	59.99864	0.0	2186790	19	4.3
1527171224.87	4300	59.999319	0.0	2105231	23	4.3
1527171229.04	4300	59.998909	0.0	2395588	22	4.3
1527171233.2	4300	59.74915	0.0	1972048	23	4.3
1527171236.85	4300	59.999249	0.0	2134614	19	4.3
1527171241.0	4300	59.998156	0.0	2164140	19	4.3
1527171245.17	4300	59.999239	0.0	2113193	24	4.3
1527171249.35	4300	59.747989	0.0	2147852	18	4.3
1527171252.99	4300	59.999469	0.0	2191074	11	4.3
1527171257.21	4300	59.99817	0.0	2286761	23	4.3
1527171260.87	4300	59.998842	0.0	2307787	22	4.3
1527171265.59	4300	59.748265	0.0	2143948	13	4.3
1527171269.24	4300	59.747619	0.0	1919781	21	4.3
1527171272.97	4300	59.998274	0.0	2147467	14	4.3
1527171277.12	4300	59.99757	0.0	2133870	22	4.3
1527171281.28	4300	59.997914	0.0	2146120	16	4.3
1527171284.94	4300	59.997648	0.0	2108491	24	4.3
1527171289.35	4300	59.747964	0.0	2184571	24	4.3
1527171292.97	4300	59.997323	0.0	2121928	6	4.3
1527171297.13	4300	59.997935	0.0	2219102	25	4.3
1527171301.29	4300	59.748465	0.0	2124950	26	4.3
1527171304.94	4300	59.999051	0.0	2246506	15	4.3
1527171309.07	4300	59.747133	0.0	1961140	21	4.3
1527171313.21	4300	59.748133	0.0	2155012	25	4.3
1527171314.8	4300	59.928548	0.0	1433658	9	4.3

1527171315.09	750	4	0.019	668286	3	-0.0817
1527171315.25	4300	7.950299	0.0	2123065	13	0.75
1527171315.36	4300	11.833467	0.0	2177073	7	4.3
1527171315.51	4300	15.689424	0.0	2160877	21	4.3
1527171315.64	4300	19.554144	0.0	2233056	12	4.3
1527171315.8	4300	23.398711	0.0	1941625	23	4.3
1527171315.93	4300	27.271828	0.0	2157535	12	4.3
1527171316.05	4300	31.143769	0.0	2290172	13	4.3
1527171316.18	4300	35.018522	0.0	2055469	11	4.3
1527171316.31	4300	38.888634	0.0	2169201	11	4.3
1527171316.44	4300	42.758436	0.0	2173522	12	4.3
1527171316.57	4300	46.625575	0.0	2102452	13	4.3
1527171316.72	4300	50.472467	0.0	2209463	25	4.3
1527171316.89	4300	54.311334	0.0	2275376	25	4.3
1527171317.03	4300	58.170019	0.0	2005399	13	4.3
1527171320.16	4300	59.250298	0.0	2152483	8	4.3
1527171323.32	4300	59.99916	0.0	2289689	21	4.3
1527171327.48	4300	59.999001	0.0	2059512	18	4.3
1527171331.64	4300	59.750272	0.0	2220726	20	4.3
1527171335.8	4300	59.749719	0.0	2156729	24	4.3
1527171339.45	4300	59.75089	0.0	2039773	16	4.3
1527171343.61	4300	59.999326	0.0	2176469	24	4.3
1527171347.28	4300	59.999399	0.0	2221506	25	4.3
1527171351.43	4300	59.998924	0.0	2044075	24	4.3
1527171355.59	4300	59.750499	0.0	2186790	15	4.3
1527171359.74	4300	59.498888	0.0	2105231	21	4.3
1527171363.91	4300	59.749108	0.0	2395588	28	4.3
1527171367.57	4300	59.998861	0.0	1972048	22	4.3
1527171371.73	4300	59.749661	0.0	2134614	16	4.3
1527171375.89	4300	59.74884	0.0	2164140	21	4.3
1527171380.05	4300	59.499863	0.0	2113193	26	4.3
1527171383.72	4300	59.500381	0.0	2147852	25	4.3
1527171387.88	4300	59.499	0.0	2191074	24	4.3
1527171391.55	4300	59.748947	0.0	2286761	26	4.3
1527171395.71	4300	59.500403	0.0	2307787	28	4.3
1527171399.88	4300	59.750115	0.0	2143948	24	4.3
1527171403.53	4300	59.999401	0.0	1919781	17	4.3
1527171407.69	4300	59.749823	0.0	2147467	21	4.3
1527171411.35	4300	59.999094	0.0	2133870	23	4.3
1527171415.52	4300	59.998809	0.0	2146120	25	4.3
1527171419.68	4300	59.748844	0.0	2108491	25	4.3
1527171423.85	4300	59.499119	0.0	2184571	26	4.3
1527171427.48	4300	59.750118	0.0	2121928	7	4.3
1527171431.7	4300	59.748805	0.0	2219102	12	4.3
1527171435.83	4300	59.749631	0.0	2124950	7	4.3
1527171439.51	4300	59.749598	0.0	2246506	14	4.3
1527171443.65	4300	59.74884	0.0	1961140	22	4.3
