1527184139.49	750	4	0.026	2354772	8	-0.11180000000000001
1527184139.64	4300	7.958766	0.0	2123065	23	0.75
1527184139.79	4300	11.806257	0.0	2177073	25	4.3
1527184139.92	4300	15.674826	0.0	2160877	13	4.3
1527184140.05	4300	19.5456	0.0	2233056	13	4.3
1527184140.17	4300	23.421115	0.0	1941625	12	4.3
1527184140.29	4300	27.304342	0.0	2157535	7	4.3
1527184140.41	4300	31.184854	0.0	2290172	7	4.3
1527184140.52	4300	35.070221	0.0	2055469	7	4.3
1527184140.64	4300	38.952817	0.0	2169201	8	4.3
1527184140.76	4300	42.835814	0.0	2173522	7	4.3
1527184140.88	4300	46.719182	0.0	2102452	7	4.3
1527184140.99	4300	50.601466	0.0	2209463	7	4.3
1527184141.13	4300	54.462827	0.0	2275376	7	4.3
1527184141.32	4300	58.344118	0.0	2005399	6	4.3
1527184143.94	4300	59.748904	0.0	2152483	8	4.3
1527184148.13	4300	59.498763	0.0	2289689	27	4.3
1527184151.78	4300	59.999064	0.0	2059512	23	4.3
1527184155.93	4300	59.749374	0.0	2220726	16	4.3
1527184160.14	4300	59.749394	0.0	2156729	24	4.3
1527184164.29	4300	59.749002	0.0	2039773	23	4.3
1527184168.06	4300	59.998247	0.0	2176469	18	4.3
1527184171.72	4300	59.998118	0.0	2221506	21	4.3
1527184175.86	4300	59.748191	0.0	2044075	14	4.3
1527184180.02	4300	59.998573	0.0	2186790	23	4.3
1527184183.68	4300	59.998978	0.0	2105231	35	4.3
1527184188.32	4300	59.498314	0.0	2395588	13	4.3
1527184191.99	4300	59.748955	0.0	1972048	21	4.3
1527184195.65	4300	59.99806	0.0	2134614	24	4.3
1527184199.82	4300	59.998026	0.0	2164140	27	4.3
1527184203.98	4300	59.747272	0.0	2113193	25	4.3
1527184207.63	4300	59.998444	0.0	2147852	21	4.3
1527184211.79	4300	59.999227	0.0	2191074	21	4.3
1527184215.96	4300	59.749387	0.0	2286761	25	4.3
1527184219.63	4300	59.997535	0.0	2307787	28	4.3
1527184223.79	4300	59.998579	0.0	2143948	22	4.3
1527184227.95	4300	59.747718	0.0	1919781	23	4.3
1527184231.62	4300	59.99862	0.0	2147467	26	4.3
1527184235.79	4300	59.998366	0.0	2133870	42	4.3
1527184239.95	4300	59.997243	0.0	2146120	24	4.3
1527184243.62	4300	59.99874	0.0	2108491	27	4.3
1527184247.78	4300	59.998374	0.0	2184571	24	4.3
1527184251.96	4300	59.999179	0.0	2121928	24	4.3
1527184256.12	4300	59.498605	0.0	2219102	25	4.3
1527184259.77	4300	59.997437	0.0	2124950	18	4.3
1527184263.93	4300	59.748624	0.0	2246506	24	4.3
1527184268.06	4300	59.747845	0.0	1961140	19	4.3
1527184271.7	4300	59.998697	0.0	2155012	22	4.3
1527184273.82	4300	59.928943	0.0	1433658	18	4.3

1527184274.1	750	4	0.018	668286	3	-0.07740000000000002
1527184274.25	4300	7.957864	0.0	2123065	13	0.75
1527184274.38	4300	11.821077	0.0	2177073	17	4.3
1527184274.53	4300	15.672619	0.0	2160877	22	4.3
1527184274.66	4300	19.546852	0.0	2233056	9	4.3
1527184274.78	4300	23.423312	0.0	1941625	11	4.3
1527184274.9	4300	27.298908	0.0	2157535	12	4.3
1527184275.02	4300	31.181812	0.0	2290172	8	4.3
1527184275.14	4300	35.067192	0.0	2055469	7	4.3
1527184275.27	4300	38.932541	0.0	2169201	16	4.3
1527184275.42	4300	42.783591	0.0	2173522	25	4.3
1527184275.54	4300	46.66028	0.0	2102452	10	4.3
1527184275.66	4300	50.539434	0.0	2209463	10	4.3
1527184275.79	4300	54.417801	0.0	2275376	10	4.3
1527184275.93	4300	58.271377	0.0	2005399	24	4.3
1527184278.57	4300	59.749628	0.0	2152483	12	4.3
1527184282.73	4300	59.747893	0.0	2289689	26	4.3
1527184286.89	4300	59.749214	0.0	2059512	22	4.3
1527184290.54	4300	59.998719	0.0	2220726	16	4.3
1527184294.7	4300	59.998676	0.0	2156729	23	4.3
1527184298.35	4300	59.999416	0.0	2039773	19	4.3
1527184302.51	4300	59.74782	0.0	2176469	24	4.3
1527184306.67	4300	59.748513	0.0	2221506	24	4.3
1527184310.33	4300	59.997888	0.0	2044075	25	4.3
1527184314.57	4300	59.997693	0.0	2186790	23	4.3
1527184318.24	4300	59.997693	0.0	2105231	25	4.3
1527184322.9	4300	59.498287	0.0	2395588	22	4.3
1527184326.63	4300	59.74856	0.0	1972048	19	4.3
1527184330.29	4300	59.999037	0.0	2134614	24	4.3
1527184334.46	4300	59.999207	0.0	2164140	27	4.3
1527184338.61	4300	59.74871	0.0	2113193	18	4.3
1527184342.25	4300	59.998181	0.0	2147852	14	4.3
1527184346.4	4300	59.997462	0.0	2191074	21	4.3
1527184350.55	4300	59.748791	0.0	2286761	15	4.3
1527184354.21	4300	59.997873	0.0	2307787	28	4.3
1527184358.87	4300	59.499072	0.0	2143948	24	4.3
1527184362.52	4300	59.748267	0.0	1919781	20	4.3
1527184366.68	4300	59.998814	0.0	2147467	24	4.3
1527184370.85	4300	59.498654	0.0	2133870	26	4.3
1527184374.52	4300	59.749111	0.0	2146120	24	4.3
1527184378.68	4300	59.749324	0.0	2108491	25	4.3
1527184382.32	4300	59.999429	0.0	2184571	17	4.3
1527184386.48	4300	59.747857	0.0	2121928	21	4.3
1527184390.65	4300	59.749196	0.0	2219102	26	4.3
1527184394.81	4300	59.498353	0.0	2124950	13	4.3
1527184398.46	4300	59.747951	0.0	2246506	26	4.3
1527184402.59	4300	59.998991	0.0	1961140	18	4.3
1527184406.73	4300	59.747698	0.0	2155012	26	4.3
1527184408.35	4300	59.92889	0.0	1433658	18	4.3

1527184408.62	750	4	0.017	668286	2	-0.07309999999999994
1527184408.74	4300	7.980546	0.0	2123065	7	0.75
1527184408.85	4300	11.863391	0.0	2177073	7	4.3
1527184408.97	4300	15.744499	0.0	2160877	8	4.3
1527184409.09	4300	19.62944	0.0	2233056	8	4.3
1527184409.2	4300	23.515734	0.0	1941625	6	4.3
1527184409.32	4300	27.399284	0.0	2157535	7	4.3
1527184409.45	4300	31.267343	0.0	2290172	15	4.3
1527184409.59	4300	35.127669	0.0	2055469	20	4.3
1527184409.73	4300	38.989256	0.0	2169201	14	4.3
1527184409.88	4300	42.834976	0.0	2173522	25	4.3
1527184410.01	4300	46.709995	0.0	2102452	11	4.3
1527184410.14	4300	50.578533	0.0	2209463	14	4.3
1527184410.27	4300	54.448425	0.0	2275376	14	4.3
1527184410.42	4300	58.310372	0.0	2005399	20	4.3
1527184424.13	4300	59.749462	0.0	2152483	18	4.3
1527184424.28	4300	52.433566	0.0	2289689	25	4.3
1527184424.42	4300	56.294908	0.0	2059512	17	4.3
1527184425.07	4300	59.748947	0.0	2220726	19	4.3
1527184429.21	4300	59.749664	0.0	2156729	13	4.3
1527184432.87	4300	59.998593	0.0	2039773	23	4.3
1527184437.03	4300	59.998467	0.0	2176469	25	4.3
1527184441.19	4300	59.749754	0.0	2221506	25	4.3
1527184444.86	4300	59.999109	0.0	2044075	22	4.3
1527184449.01	4300	59.997824	0.0	2186790	17	4.3
1527184453.17	4300	59.749466	0.0	2105231	25	4.3
1527184457.33	4300	59.498146	0.0	2395588	20	4.3
1527184460.98	4300	59.747775	0.0	1972048	20	4.3
1527184465.15	4300	59.747337	0.0	2134614	25	4.3
1527184468.81	4300	59.997818	0.0	2164140	25	4.3
1527184472.97	4300	59.998958	0.0	2113193	24	4.3
1527184477.14	4300	59.747641	0.0	2147852	26	4.3
1527184480.78	4300	59.998518	0.0	2191074	19	4.3
1527184485.42	4300	59.498452	0.0	2286761	12	4.3
1527184489.06	4300	59.997623	0.0	2307787	14	4.3
1527184648.78	750	4	0.012	2354772	7	-2.8516
1527184648.91	4300	7.980665	0.0	2123065	11	0.75
1527184649.02	4300	11.86273	0.0	2177073	7	4.3
1527184649.16	4300	15.729499	0.0	2160877	6	4.3
1527184649.28	4300	19.611675	0.0	2233056	7	4.3
1527184649.39	4300	23.496507	0.0	1941625	6	4.3
1527184649.51	4300	27.378559	0.0	2157535	7	4.3
1527184649.63	4300	31.258752	0.0	2290172	7	4.3
1527184649.76	4300	35.12894	0.0	2055469	7	4.3
1527184649.88	4300	39.011061	0.0	2169201	7	4.3
1527184649.99	4300	42.893113	0.0	2173522	8	4.3
1527184650.11	4300	46.777065	0.0	2102452	7	4.3
1527184650.25	4300	50.632768	0.0	2209463	24	4.3
1527184650.38	4300	54.504751	0.0	2275376	13	4.3
1527184650.51	4300	58.378084	0.0	2005399	11	4.3
1527184653.14	4300	59.998252	0.0	2152483	13	4.3
1527184657.32	4300	59.998365	0.0	2289689	36	4.3
1527184660.97	4300	59.998859	0.0	2059512	19	4.3
1527184665.11	4300	59.998751	0.0	2220726	14	4.3
1527184669.3	4300	59.997737	0.0	2156729	22	4.3
1527184672.94	4300	59.998066	0.0	2039773	11	4.3
1527184677.08	4300	59.998144	0.0	2176469	14	4.3
1527184681.22	4300	59.748018	0.0	2221506	12	4.3
1527184685.36	4300	59.747787	0.0	2044075	12	4.3
1527184689.52	4300	59.499019	0.0	2186790	21	4.3
1527184693.16	4300	59.997658	0.0	2105231	13	4.3
1527184697.33	4300	59.998683	0.0	2395588	23	4.3
1527184701.47	4300	59.748857	0.0	1972048	15	4.3
1527184705.1	4300	59.998583	0.0	2134614	11	4.3
1527184709.28	4300	59.7486	0.0	2164140	26	4.3
1527184713.51	4300	59.749191	0.0	2113193	25	4.3
1527184717.17	4300	59.748015	0.0	2147852	20	4.3
1527184721.32	4300	59.99891	0.0	2191074	21	4.3
1527184724.98	4300	59.998591	0.0	2286761	26	4.3
1527184729.15	4300	59.997476	0.0	2307787	25	4.3
1527184733.28	4300	59.747752	0.0	2143948	12	4.3
1527184737.43	4300	59.74745	0.0	1919781	14	4.3
1527184741.09	4300	59.998796	0.0	2147467	24	4.3
1527184745.24	4300	59.998996	0.0	2133870	15	4.3
1527184748.91	4300	59.999255	0.0	2146120	40	4.3
1527184753.06	4300	59.998877	0.0	2108491	21	4.3
1527184757.27	4300	59.747271	0.0	2184571	15	4.3
1527184761.43	4300	59.748038	0.0	2121928	22	4.3
1527184765.6	4300	59.498903	0.0	2219102	26	4.3
1527184769.29	4300	59.749005	0.0	2124950	24	4.3
1527184773.43	4300	59.498522	0.0	2246506	16	4.3
1527184777.07	4300	59.998207	0.0	1961140	22	4.3
1527184781.2	4300	59.998578	0.0	2155012	22	4.3
1527184782.82	4300	59.928368	0.0	1433658	18	4.3

1527184783.11	750	4	0.016	668286	2	-0.06879999999999997
1527184783.24	4300	7.980525	0.0	2123065	7	0.75
1527184783.35	4300	11.864015	0.0	2177073	7	4.3
1527184783.49	4300	15.727585	0.0	2160877	20	4.3
1527184783.62	4300	19.601665	0.0	2233056	11	4.3
1527184783.74	4300	23.474692	0.0	1941625	8	4.3
1527184783.87	4300	27.346026	0.0	2157535	15	4.3
1527184783.99	4300	31.229994	0.0	2290172	8	4.3
1527184784.1	4300	35.115152	0.0	2055469	7	4.3
1527184784.22	4300	38.998639	0.0	2169201	6	4.3
1527184784.34	4300	42.876398	0.0	2173522	7	4.3
1527184784.46	4300	46.760461	0.0	2102452	7	4.3
1527184784.6	4300	50.619054	0.0	2209463	21	4.3
1527184784.73	4300	54.491635	0.0	2275376	13	4.3
1527184784.85	4300	58.367284	0.0	2005399	11	4.3
1527184787.47	4300	59.749247	0.0	2152483	7	4.3
1527184791.63	4300	59.74793	0.0	2289689	20	4.3
1527184795.77	4300	59.748819	0.0	2059512	15	4.3
1527184799.44	4300	59.99894	0.0	2220726	24	4.3
1527184803.58	4300	59.998581	0.0	2156729	13	4.3
1527184807.74	4300	59.498137	0.0	2039773	22	4.3
1527184811.89	4300	59.498087	0.0	2176469	21	4.3
1527184815.56	4300	59.749291	0.0	2221506	26	4.3
1527184819.71	4300	59.998177	0.0	2044075	23	4.3
1527184823.37	4300	59.99913	0.0	2186790	19	4.3
1527184827.53	4300	59.99797	0.0	2105231	22	4.3
1527184831.69	4300	59.748078	0.0	2395588	27	4.3
1527184835.91	4300	59.498176	0.0	1972048	12	4.3
1527184839.55	4300	59.749276	0.0	2134614	14	4.3
1527184843.72	4300	59.998302	0.0	2164140	27	4.3
1527184847.88	4300	59.748985	0.0	2113193	25	4.3
1527184851.55	4300	59.748636	0.0	2147852	26	4.3
1527184855.71	4300	59.747499	0.0	2191074	26	4.3
1527184859.38	4300	59.999419	0.0	2286761	26	4.3
1527184863.54	4300	59.998756	0.0	2307787	27	4.3
1527184867.24	4300	59.998968	0.0	2143948	11	4.3
1527184871.4	4300	59.999136	0.0	1919781	23	4.3
1527184875.55	4300	59.749335	0.0	2147467	21	4.3
1527184879.69	4300	59.749068	0.0	2133870	10	4.3
1527184883.85	4300	59.747798	0.0	2146120	27	4.3
1527184887.51	4300	59.999056	0.0	2108491	20	4.3
1527184891.66	4300	59.748589	0.0	2184571	22	4.3
1527184895.33	4300	59.999068	0.0	2121928	23	4.3
1527184899.49	4300	59.997708	0.0	2219102	26	4.3
1527184903.66	4300	59.998566	0.0	2124950	26	4.3
1527184907.3	4300	59.99857	0.0	2246506	21	4.3
1527184911.44	4300	59.998508	0.0	1961140	22	4.3
1527184915.58	4300	59.998064	0.0	2155012	13	4.3
1527184917.2	4300	59.928935	0.0	1433658	16	4.3

1527184917.47	750	4	0.018	668286	5	-0.07740000000000002
1527184917.62	4300	7.963291	0.0	2123065	15	0.75
1527184917.74	4300	11.837839	0.0	2177073	12	4.3
1527184917.87	4300	15.71088	0.0	2160877	12	4.3
1527184917.99	4300	19.594564	0.0	2233056	8	4.3
1527184918.1	4300	23.479391	0.0	1941625	7	4.3
1527184918.22	4300	27.3638	0.0	2157535	8	4.3
1527184918.33	4300	31.247512	0.0	2290172	7	4.3
1527184918.48	4300	35.103938	0.0	2055469	15	4.3
1527184918.62	4300	38.965308	0.0	2169201	17	4.3
1527184918.75	4300	42.828391	0.0	2173522	19	4.3
1527184918.91	4300	46.678144	0.0	2102452	24	4.3
1527184919.04	4300	50.546713	0.0	2209463	15	4.3
1527184919.2	4300	54.385256	0.0	2275376	17	4.3
1527184919.34	4300	58.244648	0.0	2005399	15	4.3
1527184921.96	4300	59.998161	0.0	2152483	7	4.3
1527184926.13	4300	59.498546	0.0	2289689	13	4.3
1527184929.79	4300	59.99922	0.0	2059512	23	4.3
1527184933.95	4300	59.748917	0.0	2220726	25	4.3
1527184937.59	4300	59.999242	0.0	2156729	12	4.3
1527184941.74	4300	59.997806	0.0	2039773	17	4.3
1527184945.9	4300	59.998632	0.0	2176469	26	4.3
1527184950.05	4300	59.749246	0.0	2221506	21	4.3
1527184953.71	4300	59.998834	0.0	2044075	29	4.3
1527184957.86	4300	59.749682	0.0	2186790	11	4.3
1527184962.0	4300	59.749173	0.0	2105231	11	4.3
1527184965.64	4300	59.999393	0.0	2395588	13	4.3
1527184970.28	4300	59.49855	0.0	1972048	13	4.3
1527184973.95	4300	59.748545	0.0	2134614	21	4.3
1527184977.6	4300	59.999382	0.0	2164140	13	4.3
1527184981.78	4300	59.999409	0.0	2113193	25	4.3
1527184985.94	4300	59.999119	0.0	2147852	26	4.3
1527184989.59	4300	59.998788	0.0	2191074	21	4.3
1527184994.32	4300	59.497938	0.0	2286761	27	4.3
1527184997.97	4300	59.748819	0.0	2307787	20	4.3
1527185001.67	4300	59.998328	0.0	2143948	23	4.3
1527185005.83	4300	59.999473	0.0	1919781	23	4.3
1527185009.96	4300	59.749155	0.0	2147467	10	4.3
1527185013.62	4300	59.998023	0.0	2133870	25	4.3
1527185018.28	4300	59.498404	0.0	2146120	25	4.3
1527185021.94	4300	59.748125	0.0	2108491	20	4.3
1527185026.09	4300	59.497417	0.0	2184571	25	4.3
1527185029.74	4300	59.999127	0.0	2121928	18	4.3
1527185033.9	4300	59.996966	0.0	2219102	21	4.3
1527185038.06	4300	59.748405	0.0	2124950	30	4.3
1527185041.71	4300	59.997562	0.0	2246506	19	4.3
1527185045.83	4300	59.998885	0.0	1961140	12	4.3
1527185049.98	4300	59.748901	0.0	2155012	23	4.3
1527185051.59	4300	59.6778	0.0	1433658	18	4.3

1527185051.86	750	4	0.02	668286	3	-0.08599999999999997
1527185052.02	4300	7.948436	0.0	2123065	21	0.75
1527185052.16	4300	11.808539	0.0	2177073	16	4.3
1527185052.28	4300	15.686374	0.0	2160877	9	4.3
1527185052.43	4300	19.544114	0.0	2233056	19	4.3
1527185052.57	4300	23.400852	0.0	1941625	20	4.3
1527185052.69	4300	27.281872	0.0	2157535	7	4.3
1527185052.8	4300	31.165446	0.0	2290172	8	4.3
1527185052.92	4300	35.050775	0.0	2055469	6	4.3
1527185053.06	4300	38.907225	0.0	2169201	18	4.3
1527185053.18	4300	42.787704	0.0	2173522	9	4.3
1527185053.3	4300	46.668245	0.0	2102452	9	4.3
1527185053.42	4300	50.54649	0.0	2209463	9	4.3
1527185053.55	4300	54.425847	0.0	2275376	10	4.3
1527185053.72	4300	58.254198	0.0	2005399	31	4.3
1527185056.35	4300	59.748829	0.0	2152483	11	4.3
1527185059.99	4300	59.999116	0.0	2289689	13	4.3
1527185064.64	4300	59.49865	0.0	2059512	18	4.3
1527185068.28	4300	59.749047	0.0	2220726	13	4.3
1527185072.44	4300	59.748192	0.0	2156729	26	4.3
1527185076.58	4300	59.747789	0.0	2039773	11	4.3
1527185080.23	4300	59.998965	0.0	2176469	20	4.3
1527185084.37	4300	59.998905	0.0	2221506	13	4.3
1527185088.5	4300	59.748125	0.0	2044075	9	4.3
1527185092.14	4300	59.998635	0.0	2186790	8	4.3
1527185096.29	4300	59.748832	0.0	2105231	23	4.3
1527185100.43	4300	59.748813	0.0	2395588	15	4.3
1527185104.1	4300	59.999259	0.0	1972048	22	4.3
1527185108.26	4300	59.998413	0.0	2134614	25	4.3
1527185112.41	4300	59.748235	0.0	2164140	21	4.3
1527185116.05	4300	59.998401	0.0	2113193	13	4.3
1527185120.18	4300	59.999416	0.0	2147852	8	4.3
1527185124.32	4300	59.998298	0.0	2191074	15	4.3
1527185128.47	4300	59.99933	0.0	2286761	14	4.3
1527185132.1	4300	59.999294	0.0	2307787	9	4.3
1527185136.24	4300	59.999049	0.0	2143948	12	4.3
1527185140.39	4300	59.998745	0.0	1919781	14	4.3
1527185144.02	4300	59.998329	0.0	2147467	11	4.3
1527185148.19	4300	59.999495	0.0	2133870	25	4.3
1527185152.33	4300	59.749119	0.0	2146120	12	4.3
1527185156.48	4300	59.748742	0.0	2108491	20	4.3
1527185160.15	4300	59.99937	0.0	2184571	32	4.3
1527185164.31	4300	59.748503	0.0	2121928	21	4.3
1527185168.44	4300	59.749129	0.0	2219102	8	4.3
1527185172.09	4300	59.998589	0.0	2124950	22	4.3
1527185176.24	4300	59.997618	0.0	2246506	29	4.3
1527185180.36	4300	59.998432	0.0	1961140	11	4.3
1527185184.05	4300	59.99929	0.0	2155012	25	4.3
1527185186.18	4300	59.678355	0.0	1433658	18	4.3

1527185186.54	750	4	0.021	668286	3	-0.09030000000000005
1527185186.67	4300	7.976911	0.0	2123065	7	0.75
1527185186.79	4300	11.855772	0.0	2177073	8	4.3
1527185186.91	4300	15.735666	0.0	2160877	9	4.3
1527185187.03	4300	19.615139	0.0	2233056	8	4.3
1527185187.15	4300	23.498098	0.0	1941625	6	4.3
1527185187.27	4300	27.379997	0.0	2157535	7	4.3
1527185187.38	4300	31.261352	0.0	2290172	8	4.3
1527185187.63	4300	35.110874	0.0	2055469	6	4.3
1527185187.74	4300	38.900943	0.0	2169201	7	4.3
1527185187.86	4300	42.785914	0.0	2173522	8	4.3
1527185187.97	4300	46.670054	0.0	2102452	8	4.3
1527185188.09	4300	50.555027	0.0	2209463	8	4.3
1527185188.22	4300	54.427699	0.0	2275376	9	4.3
1527185188.34	4300	58.309512	0.0	2005399	7	4.3
1527185190.96	4300	59.999234	0.0	2152483	7	4.3
1527185195.12	4300	59.74806	0.0	2289689	21	4.3
1527185199.25	4300	59.499278	0.0	2059512	12	4.3
1527185203.4	4300	59.498147	0.0	2220726	13	4.3
1527185207.06	4300	59.999188	0.0	2156729	26	4.3
1527185211.2	4300	59.49929	0.0	2039773	11	4.3
1527185215.35	4300	59.497762	0.0	2176469	16	4.3
1527185219.01	4300	59.748235	0.0	2221506	24	4.3
1527185223.14	4300	59.998116	0.0	2044075	12	4.3
1527185226.78	4300	59.998803	0.0	2186790	12	4.3
1527185230.93	4300	59.748112	0.0	2105231	15	4.3
1527185235.09	4300	59.749455	0.0	2395588	21	4.3
1527185239.23	4300	59.747988	0.0	1972048	13	4.3
1527185242.89	4300	59.997947	0.0	2134614	24	4.3
1527185247.06	4300	59.748845	0.0	2164140	24	4.3
1527185250.72	4300	59.998308	0.0	2113193	23	4.3
1527185255.34	4300	59.499631	0.0	2147852	6	4.3
1527185258.97	4300	59.748593	0.0	2191074	7	4.3
1527185263.13	4300	59.997686	0.0	2286761	22	4.3
1527185266.86	4300	59.997987	0.0	2307787	28	4.3
1527185271.01	4300	59.998636	0.0	2143948	16	4.3
1527185274.66	4300	59.999194	0.0	1919781	20	4.3
1527185278.82	4300	59.998756	0.0	2147467	23	4.3
1527185282.97	4300	59.749133	0.0	2133870	15	4.3
1527185287.11	4300	59.998628	0.0	2146120	13	4.3
1527185291.27	4300	59.748907	0.0	2108491	23	4.3
1527185294.92	4300	59.749462	0.0	2184571	17	4.3
1527185299.09	4300	59.997779	0.0	2121928	26	4.3
1527185302.75	4300	59.99759	0.0	2219102	17	4.3
1527185306.9	4300	59.997966	0.0	2124950	19	4.3
1527185311.05	4300	59.749283	0.0	2246506	17	4.3
1527185314.67	4300	59.998589	0.0	1961140	12	4.3
1527185318.81	4300	59.99854	0.0	2155012	23	4.3
1527185320.41	4300	59.929148	0.0	1433658	13	4.3

1527185320.8	750	4	0.018	668286	2	-0.07740000000000002
1527185320.93	4300	7.977434	0.0	2123065	6	0.75
1527185321.05	4300	11.858983	0.0	2177073	7	4.3
1527185321.17	4300	15.737435	0.0	2160877	10	4.3
1527185321.29	4300	19.621317	0.0	2233056	8	4.3
1527185321.45	4300	23.461808	0.0	1941625	6	4.3
1527185321.57	4300	27.339884	0.0	2157535	8	4.3
1527185321.69	4300	31.213251	0.0	2290172	7	4.3
1527185321.81	4300	35.095492	0.0	2055469	6	4.3
1527185321.94	4300	38.970146	0.0	2169201	8	4.3
1527185322.05	4300	42.853665	0.0	2173522	8	4.3
1527185322.17	4300	46.738134	0.0	2102452	8	4.3
1527185322.28	4300	50.623071	0.0	2209463	8	4.3
1527185322.4	4300	54.507004	0.0	2275376	8	4.3
1527185322.52	4300	58.387357	0.0	2005399	12	4.3
1527185325.15	4300	59.999268	0.0	2152483	7	4.3
1527185329.29	4300	59.747933	0.0	2289689	12	4.3
1527185332.92	4300	59.998935	0.0	2059512	12	4.3
1527185337.56	4300	59.498976	0.0	2220726	11	4.3
1527185341.32	4300	59.997693	0.0	2156729	14	4.3
1527185345.49	4300	59.748029	0.0	2039773	22	4.3
1527185349.12	4300	59.99897	0.0	2176469	8	4.3
1527185353.28	4300	59.998713	0.0	2221506	25	4.3
1527185356.94	4300	59.997996	0.0	2044075	27	4.3
1527185361.75	4300	59.748694	0.0	2186790	31	4.3
1527185365.41	4300	59.74952	0.0	2105231	26	4.3
1527185369.57	4300	59.748137	0.0	2395588	29	4.3
1527185373.21	4300	59.748774	0.0	1972048	13	4.3
1527185377.33	4300	59.74806	0.0	2134614	8	4.3
1527185381.47	4300	59.74818	0.0	2164140	13	4.3
1527185385.11	4300	59.998884	0.0	2113193	13	4.3
1527185389.24	4300	59.748695	0.0	2147852	10	4.3
1527185393.38	4300	59.998847	0.0	2191074	15	4.3
1527185397.53	4300	59.748966	0.0	2286761	14	4.3
1527185401.15	4300	59.99805	0.0	2307787	7	4.3
1527185405.29	4300	59.748839	0.0	2143948	12	4.3
1527185409.44	4300	59.748813	0.0	1919781	18	4.3
1527185413.57	4300	59.498753	0.0	2147467	8	4.3
1527185417.21	4300	59.749457	0.0	2133870	15	4.3
1527185421.38	4300	59.749217	0.0	2146120	26	4.3
1527185425.51	4300	59.748542	0.0	2108491	12	4.3
1527185429.16	4300	59.749086	0.0	2184571	19	4.3
1527185433.33	4300	59.747555	0.0	2121928	22	4.3
1527185437.1	4300	59.999117	0.0	2219102	30	4.3
1527185441.3	4300	59.747684	0.0	2124950	12	4.3
1527185444.95	4300	59.997897	0.0	2246506	20	4.3
1527185449.59	4300	59.748821	0.0	1961140	23	4.3
1527185453.2	4300	59.997708	0.0	2155012	8	4.3
1527185454.82	4300	59.929109	0.0	1433658	18	4.3

1527185455.11	750	4	0.019	668286	3	-0.0817
1527185455.24	4300	7.980042	0.0	2123065	8	0.75
1527185455.39	4300	11.824093	0.0	2177073	24	4.3
1527185455.53	4300	15.689661	0.0	2160877	15	4.3
1527185455.64	4300	19.570769	0.0	2233056	8	4.3
1527185455.76	4300	23.451875	0.0	1941625	8	4.3
1527185455.88	4300	27.335552	0.0	2157535	8	4.3
1527185456.0	4300	31.215793	0.0	2290172	8	4.3
1527185456.12	4300	35.098186	0.0	2055469	8	4.3
1527185456.23	4300	38.979985	0.0	2169201	9	4.3
1527185456.35	4300	42.861223	0.0	2173522	9	4.3
1527185456.52	4300	46.69403	0.0	2102452	7	4.3
1527185456.65	4300	50.565899	0.0	2209463	8	4.3
1527185456.77	4300	54.443829	0.0	2275376	8	4.3
1527185456.9	4300	58.315136	0.0	2005399	11	4.3
1527185459.52	4300	59.748492	0.0	2152483	8	4.3
1527185463.67	4300	59.749865	0.0	2289689	15	4.3
1527185467.84	4300	59.747845	0.0	2059512	19	4.3
1527185471.48	4300	59.998605	0.0	2220726	14	4.3
1527185475.67	4300	59.748834	0.0	2156729	16	4.3
1527185479.82	4300	59.499041	0.0	2039773	22	4.3
1527185483.46	4300	59.999139	0.0	2176469	15	4.3
1527185487.63	4300	59.74944	0.0	2221506	26	4.3
1527185491.27	4300	59.998516	0.0	2044075	12	4.3
1527185495.42	4300	59.999338	0.0	2186790	23	4.3
1527185499.6	4300	59.999152	0.0	2105231	35	4.3
1527185503.26	4300	59.999206	0.0	2395588	27	4.3
1527185507.45	4300	59.999041	0.0	1972048	23	4.3
1527185511.6	4300	59.74838	0.0	2134614	18	4.3
1527185515.35	4300	59.997722	0.0	2164140	32	4.3
1527185519.53	4300	59.748774	0.0	2113193	24	4.3
1527185523.81	4300	59.998431	0.0	2147852	25	4.3
1527185527.95	4300	59.49882	0.0	2191074	12	4.3
1527185531.59	4300	59.748857	0.0	2286761	15	4.3
1527185535.25	4300	59.997947	0.0	2307787	23	4.3
1527185539.41	4300	59.997552	0.0	2143948	24	4.3
1527185543.56	4300	59.748279	0.0	1919781	22	4.3
1527185547.71	4300	59.749113	0.0	2147467	18	4.3
1527185551.88	4300	59.747579	0.0	2133870	26	4.3
1527185555.56	4300	59.748952	0.0	2146120	25	4.3
1527185559.72	4300	59.747678	0.0	2108491	19	4.3
1527185563.38	4300	59.999118	0.0	2184571	27	4.3
1527185567.54	4300	59.748404	0.0	2121928	26	4.3
1527185571.77	4300	59.748682	0.0	2219102	26	4.3
1527185575.93	4300	59.748074	0.0	2124950	24	4.3
1527185579.59	4300	59.749227	0.0	2246506	23	4.3
1527185583.23	4300	59.999371	0.0	1961140	21	4.3
1527185587.36	4300	59.998544	0.0	2155012	18	4.3
1527185588.97	4300	59.928859	0.0	1433658	17	4.3

1527185589.25	750	4	0.02	668286	6	-0.08599999999999997
1527185589.4	4300	7.958002	0.0	2123065	14	0.75
1527185589.53	4300	11.83285	0.0	2177073	11	4.3
1527185589.65	4300	15.705787	0.0	2160877	9	4.3
1527185589.78	4300	19.580735	0.0	2233056	12	4.3
1527185589.91	4300	23.452079	0.0	1941625	9	4.3
1527185590.05	4300	27.306241	0.0	2157535	9	4.3
1527185590.19	4300	31.166461	0.0	2290172	20	4.3
1527185590.31	4300	35.048343	0.0	2055469	7	4.3
1527185590.42	4300	38.933762	0.0	2169201	7	4.3
1527185590.54	4300	42.819308	0.0	2173522	7	4.3
1527185590.66	4300	46.701644	0.0	2102452	7	4.3
1527185590.77	4300	50.585563	0.0	2209463	8	4.3
1527185590.89	4300	54.467549	0.0	2275376	7	4.3
1527185591.01	4300	58.345691	0.0	2005399	11	4.3
1527185593.64	4300	59.749353	0.0	2152483	7	4.3
1527185597.8	4300	59.749264	0.0	2289689	19	4.3
1527185601.45	4300	59.998177	0.0	2059512	24	4.3
1527185605.62	4300	59.749161	0.0	2220726	24	4.3
1527185609.81	4300	59.748559	0.0	2156729	25	4.3
1527185613.46	4300	59.998913	0.0	2039773	18	4.3
1527185617.62	4300	59.999366	0.0	2176469	21	4.3
1527185621.82	4300	59.74788	0.0	2221506	26	4.3
1527185625.48	4300	59.999147	0.0	2044075	22	4.3
1527185629.64	4300	59.997626	0.0	2186790	25	4.3
1527185633.8	4300	59.749622	0.0	2105231	19	4.3
1527185637.46	4300	59.999119	0.0	2395588	24	4.3
1527185641.61	4300	59.749237	0.0	1972048	22	4.3
1527185645.78	4300	59.747938	0.0	2134614	23	4.3
1527185649.43	4300	59.998214	0.0	2164140	20	4.3
1527185654.09	4300	59.497674	0.0	2113193	23	4.3
1527185657.74	4300	59.748865	0.0	2147852	19	4.3
1527185661.9	4300	59.499113	0.0	2191074	23	4.3
1527185666.06	4300	59.498793	0.0	2286761	25	4.3
1527185669.71	4300	59.748737	0.0	2307787	18	4.3
1527185673.87	4300	59.497748	0.0	2143948	23	4.3
1527185677.53	4300	59.998646	0.0	1919781	22	4.3
1527185681.66	4300	59.998677	0.0	2147467	8	4.3
1527185685.81	4300	59.999043	0.0	2133870	19	4.3
1527185689.95	4300	59.497691	0.0	2146120	13	4.3
1527185694.11	4300	59.24927	0.0	2108491	25	4.3
1527185697.87	4300	59.748654	0.0	2184571	19	4.3
1527185701.52	4300	59.998454	0.0	2121928	16	4.3
1527185705.67	4300	59.74778	0.0	2219102	20	4.3
1527185709.83	4300	59.997567	0.0	2124950	16	4.3
1527185713.48	4300	59.99888	0.0	2246506	22	4.3
1527185717.63	4300	59.748736	0.0	1961140	23	4.3
1527185721.74	4300	59.747041	0.0	2155012	13	4.3
1527185723.85	4300	59.678432	0.0	1433658	17	4.3

1527185724.15	750	4	0.018	668286	3	-0.07740000000000002
1527185724.31	4300	7.946121	0.0	2123065	22	0.75
1527185724.45	4300	11.811685	0.0	2177073	15	4.3
1527185724.58	4300	15.6806	0.0	2160877	11	4.3
1527185724.7	4300	19.553712	0.0	2233056	10	4.3
1527185724.83	4300	23.425621	0.0	1941625	7	4.3
1527185724.95	4300	27.307184	0.0	2157535	7	4.3
1527185725.07	4300	31.190005	0.0	2290172	7	4.3
1527185725.18	4300	35.072806	0.0	2055469	7	4.3
1527185725.3	4300	38.95565	0.0	2169201	7	4.3
1527185725.42	4300	42.840519	0.0	2173522	8	4.3
1527185725.53	4300	46.723923	0.0	2102452	7	4.3
1527185725.65	4300	50.605841	0.0	2209463	8	4.3
1527185725.77	4300	54.489401	0.0	2275376	8	4.3
1527185725.89	4300	58.366144	0.0	2005399	15	4.3
1527185728.52	4300	59.9991	0.0	2152483	7	4.3
1527185732.66	4300	59.999049	0.0	2289689	16	4.3
1527185736.79	4300	59.498559	0.0	2059512	10	4.3
1527185740.95	4300	59.498776	0.0	2220726	23	4.3
1527185744.61	4300	59.749022	0.0	2156729	23	4.3
1527185748.78	4300	59.498869	0.0	2039773	26	4.3
1527185752.42	4300	59.998077	0.0	2176469	12	4.3
1527185756.56	4300	59.748119	0.0	2221506	10	4.3
1527185760.72	4300	59.749503	0.0	2044075	23	4.3
1527185764.36	4300	59.997816	0.0	2186790	16	4.3
1527185768.52	4300	59.74951	0.0	2105231	23	4.3
1527185772.69	4300	59.998047	0.0	2395588	29	4.3
1527185776.4	4300	59.999216	0.0	1972048	18	4.3
1527185780.53	4300	59.748708	0.0	2134614	9	4.3
1527185784.69	4300	59.748748	0.0	2164140	25	4.3
1527185788.32	4300	59.999472	0.0	2113193	10	4.3
1527185792.49	4300	59.998958	0.0	2147852	25	4.3
1527185796.65	4300	59.99914	0.0	2191074	27	4.3
1527185800.31	4300	59.999408	0.0	2286761	19	4.3
1527185804.97	4300	59.498067	0.0	2307787	22	4.3
1527185808.63	4300	59.749228	0.0	2143948	24	4.3
1527185812.79	4300	59.749282	0.0	1919781	21	4.3
1527185816.45	4300	59.999211	0.0	2147467	19	4.3
1527185820.59	4300	59.748966	0.0	2133870	13	4.3
1527185824.75	4300	59.748976	0.0	2146120	21	4.3
1527185828.41	4300	59.998858	0.0	2108491	25	4.3
1527185832.57	4300	59.748288	0.0	2184571	25	4.3
1527185836.73	4300	59.998493	0.0	2121928	26	4.3
1527185840.39	4300	59.999053	0.0	2219102	21	4.3
1527185844.53	4300	59.74802	0.0	2124950	13	4.3
1527185848.68	4300	59.748099	0.0	2246506	24	4.3
1527185852.38	4300	59.998979	0.0	1961140	20	4.3
1527185857.05	4300	59.497507	0.0	2155012	12	4.3
1527185858.15	4300	59.929076	0.0	1433658	13	4.3

1527185858.45	750	4	0.018	668286	3	-0.07740000000000002
1527185858.57	4300	7.980495	0.0	2123065	7	0.75
1527185858.69	4300	11.863198	0.0	2177073	7	4.3
1527185858.81	4300	15.741079	0.0	2160877	7	4.3
1527185858.93	4300	19.619869	0.0	2233056	8	4.3
1527185859.05	4300	23.502964	0.0	1941625	7	4.3
1527185859.17	4300	27.387463	0.0	2157535	8	4.3
1527185859.28	4300	31.269219	0.0	2290172	8	4.3
1527185859.4	4300	35.15349	0.0	2055469	7	4.3
1527185859.52	4300	39.037861	0.0	2169201	8	4.3
1527185859.64	4300	42.914753	0.0	2173522	11	4.3
1527185859.75	4300	46.799983	0.0	2102452	7	4.3
1527185859.9	4300	50.654528	0.0	2209463	18	4.3
1527185860.03	4300	54.524286	0.0	2275376	11	4.3
1527185860.17	4300	58.390206	0.0	2005399	16	4.3
1527185862.8	4300	59.998786	0.0	2152483	7	4.3
1527185866.95	4300	59.997699	0.0	2289689	22	4.3
1527185871.1	4300	59.748482	0.0	2059512	15	4.3
1527185875.32	4300	59.748913	0.0	2220726	24	4.3
1527185878.95	4300	59.748692	0.0	2156729	10	4.3
1527185882.61	4300	59.998865	0.0	2039773	25	4.3
1527185887.28	4300	59.498586	0.0	2176469	24	4.3
1527185890.92	4300	59.747658	0.0	2221506	13	4.3
1527185895.07	4300	59.748435	0.0	2044075	18	4.3
1527185898.72	4300	59.999421	0.0	2186790	16	4.3
1527185902.87	4300	59.749206	0.0	2105231	17	4.3
1527185907.03	4300	59.749224	0.0	2395588	25	4.3
1527185910.67	4300	59.997904	0.0	1972048	11	4.3
1527185914.83	4300	59.748262	0.0	2134614	24	4.3
1527185919.0	4300	59.747734	0.0	2164140	26	4.3
1527185922.65	4300	59.997548	0.0	2113193	18	4.3
1527185926.81	4300	59.998607	0.0	2147852	20	4.3
1527185930.99	4300	59.748751	0.0	2191074	21	4.3
1527185934.62	4300	59.998608	0.0	2286761	8	4.3
1527185939.28	4300	59.7489	0.0	2307787	24	4.3
1527185942.91	4300	59.748848	0.0	2143948	12	4.3
1527185947.06	4300	59.748525	0.0	1919781	10	4.3
1527185951.22	4300	59.498621	0.0	2147467	25	4.3
1527185954.88	4300	59.999387	0.0	2133870	24	4.3
1527185959.09	4300	59.74793	0.0	2146120	25	4.3
1527185962.75	4300	59.997459	0.0	2108491	25	4.3
1527185966.9	4300	59.747911	0.0	2184571	18	4.3
1527185971.05	4300	59.749121	0.0	2121928	23	4.3
1527185974.72	4300	59.997606	0.0	2219102	27	4.3
1527185978.89	4300	59.99751	0.0	2124950	25	4.3
1527185983.04	4300	59.998903	0.0	2246506	25	4.3
1527185986.69	4300	59.998307	0.0	1961140	23	4.3
1527185990.82	4300	59.748292	0.0	2155012	24	4.3
1527185992.43	4300	59.928583	0.0	1433658	17	4.3

1527185992.7	750	4	0.017	668286	4	-0.07309999999999994
1527185992.82	4300	7.980119	0.0	2123065	6	0.75
1527185992.94	4300	11.861876	0.0	2177073	7	4.3
1527185993.06	4300	15.742494	0.0	2160877	8	4.3
1527185993.17	4300	19.627513	0.0	2233056	7	4.3
1527185993.31	4300	23.492094	0.0	1941625	16	4.3
1527185993.44	4300	27.368457	0.0	2157535	10	4.3
1527185993.59	4300	31.215308	0.0	2290172	28	4.3
1527185993.74	4300	35.061425	0.0	2055469	8	4.3
1527185993.86	4300	38.945204	0.0	2169201	7	4.3
1527185993.99	4300	42.81604	0.0	2173522	13	4.3
1527185994.12	4300	46.686206	0.0	2102452	12	4.3
1527185994.25	4300	50.55501	0.0	2209463	12	4.3
1527185994.38	4300	54.419784	0.0	2275376	16	4.3
1527185994.5	4300	58.300028	0.0	2005399	6	4.3
1527185997.14	4300	59.749549	0.0	2152483	13	4.3
1527186001.28	4300	59.998662	0.0	2289689	12	4.3
1527186005.43	4300	59.498349	0.0	2059512	22	4.3
1527186009.1	4300	59.749698	0.0	2220726	26	4.3
1527186013.24	4300	59.74846	0.0	2156729	17	4.3
1527186016.88	4300	59.999207	0.0	2039773	11	4.3
1527186021.53	4300	59.497335	0.0	2176469	23	4.3
1527186025.17	4300	59.748002	0.0	2221506	12	4.3
1527186028.83	4300	59.998887	0.0	2044075	26	4.3
1527186033.02	4300	59.99795	0.0	2186790	25	4.3
1527186037.28	4300	59.748503	0.0	2105231	18	4.3
1527186040.94	4300	59.999212	0.0	2395588	32	4.3
1527186045.09	4300	59.999354	0.0	1972048	18	4.3
1527186049.26	4300	59.749521	0.0	2134614	26	4.3
1527186053.41	4300	59.498662	0.0	2164140	20	4.3
1527186057.07	4300	59.998749	0.0	2113193	23	4.3
1527186061.23	4300	59.748589	0.0	2147852	25	4.3
1527186064.89	4300	59.998945	0.0	2191074	18	4.3
1527186069.04	4300	59.999228	0.0	2286761	22	4.3
1527186073.21	4300	59.747968	0.0	2307787	29	4.3
1527186076.87	4300	59.998332	0.0	2143948	26	4.3
1527186081.03	4300	59.999262	0.0	1919781	21	4.3
1527186085.18	4300	59.748833	0.0	2147467	18	4.3
1527186089.34	4300	59.748693	0.0	2133870	27	4.3
1527186092.98	4300	59.997276	0.0	2146120	13	4.3
1527186097.14	4300	59.749234	0.0	2108491	26	4.3
1527186101.31	4300	59.748961	0.0	2184571	25	4.3
1527186105.44	4300	59.748443	0.0	2121928	7	4.3
1527186109.09	4300	59.748856	0.0	2219102	22	4.3
1527186113.26	4300	59.748171	0.0	2124950	26	4.3
1527186116.9	4300	59.998392	0.0	2246506	19	4.3
1527186121.08	4300	59.998572	0.0	1961140	11	4.3
1527186125.25	4300	59.748997	0.0	2155012	12	4.3
1527186126.86	4300	59.677668	0.0	1433658	15	4.3

1527186127.17	750	4	0.02	668286	5	-0.08599999999999997
1527186127.33	4300	7.953282	0.0	2123065	17	0.75
1527186127.48	4300	11.803634	0.0	2177073	18	4.3
1527186127.6	4300	15.675346	0.0	2160877	9	4.3
1527186127.73	4300	19.550715	0.0	2233056	12	4.3
1527186127.85	4300	23.424406	0.0	1941625	10	4.3
1527186127.98	4300	27.299822	0.0	2157535	11	4.3
1527186128.11	4300	31.173094	0.0	2290172	11	4.3
1527186128.23	4300	35.050372	0.0	2055469	11	4.3
1527186128.37	4300	38.913633	0.0	2169201	18	4.3
1527186128.51	4300	42.769527	0.0	2173522	19	4.3
1527186128.65	4300	46.629987	0.0	2102452	18	4.3
1527186128.77	4300	50.508379	0.0	2209463	10	4.3
1527186128.9	4300	54.376727	0.0	2275376	12	4.3
1527186129.03	4300	58.251583	0.0	2005399	9	4.3
1527186131.69	4300	59.748203	0.0	2152483	21	4.3
1527186135.35	4300	59.997733	0.0	2289689	25	4.3
1527186140.01	4300	59.498703	0.0	2059512	24	4.3
1527186143.67	4300	59.998831	0.0	2220726	18	4.3
1527186147.33	4300	59.997339	0.0	2156729	22	4.3
1527186151.5	4300	59.998788	0.0	2039773	23	4.3
1527186155.66	4300	59.997431	0.0	2176469	21	4.3
1527186159.32	4300	59.999112	0.0	2221506	26	4.3
1527186163.98	4300	59.499014	0.0	2044075	24	4.3
1527186167.64	4300	59.748495	0.0	2186790	20	4.3
1527186171.79	4300	59.748087	0.0	2105231	22	4.3
1527186175.46	4300	59.998604	0.0	2395588	27	4.3
1527186179.68	4300	59.998717	0.0	1972048	23	4.3
1527186183.34	4300	59.998989	0.0	2134614	24	4.3
1527186188.0	4300	59.74888	0.0	2164140	23	4.3
1527186191.66	4300	59.749031	0.0	2113193	22	4.3
1527186195.82	4300	59.748637	0.0	2147852	24	4.3
1527186199.48	4300	59.999217	0.0	2191074	25	4.3
1527186203.64	4300	59.748938	0.0	2286761	28	4.3
1527186207.31	4300	59.997973	0.0	2307787	26	4.3
1527186211.48	4300	59.99849	0.0	2143948	24	4.3
1527186215.64	4300	59.748361	0.0	1919781	22	4.3
1527186219.79	4300	59.498459	0.0	2147467	21	4.3
1527186223.45	4300	59.998157	0.0	2133870	22	4.3
1527186227.59	4300	59.99772	0.0	2146120	9	4.3
1527186231.73	4300	59.998044	0.0	2108491	14	4.3
1527186235.4	4300	59.997934	0.0	2184571	23	4.3
1527186239.56	4300	59.998643	0.0	2121928	24	4.3
1527186243.72	4300	59.748475	0.0	2219102	27	4.3
1527186247.88	4300	59.748715	0.0	2124950	12	4.3
1527186252.03	4300	59.497093	0.0	2246506	27	4.3
1527186255.67	4300	59.748624	0.0	1961140	20	4.3
1527186259.31	4300	59.998006	0.0	2155012	27	4.3
1527186261.43	4300	59.928067	0.0	1433658	18	4.3

1527186261.69	750	4	0.015	668286	3	-0.0645
1527186261.85	4300	7.958084	0.0	2123065	11	0.75
1527186261.99	4300	11.81196	0.0	2177073	22	4.3
1527186262.13	4300	15.675232	0.0	2160877	14	4.3
1527186262.26	4300	19.549642	0.0	2233056	12	4.3
1527186262.38	4300	23.423795	0.0	1941625	10	4.3
1527186262.51	4300	27.298764	0.0	2157535	13	4.3
1527186262.63	4300	31.172254	0.0	2290172	13	4.3
1527186262.75	4300	35.057655	0.0	2055469	7	4.3
1527186262.86	4300	38.943258	0.0	2169201	7	4.3
1527186262.98	4300	42.827678	0.0	2173522	7	4.3
1527186263.09	4300	46.711559	0.0	2102452	7	4.3
1527186263.21	4300	50.595464	0.0	2209463	8	4.3
1527186263.33	4300	54.478557	0.0	2275376	7	4.3
1527186263.45	4300	58.352586	0.0	2005399	17	4.3
1527186266.07	4300	59.748031	0.0	2152483	8	4.3
1527186270.2	4300	59.749404	0.0	2289689	8	4.3
1527186274.36	4300	59.748758	0.0	2059512	21	4.3
1527186278.53	4300	59.498421	0.0	2220726	37	4.3
1527186282.65	4300	59.230536	0.0	2156729	7	4.3
1527186286.2	4300	59.998303	0.0	2039773	391	4.3
1527186290.28	4300	59.749499	0.0	2176469	357	4.3
1527186294.26	4300	59.74907	0.0	2221506	318	4.3
1527186298.22	4300	59.749249	0.0	2044075	300	4.3
1527186302.18	4300	59.745904	0.0	2186790	313	4.3
1527186306.33	4300	59.747923	0.0	2105231	21	4.3
1527186309.99	4300	59.997717	0.0	2395588	22	4.3
1527186314.14	4300	59.749356	0.0	1972048	20	4.3
1527186318.29	4300	59.749577	0.0	2134614	18	4.3
1527186321.95	4300	59.997762	0.0	2164140	24	4.3
1527186326.12	4300	59.997987	0.0	2113193	22	4.3
1527186330.27	4300	59.748898	0.0	2147852	26	4.3
1527186334.4	4300	59.747729	0.0	2191074	7	4.3
1527186338.54	4300	59.748719	0.0	2286761	13	4.3
1527186342.2	4300	59.997825	0.0	2307787	24	4.3
1527186345.86	4300	59.999039	0.0	2143948	25	4.3
1527186350.01	4300	59.998623	0.0	1919781	22	4.3
1527186354.13	4300	59.997714	0.0	2147467	7	4.3
1527186358.27	4300	59.74869	0.0	2133870	12	4.3
1527186361.91	4300	59.998708	0.0	2146120	15	4.3
1527186366.07	4300	59.748692	0.0	2108491	22	4.3
1527186370.35	4300	59.748053	0.0	2184571	26	4.3
1527186374.01	4300	59.998006	0.0	2121928	20	4.3
1527186378.28	4300	59.747982	0.0	2219102	23	4.3
1527186382.44	4300	59.748397	0.0	2124950	24	4.3
1527186386.09	4300	59.748151	0.0	2246506	20	4.3
1527186390.23	4300	59.74808	0.0	1961140	18	4.3
1527186393.87	4300	59.998749	0.0	2155012	24	4.3
1527186395.98	4300	59.928048	0.0	1433658	17	4.3

1527186396.25	750	4	0.017	668286	5	-0.07309999999999994
1527186396.37	4300	7.980607	0.0	2123065	8	0.75
1527186396.49	4300	11.865109	0.0	2177073	7	4.3
1527186396.61	4300	15.746098	0.0	2160877	8	4.3
1527186396.73	4300	19.630571	0.0	2233056	8	4.3
1527186396.84	4300	23.516261	0.0	1941625	7	4.3
1527186396.97	4300	27.393979	0.0	2157535	7	4.3
1527186397.11	4300	31.242831	0.0	2290172	21	4.3
1527186397.25	4300	35.103388	0.0	2055469	18	4.3
1527186397.38	4300	38.973641	0.0	2169201	14	4.3
1527186397.5	4300	42.85577	0.0	2173522	7	4.3
1527186397.63	4300	46.722098	0.0	2102452	18	4.3
1527186397.76	4300	50.598494	0.0	2209463	10	4.3
1527186397.88	4300	54.477727	0.0	2275376	11	4.3
1527186398.0	4300	58.357883	0.0	2005399	10	4.3
1527186401.13	4300	59.247683	0.0	2152483	10	4.3
1527186405.29	4300	59.497907	0.0	2289689	22	4.3
1527186408.51	4300	59.999063	0.0	2059512	24	4.3
1527186412.67	4300	59.749468	0.0	2220726	21	4.3
1527186416.83	4300	59.748705	0.0	2156729	29	4.3
1527186420.47	4300	59.998733	0.0	2039773	9	4.3
1527186424.63	4300	59.999102	0.0	2176469	25	4.3
1527186428.83	4300	59.9986	0.0	2221506	25	4.3
1527186432.48	4300	59.998478	0.0	2044075	18	4.3
1527186436.63	4300	59.748435	0.0	2186790	19	4.3
1527186440.8	4300	59.998148	0.0	2105231	25	4.3
1527186444.45	4300	59.999445	0.0	2395588	21	4.3
1527186448.61	4300	59.997942	0.0	1972048	20	4.3
1527186452.78	4300	59.747858	0.0	2134614	23	4.3
1527186456.43	4300	59.99811	0.0	2164140	12	4.3
1527186461.1	4300	59.747893	0.0	2113193	25	4.3
1527186464.74	4300	59.747898	0.0	2147852	15	4.3
1527186468.38	4300	59.999029	0.0	2191074	15	4.3
1527186472.54	4300	59.99778	0.0	2286761	27	4.3
1527186476.69	4300	59.745974	0.0	2307787	21	4.3
1527186480.82	4300	59.746662	0.0	2143948	12	4.3
1527186484.96	4300	59.748921	0.0	1919781	10	4.3
1527186489.1	4300	59.748812	0.0	2147467	13	4.3
1527186492.76	4300	59.748497	0.0	2133870	26	4.3
1527186496.4	4300	59.998669	0.0	2146120	9	4.3
1527186501.06	4300	59.497424	0.0	2108491	25	4.3
1527186504.72	4300	59.749426	0.0	2184571	21	4.3
