1527227336.48	750	4	0.013	450283	3	-0.05589999999999995
1527227336.56	4300	7.979551	0.0	2123065	6	0.75
1527227336.66	4300	11.886938	0.0	2177073	17	4.3
1527227336.75	4300	15.791258	0.0	2160877	18	4.3
1527227336.85	4300	19.68829	0.0	2233056	24	4.3
1527227336.93	4300	23.608218	0.0	1941625	11	4.3
1527227337.0	4300	27.536589	0.0	2157535	7	4.3
1527227337.08	4300	31.462306	0.0	2290172	8	4.3
1527227337.18	4300	35.363274	0.0	2055469	24	4.3
1527227337.26	4300	39.281572	0.0	2169201	12	4.3
1527227337.36	4300	43.18037	0.0	2173522	23	4.3
1527227337.45	4300	47.097833	0.0	2102452	12	4.3
1527227337.52	4300	51.024615	0.0	2209463	8	4.3
1527227337.59	4300	54.95522	0.0	2275376	7	4.3
1527227337.66	4300	58.885439	0.0	2005399	7	4.3
1527227341.24	4300	59.748975	0.0	2152483	7	4.3
1527227344.86	4300	59.998059	0.0	2289689	26	4.3
1527227348.97	4300	59.998858	0.0	2059512	22	4.3
1527227352.57	4300	59.998194	0.0	2220726	23	4.3
1527227356.68	4300	59.998121	0.0	2156729	20	4.3
1527227360.76	4300	59.998319	0.0	2039773	6	4.3
1527227364.88	4300	59.749649	0.0	2176469	24	4.3
1527227369.0	4300	59.748814	0.0	2221506	25	4.3
1527227372.61	4300	59.998082	0.0	2044075	23	4.3
1527227376.72	4300	59.998136	0.0	2186790	19	4.3
1527227380.83	4300	59.747935	0.0	2105231	20	4.3
1527227384.95	4300	59.747628	0.0	2395588	22	4.3
1527227389.04	4300	59.998031	0.0	1972048	10	4.3
1527227392.65	4300	59.997875	0.0	2134614	24	4.3
1527227397.3	4300	59.497861	0.0	2164140	22	4.3
1527227400.91	4300	59.74927	0.0	2113193	21	4.3
1527227405.02	4300	59.997672	0.0	2147852	18	4.3
1527227409.14	4300	59.74793	0.0	2191074	24	4.3
1527227412.75	4300	59.998453	0.0	2286761	27	4.3
1527227416.86	4300	59.748689	0.0	2307787	23	4.3
1527227420.97	4300	59.997677	0.0	2143948	21	4.3
1527227424.58	4300	59.998885	0.0	1919781	21	4.3
1527227429.2	4300	59.747663	0.0	2147467	25	4.3
1527227432.82	4300	59.747509	0.0	2133870	26	4.3
1527227436.93	4300	59.747556	0.0	2146120	20	4.3
1527227441.04	4300	59.747927	0.0	2108491	21	4.3
1527227444.65	4300	59.999093	0.0	2184571	22	4.3
1527227449.28	4300	59.748957	0.0	2121928	23	4.3
1527227452.89	4300	59.747752	0.0	2219102	26	4.3
1527227457.01	4300	59.997988	0.0	2124950	23	4.3
1527227460.62	4300	59.998453	0.0	2246506	25	4.3
1527227464.74	4300	59.998795	0.0	1961140	22	4.3
1527227468.85	4300	59.99851	0.0	2155012	23	4.3
1527227470.47	4300	59.9292	0.0	1433658	17	4.3

1527227470.74	750	4	0.029	2354772	9	-0.12470000000000003
1527227470.81	4300	7.986159	0.0	2123065	7	0.75
1527227470.91	4300	11.884957	0.0	2177073	22	4.3
1527227471.01	4300	15.78915	0.0	2160877	23	4.3
1527227471.1	4300	19.701673	0.0	2233056	15	4.3
1527227471.18	4300	23.618382	0.0	1941625	13	4.3
1527227471.26	4300	27.538278	0.0	2157535	10	4.3
1527227471.34	4300	31.454032	0.0	2290172	16	4.3
1527227471.42	4300	35.382859	0.0	2055469	7	4.3
1527227471.49	4300	39.306497	0.0	2169201	8	4.3
1527227471.56	4300	43.234422	0.0	2173522	8	4.3
1527227471.63	4300	47.163224	0.0	2102452	8	4.3
1527227471.71	4300	51.090765	0.0	2209463	8	4.3
1527227471.78	4300	55.019324	0.0	2275376	8	4.3
1527227471.88	4300	58.928601	0.0	2005399	15	4.3
1527227474.98	4300	59.998411	0.0	2152483	10	4.3
1527227479.1	4300	59.74914	0.0	2289689	25	4.3
1527227483.21	4300	59.747845	0.0	2059512	23	4.3
1527227486.82	4300	59.997777	0.0	2220726	27	4.3
1527227490.94	4300	59.998788	0.0	2156729	22	4.3
1527227495.55	4300	59.748592	0.0	2039773	18	4.3
1527227499.13	4300	59.748708	0.0	2176469	9	4.3
1527227503.25	4300	59.747783	0.0	2221506	26	4.3
1527227507.36	4300	59.498984	0.0	2044075	23	4.3
1527227510.98	4300	59.998583	0.0	2186790	24	4.3
1527227515.08	4300	59.749086	0.0	2105231	19	4.3
1527227519.19	4300	59.748891	0.0	2395588	22	4.3
1527227523.28	4300	59.747682	0.0	1972048	10	4.3
1527227527.4	4300	59.748836	0.0	2134614	23	4.3
1527227531.01	4300	59.843244	0.0	2164140	25	4.3
1527227535.12	4300	59.998406	0.0	2113193	20	4.3
1527227539.23	4300	59.748257	0.0	2147852	24	4.3
1527227542.84	4300	59.998462	0.0	2191074	25	4.3
1527227546.94	4300	59.998705	0.0	2286761	21	4.3
1527227551.06	4300	59.749205	0.0	2307787	24	4.3
1527227555.16	4300	59.747726	0.0	2143948	21	4.3
1527227559.27	4300	59.747576	0.0	1919781	18	4.3
1527227563.42	4300	59.74802	0.0	2147467	13	4.3
1527227567.54	4300	59.498602	0.0	2133870	19	4.3
1527227571.15	4300	59.749109	0.0	2146120	23	4.3
1527227575.26	4300	59.749319	0.0	2108491	22	4.3
1527227578.87	4300	59.998518	0.0	2184571	25	4.3
1527227582.98	4300	59.998863	0.0	2121928	20	4.3
1527227587.08	4300	59.747739	0.0	2219102	22	4.3
1527227591.2	4300	59.710631	0.0	2124950	20	4.3
1527227594.8	4300	59.999357	0.0	2246506	22	4.3
