1527204089.55	750	4	0.027	2354772	6	-0.11609999999999998
1527204089.67	4300	7.954381	0.0	2123065	23	0.75
1527204089.76	4300	11.854626	0.0	2177073	19	4.3
1527204089.84	4300	15.774499	0.0	2160877	12	4.3
1527204089.92	4300	19.69259	0.0	2233056	14	4.3
1527204090.0	4300	23.614978	0.0	1941625	11	4.3
1527204090.08	4300	27.535649	0.0	2157535	12	4.3
1527204090.16	4300	31.456701	0.0	2290172	13	4.3
1527204090.23	4300	35.377662	0.0	2055469	12	4.3
1527204090.31	4300	39.298654	0.0	2169201	12	4.3
1527204090.38	4300	43.230237	0.0	2173522	7	4.3
1527204090.45	4300	47.160537	0.0	2102452	9	4.3
1527204090.52	4300	51.092771	0.0	2209463	7	4.3
1527204090.6	4300	55.020278	0.0	2275376	7	4.3
1527204090.66	4300	58.947027	0.0	2005399	7	4.3
1527204094.25	4300	59.497923	0.0	2152483	8	4.3
1527204098.36	4300	59.748636	0.0	2289689	26	4.3
1527204101.96	4300	59.998281	0.0	2059512	22	4.3
1527204106.07	4300	59.749235	0.0	2220726	23	4.3
1527204110.18	4300	59.499113	0.0	2156729	23	4.3
1527204113.79	4300	59.99817	0.0	2039773	23	4.3
1527204117.93	4300	59.747888	0.0	2176469	21	4.3
1527204122.04	4300	59.747829	0.0	2221506	21	4.3
1527204126.15	4300	59.498675	0.0	2044075	21	4.3
1527204129.75	4300	59.998467	0.0	2186790	22	4.3
1527204133.85	4300	59.998846	0.0	2105231	18	4.3
1527204137.96	4300	59.749091	0.0	2395588	21	4.3
1527204142.07	4300	59.998762	0.0	1972048	21	4.3
1527204145.68	4300	59.997771	0.0	2134614	22	4.3
1527204149.8	4300	59.998536	0.0	2164140	24	4.3
1527204153.92	4300	59.748746	0.0	2113193	22	4.3
1527204158.1	4300	59.74822	0.0	2147852	23	4.3
1527204161.7	4300	59.998134	0.0	2191074	22	4.3
1527204165.81	4300	59.998198	0.0	2286761	20	4.3
1527204169.92	4300	59.747791	0.0	2307787	20	4.3
1527204174.03	4300	59.998855	0.0	2143948	22	4.3
1527204177.63	4300	59.997907	0.0	1919781	21	4.3
1527204181.74	4300	59.998245	0.0	2147467	23	4.3
1527204186.34	4300	59.498094	0.0	2133870	22	4.3
1527204189.96	4300	59.748081	0.0	2146120	25	4.3
1527204194.06	4300	59.747605	0.0	2108491	21	4.3
1527204197.67	4300	59.997347	0.0	2184571	24	4.3
1527204202.29	4300	59.497788	0.0	2121928	25	4.3
1527204205.91	4300	59.999227	0.0	2219102	25	4.3
1527204210.02	4300	59.747571	0.0	2124950	23	4.3
1527204213.63	4300	59.998316	0.0	2246506	24	4.3
1527204217.74	4300	59.998975	0.0	1961140	19	4.3
1527204221.84	4300	59.999273	0.0	2155012	21	4.3
1527204223.94	4300	59.679034	0.0	1433658	17	4.3

1527204224.25	750	4	0.031	2354772	8	-0.13329999999999997
1527204224.34	4300	7.905561	0.0	2123065	19	0.75
1527204224.42	4300	11.825534	0.0	2177073	12	4.3
1527204224.51	4300	15.74118	0.0	2160877	12	4.3
1527204224.6	4300	19.651214	0.0	2233056	17	4.3
1527204224.7	4300	23.552275	0.0	1941625	21	4.3
1527204224.79	4300	27.452928	0.0	2157535	22	4.3
1527204224.9	4300	31.342964	0.0	2290172	27	4.3
1527204224.99	4300	35.261264	0.0	2055469	14	4.3
1527204225.09	4300	39.160586	0.0	2169201	25	4.3
1527204225.24	4300	43.007399	0.0	2173522	14	4.3
1527204225.32	4300	46.923078	0.0	2102452	14	4.3
1527204225.4	4300	50.845381	0.0	2209463	9	4.3
1527204225.48	4300	54.77078	0.0	2275376	6	4.3
1527204225.55	4300	58.699369	0.0	2005399	8	4.3
1527204228.63	4300	59.998661	0.0	2152483	7	4.3
1527204232.79	4300	59.748545	0.0	2289689	20	4.3
1527204236.4	4300	59.998996	0.0	2059512	22	4.3
1527204240.51	4300	59.74869	0.0	2220726	22	4.3
1527204244.66	4300	59.99911	0.0	2156729	22	4.3
1527204248.27	4300	59.998844	0.0	2039773	23	4.3
1527204252.38	4300	59.998607	0.0	2176469	23	4.3
1527204256.49	4300	59.998406	0.0	2221506	24	4.3
1527204260.61	4300	59.997857	0.0	2044075	12	4.3
1527204264.72	4300	59.74862	0.0	2186790	21	4.3
1527204268.83	4300	59.498415	0.0	2105231	20	4.3
1527204272.44	4300	59.999019	0.0	2395588	23	4.3
1527204276.54	4300	59.998093	0.0	1972048	17	4.3
1527204280.65	4300	59.998593	0.0	2134614	19	4.3
1527204284.25	4300	59.99941	0.0	2164140	23	4.3
1527204288.36	4300	59.997922	0.0	2113193	20	4.3
1527204292.46	4300	59.99854	0.0	2147852	17	4.3
1527204296.57	4300	59.99793	0.0	2191074	23	4.3
1527204300.68	4300	59.748035	0.0	2286761	25	4.3
1527204304.29	4300	59.999184	0.0	2307787	25	4.3
1527204308.9	4300	59.499084	0.0	2143948	21	4.3
1527204312.51	4300	59.74169	0.0	1919781	21	4.3
1527204316.6	4300	59.747758	0.0	2147467	12	4.3
1527204320.72	4300	59.997434	0.0	2133870	25	4.3
1527204324.33	4300	59.998785	0.0	2146120	24	4.3
1527204328.44	4300	59.998085	0.0	2108491	23	4.3
1527204332.6	4300	59.747639	0.0	2184571	19	4.3
1527204336.72	4300	59.998351	0.0	2121928	23	4.3
1527204340.83	4300	59.748171	0.0	2219102	22	4.3
1527204344.43	4300	59.997602	0.0	2124950	23	4.3
1527204348.54	4300	59.997212	0.0	2246506	19	4.3
1527204352.65	4300	59.748903	0.0	1961140	20	4.3
1527204356.75	4300	59.74739	0.0	2155012	20	4.3
1527204358.35	4300	59.928367	0.0	1433658	16	4.3

1527204358.72	750	4	0.027	2354772	7	-0.11609999999999998
1527204358.82	4300	7.95716	0.0	2123065	24	0.75
1527204358.91	4300	11.872786	0.0	2177073	15	4.3
1527204358.99	4300	15.789367	0.0	2160877	13	4.3
1527204359.08	4300	19.703909	0.0	2233056	16	4.3
1527204359.16	4300	23.62308	0.0	1941625	12	4.3
1527204359.24	4300	27.540112	0.0	2157535	13	4.3
1527204359.31	4300	31.469189	0.0	2290172	8	4.3
1527204359.4	4300	35.382119	0.0	2055469	19	4.3
1527204359.47	4300	39.306635	0.0	2169201	11	4.3
1527204359.55	4300	43.230875	0.0	2173522	11	4.3
1527204359.64	4300	47.136816	0.0	2102452	21	4.3
1527204359.75	4300	51.029067	0.0	2209463	35	4.3
1527204359.82	4300	54.958254	0.0	2275376	8	4.3
1527204359.9	4300	58.877116	0.0	2005399	14	4.3
1527204363.0	4300	59.998574	0.0	2152483	15	4.3
1527204367.11	4300	59.997555	0.0	2289689	24	4.3
1527204371.21	4300	59.748767	0.0	2059512	21	4.3
1527204375.37	4300	59.747525	0.0	2220726	25	4.3
1527204379.49	4300	59.498288	0.0	2156729	26	4.3
1527204383.1	4300	59.997641	0.0	2039773	22	4.3
1527204387.21	4300	59.749077	0.0	2176469	24	4.3
1527204390.81	4300	59.99836	0.0	2221506	22	4.3
1527204394.92	4300	59.999144	0.0	2044075	13	4.3
1527204399.03	4300	59.999173	0.0	2186790	21	4.3
1527204403.13	4300	59.749028	0.0	2105231	22	4.3
