1527167749.4	750	4	0.029	2354772	10	-0.12470000000000003
1527167749.5	4300	7.985229	0.0	2123065	8	0.75
1527167749.57	4300	11.914936	0.0	2177073	7	4.3
1527167749.65	4300	15.82939	0.0	2160877	15	4.3
1527167749.73	4300	19.751115	0.0	2233056	10	4.3
1527167749.81	4300	23.676781	0.0	1941625	8	4.3
1527167749.9	4300	27.584094	0.0	2157535	19	4.3
1527167749.98	4300	31.49994	0.0	2290172	12	4.3
1527167750.07	4300	35.416143	0.0	2055469	11	4.3
1527167750.14	4300	39.345442	0.0	2169201	8	4.3
1527167750.22	4300	43.263789	0.0	2173522	13	4.3
1527167750.3	4300	47.18212	0.0	2102452	13	4.3
1527167750.38	4300	51.10725	0.0	2209463	7	4.3
1527167750.48	4300	55.004324	0.0	2275376	24	4.3
1527167750.56	4300	58.922517	0.0	2005399	6	4.3
1527167754.14	4300	59.499498	0.0	2152483	8	4.3
1527167757.76	4300	59.749593	0.0	2289689	26	4.3
1527167761.86	4300	59.997981	0.0	2059512	19	4.3
1527167765.98	4300	59.998055	0.0	2220726	22	4.3
1527167770.09	4300	59.498839	0.0	2156729	20	4.3
1527167774.31	4300	59.749127	0.0	2039773	12	4.3
1527167777.9	4300	59.749239	0.0	2176469	13	4.3
1527167781.52	4300	59.999404	0.0	2221506	26	4.3
1527167786.13	4300	59.497758	0.0	2044075	21	4.3
1527167789.74	4300	59.997865	0.0	2186790	27	4.3
1527167793.84	4300	59.748314	0.0	2105231	20	4.3
1527167797.92	4300	59.998712	0.0	2395588	8	4.3
1527167801.53	4300	59.997891	0.0	1972048	22	4.3
1527167805.64	4300	59.998354	0.0	2134614	22	4.3
1527167810.23	4300	59.719057	0.0	2164140	13	4.3
1527167813.83	4300	59.748379	0.0	2113193	14	4.3
1527167817.95	4300	59.997744	0.0	2147852	29	4.3
1527167821.57	4300	59.999047	0.0	2191074	20	4.3
1527167826.18	4300	59.497604	0.0	2286761	24	4.3
1527167829.79	4300	59.997397	0.0	2307787	25	4.3
1527167833.91	4300	59.997271	0.0	2143948	17	4.3
1527167837.5	4300	59.99893	0.0	1919781	12	4.3
1527167841.62	4300	59.999109	0.0	2147467	27	4.3
1527167845.72	4300	59.99925	0.0	2133870	14	4.3
1527167849.85	4300	59.747927	0.0	2146120	26	4.3
1527167853.97	4300	59.747658	0.0	2108491	29	4.3
1527167857.7	4300	59.999004	0.0	2184571	21	4.3
1527167861.82	4300	59.997963	0.0	2121928	24	4.3
1527167865.94	4300	59.748318	0.0	2219102	27	4.3
1527167869.56	4300	59.998384	0.0	2124950	22	4.3
1527167873.69	4300	59.998587	0.0	2246506	27	4.3
1527167877.81	4300	59.748142	0.0	1961140	21	4.3
1527167881.93	4300	59.997443	0.0	2155012	28	4.3
1527167883.55	4300	59.678745	0.0	1433658	10	4.3

1527167883.83	750	4	0.018	668286	3	-0.07740000000000002
1527167883.91	4300	7.981402	0.0	2123065	8	0.75
1527167884.0	4300	11.888814	0.0	2177073	17	4.3
1527167884.1	4300	15.794487	0.0	2160877	18	4.3
1527167884.19	4300	19.707291	0.0	2233056	14	4.3
1527167884.26	4300	23.631369	0.0	1941625	10	4.3
1527167884.34	4300	27.553362	0.0	2157535	9	4.3
1527167884.42	4300	31.477085	0.0	2290172	11	4.3
1527167884.49	4300	35.398714	0.0	2055469	9	4.3
1527167884.57	4300	39.322369	0.0	2169201	10	4.3
1527167884.65	4300	43.245216	0.0	2173522	10	4.3
1527167884.79	4300	47.168226	0.0	2102452	9	4.3
1527167884.86	4300	51.029517	0.0	2209463	11	4.3
1527167884.94	4300	54.951384	0.0	2275376	11	4.3
1527167885.01	4300	58.879565	0.0	2005399	7	4.3
1527167888.09	4300	59.999132	0.0	2152483	7	4.3
1527167892.18	4300	59.997849	0.0	2289689	12	4.3
1527167896.3	4300	59.998471	0.0	2059512	24	4.3
1527167900.41	4300	59.749134	0.0	2220726	21	4.3
1527167904.02	4300	59.997537	0.0	2156729	21	4.3
1527167908.12	4300	59.999292	0.0	2039773	19	4.3
1527167912.23	4300	59.74868	0.0	2176469	20	4.3
1527167916.35	4300	59.749527	0.0	2221506	19	4.3
1527167919.97	4300	59.99936	0.0	2044075	24	4.3
1527167924.08	4300	59.997716	0.0	2186790	23	4.3
1527167928.19	4300	59.997873	0.0	2105231	20	4.3
1527167932.29	4300	59.998153	0.0	2395588	10	4.3
1527167936.37	4300	59.748861	0.0	1972048	6	4.3
1527167940.08	4300	59.999318	0.0	2134614	13	4.3
1527167944.2	4300	59.737136	0.0	2164140	28	4.3
1527167948.33	4300	59.997669	0.0	2113193	12	4.3
1527167951.97	4300	59.998941	0.0	2147852	13	4.3
1527167956.1	4300	59.999234	0.0	2191074	36	4.3
1527167960.21	4300	59.997686	0.0	2286761	25	4.3
1527167964.3	4300	59.996375	0.0	2307787	12	4.3
1527167968.4	4300	59.74773	0.0	2143948	12	4.3
1527167971.99	4300	59.99885	0.0	1919781	12	4.3
1527167976.61	4300	59.747544	0.0	2147467	19	4.3
1527167980.22	4300	59.748223	0.0	2133870	24	4.3
1527167984.35	4300	59.997563	0.0	2146120	39	4.3
1527167987.95	4300	59.997672	0.0	2108491	13	4.3
1527167992.09	4300	59.999395	0.0	2184571	25	4.3
1527167996.22	4300	59.998447	0.0	2121928	23	4.3
1527168000.34	4300	59.995154	0.0	2219102	25	4.3
1527168003.95	4300	59.998608	0.0	2124950	23	4.3
1527168008.56	4300	59.499042	0.0	2246506	17	4.3
1527168012.15	4300	59.745128	0.0	1961140	11	4.3
1527168016.28	4300	59.748794	0.0	2155012	38	4.3
1527168018.36	4300	59.428138	0.0	1433658	7	4.3

1527168018.64	750	4	0.021	668286	2	-0.09030000000000005
1527168018.72	4300	7.977194	0.0	2123065	8	0.75
1527168018.79	4300	11.907728	0.0	2177073	7	4.3
1527168018.88	4300	15.816048	0.0	2160877	20	4.3
1527168018.97	4300	19.732292	0.0	2233056	15	4.3
1527168019.03	4300	23.659085	0.0	1941625	7	4.3
1527168019.12	4300	27.578658	0.0	2157535	13	4.3
1527168019.2	4300	31.497842	0.0	2290172	13	4.3
1527168019.27	4300	35.425578	0.0	2055469	6	4.3
1527168019.35	4300	39.341253	0.0	2169201	14	4.3
1527168019.43	4300	43.260017	0.0	2173522	13	4.3
1527168019.52	4300	47.180381	0.0	2102452	12	4.3
1527168019.6	4300	51.097934	0.0	2209463	14	4.3
1527168019.68	4300	55.017382	0.0	2275376	13	4.3
1527168019.78	4300	58.921113	0.0	2005399	26	4.3
1527168023.35	4300	59.497894	0.0	2152483	7	4.3
1527168027.03	4300	59.999381	0.0	2289689	19	4.3
1527168031.14	4300	59.748309	0.0	2059512	25	4.3
1527168034.74	4300	59.998092	0.0	2220726	16	4.3
1527168039.11	4300	59.999202	0.0	2156729	25	4.3
1527168042.71	4300	59.998765	0.0	2039773	18	4.3
1527168047.33	4300	59.498851	0.0	2176469	27	4.3
1527168051.44	4300	59.498754	0.0	2221506	20	4.3
1527168055.06	4300	59.748815	0.0	2044075	25	4.3
1527168059.18	4300	59.749022	0.0	2186790	22	4.3
1527168063.29	4300	59.749185	0.0	2105231	19	4.3
