1527153677.38	750	4	0.027	2354772	9	-0.11609999999999998
1527153677.53	4300	7.962523	0.0	2123065	22	0.75
1527153677.68	4300	11.811851	0.0	2177073	24	4.3
1527153677.83	4300	15.659166	0.0	2160877	26	4.3
1527153677.97	4300	19.527005	0.0	2233056	14	4.3
1527153678.1	4300	23.392909	0.0	1941625	12	4.3
1527153678.23	4300	27.261982	0.0	2157535	14	4.3
1527153678.36	4300	31.130197	0.0	2290172	14	4.3
1527153678.51	4300	34.978065	0.0	2055469	22	4.3
1527153678.67	4300	38.822747	0.0	2169201	24	4.3
1527153678.82	4300	42.672507	0.0	2173522	26	4.3
1527153678.94	4300	46.548802	0.0	2102452	10	4.3
1527153679.07	4300	50.422443	0.0	2209463	11	4.3
1527153679.98	4300	54.270239	0.0	2275376	24	4.3
1527153680.13	4300	57.365933	0.0	2005399	9	4.3
1527153682.25	4300	59.497998	0.0	2152483	20	4.3
1527153686.02	4300	59.997991	0.0	2289689	22	4.3
1527153690.18	4300	59.499137	0.0	2059512	21	4.3
1527153693.83	4300	59.749446	0.0	2220726	19	4.3
1527153698.12	4300	59.749311	0.0	2156729	25	4.3
1527153701.77	4300	59.999477	0.0	2039773	23	4.3
1527153705.93	4300	59.749059	0.0	2176469	24	4.3
1527153709.58	4300	59.998778	0.0	2221506	18	4.3
1527153714.24	4300	59.749248	0.0	2044075	21	4.3
1527153717.89	4300	59.999137	0.0	2186790	21	4.3
1527153721.55	4300	59.998885	0.0	2105231	22	4.3
1527153725.71	4300	59.998284	0.0	2395588	25	4.3
1527153729.87	4300	59.999257	0.0	1972048	23	4.3
1527153734.04	4300	59.499151	0.0	2134614	23	4.3
1527153737.7	4300	59.998628	0.0	2164140	14	4.3
1527153741.85	4300	59.998484	0.0	2113193	18	4.3
1527153745.5	4300	59.999257	0.0	2147852	15	4.3
1527153750.16	4300	59.498257	0.0	2191074	19	4.3
1527153753.82	4300	59.997914	0.0	2286761	24	4.3
1527153757.98	4300	59.748895	0.0	2307787	25	4.3
1527153761.64	4300	59.997881	0.0	2143948	25	4.3
1527153765.8	4300	59.748284	0.0	1919781	23	4.3
1527153769.96	4300	59.747608	0.0	2147467	21	4.3
1527153774.12	4300	59.749076	0.0	2133870	24	4.3
1527153777.79	4300	59.749092	0.0	2146120	21	4.3
1527153781.95	4300	59.747768	0.0	2108491	24	4.3
1527153785.6	4300	59.998918	0.0	2184571	19	4.3
1527153789.76	4300	59.998523	0.0	2121928	24	4.3
1527153793.92	4300	59.998159	0.0	2219102	25	4.3
1527153797.59	4300	59.999007	0.0	2124950	23	4.3
1527153801.73	4300	59.998658	0.0	2246506	22	4.3
1527153805.87	4300	59.748992	0.0	1961140	21	4.3
1527153810.0	4300	59.748877	0.0	2155012	24	4.3
1527153811.61	4300	59.678205	0.0	1433658	16	4.3

1527153811.9	750	4	0.015	668286	3	-0.0645
1527153812.07	4300	7.934615	0.0	2123065	20	0.75
1527153812.2	4300	11.813269	0.0	2177073	9	4.3
1527153812.31	4300	15.696873	0.0	2160877	8	4.3
1527153812.44	4300	19.564638	0.0	2233056	18	4.3
1527153812.56	4300	23.446201	0.0	1941625	9	4.3
1527153812.68	4300	27.327349	0.0	2157535	9	4.3
1527153812.8	4300	31.206063	0.0	2290172	10	4.3
1527153812.95	4300	35.058668	0.0	2055469	22	4.3
1527153813.07	4300	38.935061	0.0	2169201	11	4.3
1527153813.19	4300	42.81412	0.0	2173522	10	4.3
1527153813.34	4300	46.666952	0.0	2102452	24	4.3
1527153813.49	4300	50.518312	0.0	2209463	23	4.3
1527153813.64	4300	54.366706	0.0	2275376	26	4.3
1527153813.77	4300	58.238042	0.0	2005399	14	4.3
1527153816.41	4300	59.998512	0.0	2152483	15	4.3
1527153820.08	4300	59.997968	0.0	2289689	24	4.3
1527153824.23	4300	59.99919	0.0	2059512	21	4.3
1527153828.39	4300	59.7485	0.0	2220726	24	4.3
1527153832.55	4300	59.498765	0.0	2156729	19	4.3
1527153836.71	4300	59.498876	0.0	2039773	22	4.3
1527153840.37	4300	59.748718	0.0	2176469	26	4.3
1527153844.03	4300	59.999274	0.0	2221506	25	4.3
1527153848.19	4300	59.99877	0.0	2044075	22	4.3
1527153852.34	4300	59.998064	0.0	2186790	21	4.3
1527153856.54	4300	59.998885	0.0	2105231	22	4.3
1527153860.71	4300	59.497882	0.0	2395588	26	4.3
1527153864.37	4300	59.74889	0.0	1972048	23	4.3
1527153868.03	4300	59.999367	0.0	2134614	24	4.3
1527153872.2	4300	59.998316	0.0	2164140	25	4.3
1527153876.35	4300	59.748999	0.0	2113193	18	4.3
1527153880.51	4300	59.998063	0.0	2147852	22	4.3
1527153884.17	4300	59.997581	0.0	2191074	24	4.3
1527153888.33	4300	59.748065	0.0	2286761	24	4.3
1527153892.48	4300	59.998567	0.0	2307787	22	4.3
1527153896.14	4300	59.997593	0.0	2143948	24	4.3
1527153900.3	4300	59.997812	0.0	1919781	22	4.3
1527153904.46	4300	59.749055	0.0	2147467	21	4.3
1527153908.16	4300	59.999391	0.0	2133870	23	4.3
1527153912.32	4300	59.74903	0.0	2146120	19	4.3
1527153916.48	4300	59.748506	0.0	2108491	24	4.3
1527153920.63	4300	59.74853	0.0	2184571	19	4.3
1527153924.29	4300	59.748272	0.0	2121928	23	4.3
1527153928.45	4300	59.997985	0.0	2219102	25	4.3
1527153932.61	4300	59.497824	0.0	2124950	22	4.3
1527153936.26	4300	59.998421	0.0	2246506	23	4.3
1527153940.39	4300	59.748892	0.0	1961140	14	4.3
1527153944.02	4300	59.997774	0.0	2155012	24	4.3
1527153946.14	4300	59.679022	0.0	1433658	17	4.3

1527153946.46	750	4	0.018	668286	5	-0.07740000000000002
1527153946.61	4300	7.950902	0.0	2123065	20	0.75
1527153946.76	4300	11.803223	0.0	2177073	24	4.3
1527153946.89	4300	15.669302	0.0	2160877	15	4.3
1527153947.02	4300	19.548135	0.0	2233056	9	4.3
1527153947.14	4300	23.426666	0.0	1941625	8	4.3
1527153947.26	4300	27.305486	0.0	2157535	11	4.3
1527153947.38	4300	31.184694	0.0	2290172	10	4.3
1527153947.5	4300	35.058214	0.0	2055469	9	4.3
1527153947.63	4300	38.934752	0.0	2169201	10	4.3
1527153947.75	4300	42.812005	0.0	2173522	9	4.3
1527153947.88	4300	46.687749	0.0	2102452	9	4.3
1527153948.0	4300	50.564709	0.0	2209463	10	4.3
1527153948.13	4300	54.438288	0.0	2275376	9	4.3
1527153948.27	4300	58.294214	0.0	2005399	22	4.3
1527153950.92	4300	59.749881	0.0	2152483	22	4.3
1527153954.58	4300	59.999281	0.0	2289689	25	4.3
1527153958.74	4300	59.999415	0.0	2059512	22	4.3
1527153962.89	4300	59.749535	0.0	2220726	20	4.3
1527153967.06	4300	59.999236	0.0	2156729	22	4.3
1527153971.2	4300	59.499046	0.0	2039773	17	4.3
1527153974.85	4300	59.749145	0.0	2176469	14	4.3
1527153979.01	4300	59.998947	0.0	2221506	21	4.3
1527153983.17	4300	59.748715	0.0	2044075	21	4.3
1527153986.86	4300	59.748315	0.0	2186790	21	4.3
1527153991.02	4300	59.999289	0.0	2105231	23	4.3
1527153994.68	4300	59.999396	0.0	2395588	22	4.3
1527153998.83	4300	59.749075	0.0	1972048	20	4.3
1527154003.0	4300	59.749952	0.0	2134614	24	4.3
1527154006.66	4300	59.997974	0.0	2164140	23	4.3
1527154010.8	4300	59.99947	0.0	2113193	20	4.3
1527154014.97	4300	59.749779	0.0	2147852	24	4.3
1527154019.12	4300	59.748605	0.0	2191074	20	4.3
1527154023.31	4300	59.749543	0.0	2286761	26	4.3
1527154026.96	4300	59.99919	0.0	2307787	21	4.3
1527154031.12	4300	59.748693	0.0	2143948	21	4.3
1527154034.76	4300	59.998261	0.0	1919781	13	4.3
1527154038.92	4300	59.998475	0.0	2147467	24	4.3
1527154042.58	4300	59.999202	0.0	2133870	25	4.3
1527154046.74	4300	59.998207	0.0	2146120	23	4.3
1527154050.89	4300	59.74807	0.0	2108491	20	4.3
