1527269283.06	750	4	0.019	450283	2	-0.0817
1527269283.15	4300	7.980204	0.0	2123065	7	0.75
1527269283.26	4300	11.865538	0.0	2177073	24	4.3
1527269283.34	4300	15.778625	0.0	2160877	14	4.3
1527269283.43	4300	19.685724	0.0	2233056	17	4.3
1527269283.51	4300	23.611619	0.0	1941625	7	4.3
1527269283.58	4300	27.54166	0.0	2157535	7	4.3
1527269283.65	4300	31.469582	0.0	2290172	8	4.3
1527269283.74	4300	35.38262	0.0	2055469	17	4.3
1527269283.82	4300	39.302421	0.0	2169201	10	4.3
1527269283.89	4300	43.227771	0.0	2173522	9	4.3
1527269283.97	4300	47.151536	0.0	2102452	10	4.3
1527269284.07	4300	51.049676	0.0	2209463	26	4.3
1527269284.17	4300	54.949473	0.0	2275376	24	4.3
1527269284.25	4300	58.870697	0.0	2005399	12	4.3
1527269287.36	4300	59.998837	0.0	2152483	22	4.3
1527269291.46	4300	59.998624	0.0	2289689	16	4.3
1527269295.58	4300	59.748734	0.0	2059512	23	4.3
1527269299.2	4300	59.999458	0.0	2220726	25	4.3
1527269303.8	4300	59.49772	0.0	2156729	18	4.3
1527269307.42	4300	59.7495	0.0	2039773	21	4.3
1527269311.64	4300	59.99873	0.0	2176469	19	4.3
1527269315.25	4300	59.997781	0.0	2221506	23	4.3
1527269319.87	4300	59.748995	0.0	2044075	24	4.3
1527269323.48	4300	59.99874	0.0	2186790	25	4.3
1527269327.59	4300	59.998659	0.0	2105231	23	4.3
1527269331.2	4300	59.997059	0.0	2395588	27	4.3
1527269335.81	4300	59.498857	0.0	1972048	19	4.3
1527269339.42	4300	59.748888	0.0	2134614	24	4.3
1527269343.56	4300	59.782515	0.0	2164140	20	4.3
1527269347.16	4300	59.99905	0.0	2113193	22	4.3
1527269351.75	4300	59.498199	0.0	2147852	12	4.3
1527269355.85	4300	59.748688	0.0	2191074	13	4.3
1527269359.55	4300	59.749133	0.0	2286761	23	4.3
1527269363.16	4300	59.999467	0.0	2307787	22	4.3
1527269367.28	4300	59.998845	0.0	2143948	24	4.3
1527269371.39	4300	59.999461	0.0	1919781	23	4.3
1527269375.47	4300	59.748749	0.0	2147467	11	4.3
1527269379.59	4300	59.748237	0.0	2133870	25	4.3
1527269383.7	4300	59.749091	0.0	2146120	23	4.3
1527269387.31	4300	59.998892	0.0	2108491	19	4.3
1527269391.41	4300	59.997924	0.0	2184571	19	4.3
1527269395.52	4300	59.748748	0.0	2121928	21	4.3
1527269399.63	4300	59.748723	0.0	2219102	23	4.3
1527269403.24	4300	59.997646	0.0	2124950	21	4.3
1527269407.36	4300	59.998895	0.0	2246506	25	4.3
1527269411.47	4300	59.747944	0.0	1961140	22	4.3
1527269415.57	4300	59.748923	0.0	2155012	14	4.3
1527269417.17	4300	59.678898	0.0	1433658	17	4.3

1527269417.48	750	4	0.029	2354772	7	-0.12470000000000003
1527269417.55	4300	7.985618	0.0	2123065	7	0.75
1527269417.64	4300	11.899708	0.0	2177073	16	4.3
1527269417.71	4300	15.821194	0.0	2160877	11	4.3
1527269417.78	4300	19.749503	0.0	2233056	7	4.3
1527269417.86	4300	23.672541	0.0	1941625	11	4.3
1527269417.93	4300	27.600537	0.0	2157535	8	4.3
1527269418.02	4300	31.512139	0.0	2290172	19	4.3
1527269418.1	4300	35.432264	0.0	2055469	12	4.3
1527269418.18	4300	39.354505	0.0	2169201	12	4.3
1527269418.26	4300	43.274401	0.0	2173522	11	4.3
1527269418.34	4300	47.190989	0.0	2102452	12	4.3
1527269418.42	4300	51.110451	0.0	2209463	16	4.3
1527269418.49	4300	55.041174	0.0	2275376	8	4.3
1527269418.57	4300	58.963291	0.0	2005399	7	4.3
1527269421.65	4300	59.999268	0.0	2152483	7	4.3
1527269425.77	4300	59.998431	0.0	2289689	21	4.3
1527269429.88	4300	59.748368	0.0	2059512	19	4.3
1527269434.0	4300	59.998741	0.0	2220726	26	4.3
1527269437.6	4300	59.998378	0.0	2156729	12	4.3
1527269442.26	4300	59.749539	0.0	2039773	13	4.3
1527269445.87	4300	59.74811	0.0	2176469	22	4.3
1527269449.99	4300	59.997678	0.0	2221506	27	4.3
1527269453.6	4300	59.998769	0.0	2044075	23	4.3
1527269457.71	4300	59.999483	0.0	2186790	24	4.3
1527269461.85	4300	59.749093	0.0	2105231	20	4.3
1527269465.96	4300	59.74787	0.0	2395588	24	4.3
1527269470.06	4300	59.749197	0.0	1972048	13	4.3
1527269473.67	4300	59.99887	0.0	2134614	25	4.3
1527269477.78	4300	59.792011	0.0	2164140	23	4.3
1527269481.89	4300	59.998262	0.0	2113193	19	4.3
1527269486.0	4300	59.748571	0.0	2147852	23	4.3
1527269489.61	4300	59.998866	0.0	2191074	23	4.3
1527269494.23	4300	59.749311	0.0	2286761	24	4.3
1527269497.84	4300	59.748323	0.0	2307787	20	4.3
1527269501.95	4300	59.748532	0.0	2143948	24	4.3
1527269506.07	4300	59.497721	0.0	1919781	21	4.3
1527269509.68	4300	59.997313	0.0	2147467	23	4.3
1527269513.78	4300	59.998825	0.0	2133870	21	4.3
1527269517.92	4300	59.749211	0.0	2146120	20	4.3
1527269522.06	4300	59.998105	0.0	2108491	22	4.3
1527269525.67	4300	59.997472	0.0	2184571	23	4.3
1527269529.79	4300	59.998394	0.0	2121928	24	4.3
1527269533.9	4300	59.748416	0.0	2219102	25	4.3
1527269538.02	4300	59.748118	0.0	2124950	23	4.3
1527269541.63	4300	59.998353	0.0	2246506	25	4.3
1527269545.73	4300	59.998549	0.0	1961140	17	4.3
1527269549.84	4300	59.998098	0.0	2155012	23	4.3
1527269551.44	4300	59.928479	0.0	1433658	17	4.3

1527269551.74	750	4	0.03	2354772	9	-0.129
1527269551.83	4300	7.970134	0.0	2123065	17	0.75
1527269551.9	4300	11.891931	0.0	2177073	10	4.3
1527269551.97	4300	15.822322	0.0	2160877	7	4.3
1527269552.04	4300	19.750723	0.0	2233056	8	4.3
1527269552.11	4300	23.683089	0.0	1941625	6	4.3
1527269552.22	4300	27.57577	0.0	2157535	26	4.3
1527269552.3	4300	31.491675	0.0	2290172	13	4.3
1527269552.38	4300	35.410731	0.0	2055469	12	4.3
1527269552.46	4300	39.338033	0.0	2169201	9	4.3
1527269552.53	4300	43.267054	0.0	2173522	7	4.3
1527269552.6	4300	47.195012	0.0	2102452	7	4.3
1527269552.67	4300	51.118841	0.0	2209463	8	4.3
1527269552.75	4300	55.043996	0.0	2275376	6	4.3
1527269552.84	4300	58.955661	0.0	2005399	18	4.3
1527269555.92	4300	59.998526	0.0	2152483	8	4.3
1527269560.04	4300	59.998227	0.0	2289689	25	4.3
1527269564.15	4300	59.748604	0.0	2059512	22	4.3
1527269568.27	4300	59.749642	0.0	2220726	23	4.3
1527269572.39	4300	59.498917	0.0	2156729	23	4.3
1527269576.0	4300	59.999122	0.0	2039773	25	4.3
1527269580.11	4300	59.748963	0.0	2176469	23	4.3
1527269584.22	4300	59.749513	0.0	2221506	26	4.3
1527269588.33	4300	59.748336	0.0	2044075	21	4.3
1527269591.94	4300	59.99853	0.0	2186790	23	4.3
1527269596.06	4300	59.748782	0.0	2105231	23	4.3
1527269600.18	4300	59.999053	0.0	2395588	29	4.3
1527269604.28	4300	59.99791	0.0	1972048	11	4.3
1527269607.9	4300	59.999103	0.0	2134614	24	4.3
1527269612.04	4300	59.796946	0.0	2164140	21	4.3
1527269616.16	4300	59.749238	0.0	2113193	23	4.3
1527269620.28	4300	59.748172	0.0	2147852	24	4.3
1527269624.39	4300	59.499051	0.0	2191074	23	4.3
