1527305010.55	750	4	0.031	2354772	7	-0.13329999999999997
1527305010.67	4300	7.984928	0.0	2123065	8	0.75
1527305010.79	4300	11.865822	0.0	2177073	7	4.3
1527305010.93	4300	15.726889	0.0	2160877	19	4.3
1527305011.05	4300	19.605798	0.0	2233056	9	4.3
1527305011.17	4300	23.487549	0.0	1941625	8	4.3
1527305011.32	4300	27.34532	0.0	2157535	17	4.3
1527305011.44	4300	31.211973	0.0	2290172	15	4.3
1527305011.59	4300	35.063337	0.0	2055469	24	4.3
1527305011.72	4300	38.934557	0.0	2169201	12	4.3
1527305011.85	4300	42.805409	0.0	2173522	13	4.3
1527305011.98	4300	46.677955	0.0	2102452	13	4.3
1527305012.11	4300	50.551756	0.0	2209463	12	4.3
1527305012.24	4300	54.414746	0.0	2275376	12	4.3
1527305012.36	4300	58.292482	0.0	2005399	6	4.3
1527305014.99	4300	59.749417	0.0	2152483	8	4.3
1527305019.14	4300	59.749375	0.0	2289689	24	4.3
1527305022.8	4300	59.998836	0.0	2059512	18	4.3
1527305026.95	4300	59.748981	0.0	2220726	22	4.3
1527305031.11	4300	59.748877	0.0	2156729	24	4.3
1527305034.77	4300	59.998877	0.0	2039773	19	4.3
1527305038.92	4300	59.997551	0.0	2176469	21	4.3
1527305043.09	4300	59.747757	0.0	2221506	26	4.3
1527305046.75	4300	59.997894	0.0	2044075	23	4.3
1527305050.91	4300	59.749203	0.0	2186790	25	4.3
1527305055.1	4300	59.747862	0.0	2105231	19	4.3
1527305059.26	4300	59.497853	0.0	2395588	25	4.3
1527305062.92	4300	59.997667	0.0	1972048	22	4.3
1527305067.09	4300	59.74869	0.0	2134614	25	4.3
1527305071.24	4300	59.49897	0.0	2164140	18	4.3
1527305075.4	4300	59.49774	0.0	2113193	24	4.3
1527305079.07	4300	59.998637	0.0	2147852	24	4.3
1527305082.73	4300	59.997817	0.0	2191074	26	4.3
1527305086.95	4300	59.998269	0.0	2286761	27	4.3
1527305091.12	4300	59.748014	0.0	2307787	26	4.3
1527305094.79	4300	59.998569	0.0	2143948	24	4.3
1527305098.95	4300	59.748975	0.0	1919781	21	4.3
1527305103.11	4300	59.748005	0.0	2147467	26	4.3
1527305107.26	4300	59.748826	0.0	2133870	13	4.3
1527305110.92	4300	59.998728	0.0	2146120	23	4.3
1527305115.09	4300	59.748919	0.0	2108491	24	4.3
1527305119.25	4300	59.748335	0.0	2184571	24	4.3
1527305122.92	4300	59.748586	0.0	2121928	24	4.3
1527305127.09	4300	59.998788	0.0	2219102	25	4.3
1527305130.75	4300	59.999239	0.0	2124950	24	4.3
1527305134.91	4300	59.749182	0.0	2246506	24	4.3
1527305139.06	4300	59.748968	0.0	1961140	21	4.3
1527305143.19	4300	59.498578	0.0	2155012	25	4.3
1527305144.8	4300	59.678952	0.0	1433658	16	4.3

1527305145.09	750	4	0.029	668286	3	-0.12470000000000003
1527305145.31	4300	7.934353	0.0	2123065	12	0.75
1527305145.46	4300	11.741845	0.0	2177073	25	4.3
1527305145.61	4300	15.58952	0.0	2160877	12	4.3
1527305145.77	4300	19.431813	0.0	2233056	14	4.3
1527305145.96	4300	23.3072	0.0	1941625	10	4.3
1527305146.09	4300	27.110559	0.0	2157535	12	4.3
1527305146.22	4300	30.984713	0.0	2290172	13	4.3
1527305146.36	4300	34.837496	0.0	2055469	23	4.3
1527305146.49	4300	38.706284	0.0	2169201	15	4.3
1527305146.62	4300	42.577156	0.0	2173522	14	4.3
1527305146.77	4300	46.43042	0.0	2102452	24	4.3
1527305146.9	4300	50.298391	0.0	2209463	15	4.3
1527305147.05	4300	54.15495	0.0	2275376	28	4.3
1527305147.19	4300	58.007871	0.0	2005399	21	4.3
1527305149.86	4300	59.748333	0.0	2152483	31	4.3
1527305153.52	4300	59.99859	0.0	2289689	27	4.3
1527305157.68	4300	59.749542	0.0	2059512	22	4.3
1527305161.83	4300	59.498858	0.0	2220726	19	4.3
1527305165.49	4300	59.748077	0.0	2156729	24	4.3
1527305169.67	4300	59.748168	0.0	2039773	22	4.3
1527305173.83	4300	59.498829	0.0	2176469	25	4.3
1527305177.52	4300	59.749011	0.0	2221506	26	4.3
1527305181.72	4300	59.998393	0.0	2044075	23	4.3
1527305185.38	4300	59.998063	0.0	2186790	25	4.3
1527305189.6	4300	59.99801	0.0	2105231	23	4.3
1527305193.28	4300	59.998776	0.0	2395588	26	4.3
1527305197.47	4300	59.997861	0.0	1972048	22	4.3
1527305201.65	4300	59.749084	0.0	2134614	20	4.3
1527305205.34	4300	59.997787	0.0	2164140	23	4.3
1527305209.53	4300	59.748793	0.0	2113193	23	4.3
1527305213.71	4300	59.748713	0.0	2147852	25	4.3
1527305217.9	4300	59.74906	0.0	2191074	24	4.3
1527305221.59	4300	59.998269	0.0	2286761	26	4.3
1527305225.28	4300	59.999223	0.0	2307787	26	4.3
1527305229.47	4300	59.747712	0.0	2143948	25	4.3
1527305233.63	4300	59.747905	0.0	1919781	19	4.3
1527305237.84	4300	59.499302	0.0	2147467	23	4.3
1527305241.53	4300	59.999344	0.0	2133870	24	4.3
1527305245.72	4300	59.498186	0.0	2146120	24	4.3
1527305249.4	4300	59.997639	0.0	2108491	23	4.3
1527305253.61	4300	59.748182	0.0	2184571	25	4.3
1527305257.8	4300	59.747891	0.0	2121928	25	4.3
1527305261.49	4300	59.998454	0.0	2219102	26	4.3
1527305265.69	4300	59.74768	0.0	2124950	30	4.3
1527305269.37	4300	59.998534	0.0	2246506	23	4.3
1527305273.54	4300	59.748048	0.0	1961140	21	4.3
1527305277.69	4300	59.748423	0.0	2155012	21	4.3
1527305279.34	4300	59.678581	0.0	1433658	16	4.3

1527305279.58	750	4	0.014	668286	3	-0.06020000000000003
1527305279.75	4300	7.949214	0.0	2123065	18	0.75
1527305279.89	4300	11.802501	0.0	2177073	23	4.3
1527305280.04	4300	15.653515	0.0	2160877	25	4.3
1527305280.17	4300	19.525496	0.0	2233056	12	4.3
1527305280.32	4300	23.373188	0.0	1941625	11	4.3
1527305280.45	4300	27.247515	0.0	2157535	13	4.3
1527305280.6	4300	31.091159	0.0	2290172	12	4.3
1527305280.8	4300	34.895371	0.0	2055469	17	4.3
1527305280.94	4300	38.754556	0.0	2169201	19	4.3
1527305281.07	4300	42.627651	0.0	2173522	10	4.3
1527305281.19	4300	46.501403	0.0	2102452	11	4.3
1527305281.32	4300	50.374721	0.0	2209463	11	4.3
1527305281.44	4300	54.250125	0.0	2275376	12	4.3
1527305281.61	4300	58.084066	0.0	2005399	31	4.3
1527305283.75	4300	59.999305	0.0	2152483	15	4.3
1527305288.41	4300	59.498797	0.0	2289689	21	4.3
1527305292.06	4300	59.7491	0.0	2059512	22	4.3
1527305296.22	4300	59.49879	0.0	2220726	25	4.3
1527305300.37	4300	59.497867	0.0	2156729	20	4.3
1527305304.03	4300	59.748188	0.0	2039773	22	4.3
1527305308.2	4300	59.498481	0.0	2176469	27	4.3
1527305312.37	4300	59.748615	0.0	2221506	39	4.3
1527305316.04	4300	59.749193	0.0	2044075	24	4.3
1527305319.7	4300	59.998454	0.0	2186790	24	4.3
1527305323.86	4300	59.998725	0.0	2105231	24	4.3
1527305328.02	4300	59.998715	0.0	2395588	19	4.3
1527305332.15	4300	59.748945	0.0	1972048	9	4.3
1527305336.31	4300	59.748844	0.0	2134614	24	4.3
1527305340.03	4300	59.749196	0.0	2164140	19	4.3
1527305344.19	4300	59.998426	0.0	2113193	22	4.3
1527305347.83	4300	59.999337	0.0	2147852	15	4.3
1527305352.0	4300	59.748909	0.0	2191074	23	4.3
1527305356.15	4300	59.999153	0.0	2286761	22	4.3
1527305359.81	4300	59.99872	0.0	2307787	26	4.3
1527305363.97	4300	59.99926	0.0	2143948	25	4.3
1527305368.12	4300	59.748369	0.0	1919781	19	4.3
1527305371.78	4300	59.999098	0.0	2147467	24	4.3
