1527187596.9	750	4	0.013	450283	3	-0.05589999999999995
1527187597.06	4300	7.948648	0.0	2123065	22	0.75
1527187597.21	4300	11.800207	0.0	2177073	23	4.3
1527187597.36	4300	15.64985	0.0	2160877	21	4.3
1527187597.49	4300	19.523208	0.0	2233056	12	4.3
1527187597.62	4300	23.39518	0.0	1941625	13	4.3
1527187597.74	4300	27.266098	0.0	2157535	12	4.3
1527187597.87	4300	31.140123	0.0	2290172	13	4.3
1527187598.0	4300	35.014168	0.0	2055469	10	4.3
1527187598.12	4300	38.887769	0.0	2169201	12	4.3
1527187598.25	4300	42.761899	0.0	2173522	12	4.3
1527187598.37	4300	46.644118	0.0	2102452	8	4.3
1527187598.5	4300	50.508306	0.0	2209463	18	4.3
1527187598.63	4300	54.384017	0.0	2275376	10	4.3
1527187598.77	4300	58.239264	0.0	2005399	22	4.3
1527187601.44	4300	59.998935	0.0	2152483	23	4.3
1527187605.6	4300	59.749188	0.0	2289689	26	4.3
1527187609.27	4300	59.74824	0.0	2059512	23	4.3
1527187613.43	4300	59.998868	0.0	2220726	23	4.3
1527187617.08	4300	59.998268	0.0	2156729	17	4.3
1527187621.74	4300	59.748316	0.0	2039773	22	4.3
1527187625.38	4300	59.747804	0.0	2176469	15	4.3
1527187629.04	4300	59.999294	0.0	2221506	24	4.3
1527187633.71	4300	59.74926	0.0	2044075	23	4.3
1527187637.36	4300	59.998891	0.0	2186790	22	4.3
1527187641.02	4300	59.998914	0.0	2105231	23	4.3
1527187645.18	4300	59.999374	0.0	2395588	26	4.3
1527187649.34	4300	59.998758	0.0	1972048	20	4.3
1527187653.55	4300	59.998905	0.0	2134614	21	4.3
1527187657.21	4300	59.99792	0.0	2164140	25	4.3
1527187661.51	4300	59.748848	0.0	2113193	24	4.3
1527187665.67	4300	59.499362	0.0	2147852	24	4.3
1527187669.46	4300	59.748055	0.0	2191074	23	4.3
1527187673.11	4300	59.997914	0.0	2286761	26	4.3
1527187677.26	4300	59.997537	0.0	2307787	16	4.3
1527187681.42	4300	59.748562	0.0	2143948	23	4.3
1527187685.08	4300	59.998101	0.0	1919781	22	4.3
1527187689.25	4300	59.998395	0.0	2147467	24	4.3
1527187693.41	4300	59.747579	0.0	2133870	25	4.3
1527187697.57	4300	59.748115	0.0	2146120	21	4.3
1527187701.72	4300	59.499406	0.0	2108491	24	4.3
1527187705.39	4300	59.998524	0.0	2184571	25	4.3
1527187709.55	4300	59.497583	0.0	2121928	23	4.3
1527187713.73	4300	59.498803	0.0	2219102	25	4.3
1527187717.42	4300	59.998073	0.0	2124950	23	4.3
1527187721.58	4300	59.497693	0.0	2246506	26	4.3
1527187725.22	4300	59.997498	0.0	1961140	21	4.3
1527187729.36	4300	59.748774	0.0	2155012	23	4.3
1527187731.47	4300	59.678478	0.0	1433658	18	4.3

1527187731.74	750	4	0.017	668286	2	-0.07309999999999994
1527187731.89	4300	7.955367	0.0	2123065	16	0.75
1527187732.04	4300	11.807501	0.0	2177073	22	4.3
1527187732.18	4300	15.671388	0.0	2160877	14	4.3
1527187732.31	4300	19.537668	0.0	2233056	16	4.3
1527187732.45	4300	23.403608	0.0	1941625	15	4.3
1527187732.57	4300	27.283695	0.0	2157535	8	4.3
1527187732.71	4300	31.141496	0.0	2290172	19	4.3
1527187732.84	4300	35.010313	0.0	2055469	14	4.3
1527187732.99	4300	38.858642	0.0	2169201	24	4.3
1527187733.14	4300	42.708205	0.0	2173522	25	4.3
1527187733.29	4300	46.566386	0.0	2102452	18	4.3
1527187733.44	4300	50.409259	0.0	2209463	24	4.3
1527187733.6	4300	54.251899	0.0	2275376	32	4.3
1527187733.73	4300	58.119174	0.0	2005399	12	4.3
1527187735.87	4300	59.998654	0.0	2152483	12	4.3
1527187740.53	4300	59.747997	0.0	2289689	20	4.3
1527187744.19	4300	59.749405	0.0	2059512	23	4.3
1527187748.35	4300	59.749186	0.0	2220726	25	4.3
1527187752.02	4300	59.99927	0.0	2156729	23	4.3
1527187756.18	4300	59.99818	0.0	2039773	25	4.3
1527187760.34	4300	59.748645	0.0	2176469	25	4.3
1527187764.02	4300	59.998596	0.0	2221506	25	4.3
1527187768.18	4300	59.748207	0.0	2044075	23	4.3
1527187772.34	4300	59.998654	0.0	2186790	24	4.3
1527187775.98	4300	59.999309	0.0	2105231	15	4.3
1527187780.14	4300	59.998663	0.0	2395588	27	4.3
1527187784.31	4300	59.748462	0.0	1972048	22	4.3
1527187787.96	4300	59.999355	0.0	2134614	19	4.3
1527187792.12	4300	59.748705	0.0	2164140	24	4.3
1527187796.28	4300	59.747724	0.0	2113193	23	4.3
1527187799.93	4300	59.998465	0.0	2147852	21	4.3
1527187804.6	4300	59.748523	0.0	2191074	20	4.3
1527187808.25	4300	59.749233	0.0	2286761	19	4.3
1527187812.4	4300	59.497686	0.0	2307787	20	4.3
1527187816.57	4300	59.498952	0.0	2143948	24	4.3
1527187820.23	4300	59.748543	0.0	1919781	22	4.3
1527187824.39	4300	59.748666	0.0	2147467	19	4.3
1527187828.04	4300	59.99843	0.0	2133870	22	4.3
1527187832.2	4300	59.748568	0.0	2146120	24	4.3
1527187836.35	4300	59.747632	0.0	2108491	18	4.3
1527187840.01	4300	59.998775	0.0	2184571	24	4.3
1527187844.17	4300	59.998711	0.0	2121928	23	4.3
1527187848.33	4300	59.748706	0.0	2219102	25	4.3
1527187852.49	4300	59.749051	0.0	2124950	23	4.3
1527187856.15	4300	59.748794	0.0	2246506	26	4.3
1527187860.28	4300	59.748815	0.0	1961140	20	4.3
1527187863.92	4300	59.997562	0.0	2155012	24	4.3
1527187866.03	4300	59.678818	0.0	1433658	19	4.3

1527187866.28	750	4	0.02	668286	2	-0.08599999999999997
1527187866.44	4300	7.950744	0.0	2123065	22	0.75
1527187866.59	4300	11.804081	0.0	2177073	23	4.3
1527187866.73	4300	15.655363	0.0	2160877	22	4.3
1527187866.86	4300	19.527881	0.0	2233056	14	4.3
1527187866.99	4300	23.400376	0.0	1941625	11	4.3
1527187867.12	4300	27.270275	0.0	2157535	13	4.3
1527187867.24	4300	31.143801	0.0	2290172	15	4.3
1527187867.36	4300	35.030073	0.0	2055469	7	4.3
1527187867.5	4300	38.894547	0.0	2169201	17	4.3
1527187867.66	4300	42.736019	0.0	2173522	18	4.3
1527187867.79	4300	46.600437	0.0	2102452	17	4.3
1527187867.94	4300	50.453152	0.0	2209463	23	4.3
1527187868.06	4300	54.327733	0.0	2275376	13	4.3
1527187868.2	4300	58.186093	0.0	2005399	25	4.3
1527187870.84	4300	59.998582	0.0	2152483	14	4.3
1527187874.48	4300	59.998959	0.0	2289689	15	4.3
1527187879.14	4300	59.749261	0.0	2059512	22	4.3
1527187882.79	4300	59.998308	0.0	2220726	24	4.3
1527187886.42	4300	59.997619	0.0	2156729	8	4.3
1527187890.58	4300	59.998278	0.0	2039773	25	4.3
1527187894.73	4300	59.747864	0.0	2176469	21	4.3
1527187898.89	4300	59.74768	0.0	2221506	23	4.3
1527187902.55	4300	59.99865	0.0	2044075	22	4.3
1527187906.71	4300	59.748991	0.0	2186790	24	4.3
1527187910.86	4300	59.749178	0.0	2105231	20	4.3
1527187914.59	4300	59.999074	0.0	2395588	28	4.3
1527187918.75	4300	59.998513	0.0	1972048	20	4.3
1527187922.91	4300	59.498937	0.0	2134614	25	4.3
1527187926.67	4300	59.997848	0.0	2164140	21	4.3
1527187930.84	4300	59.748535	0.0	2113193	24	4.3
1527187934.49	4300	59.998845	0.0	2147852	18	4.3
1527187938.64	4300	59.747998	0.0	2191074	24	4.3
1527187942.81	4300	59.747543	0.0	2286761	24	4.3
1527187946.46	4300	59.998808	0.0	2307787	14	4.3
1527187951.13	4300	59.747987	0.0	2143948	24	4.3
1527187954.78	4300	59.998529	0.0	1919781	21	4.3
1527187958.42	4300	59.999245	0.0	2147467	16	4.3
1527187962.58	4300	59.999193	0.0	2133870	24	4.3
1527187966.73	4300	59.748252	0.0	2146120	19	4.3
1527187970.89	4300	59.498841	0.0	2108491	22	4.3
1527187975.05	4300	59.499173	0.0	2184571	18	4.3
1527187978.71	4300	59.99828	0.0	2121928	23	4.3
