1527192007.54	750	4	0.027	2354772	8	-0.11609999999999998
1527192007.68	4300	7.963859	0.0	2123065	22	0.75
1527192007.83	4300	11.818023	0.0	2177073	24	4.3
1527192007.98	4300	15.669256	0.0	2160877	22	4.3
1527192008.13	4300	19.520747	0.0	2233056	25	4.3
1527192008.26	4300	23.389987	0.0	1941625	15	4.3
1527192008.39	4300	27.257332	0.0	2157535	15	4.3
1527192008.52	4300	31.126588	0.0	2290172	15	4.3
1527192008.65	4300	34.99699	0.0	2055469	15	4.3
1527192008.8	4300	38.84967	0.0	2169201	16	4.3
1527192008.93	4300	42.718425	0.0	2173522	15	4.3
1527192009.08	4300	46.566204	0.0	2102452	23	4.3
1527192009.23	4300	50.415094	0.0	2209463	25	4.3
1527192009.39	4300	54.255709	0.0	2275376	26	4.3
1527192009.55	4300	58.102656	0.0	2005399	13	4.3
1527192012.18	4300	59.749409	0.0	2152483	11	4.3
1527192015.89	4300	59.997886	0.0	2289689	25	4.3
1527192020.04	4300	59.74805	0.0	2059512	18	4.3
1527192023.7	4300	59.997687	0.0	2220726	24	4.3
1527192027.86	4300	59.99814	0.0	2156729	24	4.3
1527192032.01	4300	59.997864	0.0	2039773	21	4.3
1527192035.66	4300	59.997884	0.0	2176469	18	4.3
1527192040.32	4300	59.49784	0.0	2221506	25	4.3
1527192043.98	4300	59.749524	0.0	2044075	23	4.3
1527192048.12	4300	59.749121	0.0	2186790	18	4.3
1527192052.28	4300	59.749502	0.0	2105231	24	4.3
1527192055.95	4300	59.998633	0.0	2395588	26	4.3
1527192060.11	4300	59.748619	0.0	1972048	23	4.3
1527192064.26	4300	59.747705	0.0	2134614	19	4.3
1527192067.92	4300	59.748501	0.0	2164140	24	4.3
1527192072.08	4300	59.749434	0.0	2113193	25	4.3
1527192075.8	4300	59.998556	0.0	2147852	24	4.3
1527192080.0	4300	59.748111	0.0	2191074	23	4.3
1527192083.66	4300	59.999315	0.0	2286761	21	4.3
1527192087.82	4300	59.998803	0.0	2307787	24	4.3
1527192091.98	4300	59.748498	0.0	2143948	24	4.3
1527192096.13	4300	59.997836	0.0	1919781	20	4.3
1527192100.29	4300	59.497914	0.0	2147467	22	4.3
1527192103.95	4300	59.747541	0.0	2133870	24	4.3
1527192108.11	4300	59.998557	0.0	2146120	26	4.3
1527192111.77	4300	59.997581	0.0	2108491	20	4.3
1527192115.93	4300	59.749347	0.0	2184571	21	4.3
1527192120.12	4300	59.748573	0.0	2121928	22	4.3
1527192124.28	4300	59.747737	0.0	2219102	25	4.3
1527192127.94	4300	59.747581	0.0	2124950	25	4.3
1527192132.09	4300	59.748261	0.0	2246506	27	4.3
1527192136.23	4300	59.748462	0.0	1961140	17	4.3
1527192139.84	4300	59.998573	0.0	2155012	10	4.3
1527192141.45	4300	59.928844	0.0	1433658	18	4.3

1527192141.77	750	4	0.016	668286	2	-0.06879999999999997
1527192141.97	4300	7.940449	0.0	2123065	21	0.75
1527192142.11	4300	11.80426	0.0	2177073	17	4.3
1527192142.26	4300	15.649408	0.0	2160877	26	4.3
1527192142.39	4300	19.523735	0.0	2233056	13	4.3
1527192142.51	4300	23.398652	0.0	1941625	11	4.3
1527192142.64	4300	27.271612	0.0	2157535	13	4.3
1527192142.76	4300	31.154022	0.0	2290172	7	4.3
1527192142.87	4300	35.038493	0.0	2055469	7	4.3
1527192142.99	4300	38.924255	0.0	2169201	8	4.3
1527192143.1	4300	42.808361	0.0	2173522	8	4.3
1527192143.25	4300	46.659098	0.0	2102452	24	4.3
1527192143.4	4300	50.508318	0.0	2209463	25	4.3
1527192143.56	4300	54.356851	0.0	2275376	27	4.3
1527192143.71	4300	58.200793	0.0	2005399	33	4.3
1527192146.36	4300	59.74895	0.0	2152483	25	4.3
1527192150.03	4300	59.998333	0.0	2289689	25	4.3
1527192154.24	4300	59.749489	0.0	2059512	22	4.3
1527192158.4	4300	59.999042	0.0	2220726	24	4.3
1527192162.06	4300	59.999428	0.0	2156729	25	4.3
1527192166.22	4300	59.748766	0.0	2039773	24	4.3
1527192170.37	4300	59.747829	0.0	2176469	20	4.3
1527192174.03	4300	59.999351	0.0	2221506	25	4.3
1527192178.19	4300	59.749287	0.0	2044075	21	4.3
1527192182.35	4300	59.747914	0.0	2186790	20	4.3
1527192186.5	4300	59.748347	0.0	2105231	23	4.3
1527192190.65	4300	59.498238	0.0	2395588	17	4.3
1527192194.29	4300	59.997837	0.0	1972048	18	4.3
1527192197.95	4300	59.997711	0.0	2134614	25	4.3
1527192202.1	4300	59.99933	0.0	2164140	24	4.3
1527192206.27	4300	59.749122	0.0	2113193	24	4.3
1527192210.42	4300	59.499002	0.0	2147852	22	4.3
1527192214.58	4300	59.498908	0.0	2191074	23	4.3
1527192218.22	4300	59.74934	0.0	2286761	15	4.3
1527192222.39	4300	59.748609	0.0	2307787	26	4.3
1527192226.55	4300	59.748092	0.0	2143948	26	4.3
1527192230.2	4300	59.99817	0.0	1919781	18	4.3
1527192234.36	4300	59.748077	0.0	2147467	23	4.3
1527192238.55	4300	59.748895	0.0	2133870	11	4.3
1527192242.32	4300	59.998811	0.0	2146120	23	4.3
1527192245.98	4300	59.999444	0.0	2108491	24	4.3
1527192250.14	4300	59.99905	0.0	2184571	24	4.3
1527192254.31	4300	59.749019	0.0	2121928	25	4.3
1527192257.96	4300	59.998784	0.0	2219102	22	4.3
1527192262.11	4300	59.99899	0.0	2124950	21	4.3
1527192266.26	4300	59.749171	0.0	2246506	21	4.3
1527192270.39	4300	59.749181	0.0	1961140	18	4.3
1527192274.5	4300	59.74876	0.0	2155012	9	4.3
1527192276.1	4300	59.928736	0.0	1433658	16	4.3

1527192276.39	750	4	0.019	668286	2	-0.0817
1527192276.55	4300	7.947632	0.0	2123065	23	0.75
1527192276.68	4300	11.815252	0.0	2177073	11	4.3
1527192276.82	4300	15.675313	0.0	2160877	18	4.3
1527192276.95	4300	19.550633	0.0	2233056	12	4.3
1527192277.07	4300	23.428191	0.0	1941625	12	4.3
1527192277.25	4300	27.302701	0.0	2157535	12	4.3
1527192277.38	4300	31.121609	0.0	2290172	12	4.3
1527192277.5	4300	35.000644	0.0	2055469	12	4.3
1527192277.63	4300	38.865653	0.0	2169201	19	4.3
1527192277.77	4300	42.728108	0.0	2173522	17	4.3
1527192277.91	4300	46.590145	0.0	2102452	19	4.3
1527192278.03	4300	50.464965	0.0	2209463	12	4.3
1527192278.15	4300	54.349722	0.0	2275376	8	4.3
1527192278.26	4300	58.232754	0.0	2005399	8	4.3
1527192280.89	4300	59.998911	0.0	2152483	10	4.3
1527192284.53	4300	59.997925	0.0	2289689	16	4.3
1527192289.2	4300	59.498978	0.0	2059512	22	4.3
1527192292.85	4300	59.999171	0.0	2220726	20	4.3
1527192297.01	4300	59.499444	0.0	2156729	17	4.3
1527192301.17	4300	59.499293	0.0	2039773	24	4.3
1527192304.81	4300	59.747854	0.0	2176469	19	4.3
1527192308.97	4300	59.748892	0.0	2221506	24	4.3
1527192312.61	4300	59.998969	0.0	2044075	19	4.3
1527192316.77	4300	59.998827	0.0	2186790	24	4.3
1527192320.92	4300	59.998639	0.0	2105231	20	4.3
1527192325.08	4300	59.74756	0.0	2395588	26	4.3
1527192328.72	4300	59.999194	0.0	1972048	18	4.3
