1527278501.81	750	4	0.03	2354772	9	-0.129
1527278501.94	4300	7.958841	0.0	2123065	23	0.75
1527278502.04	4300	11.860983	0.0	2177073	24	4.3
1527278502.12	4300	15.777743	0.0	2160877	13	4.3
1527278502.19	4300	19.706787	0.0	2233056	7	4.3
1527278502.27	4300	23.62913	0.0	1941625	11	4.3
1527278502.35	4300	27.546905	0.0	2157535	11	4.3
1527278502.42	4300	31.471631	0.0	2290172	8	4.3
1527278502.51	4300	35.389557	0.0	2055469	13	4.3
1527278502.59	4300	39.309722	0.0	2169201	12	4.3
1527278502.66	4300	43.234712	0.0	2173522	8	4.3
1527278502.76	4300	47.139103	0.0	2102452	21	4.3
1527278502.84	4300	51.054197	0.0	2209463	14	4.3
1527278502.99	4300	54.947922	0.0	2275376	23	4.3
1527278503.09	4300	58.816881	0.0	2005399	11	4.3
1527278506.17	4300	59.998467	0.0	2152483	7	4.3
1527278510.28	4300	59.74902	0.0	2289689	24	4.3
1527278514.39	4300	59.997877	0.0	2059512	21	4.3
1527278518.0	4300	59.999133	0.0	2220726	24	4.3
1527278522.11	4300	59.998585	0.0	2156729	18	4.3
1527278526.22	4300	59.999215	0.0	2039773	19	4.3
1527278530.34	4300	59.999118	0.0	2176469	26	4.3
1527278534.46	4300	59.499155	0.0	2221506	25	4.3
1527278538.57	4300	59.498755	0.0	2044075	23	4.3
1527278542.18	4300	59.749384	0.0	2186790	23	4.3
1527278546.3	4300	59.747921	0.0	2105231	25	4.3
1527278550.42	4300	59.748403	0.0	2395588	27	4.3
1527278554.53	4300	59.748773	0.0	1972048	22	4.3
1527278558.14	4300	59.998233	0.0	2134614	24	4.3
1527278562.26	4300	59.672735	0.0	2164140	25	4.3
1527278566.38	4300	59.748534	0.0	2113193	25	4.3
1527278569.99	4300	59.999184	0.0	2147852	21	4.3
1527278574.61	4300	59.747978	0.0	2191074	24	4.3
1527278578.23	4300	59.747895	0.0	2286761	27	4.3
1527278582.34	4300	59.747666	0.0	2307787	23	4.3
1527278585.96	4300	59.998177	0.0	2143948	21	4.3
1527278590.07	4300	59.997637	0.0	1919781	21	4.3
1527278594.19	4300	59.749052	0.0	2147467	23	4.3
1527278598.3	4300	59.748391	0.0	2133870	23	4.3
1527278601.92	4300	59.998535	0.0	2146120	24	4.3
1527278606.04	4300	59.997791	0.0	2108491	26	4.3
1527278610.16	4300	59.747406	0.0	2184571	24	4.3
1527278614.33	4300	59.998514	0.0	2121928	21	4.3
1527278618.45	4300	59.49749	0.0	2219102	21	4.3
1527278622.55	4300	59.368383	0.0	2124950	15	4.3
1527278626.16	4300	59.998067	0.0	2246506	21	4.3
1527278630.28	4300	59.998466	0.0	1961140	21	4.3
1527278634.39	4300	59.9985	0.0	2155012	24	4.3
1527278636.0	4300	59.928722	0.0	1433658	17	4.3

1527278636.3	750	4	0.013	668286	3	-0.05589999999999995
1527278636.38	4300	7.980098	0.0	2123065	8	0.75
1527278636.47	4300	11.889061	0.0	2177073	16	4.3
1527278636.55	4300	15.806978	0.0	2160877	13	4.3
1527278636.65	4300	19.708281	0.0	2233056	20	4.3
1527278636.73	4300	23.630663	0.0	1941625	11	4.3
1527278636.81	4300	27.550475	0.0	2157535	10	4.3
1527278636.89	4300	31.46652	0.0	2290172	12	4.3
1527278636.99	4300	35.371921	0.0	2055469	19	4.3
1527278637.08	4300	39.278837	0.0	2169201	15	4.3
1527278637.18	4300	43.180097	0.0	2173522	18	4.3
1527278637.26	4300	47.101843	0.0	2102452	8	4.3
1527278637.34	4300	51.014875	0.0	2209463	15	4.3
1527278637.43	4300	54.927323	0.0	2275376	16	4.3
1527278637.52	4300	58.837482	0.0	2005399	14	4.3
1527278640.62	4300	59.749544	0.0	2152483	16	4.3
1527278644.72	4300	59.998212	0.0	2289689	16	4.3
1527278648.83	4300	59.748747	0.0	2059512	20	4.3
1527278652.45	4300	59.998034	0.0	2220726	27	4.3
1527278657.08	4300	59.749244	0.0	2156729	22	4.3
1527278660.68	4300	59.998652	0.0	2039773	19	4.3
1527278664.8	4300	59.748764	0.0	2176469	26	4.3
1527278668.42	4300	59.998542	0.0	2221506	27	4.3
1527278672.53	4300	59.997941	0.0	2044075	19	4.3
1527278676.64	4300	59.997675	0.0	2186790	18	4.3
1527278680.75	4300	59.748505	0.0	2105231	20	4.3
1527278684.87	4300	59.748797	0.0	2395588	21	4.3
1527278688.97	4300	59.74951	0.0	1972048	17	4.3
1527278692.58	4300	59.998593	0.0	2134614	21	4.3
1527278696.7	4300	59.748372	0.0	2164140	24	4.3
1527278700.81	4300	59.998568	0.0	2113193	22	4.3
1527278704.93	4300	59.498278	0.0	2147852	22	4.3
1527278708.54	4300	59.997943	0.0	2191074	21	4.3
1527278712.65	4300	59.747557	0.0	2286761	26	4.3
1527278716.78	4300	59.748509	0.0	2307787	22	4.3
1527278720.39	4300	59.998001	0.0	2143948	22	4.3
1527278724.51	4300	59.99867	0.0	1919781	23	4.3
1527278728.6	4300	59.998319	0.0	2147467	9	4.3
1527278732.71	4300	59.747854	0.0	2133870	19	4.3
1527278736.83	4300	59.74814	0.0	2146120	21	4.3
1527278740.45	4300	59.998797	0.0	2108491	27	4.3
1527278744.56	4300	59.998594	0.0	2184571	23	4.3
1527278748.67	4300	59.747848	0.0	2121928	21	4.3
1527278752.78	4300	59.998467	0.0	2219102	21	4.3
1527278756.4	4300	59.998878	0.0	2124950	24	4.3
1527278761.01	4300	59.498247	0.0	2246506	26	4.3
1527278764.61	4300	59.999051	0.0	1961140	14	4.3
1527278768.73	4300	59.749194	0.0	2155012	26	4.3
1527278770.33	4300	59.927289	0.0	1433658	18	4.3

1527278770.61	750	4	0.016	668286	3	-0.06879999999999997
1527278770.68	4300	7.979583	0.0	2123065	8	0.75
1527278770.76	4300	11.905343	0.0	2177073	7	4.3
1527278770.83	4300	15.83185	0.0	2160877	7	4.3
1527278770.91	4300	19.759781	0.0	2233056	7	4.3
1527278770.98	4300	23.689394	0.0	1941625	6	4.3
1527278771.04	4300	27.618579	0.0	2157535	7	4.3
1527278771.12	4300	31.548131	0.0	2290172	8	4.3
1527278771.2	4300	35.468989	0.0	2055469	16	4.3
1527278771.27	4300	39.398775	0.0	2169201	6	4.3
1527278771.59	4300	43.327249	0.0	2173522	7	4.3
1527278771.69	4300	46.979378	0.0	2102452	19	4.3
1527278771.77	4300	50.893597	0.0	2209463	15	4.3
1527278771.85	4300	54.810189	0.0	2275376	14	4.3
1527278771.93	4300	58.72916	0.0	2005399	13	4.3
1527278775.03	4300	59.748124	0.0	2152483	14	4.3
1527278779.14	4300	59.747764	0.0	2289689	27	4.3
1527278783.25	4300	59.747881	0.0	2059512	23	4.3
1527278786.86	4300	59.997989	0.0	2220726	25	4.3
1527278790.97	4300	59.998767	0.0	2156729	19	4.3
1527278795.08	4300	59.997867	0.0	2039773	22	4.3
1527278799.19	4300	59.74843	0.0	2176469	22	4.3
1527278802.8	4300	59.99948	0.0	2221506	20	4.3
