1527224397.31	750	4	0.026	2354772	8	-0.11180000000000001
1527224397.41	4300	7.966091	0.0	2123065	19	0.75
1527224397.5	4300	11.877054	0.0	2177073	16	4.3
1527224397.59	4300	15.789023	0.0	2160877	15	4.3
1527224397.67	4300	19.703717	0.0	2233056	17	4.3
1527224397.75	4300	23.629069	0.0	1941625	9	4.3
1527224397.82	4300	27.552685	0.0	2157535	10	4.3
1527224397.9	4300	31.477188	0.0	2290172	10	4.3
1527224397.97	4300	35.402887	0.0	2055469	9	4.3
1527224398.07	4300	39.305867	0.0	2169201	22	4.3
1527224398.16	4300	43.217059	0.0	2173522	14	4.3
1527224398.25	4300	47.128753	0.0	2102452	14	4.3
1527224398.34	4300	51.040526	0.0	2209463	15	4.3
1527224398.44	4300	54.934817	0.0	2275376	21	4.3
1527224398.55	4300	58.82794	0.0	2005399	33	4.3
1527224401.66	4300	59.749088	0.0	2152483	10	4.3
1527224405.75	4300	59.998814	0.0	2289689	14	4.3
1527224409.87	4300	59.748257	0.0	2059512	22	4.3
1527224413.49	4300	59.998969	0.0	2220726	25	4.3
1527224417.61	4300	59.999035	0.0	2156729	24	4.3
1527224421.72	4300	59.998771	0.0	2039773	24	4.3
1527224425.85	4300	59.999067	0.0	2176469	16	4.3
1527224429.47	4300	59.999108	0.0	2221506	25	4.3
1527224434.08	4300	59.498721	0.0	2044075	21	4.3
1527224437.69	4300	59.998372	0.0	2186790	26	4.3
1527224441.8	4300	59.748129	0.0	2105231	22	4.3
1527224445.41	4300	59.998311	0.0	2395588	24	4.3
1527224450.02	4300	59.499304	0.0	1972048	17	4.3
1527224453.63	4300	59.747881	0.0	2134614	22	4.3
1527224457.74	4300	59.693109	0.0	2164140	19	4.3
1527224461.86	4300	59.99777	0.0	2113193	24	4.3
1527224465.46	4300	59.997437	0.0	2147852	15	4.3
1527224469.57	4300	59.998145	0.0	2191074	24	4.3
1527224473.69	4300	59.748802	0.0	2286761	26	4.3
1527224477.8	4300	59.749446	0.0	2307787	25	4.3
1527224481.41	4300	59.998873	0.0	2143948	23	4.3
1527224485.53	4300	59.997994	0.0	1919781	22	4.3
1527224489.65	4300	59.997698	0.0	2147467	26	4.3
1527224493.76	4300	59.747364	0.0	2133870	25	4.3
1527224497.87	4300	59.747493	0.0	2146120	23	4.3
1527224502.03	4300	59.498296	0.0	2108491	23	4.3
1527224505.68	4300	59.997462	0.0	2184571	25	4.3
1527224509.8	4300	59.748381	0.0	2121928	23	4.3
1527224513.42	4300	59.997237	0.0	2219102	25	4.3
1527224518.03	4300	59.357898	0.0	2124950	20	4.3
1527224521.64	4300	59.998837	0.0	2246506	24	4.3
1527224525.73	4300	59.997154	0.0	1961140	11	4.3
1527224529.84	4300	59.748962	0.0	2155012	26	4.3
1527224531.45	4300	59.678567	0.0	1433658	18	4.3

1527224531.72	750	4	0.027	2354772	10	-0.11609999999999998
1527224531.82	4300	7.960263	0.0	2123065	22	0.75
1527224531.93	4300	11.855352	0.0	2177073	24	4.3
1527224532.01	4300	15.769775	0.0	2160877	14	4.3
1527224532.11	4300	19.676043	0.0	2233056	23	4.3
1527224532.18	4300	23.599147	0.0	1941625	10	4.3
1527224532.27	4300	27.518559	0.0	2157535	11	4.3
1527224532.34	4300	31.436069	0.0	2290172	12	4.3
1527224532.42	4300	35.357358	0.0	2055469	10	4.3
1527224532.49	4300	39.288129	0.0	2169201	8	4.3
1527224532.56	4300	43.219728	0.0	2173522	7	4.3
1527224532.63	4300	47.150281	0.0	2102452	7	4.3
1527224532.71	4300	51.072678	0.0	2209463	16	4.3
1527224532.79	4300	54.993643	0.0	2275376	13	4.3
1527224532.89	4300	58.895672	0.0	2005399	22	4.3
1527224536.48	4300	59.49873	0.0	2152483	13	4.3
1527224540.09	4300	59.997761	0.0	2289689	26	4.3
1527224544.21	4300	59.99887	0.0	2059512	22	4.3
1527224547.83	4300	59.998294	0.0	2220726	27	4.3
1527224551.93	4300	59.999341	0.0	2156729	20	4.3
1527224556.04	4300	59.749194	0.0	2039773	22	4.3
1527224560.16	4300	59.748485	0.0	2176469	23	4.3
1527224564.26	4300	59.749134	0.0	2221506	21	4.3
1527224568.37	4300	59.74922	0.0	2044075	22	4.3
1527224571.98	4300	59.99949	0.0	2186790	25	4.3
1527224576.09	4300	59.999072	0.0	2105231	21	4.3
1527224580.2	4300	59.748135	0.0	2395588	22	4.3
1527224583.79	4300	59.999248	0.0	1972048	10	4.3
1527224587.9	4300	59.999097	0.0	2134614	25	4.3
1527224592.01	4300	59.79887	0.0	2164140	24	4.3
1527224596.12	4300	59.999385	0.0	2113193	23	4.3
1527224600.23	4300	59.749111	0.0	2147852	25	4.3
1527224603.84	4300	59.998994	0.0	2191074	21	4.3
1527224608.45	4300	59.499129	0.0	2286761	19	4.3
1527224612.06	4300	59.748655	0.0	2307787	24	4.3
1527224616.18	4300	59.998656	0.0	2143948	24	4.3
1527224619.79	4300	59.99844	0.0	1919781	22	4.3
1527224624.4	4300	59.498838	0.0	2147467	23	4.3
1527224628.02	4300	59.999124	0.0	2133870	24	4.3
1527224632.13	4300	59.749416	0.0	2146120	22	4.3
1527224636.23	4300	59.748841	0.0	2108491	23	4.3
1527224639.84	4300	59.998099	0.0	2184571	23	4.3
1527224644.45	4300	59.498599	0.0	2121928	20	4.3
1527224648.07	4300	59.747511	0.0	2219102	25	4.3
1527224652.19	4300	59.594404	0.0	2124950	24	4.3
1527224655.8	4300	59.999353	0.0	2246506	25	4.3
1527224660.41	4300	59.748494	0.0	1961140	19	4.3
1527224664.02	4300	59.998177	0.0	2155012	23	4.3
1527224665.62	4300	59.928748	0.0	1433658	17	4.3

1527224665.92	750	4	0.026	2354772	8	-0.11180000000000001
1527224666.02	4300	7.959531	0.0	2123065	23	0.75
1527224666.1	4300	11.875319	0.0	2177073	14	4.3
1527224666.17	4300	15.802978	0.0	2160877	9	4.3
1527224666.25	4300	19.728716	0.0	2233056	8	4.3
1527224666.32	4300	23.659263	0.0	1941625	8	4.3
1527224666.39	4300	27.58708	0.0	2157535	8	4.3
1527224666.48	4300	31.499302	0.0	2290172	17	4.3
1527224666.56	4300	35.421038	0.0	2055469	10	4.3
1527224666.63	4300	39.342436	0.0	2169201	11	4.3
1527224666.81	4300	43.1738	0.0	2173522	25	4.3
1527224666.9	4300	47.077268	0.0	2102452	22	4.3
1527224666.98	4300	50.992759	0.0	2209463	13	4.3
1527224667.07	4300	54.904549	0.0	2275376	13	4.3
1527224667.14	4300	58.835787	0.0	2005399	7	4.3
1527224670.22	4300	59.997829	0.0	2152483	7	4.3
1527224674.33	4300	59.998196	0.0	2289689	25	4.3
1527224678.44	4300	59.747864	0.0	2059512	23	4.3
1527224682.05	4300	59.998281	0.0	2220726	25	4.3
1527224686.16	4300	59.997989	0.0	2156729	20	4.3
1527224690.26	4300	59.997802	0.0	2039773	20	4.3
1527224694.37	4300	59.749202	0.0	2176469	24	4.3
