1527153320.7	750	4	0.029	2354772	8	-0.12470000000000003
1527153320.83	4300	7.95739	0.0	2123065	23	0.75
1527153320.93	4300	11.859247	0.0	2177073	25	4.3
1527153321.02	4300	15.771797	0.0	2160877	17	4.3
1527153321.11	4300	19.674553	0.0	2233056	19	4.3
1527153321.19	4300	23.599163	0.0	1941625	10	4.3
1527153321.27	4300	27.520705	0.0	2157535	11	4.3
1527153321.35	4300	31.439024	0.0	2290172	12	4.3
1527153321.43	4300	35.357741	0.0	2055469	10	4.3
1527153321.5	4300	39.286616	0.0	2169201	8	4.3
1527153321.57	4300	43.216943	0.0	2173522	7	4.3
1527153321.74	4300	47.050248	0.0	2102452	25	4.3
1527153321.83	4300	50.964763	0.0	2209463	14	4.3
1527153321.91	4300	54.874702	0.0	2275376	14	4.3
1527153322.01	4300	58.777002	0.0	2005399	12	4.3
1527153325.1	4300	59.749688	0.0	2152483	9	4.3
1527153329.21	4300	59.749348	0.0	2289689	21	4.3
1527153333.32	4300	59.498967	0.0	2059512	22	4.3
1527153337.43	4300	59.749087	0.0	2220726	20	4.3
1527153341.54	4300	59.749478	0.0	2156729	20	4.3
1527153345.15	4300	59.749614	0.0	2039773	21	4.3
1527153349.26	4300	59.747937	0.0	2176469	18	4.3
1527153353.43	4300	59.499355	0.0	2221506	26	4.3
1527153357.05	4300	59.99942	0.0	2044075	23	4.3
1527153361.16	4300	59.998628	0.0	2186790	22	4.3
1527153365.27	4300	59.748541	0.0	2105231	22	4.3
1527153368.88	4300	59.999122	0.0	2395588	22	4.3
1527153372.98	4300	59.997382	0.0	1972048	13	4.3
1527153377.09	4300	59.749383	0.0	2134614	22	4.3
1527153381.2	4300	59.748039	0.0	2164140	21	4.3
1527153384.82	4300	59.99795	0.0	2113193	20	4.3
1527153389.43	4300	59.74861	0.0	2147852	24	4.3
1527153393.05	4300	59.748965	0.0	2191074	24	4.3
1527153397.16	4300	59.747709	0.0	2286761	16	4.3
1527153401.27	4300	59.997854	0.0	2307787	19	4.3
1527153405.38	4300	59.497822	0.0	2143948	21	4.3
1527153408.99	4300	59.998487	0.0	1919781	14	4.3
1527153413.11	4300	59.748994	0.0	2147467	23	4.3
1527153417.23	4300	59.749183	0.0	2133870	17	4.3
1527153420.84	4300	59.997836	0.0	2146120	22	4.3
1527153424.94	4300	59.998505	0.0	2108491	21	4.3
1527153429.06	4300	59.749015	0.0	2184571	20	4.3
1527153433.3	4300	59.74925	0.0	2121928	25	4.3
1527153437.41	4300	59.748868	0.0	2219102	25	4.3
1527153441.01	4300	59.999292	0.0	2124950	15	4.3
1527153445.12	4300	59.998652	0.0	2246506	26	4.3
1527153449.23	4300	59.749234	0.0	1961140	20	4.3
1527153452.84	4300	59.998929	0.0	2155012	24	4.3
1527153454.94	4300	59.678452	0.0	1433658	15	4.3

1527153455.25	750	4	0.016	668286	2	-0.06879999999999997
1527153455.36	4300	7.960786	0.0	2123065	16	0.75
1527153455.45	4300	11.870847	0.0	2177073	18	4.3
1527153455.54	4300	15.78077	0.0	2160877	17	4.3
1527153455.63	4300	19.688903	0.0	2233056	20	4.3
1527153455.7	4300	23.613592	0.0	1941625	8	4.3
1527153455.79	4300	27.535776	0.0	2157535	9	4.3
1527153455.87	4300	31.445927	0.0	2290172	11	4.3
1527153455.96	4300	35.353018	0.0	2055469	20	4.3
1527153456.04	4300	39.272099	0.0	2169201	13	4.3
1527153456.11	4300	43.201648	0.0	2173522	8	4.3
1527153456.19	4300	47.121041	0.0	2102452	12	4.3
1527153456.26	4300	51.051006	0.0	2209463	7	4.3
1527153456.34	4300	54.974644	0.0	2275376	9	4.3
1527153456.41	4300	58.902023	0.0	2005399	8	4.3
1527153460.0	4300	59.499088	0.0	2152483	7	4.3
1527153463.62	4300	59.998865	0.0	2289689	22	4.3
1527153467.73	4300	59.748255	0.0	2059512	17	4.3
1527153471.33	4300	59.999193	0.0	2220726	21	4.3
1527153475.95	4300	59.49919	0.0	2156729	24	4.3
1527153480.06	4300	59.748786	0.0	2039773	23	4.3
1527153483.67	4300	59.749009	0.0	2176469	18	4.3
1527153487.78	4300	59.998975	0.0	2221506	25	4.3
1527153491.39	4300	59.998947	0.0	2044075	22	4.3
1527153495.5	4300	59.997879	0.0	2186790	21	4.3
1527153499.61	4300	59.74947	0.0	2105231	19	4.3
1527153503.72	4300	59.748993	0.0	2395588	23	4.3
1527153507.32	4300	59.999147	0.0	1972048	22	4.3
1527153511.43	4300	59.999038	0.0	2134614	20	4.3
1527153515.54	4300	59.998607	0.0	2164140	20	4.3
1527153519.7	4300	59.99942	0.0	2113193	23	4.3
1527153523.81	4300	59.749506	0.0	2147852	22	4.3
1527153527.92	4300	59.499138	0.0	2191074	24	4.3
1527153531.53	4300	59.997925	0.0	2286761	26	4.3
1527153535.64	4300	59.999293	0.0	2307787	20	4.3
1527153539.75	4300	59.997832	0.0	2143948	22	4.3
1527153543.86	4300	59.497939	0.0	1919781	20	4.3
1527153547.97	4300	59.748288	0.0	2147467	23	4.3
1527153551.58	4300	59.748852	0.0	2133870	20	4.3
1527153555.69	4300	59.748494	0.0	2146120	15	4.3
1527153559.81	4300	59.999241	0.0	2108491	24	4.3
1527153563.92	4300	59.748138	0.0	2184571	23	4.3
1527153567.53	4300	59.9994	0.0	2121928	23	4.3
