1527233607.4	750	4	0.03	2354772	8	-0.129
1527233607.53	4300	7.964757	0.0	2123065	21	0.75
1527233607.64	4300	11.856275	0.0	2177073	23	4.3
1527233607.73	4300	15.765028	0.0	2160877	18	4.3
1527233607.8	4300	19.69005	0.0	2233056	9	4.3
1527233607.88	4300	23.617314	0.0	1941625	8	4.3
1527233607.95	4300	27.543643	0.0	2157535	9	4.3
1527233608.02	4300	31.468644	0.0	2290172	9	4.3
1527233608.1	4300	35.394325	0.0	2055469	8	4.3
1527233608.17	4300	39.320066	0.0	2169201	8	4.3
1527233608.25	4300	43.2442	0.0	2173522	9	4.3
1527233608.32	4300	47.170516	0.0	2102452	9	4.3
1527233608.42	4300	51.073854	0.0	2209463	18	4.3
1527233608.52	4300	54.973712	0.0	2275376	18	4.3
1527233608.61	4300	58.880335	0.0	2005399	9	4.3
1527233612.2	4300	59.749218	0.0	2152483	12	4.3
1527233615.83	4300	59.748852	0.0	2289689	24	4.3
1527233619.95	4300	59.749021	0.0	2059512	20	4.3
1527233624.06	4300	59.49864	0.0	2220726	22	4.3
1527233627.7	4300	59.99772	0.0	2156729	18	4.3
1527233631.82	4300	59.747715	0.0	2039773	22	4.3
1527233635.93	4300	59.748674	0.0	2176469	24	4.3
1527233639.54	4300	59.998167	0.0	2221506	22	4.3
1527233643.66	4300	59.999112	0.0	2044075	23	4.3
1527233647.78	4300	59.997874	0.0	2186790	24	4.3
1527233651.89	4300	59.748914	0.0	2105231	22	4.3
1527233655.5	4300	59.99838	0.0	2395588	25	4.3
1527233660.11	4300	59.498931	0.0	1972048	19	4.3
1527233663.72	4300	59.998193	0.0	2134614	25	4.3
1527233667.84	4300	59.747734	0.0	2164140	25	4.3
1527233671.95	4300	59.748607	0.0	2113193	23	4.3
1527233675.57	4300	59.998458	0.0	2147852	24	4.3
1527233680.18	4300	59.74823	0.0	2191074	20	4.3
1527233683.79	4300	59.747572	0.0	2286761	24	4.3
1527233687.9	4300	59.748786	0.0	2307787	14	4.3
1527233691.51	4300	59.998945	0.0	2143948	18	4.3
1527233695.63	4300	59.999267	0.0	1919781	21	4.3
1527233699.75	4300	59.747705	0.0	2147467	25	4.3
1527233703.86	4300	59.74822	0.0	2133870	18	4.3
1527233707.98	4300	59.747483	0.0	2146120	23	4.3
1527233711.65	4300	59.998638	0.0	2108491	23	4.3
1527233715.85	4300	59.74816	0.0	2184571	26	4.3
1527233719.96	4300	59.998461	0.0	2121928	24	4.3
1527233723.56	4300	59.998173	0.0	2219102	15	4.3
1527233728.18	4300	59.39052	0.0	2124950	24	4.3
1527233731.79	4300	59.747535	0.0	2246506	24	4.3
1527233735.9	4300	59.998848	0.0	1961140	17	4.3
1527233739.5	4300	59.998585	0.0	2155012	21	4.3
1527233741.6	4300	59.928657	0.0	1433658	17	4.3

1527233741.86	750	4	0.017	668286	2	-0.07309999999999994
1527233741.94	4300	7.978682	0.0	2123065	7	0.75
1527233742.04	4300	11.874478	0.0	2177073	24	4.3
1527233742.13	4300	15.787691	0.0	2160877	15	4.3
1527233742.2	4300	19.716611	0.0	2233056	7	4.3
1527233742.29	4300	23.62987	0.0	1941625	17	4.3
1527233742.36	4300	27.555402	0.0	2157535	10	4.3
1527233742.44	4300	31.478554	0.0	2290172	10	4.3
1527233742.51	4300	35.405015	0.0	2055469	9	4.3
1527233742.62	4300	39.302958	0.0	2169201	26	4.3
1527233742.71	4300	43.208014	0.0	2173522	22	4.3
1527233742.79	4300	47.124488	0.0	2102452	12	4.3
1527233742.95	4300	51.040374	0.0	2209463	12	4.3
1527233743.05	4300	54.875511	0.0	2275376	20	4.3
1527233743.12	4300	58.796045	0.0	2005399	8	4.3
1527233746.21	4300	59.748267	0.0	2152483	10	4.3
1527233750.3	4300	59.997983	0.0	2289689	15	4.3
1527233754.42	4300	59.748135	0.0	2059512	23	4.3
1527233758.54	4300	59.497673	0.0	2220726	25	4.3
1527233762.65	4300	59.49837	0.0	2156729	23	4.3
1527233766.26	4300	59.74893	0.0	2039773	24	4.3
1527233770.38	4300	59.998156	0.0	2176469	24	4.3
1527233773.98	4300	59.997649	0.0	2221506	18	4.3
1527233778.6	4300	59.748546	0.0	2044075	23	4.3
1527233782.28	4300	59.748745	0.0	2186790	26	4.3
1527233786.39	4300	59.747713	0.0	2105231	21	4.3
1527233790.5	4300	59.497665	0.0	2395588	25	4.3
1527233794.1	4300	59.997886	0.0	1972048	21	4.3
1527233798.31	4300	59.748119	0.0	2134614	21	4.3
1527233802.48	4300	59.499285	0.0	2164140	24	4.3
1527233806.1	4300	59.997962	0.0	2113193	15	4.3
1527233810.21	4300	59.999121	0.0	2147852	20	4.3
1527233814.32	4300	59.998872	0.0	2191074	19	4.3
1527233817.93	4300	59.998826	0.0	2286761	22	4.3
1527233822.05	4300	59.998681	0.0	2307787	25	4.3
1527233826.16	4300	59.998429	0.0	2143948	23	4.3
1527233830.27	4300	59.74885	0.0	1919781	23	4.3
1527233834.38	4300	59.749082	0.0	2147467	24	4.3
1527233837.98	4300	59.998841	0.0	2133870	13	4.3
1527233842.1	4300	59.998865	0.0	2146120	24	4.3
1527233846.2	4300	59.997627	0.0	2108491	21	4.3
1527233850.32	4300	59.998008	0.0	2184571	24	4.3
1527233853.94	4300	59.998753	0.0	2121928	24	4.3
1527233858.55	4300	59.499032	0.0	2219102	18	4.3
1527233862.67	4300	59.278103	0.0	2124950	25	4.3
1527233866.28	4300	59.748001	0.0	2246506	25	4.3
1527233870.38	4300	59.998182	0.0	1961140	15	4.3
1527233874.49	4300	59.74879	0.0	2155012	26	4.3
