1527144991.48	750	4	0.016	450283	1	-0.06879999999999997
1527144991.64	4300	7.953297	0.0	2123065	20	0.75
1527144991.79	4300	11.80352	0.0	2177073	21	4.3
1527144991.95	4300	15.658197	0.0	2160877	19	4.3
1527144992.08	4300	19.51224	0.0	2233056	12	4.3
1527144992.21	4300	23.382398	0.0	1941625	11	4.3
1527144992.34	4300	27.251616	0.0	2157535	12	4.3
1527144992.47	4300	31.11795	0.0	2290172	12	4.3
1527144992.6	4300	34.990293	0.0	2055469	11	4.3
1527144992.72	4300	38.865527	0.0	2169201	12	4.3
1527144992.85	4300	42.739812	0.0	2173522	12	4.3
1527144992.98	4300	46.611859	0.0	2102452	12	4.3
1527144993.12	4300	50.463958	0.0	2209463	24	4.3
1527144993.27	4300	54.31515	0.0	2275376	23	4.3
1527144993.41	4300	58.183125	0.0	2005399	14	4.3
1527144996.06	4300	59.749594	0.0	2152483	22	4.3
1527144999.72	4300	59.998869	0.0	2289689	25	4.3
1527145003.88	4300	59.999091	0.0	2059512	22	4.3
1527145008.09	4300	59.998839	0.0	2220726	21	4.3
1527145012.24	4300	59.747046	0.0	2156729	14	4.3
1527145015.9	4300	59.749301	0.0	2039773	20	4.3
1527145020.06	4300	59.747857	0.0	2176469	26	4.3
1527145024.22	4300	59.499116	0.0	2221506	24	4.3
1527145027.88	4300	59.747888	0.0	2044075	21	4.3
1527145032.04	4300	59.999054	0.0	2186790	21	4.3
1527145035.7	4300	59.998334	0.0	2105231	14	4.3
1527145039.86	4300	59.749647	0.0	2395588	27	4.3
1527145044.03	4300	59.99822	0.0	1972048	23	4.3
1527145048.2	4300	59.498753	0.0	2134614	23	4.3
1527145051.93	4300	59.997822	0.0	2164140	23	4.3
1527145056.15	4300	59.74885	0.0	2113193	22	4.3
1527145060.32	4300	59.498163	0.0	2147852	25	4.3
1527145064.07	4300	59.749276	0.0	2191074	24	4.3
1527145067.74	4300	59.998275	0.0	2286761	25	4.3
1527145071.9	4300	59.998779	0.0	2307787	26	4.3
1527145076.06	4300	59.749033	0.0	2143948	24	4.3
1527145079.74	4300	59.999391	0.0	1919781	21	4.3
1527145083.9	4300	59.99934	0.0	2147467	24	4.3
1527145088.06	4300	59.748892	0.0	2133870	24	4.3
1527145091.72	4300	59.998967	0.0	2146120	22	4.3
1527145095.88	4300	59.749412	0.0	2108491	20	4.3
1527145100.05	4300	59.748598	0.0	2184571	19	4.3
1527145104.2	4300	59.498211	0.0	2121928	14	4.3
1527145107.86	4300	59.997775	0.0	2219102	21	4.3
1527145112.01	4300	59.748051	0.0	2124950	23	4.3
1527145115.71	4300	59.999106	0.0	2246506	26	4.3
1527145119.84	4300	59.997441	0.0	1961140	20	4.3
1527145123.98	4300	59.997785	0.0	2155012	23	4.3
1527145126.09	4300	59.427985	0.0	1433658	15	4.3

1527145126.42	750	4	0.014	668286	2	-0.06020000000000003
1527145126.58	4300	7.95257	0.0	2123065	20	0.75
1527145126.72	4300	11.809045	0.0	2177073	24	4.3
1527145126.85	4300	15.680718	0.0	2160877	11	4.3
1527145126.98	4300	19.552711	0.0	2233056	12	4.3
1527145127.1	4300	23.428497	0.0	1941625	11	4.3
1527145127.23	4300	27.303462	0.0	2157535	11	4.3
1527145127.35	4300	31.176601	0.0	2290172	13	4.3
1527145127.48	4300	35.051267	0.0	2055469	11	4.3
1527145127.61	4300	38.923419	0.0	2169201	12	4.3
1527145127.74	4300	42.79162	0.0	2173522	17	4.3
1527145127.88	4300	46.64716	0.0	2102452	21	4.3
1527145128.01	4300	50.526139	0.0	2209463	10	4.3
1527145128.14	4300	54.392939	0.0	2275376	9	4.3
1527145128.26	4300	58.271357	0.0	2005399	8	4.3
1527145130.89	4300	59.99907	0.0	2152483	9	4.3
1527145134.59	4300	59.999258	0.0	2289689	24	4.3
1527145138.77	4300	59.999343	0.0	2059512	21	4.3
1527145142.93	4300	59.74884	0.0	2220726	24	4.3
1527145146.59	4300	59.999081	0.0	2156729	21	4.3
1527145150.75	4300	59.998979	0.0	2039773	22	4.3
1527145154.91	4300	59.749744	0.0	2176469	24	4.3
1527145159.11	4300	59.749149	0.0	2221506	23	4.3
1527145163.28	4300	59.749434	0.0	2044075	22	4.3
1527145166.94	4300	59.749661	0.0	2186790	19	4.3
1527145171.09	4300	59.749455	0.0	2105231	19	4.3
1527145174.75	4300	59.999011	0.0	2395588	26	4.3
1527145178.91	4300	59.998039	0.0	1972048	22	4.3
1527145183.06	4300	59.748978	0.0	2134614	14	4.3
1527145187.22	4300	59.749558	0.0	2164140	24	4.3
1527145190.89	4300	59.998678	0.0	2113193	23	4.3
1527145195.03	4300	59.74895	0.0	2147852	14	4.3
1527145198.72	4300	59.999418	0.0	2191074	22	4.3
1527145202.89	4300	59.749225	0.0	2286761	23	4.3
1527145207.05	4300	59.498887	0.0	2307787	27	4.3
1527145210.72	4300	59.998648	0.0	2143948	23	4.3
1527145214.88	4300	59.998192	0.0	1919781	22	4.3
1527145219.03	4300	59.998145	0.0	2147467	17	4.3
1527145222.69	4300	59.997916	0.0	2133870	22	4.3
1527145226.85	4300	59.748797	0.0	2146120	23	4.3
1527145231.0	4300	59.748918	0.0	2108491	21	4.3
1527145235.16	4300	59.499167	0.0	2184571	24	4.3
1527145238.81	4300	59.998526	0.0	2121928	20	4.3
1527145242.97	4300	59.747984	0.0	2219102	23	4.3
1527145247.13	4300	59.748991	0.0	2124950	23	4.3
1527145250.79	4300	59.99871	0.0	2246506	21	4.3
1527145254.93	4300	59.749167	0.0	1961140	21	4.3
1527145258.57	4300	59.997827	0.0	2155012	24	4.3
1527145260.69	4300	59.677702	0.0	1433658	18	4.3

1527145260.95	750	4	0.015	668286	3	-0.0645
1527145261.11	4300	7.956889	0.0	2123065	14	0.75
1527145261.27	4300	11.79687	0.0	2177073	39	4.3
1527145261.42	4300	15.646934	0.0	2160877	18	4.3
1527145261.54	4300	19.523531	0.0	2233056	10	4.3
1527145261.66	4300	23.404796	0.0	1941625	9	4.3
1527145261.79	4300	27.282078	0.0	2157535	10	4.3
1527145261.94	4300	31.133997	0.0	2290172	26	4.3
1527145262.07	4300	35.001213	0.0	2055469	14	4.3
1527145262.2	4300	38.866612	0.0	2169201	15	4.3
1527145262.37	4300	42.701245	0.0	2173522	14	4.3
1527145262.5	4300	46.570674	0.0	2102452	15	4.3
1527145262.63	4300	50.437951	0.0	2209463	15	4.3
1527145262.77	4300	54.301771	0.0	2275376	15	4.3
1527145262.9	4300	58.171165	0.0	2005399	13	4.3
1527145265.55	4300	59.749304	0.0	2152483	23	4.3
1527145269.2	4300	59.99786	0.0	2289689	19	4.3
1527145273.36	4300	59.748661	0.0	2059512	21	4.3
1527145277.51	4300	59.748763	0.0	2220726	17	4.3
1527145281.16	4300	59.999158	0.0	2156729	23	4.3
1527145285.32	4300	59.749005	0.0	2039773	21	4.3
1527145289.47	4300	59.747759	0.0	2176469	19	4.3
1527145293.13	4300	59.99817	0.0	2221506	26	4.3
1527145297.79	4300	59.49916	0.0	2044075	22	4.3
1527145301.45	4300	59.998824	0.0	2186790	25	4.3
1527145305.1	4300	59.998689	0.0	2105231	24	4.3
1527145309.3	4300	59.999199	0.0	2395588	23	4.3
1527145313.47	4300	59.747668	0.0	1972048	22	4.3
1527145317.15	4300	59.998893	0.0	2134614	17	4.3
1527145321.31	4300	59.999379	0.0	2164140	17	4.3
1527145325.47	4300	59.998318	0.0	2113193	22	4.3
1527145329.63	4300	59.748299	0.0	2147852	23	4.3
1527145333.3	4300	59.997585	0.0	2191074	24	4.3
1527145337.46	4300	59.74874	0.0	2286761	24	4.3
1527145341.14	4300	59.999048	0.0	2307787	25	4.3
1527145345.3	4300	59.9974	0.0	2143948	23	4.3
1527145349.46	4300	59.748061	0.0	1919781	20	4.3
1527145353.62	4300	59.498688	0.0	2147467	16	4.3
1527145357.78	4300	59.498647	0.0	2133870	23	4.3
