1527218517.43	750	4	0.027	2354772	8	-0.11609999999999998
1527218517.5	4300	7.984994	0.0	2123065	8	0.75
1527218517.59	4300	11.889879	0.0	2177073	19	4.3
1527218517.69	4300	15.79385	0.0	2160877	20	4.3
1527218517.76	4300	19.719672	0.0	2233056	8	4.3
1527218517.83	4300	23.649041	0.0	1941625	8	4.3
1527218517.91	4300	27.575475	0.0	2157535	8	4.3
1527218517.98	4300	31.501594	0.0	2290172	10	4.3
1527218518.06	4300	35.428635	0.0	2055469	8	4.3
1527218518.13	4300	39.353948	0.0	2169201	9	4.3
1527218518.21	4300	43.278238	0.0	2173522	9	4.3
1527218518.28	4300	47.204992	0.0	2102452	9	4.3
1527218518.35	4300	51.130323	0.0	2209463	8	4.3
1527218518.44	4300	55.051486	0.0	2275376	9	4.3
1527218518.51	4300	58.975085	0.0	2005399	7	4.3
1527218522.11	4300	59.748464	0.0	2152483	24	4.3
1527218526.23	4300	59.497513	0.0	2289689	21	4.3
1527218529.83	4300	59.998003	0.0	2059512	19	4.3
1527218533.95	4300	59.99885	0.0	2220726	25	4.3
1527218538.06	4300	59.748257	0.0	2156729	27	4.3
1527218541.68	4300	59.998271	0.0	2039773	23	4.3
1527218545.79	4300	59.749086	0.0	2176469	19	4.3
1527218550.01	4300	59.999425	0.0	2221506	20	4.3
1527218553.62	4300	59.998797	0.0	2044075	20	4.3
1527218557.74	4300	59.748792	0.0	2186790	24	4.3
1527218561.86	4300	59.749263	0.0	2105231	25	4.3
1527218565.97	4300	59.749646	0.0	2395588	24	4.3
1527218570.06	4300	59.498986	0.0	1972048	14	4.3
1527218574.18	4300	59.497838	0.0	2134614	16	4.3
1527218577.79	4300	59.789516	0.0	2164140	23	4.3
1527218581.9	4300	59.747744	0.0	2113193	22	4.3
1527218586.01	4300	59.49907	0.0	2147852	20	4.3
1527218589.62	4300	59.999038	0.0	2191074	22	4.3
1527218593.74	4300	59.748238	0.0	2286761	26	4.3
1527218597.86	4300	59.748781	0.0	2307787	27	4.3
1527218601.98	4300	59.749309	0.0	2143948	23	4.3
1527218605.6	4300	59.99784	0.0	1919781	20	4.3
1527218609.71	4300	59.99932	0.0	2147467	23	4.3
1527218613.82	4300	59.998243	0.0	2133870	21	4.3
1527218617.93	4300	59.748625	0.0	2146120	20	4.3
1527218621.54	4300	59.998763	0.0	2108491	23	4.3
1527218625.66	4300	59.99832	0.0	2184571	25	4.3
1527218629.77	4300	59.998748	0.0	2121928	24	4.3
1527218633.88	4300	59.748143	0.0	2219102	25	4.3
1527218637.5	4300	59.999114	0.0	2124950	24	4.3
1527218641.62	4300	59.997884	0.0	2246506	26	4.3
1527218645.73	4300	59.997982	0.0	1961140	21	4.3
1527218649.85	4300	59.747512	0.0	2155012	25	4.3
1527218651.94	4300	59.427288	0.0	1433658	17	4.3

1527218652.22	750	4	0.028	2354772	7	-0.12039999999999995
1527218652.29	4300	7.986663	0.0	2123065	7	0.75
1527218652.38	4300	11.897195	0.0	2177073	17	4.3
1527218652.46	4300	15.811531	0.0	2160877	16	4.3
1527218652.54	4300	19.730964	0.0	2233056	13	4.3
1527218652.63	4300	23.643671	0.0	1941625	16	4.3
1527218652.7	4300	27.571144	0.0	2157535	9	4.3
1527218652.79	4300	31.482812	0.0	2290172	19	4.3
1527218652.89	4300	35.388589	0.0	2055469	21	4.3
1527218652.97	4300	39.309066	0.0	2169201	12	4.3
1527218653.06	4300	43.213633	0.0	2173522	25	4.3
1527218653.14	4300	47.130544	0.0	2102452	14	4.3
1527218653.22	4300	51.050815	0.0	2209463	18	4.3
1527218653.29	4300	54.981297	0.0	2275376	7	4.3
1527218653.36	4300	58.913777	0.0	2005399	6	4.3
1527218656.94	4300	59.498856	0.0	2152483	7	4.3
1527218660.54	4300	59.748492	0.0	2289689	19	4.3
1527218664.66	4300	59.748234	0.0	2059512	24	4.3
1527218668.77	4300	59.747938	0.0	2220726	24	4.3
1527218672.38	4300	59.997727	0.0	2156729	24	4.3
1527218676.49	4300	59.999143	0.0	2039773	22	4.3
1527218680.6	4300	59.998027	0.0	2176469	23	4.3
1527218684.71	4300	59.998652	0.0	2221506	26	4.3
1527218688.81	4300	59.748684	0.0	2044075	23	4.3
1527218692.93	4300	59.497575	0.0	2186790	26	4.3
1527218696.54	4300	59.747818	0.0	2105231	24	4.3
1527218700.64	4300	59.999121	0.0	2395588	21	4.3
1527218704.72	4300	59.998496	0.0	1972048	7	4.3
1527218708.97	4300	59.498627	0.0	2134614	19	4.3
1527218712.58	4300	59.790897	0.0	2164140	25	4.3
1527218716.69	4300	59.998971	0.0	2113193	23	4.3
1527218720.8	4300	59.749184	0.0	2147852	25	4.3
1527218724.41	4300	59.998752	0.0	2191074	26	4.3
1527218729.02	4300	59.748797	0.0	2286761	23	4.3
1527218732.63	4300	59.748132	0.0	2307787	26	4.3
1527218736.74	4300	59.999019	0.0	2143948	25	4.3
1527218740.34	4300	59.998769	0.0	1919781	16	4.3
1527218744.45	4300	59.998802	0.0	2147467	17	4.3
1527218748.61	4300	59.998643	0.0	2133870	21	4.3
1527218752.72	4300	59.749232	0.0	2146120	22	4.3
1527218756.33	4300	59.999133	0.0	2108491	22	4.3
1527218760.45	4300	59.999253	0.0	2184571	24	4.3
1527218764.57	4300	59.998597	0.0	2121928	22	4.3
1527218768.68	4300	59.749259	0.0	2219102	24	4.3
1527218772.79	4300	59.498738	0.0	2124950	23	4.3
1527218776.39	4300	59.997753	0.0	2246506	24	4.3
1527218780.5	4300	59.99783	0.0	1961140	21	4.3
1527218784.61	4300	59.998626	0.0	2155012	22	4.3
1527218786.71	4300	59.67808	0.0	1433658	18	4.3

1527218786.99	750	4	0.014	450283	2	-0.06020000000000003
1527218787.1	4300	7.955421	0.0	2123065	15	0.75
1527218787.19	4300	11.858895	0.0	2177073	21	4.3
1527218787.29	4300	15.764422	0.0	2160877	23	4.3
1527218787.37	4300	19.679203	0.0	2233056	13	4.3
1527218787.48	4300	23.564025	0.0	1941625	7	4.3
1527218787.56	4300	27.487958	0.0	2157535	8	4.3
1527218787.66	4300	31.385987	0.0	2290172	20	4.3
1527218787.73	4300	35.316457	0.0	2055469	7	4.3
1527218787.8	4300	39.246981	0.0	2169201	8	4.3
1527218787.89	4300	43.160325	0.0	2173522	16	4.3
1527218787.99	4300	47.059505	0.0	2102452	21	4.3
1527218788.06	4300	50.987809	0.0	2209463	7	4.3
1527218788.15	4300	54.897131	0.0	2275376	18	4.3
1527218788.22	4300	58.82831	0.0	2005399	7	4.3
1527218791.3	4300	59.999208	0.0	2152483	7	4.3
1527218795.41	4300	59.999473	0.0	2289689	21	4.3
1527218799.52	4300	59.749213	0.0	2059512	20	4.3
1527218803.74	4300	59.749151	0.0	2220726	23	4.3
1527218807.34	4300	59.999028	0.0	2156729	18	4.3
1527218811.46	4300	59.74847	0.0	2039773	25	4.3
1527218815.57	4300	59.499461	0.0	2176469	24	4.3
1527218819.19	4300	59.999009	0.0	2221506	24	4.3
1527218823.3	4300	59.748859	0.0	2044075	23	4.3
1527218827.42	4300	59.997965	0.0	2186790	24	4.3
1527218831.54	4300	59.997779	0.0	2105231	24	4.3
1527218835.65	4300	59.748819	0.0	2395588	20	4.3
1527218839.75	4300	59.498693	0.0	1972048	19	4.3
1527218843.36	4300	59.747883	0.0	2134614	22	4.3
1527218847.47	4300	59.630349	0.0	2164140	20	4.3
1527218851.58	4300	59.747841	0.0	2113193	21	4.3
1527218855.69	4300	59.749039	0.0	2147852	16	4.3
1527218859.3	4300	59.998746	0.0	2191074	20	4.3
1527218863.41	4300	59.749533	0.0	2286761	25	4.3
1527218867.53	4300	59.74898	0.0	2307787	27	4.3
1527218871.14	4300	59.99918	0.0	2143948	25	4.3
1527218875.25	4300	59.998988	0.0	1919781	18	4.3
1527218879.36	4300	59.74961	0.0	2147467	14	4.3
1527218883.47	4300	59.749408	0.0	2133870	20	4.3
1527218887.13	4300	59.998588	0.0	2146120	20	4.3
1527218891.75	4300	59.747791	0.0	2108491	25	4.3
1527218895.36	4300	59.748554	0.0	2184571	19	4.3
1527218899.48	4300	59.748881	0.0	2121928	23	4.3
