1527288656.65	750	4	0.034	2354772	12	-0.1462
1527288656.78	4300	7.969705	0.0	2123065	16	0.75
1527288656.86	4300	11.882837	0.0	2177073	16	4.3
1527288656.95	4300	15.797422	0.0	2160877	15	4.3
1527288657.03	4300	19.712676	0.0	2233056	13	4.3
1527288657.1	4300	23.641431	0.0	1941625	8	4.3
1527288657.18	4300	27.567877	0.0	2157535	9	4.3
1527288657.25	4300	31.492824	0.0	2290172	9	4.3
1527288657.33	4300	35.420968	0.0	2055469	9	4.3
1527288657.4	4300	39.345153	0.0	2169201	8	4.3
1527288657.47	4300	43.272959	0.0	2173522	8	4.3
1527288657.54	4300	47.198765	0.0	2102452	9	4.3
1527288657.62	4300	51.125823	0.0	2209463	8	4.3
1527288657.72	4300	55.047518	0.0	2275376	8	4.3
1527288657.8	4300	58.94411	0.0	2005399	7	4.3
1527288660.96	4300	59.998089	0.0	2152483	8	4.3
1527288665.07	4300	59.749485	0.0	2289689	23	4.3
1527288669.18	4300	59.749218	0.0	2059512	21	4.3
1527288672.79	4300	59.998092	0.0	2220726	21	4.3
1527288676.91	4300	59.999124	0.0	2156729	24	4.3
1527288681.02	4300	59.748579	0.0	2039773	23	4.3
1527288685.13	4300	59.997917	0.0	2176469	23	4.3
1527288688.75	4300	59.998478	0.0	2221506	24	4.3
1527288693.35	4300	59.498283	0.0	2044075	17	4.3
1527288697.45	4300	59.748134	0.0	2186790	16	4.3
1527288701.05	4300	59.74899	0.0	2105231	18	4.3
1527288705.17	4300	59.747644	0.0	2395588	26	4.3
1527288708.78	4300	59.998917	0.0	1972048	22	4.3
1527288713.39	4300	59.497701	0.0	2134614	22	4.3
1527288717.0	4300	59.747793	0.0	2164140	24	4.3
1527288721.11	4300	59.997687	0.0	2113193	21	4.3
1527288725.22	4300	59.749287	0.0	2147852	23	4.3
1527288729.33	4300	59.747854	0.0	2191074	23	4.3
1527288733.03	4300	59.998692	0.0	2286761	15	4.3
1527288737.15	4300	59.997577	0.0	2307787	25	4.3
1527288740.76	4300	59.998432	0.0	2143948	24	4.3
1527288744.87	4300	59.997581	0.0	1919781	19	4.3
1527288749.02	4300	59.998889	0.0	2147467	19	4.3
1527288753.14	4300	59.997793	0.0	2133870	25	4.3
1527288756.75	4300	59.997664	0.0	2146120	25	4.3
1527288760.86	4300	59.999036	0.0	2108491	21	4.3
1527288764.97	4300	59.99878	0.0	2184571	22	4.3
1527288769.08	4300	59.747828	0.0	2121928	20	4.3
1527288773.19	4300	59.997786	0.0	2219102	23	4.3
1527288776.8	4300	59.997354	0.0	2124950	21	4.3
1527288781.41	4300	59.498532	0.0	2246506	20	4.3
1527288785.01	4300	59.999012	0.0	1961140	22	4.3
1527288789.11	4300	59.748323	0.0	2155012	12	4.3
1527288791.21	4300	59.429327	0.0	1433658	17	4.3

1527288791.48	750	4	0.018	668286	2	-0.07740000000000002
1527288791.56	4300	7.979771	0.0	2123065	7	0.75
1527288791.65	4300	11.886359	0.0	2177073	19	4.3
1527288791.74	4300	15.799317	0.0	2160877	16	4.3
1527288791.83	4300	19.71252	0.0	2233056	14	4.3
1527288791.9	4300	23.638832	0.0	1941625	8	4.3
1527288791.98	4300	27.563419	0.0	2157535	9	4.3
1527288792.05	4300	31.488089	0.0	2290172	10	4.3
1527288792.13	4300	35.410216	0.0	2055469	10	4.3
1527288792.2	4300	39.335883	0.0	2169201	9	4.3
1527288792.28	4300	43.261806	0.0	2173522	9	4.3
1527288792.35	4300	47.188038	0.0	2102452	9	4.3
1527288792.42	4300	51.118478	0.0	2209463	7	4.3
1527288792.49	4300	55.045699	0.0	2275376	8	4.3
1527288792.57	4300	58.971209	0.0	2005399	13	4.3
1527288796.15	4300	59.748974	0.0	2152483	7	4.3
1527288800.27	4300	59.498843	0.0	2289689	28	4.3
1527288803.88	4300	59.748655	0.0	2059512	23	4.3
1527288807.99	4300	59.748143	0.0	2220726	23	4.3
1527288811.6	4300	59.998516	0.0	2156729	23	4.3
1527288815.71	4300	59.99821	0.0	2039773	21	4.3
1527288819.81	4300	59.748358	0.0	2176469	19	4.3
1527288823.98	4300	59.748537	0.0	2221506	22	4.3
1527288828.11	4300	59.747945	0.0	2044075	21	4.3
1527288832.25	4300	59.497924	0.0	2186790	26	4.3
1527288835.86	4300	59.749592	0.0	2105231	24	4.3
1527288839.98	4300	59.747758	0.0	2395588	21	4.3
1527288844.08	4300	59.749103	0.0	1972048	20	4.3
1527288848.19	4300	59.748793	0.0	2134614	23	4.3
1527288851.8	4300	59.749459	0.0	2164140	23	4.3
1527288855.91	4300	59.748992	0.0	2113193	20	4.3
1527288860.01	4300	59.74863	0.0	2147852	19	4.3
1527288863.62	4300	59.998614	0.0	2191074	21	4.3
1527288867.73	4300	59.999346	0.0	2286761	19	4.3
1527288871.85	4300	59.749556	0.0	2307787	16	4.3
1527288875.97	4300	59.998649	0.0	2143948	25	4.3
1527288879.58	4300	59.99882	0.0	1919781	22	4.3
1527288883.7	4300	59.997769	0.0	2147467	24	4.3
1527288887.86	4300	59.998462	0.0	2133870	24	4.3
1527288891.97	4300	59.74804	0.0	2146120	20	4.3
1527288896.08	4300	59.498287	0.0	2108491	21	4.3
1527288899.68	4300	59.998793	0.0	2184571	21	4.3
1527288903.79	4300	59.998054	0.0	2121928	19	4.3
1527288907.93	4300	59.998555	0.0	2219102	20	4.3
1527288912.07	4300	59.748423	0.0	2124950	14	4.3
1527288916.18	4300	59.499311	0.0	2246506	22	4.3
1527288919.78	4300	59.998371	0.0	1961140	20	4.3
1527288923.89	4300	59.749265	0.0	2155012	20	4.3
1527288925.49	4300	59.928239	0.0	1433658	17	4.3

1527288925.8	750	4	0.016	668286	2	-0.06879999999999997
1527288925.88	4300	7.979008	0.0	2123065	7	0.75
1527288925.98	4300	11.880537	0.0	2177073	19	4.3
1527288926.06	4300	15.80041	0.0	2160877	10	4.3
1527288926.14	4300	19.718368	0.0	2233056	10	4.3
1527288926.22	4300	23.642008	0.0	1941625	10	4.3
1527288926.29	4300	27.562246	0.0	2157535	12	4.3
1527288926.37	4300	31.481422	0.0	2290172	12	4.3
1527288926.46	4300	35.401405	0.0	2055469	9	4.3
1527288926.55	4300	39.301335	0.0	2169201	23	4.3
1527288926.64	4300	43.214358	0.0	2173522	15	4.3
1527288926.74	4300	47.119693	0.0	2102452	23	4.3
1527288926.83	4300	51.022864	0.0	2209463	22	4.3
1527288926.91	4300	54.941873	0.0	2275376	13	4.3
1527288927.0	4300	58.861801	0.0	2005399	15	4.3
1527288930.6	4300	59.497838	0.0	2152483	17	4.3
1527288934.21	4300	59.749596	0.0	2289689	24	4.3
1527288938.33	4300	59.997986	0.0	2059512	24	4.3
1527288942.45	4300	59.498025	0.0	2220726	25	4.3
1527288946.06	4300	59.997808	0.0	2156729	25	4.3
