1527182177.52	750	4	0.016	450283	2	-0.06879999999999997
1527182177.63	4300	7.979941	0.0	2123065	6	0.75
1527182177.7	4300	11.908838	0.0	2177073	7	4.3
1527182177.77	4300	15.838841	0.0	2160877	7	4.3
1527182177.84	4300	19.768379	0.0	2233056	7	4.3
1527182177.91	4300	23.696382	0.0	1941625	6	4.3
1527182177.98	4300	27.626697	0.0	2157535	7	4.3
1527182178.06	4300	31.545594	0.0	2290172	7	4.3
1527182178.13	4300	35.474524	0.0	2055469	7	4.3
1527182178.21	4300	39.402086	0.0	2169201	6	4.3
1527182178.28	4300	43.331605	0.0	2173522	7	4.3
1527182178.35	4300	47.259468	0.0	2102452	8	4.3
1527182178.43	4300	51.178656	0.0	2209463	10	4.3
1527182178.5	4300	55.104277	0.0	2275376	10	4.3
1527182178.58	4300	59.031023	0.0	2005399	8	4.3
1527182182.18	4300	59.749404	0.0	2152483	11	4.3
1527182186.3	4300	59.748021	0.0	2289689	25	4.3
1527182189.91	4300	59.748146	0.0	2059512	23	4.3
1527182194.02	4300	59.749474	0.0	2220726	24	4.3
1527182198.14	4300	59.748074	0.0	2156729	22	4.3
1527182202.24	4300	59.748002	0.0	2039773	15	4.3
1527182205.86	4300	59.998049	0.0	2176469	26	4.3
1527182209.97	4300	59.747984	0.0	2221506	24	4.3
1527182214.08	4300	59.748337	0.0	2044075	21	4.3
1527182217.69	4300	59.998915	0.0	2186790	21	4.3
1527182221.82	4300	59.998075	0.0	2105231	28	4.3
1527182225.93	4300	59.748095	0.0	2395588	24	4.3
1527182230.02	4300	59.748625	0.0	1972048	9	4.3
1527182233.62	4300	59.999168	0.0	2134614	18	4.3
1527182237.74	4300	59.999194	0.0	2164140	25	4.3
1527182241.84	4300	59.99791	0.0	2113193	13	4.3
1527182245.95	4300	59.747765	0.0	2147852	18	4.3
1527182250.06	4300	59.748153	0.0	2191074	18	4.3
1527182253.67	4300	59.998652	0.0	2286761	11	4.3
1527182257.77	4300	59.999315	0.0	2307787	20	4.3
1527182261.89	4300	59.748367	0.0	2143948	32	4.3
1527182266.01	4300	59.747847	0.0	1919781	23	4.3
1527182270.11	4300	59.747976	0.0	2147467	10	4.3
1527182274.22	4300	59.748302	0.0	2133870	15	4.3
1527182277.82	4300	59.99931	0.0	2146120	15	4.3
1527182281.94	4300	59.748672	0.0	2108491	22	4.3
1527182286.06	4300	59.998308	0.0	2184571	15	4.3
1527182289.66	4300	59.999199	0.0	2121928	19	4.3
1527182293.78	4300	59.998615	0.0	2219102	29	4.3
1527182297.9	4300	59.998405	0.0	2124950	25	4.3
1527182302.02	4300	59.749245	0.0	2246506	19	4.3
1527182305.63	4300	59.998372	0.0	1961140	16	4.3
1527182310.3	4300	59.497606	0.0	2155012	23	4.3
1527182311.4	4300	59.929083	0.0	1433658	14	4.3

1527182311.69	750	4	0.02	668286	3	-0.08599999999999997
1527182311.77	4300	7.979975	0.0	2123065	7	0.75
1527182311.85	4300	11.893329	0.0	2177073	14	4.3
1527182311.93	4300	15.816	0.0	2160877	9	4.3
1527182312.0	4300	19.739795	0.0	2233056	9	4.3
1527182312.08	4300	23.663349	0.0	1941625	7	4.3
1527182312.15	4300	27.592461	0.0	2157535	6	4.3
1527182312.22	4300	31.520895	0.0	2290172	7	4.3
1527182312.29	4300	35.449313	0.0	2055469	8	4.3
1527182312.37	4300	39.376931	0.0	2169201	7	4.3
1527182312.44	4300	43.303762	0.0	2173522	7	4.3
1527182312.51	4300	47.23315	0.0	2102452	7	4.3
1527182312.58	4300	51.160526	0.0	2209463	8	4.3
1527182312.67	4300	55.077426	0.0	2275376	8	4.3
1527182312.74	4300	59.002878	0.0	2005399	9	4.3
1527182315.83	4300	59.998418	0.0	2152483	7	4.3
1527182320.43	4300	59.748747	0.0	2289689	15	4.3
1527182324.04	4300	59.999104	0.0	2059512	22	4.3
1527182328.15	4300	59.998928	0.0	2220726	19	4.3
1527182332.26	4300	59.749101	0.0	2156729	21	4.3
1527182336.38	4300	59.498639	0.0	2039773	24	4.3
1527182339.97	4300	59.99878	0.0	2176469	12	4.3
1527182344.08	4300	59.747916	0.0	2221506	18	4.3
1527182348.2	4300	59.748963	0.0	2044075	24	4.3
1527182351.82	4300	59.998886	0.0	2186790	27	4.3
1527182356.43	4300	59.498394	0.0	2105231	20	4.3
1527182360.04	4300	59.748859	0.0	2395588	25	4.3
1527182364.14	4300	59.74788	0.0	1972048	10	4.3
1527182368.25	4300	59.748497	0.0	2134614	24	4.3
1527182371.86	4300	59.998812	0.0	2164140	23	4.3
1527182376.5	4300	59.747996	0.0	2113193	9	4.3
1527182380.1	4300	59.748902	0.0	2147852	12	4.3
1527182384.21	4300	59.747719	0.0	2191074	25	4.3
1527182387.82	4300	59.997666	0.0	2286761	25	4.3
1527182392.44	4300	59.74773	0.0	2307787	21	4.3
1527182396.05	4300	59.997771	0.0	2143948	20	4.3
1527182400.23	4300	59.74858	0.0	1919781	24	4.3
1527182404.34	4300	59.748164	0.0	2147467	25	4.3
1527182407.96	4300	59.999427	0.0	2133870	22	4.3
1527182412.07	4300	59.748967	0.0	2146120	26	4.3
1527182416.19	4300	59.749113	0.0	2108491	25	4.3
1527182419.81	4300	59.997973	0.0	2184571	27	4.3
1527182424.43	4300	59.748747	0.0	2121928	27	4.3
1527182428.03	4300	59.74838	0.0	2219102	14	4.3
1527182432.15	4300	59.747093	0.0	2124950	24	4.3
1527182435.77	4300	59.997754	0.0	2246506	26	4.3
1527182439.89	4300	59.997912	0.0	1961140	22	4.3
1527182444.5	4300	59.497823	0.0	2155012	25	4.3
1527182445.58	4300	59.927875	0.0	1433658	11	4.3

1527182445.85	750	4	0.014	668286	3	-0.06020000000000003
1527182445.93	4300	7.979825	0.0	2123065	6	0.75
1527182446.02	4300	11.896136	0.0	2177073	15	4.3
1527182446.11	4300	15.798302	0.0	2160877	21	4.3
1527182446.25	4300	19.654581	0.0	2233056	13	4.3
1527182446.34	4300	23.568013	0.0	1941625	16	4.3
1527182446.42	4300	27.491535	0.0	2157535	10	4.3
1527182446.49	4300	31.415616	0.0	2290172	10	4.3
1527182446.57	4300	35.337654	0.0	2055469	9	4.3
1527182446.65	4300	39.259703	0.0	2169201	10	4.3
1527182446.72	4300	43.186408	0.0	2173522	8	4.3
1527182446.81	4300	47.098994	0.0	2102452	9	4.3
1527182446.88	4300	51.026048	0.0	2209463	7	4.3
1527182446.97	4300	54.941665	0.0	2275376	8	4.3
1527182447.05	4300	58.860506	0.0	2005399	11	4.3
1527182450.63	4300	59.748545	0.0	2152483	8	4.3
1527182454.22	4300	59.998022	0.0	2289689	14	4.3
1527182458.34	4300	59.997774	0.0	2059512	22	4.3
1527182462.52	4300	59.498628	0.0	2220726	26	4.3
1527182466.62	4300	59.749397	0.0	2156729	19	4.3
1527182470.23	4300	59.998061	0.0	2039773	21	4.3
1527182474.34	4300	59.998892	0.0	2176469	22	4.3
1527182478.45	4300	59.498748	0.0	2221506	21	4.3
1527182482.06	4300	59.999203	0.0	2044075	19	4.3
1527182486.18	4300	59.749081	0.0	2186790	26	4.3
1527182490.29	4300	59.998747	0.0	2105231	25	4.3
1527182494.4	4300	59.998042	0.0	2395588	24	4.3
1527182498.5	4300	59.498786	0.0	1972048	12	4.3
1527182502.62	4300	59.498091	0.0	2134614	26	4.3
1527182506.23	4300	59.748603	0.0	2164140	25	4.3
1527182510.34	4300	59.998025	0.0	2113193	21	4.3
1527182513.94	4300	59.998596	0.0	2147852	22	4.3
1527182518.56	4300	59.747951	0.0	2191074	21	4.3
1527182522.16	4300	59.749154	0.0	2286761	22	4.3
1527182526.28	4300	59.998829	0.0	2307787	21	4.3
1527182530.38	4300	59.748214	0.0	2143948	19	4.3
1527182534.49	4300	59.498627	0.0	1919781	18	4.3
1527182538.6	4300	59.748095	0.0	2147467	15	4.3
1527182542.24	4300	59.748426	0.0	2133870	20	4.3
1527182546.36	4300	59.998507	0.0	2146120	24	4.3
1527182550.48	4300	59.747993	0.0	2108491	22	4.3
1527182554.13	4300	59.998489	0.0	2184571	20	4.3
