1527152751.1	750	4	0.025	2354772	8	-0.10750000000000004
1527152751.19	4300	7.965036	0.0	2123065	21	0.75
1527152751.27	4300	11.884987	0.0	2177073	12	4.3
1527152751.37	4300	15.789361	0.0	2160877	24	4.3
1527152751.45	4300	19.702874	0.0	2233056	13	4.3
1527152751.52	4300	23.632879	0.0	1941625	7	4.3
1527152751.6	4300	27.560121	0.0	2157535	8	4.3
1527152751.67	4300	31.486854	0.0	2290172	8	4.3
1527152751.74	4300	35.416902	0.0	2055469	8	4.3
1527152751.81	4300	39.345197	0.0	2169201	8	4.3
1527152751.88	4300	43.274258	0.0	2173522	8	4.3
1527152751.95	4300	47.201976	0.0	2102452	8	4.3
1527152752.02	4300	51.131664	0.0	2209463	8	4.3
1527152752.1	4300	55.054174	0.0	2275376	8	4.3
1527152752.18	4300	58.972634	0.0	2005399	6	4.3
1527152755.76	4300	59.749222	0.0	2152483	8	4.3
1527152759.88	4300	59.499165	0.0	2289689	26	4.3
1527152763.48	4300	59.749264	0.0	2059512	24	4.3
1527152767.59	4300	59.749435	0.0	2220726	23	4.3
1527152771.7	4300	59.747909	0.0	2156729	25	4.3
1527152775.32	4300	59.999496	0.0	2039773	23	4.3
1527152779.44	4300	59.998734	0.0	2176469	24	4.3
1527152783.55	4300	59.997786	0.0	2221506	24	4.3
1527152787.66	4300	59.748854	0.0	2044075	22	4.3
1527152791.77	4300	59.498721	0.0	2186790	24	4.3
1527152795.38	4300	59.999295	0.0	2105231	24	4.3
1527152799.56	4300	59.74937	0.0	2395588	22	4.3
1527152803.67	4300	59.498072	0.0	1972048	22	4.3
1527152807.79	4300	59.748763	0.0	2134614	24	4.3
1527152811.4	4300	59.999376	0.0	2164140	25	4.3
1527152815.5	4300	59.749007	0.0	2113193	21	4.3
1527152819.61	4300	59.74939	0.0	2147852	25	4.3
1527152823.26	4300	59.999186	0.0	2191074	24	4.3
1527152827.41	4300	59.999002	0.0	2286761	26	4.3
1527152831.52	4300	59.749461	0.0	2307787	24	4.3
1527152835.63	4300	59.998567	0.0	2143948	23	4.3
1527152839.3	4300	59.998487	0.0	1919781	22	4.3
1527152843.48	4300	59.998256	0.0	2147467	20	4.3
1527152847.6	4300	59.748427	0.0	2133870	26	4.3
1527152851.71	4300	59.498519	0.0	2146120	24	4.3
1527152855.32	4300	59.99889	0.0	2108491	24	4.3
1527152859.43	4300	59.749205	0.0	2184571	18	4.3
1527152863.55	4300	59.747817	0.0	2121928	24	4.3
1527152867.16	4300	59.998546	0.0	2219102	24	4.3
1527152871.27	4300	59.998714	0.0	2124950	24	4.3
1527152875.39	4300	59.998568	0.0	2246506	17	4.3
1527152879.49	4300	59.748764	0.0	1961140	19	4.3
1527152883.6	4300	59.747596	0.0	2155012	24	4.3
1527152885.2	4300	59.677591	0.0	1433658	18	4.3

1527152885.5	750	4	0.039	2354772	7	-0.16769999999999996
1527152885.59	4300	7.964995	0.0	2123065	22	0.75
1527152885.67	4300	11.882136	0.0	2177073	13	4.3
1527152885.76	4300	15.790821	0.0	2160877	22	4.3
1527152885.85	4300	19.703635	0.0	2233056	16	4.3
1527152885.93	4300	23.622189	0.0	1941625	13	4.3
1527152886.01	4300	27.547876	0.0	2157535	8	4.3
1527152886.08	4300	31.474115	0.0	2290172	10	4.3
1527152886.15	4300	35.401678	0.0	2055469	8	4.3
1527152886.23	4300	39.327851	0.0	2169201	9	4.3
1527152886.3	4300	43.25449	0.0	2173522	9	4.3
1527152886.37	4300	47.181135	0.0	2102452	9	4.3
1527152886.47	4300	51.096528	0.0	2209463	19	4.3
1527152886.54	4300	55.019542	0.0	2275376	8	4.3
1527152886.6	4300	58.952884	0.0	2005399	6	4.3
1527152890.18	4300	59.498348	0.0	2152483	7	4.3
1527152894.29	4300	59.748907	0.0	2289689	21	4.3
1527152897.9	4300	59.748725	0.0	2059512	19	4.3
1527152902.02	4300	59.748836	0.0	2220726	24	4.3
1527152906.13	4300	59.747873	0.0	2156729	25	4.3
1527152909.73	4300	59.998388	0.0	2039773	21	4.3
1527152913.89	4300	59.747982	0.0	2176469	7	4.3
1527152918.1	4300	59.747989	0.0	2221506	25	4.3
1527152921.76	4300	59.999408	0.0	2044075	23	4.3
1527152925.98	4300	59.748922	0.0	2186790	26	4.3
1527152929.58	4300	59.999193	0.0	2105231	18	4.3
1527152934.21	4300	59.749018	0.0	2395588	27	4.3
1527152937.91	4300	59.998058	0.0	1972048	10	4.3
1527152942.02	4300	59.998988	0.0	2134614	24	4.3
1527152946.38	4300	59.453687	0.0	2164140	23	4.3
1527152949.99	4300	59.749003	0.0	2113193	25	4.3
1527152953.6	4300	59.998865	0.0	2147852	23	4.3
1527152957.71	4300	59.99735	0.0	2191074	20	4.3
1527152961.82	4300	59.748862	0.0	2286761	23	4.3
1527152965.93	4300	59.997361	0.0	2307787	24	4.3
1527152970.02	4300	59.748125	0.0	2143948	11	4.3
1527152973.62	4300	59.999223	0.0	1919781	17	4.3
1527152978.24	4300	59.497386	0.0	2147467	24	4.3
1527152981.83	4300	59.749272	0.0	2133870	13	4.3
1527152985.94	4300	59.749239	0.0	2146120	20	4.3
1527152990.05	4300	59.747544	0.0	2108491	22	4.3
1527152993.67	4300	59.998453	0.0	2184571	25	4.3
1527152998.29	4300	59.498646	0.0	2121928	23	4.3
1527153001.9	4300	59.998276	0.0	2219102	23	4.3
1527153006.01	4300	59.998243	0.0	2124950	21	4.3
1527153009.62	4300	59.998375	0.0	2246506	22	4.3
1527153014.29	4300	59.748058	0.0	1961140	17	4.3
1527153017.89	4300	59.748954	0.0	2155012	22	4.3
1527153019.99	4300	59.427911	0.0	1433658	16	4.3

1527153020.26	750	4	0.026	2354772	6	-0.11180000000000001
1527153020.34	4300	7.974298	0.0	2123065	15	0.75
1527153020.43	4300	11.885406	0.0	2177073	17	4.3
1527153020.52	4300	15.7957	0.0	2160877	18	4.3
1527153020.59	4300	19.720557	0.0	2233056	9	4.3
1527153020.66	4300	23.649395	0.0	1941625	8	4.3
1527153020.74	4300	27.574962	0.0	2157535	9	4.3
1527153020.81	4300	31.501467	0.0	2290172	10	4.3
1527153020.88	4300	35.426587	0.0	2055469	9	4.3
1527153020.96	4300	39.352461	0.0	2169201	11	4.3
1527153021.04	4300	43.27982	0.0	2173522	9	4.3
1527153021.16	4300	47.197414	0.0	2102452	9	4.3
1527153021.3	4300	51.077149	0.0	2209463	10	4.3
1527153021.37	4300	54.938037	0.0	2275376	10	4.3
1527153021.45	4300	58.866153	0.0	2005399	9	4.3
1527153024.53	4300	59.998536	0.0	2152483	9	4.3
1527153028.65	4300	59.749041	0.0	2289689	26	4.3
1527153032.76	4300	59.999066	0.0	2059512	23	4.3
1527153036.87	4300	59.498119	0.0	2220726	24	4.3
1527153040.48	4300	59.998627	0.0	2156729	22	4.3
1527153044.6	4300	59.99873	0.0	2039773	21	4.3
1527153048.72	4300	59.998227	0.0	2176469	23	4.3
1527153052.33	4300	59.9981	0.0	2221506	26	4.3
1527153056.94	4300	59.74774	0.0	2044075	22	4.3
1527153060.62	4300	59.748791	0.0	2186790	23	4.3
1527153064.72	4300	59.999086	0.0	2105231	19	4.3
1527153068.33	4300	59.997665	0.0	2395588	23	4.3
1527153072.45	4300	59.997878	0.0	1972048	23	4.3
1527153076.56	4300	59.998907	0.0	2134614	23	4.3
1527153080.67	4300	59.690745	0.0	2164140	23	4.3
1527153084.78	4300	59.748762	0.0	2113193	24	4.3
