1527135818.15	750	4	0.03	2354772	10	-0.129
1527135818.28	4300	7.959591	0.0	2123065	23	0.75
1527135818.38	4300	11.858059	0.0	2177073	20	4.3
1527135818.48	4300	15.762086	0.0	2160877	17	4.3
1527135818.57	4300	19.673569	0.0	2233056	13	4.3
1527135818.65	4300	23.589781	0.0	1941625	13	4.3
1527135818.74	4300	27.504261	0.0	2157535	14	4.3
1527135818.83	4300	31.407829	0.0	2290172	15	4.3
1527135818.92	4300	35.321468	0.0	2055469	13	4.3
1527135819.0	4300	39.238358	0.0	2169201	14	4.3
1527135819.08	4300	43.16418	0.0	2173522	9	4.3
1527135819.15	4300	47.089081	0.0	2102452	8	4.3
1527135819.22	4300	51.016017	0.0	2209463	9	4.3
1527135819.3	4300	54.936164	0.0	2275376	8	4.3
1527135819.39	4300	58.855815	0.0	2005399	6	4.3
1527135822.47	4300	59.999437	0.0	2152483	7	4.3
1527135826.58	4300	59.749279	0.0	2289689	25	4.3
1527135830.69	4300	59.997938	0.0	2059512	17	4.3
1527135834.3	4300	59.999447	0.0	2220726	26	4.3
1527135838.42	4300	59.998721	0.0	2156729	21	4.3
1527135842.52	4300	59.749116	0.0	2039773	18	4.3
1527135846.63	4300	59.749092	0.0	2176469	21	4.3
1527135850.75	4300	59.747713	0.0	2221506	21	4.3
1527135854.35	4300	59.999233	0.0	2044075	19	4.3
1527135858.97	4300	59.498948	0.0	2186790	24	4.3
1527135862.65	4300	59.749261	0.0	2105231	18	4.3
1527135866.26	4300	59.998989	0.0	2395588	23	4.3
1527135870.87	4300	59.498235	0.0	1972048	13	4.3
1527135874.48	4300	59.998891	0.0	2134614	21	4.3
1527135878.59	4300	59.997847	0.0	2164140	20	4.3
1527135882.79	4300	59.749584	0.0	2113193	15	4.3
1527135886.39	4300	59.998636	0.0	2147852	19	4.3
1527135890.51	4300	59.998924	0.0	2191074	24	4.3
1527135894.63	4300	59.749096	0.0	2286761	25	4.3
1527135898.24	4300	59.99905	0.0	2307787	24	4.3
1527135902.36	4300	59.999301	0.0	2143948	24	4.3
1527135906.47	4300	59.998685	0.0	1919781	21	4.3
1527135910.59	4300	59.998579	0.0	2147467	23	4.3
1527135914.71	4300	59.748003	0.0	2133870	24	4.3
1527135918.33	4300	59.998696	0.0	2146120	25	4.3
1527135922.44	4300	59.997914	0.0	2108491	23	4.3
1527135926.56	4300	59.998225	0.0	2184571	22	4.3
1527135930.66	4300	59.997755	0.0	2121928	20	4.3
1527135934.27	4300	59.997969	0.0	2219102	21	4.3
1527135938.9	4300	59.395724	0.0	2124950	24	4.3
1527135942.51	4300	59.74902	0.0	2246506	24	4.3
1527135946.62	4300	59.748917	0.0	1961140	20	4.3
1527135950.73	4300	59.999078	0.0	2155012	22	4.3
1527135952.33	4300	59.678918	0.0	1433658	15	4.3

1527135952.62	750	4	0.016	668286	1	-0.06879999999999997
1527135952.7	4300	7.981202	0.0	2123065	7	0.75
1527135952.79	4300	11.889351	0.0	2177073	17	4.3
1527135952.88	4300	15.796161	0.0	2160877	17	4.3
1527135952.98	4300	19.70002	0.0	2233056	16	4.3
1527135953.07	4300	23.608516	0.0	1941625	20	4.3
1527135953.16	4300	27.517767	0.0	2157535	17	4.3
1527135953.24	4300	31.442287	0.0	2290172	9	4.3
1527135953.32	4300	35.363011	0.0	2055469	7	4.3
1527135953.39	4300	39.290654	0.0	2169201	8	4.3
1527135953.46	4300	43.21853	0.0	2173522	7	4.3
1527135953.55	4300	47.147537	0.0	2102452	8	4.3
1527135953.62	4300	51.05624	0.0	2209463	8	4.3
1527135953.71	4300	54.971842	0.0	2275376	16	4.3
1527135953.78	4300	58.897373	0.0	2005399	9	4.3
1527135956.86	4300	59.99773	0.0	2152483	9	4.3
1527135961.02	4300	59.749357	0.0	2289689	24	4.3
1527135965.24	4300	59.74828	0.0	2059512	22	4.3
1527135968.85	4300	59.999393	0.0	2220726	26	4.3
1527135972.96	4300	59.749444	0.0	2156729	21	4.3
1527135977.07	4300	59.749711	0.0	2039773	20	4.3
1527135981.18	4300	59.999013	0.0	2176469	23	4.3
1527135984.8	4300	59.998063	0.0	2221506	23	4.3
1527135989.42	4300	59.498982	0.0	2044075	23	4.3
1527135993.03	4300	59.749141	0.0	2186790	23	4.3
1527135996.72	4300	59.999276	0.0	2105231	24	4.3
1527136001.34	4300	59.499251	0.0	2395588	24	4.3
1527136004.95	4300	59.999157	0.0	1972048	22	4.3
1527136009.07	4300	59.748798	0.0	2134614	24	4.3
1527136012.69	4300	59.999238	0.0	2164140	24	4.3
1527136016.8	4300	59.998707	0.0	2113193	19	4.3
1527136020.9	4300	59.9979	0.0	2147852	22	4.3
1527136025.02	4300	59.997787	0.0	2191074	22	4.3
1527136029.13	4300	59.748255	0.0	2286761	21	4.3
1527136032.75	4300	59.998987	0.0	2307787	24	4.3
1527136037.36	4300	59.497959	0.0	2143948	23	4.3
1527136040.98	4300	59.74924	0.0	1919781	22	4.3
1527136045.07	4300	59.74747	0.0	2147467	13	4.3
1527136048.68	4300	59.998962	0.0	2133870	22	4.3
1527136052.79	4300	59.99798	0.0	2146120	22	4.3
1527136056.9	4300	59.998951	0.0	2108491	20	4.3
1527136061.0	4300	59.74772	0.0	2184571	15	4.3
1527136065.11	4300	59.997544	0.0	2121928	25	4.3
1527136069.24	4300	59.498406	0.0	2219102	25	4.3
1527136072.83	4300	59.998264	0.0	2124950	11	4.3
1527136076.94	4300	59.747381	0.0	2246506	25	4.3
1527136081.05	4300	59.747541	0.0	1961140	22	4.3
1527136085.14	4300	59.998577	0.0	2155012	10	4.3
1527136086.73	4300	59.927606	0.0	1433658	16	4.3

1527136087.15	750	4	0.016	668286	3	-0.06879999999999997
1527136087.27	4300	7.946115	0.0	2123065	23	0.75
1527136087.38	4300	11.831203	0.0	2177073	24	4.3
1527136087.48	4300	15.733032	0.0	2160877	25	4.3
1527136087.56	4300	19.649042	0.0	2233056	14	4.3
1527136087.65	4300	23.571171	0.0	1941625	10	4.3
1527136087.73	4300	27.483442	0.0	2157535	13	4.3
1527136087.82	4300	31.40017	0.0	2290172	13	4.3
1527136087.9	4300	35.318736	0.0	2055469	12	4.3
1527136087.98	4300	39.237391	0.0	2169201	12	4.3
1527136088.07	4300	43.144239	0.0	2173522	18	4.3
1527136088.16	4300	47.050836	0.0	2102452	15	4.3
1527136088.24	4300	50.973744	0.0	2209463	9	4.3
1527136088.34	4300	54.880096	0.0	2275376	18	4.3
1527136088.44	4300	58.779805	0.0	2005399	20	4.3
1527136091.53	4300	59.99853	0.0	2152483	11	4.3
1527136095.64	4300	59.748057	0.0	2289689	21	4.3
1527136099.25	4300	59.998983	0.0	2059512	19	4.3
1527136103.87	4300	59.498244	0.0	2220726	24	4.3
1527136107.49	4300	59.999119	0.0	2156729	24	4.3
1527136111.65	4300	59.998877	0.0	2039773	23	4.3
1527136115.77	4300	59.748079	0.0	2176469	23	4.3
1527136119.38	4300	59.997804	0.0	2221506	22	4.3
1527136123.48	4300	59.998304	0.0	2044075	18	4.3
1527136127.64	4300	59.747469	0.0	2186790	25	4.3
1527136131.25	4300	59.999375	0.0	2105231	24	4.3
1527136135.96	4300	59.498445	0.0	2395588	22	4.3
1527136139.56	4300	59.748744	0.0	1972048	13	4.3
1527136143.67	4300	59.749625	0.0	2134614	21	4.3
1527136147.28	4300	59.999239	0.0	2164140	22	4.3
1527136151.4	4300	59.999382	0.0	2113193	23	4.3
1527136155.51	4300	59.749025	0.0	2147852	23	4.3
1527136159.63	4300	59.998496	0.0	2191074	22	4.3
1527136163.74	4300	59.499061	0.0	2286761	23	4.3
1527136167.85	4300	59.499075	0.0	2307787	22	4.3
1527136171.96	4300	59.498913	0.0	2143948	20	4.3
1527136175.55	4300	59.748742	0.0	1919781	9	4.3
1527136179.67	4300	59.749016	0.0	2147467	24	4.3
