1527231611.27	750	4	0.027	2354772	9	-0.11609999999999998
1527231611.34	4300	7.985869	0.0	2123065	8	0.75
1527231611.51	4300	11.89922	0.0	2177073	17	4.3
1527231611.59	4300	15.742968	0.0	2160877	12	4.3
1527231611.67	4300	19.661743	0.0	2233056	12	4.3
1527231611.75	4300	23.585075	0.0	1941625	11	4.3
1527231611.83	4300	27.506079	0.0	2157535	11	4.3
1527231611.91	4300	31.424416	0.0	2290172	13	4.3
1527231611.99	4300	35.34641	0.0	2055469	10	4.3
1527231612.07	4300	39.265795	0.0	2169201	12	4.3
1527231612.15	4300	43.180971	0.0	2173522	12	4.3
1527231612.22	4300	47.110565	0.0	2102452	7	4.3
1527231612.29	4300	51.039958	0.0	2209463	7	4.3
1527231612.37	4300	54.964809	0.0	2275376	8	4.3
1527231612.44	4300	58.890768	0.0	2005399	6	4.3
1527231616.02	4300	59.748267	0.0	2152483	7	4.3
1527231619.63	4300	59.748917	0.0	2289689	22	4.3
1527231623.73	4300	59.749369	0.0	2059512	14	4.3
1527231627.84	4300	59.748536	0.0	2220726	23	4.3
1527231631.45	4300	59.999473	0.0	2156729	21	4.3
1527231636.07	4300	59.498345	0.0	2039773	24	4.3
1527231639.68	4300	59.748745	0.0	2176469	20	4.3
1527231643.79	4300	59.748452	0.0	2221506	26	4.3
1527231647.91	4300	59.748546	0.0	2044075	23	4.3
1527231652.02	4300	59.498307	0.0	2186790	24	4.3
1527231655.63	4300	59.749468	0.0	2105231	23	4.3
1527231659.74	4300	59.999097	0.0	2395588	19	4.3
1527231663.36	4300	59.998972	0.0	1972048	19	4.3
1527231667.97	4300	59.74773	0.0	2134614	24	4.3
1527231672.09	4300	59.248917	0.0	2164140	26	4.3
1527231675.7	4300	59.999172	0.0	2113193	25	4.3
1527231679.82	4300	59.749105	0.0	2147852	24	4.3
1527231683.51	4300	59.998665	0.0	2191074	24	4.3
1527231687.7	4300	59.748822	0.0	2286761	25	4.3
1527231691.81	4300	59.747522	0.0	2307787	21	4.3
1527231695.43	4300	59.999277	0.0	2143948	24	4.3
1527231700.04	4300	59.499211	0.0	1919781	21	4.3
1527231703.63	4300	59.748834	0.0	2147467	10	4.3
1527231707.74	4300	59.748137	0.0	2133870	20	4.3
1527231711.35	4300	59.99762	0.0	2146120	22	4.3
1527231715.47	4300	59.999309	0.0	2108491	26	4.3
1527231720.08	4300	59.498831	0.0	2184571	24	4.3
1527231723.7	4300	59.999353	0.0	2121928	24	4.3
1527231727.81	4300	59.748745	0.0	2219102	20	4.3
1527231731.92	4300	59.748281	0.0	2124950	19	4.3
1527231735.53	4300	59.999301	0.0	2246506	19	4.3
1527231739.64	4300	59.997733	0.0	1961140	21	4.3
1527231743.76	4300	59.748614	0.0	2155012	23	4.3
1527231745.36	4300	59.927563	0.0	1433658	18	4.3

1527231745.69	750	4	0.025	2354772	9	-0.10750000000000004
1527231745.78	4300	7.967711	0.0	2123065	19	0.75
1527231745.89	4300	11.863312	0.0	2177073	24	4.3
1527231745.99	4300	15.762915	0.0	2160877	24	4.3
1527231746.07	4300	19.678539	0.0	2233056	12	4.3
1527231746.14	4300	23.60143	0.0	1941625	11	4.3
1527231746.22	4300	27.52234	0.0	2157535	11	4.3
1527231746.32	4300	31.423956	0.0	2290172	23	4.3
1527231746.41	4300	35.339078	0.0	2055469	12	4.3
1527231746.5	4300	39.244217	0.0	2169201	14	4.3
1527231746.59	4300	43.154013	0.0	2173522	18	4.3
1527231746.69	4300	47.061176	0.0	2102452	17	4.3
1527231746.79	4300	50.952415	0.0	2209463	38	4.3
1527231746.87	4300	54.878487	0.0	2275376	10	4.3
1527231746.94	4300	58.805655	0.0	2005399	10	4.3
1527231750.02	4300	59.997877	0.0	2152483	10	4.3
1527231754.14	4300	59.749314	0.0	2289689	26	4.3
1527231758.25	4300	59.997968	0.0	2059512	23	4.3
1527231761.89	4300	59.998379	0.0	2220726	23	4.3
1527231766.0	4300	59.997804	0.0	2156729	21	4.3
1527231770.13	4300	59.99883	0.0	2039773	20	4.3
1527231774.24	4300	59.749403	0.0	2176469	24	4.3
1527231777.84	4300	59.997622	0.0	2221506	22	4.3
1527231781.95	4300	59.998211	0.0	2044075	21	4.3
1527231786.05	4300	59.749004	0.0	2186790	14	4.3
1527231790.16	4300	59.749145	0.0	2105231	23	4.3
1527231793.78	4300	59.99779	0.0	2395588	25	4.3
1527231798.39	4300	59.498701	0.0	1972048	21	4.3
1527231802.03	4300	59.997931	0.0	2134614	25	4.3
1527231806.15	4300	59.693608	0.0	2164140	25	4.3
1527231809.78	4300	59.99896	0.0	2113193	25	4.3
1527231814.38	4300	59.498039	0.0	2147852	19	4.3
1527231818.49	4300	59.497672	0.0	2191074	23	4.3
1527231822.1	4300	59.747701	0.0	2286761	22	4.3
1527231826.22	4300	59.74764	0.0	2307787	26	4.3
1527231830.34	4300	59.498565	0.0	2143948	25	4.3
1527231834.45	4300	59.498772	0.0	1919781	22	4.3
1527231838.05	4300	59.748721	0.0	2147467	15	4.3
1527231842.16	4300	59.74802	0.0	2133870	22	4.3
1527231845.77	4300	59.997699	0.0	2146120	25	4.3
1527231849.88	4300	59.999321	0.0	2108491	20	4.3
1527231854.49	4300	59.747786	0.0	2184571	23	4.3
1527231858.1	4300	59.748143	0.0	2121928	24	4.3
1527231862.21	4300	59.747747	0.0	2219102	21	4.3
1527231865.81	4300	59.998535	0.0	2124950	21	4.3
1527231869.92	4300	59.998901	0.0	2246506	19	4.3
1527231874.03	4300	59.748449	0.0	1961140	18	4.3
1527231878.12	4300	59.998713	0.0	2155012	13	4.3
1527231880.21	4300	59.428178	0.0	1433658	12	4.3

1527231880.49	750	4	0.026	2354772	6	-0.11180000000000001
1527231880.59	4300	7.958191	0.0	2123065	23	0.75
1527231880.69	4300	11.860628	0.0	2177073	24	4.3
1527231880.77	4300	15.779649	0.0	2160877	12	4.3
1527231880.85	4300	19.695413	0.0	2233056	13	4.3
1527231880.93	4300	23.624458	0.0	1941625	7	4.3
1527231881.0	4300	27.551795	0.0	2157535	8	4.3
1527231881.07	4300	31.479546	0.0	2290172	9	4.3
1527231881.17	4300	35.385534	0.0	2055469	21	4.3
1527231881.25	4300	39.303613	0.0	2169201	12	4.3
1527231881.33	4300	43.225474	0.0	2173522	12	4.3
1527231881.41	4300	47.142419	0.0	2102452	11	4.3
1527231881.5	4300	51.048098	0.0	2209463	26	4.3
1527231881.6	4300	54.952147	0.0	2275376	20	4.3
1527231881.68	4300	58.868521	0.0	2005399	14	4.3
1527231884.77	4300	59.998513	0.0	2152483	14	4.3
1527231888.89	4300	59.747838	0.0	2289689	27	4.3
1527231893.01	4300	59.748171	0.0	2059512	23	4.3
1527231896.62	4300	59.999308	0.0	2220726	25	4.3
1527231901.24	4300	59.74888	0.0	2156729	25	4.3
1527231904.85	4300	59.749571	0.0	2039773	18	4.3
1527231908.95	4300	59.749074	0.0	2176469	17	4.3
1527231912.57	4300	59.997747	0.0	2221506	25	4.3
1527231916.68	4300	59.999273	0.0	2044075	22	4.3
1527231921.3	4300	59.749451	0.0	2186790	26	4.3
1527231924.91	4300	59.747737	0.0	2105231	24	4.3
1527231929.02	4300	59.749355	0.0	2395588	24	4.3
1527231932.62	4300	59.998241	0.0	1972048	20	4.3
1527231936.7	4300	59.999437	0.0	2134614	7	4.3
1527231940.81	4300	59.749103	0.0	2164140	20	4.3
