1527221983.24	750	4	0.028	2354772	9	-0.12039999999999995
1527221983.37	4300	7.958547	0.0	2123065	25	0.75
1527221983.47	4300	11.859382	0.0	2177073	20	4.3
1527221983.56	4300	15.763016	0.0	2160877	19	4.3
1527221983.66	4300	19.671958	0.0	2233056	16	4.3
1527221983.74	4300	23.585782	0.0	1941625	14	4.3
1527221983.83	4300	27.496064	0.0	2157535	15	4.3
1527221983.93	4300	31.401698	0.0	2290172	17	4.3
1527221984.0	4300	35.323555	0.0	2055469	9	4.3
1527221984.08	4300	39.246289	0.0	2169201	10	4.3
1527221984.16	4300	43.170148	0.0	2173522	9	4.3
1527221984.23	4300	47.092039	0.0	2102452	9	4.3
1527221984.31	4300	51.016379	0.0	2209463	10	4.3
1527221984.39	4300	54.935053	0.0	2275376	10	4.3
1527221984.54	4300	58.782763	0.0	2005399	15	4.3
1527221987.67	4300	59.997684	0.0	2152483	25	4.3
1527221991.77	4300	59.998897	0.0	2289689	18	4.3
1527221995.88	4300	59.498367	0.0	2059512	19	4.3
1527221999.5	4300	59.99916	0.0	2220726	15	4.3
1527222003.61	4300	59.998748	0.0	2156729	24	4.3
1527222007.73	4300	59.749035	0.0	2039773	23	4.3
1527222011.34	4300	59.998022	0.0	2176469	23	4.3
1527222015.96	4300	59.498993	0.0	2221506	24	4.3
1527222019.57	4300	59.99852	0.0	2044075	23	4.3
1527222023.69	4300	59.748357	0.0	2186790	24	4.3
1527222027.8	4300	59.748498	0.0	2105231	22	4.3
1527222031.46	4300	59.998164	0.0	2395588	26	4.3
1527222036.07	4300	59.748162	0.0	1972048	21	4.3
1527222039.68	4300	59.747937	0.0	2134614	27	4.3
1527222043.82	4300	59.747821	0.0	2164140	15	4.3
1527222047.43	4300	59.997888	0.0	2113193	21	4.3
1527222051.55	4300	59.998581	0.0	2147852	23	4.3
1527222055.67	4300	59.748767	0.0	2191074	24	4.3
1527222059.78	4300	59.74793	0.0	2286761	22	4.3
1527222063.39	4300	59.998622	0.0	2307787	22	4.3
1527222067.5	4300	59.998613	0.0	2143948	17	4.3
1527222071.6	4300	59.999083	0.0	1919781	18	4.3
1527222075.75	4300	59.998303	0.0	2147467	22	4.3
1527222079.37	4300	59.999072	0.0	2133870	25	4.3
1527222083.98	4300	59.749191	0.0	2146120	23	4.3
1527222087.59	4300	59.748582	0.0	2108491	23	4.3
1527222091.77	4300	59.997401	0.0	2184571	21	4.3
1527222095.39	4300	59.998522	0.0	2121928	24	4.3
1527222099.5	4300	59.999144	0.0	2219102	23	4.3
1527222103.61	4300	59.998393	0.0	2124950	22	4.3
1527222107.74	4300	59.748465	0.0	2246506	21	4.3
1527222111.85	4300	59.493494	0.0	1961140	23	4.3
1527222115.46	4300	59.998746	0.0	2155012	25	4.3
1527222117.56	4300	59.679181	0.0	1433658	17	4.3

1527222117.92	750	4	0.02	668286	3	-0.08599999999999997
1527222118.03	4300	7.954496	0.0	2123065	17	0.75
1527222118.14	4300	11.847157	0.0	2177073	25	4.3
1527222118.22	4300	15.759654	0.0	2160877	16	4.3
1527222118.31	4300	19.670667	0.0	2233056	17	4.3
1527222118.38	4300	23.595538	0.0	1941625	8	4.3
1527222118.46	4300	27.522668	0.0	2157535	8	4.3
1527222118.54	4300	31.445588	0.0	2290172	10	4.3
1527222118.61	4300	35.371125	0.0	2055469	9	4.3
1527222118.68	4300	39.297249	0.0	2169201	9	4.3
1527222118.76	4300	43.224272	0.0	2173522	9	4.3
1527222118.83	4300	47.150939	0.0	2102452	8	4.3
1527222118.9	4300	51.077403	0.0	2209463	9	4.3
1527222118.98	4300	55.003694	0.0	2275376	9	4.3
1527222119.08	4300	58.898953	0.0	2005399	23	4.3
1527222122.17	4300	59.997852	0.0	2152483	12	4.3
1527222126.29	4300	59.99884	0.0	2289689	28	4.3
1527222130.4	4300	59.998771	0.0	2059512	21	4.3
1527222134.52	4300	59.498556	0.0	2220726	21	4.3
1527222138.12	4300	59.999171	0.0	2156729	20	4.3
1527222142.24	4300	59.748902	0.0	2039773	24	4.3
1527222146.35	4300	59.747922	0.0	2176469	24	4.3
1527222150.47	4300	59.748098	0.0	2221506	24	4.3
1527222154.57	4300	59.497791	0.0	2044075	22	4.3
1527222158.18	4300	59.998702	0.0	2186790	25	4.3
1527222162.29	4300	59.999129	0.0	2105231	20	4.3
1527222166.4	4300	59.998186	0.0	2395588	24	4.3
1527222170.5	4300	59.748635	0.0	1972048	13	4.3
1527222174.11	4300	59.998311	0.0	2134614	23	4.3
1527222178.23	4300	59.997909	0.0	2164140	23	4.3
1527222182.33	4300	59.74784	0.0	2113193	19	4.3
1527222186.44	4300	59.747725	0.0	2147852	21	4.3
1527222190.05	4300	59.998627	0.0	2191074	22	4.3
1527222194.67	4300	59.747941	0.0	2286761	25	4.3
1527222198.29	4300	59.748549	0.0	2307787	25	4.3
1527222202.41	4300	59.747972	0.0	2143948	22	4.3
1527222206.01	4300	59.999263	0.0	1919781	20	4.3
1527222210.24	4300	59.99846	0.0	2147467	25	4.3
1527222214.36	4300	59.747162	0.0	2133870	26	4.3
1527222218.47	4300	59.748593	0.0	2146120	23	4.3
1527222222.08	4300	59.997688	0.0	2108491	23	4.3
1527222226.71	4300	59.748363	0.0	2184571	22	4.3
1527222230.31	4300	59.748892	0.0	2121928	21	4.3
1527222234.43	4300	59.748501	0.0	2219102	20	4.3
1527222238.55	4300	59.748805	0.0	2124950	22	4.3
1527222242.16	4300	59.999255	0.0	2246506	24	4.3
1527222246.26	4300	59.747449	0.0	1961140	17	4.3
1527222250.37	4300	59.747262	0.0	2155012	22	4.3
1527222252.47	4300	59.67842	0.0	1433658	16	4.3

1527222252.76	750	4	0.019	668286	4	-0.0817
1527222252.84	4300	7.980443	0.0	2123065	7	0.75
1527222252.95	4300	11.872832	0.0	2177073	25	4.3
1527222253.05	4300	15.772513	0.0	2160877	24	4.3
1527222253.13	4300	19.688431	0.0	2233056	15	4.3
1527222253.22	4300	23.600737	0.0	1941625	16	4.3
1527222253.3	4300	27.521663	0.0	2157535	11	4.3
1527222253.38	4300	31.43827	0.0	2290172	12	4.3
1527222253.46	4300	35.359457	0.0	2055469	11	4.3
1527222253.54	4300	39.279649	0.0	2169201	10	4.3
1527222253.62	4300	43.201084	0.0	2173522	11	4.3
1527222253.7	4300	47.122484	0.0	2102452	11	4.3
1527222253.78	4300	51.042439	0.0	2209463	11	4.3
1527222253.86	4300	54.960741	0.0	2275376	12	4.3
1527222253.95	4300	58.870222	0.0	2005399	19	4.3
1527222257.04	4300	59.999495	0.0	2152483	11	4.3
1527222261.15	4300	59.749713	0.0	2289689	20	4.3
1527222265.27	4300	59.748672	0.0	2059512	22	4.3
1527222268.89	4300	59.999101	0.0	2220726	25	4.3
1527222273.0	4300	59.998961	0.0	2156729	21	4.3
1527222277.1	4300	59.748916	0.0	2039773	19	4.3
1527222281.21	4300	59.748753	0.0	2176469	22	4.3
