1527165301.57	750	4	0.028	2354772	9	-0.12039999999999995
1527165301.74	4300	7.969728	0.0	2123065	17	0.75
1527165301.89	4300	11.796473	0.0	2177073	22	4.3
1527165302.02	4300	15.665996	0.0	2160877	13	4.3
1527165302.15	4300	19.537273	0.0	2233056	13	4.3
1527165302.28	4300	23.40982	0.0	1941625	11	4.3
1527165302.4	4300	27.280206	0.0	2157535	13	4.3
1527165302.53	4300	31.151368	0.0	2290172	13	4.3
1527165302.66	4300	35.027078	0.0	2055469	10	4.3
1527165302.79	4300	38.89383	0.0	2169201	12	4.3
1527165303.09	4300	42.740961	0.0	2173522	12	4.3
1527165303.24	4300	46.447808	0.0	2102452	22	4.3
1527165303.38	4300	50.315237	0.0	2209463	15	4.3
1527165303.52	4300	54.165163	0.0	2275376	14	4.3
1527165303.66	4300	58.02195	0.0	2005399	5	4.3
1527165306.29	4300	59.748595	0.0	2152483	8	4.3
1527165309.94	4300	59.998564	0.0	2289689	16	4.3
1527165314.12	4300	59.998598	0.0	2059512	18	4.3
1527165317.79	4300	59.998788	0.0	2220726	25	4.3
1527165321.95	4300	59.748069	0.0	2156729	25	4.3
1527165326.11	4300	59.749925	0.0	2039773	24	4.3
1527165330.26	4300	59.499606	0.0	2176469	20	4.3
1527165334.43	4300	59.498836	0.0	2221506	26	4.3
1527165338.09	4300	59.749539	0.0	2044075	24	4.3
1527165342.25	4300	59.749665	0.0	2186790	26	4.3
1527165346.39	4300	59.747843	0.0	2105231	14	4.3
1527165350.06	4300	59.749412	0.0	2395588	27	4.3
1527165354.23	4300	59.499003	0.0	1972048	24	4.3
1527165358.39	4300	59.749272	0.0	2134614	24	4.3
1527165362.05	4300	59.748398	0.0	2164140	20	4.3
1527165365.7	4300	59.999384	0.0	2113193	19	4.3
1527165369.86	4300	59.998311	0.0	2147852	23	4.3
1527165374.02	4300	59.749002	0.0	2191074	26	4.3
1527165378.15	4300	59.7491	0.0	2286761	7	4.3
1527165381.83	4300	59.999073	0.0	2307787	26	4.3
1527165386.0	4300	59.997927	0.0	2143948	26	4.3
1527165390.14	4300	59.998221	0.0	1919781	12	4.3
1527165393.76	4300	59.999401	0.0	2147467	7	4.3
1527165397.95	4300	59.99944	0.0	2133870	13	4.3
1527165402.17	4300	59.999459	0.0	2146120	26	4.3
1527165406.4	4300	59.498998	0.0	2108491	15	4.3
1527165410.07	4300	59.998974	0.0	2184571	24	4.3
1527165413.76	4300	59.999169	0.0	2121928	24	4.3
1527165417.93	4300	59.999185	0.0	2219102	31	4.3
1527165422.07	4300	59.999246	0.0	2124950	11	4.3
1527165426.23	4300	59.498743	0.0	2246506	23	4.3
1527165429.85	4300	59.998703	0.0	1961140	13	4.3
1527165433.99	4300	59.74869	0.0	2155012	25	4.3
1527165436.09	4300	59.679204	0.0	1433658	8	4.3

1527165436.36	750	4	0.018	668286	3	-0.07740000000000002
1527165436.5	4300	7.965462	0.0	2123065	14	0.75
1527165436.64	4300	11.827384	0.0	2177073	18	4.3
1527165436.76	4300	15.703301	0.0	2160877	8	4.3
1527165436.88	4300	19.582239	0.0	2233056	10	4.3
1527165437.0	4300	23.463963	0.0	1941625	10	4.3
1527165437.12	4300	27.343131	0.0	2157535	11	4.3
1527165437.25	4300	31.22017	0.0	2290172	10	4.3
1527165437.37	4300	35.101015	0.0	2055469	8	4.3
1527165437.49	4300	38.976036	0.0	2169201	10	4.3
1527165437.61	4300	42.85419	0.0	2173522	10	4.3
1527165437.73	4300	46.733243	0.0	2102452	9	4.3
1527165437.85	4300	50.612753	0.0	2209463	10	4.3
1527165437.98	4300	54.487617	0.0	2275376	12	4.3
1527165438.1	4300	58.369296	0.0	2005399	6	4.3
1527165440.72	4300	59.749392	0.0	2152483	8	4.3
1527165444.88	4300	59.749768	0.0	2289689	25	4.3
1527165448.53	4300	59.999136	0.0	2059512	17	4.3
1527165452.69	4300	59.998312	0.0	2220726	24	4.3
1527165456.85	4300	59.998798	0.0	2156729	27	4.3
1527165461.0	4300	59.748518	0.0	2039773	18	4.3
1527165465.17	4300	59.747965	0.0	2176469	23	4.3
1527165468.82	4300	59.747886	0.0	2221506	20	4.3
1527165472.97	4300	59.747878	0.0	2044075	19	4.3
1527165476.63	4300	59.998908	0.0	2186790	27	4.3
1527165480.79	4300	59.74925	0.0	2105231	24	4.3
1527165485.04	4300	59.749216	0.0	2395588	17	4.3
1527165489.21	4300	59.49885	0.0	1972048	20	4.3
1527165492.87	4300	59.748261	0.0	2134614	23	4.3
1527165496.52	4300	59.999078	0.0	2164140	25	4.3
1527165500.68	4300	59.999235	0.0	2113193	24	4.3
1527165504.84	4300	59.998739	0.0	2147852	21	4.3
1527165508.49	4300	59.999244	0.0	2191074	25	4.3
1527165513.12	4300	59.749207	0.0	2286761	11	4.3
1527165516.76	4300	59.998062	0.0	2307787	13	4.3
1527165520.94	4300	59.748369	0.0	2143948	25	4.3
1527165524.63	4300	59.999379	0.0	1919781	22	4.3
1527165528.76	4300	59.747683	0.0	2147467	7	4.3
1527165532.93	4300	59.74902	0.0	2133870	21	4.3
1527165536.56	4300	59.999226	0.0	2146120	10	4.3
1527165540.71	4300	59.999249	0.0	2108491	20	4.3
1527165544.87	4300	59.749413	0.0	2184571	24	4.3
1527165548.51	4300	59.997552	0.0	2121928	12	4.3
1527165552.68	4300	59.999167	0.0	2219102	27	4.3
1527165556.91	4300	59.748399	0.0	2124950	16	4.3
1527165560.61	4300	59.99777	0.0	2246506	26	4.3
1527165564.78	4300	59.748601	0.0	1961140	7	4.3
1527165568.92	4300	59.749123	0.0	2155012	23	4.3
1527165570.54	4300	59.678995	0.0	1433658	17	4.3

1527165570.84	750	4	0.019	668286	3	-0.0817
1527165570.96	4300	7.975542	0.0	2123065	7	0.75
1527165571.08	4300	11.859296	0.0	2177073	7	4.3
1527165571.2	4300	15.739802	0.0	2160877	10	4.3
1527165571.31	4300	19.623831	0.0	2233056	7	4.3
1527165571.43	4300	23.510407	0.0	1941625	7	4.3
1527165571.55	4300	27.391001	0.0	2157535	8	4.3
1527165571.66	4300	31.274064	0.0	2290172	7	4.3
1527165571.78	4300	35.160627	0.0	2055469	6	4.3
1527165571.92	4300	39.01735	0.0	2169201	20	4.3
1527165572.05	4300	42.887035	0.0	2173522	13	4.3
1527165572.43	4300	46.76026	0.0	2102452	12	4.3
1527165572.58	4300	50.359874	0.0	2209463	25	4.3
1527165572.71	4300	54.231988	0.0	2275376	13	4.3
1527165572.84	4300	58.100357	0.0	2005399	14	4.3
1527165575.47	4300	59.497832	0.0	2152483	7	4.3
1527165579.13	4300	59.9992	0.0	2289689	22	4.3
1527165583.28	4300	59.99815	0.0	2059512	17	4.3
1527165587.45	4300	59.747991	0.0	2220726	22	4.3
1527165591.61	4300	59.497977	0.0	2156729	24	4.3
1527165595.26	4300	59.749215	0.0	2039773	19	4.3
1527165599.45	4300	59.498928	0.0	2176469	25	4.3
1527165603.6	4300	59.49905	0.0	2221506	19	4.3
1527165607.26	4300	59.749202	0.0	2044075	24	4.3
1527165611.42	4300	59.998912	0.0	2186790	27	4.3
1527165615.08	4300	59.999023	0.0	2105231	24	4.3
1527165619.25	4300	59.998765	0.0	2395588	29	4.3
1527165623.4	4300	59.747908	0.0	1972048	16	4.3
1527165627.06	4300	59.999307	0.0	2134614	23	4.3
1527165631.22	4300	59.747582	0.0	2164140	23	4.3
1527165635.38	4300	59.748194	0.0	2113193	24	4.3
1527165639.06	4300	59.99884	0.0	2147852	19	4.3
1527165643.23	4300	59.748419	0.0	2191074	25	4.3
1527165647.37	4300	59.749073	0.0	2286761	10	4.3
