1527159556.88	750	4	0.028	2354772	7	-0.12039999999999995
1527159557.04	4300	7.958876	0.0	2123065	23	0.75
1527159557.16	4300	11.829595	0.0	2177073	11	4.3
1527159557.3	4300	15.696873	0.0	2160877	15	4.3
1527159557.42	4300	19.577723	0.0	2233056	8	4.3
1527159557.53	4300	23.458784	0.0	1941625	8	4.3
1527159557.65	4300	27.339903	0.0	2157535	8	4.3
1527159557.77	4300	31.218593	0.0	2290172	8	4.3
1527159557.89	4300	35.100219	0.0	2055469	7	4.3
1527159558.03	4300	38.965926	0.0	2169201	8	4.3
1527159558.15	4300	42.847982	0.0	2173522	8	4.3
1527159558.26	4300	46.728877	0.0	2102452	7	4.3
1527159558.44	4300	50.582903	0.0	2209463	20	4.3
1527159558.58	4300	54.418075	0.0	2275376	11	4.3
1527159558.71	4300	58.285242	0.0	2005399	17	4.3
1527159561.4	4300	59.998196	0.0	2152483	7	4.3
1527159565.59	4300	59.49865	0.0	2289689	20	4.3
1527159569.34	4300	59.998355	0.0	2059512	25	4.3
1527159573.55	4300	59.499557	0.0	2220726	25	4.3
1527159577.19	4300	59.999077	0.0	2156729	11	4.3
1527159581.33	4300	59.99854	0.0	2039773	13	4.3
1527159585.0	4300	59.998622	0.0	2176469	25	4.3
1527159589.66	4300	59.498218	0.0	2221506	25	4.3
1527159593.31	4300	59.998633	0.0	2044075	19	4.3
1527159597.45	4300	59.997385	0.0	2186790	8	4.3
1527159601.61	4300	59.498458	0.0	2105231	23	4.3
1527159605.28	4300	59.749275	0.0	2395588	28	4.3
1527159609.44	4300	59.74758	0.0	1972048	22	4.3
1527159613.08	4300	59.998578	0.0	2134614	13	4.3
1527159617.24	4300	59.997974	0.0	2164140	22	4.3
1527159621.39	4300	59.74924	0.0	2113193	15	4.3
1527159625.05	4300	59.99775	0.0	2147852	22	4.3
1527159629.69	4300	59.498908	0.0	2191074	12	4.3
1527159633.36	4300	59.747911	0.0	2286761	28	4.3
1527159637.08	4300	59.998434	0.0	2307787	22	4.3
1527159641.74	4300	59.749008	0.0	2143948	23	4.3
1527159645.39	4300	59.749076	0.0	1919781	18	4.3
1527159649.55	4300	59.498617	0.0	2147467	22	4.3
1527159653.71	4300	59.74884	0.0	2133870	20	4.3
1527159657.36	4300	59.748877	0.0	2146120	19	4.3
1527159661.13	4300	59.999155	0.0	2108491	15	4.3
1527159665.3	4300	59.997792	0.0	2184571	26	4.3
1527159669.47	4300	59.748993	0.0	2121928	26	4.3
1527159673.12	4300	59.999226	0.0	2219102	20	4.3
1527159677.28	4300	59.749038	0.0	2124950	22	4.3
1527159681.44	4300	59.748621	0.0	2246506	25	4.3
1527159685.06	4300	59.998341	0.0	1961140	14	4.3
1527159689.21	4300	59.999205	0.0	2155012	23	4.3
1527159691.34	4300	59.6784	0.0	1433658	18	4.3

1527159691.62	750	4	0.019	668286	4	-0.0817
1527159691.75	4300	7.975912	0.0	2123065	7	0.75
1527159691.86	4300	11.858516	0.0	2177073	8	4.3
1527159691.98	4300	15.741305	0.0	2160877	8	4.3
1527159692.1	4300	19.625725	0.0	2233056	7	4.3
1527159692.24	4300	23.487854	0.0	1941625	16	4.3
1527159692.39	4300	27.338778	0.0	2157535	12	4.3
1527159692.51	4300	31.209428	0.0	2290172	12	4.3
1527159692.64	4300	35.080124	0.0	2055469	11	4.3
1527159692.76	4300	38.959361	0.0	2169201	12	4.3
1527159692.88	4300	42.840688	0.0	2173522	8	4.3
1527159693.0	4300	46.724364	0.0	2102452	7	4.3
1527159693.11	4300	50.607792	0.0	2209463	8	4.3
1527159693.24	4300	54.483486	0.0	2275376	12	4.3
1527159693.38	4300	58.343155	0.0	2005399	7	4.3
1527159696.01	4300	59.749034	0.0	2152483	7	4.3
1527159700.17	4300	59.74806	0.0	2289689	23	4.3
1527159703.83	4300	59.998713	0.0	2059512	22	4.3
1527159708.0	4300	59.999239	0.0	2220726	25	4.3
1527159712.16	4300	59.999202	0.0	2156729	24	4.3
1527159715.81	4300	59.997834	0.0	2039773	17	4.3
1527159719.97	4300	59.999234	0.0	2176469	21	4.3
1527159724.13	4300	59.749359	0.0	2221506	24	4.3
1527159727.78	4300	59.997886	0.0	2044075	19	4.3
1527159732.72	4300	59.748549	0.0	2186790	8	4.3
1527159736.39	4300	59.49859	0.0	2105231	12	4.3
1527159740.05	4300	59.998866	0.0	2395588	25	4.3
1527159744.2	4300	59.748713	0.0	1972048	22	4.3
1527159747.84	4300	59.998381	0.0	2134614	12	4.3
1527159751.98	4300	59.74821	0.0	2164140	13	4.3
1527159756.15	4300	59.749112	0.0	2113193	24	4.3
1527159759.81	4300	59.998377	0.0	2147852	25	4.3
1527159764.48	4300	59.749007	0.0	2191074	26	4.3
1527159768.14	4300	59.749423	0.0	2286761	20	4.3
1527159771.84	4300	59.998081	0.0	2307787	11	4.3
1527159775.99	4300	59.998406	0.0	2143948	11	4.3
1527159780.17	4300	59.748468	0.0	1919781	13	4.3
1527159784.32	4300	59.749164	0.0	2147467	15	4.3
1527159787.98	4300	59.74849	0.0	2133870	24	4.3
1527159792.12	4300	59.998971	0.0	2146120	14	4.3
1527159796.29	4300	59.748719	0.0	2108491	23	4.3
1527159799.95	4300	59.998327	0.0	2184571	25	4.3
1527159804.11	4300	59.748419	0.0	2121928	25	4.3
1527159808.28	4300	59.499146	0.0	2219102	26	4.3
1527159812.44	4300	59.498226	0.0	2124950	23	4.3
1527159816.09	4300	59.997692	0.0	2246506	26	4.3
1527159820.22	4300	59.998718	0.0	1961140	14	4.3
1527159824.34	4300	59.498472	0.0	2155012	14	4.3
1527159826.04	4300	59.679295	0.0	1433658	14	4.3

1527159826.42	750	4	0.017	668286	4	-0.07309999999999994
1527159826.58	4300	7.957412	0.0	2123065	15	0.75
1527159826.7	4300	11.836324	0.0	2177073	8	4.3
1527159826.82	4300	15.714556	0.0	2160877	8	4.3
1527159826.94	4300	19.595559	0.0	2233056	10	4.3
1527159827.05	4300	23.479562	0.0	1941625	8	4.3
1527159827.17	4300	27.361751	0.0	2157535	9	4.3
1527159827.31	4300	31.226511	0.0	2290172	23	4.3
1527159827.44	4300	35.089603	0.0	2055469	17	4.3
1527159827.58	4300	38.955819	0.0	2169201	16	4.3
1527159827.73	4300	42.806789	0.0	2173522	21	4.3
1527159827.86	4300	46.67937	0.0	2102452	11	4.3
1527159827.98	4300	50.550339	0.0	2209463	10	4.3
1527159828.14	4300	54.406106	0.0	2275376	12	4.3
1527159828.27	4300	58.262954	0.0	2005399	19	4.3
1527159830.9	4300	59.998125	0.0	2152483	7	4.3
1527159834.54	4300	59.9985	0.0	2289689	13	4.3
1527159838.7	4300	59.999323	0.0	2059512	23	4.3
1527159842.86	4300	59.748122	0.0	2220726	19	4.3
1527159847.02	4300	59.998012	0.0	2156729	24	4.3
1527159850.68	4300	59.998851	0.0	2039773	25	4.3
