1527169219.5	750	4	0.03	2354772	11	-0.129
1527169219.63	4300	7.9598	0.0	2123065	24	0.75
1527169219.73	4300	11.854431	0.0	2177073	20	4.3
1527169219.81	4300	15.773426	0.0	2160877	12	4.3
1527169219.9	4300	19.684528	0.0	2233056	14	4.3
1527169219.97	4300	23.610425	0.0	1941625	8	4.3
1527169220.05	4300	27.53699	0.0	2157535	9	4.3
1527169220.12	4300	31.460444	0.0	2290172	8	4.3
1527169220.19	4300	35.390069	0.0	2055469	6	4.3
1527169220.27	4300	39.318616	0.0	2169201	7	4.3
1527169220.34	4300	43.244371	0.0	2173522	7	4.3
1527169220.41	4300	47.172458	0.0	2102452	8	4.3
1527169220.49	4300	51.099673	0.0	2209463	7	4.3
1527169220.59	4300	54.996501	0.0	2275376	20	4.3
1527169220.67	4300	58.912685	0.0	2005399	8	4.3
1527169224.28	4300	59.498975	0.0	2152483	24	4.3
1527169227.89	4300	59.998119	0.0	2289689	20	4.3
1527169231.98	4300	59.99891	0.0	2059512	12	4.3
1527169236.09	4300	59.498186	0.0	2220726	26	4.3
1527169240.2	4300	59.498916	0.0	2156729	22	4.3
1527169243.8	4300	59.997813	0.0	2039773	14	4.3
1527169247.91	4300	59.998476	0.0	2176469	24	4.3
1527169252.03	4300	59.997789	0.0	2221506	22	4.3
1527169255.64	4300	59.998188	0.0	2044075	19	4.3
1527169260.26	4300	59.74796	0.0	2186790	23	4.3
1527169263.88	4300	59.747674	0.0	2105231	24	4.3
1527169267.99	4300	59.997445	0.0	2395588	15	4.3
1527169272.1	4300	59.748703	0.0	1972048	16	4.3
1527169275.69	4300	59.998328	0.0	2134614	7	4.3
1527169279.8	4300	59.869707	0.0	2164140	26	4.3
1527169283.91	4300	59.748872	0.0	2113193	22	4.3
1527169288.02	4300	59.747673	0.0	2147852	22	4.3
1527169291.64	4300	59.99869	0.0	2191074	22	4.3
1527169296.25	4300	59.747848	0.0	2286761	19	4.3
1527169299.85	4300	59.747734	0.0	2307787	15	4.3
1527169303.96	4300	59.998816	0.0	2143948	21	4.3
1527169308.25	4300	59.749067	0.0	1919781	19	4.3
1527169311.86	4300	59.747505	0.0	2147467	20	4.3
1527169315.98	4300	59.748428	0.0	2133870	27	4.3
1527169320.09	4300	59.749435	0.0	2146120	25	4.3
1527169324.19	4300	59.747801	0.0	2108491	12	4.3
1527169327.81	4300	59.99942	0.0	2184571	26	4.3
1527169331.92	4300	59.998898	0.0	2121928	19	4.3
1527169336.03	4300	59.998246	0.0	2219102	21	4.3
1527169340.13	4300	59.464813	0.0	2124950	23	4.3
1527169344.25	4300	59.49882	0.0	2246506	22	4.3
1527169347.85	4300	59.747593	0.0	1961140	21	4.3
1527169351.97	4300	59.748328	0.0	2155012	23	4.3
1527169353.57	4300	59.928143	0.0	1433658	17	4.3

1527169353.86	750	4	0.016	668286	4	-0.06879999999999997
1527169353.93	4300	7.979639	0.0	2123065	8	0.75
1527169354.03	4300	11.882442	0.0	2177073	24	4.3
1527169354.12	4300	15.795914	0.0	2160877	15	4.3
1527169354.21	4300	19.708931	0.0	2233056	15	4.3
1527169354.28	4300	23.639641	0.0	1941625	7	4.3
1527169354.35	4300	27.565813	0.0	2157535	7	4.3
1527169354.42	4300	31.494353	0.0	2290172	8	4.3
1527169354.49	4300	35.424033	0.0	2055469	7	4.3
1527169354.56	4300	39.35193	0.0	2169201	7	4.3
1527169354.63	4300	43.280455	0.0	2173522	8	4.3
1527169354.7	4300	47.210343	0.0	2102452	7	4.3
1527169354.77	4300	51.140577	0.0	2209463	7	4.3
1527169354.85	4300	55.068356	0.0	2275376	7	4.3
1527169354.93	4300	58.989909	0.0	2005399	16	4.3
1527169358.02	4300	59.999052	0.0	2152483	18	4.3
1527169362.62	4300	59.498669	0.0	2289689	16	4.3
1527169366.24	4300	59.99822	0.0	2059512	25	4.3
1527169370.35	4300	59.998995	0.0	2220726	22	4.3
1527169374.47	4300	59.499293	0.0	2156729	19	4.3
1527169378.59	4300	59.747868	0.0	2039773	23	4.3
1527169382.22	4300	59.749259	0.0	2176469	26	4.3
1527169386.37	4300	59.748144	0.0	2221506	27	4.3
1527169390.04	4300	59.99799	0.0	2044075	23	4.3
1527169394.17	4300	59.997966	0.0	2186790	25	4.3
1527169398.28	4300	59.748011	0.0	2105231	20	4.3
1527169402.39	4300	59.748181	0.0	2395588	23	4.3
1527169406.5	4300	59.748243	0.0	1972048	18	4.3
1527169410.08	4300	59.998601	0.0	2134614	7	4.3
1527169414.19	4300	59.748705	0.0	2164140	17	4.3
1527169418.29	4300	59.74777	0.0	2113193	18	4.3
1527169422.41	4300	59.747785	0.0	2147852	20	4.3
1527169426.01	4300	59.997287	0.0	2191074	18	4.3
1527169430.13	4300	59.999359	0.0	2286761	26	4.3
1527169434.25	4300	59.748466	0.0	2307787	25	4.3
1527169438.42	4300	59.997905	0.0	2143948	22	4.3
1527169442.53	4300	59.497623	0.0	1919781	21	4.3
1527169446.64	4300	59.498704	0.0	2147467	20	4.3
1527169450.24	4300	59.747451	0.0	2133870	13	4.3
1527169454.35	4300	59.99811	0.0	2146120	25	4.3
1527169458.46	4300	59.748539	0.0	2108491	23	4.3
1527169462.08	4300	59.997946	0.0	2184571	20	4.3
1527169466.19	4300	59.74774	0.0	2121928	25	4.3
1527169470.31	4300	59.748659	0.0	2219102	24	4.3
1527169474.43	4300	59.49682	0.0	2124950	18	4.3
1527169478.05	4300	59.998094	0.0	2246506	29	4.3
1527169482.16	4300	59.997562	0.0	1961140	20	4.3
1527169486.36	4300	59.749165	0.0	2155012	16	4.3
1527169487.96	4300	59.677376	0.0	1433658	16	4.3

1527169488.24	750	4	0.016	668286	4	-0.06879999999999997
1527169488.31	4300	7.980647	0.0	2123065	8	0.75
1527169488.38	4300	11.910191	0.0	2177073	7	4.3
1527169488.45	4300	15.839948	0.0	2160877	8	4.3
1527169488.52	4300	19.768384	0.0	2233056	7	4.3
1527169488.6	4300	23.69717	0.0	1941625	6	4.3
1527169488.67	4300	27.627072	0.0	2157535	8	4.3
1527169488.74	4300	31.555151	0.0	2290172	8	4.3
1527169488.81	4300	35.482457	0.0	2055469	7	4.3
1527169488.88	4300	39.411935	0.0	2169201	8	4.3
1527169488.95	4300	43.340421	0.0	2173522	8	4.3
1527169489.02	4300	47.270859	0.0	2102452	7	4.3
1527169489.09	4300	51.200129	0.0	2209463	7	4.3
1527169489.16	4300	55.129488	0.0	2275376	7	4.3
1527169489.24	4300	59.050893	0.0	2005399	14	4.3
1527169492.33	4300	59.998533	0.0	2152483	7	4.3
1527169496.95	4300	59.749587	0.0	2289689	22	4.3
1527169500.56	4300	59.998144	0.0	2059512	21	4.3
1527169504.67	4300	59.74865	0.0	2220726	14	4.3
1527169508.78	4300	59.748717	0.0	2156729	19	4.3
1527169512.38	4300	59.997966	0.0	2039773	17	4.3
