1527180842.49	750	4	0.031	2354772	8	-0.13329999999999997
1527180842.59	4300	7.985062	0.0	2123065	7	0.75
1527180842.66	4300	11.913126	0.0	2177073	8	4.3
1527180842.76	4300	15.813315	0.0	2160877	22	4.3
1527180842.84	4300	19.732441	0.0	2233056	14	4.3
1527180842.92	4300	23.657049	0.0	1941625	9	4.3
1527180843.0	4300	27.58006	0.0	2157535	9	4.3
1527180843.07	4300	31.500792	0.0	2290172	11	4.3
1527180843.15	4300	35.423813	0.0	2055469	9	4.3
1527180843.23	4300	39.347237	0.0	2169201	9	4.3
1527180843.3	4300	43.271138	0.0	2173522	11	4.3
1527180843.38	4300	47.192906	0.0	2102452	9	4.3
1527180843.46	4300	51.114728	0.0	2209463	11	4.3
1527180843.54	4300	55.038502	0.0	2275376	7	4.3
1527180843.61	4300	58.963238	0.0	2005399	6	4.3
1527180847.31	4300	59.749069	0.0	2152483	7	4.3
1527180850.92	4300	59.748214	0.0	2289689	25	4.3
1527180855.03	4300	59.999203	0.0	2059512	19	4.3
1527180859.14	4300	59.49907	0.0	2220726	19	4.3
1527180862.75	4300	59.998081	0.0	2156729	20	4.3
1527180866.87	4300	59.997679	0.0	2039773	23	4.3
1527180870.98	4300	59.998154	0.0	2176469	24	4.3
1527180874.59	4300	59.997772	0.0	2221506	25	4.3
1527180878.7	4300	59.999255	0.0	2044075	18	4.3
1527180882.79	4300	59.99863	0.0	2186790	13	4.3
1527180886.95	4300	59.999067	0.0	2105231	12	4.3
1527180891.08	4300	59.749114	0.0	2395588	28	4.3
1527180894.69	4300	59.99874	0.0	1972048	22	4.3
1527180898.78	4300	59.998305	0.0	2134614	11	4.3
1527180902.9	4300	59.74921	0.0	2164140	24	4.3
1527180907.01	4300	59.74921	0.0	2113193	24	4.3
1527180910.62	4300	59.998533	0.0	2147852	26	4.3
1527180915.22	4300	59.74929	0.0	2191074	14	4.3
1527180918.84	4300	59.749479	0.0	2286761	26	4.3
1527180922.93	4300	59.749272	0.0	2307787	15	4.3
1527180927.03	4300	59.998727	0.0	2143948	12	4.3
1527180931.13	4300	59.749174	0.0	1919781	11	4.3
1527180935.23	4300	59.498627	0.0	2147467	12	4.3
1527180938.85	4300	59.998275	0.0	2133870	24	4.3
1527180942.96	4300	59.748951	0.0	2146120	21	4.3
1527180947.07	4300	59.748717	0.0	2108491	16	4.3
1527180950.68	4300	59.998912	0.0	2184571	21	4.3
1527180954.8	4300	59.998794	0.0	2121928	23	4.3
1527180958.9	4300	59.748011	0.0	2219102	16	4.3
1527180963.02	4300	59.748386	0.0	2124950	26	4.3
1527180967.12	4300	59.49901	0.0	2246506	17	4.3
1527180970.74	4300	59.998333	0.0	1961140	23	4.3
1527180974.85	4300	59.749314	0.0	2155012	21	4.3
1527180976.45	4300	59.928965	0.0	1433658	16	4.3

1527180976.73	750	4	0.021	668286	3	-0.09030000000000005
1527180976.81	4300	7.978838	0.0	2123065	7	0.75
1527180976.88	4300	11.907556	0.0	2177073	8	4.3
1527180976.95	4300	15.837589	0.0	2160877	8	4.3
1527180977.04	4300	19.740948	0.0	2233056	20	4.3
1527180977.12	4300	23.663116	0.0	1941625	11	4.3
1527180977.2	4300	27.586047	0.0	2157535	12	4.3
1527180977.28	4300	31.504046	0.0	2290172	12	4.3
1527180977.36	4300	35.421888	0.0	2055469	10	4.3
1527180977.44	4300	39.341685	0.0	2169201	11	4.3
1527180977.52	4300	43.263451	0.0	2173522	12	4.3
1527180977.6	4300	47.185084	0.0	2102452	11	4.3
1527180977.68	4300	51.105675	0.0	2209463	11	4.3
1527180977.76	4300	55.025669	0.0	2275376	10	4.3
1527180977.87	4300	58.917779	0.0	2005399	29	4.3
1527180980.97	4300	59.997963	0.0	2152483	16	4.3
1527180985.06	4300	59.749086	0.0	2289689	14	4.3
1527180989.15	4300	59.749252	0.0	2059512	13	4.3
1527180993.26	4300	59.999284	0.0	2220726	25	4.3
1527180997.37	4300	59.499012	0.0	2156729	25	4.3
1527181000.98	4300	59.997761	0.0	2039773	22	4.3
1527181005.09	4300	59.999006	0.0	2176469	20	4.3
1527181009.18	4300	59.998026	0.0	2221506	14	4.3
1527181012.8	4300	59.998048	0.0	2044075	23	4.3
1527181016.89	4300	59.99803	0.0	2186790	15	4.3
1527181020.99	4300	59.998181	0.0	2105231	13	4.3
1527181025.13	4300	59.998744	0.0	2395588	16	4.3
1527181029.22	4300	59.749029	0.0	1972048	11	4.3
1527181032.82	4300	59.99826	0.0	2134614	13	4.3
1527181036.92	4300	59.9988	0.0	2164140	14	4.3
1527181041.03	4300	59.998338	0.0	2113193	19	4.3
1527181045.14	4300	59.999376	0.0	2147852	23	4.3
1527181049.25	4300	59.998734	0.0	2191074	22	4.3
1527181052.86	4300	59.998256	0.0	2286761	20	4.3
1527181056.95	4300	59.998879	0.0	2307787	13	4.3
1527181061.06	4300	59.749029	0.0	2143948	23	4.3
1527181065.18	4300	59.747876	0.0	1919781	22	4.3
1527181069.29	4300	59.749002	0.0	2147467	23	4.3
1527181072.96	4300	59.998715	0.0	2133870	20	4.3
1527181077.05	4300	59.748632	0.0	2146120	12	4.3
1527181081.16	4300	59.749339	0.0	2108491	24	4.3
1527181085.27	4300	59.748877	0.0	2184571	16	4.3
1527181089.38	4300	59.499131	0.0	2121928	24	4.3
1527181093.0	4300	59.998013	0.0	2219102	23	4.3
1527181097.09	4300	59.99856	0.0	2124950	13	4.3
1527181101.2	4300	59.998336	0.0	2246506	16	4.3
1527181105.29	4300	59.495771	0.0	1961140	14	4.3
