1527289112.8	750	4	0.026	2354772	7	-0.11180000000000001
1527289112.94	4300	7.967041	0.0	2123065	18	0.75
1527289113.09	4300	11.821162	0.0	2177073	24	4.3
1527289113.26	4300	15.657389	0.0	2160877	22	4.3
1527289113.38	4300	19.527502	0.0	2233056	13	4.3
1527289113.51	4300	23.398435	0.0	1941625	13	4.3
1527289113.65	4300	27.264712	0.0	2157535	14	4.3
1527289113.77	4300	31.143471	0.0	2290172	9	4.3
1527289113.89	4300	35.024307	0.0	2055469	8	4.3
1527289114.04	4300	38.87112	0.0	2169201	26	4.3
1527289114.18	4300	42.731305	0.0	2173522	19	4.3
1527289114.32	4300	46.589411	0.0	2102452	23	4.3
1527289114.49	4300	50.435677	0.0	2209463	25	4.3
1527289114.64	4300	54.27509	0.0	2275376	16	4.3
1527289114.77	4300	58.141523	0.0	2005399	22	4.3
1527289117.4	4300	59.749591	0.0	2152483	7	4.3
1527289121.05	4300	59.998818	0.0	2289689	19	4.3
1527289125.21	4300	59.749273	0.0	2059512	20	4.3
1527289129.38	4300	59.997976	0.0	2220726	26	4.3
1527289133.52	4300	59.747805	0.0	2156729	13	4.3
1527289137.18	4300	59.999003	0.0	2039773	25	4.3
1527289141.34	4300	59.749453	0.0	2176469	24	4.3
1527289145.0	4300	59.999234	0.0	2221506	25	4.3
1527289149.17	4300	59.748791	0.0	2044075	25	4.3
1527289153.31	4300	59.749425	0.0	2186790	14	4.3
1527289156.97	4300	59.997681	0.0	2105231	24	4.3
1527289161.14	4300	59.999435	0.0	2395588	27	4.3
1527289165.3	4300	59.748623	0.0	1972048	22	4.3
1527289169.45	4300	59.499155	0.0	2134614	21	4.3
1527289173.09	4300	59.998846	0.0	2164140	10	4.3
1527289177.25	4300	59.748038	0.0	2113193	25	4.3
1527289181.41	4300	59.498624	0.0	2147852	23	4.3
1527289185.08	4300	59.997598	0.0	2191074	25	4.3
1527289189.25	4300	59.749142	0.0	2286761	25	4.3
1527289192.92	4300	59.998824	0.0	2307787	24	4.3
1527289197.58	4300	59.748547	0.0	2143948	24	4.3
1527289201.23	4300	59.747221	0.0	1919781	22	4.3
1527289205.37	4300	59.749222	0.0	2147467	15	4.3
1527289209.53	4300	59.498727	0.0	2133870	23	4.3
1527289213.19	4300	59.998728	0.0	2146120	14	4.3
1527289217.35	4300	59.997826	0.0	2108491	26	4.3
1527289221.02	4300	59.997824	0.0	2184571	20	4.3
1527289225.18	4300	59.99855	0.0	2121928	24	4.3
1527289229.33	4300	59.998523	0.0	2219102	24	4.3
1527289232.98	4300	59.998594	0.0	2124950	17	4.3
1527289237.14	4300	59.999006	0.0	2246506	25	4.3
1527289241.27	4300	59.747959	0.0	1961140	22	4.3
1527289245.47	4300	59.998195	0.0	2155012	24	4.3
1527289247.07	4300	59.677503	0.0	1433658	10	4.3

1527289247.36	750	4	0.016	668286	2	-0.06879999999999997
1527289247.77	4300	7.951569	0.0	2123065	20	0.75
1527289247.91	4300	11.553333	0.0	2177073	27	4.3
1527289248.06	4300	15.405169	0.0	2160877	23	4.3
1527289248.21	4300	19.257665	0.0	2233056	26	4.3
1527289248.35	4300	23.111313	0.0	1941625	20	4.3
1527289248.49	4300	26.980452	0.0	2157535	15	4.3
1527289248.64	4300	30.828502	0.0	2290172	16	4.3
1527289248.77	4300	34.69776	0.0	2055469	14	4.3
1527289248.9	4300	38.567593	0.0	2169201	15	4.3
1527289249.05	4300	42.419988	0.0	2173522	24	4.3
1527289249.18	4300	46.289405	0.0	2102452	16	4.3
1527289249.31	4300	50.15686	0.0	2209463	15	4.3
1527289249.45	4300	54.01709	0.0	2275376	16	4.3
1527289249.59	4300	57.87472	0.0	2005399	22	4.3
1527289251.86	4300	59.748599	0.0	2152483	24	4.3
1527289255.52	4300	59.999169	0.0	2289689	22	4.3
1527289259.67	4300	59.998919	0.0	2059512	18	4.3
1527289263.84	4300	59.998657	0.0	2220726	25	4.3
1527289267.5	4300	59.99832	0.0	2156729	24	4.3
1527289272.16	4300	59.747813	0.0	2039773	24	4.3
1527289275.81	4300	59.998841	0.0	2176469	23	4.3
1527289279.47	4300	59.998426	0.0	2221506	24	4.3
1527289284.13	4300	59.749217	0.0	2044075	23	4.3
1527289287.78	4300	59.747898	0.0	2186790	23	4.3
1527289291.94	4300	59.74878	0.0	2105231	25	4.3
1527289296.09	4300	59.497955	0.0	2395588	19	4.3
1527289299.75	4300	59.998008	0.0	1972048	23	4.3
1527289303.91	4300	59.998772	0.0	2134614	26	4.3
1527289308.07	4300	59.498447	0.0	2164140	23	4.3
1527289311.73	4300	59.749126	0.0	2113193	24	4.3
1527289315.89	4300	59.74882	0.0	2147852	21	4.3
1527289320.05	4300	59.499066	0.0	2191074	26	4.3
1527289323.72	4300	59.749424	0.0	2286761	24	4.3
1527289327.89	4300	59.997962	0.0	2307787	24	4.3
1527289331.55	4300	59.998008	0.0	2143948	24	4.3
1527289335.7	4300	59.998167	0.0	1919781	22	4.3
1527289339.85	4300	59.7489	0.0	2147467	8	4.3
1527289343.49	4300	59.998772	0.0	2133870	15	4.3
1527289347.64	4300	59.999147	0.0	2146120	15	4.3
1527289351.8	4300	59.747631	0.0	2108491	25	4.3
1527289355.96	4300	59.747887	0.0	2184571	24	4.3
1527289359.61	4300	59.99832	0.0	2121928	20	4.3
1527289363.77	4300	59.999393	0.0	2219102	23	4.3
1527289367.93	4300	59.749429	0.0	2124950	24	4.3
1527289371.58	4300	59.998343	0.0	2246506	23	4.3
1527289375.71	4300	59.998694	0.0	1961140	19	4.3
1527289379.83	4300	59.749434	0.0	2155012	14	4.3
1527289381.44	4300	59.928073	0.0	1433658	16	4.3

1527289381.73	750	4	0.017	668286	3	-0.07309999999999994
1527289381.9	4300	7.948552	0.0	2123065	23	0.75
1527289382.04	4300	11.800182	0.0	2177073	25	4.3
1527289382.19	4300	15.651149	0.0	2160877	21	4.3
1527289382.32	4300	19.524217	0.0	2233056	13	4.3
1527289382.45	4300	23.397294	0.0	1941625	11	4.3
1527289382.58	4300	27.266931	0.0	2157535	12	4.3
1527289382.71	4300	31.139148	0.0	2290172	13	4.3
1527289382.83	4300	35.014164	0.0	2055469	11	4.3
1527289382.97	4300	38.879063	0.0	2169201	13	4.3
1527289383.12	4300	42.72624	0.0	2173522	25	4.3
1527289383.25	4300	46.598842	0.0	2102452	11	4.3
1527289383.37	4300	50.470409	0.0	2209463	13	4.3
1527289383.51	4300	54.333956	0.0	2275376	15	4.3
1527289383.65	4300	58.202747	0.0	2005399	11	4.3
1527289386.3	4300	59.749208	0.0	2152483	18	4.3
1527289390.46	4300	59.749303	0.0	2289689	25	4.3
1527289394.62	4300	59.498069	0.0	2059512	17	4.3
1527289398.29	4300	59.749125	0.0	2220726	25	4.3
1527289402.44	4300	59.749361	0.0	2156729	21	4.3
1527289406.1	4300	59.749301	0.0	2039773	24	4.3
1527289410.29	4300	59.749013	0.0	2176469	23	4.3
1527289413.96	4300	59.998833	0.0	2221506	24	4.3
1527289418.12	4300	59.998299	0.0	2044075	13	4.3
1527289422.31	4300	59.997808	0.0	2186790	23	4.3
1527289426.52	4300	59.499014	0.0	2105231	24	4.3
1527289430.18	4300	59.997946	0.0	2395588	22	4.3
