1527169711.35	750	4	0.028	2354772	10	-0.12039999999999995
1527169711.48	4300	7.97034	0.0	2123065	16	0.75
1527169711.64	4300	11.817758	0.0	2177073	24	4.3
1527169711.78	4300	15.679618	0.0	2160877	12	4.3
1527169711.92	4300	19.533196	0.0	2233056	20	4.3
1527169712.05	4300	23.401866	0.0	1941625	13	4.3
1527169712.19	4300	27.261855	0.0	2157535	17	4.3
1527169712.32	4300	31.130187	0.0	2290172	15	4.3
1527169712.47	4300	34.980171	0.0	2055469	24	4.3
1527169712.63	4300	38.826291	0.0	2169201	28	4.3
1527169712.76	4300	42.697468	0.0	2173522	13	4.3
1527169712.89	4300	46.567193	0.0	2102452	12	4.3
1527169713.02	4300	50.4363	0.0	2209463	13	4.3
1527169713.18	4300	54.27832	0.0	2275376	26	4.3
1527169713.31	4300	58.13939	0.0	2005399	24	4.3
1527169715.94	4300	59.749754	0.0	2152483	7	4.3
1527169719.6	4300	59.999336	0.0	2289689	21	4.3
1527169723.82	4300	59.999253	0.0	2059512	22	4.3
1527169727.51	4300	59.998363	0.0	2220726	11	4.3
1527169732.17	4300	59.748831	0.0	2156729	24	4.3
1527169735.84	4300	59.998436	0.0	2039773	8	4.3
1527169739.98	4300	59.498939	0.0	2176469	15	4.3
1527169743.65	4300	59.998981	0.0	2221506	25	4.3
1527169747.81	4300	59.748323	0.0	2044075	24	4.3
1527169751.47	4300	59.999433	0.0	2186790	28	4.3
1527169755.68	4300	59.998715	0.0	2105231	21	4.3
1527169759.84	4300	59.749519	0.0	2395588	28	4.3
1527169763.48	4300	59.999329	0.0	1972048	15	4.3
1527169768.14	4300	59.747695	0.0	2134614	26	4.3
1527169771.79	4300	59.748114	0.0	2164140	23	4.3
1527169775.95	4300	59.997825	0.0	2113193	23	4.3
1527169780.1	4300	59.499362	0.0	2147852	15	4.3
1527169783.8	4300	59.998288	0.0	2191074	26	4.3
1527169787.47	4300	59.997636	0.0	2286761	24	4.3
1527169791.61	4300	59.998761	0.0	2307787	12	4.3
1527169795.75	4300	59.998193	0.0	2143948	11	4.3
1527169799.91	4300	59.998482	0.0	1919781	16	4.3
1527169803.56	4300	59.998322	0.0	2147467	15	4.3
1527169807.73	4300	59.997626	0.0	2133870	43	4.3
1527169811.89	4300	59.998755	0.0	2146120	26	4.3
1527169816.1	4300	59.498858	0.0	2108491	18	4.3
1527169819.74	4300	59.998021	0.0	2184571	13	4.3
1527169824.01	4300	59.998753	0.0	2121928	12	4.3
1527169827.67	4300	59.999257	0.0	2219102	25	4.3
1527169831.85	4300	59.998508	0.0	2124950	22	4.3
1527169836.01	4300	59.498502	0.0	2246506	26	4.3
1527169840.15	4300	59.749173	0.0	1961140	21	4.3
1527169843.79	4300	59.749324	0.0	2155012	23	4.3
1527169845.4	4300	59.927397	0.0	1433658	11	4.3

1527169845.67	750	4	0.018	668286	2	-0.07740000000000002
1527169845.82	4300	7.953551	0.0	2123065	18	0.75
1527169845.98	4300	11.801464	0.0	2177073	24	4.3
1527169846.13	4300	15.6432	0.0	2160877	25	4.3
1527169846.27	4300	19.507214	0.0	2233056	19	4.3
1527169846.38	4300	23.391317	0.0	1941625	7	4.3
1527169846.51	4300	27.261817	0.0	2157535	12	4.3
1527169846.63	4300	31.145547	0.0	2290172	8	4.3
1527169846.76	4300	35.011556	0.0	2055469	17	4.3
1527169846.89	4300	38.882587	0.0	2169201	12	4.3
1527169847.03	4300	42.748509	0.0	2173522	19	4.3
1527169847.15	4300	46.628368	0.0	2102452	10	4.3
1527169847.27	4300	50.506311	0.0	2209463	11	4.3
1527169847.39	4300	54.38171	0.0	2275376	10	4.3
1527169847.51	4300	58.263883	0.0	2005399	10	4.3
1527169850.14	4300	59.749591	0.0	2152483	9	4.3
1527169854.27	4300	59.748021	0.0	2289689	9	4.3
1527169857.93	4300	59.999057	0.0	2059512	22	4.3
1527169862.08	4300	59.749	0.0	2220726	24	4.3
1527169866.24	4300	59.998045	0.0	2156729	16	4.3
1527169870.39	4300	59.499095	0.0	2039773	22	4.3
1527169874.04	4300	59.747732	0.0	2176469	14	4.3
1527169878.2	4300	59.74922	0.0	2221506	24	4.3
1527169881.86	4300	59.998587	0.0	2044075	22	4.3
1527169886.02	4300	59.998365	0.0	2186790	26	4.3
1527169890.17	4300	59.998701	0.0	2105231	20	4.3
1527169894.33	4300	59.748726	0.0	2395588	28	4.3
1527169897.96	4300	59.999274	0.0	1972048	10	4.3
1527169902.12	4300	59.749269	0.0	2134614	19	4.3
1527169906.27	4300	59.749061	0.0	2164140	23	4.3
1527169910.42	4300	59.497869	0.0	2113193	13	4.3
1527169914.08	4300	59.748131	0.0	2147852	26	4.3
1527169918.25	4300	59.997837	0.0	2191074	25	4.3
1527169921.92	4300	59.998668	0.0	2286761	28	4.3
1527169926.08	4300	59.998045	0.0	2307787	23	4.3
1527169930.22	4300	59.997638	0.0	2143948	12	4.3
1527169933.86	4300	59.997818	0.0	1919781	11	4.3
1527169938.52	4300	59.747953	0.0	2147467	24	4.3
1527169942.16	4300	59.997642	0.0	2133870	13	4.3
1527169946.32	4300	59.498935	0.0	2146120	23	4.3
1527169949.97	4300	59.997631	0.0	2108491	18	4.3
1527169954.12	4300	59.747632	0.0	2184571	18	4.3
1527169958.26	4300	59.998511	0.0	2121928	12	4.3
1527169962.41	4300	59.49886	0.0	2219102	21	4.3
1527169966.07	4300	59.998932	0.0	2124950	17	4.3
1527169970.26	4300	59.748349	0.0	2246506	26	4.3
1527169974.4	4300	59.498806	0.0	1961140	24	4.3
1527169978.04	4300	59.998391	0.0	2155012	25	4.3
1527169979.67	4300	59.927226	0.0	1433658	10	4.3

1527169979.96	750	4	0.017	668286	3	-0.07309999999999994
1527169980.12	4300	7.952832	0.0	2123065	20	0.75
1527169980.25	4300	11.820342	0.0	2177073	14	4.3
1527169980.38	4300	15.690315	0.0	2160877	16	4.3
1527169980.68	4300	19.539841	0.0	2233056	14	4.3
1527169980.8	4300	23.274772	0.0	1941625	8	4.3
1527169980.93	4300	27.144833	0.0	2157535	8	4.3
1527169981.05	4300	31.026583	0.0	2290172	9	4.3
1527169981.17	4300	34.901798	0.0	2055469	8	4.3
1527169981.29	4300	38.781181	0.0	2169201	9	4.3
1527169981.41	4300	42.660447	0.0	2173522	9	4.3
1527169981.53	4300	46.539377	0.0	2102452	9	4.3
1527169981.65	4300	50.419135	0.0	2209463	9	4.3
1527169981.78	4300	54.291618	0.0	2275376	9	4.3
1527169981.91	4300	58.171918	0.0	2005399	8	4.3
1527169984.53	4300	59.999229	0.0	2152483	9	4.3
1527169988.68	4300	59.74901	0.0	2289689	16	4.3
1527169992.82	4300	59.499041	0.0	2059512	10	4.3
