1527156125.53	750	4	0.03	2354772	7	-0.129
1527156125.63	4300	7.986639	0.0	2123065	7	0.75
1527156125.71	4300	11.901582	0.0	2177073	15	4.3
1527156125.8	4300	15.810478	0.0	2160877	15	4.3
1527156125.91	4300	19.709425	0.0	2233056	22	4.3
1527156125.98	4300	23.635223	0.0	1941625	8	4.3
1527156126.06	4300	27.558434	0.0	2157535	10	4.3
1527156126.13	4300	31.481074	0.0	2290172	10	4.3
1527156126.21	4300	35.406193	0.0	2055469	10	4.3
1527156126.29	4300	39.328531	0.0	2169201	9	4.3
1527156126.36	4300	43.252719	0.0	2173522	10	4.3
1527156126.44	4300	47.172465	0.0	2102452	11	4.3
1527156126.52	4300	51.094756	0.0	2209463	9	4.3
1527156126.6	4300	55.011475	0.0	2275376	10	4.3
1527156126.69	4300	58.926071	0.0	2005399	7	4.3
1527156129.77	4300	59.998344	0.0	2152483	10	4.3
1527156133.88	4300	59.748602	0.0	2289689	18	4.3
1527156137.99	4300	59.998704	0.0	2059512	14	4.3
1527156142.11	4300	59.748238	0.0	2220726	20	4.3
1527156145.71	4300	59.997862	0.0	2156729	18	4.3
1527156150.3	4300	59.748088	0.0	2039773	11	4.3
1527156153.94	4300	59.99728	0.0	2176469	25	4.3
1527156158.06	4300	59.997297	0.0	2221506	24	4.3
1527156162.15	4300	59.498338	0.0	2044075	11	4.3
1527156166.27	4300	59.498007	0.0	2186790	25	4.3
1527156169.88	4300	59.749284	0.0	2105231	24	4.3
1527156174.0	4300	59.749201	0.0	2395588	22	4.3
1527156178.11	4300	59.747424	0.0	1972048	17	4.3
1527156181.71	4300	59.998112	0.0	2134614	13	4.3
1527156185.82	4300	59.873476	0.0	2164140	19	4.3
1527156189.93	4300	59.9975	0.0	2113193	19	4.3
1527156194.04	4300	59.997685	0.0	2147852	20	4.3
1527156197.63	4300	59.998338	0.0	2191074	12	4.3
1527156201.74	4300	59.998282	0.0	2286761	24	4.3
1527156205.85	4300	59.998868	0.0	2307787	22	4.3
1527156209.98	4300	59.749297	0.0	2143948	27	4.3
1527156214.09	4300	59.997676	0.0	1919781	28	4.3
1527156217.68	4300	59.998735	0.0	2147467	9	4.3
1527156221.8	4300	59.999157	0.0	2133870	24	4.3
1527156225.91	4300	59.998348	0.0	2146120	23	4.3
1527156230.08	4300	59.748383	0.0	2108491	24	4.3
1527156234.18	4300	59.74878	0.0	2184571	11	4.3
1527156237.8	4300	59.998455	0.0	2121928	22	4.3
1527156241.91	4300	59.748432	0.0	2219102	22	4.3
1527156246.07	4300	59.618087	0.0	2124950	20	4.3
1527156249.68	4300	59.998303	0.0	2246506	26	4.3
1527156254.28	4300	59.497882	0.0	1961140	13	4.3
1527156257.86	4300	59.998821	0.0	2155012	10	4.3
1527156259.96	4300	59.678172	0.0	1433658	16	4.3

1527156260.25	750	4	0.02	668286	3	-0.08599999999999997
1527156260.33	4300	7.977752	0.0	2123065	6	0.75
1527156260.42	4300	11.89322	0.0	2177073	14	4.3
1527156260.5	4300	15.807121	0.0	2160877	14	4.3
1527156260.59	4300	19.718162	0.0	2233056	15	4.3
1527156260.66	4300	23.645284	0.0	1941625	7	4.3
1527156260.74	4300	27.574582	0.0	2157535	8	4.3
1527156260.81	4300	31.502383	0.0	2290172	8	4.3
1527156260.88	4300	35.429543	0.0	2055469	7	4.3
1527156260.95	4300	39.358493	0.0	2169201	8	4.3
1527156261.05	4300	43.256545	0.0	2173522	23	4.3
1527156261.2	4300	47.174192	0.0	2102452	11	4.3
1527156261.28	4300	51.02793	0.0	2209463	14	4.3
1527156261.38	4300	54.929235	0.0	2275376	18	4.3
1527156261.47	4300	58.842908	0.0	2005399	20	4.3
1527156265.05	4300	59.748372	0.0	2152483	8	4.3
1527156268.67	4300	59.748379	0.0	2289689	27	4.3
1527156272.78	4300	59.748636	0.0	2059512	20	4.3
1527156276.39	4300	59.998406	0.0	2220726	17	4.3
1527156280.51	4300	59.998008	0.0	2156729	24	4.3
1527156284.6	4300	59.998019	0.0	2039773	12	4.3
1527156288.71	4300	59.748156	0.0	2176469	21	4.3
1527156292.82	4300	59.749095	0.0	2221506	22	4.3
1527156296.41	4300	59.998269	0.0	2044075	12	4.3
1527156300.52	4300	59.997955	0.0	2186790	26	4.3
1527156304.62	4300	59.749325	0.0	2105231	14	4.3
1527156308.71	4300	59.749634	0.0	2395588	13	4.3
1527156312.83	4300	59.497916	0.0	1972048	31	4.3
1527156316.67	4300	59.998233	0.0	2134614	14	4.3
1527156320.77	4300	59.998654	0.0	2164140	14	4.3
1527156324.37	4300	59.998616	0.0	2113193	14	4.3
1527156328.49	4300	59.998146	0.0	2147852	18	4.3
1527156332.63	4300	59.747967	0.0	2191074	30	4.3
1527156336.81	4300	59.997912	0.0	2286761	27	4.3
1527156340.4	4300	59.999493	0.0	2307787	12	4.3
1527156345.02	4300	59.498471	0.0	2143948	28	4.3
1527156348.63	4300	59.99851	0.0	1919781	19	4.3
1527156352.71	4300	59.749568	0.0	2147467	7	4.3
1527156356.8	4300	59.749126	0.0	2133870	12	4.3
1527156360.4	4300	59.998729	0.0	2146120	12	4.3
1527156364.52	4300	59.997364	0.0	2108491	26	4.3
1527156368.63	4300	59.999187	0.0	2184571	26	4.3
1527156372.74	4300	59.749235	0.0	2121928	23	4.3
1527156376.36	4300	59.999231	0.0	2219102	22	4.3
1527156380.48	4300	59.997989	0.0	2124950	26	4.3
1527156384.57	4300	59.998191	0.0	2246506	15	4.3
1527156388.7	4300	59.748068	0.0	1961140	23	4.3
1527156392.81	4300	59.998419	0.0	2155012	23	4.3
1527156394.4	4300	59.678542	0.0	1433658	16	4.3

1527156394.68	750	4	0.017	668286	3	-0.07309999999999994
1527156394.76	4300	7.977401	0.0	2123065	8	0.75
1527156394.83	4300	11.906509	0.0	2177073	8	4.3
1527156394.9	4300	15.83666	0.0	2160877	8	4.3
1527156394.97	4300	19.765273	0.0	2233056	7	4.3
1527156395.05	4300	23.694637	0.0	1941625	7	4.3
1527156395.12	4300	27.622493	0.0	2157535	7	4.3
1527156395.19	4300	31.546249	0.0	2290172	10	4.3
1527156395.26	4300	35.477106	0.0	2055469	7	4.3
1527156395.33	4300	39.4062	0.0	2169201	7	4.3
1527156395.42	4300	43.319287	0.0	2173522	16	4.3
1527156395.5	4300	47.244132	0.0	2102452	8	4.3
1527156395.57	4300	51.168082	0.0	2209463	9	4.3
1527156395.65	4300	55.094029	0.0	2275376	9	4.3
1527156395.72	4300	59.0208	0.0	2005399	8	4.3
1527156399.3	4300	59.497897	0.0	2152483	8	4.3
1527156402.89	4300	59.997826	0.0	2289689	13	4.3
1527156407.01	4300	59.748785	0.0	2059512	23	4.3
1527156411.13	4300	59.998777	0.0	2220726	23	4.3
1527156415.34	4300	59.998253	0.0	2156729	18	4.3
1527156418.93	4300	59.998294	0.0	2039773	14	4.3
1527156423.05	4300	59.997778	0.0	2176469	26	4.3
1527156427.16	4300	59.7478	0.0	2221506	24	4.3
1527156430.77	4300	59.9986	0.0	2044075	21	4.3
1527156434.88	4300	59.997811	0.0	2186790	18	4.3
1527156439.49	4300	59.749478	0.0	2105231	19	4.3
1527156443.1	4300	59.99757	0.0	2395588	25	4.3
1527156447.19	4300	59.748528	0.0	1972048	15	4.3
1527156450.81	4300	59.998807	0.0	2134614	25	4.3
1527156455.42	4300	59.729091	0.0	2164140	18	4.3
1527156459.03	4300	59.747835	0.0	2113193	23	4.3
1527156463.14	4300	59.748106	0.0	2147852	21	4.3
1527156466.75	4300	59.998699	0.0	2191074	21	4.3
