1527207029.12	750	4	0.027	2354772	7	-0.11609999999999998
1527207029.24	4300	7.967483	0.0	2123065	18	0.75
1527207029.34	4300	11.844602	0.0	2177073	18	4.3
1527207029.42	4300	15.757935	0.0	2160877	15	4.3
1527207029.51	4300	19.667508	0.0	2233056	18	4.3
1527207029.6	4300	23.583233	0.0	1941625	14	4.3
1527207029.68	4300	27.499278	0.0	2157535	15	4.3
1527207029.78	4300	31.401028	0.0	2290172	23	4.3
1527207029.86	4300	35.316258	0.0	2055469	12	4.3
1527207029.95	4300	39.231587	0.0	2169201	14	4.3
1527207030.02	4300	43.16116	0.0	2173522	8	4.3
1527207030.09	4300	47.089719	0.0	2102452	7	4.3
1527207030.16	4300	51.02013	0.0	2209463	7	4.3
1527207030.23	4300	54.945725	0.0	2275376	8	4.3
1527207030.31	4300	58.871643	0.0	2005399	6	4.3
1527207033.89	4300	59.747811	0.0	2152483	7	4.3
1527207037.5	4300	59.749573	0.0	2289689	20	4.3
1527207041.61	4300	59.74852	0.0	2059512	23	4.3
1527207045.72	4300	59.748856	0.0	2220726	26	4.3
1527207049.34	4300	59.99883	0.0	2156729	24	4.3
1527207053.44	4300	59.99798	0.0	2039773	20	4.3
1527207057.56	4300	59.748883	0.0	2176469	24	4.3
1527207061.67	4300	59.999381	0.0	2221506	19	4.3
1527207065.27	4300	59.998764	0.0	2044075	21	4.3
1527207069.89	4300	59.498612	0.0	2186790	24	4.3
1527207073.51	4300	59.998017	0.0	2105231	24	4.3
1527207077.62	4300	59.998875	0.0	2395588	24	4.3
1527207081.24	4300	59.998628	0.0	1972048	21	4.3
1527207085.86	4300	59.748664	0.0	2134614	24	4.3
1527207089.46	4300	59.793244	0.0	2164140	15	4.3
1527207093.62	4300	59.99832	0.0	2113193	24	4.3
1527207097.73	4300	59.749136	0.0	2147852	20	4.3
1527207101.84	4300	59.498896	0.0	2191074	21	4.3
1527207105.45	4300	59.998099	0.0	2286761	18	4.3
1527207109.57	4300	59.747903	0.0	2307787	26	4.3
1527207113.68	4300	59.749358	0.0	2143948	23	4.3
1527207117.79	4300	59.49865	0.0	1919781	21	4.3
1527207121.89	4300	59.498243	0.0	2147467	12	4.3
1527207125.49	4300	59.748213	0.0	2133870	17	4.3
1527207129.61	4300	59.998338	0.0	2146120	24	4.3
1527207133.72	4300	59.747643	0.0	2108491	24	4.3
1527207137.33	4300	59.997603	0.0	2184571	22	4.3
1527207141.45	4300	59.74888	0.0	2121928	25	4.3
1527207145.57	4300	59.748876	0.0	2219102	24	4.3
1527207149.19	4300	59.998545	0.0	2124950	27	4.3
1527207153.31	4300	59.99879	0.0	2246506	25	4.3
1527207157.98	4300	59.497727	0.0	1961140	21	4.3
1527207161.72	4300	59.7487	0.0	2155012	33	4.3
1527207163.31	4300	59.928959	0.0	1433658	17	4.3

1527207163.6	750	4	0.028	2354772	7	-0.12039999999999995
1527207163.67	4300	7.98691	0.0	2123065	7	0.75
1527207163.77	4300	11.8907	0.0	2177073	22	4.3
1527207163.86	4300	15.805425	0.0	2160877	15	4.3
1527207163.95	4300	19.710531	0.0	2233056	14	4.3
1527207164.02	4300	23.640833	0.0	1941625	7	4.3
1527207164.09	4300	27.5679	0.0	2157535	8	4.3
1527207164.16	4300	31.4949	0.0	2290172	9	4.3
1527207164.23	4300	35.423627	0.0	2055469	8	4.3
1527207164.33	4300	39.326534	0.0	2169201	23	4.3
1527207164.41	4300	43.245725	0.0	2173522	13	4.3
1527207164.5	4300	47.160522	0.0	2102452	11	4.3
1527207164.6	4300	51.055182	0.0	2209463	10	4.3
1527207164.71	4300	54.945854	0.0	2275376	27	4.3
1527207164.79	4300	58.864696	0.0	2005399	10	4.3
1527207168.4	4300	59.498014	0.0	2152483	25	4.3
1527207172.02	4300	59.747753	0.0	2289689	20	4.3
1527207176.14	4300	59.749194	0.0	2059512	23	4.3
1527207179.75	4300	59.99905	0.0	2220726	24	4.3
1527207184.36	4300	59.499483	0.0	2156729	20	4.3
1527207187.97	4300	59.748692	0.0	2039773	23	4.3
1527207192.07	4300	59.748907	0.0	2176469	21	4.3
1527207195.68	4300	59.9989	0.0	2221506	23	4.3
1527207200.3	4300	59.499262	0.0	2044075	25	4.3
1527207203.92	4300	59.74843	0.0	2186790	25	4.3
1527207208.05	4300	59.749179	0.0	2105231	23	4.3
1527207212.17	4300	59.747899	0.0	2395588	27	4.3
1527207216.28	4300	59.748371	0.0	1972048	22	4.3
1527207220.4	4300	59.498512	0.0	2134614	24	4.3
1527207223.99	4300	59.748898	0.0	2164140	12	4.3
1527207228.1	4300	59.997958	0.0	2113193	24	4.3
1527207232.27	4300	59.498807	0.0	2147852	24	4.3
1527207236.39	4300	59.749224	0.0	2191074	24	4.3
1527207240.01	4300	59.747662	0.0	2286761	22	4.3
1527207244.12	4300	59.748507	0.0	2307787	24	4.3
1527207248.24	4300	59.749058	0.0	2143948	24	4.3
1527207251.91	4300	59.998128	0.0	1919781	20	4.3
1527207256.03	4300	59.749289	0.0	2147467	26	4.3
1527207260.14	4300	59.747756	0.0	2133870	24	4.3
1527207264.25	4300	59.748568	0.0	2146120	25	4.3
1527207267.86	4300	59.998002	0.0	2108491	23	4.3
1527207271.97	4300	59.749099	0.0	2184571	22	4.3
1527207276.08	4300	59.748955	0.0	2121928	21	4.3
1527207279.69	4300	59.998501	0.0	2219102	22	4.3
1527207283.8	4300	59.997517	0.0	2124950	25	4.3
1527207287.9	4300	59.998396	0.0	2246506	14	4.3
1527207292.0	4300	59.748431	0.0	1961140	20	4.3
1527207296.1	4300	59.748297	0.0	2155012	14	4.3
1527207297.7	4300	59.677974	0.0	1433658	17	4.3

1527207297.99	750	4	0.027	2354772	8	-0.11609999999999998
1527207298.09	4300	7.958841	0.0	2123065	23	0.75
1527207298.19	4300	11.862521	0.0	2177073	25	4.3
1527207298.27	4300	15.778067	0.0	2160877	14	4.3
1527207298.35	4300	19.704874	0.0	2233056	8	4.3
1527207298.42	4300	23.633603	0.0	1941625	8	4.3
1527207298.49	4300	27.562639	0.0	2157535	8	4.3
1527207298.58	4300	31.472751	0.0	2290172	18	4.3
1527207298.66	4300	35.392316	0.0	2055469	11	4.3
1527207298.74	4300	39.312383	0.0	2169201	11	4.3
1527207298.82	4300	43.232159	0.0	2173522	11	4.3
1527207298.93	4300	47.124853	0.0	2102452	22	4.3
1527207299.03	4300	51.027753	0.0	2209463	28	4.3
1527207299.12	4300	54.92874	0.0	2275376	25	4.3
1527207299.21	4300	58.843814	0.0	2005399	14	4.3
1527207302.3	4300	59.998578	0.0	2152483	15	4.3
