1527142597.1	750	4	0.012	450283	1	-0.05159999999999998
1527142597.17	4300	7.979868	0.0	2123065	7	0.75
1527142597.28	4300	11.877433	0.0	2177073	21	4.3
1527142597.38	4300	15.772673	0.0	2160877	24	4.3
1527142597.48	4300	19.674581	0.0	2233056	21	4.3
1527142597.58	4300	23.577131	0.0	1941625	11	4.3
1527142597.68	4300	27.473463	0.0	2157535	25	4.3
1527142597.77	4300	31.384551	0.0	2290172	16	4.3
1527142597.85	4300	35.304617	0.0	2055469	12	4.3
1527142597.94	4300	39.216336	0.0	2169201	14	4.3
1527142598.03	4300	43.128599	0.0	2173522	15	4.3
1527142598.11	4300	47.0398	0.0	2102452	15	4.3
1527142598.2	4300	50.951996	0.0	2209463	16	4.3
1527142598.28	4300	54.867649	0.0	2275376	15	4.3
1527142598.38	4300	58.769852	0.0	2005399	19	4.3
1527142601.49	4300	59.99783	0.0	2152483	20	4.3
1527142605.6	4300	59.749708	0.0	2289689	23	4.3
1527142609.71	4300	59.498581	0.0	2059512	20	4.3
1527142613.32	4300	59.998734	0.0	2220726	24	4.3
1527142617.44	4300	59.748967	0.0	2156729	22	4.3
1527142621.55	4300	59.748633	0.0	2039773	24	4.3
1527142625.66	4300	59.748557	0.0	2176469	24	4.3
1527142629.27	4300	59.999263	0.0	2221506	24	4.3
1527142633.38	4300	59.997621	0.0	2044075	21	4.3
1527142637.54	4300	59.997584	0.0	2186790	22	4.3
1527142641.65	4300	59.998688	0.0	2105231	22	4.3
1527142645.77	4300	59.747709	0.0	2395588	25	4.3
1527142649.88	4300	59.747703	0.0	1972048	19	4.3
1527142653.49	4300	59.748591	0.0	2134614	25	4.3
1527142657.61	4300	59.783598	0.0	2164140	23	4.3
1527142661.22	4300	59.99874	0.0	2113193	23	4.3
1527142665.33	4300	59.998725	0.0	2147852	22	4.3
1527142669.8	4300	59.74938	0.0	2191074	22	4.3
1527142673.41	4300	59.748899	0.0	2286761	21	4.3
1527142677.52	4300	59.998506	0.0	2307787	20	4.3
1527142681.64	4300	59.748517	0.0	2143948	24	4.3
1527142685.24	4300	59.999041	0.0	1919781	14	4.3
1527142689.35	4300	59.99758	0.0	2147467	25	4.3
1527142693.47	4300	59.99887	0.0	2133870	23	4.3
1527142697.58	4300	59.748499	0.0	2146120	25	4.3
1527142701.69	4300	59.498856	0.0	2108491	24	4.3
1527142705.8	4300	59.74876	0.0	2184571	22	4.3
1527142709.41	4300	59.998067	0.0	2121928	22	4.3
1527142713.51	4300	59.997536	0.0	2219102	20	4.3
1527142717.62	4300	59.748722	0.0	2124950	22	4.3
1527142721.23	4300	59.999241	0.0	2246506	22	4.3
1527142725.34	4300	59.99931	0.0	1961140	21	4.3
1527142729.45	4300	59.99822	0.0	2155012	18	4.3
1527142731.05	4300	59.92884	0.0	1433658	17	4.3

1527142731.36	750	4	0.028	2354772	7	-0.12039999999999995
1527142731.43	4300	7.929591	0.0	2123065	7	0.75
1527142731.5	4300	11.860609	0.0	2177073	7	4.3
1527142731.57	4300	15.791073	0.0	2160877	7	4.3
1527142731.64	4300	19.716825	0.0	2233056	7	4.3
1527142731.72	4300	23.648048	0.0	1941625	7	4.3
1527142731.79	4300	27.576478	0.0	2157535	7	4.3
1527142731.86	4300	31.503144	0.0	2290172	7	4.3
1527142731.93	4300	35.434414	0.0	2055469	7	4.3
1527142732.0	4300	39.36348	0.0	2169201	8	4.3
1527142732.32	4300	43.294098	0.0	2173522	7	4.3
1527142732.41	4300	46.951687	0.0	2102452	18	4.3
1527142732.52	4300	50.846338	0.0	2209463	23	4.3
1527142732.61	4300	54.757589	0.0	2275376	11	4.3
1527142732.69	4300	58.678106	0.0	2005399	12	4.3
1527142735.75	4300	59.749177	0.0	2152483	12	4.3
1527142739.86	4300	59.749175	0.0	2289689	22	4.3
1527142743.46	4300	59.998762	0.0	2059512	19	4.3
1527142747.58	4300	59.999088	0.0	2220726	23	4.3
1527142751.7	4300	59.999073	0.0	2156729	25	4.3
1527142755.81	4300	59.749545	0.0	2039773	22	4.3
1527142759.95	4300	59.747826	0.0	2176469	14	4.3
1527142763.62	4300	59.999046	0.0	2221506	23	4.3
1527142767.72	4300	59.749014	0.0	2044075	19	4.3
1527142771.83	4300	59.748724	0.0	2186790	24	4.3
1527142775.44	4300	59.998504	0.0	2105231	22	4.3
1527142779.55	4300	59.997906	0.0	2395588	23	4.3
1527142783.65	4300	59.747938	0.0	1972048	20	4.3
1527142787.76	4300	59.749268	0.0	2134614	22	4.3
1527142791.38	4300	59.999448	0.0	2164140	22	4.3
1527142796.0	4300	59.499018	0.0	2113193	23	4.3
1527142800.11	4300	59.499407	0.0	2147852	23	4.3
1527142803.73	4300	59.997759	0.0	2191074	26	4.3
1527142807.84	4300	59.747999	0.0	2286761	24	4.3
1527142811.95	4300	59.498744	0.0	2307787	22	4.3
1527142816.06	4300	59.498006	0.0	2143948	19	4.3
1527142819.66	4300	59.747646	0.0	1919781	19	4.3
1527142823.77	4300	59.748969	0.0	2147467	18	4.3
1527142827.9	4300	59.74852	0.0	2133870	24	4.3
1527142831.51	4300	59.997846	0.0	2146120	23	4.3
1527142835.62	4300	59.999151	0.0	2108491	19	4.3
1527142839.74	4300	59.748852	0.0	2184571	23	4.3
1527142843.85	4300	59.99823	0.0	2121928	23	4.3
1527142847.97	4300	59.748655	0.0	2219102	24	4.3
1527142852.11	4300	59.748482	0.0	2124950	24	4.3
1527142855.72	4300	59.998958	0.0	2246506	27	4.3
1527142859.82	4300	59.748017	0.0	1961140	19	4.3
1527142863.93	4300	59.748932	0.0	2155012	23	4.3
1527142865.53	4300	59.677705	0.0	1433658	16	4.3

1527142865.81	750	4	0.025	2354772	8	-0.10750000000000004
1527142865.88	4300	7.986104	0.0	2123065	8	0.75
1527142865.98	4300	11.883792	0.0	2177073	22	4.3
1527142866.1	4300	15.800164	0.0	2160877	15	4.3
1527142866.19	4300	19.672122	0.0	2233056	19	4.3
1527142866.27	4300	23.596247	0.0	1941625	10	4.3
1527142866.41	4300	27.525367	0.0	2157535	8	4.3
1527142866.51	4300	31.357628	0.0	2290172	20	4.3
1527142866.6	4300	35.265236	0.0	2055469	17	4.3
1527142866.69	4300	39.170836	0.0	2169201	20	4.3
1527142866.77	4300	43.096134	0.0	2173522	10	4.3
1527142866.84	4300	47.02398	0.0	2102452	9	4.3
1527142866.92	4300	50.938778	0.0	2209463	20	4.3
1527142867.0	4300	54.864361	0.0	2275376	10	4.3
1527142867.07	4300	58.792127	0.0	2005399	9	4.3
1527142870.15	4300	59.749049	0.0	2152483	10	4.3
1527142874.25	4300	59.997882	0.0	2289689	20	4.3
1527142878.36	4300	59.748411	0.0	2059512	23	4.3
1527142881.97	4300	59.998261	0.0	2220726	25	4.3
1527142886.08	4300	59.999014	0.0	2156729	21	4.3
1527142890.19	4300	59.748214	0.0	2039773	22	4.3
1527142894.29	4300	59.749402	0.0	2176469	21	4.3
1527142898.4	4300	59.747909	0.0	2221506	24	4.3
1527142902.01	4300	59.999442	0.0	2044075	23	4.3
1527142906.12	4300	59.749099	0.0	2186790	21	4.3
1527142910.22	4300	59.999183	0.0	2105231	20	4.3
1527142914.33	4300	59.748647	0.0	2395588	24	4.3
1527142917.92	4300	59.998591	0.0	1972048	11	4.3
1527142922.04	4300	59.998814	0.0	2134614	24	4.3
1527142926.21	4300	59.998226	0.0	2164140	23	4.3
1527142930.33	4300	59.747765	0.0	2113193	24	4.3
1527142933.93	4300	59.997563	0.0	2147852	23	4.3
1527142938.56	4300	59.749234	0.0	2191074	26	4.3
1527142942.17	4300	59.748848	0.0	2286761	18	4.3
