1527172158.73	750	4	0.031	2354772	9	-0.13329999999999997
1527172158.84	4300	7.984289	0.0	2123065	7	0.75
1527172158.91	4300	11.913677	0.0	2177073	7	4.3
1527172158.98	4300	15.842212	0.0	2160877	8	4.3
1527172159.05	4300	19.77084	0.0	2233056	7	4.3
1527172159.13	4300	23.69786	0.0	1941625	6	4.3
1527172159.2	4300	27.625195	0.0	2157535	8	4.3
1527172159.27	4300	31.553223	0.0	2290172	7	4.3
1527172159.34	4300	35.481783	0.0	2055469	7	4.3
1527172159.41	4300	39.407922	0.0	2169201	8	4.3
1527172159.49	4300	43.334768	0.0	2173522	8	4.3
1527172159.56	4300	47.262112	0.0	2102452	7	4.3
1527172159.63	4300	51.191387	0.0	2209463	8	4.3
1527172159.71	4300	55.113473	0.0	2275376	7	4.3
1527172159.78	4300	59.038435	0.0	2005399	6	4.3
1527172162.86	4300	59.999361	0.0	2152483	7	4.3
1527172167.47	4300	59.748995	0.0	2289689	21	4.3
1527172171.09	4300	59.748633	0.0	2059512	24	4.3
1527172175.2	4300	59.748513	0.0	2220726	22	4.3
1527172179.31	4300	59.74892	0.0	2156729	20	4.3
1527172183.41	4300	59.747689	0.0	2039773	19	4.3
1527172187.02	4300	59.998898	0.0	2176469	20	4.3
1527172191.15	4300	59.748033	0.0	2221506	24	4.3
1527172195.27	4300	59.74944	0.0	2044075	21	4.3
1527172198.89	4300	59.999118	0.0	2186790	19	4.3
1527172203.0	4300	59.998624	0.0	2105231	25	4.3
1527172207.21	4300	59.998587	0.0	2395588	24	4.3
1527172211.31	4300	59.749111	0.0	1972048	14	4.3
1527172214.92	4300	59.998099	0.0	2134614	23	4.3
1527172219.55	4300	59.498221	0.0	2164140	26	4.3
1527172223.16	4300	59.747878	0.0	2113193	24	4.3
1527172227.28	4300	59.997254	0.0	2147852	20	4.3
1527172230.89	4300	59.99769	0.0	2191074	21	4.3
1527172235.01	4300	59.999433	0.0	2286761	28	4.3
1527172239.13	4300	59.997767	0.0	2307787	21	4.3
1527172243.25	4300	59.997596	0.0	2143948	27	4.3
1527172246.86	4300	59.997613	0.0	1919781	23	4.3
1527172251.48	4300	59.496953	0.0	2147467	18	4.3
1527172255.09	4300	59.997631	0.0	2133870	25	4.3
1527172259.2	4300	59.749091	0.0	2146120	21	4.3
1527172263.31	4300	59.997529	0.0	2108491	18	4.3
1527172267.42	4300	59.498649	0.0	2184571	18	4.3
1527172271.04	4300	59.997897	0.0	2121928	26	4.3
1527172275.16	4300	59.748307	0.0	2219102	23	4.3
1527172279.27	4300	59.74847	0.0	2124950	19	4.3
1527172282.87	4300	59.998078	0.0	2246506	17	4.3
1527172287.04	4300	59.997703	0.0	1961140	22	4.3
1527172291.23	4300	59.747916	0.0	2155012	21	4.3
1527172293.4	4300	59.179275	0.0	1433658	20	4.3

1527172293.73	750	4	0.019	668286	3	-0.0817
1527172293.81	4300	7.979497	0.0	2123065	7	0.75
1527172293.88	4300	11.90891	0.0	2177073	6	4.3
1527172293.95	4300	15.836575	0.0	2160877	8	4.3
1527172294.02	4300	19.763223	0.0	2233056	8	4.3
1527172294.09	4300	23.691444	0.0	1941625	6	4.3
1527172294.17	4300	27.617589	0.0	2157535	7	4.3
1527172294.24	4300	31.543825	0.0	2290172	9	4.3
1527172294.31	4300	35.473186	0.0	2055469	7	4.3
1527172294.38	4300	39.400283	0.0	2169201	7	4.3
1527172294.46	4300	43.328847	0.0	2173522	8	4.3
1527172294.53	4300	47.256252	0.0	2102452	7	4.3
1527172294.6	4300	51.183587	0.0	2209463	8	4.3
1527172294.67	4300	55.112181	0.0	2275376	8	4.3
1527172294.75	4300	59.038873	0.0	2005399	7	4.3
1527172298.32	4300	59.498449	0.0	2152483	7	4.3
1527172301.93	4300	59.998028	0.0	2289689	19	4.3
1527172306.54	4300	59.249794	0.0	2059512	15	4.3
1527172310.13	4300	59.748999	0.0	2220726	16	4.3
1527172314.24	4300	59.748055	0.0	2156729	23	4.3
1527172317.86	4300	59.998636	0.0	2039773	22	4.3
1527172321.97	4300	59.998093	0.0	2176469	26	4.3
1527172326.07	4300	59.997658	0.0	2221506	13	4.3
1527172330.18	4300	59.99873	0.0	2044075	19	4.3
1527172334.28	4300	59.747919	0.0	2186790	16	4.3
1527172338.38	4300	59.748947	0.0	2105231	16	4.3
1527172342.5	4300	59.498827	0.0	2395588	27	4.3
1527172346.09	4300	59.748998	0.0	1972048	12	4.3
1527172350.18	4300	59.748925	0.0	2134614	12	4.3
1527172354.27	4300	59.706646	0.0	2164140	12	4.3
1527172357.88	4300	59.998732	0.0	2113193	19	4.3
1527172362.47	4300	59.498863	0.0	2147852	13	4.3
1527172366.07	4300	59.748074	0.0	2191074	16	4.3
1527172370.19	4300	59.748474	0.0	2286761	26	4.3
1527172373.92	4300	59.997768	0.0	2307787	23	4.3
1527172378.03	4300	59.998431	0.0	2143948	22	4.3
1527172382.14	4300	59.747837	0.0	1919781	18	4.3
1527172386.25	4300	59.747673	0.0	2147467	22	4.3
1527172389.86	4300	59.99787	0.0	2133870	20	4.3
1527172393.97	4300	59.997342	0.0	2146120	16	4.3
1527172398.09	4300	59.748178	0.0	2108491	25	4.3
1527172402.21	4300	59.748578	0.0	2184571	27	4.3
1527172405.82	4300	59.998823	0.0	2121928	21	4.3
1527172410.43	4300	59.748477	0.0	2219102	19	4.3
