1527256326.02	750	4	0.028	2354772	10	-0.12039999999999995
1527256326.12	4300	7.966171	0.0	2123065	20	0.75
1527256326.2	4300	11.882333	0.0	2177073	13	4.3
1527256326.3	4300	15.783333	0.0	2160877	21	4.3
1527256326.39	4300	19.69595	0.0	2233056	15	4.3
1527256326.47	4300	23.610126	0.0	1941625	13	4.3
1527256326.57	4300	27.524472	0.0	2157535	15	4.3
1527256326.66	4300	31.424855	0.0	2290172	17	4.3
1527256326.74	4300	35.345513	0.0	2055469	11	4.3
1527256326.81	4300	39.2659	0.0	2169201	12	4.3
1527256326.9	4300	43.188113	0.0	2173522	11	4.3
1527256326.97	4300	47.10559	0.0	2102452	11	4.3
1527256327.05	4300	51.026238	0.0	2209463	10	4.3
1527256327.14	4300	54.941429	0.0	2275376	11	4.3
1527256327.23	4300	58.853965	0.0	2005399	9	4.3
1527256330.88	4300	59.498513	0.0	2152483	10	4.3
1527256334.54	4300	59.74853	0.0	2289689	27	4.3
1527256338.65	4300	59.747624	0.0	2059512	20	4.3
1527256342.26	4300	59.99809	0.0	2220726	21	4.3
1527256346.38	4300	59.748207	0.0	2156729	24	4.3
1527256350.49	4300	59.749237	0.0	2039773	23	4.3
1527256354.1	4300	59.997754	0.0	2176469	24	4.3
1527256358.71	4300	59.497633	0.0	2221506	23	4.3
1527256362.83	4300	59.748743	0.0	2044075	24	4.3
1527256366.44	4300	59.998955	0.0	2186790	22	4.3
1527256370.55	4300	59.997368	0.0	2105231	19	4.3
1527256374.16	4300	59.999345	0.0	2395588	21	4.3
1527256378.78	4300	59.498916	0.0	1972048	22	4.3
1527256382.4	4300	59.749158	0.0	2134614	28	4.3
1527256386.52	4300	59.697242	0.0	2164140	24	4.3
1527256390.13	4300	59.998706	0.0	2113193	25	4.3
1527256394.24	4300	59.998739	0.0	2147852	22	4.3
1527256398.35	4300	59.997762	0.0	2191074	22	4.3
1527256402.47	4300	59.998936	0.0	2286761	22	4.3
1527256406.09	4300	59.998906	0.0	2307787	25	4.3
1527256410.2	4300	59.999063	0.0	2143948	24	4.3
1527256414.3	4300	59.998636	0.0	1919781	20	4.3
1527256418.39	4300	59.748348	0.0	2147467	12	4.3
1527256422.5	4300	59.747586	0.0	2133870	20	4.3
1527256426.11	4300	59.998694	0.0	2146120	24	4.3
1527256430.73	4300	59.748677	0.0	2108491	24	4.3
1527256434.84	4300	59.248967	0.0	2184571	19	4.3
1527256438.46	4300	59.748547	0.0	2121928	25	4.3
1527256442.57	4300	59.748708	0.0	2219102	25	4.3
1527256446.19	4300	59.998367	0.0	2124950	23	4.3
1527256450.3	4300	59.998122	0.0	2246506	25	4.3
1527256454.42	4300	59.749156	0.0	1961140	23	4.3
1527256458.51	4300	59.747616	0.0	2155012	12	4.3
1527256460.12	4300	59.927757	0.0	1433658	18	4.3

1527256460.37	750	4	0.027	2354772	9	-0.11609999999999998
1527256460.47	4300	7.965332	0.0	2123065	16	0.75
1527256460.57	4300	11.860313	0.0	2177073	24	4.3
1527256460.65	4300	15.776293	0.0	2160877	14	4.3
1527256460.73	4300	19.703628	0.0	2233056	8	4.3
1527256460.79	4300	23.634801	0.0	1941625	6	4.3
1527256460.87	4300	27.563139	0.0	2157535	10	4.3
1527256460.96	4300	31.467914	0.0	2290172	25	4.3
1527256461.06	4300	35.374128	0.0	2055469	23	4.3
1527256461.13	4300	39.293925	0.0	2169201	13	4.3
1527256461.21	4300	43.22459	0.0	2173522	7	4.3
1527256461.28	4300	47.152349	0.0	2102452	7	4.3
1527256461.35	4300	51.08325	0.0	2209463	7	4.3
1527256461.42	4300	55.009485	0.0	2275376	8	4.3
1527256461.49	4300	58.941172	0.0	2005399	7	4.3
1527256464.57	4300	59.999255	0.0	2152483	7	4.3
1527256468.69	4300	59.749641	0.0	2289689	27	4.3
1527256472.8	4300	59.999329	0.0	2059512	24	4.3
1527256476.91	4300	59.747678	0.0	2220726	24	4.3
1527256480.52	4300	59.998891	0.0	2156729	22	4.3
1527256484.64	4300	59.998701	0.0	2039773	22	4.3
1527256488.75	4300	59.74887	0.0	2176469	25	4.3
1527256492.87	4300	59.749313	0.0	2221506	26	4.3
1527256497.03	4300	59.499291	0.0	2044075	7	4.3
1527256500.64	4300	59.999229	0.0	2186790	20	4.3
1527256504.75	4300	59.749243	0.0	2105231	23	4.3
1527256508.86	4300	59.748807	0.0	2395588	20	4.3
1527256512.47	4300	59.999036	0.0	1972048	22	4.3
1527256516.59	4300	59.998176	0.0	2134614	21	4.3
1527256520.71	4300	59.748643	0.0	2164140	23	4.3
1527256524.82	4300	59.997904	0.0	2113193	23	4.3
1527256528.93	4300	59.49824	0.0	2147852	24	4.3
1527256532.54	4300	59.998093	0.0	2191074	25	4.3
1527256536.65	4300	59.998074	0.0	2286761	23	4.3
1527256540.76	4300	59.74757	0.0	2307787	23	4.3
1527256544.87	4300	59.999044	0.0	2143948	22	4.3
1527256548.48	4300	59.997741	0.0	1919781	20	4.3
1527256552.61	4300	59.998753	0.0	2147467	20	4.3
1527256556.72	4300	59.748269	0.0	2133870	22	4.3
1527256560.83	4300	59.748561	0.0	2146120	21	4.3
1527256564.94	4300	59.748554	0.0	2108491	25	4.3
1527256568.55	4300	59.998182	0.0	2184571	24	4.3
1527256572.67	4300	59.999113	0.0	2121928	26	4.3
1527256576.79	4300	59.749279	0.0	2219102	26	4.3
1527256580.91	4300	59.586091	0.0	2124950	20	4.3
