1527237882.15	750	4	0.029	2354772	7	-0.12470000000000003
1527237882.27	4300	7.965913	0.0	2123065	21	0.75
1527237882.37	4300	11.868464	0.0	2177073	21	4.3
1527237882.46	4300	15.776554	0.0	2160877	16	4.3
1527237882.55	4300	19.686757	0.0	2233056	14	4.3
1527237882.64	4300	23.60254	0.0	1941625	14	4.3
1527237882.73	4300	27.513498	0.0	2157535	15	4.3
1527237882.81	4300	31.426769	0.0	2290172	17	4.3
1527237882.9	4300	35.340061	0.0	2055469	15	4.3
1527237882.97	4300	39.265455	0.0	2169201	9	4.3
1527237883.05	4300	43.192402	0.0	2173522	8	4.3
1527237883.12	4300	47.119002	0.0	2102452	9	4.3
1527237883.19	4300	51.044702	0.0	2209463	8	4.3
1527237883.27	4300	54.965893	0.0	2275376	10	4.3
1527237883.35	4300	58.886931	0.0	2005399	7	4.3
1527237886.45	4300	59.999263	0.0	2152483	19	4.3
1527237890.57	4300	59.749423	0.0	2289689	26	4.3
1527237894.68	4300	59.749364	0.0	2059512	23	4.3
1527237898.43	4300	59.999252	0.0	2220726	25	4.3
1527237902.54	4300	59.74922	0.0	2156729	24	4.3
1527237906.65	4300	59.998284	0.0	2039773	22	4.3
1527237910.76	4300	59.498024	0.0	2176469	25	4.3
1527237914.38	4300	59.999376	0.0	2221506	24	4.3
1527237918.48	4300	59.998194	0.0	2044075	18	4.3
1527237922.6	4300	59.748106	0.0	2186790	21	4.3
1527237926.7	4300	59.749411	0.0	2105231	17	4.3
1527237930.31	4300	59.9985	0.0	2395588	21	4.3
1527237934.92	4300	59.74894	0.0	1972048	22	4.3
1527237938.53	4300	59.747887	0.0	2134614	20	4.3
1527237942.65	4300	59.72437	0.0	2164140	23	4.3
1527237946.76	4300	59.748469	0.0	2113193	23	4.3
1527237950.88	4300	59.749258	0.0	2147852	24	4.3
1527237954.48	4300	59.998778	0.0	2191074	26	4.3
1527237958.6	4300	59.997474	0.0	2286761	21	4.3
1527237962.71	4300	59.749063	0.0	2307787	22	4.3
1527237966.81	4300	59.499057	0.0	2143948	19	4.3
1527237970.48	4300	59.999192	0.0	1919781	20	4.3
1527237974.59	4300	59.998923	0.0	2147467	19	4.3
1527237978.82	4300	59.748297	0.0	2133870	20	4.3
1527237982.92	4300	59.748778	0.0	2146120	18	4.3
1527237986.54	4300	59.748785	0.0	2108491	18	4.3
1527237990.65	4300	59.747776	0.0	2184571	23	4.3
1527237994.27	4300	59.999143	0.0	2121928	19	4.3
1527237998.37	4300	59.99914	0.0	2219102	18	4.3
1527238002.49	4300	59.998788	0.0	2124950	20	4.3
1527238006.6	4300	59.748351	0.0	2246506	22	4.3
1527238010.71	4300	59.748822	0.0	1961140	21	4.3
1527238014.81	4300	59.748376	0.0	2155012	14	4.3
1527238016.41	4300	59.927917	0.0	1433658	16	4.3

1527238016.68	750	4	0.018	668286	3	-0.07740000000000002
1527238016.76	4300	7.979321	0.0	2123065	8	0.75
1527238016.83	4300	11.909311	0.0	2177073	7	4.3
1527238016.9	4300	15.837594	0.0	2160877	7	4.3
1527238016.97	4300	19.765966	0.0	2233056	7	4.3
1527238017.06	4300	23.677465	0.0	1941625	15	4.3
1527238017.14	4300	27.601152	0.0	2157535	9	4.3
1527238017.21	4300	31.524628	0.0	2290172	10	4.3
1527238017.29	4300	35.449464	0.0	2055469	9	4.3
1527238017.37	4300	39.370974	0.0	2169201	9	4.3
1527238017.46	4300	43.277042	0.0	2173522	17	4.3
1527238017.55	4300	47.194747	0.0	2102452	12	4.3
1527238017.64	4300	51.094843	0.0	2209463	22	4.3
1527238017.73	4300	55.009599	0.0	2275376	12	4.3
1527238017.81	4300	58.935374	0.0	2005399	9	4.3
1527238020.89	4300	59.999368	0.0	2152483	7	4.3
1527238025.48	4300	59.499243	0.0	2289689	15	4.3
1527238029.1	4300	59.74933	0.0	2059512	24	4.3
1527238033.21	4300	59.748795	0.0	2220726	20	4.3
1527238036.83	4300	59.998196	0.0	2156729	24	4.3
1527238041.44	4300	59.749018	0.0	2039773	22	4.3
1527238045.06	4300	59.998263	0.0	2176469	23	4.3
1527238049.16	4300	59.749097	0.0	2221506	21	4.3
1527238053.27	4300	59.747858	0.0	2044075	20	4.3
1527238056.88	4300	59.999245	0.0	2186790	22	4.3
1527238061.0	4300	59.748974	0.0	2105231	24	4.3
1527238065.15	4300	59.74892	0.0	2395588	26	4.3
1527238068.76	4300	59.999338	0.0	1972048	22	4.3
1527238072.87	4300	59.999352	0.0	2134614	19	4.3
1527238076.99	4300	59.749413	0.0	2164140	26	4.3
1527238081.11	4300	59.998088	0.0	2113193	24	4.3
1527238085.22	4300	59.749366	0.0	2147852	25	4.3
1527238089.33	4300	59.498214	0.0	2191074	24	4.3
1527238092.94	4300	59.997884	0.0	2286761	23	4.3
1527238097.07	4300	59.998227	0.0	2307787	25	4.3
1527238101.18	4300	59.997762	0.0	2143948	25	4.3
1527238104.79	4300	59.99936	0.0	1919781	22	4.3
1527238108.9	4300	59.997965	0.0	2147467	21	4.3
1527238113.01	4300	59.747922	0.0	2133870	20	4.3
1527238117.12	4300	59.747627	0.0	2146120	20	4.3
1527238121.23	4300	59.748703	0.0	2108491	18	4.3
1527238124.84	4300	59.999135	0.0	2184571	24	4.3
1527238128.96	4300	59.998695	0.0	2121928	22	4.3
1527238133.07	4300	59.748538	0.0	2219102	22	4.3
1527238137.19	4300	59.749203	0.0	2124950	22	4.3
1527238141.29	4300	59.497274	0.0	2246506	21	4.3
1527238144.9	4300	59.998206	0.0	1961140	22	4.3
1527238149.13	4300	59.997499	0.0	2155012	24	4.3
1527238150.81	4300	59.927889	0.0	1433658	14	4.3

1527238151.2	750	4	0.018	668286	2	-0.07740000000000002
1527238151.31	4300	7.948506	0.0	2123065	15	0.75
1527238151.38	4300	11.874392	0.0	2177073	8	4.3
1527238151.46	4300	15.800653	0.0	2160877	10	4.3
1527238151.54	4300	19.722683	0.0	2233056	9	4.3
1527238151.61	4300	23.651365	0.0	1941625	8	4.3
1527238151.68	4300	27.576714	0.0	2157535	9	4.3
1527238151.76	4300	31.502502	0.0	2290172	9	4.3
1527238151.83	4300	35.430217	0.0	2055469	8	4.3
1527238151.9	4300	39.356273	0.0	2169201	8	4.3
1527238151.98	4300	43.282683	0.0	2173522	9	4.3
1527238152.06	4300	47.192888	0.0	2102452	20	4.3
1527238152.14	4300	51.120897	0.0	2209463	9	4.3
1527238152.21	4300	55.046938	0.0	2275376	8	4.3
1527238152.29	4300	58.96363	0.0	2005399	17	4.3
1527238155.37	4300	59.999015	0.0	2152483	7	4.3
1527238159.99	4300	59.749304	0.0	2289689	27	4.3
1527238163.61	4300	59.749169	0.0	2059512	18	4.3
1527238167.72	4300	59.998921	0.0	2220726	25	4.3
1527238171.83	4300	59.749756	0.0	2156729	24	4.3
1527238175.44	4300	59.998873	0.0	2039773	21	4.3
1527238179.55	4300	59.749062	0.0	2176469	20	4.3
1527238183.65	4300	59.748957	0.0	2221506	20	4.3
1527238187.76	4300	59.998663	0.0	2044075	22	4.3
1527238191.37	4300	59.998989	0.0	2186790	24	4.3
1527238195.99	4300	59.749329	0.0	2105231	23	4.3
1527238199.6	4300	59.749856	0.0	2395588	21	4.3
1527238203.71	4300	59.998778	0.0	1972048	22	4.3
1527238207.33	4300	59.998796	0.0	2134614	26	4.3
1527238211.94	4300	59.747959	0.0	2164140	20	4.3
1527238215.54	4300	59.747834	0.0	2113193	23	4.3
1527238219.66	4300	59.749475	0.0	2147852	22	4.3
1527238223.26	4300	59.99916	0.0	2191074	22	4.3
