1527271741.28	750	4	0.027	2354772	11	-0.11609999999999998
1527271741.43	4300	7.966094	0.0	2123065	22	0.75
1527271741.57	4300	11.817908	0.0	2177073	23	4.3
1527271741.71	4300	15.679381	0.0	2160877	13	4.3
1527271741.84	4300	19.554714	0.0	2233056	7	4.3
1527271741.96	4300	23.434165	0.0	1941625	7	4.3
1527271742.09	4300	27.301157	0.0	2157535	15	4.3
1527271742.23	4300	31.164303	0.0	2290172	14	4.3
1527271742.34	4300	35.047699	0.0	2055469	8	4.3
1527271742.48	4300	38.913366	0.0	2169201	14	4.3
1527271742.62	4300	42.776393	0.0	2173522	15	4.3
1527271742.76	4300	46.635814	0.0	2102452	17	4.3
1527271742.9	4300	50.489081	0.0	2209463	22	4.3
1527271743.04	4300	54.347537	0.0	2275376	16	4.3
1527271743.19	4300	58.205736	0.0	2005399	11	4.3
1527271745.81	4300	59.999123	0.0	2152483	7	4.3
1527271749.47	4300	59.998992	0.0	2289689	23	4.3
1527271753.63	4300	59.998932	0.0	2059512	21	4.3
1527271757.84	4300	59.999	0.0	2220726	15	4.3
1527271762.0	4300	59.748853	0.0	2156729	24	4.3
1527271765.66	4300	59.749286	0.0	2039773	22	4.3
1527271769.82	4300	59.998899	0.0	2176469	24	4.3
1527271773.48	4300	59.998778	0.0	2221506	20	4.3
1527271777.63	4300	59.998573	0.0	2044075	19	4.3
1527271781.79	4300	59.747834	0.0	2186790	24	4.3
1527271785.46	4300	59.998848	0.0	2105231	22	4.3
1527271789.62	4300	59.998422	0.0	2395588	26	4.3
1527271793.79	4300	59.998286	0.0	1972048	23	4.3
1527271797.94	4300	59.499096	0.0	2134614	22	4.3
1527271801.6	4300	59.999438	0.0	2164140	25	4.3
1527271805.75	4300	59.749049	0.0	2113193	14	4.3
1527271809.91	4300	59.748236	0.0	2147852	24	4.3
1527271814.08	4300	59.748812	0.0	2191074	23	4.3
1527271817.75	4300	59.748481	0.0	2286761	24	4.3
1527271821.91	4300	59.749483	0.0	2307787	23	4.3
1527271826.07	4300	59.498729	0.0	2143948	24	4.3
1527271829.73	4300	59.999131	0.0	1919781	18	4.3
1527271833.88	4300	59.748994	0.0	2147467	23	4.3
1527271837.55	4300	59.998853	0.0	2133870	23	4.3
1527271841.71	4300	59.998959	0.0	2146120	25	4.3
1527271845.87	4300	59.998862	0.0	2108491	25	4.3
1527271850.05	4300	59.748825	0.0	2184571	25	4.3
1527271853.7	4300	59.748889	0.0	2121928	19	4.3
1527271857.88	4300	59.747377	0.0	2219102	26	4.3
1527271862.05	4300	59.74743	0.0	2124950	24	4.3
1527271865.7	4300	59.747785	0.0	2246506	20	4.3
1527271869.84	4300	59.749005	0.0	1961140	21	4.3
1527271873.98	4300	59.498064	0.0	2155012	24	4.3
1527271875.59	4300	59.92762	0.0	1433658	16	4.3

1527271875.89	750	4	0.017	668286	5	-0.07309999999999994
1527271876.05	4300	7.95084	0.0	2123065	20	0.75
1527271876.18	4300	11.815633	0.0	2177073	15	4.3
1527271876.32	4300	15.677915	0.0	2160877	13	4.3
1527271876.46	4300	19.542628	0.0	2233056	16	4.3
1527271876.58	4300	23.420185	0.0	1941625	9	4.3
1527271876.7	4300	27.295512	0.0	2157535	10	4.3
1527271876.83	4300	31.169817	0.0	2290172	11	4.3
1527271876.95	4300	35.044859	0.0	2055469	9	4.3
1527271877.08	4300	38.921586	0.0	2169201	10	4.3
1527271877.2	4300	42.79846	0.0	2173522	9	4.3
1527271877.33	4300	46.668455	0.0	2102452	10	4.3
1527271877.48	4300	50.519069	0.0	2209463	24	4.3
1527271877.62	4300	54.376413	0.0	2275376	18	4.3
1527271877.77	4300	58.227276	0.0	2005399	25	4.3
1527271880.43	4300	59.998847	0.0	2152483	23	4.3
1527271884.6	4300	59.498946	0.0	2289689	22	4.3
1527271888.25	4300	59.749261	0.0	2059512	20	4.3
1527271892.41	4300	59.998927	0.0	2220726	23	4.3
1527271896.55	4300	59.748984	0.0	2156729	12	4.3
1527271900.22	4300	59.99897	0.0	2039773	23	4.3
1527271904.38	4300	59.749001	0.0	2176469	25	4.3
1527271908.05	4300	59.998939	0.0	2221506	16	4.3
1527271912.21	4300	59.999174	0.0	2044075	21	4.3
1527271916.38	4300	59.748396	0.0	2186790	24	4.3
1527271920.55	4300	59.748958	0.0	2105231	24	4.3
1527271924.7	4300	59.497672	0.0	2395588	21	4.3
1527271928.39	4300	59.747848	0.0	1972048	14	4.3
1527271932.55	4300	59.498324	0.0	2134614	24	4.3
1527271936.21	4300	59.997975	0.0	2164140	24	4.3
1527271940.38	4300	59.748102	0.0	2113193	24	4.3
1527271944.54	4300	59.499091	0.0	2147852	23	4.3
1527271948.2	4300	59.998344	0.0	2191074	20	4.3
1527271952.36	4300	59.998889	0.0	2286761	22	4.3
1527271956.52	4300	59.49756	0.0	2307787	26	4.3
1527271960.19	4300	59.998876	0.0	2143948	24	4.3
1527271964.35	4300	59.99908	0.0	1919781	22	4.3
1527271968.01	4300	59.998984	0.0	2147467	22	4.3
1527271972.18	4300	59.998635	0.0	2133870	24	4.3
1527271976.33	4300	59.748918	0.0	2146120	18	4.3
1527271980.48	4300	59.749158	0.0	2108491	14	4.3
1527271984.69	4300	59.748425	0.0	2184571	21	4.3
1527271988.34	4300	59.998124	0.0	2121928	17	4.3
1527271992.5	4300	59.749354	0.0	2219102	19	4.3
1527271996.16	4300	59.998882	0.0	2124950	24	4.3
1527272000.31	4300	59.74815	0.0	2246506	24	4.3
1527272004.46	4300	59.74916	0.0	1961140	21	4.3
1527272008.6	4300	59.499513	0.0	2155012	24	4.3
1527272010.21	4300	59.928705	0.0	1433658	18	4.3

1527272010.5	750	4	0.017	668286	2	-0.07309999999999994
1527272010.65	4300	7.959618	0.0	2123065	20	0.75
1527272010.8	4300	11.809666	0.0	2177073	24	4.3
1527272010.94	4300	15.672839	0.0	2160877	17	4.3
1527272011.07	4300	19.539455	0.0	2233056	15	4.3
1527272011.22	4300	23.393361	0.0	1941625	24	4.3
1527272011.37	4300	27.241149	0.0	2157535	24	4.3
1527272011.51	4300	31.105459	0.0	2290172	15	4.3
1527272011.63	4300	34.9751	0.0	2055469	15	4.3
1527272011.76	4300	38.853862	0.0	2169201	8	4.3
1527272011.88	4300	42.732916	0.0	2173522	8	4.3
1527272012.0	4300	46.613785	0.0	2102452	8	4.3
1527272012.11	4300	50.494384	0.0	2209463	9	4.3
1527272012.27	4300	54.344856	0.0	2275376	25	4.3
1527272012.43	4300	58.183397	0.0	2005399	38	4.3
1527272015.08	4300	59.748076	0.0	2152483	25	4.3
1527272019.25	4300	59.499135	0.0	2289689	27	4.3
1527272022.92	4300	59.749223	0.0	2059512	21	4.3
1527272027.08	4300	59.748431	0.0	2220726	23	4.3
1527272031.24	4300	59.499642	0.0	2156729	24	4.3
1527272034.89	4300	59.74894	0.0	2039773	19	4.3
1527272039.06	4300	59.998732	0.0	2176469	23	4.3
