1527166279.49	750	4	0.026	2354772	7	-0.11180000000000001
1527166279.63	4300	7.958248	0.0	2123065	23	0.75
1527166279.71	4300	11.869076	0.0	2177073	14	4.3
1527166279.81	4300	15.778086	0.0	2160877	16	4.3
1527166279.88	4300	19.701568	0.0	2233056	9	4.3
1527166279.95	4300	23.629823	0.0	1941625	7	4.3
1527166280.03	4300	27.55718	0.0	2157535	7	4.3
1527166280.1	4300	31.482108	0.0	2290172	7	4.3
1527166280.17	4300	35.408333	0.0	2055469	7	4.3
1527166280.25	4300	39.334831	0.0	2169201	8	4.3
1527166280.32	4300	43.262999	0.0	2173522	8	4.3
1527166280.39	4300	47.188638	0.0	2102452	8	4.3
1527166280.53	4300	51.11589	0.0	2209463	8	4.3
1527166280.63	4300	54.949613	0.0	2275376	22	4.3
1527166280.71	4300	58.873616	0.0	2005399	7	4.3
1527166283.79	4300	59.997853	0.0	2152483	8	4.3
1527166287.91	4300	59.998242	0.0	2289689	25	4.3
1527166292.02	4300	59.747763	0.0	2059512	21	4.3
1527166296.12	4300	59.74773	0.0	2220726	19	4.3
1527166299.74	4300	59.997968	0.0	2156729	23	4.3
1527166303.84	4300	59.998461	0.0	2039773	15	4.3
1527166307.95	4300	59.747472	0.0	2176469	24	4.3
1527166312.07	4300	59.749333	0.0	2221506	20	4.3
1527166315.68	4300	59.999132	0.0	2044075	23	4.3
1527166319.79	4300	59.998217	0.0	2186790	26	4.3
1527166323.91	4300	59.747836	0.0	2105231	22	4.3
1527166328.02	4300	59.748976	0.0	2395588	24	4.3
1527166331.62	4300	59.998477	0.0	1972048	14	4.3
1527166336.24	4300	59.749146	0.0	2134614	20	4.3
1527166339.85	4300	59.749136	0.0	2164140	21	4.3
1527166344.01	4300	59.747432	0.0	2113193	22	4.3
1527166348.13	4300	59.497545	0.0	2147852	21	4.3
1527166351.73	4300	59.998755	0.0	2191074	19	4.3
1527166356.34	4300	59.248811	0.0	2286761	16	4.3
1527166359.95	4300	59.748587	0.0	2307787	23	4.3
1527166364.07	4300	59.748625	0.0	2143948	24	4.3
1527166367.66	4300	59.997694	0.0	1919781	11	4.3
1527166371.79	4300	59.998528	0.0	2147467	25	4.3
1527166375.9	4300	59.749293	0.0	2133870	24	4.3
1527166380.01	4300	59.748341	0.0	2146120	20	4.3
1527166383.62	4300	59.99864	0.0	2108491	19	4.3
1527166388.24	4300	59.498564	0.0	2184571	25	4.3
1527166391.86	4300	59.748396	0.0	2121928	24	4.3
1527166395.97	4300	59.998285	0.0	2219102	21	4.3
1527166400.1	4300	59.518029	0.0	2124950	21	4.3
1527166404.47	4300	59.497915	0.0	2246506	18	4.3
1527166408.16	4300	59.747737	0.0	1961140	25	4.3
1527166412.27	4300	59.498176	0.0	2155012	17	4.3
1527166413.49	4300	59.929178	0.0	1433658	15	4.3

1527166413.87	750	4	0.019	668286	5	-0.0817
1527166413.97	4300	7.96204	0.0	2123065	17	0.75
1527166414.06	4300	11.883757	0.0	2177073	10	4.3
1527166414.14	4300	15.796404	0.0	2160877	13	4.3
1527166414.23	4300	19.704147	0.0	2233056	8	4.3
1527166414.3	4300	23.633711	0.0	1941625	7	4.3
1527166414.37	4300	27.56252	0.0	2157535	8	4.3
1527166414.44	4300	31.49042	0.0	2290172	7	4.3
1527166414.51	4300	35.417954	0.0	2055469	7	4.3
1527166414.58	4300	39.34889	0.0	2169201	7	4.3
1527166414.65	4300	43.278896	0.0	2173522	8	4.3
1527166414.73	4300	47.208033	0.0	2102452	7	4.3
1527166414.8	4300	51.136781	0.0	2209463	6	4.3
1527166414.87	4300	55.066397	0.0	2275376	8	4.3
1527166414.94	4300	58.993699	0.0	2005399	9	4.3
1527166418.02	4300	59.998727	0.0	2152483	7	4.3
1527166422.72	4300	59.748828	0.0	2289689	13	4.3
1527166426.32	4300	59.74863	0.0	2059512	13	4.3
1527166430.43	4300	59.997947	0.0	2220726	27	4.3
1527166434.54	4300	59.749132	0.0	2156729	24	4.3
1527166438.13	4300	59.998009	0.0	2039773	12	4.3
1527166442.25	4300	59.999103	0.0	2176469	24	4.3
1527166446.37	4300	59.998627	0.0	2221506	26	4.3
1527166449.98	4300	59.998607	0.0	2044075	20	4.3
1527166454.59	4300	59.498953	0.0	2186790	18	4.3
1527166458.19	4300	59.749174	0.0	2105231	24	4.3
1527166462.31	4300	59.749408	0.0	2395588	21	4.3
1527166466.42	4300	59.748243	0.0	1972048	18	4.3
1527166470.01	4300	59.999446	0.0	2134614	15	4.3
1527166474.12	4300	59.998398	0.0	2164140	23	4.3
1527166478.23	4300	59.997911	0.0	2113193	21	4.3
1527166482.34	4300	59.748231	0.0	2147852	22	4.3
1527166486.45	4300	59.498572	0.0	2191074	22	4.3
1527166490.13	4300	59.998097	0.0	2286761	15	4.3
1527166494.25	4300	59.747993	0.0	2307787	21	4.3
1527166498.36	4300	59.748652	0.0	2143948	21	4.3
1527166501.99	4300	59.998887	0.0	1919781	20	4.3
1527166506.13	4300	59.999151	0.0	2147467	25	4.3
1527166510.24	4300	59.749429	0.0	2133870	22	4.3
1527166514.34	4300	59.748151	0.0	2146120	13	4.3
1527166518.46	4300	59.497704	0.0	2108491	24	4.3
1527166522.58	4300	59.747294	0.0	2184571	22	4.3
1527166526.19	4300	59.748119	0.0	2121928	15	4.3
1527166530.31	4300	59.998022	0.0	2219102	27	4.3
1527166534.42	4300	59.748298	0.0	2124950	21	4.3
1527166538.04	4300	59.997739	0.0	2246506	23	4.3
1527166542.65	4300	59.499033	0.0	1961140	21	4.3
1527166546.26	4300	59.998204	0.0	2155012	17	4.3
1527166548.36	4300	59.677459	0.0	1433658	17	4.3

1527166548.6	750	4	0.021	668286	5	-0.09030000000000005
1527166548.68	4300	7.979816	0.0	2123065	8	0.75
1527166548.75	4300	11.910312	0.0	2177073	7	4.3
1527166548.82	4300	15.839784	0.0	2160877	8	4.3
1527166548.89	4300	19.767875	0.0	2233056	7	4.3
1527166548.96	4300	23.696626	0.0	1941625	8	4.3
1527166549.03	4300	27.626434	0.0	2157535	8	4.3
1527166549.11	4300	31.553489	0.0	2290172	8	4.3
1527166549.18	4300	35.483248	0.0	2055469	7	4.3
1527166549.25	4300	39.414221	0.0	2169201	7	4.3
1527166549.32	4300	43.342885	0.0	2173522	7	4.3
1527166549.39	4300	47.272721	0.0	2102452	7	4.3
1527166549.46	4300	51.20149	0.0	2209463	8	4.3
1527166549.53	4300	55.131448	0.0	2275376	7	4.3
1527166549.61	4300	59.053623	0.0	2005399	9	4.3
1527166553.19	4300	59.748551	0.0	2152483	8	4.3
1527166556.78	4300	59.999367	0.0	2289689	13	4.3
1527166561.4	4300	59.497842	0.0	2059512	24	4.3
1527166565.01	4300	59.749528	0.0	2220726	20	4.3
1527166569.1	4300	59.74861	0.0	2156729	13	4.3
1527166572.7	4300	59.998533	0.0	2039773	14	4.3
1527166577.32	4300	59.498494	0.0	2176469	23	4.3
1527166580.91	4300	59.998662	0.0	2221506	12	4.3
1527166585.03	4300	59.747971	0.0	2044075	23	4.3
1527166589.14	4300	59.748249	0.0	2186790	23	4.3
1527166592.77	4300	59.999092	0.0	2105231	23	4.3
1527166597.43	4300	59.748637	0.0	2395588	16	4.3
1527166601.04	4300	59.749521	0.0	1972048	20	4.3
1527166605.16	4300	59.748901	0.0	2134614	27	4.3
1527166609.27	4300	59.749336	0.0	2164140	23	4.3
1527166612.85	4300	59.998321	0.0	2113193	9	4.3
