1527219529.53	750	4	0.021	2354772	6	-0.09030000000000005
1527219529.68	4300	7.959672	0.0	2123065	21	0.75
1527219529.83	4300	11.80741	0.0	2177073	24	4.3
1527219529.98	4300	15.655937	0.0	2160877	23	4.3
1527219530.13	4300	19.505444	0.0	2233056	26	4.3
1527219530.28	4300	23.358233	0.0	1941625	22	4.3
1527219530.4	4300	27.233692	0.0	2157535	12	4.3
1527219530.55	4300	31.082573	0.0	2290172	25	4.3
1527219530.68	4300	34.951796	0.0	2055469	12	4.3
1527219530.81	4300	38.819963	0.0	2169201	14	4.3
1527219530.97	4300	42.668786	0.0	2173522	25	4.3
1527219531.09	4300	46.542492	0.0	2102452	11	4.3
1527219531.29	4300	50.415976	0.0	2209463	12	4.3
1527219531.44	4300	54.19441	0.0	2275376	19	4.3
1527219531.59	4300	58.049601	0.0	2005399	10	4.3
1527219533.73	4300	59.999478	0.0	2152483	18	4.3
1527219538.44	4300	59.247982	0.0	2289689	25	4.3
1527219542.07	4300	59.748338	0.0	2059512	7	4.3
1527219546.22	4300	59.749082	0.0	2220726	16	4.3
1527219550.38	4300	59.497972	0.0	2156729	23	4.3
1527219554.03	4300	59.747699	0.0	2039773	23	4.3
1527219557.67	4300	59.998243	0.0	2176469	15	4.3
1527219562.35	4300	59.748584	0.0	2221506	24	4.3
1527219566.05	4300	59.997679	0.0	2044075	14	4.3
1527219569.77	4300	59.99874	0.0	2186790	24	4.3
1527219573.93	4300	59.998535	0.0	2105231	24	4.3
1527219578.09	4300	59.749363	0.0	2395588	29	4.3
1527219581.75	4300	59.998845	0.0	1972048	21	4.3
1527219585.92	4300	59.998054	0.0	2134614	23	4.3
1527219590.07	4300	59.749394	0.0	2164140	22	4.3
1527219594.23	4300	59.747703	0.0	2113193	23	4.3
1527219597.9	4300	59.748617	0.0	2147852	24	4.3
1527219602.06	4300	59.997851	0.0	2191074	27	4.3
1527219606.23	4300	59.748351	0.0	2286761	26	4.3
1527219609.93	4300	59.997537	0.0	2307787	22	4.3
1527219614.1	4300	59.748436	0.0	2143948	24	4.3
1527219617.76	4300	59.998593	0.0	1919781	21	4.3
1527219621.93	4300	59.748484	0.0	2147467	23	4.3
1527219626.11	4300	59.999022	0.0	2133870	42	4.3
1527219630.25	4300	59.498963	0.0	2146120	15	4.3
1527219633.91	4300	59.748598	0.0	2108491	22	4.3
1527219638.07	4300	59.748144	0.0	2184571	25	4.3
1527219641.73	4300	59.999344	0.0	2121928	26	4.3
1527219645.9	4300	59.748471	0.0	2219102	25	4.3
1527219650.04	4300	59.998438	0.0	2124950	15	4.3
1527219654.2	4300	59.498572	0.0	2246506	26	4.3
1527219658.33	4300	59.498672	0.0	1961140	13	4.3
1527219661.97	4300	59.747569	0.0	2155012	16	4.3
1527219663.56	4300	59.929251	0.0	1433658	5	4.3

1527219663.82	750	4	0.017	668286	2	-0.07309999999999994
1527219663.95	4300	7.981577	0.0	2123065	6	0.75
1527219664.06	4300	11.86418	0.0	2177073	7	4.3
1527219664.18	4300	15.741476	0.0	2160877	7	4.3
1527219664.3	4300	19.621812	0.0	2233056	6	4.3
1527219664.42	4300	23.508315	0.0	1941625	6	4.3
1527219664.53	4300	27.392732	0.0	2157535	7	4.3
1527219664.65	4300	31.274518	0.0	2290172	7	4.3
1527219664.76	4300	35.160695	0.0	2055469	6	4.3
1527219664.88	4300	39.044052	0.0	2169201	7	4.3
1527219665.0	4300	42.927033	0.0	2173522	7	4.3
1527219665.11	4300	46.811678	0.0	2102452	6	4.3
1527219665.23	4300	50.695324	0.0	2209463	7	4.3
1527219665.34	4300	54.58025	0.0	2275376	7	4.3
1527219665.46	4300	58.466371	0.0	2005399	7	4.3
1527219668.58	4300	59.748388	0.0	2152483	7	4.3
1527219672.21	4300	59.748435	0.0	2289689	8	4.3
1527219676.34	4300	59.749654	0.0	2059512	7	4.3
1527219680.49	4300	59.499111	0.0	2220726	22	4.3
1527219684.67	4300	59.748412	0.0	2156729	25	4.3
1527219688.32	4300	59.997884	0.0	2039773	22	4.3
1527219691.98	4300	59.99912	0.0	2176469	25	4.3
1527219696.14	4300	59.999134	0.0	2221506	25	4.3
1527219700.28	4300	59.749705	0.0	2044075	14	4.3
1527219704.43	4300	59.499053	0.0	2186790	22	4.3
1527219708.59	4300	59.748088	0.0	2105231	23	4.3
1527219712.24	4300	59.997814	0.0	2395588	22	4.3
1527219716.39	4300	59.999023	0.0	1972048	22	4.3
1527219720.55	4300	59.499354	0.0	2134614	19	4.3
1527219724.27	4300	59.747912	0.0	2164140	25	4.3
1527219728.45	4300	59.74807	0.0	2113193	25	4.3
1527219732.1	4300	59.998725	0.0	2147852	14	4.3
1527219736.32	4300	59.997701	0.0	2191074	18	4.3
1527219740.53	4300	59.748215	0.0	2286761	27	4.3
1527219744.17	4300	59.998933	0.0	2307787	17	4.3
1527219748.31	4300	59.998525	0.0	2143948	14	4.3
1527219751.97	4300	59.999499	0.0	1919781	23	4.3
1527219756.13	4300	59.999087	0.0	2147467	19	4.3
1527219760.27	4300	59.747842	0.0	2133870	13	4.3
1527219763.94	4300	59.998092	0.0	2146120	24	4.3
1527219768.09	4300	59.999425	0.0	2108491	19	4.3
1527219772.25	4300	59.748634	0.0	2184571	26	4.3
1527219776.4	4300	59.749445	0.0	2121928	21	4.3
1527219780.06	4300	59.998691	0.0	2219102	25	4.3
1527219784.23	4300	59.748621	0.0	2124950	23	4.3
1527219788.37	4300	59.997979	0.0	2246506	20	4.3
1527219792.51	4300	59.498713	0.0	1961140	20	4.3
1527219796.65	4300	59.749023	0.0	2155012	24	4.3
1527219798.26	4300	59.67894	0.0	1433658	14	4.3

1527219798.56	750	4	0.015	668286	2	-0.0645
1527219798.72	4300	7.955764	0.0	2123065	11	0.75
1527219798.86	4300	11.815654	0.0	2177073	17	4.3
1527219799.0	4300	15.672627	0.0	2160877	17	4.3
1527219799.15	4300	19.527756	0.0	2233056	23	4.3
1527219799.28	4300	23.399329	0.0	1941625	14	4.3
1527219799.41	4300	27.268025	0.0	2157535	14	4.3
1527219799.54	4300	31.137804	0.0	2290172	15	4.3
1527219799.67	4300	35.009535	0.0	2055469	13	4.3
1527219799.8	4300	38.877051	0.0	2169201	14	4.3
1527219799.93	4300	42.747689	0.0	2173522	14	4.3
1527219800.06	4300	46.616644	0.0	2102452	14	4.3
1527219800.19	4300	50.486701	0.0	2209463	15	4.3
1527219800.33	4300	54.346152	0.0	2275376	18	4.3
1527219800.49	4300	58.190062	0.0	2005399	33	4.3
1527219803.13	4300	59.749737	0.0	2152483	18	4.3
1527219806.79	4300	59.998815	0.0	2289689	24	4.3
1527219810.95	4300	59.998189	0.0	2059512	22	4.3
1527219815.11	4300	59.999039	0.0	2220726	22	4.3
1527219818.77	4300	59.999266	0.0	2156729	25	4.3
1527219822.92	4300	59.99932	0.0	2039773	23	4.3
1527219827.08	4300	59.999095	0.0	2176469	20	4.3
1527219830.74	4300	59.997986	0.0	2221506	26	4.3
1527219835.39	4300	59.749086	0.0	2044075	22	4.3
1527219839.05	4300	59.748833	0.0	2186790	24	4.3
1527219843.21	4300	59.497935	0.0	2105231	26	4.3
1527219846.87	4300	59.99936	0.0	2395588	27	4.3
1527219851.03	4300	59.998678	0.0	1972048	22	4.3
1527219855.16	4300	59.748679	0.0	2134614	7	4.3
1527219859.32	4300	59.499032	0.0	2164140	26	4.3
1527219862.98	4300	59.748557	0.0	2113193	23	4.3
