1527183646.46	750	4	0.027	2354772	11	-0.11609999999999998
1527183646.58	4300	7.98467	0.0	2123065	8	0.75
1527183646.65	4300	11.914347	0.0	2177073	7	4.3
1527183646.72	4300	15.841536	0.0	2160877	8	4.3
1527183646.79	4300	19.767698	0.0	2233056	8	4.3
1527183646.86	4300	23.697375	0.0	1941625	8	4.3
1527183646.93	4300	27.626517	0.0	2157535	8	4.3
1527183647.01	4300	31.55358	0.0	2290172	8	4.3
1527183647.08	4300	35.483922	0.0	2055469	8	4.3
1527183647.15	4300	39.413042	0.0	2169201	8	4.3
1527183647.22	4300	43.337641	0.0	2173522	7	4.3
1527183647.29	4300	47.266996	0.0	2102452	7	4.3
1527183647.36	4300	51.196801	0.0	2209463	7	4.3
1527183647.45	4300	55.113252	0.0	2275376	8	4.3
1527183647.52	4300	59.036041	0.0	2005399	7	4.3
1527183651.14	4300	59.497986	0.0	2152483	8	4.3
1527183655.25	4300	59.498772	0.0	2289689	22	4.3
1527183658.85	4300	59.749061	0.0	2059512	22	4.3
1527183662.94	4300	59.749068	0.0	2220726	7	4.3
1527183667.05	4300	59.748008	0.0	2156729	18	4.3
1527183670.68	4300	59.997903	0.0	2039773	36	4.3
1527183675.31	4300	59.747874	0.0	2176469	26	4.3
1527183679.41	4300	59.247914	0.0	2221506	17	4.3
1527183683.03	4300	59.749445	0.0	2044075	23	4.3
1527183687.14	4300	59.498361	0.0	2186790	22	4.3
1527183691.28	4300	59.748538	0.0	2105231	25	4.3
1527183694.9	4300	59.747632	0.0	2395588	31	4.3
1527183699.03	4300	59.998008	0.0	1972048	29	4.3
1527183702.65	4300	59.998515	0.0	2134614	23	4.3
1527183707.28	4300	59.748259	0.0	2164140	22	4.3
1527183710.91	4300	59.998176	0.0	2113193	32	4.3
1527183715.02	4300	59.74795	0.0	2147852	18	4.3
1527183718.64	4300	59.998055	0.0	2191074	22	4.3
1527183723.25	4300	59.74911	0.0	2286761	22	4.3
1527183726.88	4300	59.997932	0.0	2307787	29	4.3
1527183731.0	4300	59.74875	0.0	2143948	26	4.3
1527183735.15	4300	59.748678	0.0	1919781	21	4.3
1527183738.77	4300	59.999399	0.0	2147467	23	4.3
1527183742.89	4300	59.748131	0.0	2133870	24	4.3
1527183747.0	4300	59.997205	0.0	2146120	22	4.3
1527183751.12	4300	59.498108	0.0	2108491	26	4.3
1527183755.24	4300	59.748464	0.0	2184571	26	4.3
1527183758.86	4300	59.747393	0.0	2121928	24	4.3
1527183762.98	4300	59.748733	0.0	2219102	27	4.3
1527183766.59	4300	59.999162	0.0	2124950	23	4.3
1527183770.7	4300	59.998613	0.0	2246506	20	4.3
1527183774.8	4300	59.997748	0.0	1961140	18	4.3
1527183778.91	4300	59.997803	0.0	2155012	20	4.3
1527183780.51	4300	59.928744	0.0	1433658	16	4.3

1527183780.86	750	4	0.055	668286	3	-0.23649999999999993
1527183780.94	4300	7.978887	0.0	2123065	8	0.75
1527183781.01	4300	11.906066	0.0	2177073	7	4.3
1527183781.09	4300	15.833	0.0	2160877	8	4.3
1527183781.16	4300	19.762432	0.0	2233056	7	4.3
1527183781.23	4300	23.691885	0.0	1941625	6	4.3
1527183781.3	4300	27.619981	0.0	2157535	7	4.3
1527183781.37	4300	31.549075	0.0	2290172	8	4.3
1527183781.44	4300	35.478687	0.0	2055469	7	4.3
1527183781.51	4300	39.406117	0.0	2169201	8	4.3
1527183781.59	4300	43.334295	0.0	2173522	8	4.3
1527183781.66	4300	47.263106	0.0	2102452	8	4.3
1527183781.73	4300	51.1921	0.0	2209463	6	4.3
1527183781.8	4300	55.11664	0.0	2275376	9	4.3
1527183781.87	4300	59.044973	0.0	2005399	7	4.3
1527183784.95	4300	59.999412	0.0	2152483	6	4.3
1527183789.55	4300	59.499284	0.0	2289689	13	4.3
1527183793.66	4300	59.749193	0.0	2059512	23	4.3
1527183797.25	4300	59.998657	0.0	2220726	8	4.3
1527183801.37	4300	59.749319	0.0	2156729	21	4.3
1527183805.72	4300	59.499322	0.0	2039773	14	4.3
1527183809.34	4300	59.749101	0.0	2176469	26	4.3
1527183813.07	4300	59.998069	0.0	2221506	26	4.3
1527183817.19	4300	59.749671	0.0	2044075	25	4.3
1527183821.3	4300	59.748781	0.0	2186790	21	4.3
1527183825.41	4300	59.748698	0.0	2105231	21	4.3
1527183829.65	4300	59.748642	0.0	2395588	24	4.3
1527183833.27	4300	59.749176	0.0	1972048	20	4.3
1527183837.39	4300	59.748282	0.0	2134614	32	4.3
1527183841.51	4300	59.440576	0.0	2164140	26	4.3
1527183845.1	4300	59.997926	0.0	2113193	10	4.3
1527183849.19	4300	59.749211	0.0	2147852	10	4.3
1527183853.31	4300	59.747616	0.0	2191074	34	4.3
1527183857.42	4300	59.498891	0.0	2286761	23	4.3
1527183861.54	4300	59.498288	0.0	2307787	24	4.3
1527183865.16	4300	59.999474	0.0	2143948	22	4.3
1527183869.28	4300	59.998744	0.0	1919781	20	4.3
1527183873.4	4300	59.748751	0.0	2147467	23	4.3
1527183877.53	4300	59.748504	0.0	2133870	34	4.3
1527183881.64	4300	59.498366	0.0	2146120	24	4.3
1527183885.24	4300	59.749391	0.0	2108491	16	4.3
1527183889.36	4300	59.997604	0.0	2184571	23	4.3
1527183892.98	4300	59.997924	0.0	2121928	26	4.3
1527183897.09	4300	59.997851	0.0	2219102	19	4.3
1527183901.19	4300	59.998369	0.0	2124950	15	4.3
1527183905.53	4300	59.748333	0.0	2246506	17	4.3
1527183909.19	4300	59.997412	0.0	1961140	32	4.3
1527183913.31	4300	59.99788	0.0	2155012	25	4.3
1527183914.88	4300	59.928307	0.0	1433658	8	4.3

1527183915.18	750	4	0.016	668286	2	-0.06879999999999997
1527183915.27	4300	7.979237	0.0	2123065	7	0.75
1527183915.37	4300	11.871298	0.0	2177073	22	4.3
1527183915.46	4300	15.78603	0.0	2160877	14	4.3
1527183915.55	4300	19.695181	0.0	2233056	16	4.3
1527183915.63	4300	23.610533	0.0	1941625	13	4.3
1527183915.72	4300	27.522943	0.0	2157535	18	4.3
1527183915.8	4300	31.444425	0.0	2290172	9	4.3
1527183915.87	4300	35.370583	0.0	2055469	8	4.3
1527183915.97	4300	39.275159	0.0	2169201	20	4.3
1527183916.06	4300	43.18759	0.0	2173522	16	4.3
1527183916.14	4300	47.099255	0.0	2102452	15	4.3
1527183916.22	4300	51.021367	0.0	2209463	10	4.3
1527183916.3	4300	54.945779	0.0	2275376	10	4.3
1527183916.38	4300	58.865165	0.0	2005399	12	4.3
1527183919.46	4300	59.999092	0.0	2152483	9	4.3
1527183923.57	4300	59.749562	0.0	2289689	24	4.3
1527183927.68	4300	59.748481	0.0	2059512	21	4.3
1527183931.76	4300	59.749027	0.0	2220726	9	4.3
1527183935.86	4300	59.498195	0.0	2156729	12	4.3
1527183939.47	4300	59.998571	0.0	2039773	24	4.3
1527183943.59	4300	59.998056	0.0	2176469	23	4.3
1527183947.69	4300	59.748845	0.0	2221506	21	4.3
1527183951.8	4300	59.748114	0.0	2044075	19	4.3
1527183955.4	4300	59.998054	0.0	2186790	16	4.3
1527183959.51	4300	59.748391	0.0	2105231	25	4.3
1527183963.62	4300	59.998407	0.0	2395588	25	4.3
1527183967.73	4300	59.998719	0.0	1972048	21	4.3
1527183971.32	4300	59.998033	0.0	2134614	13	4.3
1527183975.93	4300	59.747538	0.0	2164140	25	4.3
1527183979.52	4300	59.748616	0.0	2113193	11	4.3
1527183983.63	4300	59.747304	0.0	2147852	24	4.3
1527183987.74	4300	59.997994	0.0	2191074	23	4.3
1527183991.33	4300	59.997754	0.0	2286761	13	4.3
1527183995.42	4300	59.998719	0.0	2307787	13	4.3
1527183999.53	4300	59.749178	0.0	2143948	22	4.3
1527184003.65	4300	59.998901	0.0	1919781	21	4.3
