1527181334.29	750	4	0.028	2354772	8	-0.12039999999999995
1527181334.43	4300	7.965424	0.0	2123065	19	0.75
1527181334.56	4300	11.840007	0.0	2177073	11	4.3
1527181334.69	4300	15.707964	0.0	2160877	9	4.3
1527181334.81	4300	19.582861	0.0	2233056	12	4.3
1527181334.93	4300	23.461516	0.0	1941625	10	4.3
1527181335.06	4300	27.336645	0.0	2157535	11	4.3
1527181335.19	4300	31.211047	0.0	2290172	12	4.3
1527181335.33	4300	35.06288	0.0	2055469	25	4.3
1527181335.47	4300	38.93034	0.0	2169201	12	4.3
1527181335.6	4300	42.797503	0.0	2173522	12	4.3
1527181335.73	4300	46.670657	0.0	2102452	13	4.3
1527181335.85	4300	50.542318	0.0	2209463	12	4.3
1527181336.0	4300	54.396735	0.0	2275376	12	4.3
1527181336.12	4300	58.280461	0.0	2005399	7	4.3
1527181338.77	4300	59.998526	0.0	2152483	24	4.3
1527181342.43	4300	59.999333	0.0	2289689	19	4.3
1527181347.09	4300	59.498094	0.0	2059512	19	4.3
1527181350.76	4300	59.998398	0.0	2220726	26	4.3
1527181354.48	4300	59.99942	0.0	2156729	20	4.3
1527181358.64	4300	59.999094	0.0	2039773	17	4.3
1527181362.78	4300	59.998738	0.0	2176469	14	4.3
1527181366.43	4300	59.999297	0.0	2221506	14	4.3
1527181370.6	4300	59.998621	0.0	2044075	15	4.3
1527181374.76	4300	59.998718	0.0	2186790	20	4.3
1527181378.92	4300	59.498519	0.0	2105231	26	4.3
1527181382.58	4300	59.997863	0.0	2395588	27	4.3
1527181386.74	4300	59.998136	0.0	1972048	23	4.3
1527181390.91	4300	59.748977	0.0	2134614	24	4.3
1527181395.06	4300	59.497662	0.0	2164140	23	4.3
1527181398.72	4300	59.998365	0.0	2113193	24	4.3
1527181402.89	4300	59.997997	0.0	2147852	25	4.3
1527181406.55	4300	59.999478	0.0	2191074	17	4.3
1527181410.72	4300	59.749188	0.0	2286761	25	4.3
1527181414.88	4300	59.997914	0.0	2307787	27	4.3
1527181418.55	4300	59.998087	0.0	2143948	24	4.3
1527181422.72	4300	59.99911	0.0	1919781	23	4.3
1527181426.89	4300	59.749244	0.0	2147467	24	4.3
1527181430.56	4300	59.999295	0.0	2133870	15	4.3
1527181434.73	4300	59.998965	0.0	2146120	26	4.3
1527181438.92	4300	59.74839	0.0	2108491	24	4.3
1527181443.11	4300	59.498554	0.0	2184571	20	4.3
1527181446.77	4300	59.748728	0.0	2121928	20	4.3
1527181450.42	4300	59.998517	0.0	2219102	22	4.3
1527181454.58	4300	59.997967	0.0	2124950	24	4.3
1527181458.78	4300	59.999137	0.0	2246506	26	4.3
1527181462.92	4300	59.748713	0.0	1961140	24	4.3
1527181467.04	4300	59.498038	0.0	2155012	15	4.3
1527181468.66	4300	59.428125	0.0	1433658	15	4.3

1527181468.93	750	4	0.016	668286	2	-0.06879999999999997
1527181469.09	4300	7.955036	0.0	2123065	18	0.75
1527181469.22	4300	11.820535	0.0	2177073	15	4.3
1527181469.37	4300	15.671198	0.0	2160877	13	4.3
1527181469.51	4300	19.53047	0.0	2233056	8	4.3
1527181469.65	4300	23.39573	0.0	1941625	8	4.3
1527181469.8	4300	27.24092	0.0	2157535	23	4.3
1527181469.93	4300	31.113794	0.0	2290172	12	4.3
1527181470.06	4300	34.984421	0.0	2055469	11	4.3
1527181470.18	4300	38.861802	0.0	2169201	7	4.3
1527181470.31	4300	42.732661	0.0	2173522	13	4.3
1527181470.47	4300	46.569967	0.0	2102452	11	4.3
1527181470.61	4300	50.432584	0.0	2209463	12	4.3
1527181470.74	4300	54.300546	0.0	2275376	12	4.3
1527181470.87	4300	58.172591	0.0	2005399	12	4.3
1527181473.5	4300	59.999163	0.0	2152483	7	4.3
1527181477.16	4300	59.999135	0.0	2289689	23	4.3
1527181481.32	4300	59.998793	0.0	2059512	19	4.3
1527181485.49	4300	59.998601	0.0	2220726	22	4.3
1527181489.15	4300	59.998044	0.0	2156729	23	4.3
1527181493.31	4300	59.749418	0.0	2039773	25	4.3
1527181497.48	4300	59.748973	0.0	2176469	26	4.3
1527181501.65	4300	59.498969	0.0	2221506	24	4.3
1527181505.33	4300	59.749131	0.0	2044075	20	4.3
1527181509.48	4300	59.748944	0.0	2186790	27	4.3
1527181513.16	4300	59.99897	0.0	2105231	22	4.3
1527181517.58	4300	59.999138	0.0	2395588	25	4.3
1527181521.25	4300	59.999277	0.0	1972048	22	4.3
1527181525.46	4300	59.998946	0.0	2134614	25	4.3
1527181529.12	4300	59.999349	0.0	2164140	18	4.3
1527181533.77	4300	59.749179	0.0	2113193	22	4.3
1527181537.43	4300	59.748038	0.0	2147852	19	4.3
1527181541.08	4300	59.999133	0.0	2191074	22	4.3
1527181545.74	4300	59.498877	0.0	2286761	26	4.3
1527181549.37	4300	59.74901	0.0	2307787	9	4.3
1527181553.53	4300	59.749659	0.0	2143948	19	4.3
1527181557.68	4300	59.748841	0.0	1919781	24	4.3
1527181561.34	4300	59.748913	0.0	2147467	20	4.3
1527181565.5	4300	59.748631	0.0	2133870	20	4.3
1527181569.66	4300	59.748778	0.0	2146120	23	4.3
1527181573.31	4300	59.748809	0.0	2108491	16	4.3
1527181577.47	4300	59.749413	0.0	2184571	22	4.3
1527181581.64	4300	59.498862	0.0	2121928	26	4.3
1527181585.29	4300	59.999107	0.0	2219102	17	4.3
1527181589.47	4300	59.998862	0.0	2124950	32	4.3
