1527213785.04	750	4	0.026	2354772	7	-0.11180000000000001
1527213785.19	4300	7.963096	0.0	2123065	22	0.75
1527213785.32	4300	11.830047	0.0	2177073	15	4.3
1527213785.46	4300	15.694958	0.0	2160877	16	4.3
1527213785.57	4300	19.576202	0.0	2233056	9	4.3
1527213785.7	4300	23.456919	0.0	1941625	8	4.3
1527213785.82	4300	27.333752	0.0	2157535	9	4.3
1527213785.94	4300	31.215345	0.0	2290172	8	4.3
1527213786.09	4300	35.064217	0.0	2055469	22	4.3
1527213786.24	4300	38.915207	0.0	2169201	24	4.3
1527213786.41	4300	42.779612	0.0	2173522	15	4.3
1527213786.56	4300	46.587192	0.0	2102452	24	4.3
1527213786.72	4300	50.434336	0.0	2209463	26	4.3
1527213786.88	4300	54.274121	0.0	2275376	26	4.3
1527213787.01	4300	58.135903	0.0	2005399	11	4.3
1527213789.64	4300	59.748614	0.0	2152483	8	4.3
1527213793.3	4300	59.998557	0.0	2289689	22	4.3
1527213797.45	4300	59.749708	0.0	2059512	24	4.3
1527213801.61	4300	59.749533	0.0	2220726	26	4.3
1527213805.77	4300	59.748639	0.0	2156729	21	4.3
1527213809.43	4300	59.99824	0.0	2039773	24	4.3
1527213813.59	4300	59.749646	0.0	2176469	25	4.3
1527213817.25	4300	59.998793	0.0	2221506	18	4.3
1527213821.42	4300	59.998911	0.0	2044075	26	4.3
1527213825.56	4300	59.748986	0.0	2186790	15	4.3
1527213829.21	4300	59.999442	0.0	2105231	18	4.3
1527213833.37	4300	59.998053	0.0	2395588	25	4.3
1527213837.53	4300	59.998379	0.0	1972048	22	4.3
1527213841.18	4300	59.999026	0.0	2134614	21	4.3
1527213845.34	4300	59.998432	0.0	2164140	23	4.3
1527213849.5	4300	59.748529	0.0	2113193	24	4.3
1527213853.18	4300	59.998064	0.0	2147852	24	4.3
1527213857.83	4300	59.748024	0.0	2191074	25	4.3
1527213861.5	4300	59.748097	0.0	2286761	27	4.3
1527213865.67	4300	59.497672	0.0	2307787	26	4.3
1527213869.33	4300	59.997447	0.0	2143948	24	4.3
1527213873.53	4300	59.749389	0.0	1919781	17	4.3
1527213877.17	4300	59.999041	0.0	2147467	14	4.3
1527213881.33	4300	59.998524	0.0	2133870	25	4.3
1527213885.49	4300	59.747617	0.0	2146120	18	4.3
1527213889.65	4300	59.998132	0.0	2108491	23	4.3
1527213893.31	4300	59.9993	0.0	2184571	25	4.3
1527213897.48	4300	59.748741	0.0	2121928	23	4.3
1527213901.64	4300	59.74837	0.0	2219102	24	4.3
1527213905.27	4300	59.997875	0.0	2124950	7	4.3
1527213909.43	4300	59.997957	0.0	2246506	22	4.3
1527213913.56	4300	59.748315	0.0	1961140	18	4.3
1527213917.19	4300	59.998943	0.0	2155012	25	4.3
1527213919.31	4300	59.928217	0.0	1433658	17	4.3

1527213919.58	750	4	0.016	668286	3	-0.06879999999999997
1527213919.74	4300	7.94454	0.0	2123065	21	0.75
1527213919.88	4300	11.813526	0.0	2177073	15	4.3
1527213920.01	4300	15.681691	0.0	2160877	14	4.3
1527213920.13	4300	19.561283	0.0	2233056	9	4.3
1527213920.25	4300	23.442498	0.0	1941625	8	4.3
1527213920.37	4300	27.324394	0.0	2157535	9	4.3
1527213920.51	4300	31.183758	0.0	2290172	20	4.3
1527213920.64	4300	35.051132	0.0	2055469	14	4.3
1527213920.79	4300	38.901656	0.0	2169201	24	4.3
1527213920.94	4300	42.749235	0.0	2173522	25	4.3
1527213921.09	4300	46.615372	0.0	2102452	15	4.3
1527213921.22	4300	50.470397	0.0	2209463	16	4.3
1527213921.35	4300	54.338338	0.0	2275376	14	4.3
1527213921.48	4300	58.209428	0.0	2005399	18	4.3
1527213924.11	4300	59.998896	0.0	2152483	8	4.3
1527213927.76	4300	59.999229	0.0	2289689	22	4.3
1527213932.4	4300	59.74898	0.0	2059512	13	4.3
1527213936.06	4300	59.999393	0.0	2220726	24	4.3
1527213939.72	4300	59.998884	0.0	2156729	24	4.3
1527213944.39	4300	59.499474	0.0	2039773	22	4.3
1527213948.06	4300	59.99892	0.0	2176469	26	4.3
1527213951.7	4300	59.999188	0.0	2221506	15	4.3
1527213955.86	4300	59.998477	0.0	2044075	22	4.3
1527213960.03	4300	59.748946	0.0	2186790	24	4.3
1527213964.19	4300	59.748527	0.0	2105231	23	4.3
1527213968.34	4300	59.499007	0.0	2395588	24	4.3
1527213972.0	4300	59.74764	0.0	1972048	22	4.3
1527213976.16	4300	59.748081	0.0	2134614	25	4.3
1527213979.82	4300	59.998778	0.0	2164140	27	4.3
1527213983.97	4300	59.998844	0.0	2113193	19	4.3
1527213988.13	4300	59.749336	0.0	2147852	25	4.3
1527213991.79	4300	59.99855	0.0	2191074	25	4.3
1527213995.94	4300	59.999034	0.0	2286761	19	4.3
1527214000.12	4300	59.74824	0.0	2307787	27	4.3
1527214003.77	4300	59.998646	0.0	2143948	24	4.3
1527214007.93	4300	59.999062	0.0	1919781	21	4.3
1527214012.1	4300	59.749218	0.0	2147467	23	4.3
1527214015.75	4300	59.998775	0.0	2133870	13	4.3
1527214020.41	4300	59.7492	0.0	2146120	23	4.3
1527214024.06	4300	59.997546	0.0	2108491	18	4.3
1527214027.81	4300	59.999227	0.0	2184571	25	4.3
1527214031.97	4300	59.998707	0.0	2121928	23	4.3
1527214036.23	4300	59.997463	0.0	2219102	25	4.3
1527214040.38	4300	59.748316	0.0	2124950	16	4.3
1527214044.04	4300	59.748189	0.0	2246506	25	4.3
1527214048.17	4300	59.748619	0.0	1961140	19	4.3
1527214051.81	4300	59.998144	0.0	2155012	24	4.3
1527214053.93	4300	59.677737	0.0	1433658	19	4.3

1527214054.22	750	4	0.017	668286	5	-0.07309999999999994
1527214054.37	4300	7.956159	0.0	2123065	16	0.75
1527214054.52	4300	11.811639	0.0	2177073	19	4.3
1527214054.65	4300	15.676159	0.0	2160877	14	4.3
1527214054.79	4300	19.537195	0.0	2233056	19	4.3
1527214054.93	4300	23.399881	0.0	1941625	16	4.3
1527214055.06	4300	27.261139	0.0	2157535	18	4.3
1527214055.22	4300	31.106526	0.0	2290172	24	4.3
1527214055.37	4300	34.955372	0.0	2055469	22	4.3
1527214055.51	4300	38.82154	0.0	2169201	15	4.3
1527214055.64	4300	42.683186	0.0	2173522	16	4.3
1527214055.78	4300	46.549711	0.0	2102452	15	4.3
1527214055.95	4300	50.379056	0.0	2209463	25	4.3
1527214056.1	4300	54.230838	0.0	2275376	26	4.3
1527214056.24	4300	58.090834	0.0	2005399	20	4.3
1527214058.37	4300	59.998794	0.0	2152483	12	4.3
1527214063.04	4300	59.749312	0.0	2289689	29	4.3
1527214066.71	4300	59.747989	0.0	2059512	22	4.3
