1527294857.93	750	4	0.027	2354772	7	-0.11609999999999998
1527294858.08	4300	7.957868	0.0	2123065	25	0.75
1527294858.23	4300	11.805237	0.0	2177073	26	4.3
1527294858.38	4300	15.653337	0.0	2160877	28	4.3
1527294858.51	4300	19.527677	0.0	2233056	11	4.3
1527294858.63	4300	23.403896	0.0	1941625	11	4.3
1527294858.77	4300	27.27327	0.0	2157535	11	4.3
1527294858.88	4300	31.155131	0.0	2290172	8	4.3
1527294859.0	4300	35.040723	0.0	2055469	8	4.3
1527294859.12	4300	38.923039	0.0	2169201	8	4.3
1527294859.23	4300	42.804669	0.0	2173522	8	4.3
1527294859.35	4300	46.687563	0.0	2102452	8	4.3
1527294859.47	4300	50.571429	0.0	2209463	8	4.3
1527294859.6	4300	54.44027	0.0	2275376	7	4.3
1527294859.72	4300	58.318217	0.0	2005399	7	4.3
1527294862.35	4300	59.997549	0.0	2152483	7	4.3
1527294866.5	4300	59.748407	0.0	2289689	26	4.3
1527294870.13	4300	59.997964	0.0	2059512	9	4.3
1527294874.28	4300	59.998188	0.0	2220726	19	4.3
1527294878.47	4300	59.749233	0.0	2156729	25	4.3
1527294882.14	4300	59.998118	0.0	2039773	23	4.3
1527294886.3	4300	59.748707	0.0	2176469	24	4.3
1527294890.45	4300	59.998595	0.0	2221506	21	4.3
1527294894.11	4300	59.997809	0.0	2044075	23	4.3
1527294898.27	4300	59.998541	0.0	2186790	25	4.3
1527294902.44	4300	59.997623	0.0	2105231	24	4.3
1527294906.1	4300	59.998347	0.0	2395588	21	4.3
1527294910.75	4300	59.748725	0.0	1972048	21	4.3
1527294914.47	4300	59.998552	0.0	2134614	24	4.3
1527294918.12	4300	59.999133	0.0	2164140	21	4.3
1527294922.78	4300	59.748206	0.0	2113193	23	4.3
1527294926.44	4300	59.74829	0.0	2147852	18	4.3
1527294930.09	4300	59.998469	0.0	2191074	22	4.3
1527294934.25	4300	59.998624	0.0	2286761	25	4.3
1527294938.4	4300	59.998337	0.0	2307787	15	4.3
1527294942.65	4300	59.747804	0.0	2143948	24	4.3
1527294946.29	4300	59.997559	0.0	1919781	18	4.3
1527294950.44	4300	59.747959	0.0	2147467	14	4.3
1527294954.09	4300	59.999092	0.0	2133870	15	4.3
1527294958.75	4300	59.498811	0.0	2146120	23	4.3
1527294962.4	4300	59.998922	0.0	2108491	22	4.3
1527294966.56	4300	59.499217	0.0	2184571	24	4.3
1527294970.22	4300	59.999012	0.0	2121928	23	4.3
1527294974.39	4300	59.748958	0.0	2219102	24	4.3
1527294978.6	4300	59.498524	0.0	2124950	20	4.3
1527294982.75	4300	59.499024	0.0	2246506	24	4.3
1527294986.39	4300	59.998545	0.0	1961140	22	4.3
1527294990.52	4300	59.74851	0.0	2155012	23	4.3
1527294992.13	4300	59.928611	0.0	1433658	14	4.3

1527294992.41	750	4	0.016	668286	3	-0.06879999999999997
1527294992.55	4300	7.964789	0.0	2123065	14	0.75
1527294992.69	4300	11.82664	0.0	2177073	16	4.3
1527294992.82	4300	15.695689	0.0	2160877	16	4.3
1527294992.96	4300	19.551295	0.0	2233056	26	4.3
1527294993.09	4300	23.42569	0.0	1941625	11	4.3
1527294993.21	4300	27.30196	0.0	2157535	13	4.3
1527294993.34	4300	31.172517	0.0	2290172	13	4.3
1527294993.46	4300	35.05858	0.0	2055469	7	4.3
1527294993.59	4300	38.924738	0.0	2169201	17	4.3
1527294993.73	4300	42.789541	0.0	2173522	18	4.3
1527294993.86	4300	46.654433	0.0	2102452	17	4.3
1527294994.01	4300	50.505148	0.0	2209463	24	4.3
1527294994.16	4300	54.356693	0.0	2275376	22	4.3
1527294994.31	4300	58.206935	0.0	2005399	22	4.3
1527294997.49	4300	59.249391	0.0	2152483	21	4.3
1527295001.15	4300	59.748847	0.0	2289689	27	4.3
1527295004.81	4300	59.749422	0.0	2059512	22	4.3
1527295008.96	4300	59.74901	0.0	2220726	19	4.3
1527295012.61	4300	59.99793	0.0	2156729	25	4.3
1527295016.77	4300	59.997856	0.0	2039773	22	4.3
1527295020.92	4300	59.999239	0.0	2176469	19	4.3
1527295025.08	4300	59.498148	0.0	2221506	25	4.3
1527295029.23	4300	59.499703	0.0	2044075	13	4.3
1527295032.93	4300	59.749628	0.0	2186790	15	4.3
1527295036.58	4300	59.998337	0.0	2105231	26	4.3
1527295040.74	4300	59.998963	0.0	2395588	26	4.3
1527295044.89	4300	59.999339	0.0	1972048	19	4.3
1527295048.53	4300	59.998831	0.0	2134614	15	4.3
1527295053.22	4300	59.498878	0.0	2164140	25	4.3
1527295056.87	4300	59.748699	0.0	2113193	20	4.3
1527295060.53	4300	59.99801	0.0	2147852	26	4.3
1527295064.69	4300	59.997694	0.0	2191074	24	4.3
1527295068.85	4300	59.747575	0.0	2286761	27	4.3
1527295073.0	4300	59.7491	0.0	2307787	20	4.3
1527295077.16	4300	59.749335	0.0	2143948	23	4.3
1527295080.82	4300	59.747573	0.0	1919781	18	4.3
1527295084.99	4300	59.99876	0.0	2147467	24	4.3
1527295089.16	4300	59.748312	0.0	2133870	24	4.3
1527295092.82	4300	59.748997	0.0	2146120	21	4.3
1527295096.97	4300	59.7493	0.0	2108491	21	4.3
1527295100.62	4300	59.998985	0.0	2184571	7	4.3
1527295104.77	4300	59.748049	0.0	2121928	23	4.3
1527295108.97	4300	59.748133	0.0	2219102	24	4.3
1527295112.64	4300	59.997531	0.0	2124950	24	4.3
1527295116.92	4300	59.748446	0.0	2246506	27	4.3
1527295120.56	4300	59.998502	0.0	1961140	21	4.3
1527295125.2	4300	59.497844	0.0	2155012	22	4.3
1527295126.3	4300	59.928694	0.0	1433658	14	4.3

1527295126.58	750	4	0.015	668286	3	-0.0645
1527295126.73	4300	7.951708	0.0	2123065	19	0.75
1527295126.88	4300	11.799584	0.0	2177073	24	4.3
1527295127.01	4300	15.671427	0.0	2160877	13	4.3
1527295127.14	4300	19.538965	0.0	2233056	15	4.3
1527295127.28	4300	23.406418	0.0	1941625	14	4.3
1527295127.43	4300	27.25621	0.0	2157535	26	4.3
1527295127.58	4300	31.106635	0.0	2290172	27	4.3
1527295127.73	4300	34.95792	0.0	2055469	25	4.3
1527295127.88	4300	38.808307	0.0	2169201	24	4.3
1527295128.01	4300	42.674231	0.0	2173522	15	4.3
1527295128.14	4300	46.541603	0.0	2102452	15	4.3
1527295128.26	4300	50.422791	0.0	2209463	8	4.3
1527295128.39	4300	54.29735	0.0	2275376	13	4.3
1527295128.51	4300	58.174945	0.0	2005399	9	4.3
1527295131.16	4300	59.997824	0.0	2152483	19	4.3
1527295135.32	4300	59.497983	0.0	2289689	22	4.3
1527295139.04	4300	59.748722	0.0	2059512	23	4.3
1527295143.2	4300	59.748026	0.0	2220726	24	4.3
1527295146.86	4300	59.99926	0.0	2156729	23	4.3
1527295151.02	4300	59.749634	0.0	2039773	24	4.3
1527295155.17	4300	59.749233	0.0	2176469	18	4.3
1527295159.34	4300	59.749161	0.0	2221506	24	4.3
1527295162.99	4300	59.999145	0.0	2044075	18	4.3
1527295167.15	4300	59.749487	0.0	2186790	21	4.3
1527295171.31	4300	59.748811	0.0	2105231	24	4.3
1527295174.97	4300	59.998581	0.0	2395588	19	4.3
1527295179.13	4300	59.748814	0.0	1972048	21	4.3
1527295183.29	4300	59.748473	0.0	2134614	22	4.3
1527295186.95	4300	59.748718	0.0	2164140	25	4.3
1527295191.1	4300	59.998714	0.0	2113193	23	4.3
1527295194.76	4300	59.998675	0.0	2147852	21	4.3
1527295199.42	4300	59.498519	0.0	2191074	21	4.3
1527295203.15	4300	59.997867	0.0	2286761	20	4.3
1527295207.31	4300	59.748151	0.0	2307787	26	4.3
1527295210.97	4300	59.997452	0.0	2143948	24	4.3
1527295215.14	4300	59.999014	0.0	1919781	20	4.3
1527295219.29	4300	59.498834	0.0	2147467	17	4.3
1527295222.95	4300	59.748046	0.0	2133870	18	4.3
1527295227.12	4300	59.749319	0.0	2146120	24	4.3
