1527197263.89	750	4	0.029	2354772	8	-0.12470000000000003
1527197264.02	4300	7.959502	0.0	2123065	23	0.75
1527197264.12	4300	11.860927	0.0	2177073	21	4.3
1527197264.21	4300	15.770905	0.0	2160877	16	4.3
1527197264.3	4300	19.683208	0.0	2233056	14	4.3
1527197264.37	4300	23.609648	0.0	1941625	9	4.3
1527197264.44	4300	27.534651	0.0	2157535	9	4.3
1527197264.52	4300	31.45823	0.0	2290172	11	4.3
1527197264.6	4300	35.382313	0.0	2055469	9	4.3
1527197264.67	4300	39.306881	0.0	2169201	10	4.3
1527197264.75	4300	43.231758	0.0	2173522	9	4.3
1527197264.82	4300	47.155449	0.0	2102452	9	4.3
1527197264.9	4300	51.077798	0.0	2209463	9	4.3
1527197264.98	4300	54.995653	0.0	2275376	9	4.3
1527197265.08	4300	58.902525	0.0	2005399	9	4.3
1527197268.16	4300	59.998709	0.0	2152483	9	4.3
1527197272.27	4300	59.749121	0.0	2289689	21	4.3
1527197276.38	4300	59.74925	0.0	2059512	22	4.3
1527197280.49	4300	59.748402	0.0	2220726	20	4.3
1527197284.6	4300	59.748913	0.0	2156729	22	4.3
1527197288.21	4300	59.998804	0.0	2039773	20	4.3
1527197292.33	4300	59.748944	0.0	2176469	25	4.3
1527197296.44	4300	59.747785	0.0	2221506	25	4.3
1527197300.05	4300	59.998351	0.0	2044075	23	4.3
1527197304.68	4300	59.748101	0.0	2186790	23	4.3
1527197308.3	4300	59.748049	0.0	2105231	25	4.3
1527197312.41	4300	59.749456	0.0	2395588	23	4.3
1527197316.03	4300	59.998905	0.0	1972048	21	4.3
1527197320.65	4300	59.748022	0.0	2134614	25	4.3
1527197324.26	4300	59.748124	0.0	2164140	25	4.3
1527197328.37	4300	59.748808	0.0	2113193	18	4.3
1527197332.48	4300	59.749104	0.0	2147852	21	4.3
1527197336.09	4300	59.998474	0.0	2191074	22	4.3
1527197340.72	4300	59.748315	0.0	2286761	25	4.3
1527197344.34	4300	59.747561	0.0	2307787	26	4.3
1527197348.45	4300	59.748328	0.0	2143948	21	4.3
1527197352.05	4300	59.998672	0.0	1919781	19	4.3
1527197356.15	4300	59.998614	0.0	2147467	13	4.3
1527197360.27	4300	59.748795	0.0	2133870	23	4.3
1527197364.43	4300	59.998437	0.0	2146120	18	4.3
1527197368.04	4300	59.999087	0.0	2108491	21	4.3
1527197372.15	4300	59.998731	0.0	2184571	18	4.3
1527197376.27	4300	59.747872	0.0	2121928	23	4.3
1527197380.39	4300	59.998474	0.0	2219102	26	4.3
1527197384.0	4300	59.997545	0.0	2124950	20	4.3
1527197388.13	4300	59.998322	0.0	2246506	25	4.3
1527197392.23	4300	59.748415	0.0	1961140	22	4.3
1527197396.33	4300	59.747791	0.0	2155012	16	4.3
1527197397.96	4300	59.928397	0.0	1433658	18	4.3

1527197398.22	750	4	0.018	668286	4	-0.07740000000000002
1527197398.33	4300	7.956556	0.0	2123065	17	0.75
1527197398.42	4300	11.866171	0.0	2177073	18	4.3
1527197398.51	4300	15.775447	0.0	2160877	17	4.3
1527197398.61	4300	19.674907	0.0	2233056	20	4.3
1527197398.69	4300	23.594639	0.0	1941625	12	4.3
1527197398.77	4300	27.514286	0.0	2157535	13	4.3
1527197398.85	4300	31.430496	0.0	2290172	14	4.3
1527197398.93	4300	35.35857	0.0	2055469	7	4.3
1527197399.0	4300	39.287713	0.0	2169201	8	4.3
1527197399.07	4300	43.214953	0.0	2173522	8	4.3
1527197399.14	4300	47.143916	0.0	2102452	8	4.3
1527197399.21	4300	51.072416	0.0	2209463	8	4.3
1527197399.3	4300	54.985668	0.0	2275376	15	4.3
1527197399.38	4300	58.903552	0.0	2005399	14	4.3
1527197402.98	4300	59.499149	0.0	2152483	12	4.3
1527197406.84	4300	59.747989	0.0	2289689	24	4.3
1527197410.44	4300	59.998487	0.0	2059512	15	4.3
1527197414.55	4300	59.998769	0.0	2220726	25	4.3
1527197418.66	4300	59.748627	0.0	2156729	24	4.3
1527197422.78	4300	59.998926	0.0	2039773	23	4.3
1527197426.39	4300	59.999088	0.0	2176469	24	4.3
1527197431.0	4300	59.49804	0.0	2221506	20	4.3
1527197434.61	4300	59.998855	0.0	2044075	23	4.3
1527197438.72	4300	59.747901	0.0	2186790	21	4.3
1527197442.32	4300	59.999095	0.0	2105231	21	4.3
1527197446.93	4300	59.49936	0.0	2395588	21	4.3
1527197450.53	4300	59.998562	0.0	1972048	13	4.3
1527197454.64	4300	59.749584	0.0	2134614	21	4.3
1527197458.75	4300	59.683055	0.0	2164140	25	4.3
1527197462.36	4300	59.999252	0.0	2113193	23	4.3
1527197466.72	4300	59.997604	0.0	2147852	22	4.3
1527197470.32	4300	59.9994	0.0	2191074	17	4.3
1527197474.43	4300	59.999277	0.0	2286761	26	4.3
1527197478.55	4300	59.7493	0.0	2307787	26	4.3
1527197482.66	4300	59.748137	0.0	2143948	23	4.3
1527197486.76	4300	59.748547	0.0	1919781	20	4.3
1527197490.85	4300	59.498603	0.0	2147467	8	4.3
1527197494.46	4300	59.998641	0.0	2133870	23	4.3
1527197498.57	4300	59.749034	0.0	2146120	20	4.3
1527197502.69	4300	59.749263	0.0	2108491	23	4.3
1527197506.81	4300	59.748358	0.0	2184571	24	4.3
1527197510.92	4300	59.499201	0.0	2121928	24	4.3
1527197514.53	4300	59.998869	0.0	2219102	24	4.3
1527197518.64	4300	59.998482	0.0	2124950	20	4.3
1527197522.75	4300	59.998578	0.0	2246506	21	4.3
1527197526.36	4300	59.997754	0.0	1961140	17	4.3
1527197531.02	4300	59.748389	0.0	2155012	24	4.3
1527197532.62	4300	59.679075	0.0	1433658	18	4.3

1527197533.01	750	4	0.02	668286	2	-0.08599999999999997
1527197533.13	4300	7.945527	0.0	2123065	23	0.75
1527197533.24	4300	11.844755	0.0	2177073	21	4.3
1527197533.34	4300	15.735776	0.0	2160877	18	4.3
1527197533.43	4300	19.638597	0.0	2233056	20	4.3
1527197533.51	4300	23.559344	0.0	1941625	11	4.3
1527197533.6	4300	27.476738	0.0	2157535	12	4.3
1527197533.68	4300	31.390072	0.0	2290172	15	4.3
1527197533.77	4300	35.30515	0.0	2055469	14	4.3
1527197533.86	4300	39.217745	0.0	2169201	14	4.3
1527197533.94	4300	43.1327	0.0	2173522	13	4.3
1527197534.02	4300	47.048755	0.0	2102452	14	4.3
1527197534.1	4300	50.975537	0.0	2209463	8	4.3
1527197534.17	4300	54.902024	0.0	2275376	8	4.3
1527197534.25	4300	58.818856	0.0	2005399	17	4.3
1527197537.33	4300	59.749821	0.0	2152483	8	4.3
1527197541.44	4300	59.747963	0.0	2289689	16	4.3
1527197545.54	4300	59.749362	0.0	2059512	20	4.3
1527197549.16	4300	59.998983	0.0	2220726	22	4.3
1527197553.78	4300	59.499158	0.0	2156729	23	4.3
1527197557.39	4300	59.748055	0.0	2039773	14	4.3
1527197561.51	4300	59.748635	0.0	2176469	24	4.3
1527197565.11	4300	59.997998	0.0	2221506	22	4.3
1527197569.73	4300	59.498661	0.0	2044075	24	4.3
1527197573.34	4300	59.997755	0.0	2186790	20	4.3
1527197577.45	4300	59.749059	0.0	2105231	23	4.3
1527197581.57	4300	59.997856	0.0	2395588	25	4.3
1527197585.16	4300	59.999356	0.0	1972048	13	4.3
1527197589.78	4300	59.49906	0.0	2134614	24	4.3
1527197593.39	4300	59.749255	0.0	2164140	24	4.3
1527197597.5	4300	59.999323	0.0	2113193	23	4.3
1527197601.11	4300	59.999471	0.0	2147852	24	4.3
1527197605.23	4300	59.998716	0.0	2191074	24	4.3
1527197609.35	4300	59.998637	0.0	2286761	25	4.3
1527197613.46	4300	59.748138	0.0	2307787	27	4.3
1527197617.57	4300	59.748509	0.0	2143948	22	4.3
1527197621.68	4300	59.748045	0.0	1919781	22	4.3
1527197625.31	4300	59.998369	0.0	2147467	23	4.3
1527197629.42	4300	59.998096	0.0	2133870	17	4.3
1527197633.54	4300	59.99816	0.0	2146120	24	4.3
1527197637.65	4300	59.497452	0.0	2108491	20	4.3
1527197641.76	4300	59.747728	0.0	2184571	20	4.3
