1527221457.75	750	4	0.026	2354772	8	-0.11180000000000001
1527221457.82	4300	7.985626	0.0	2123065	7	0.75
1527221457.89	4300	11.91553	0.0	2177073	8	4.3
1527221457.96	4300	15.846443	0.0	2160877	7	4.3
1527221458.03	4300	19.769319	0.0	2233056	7	4.3
1527221458.12	4300	23.683298	0.0	1941625	13	4.3
1527221458.23	4300	27.58018	0.0	2157535	23	4.3
1527221458.31	4300	31.491421	0.0	2290172	15	4.3
1527221458.39	4300	35.407514	0.0	2055469	12	4.3
1527221458.48	4300	39.323435	0.0	2169201	14	4.3
1527221458.56	4300	43.240398	0.0	2173522	14	4.3
1527221458.65	4300	47.156627	0.0	2102452	13	4.3
1527221458.73	4300	51.068887	0.0	2209463	14	4.3
1527221458.83	4300	54.975145	0.0	2275376	15	4.3
1527221458.92	4300	58.878692	0.0	2005399	12	4.3
1527221462.51	4300	59.499362	0.0	2152483	7	4.3
1527221466.21	4300	59.748009	0.0	2289689	21	4.3
1527221469.83	4300	59.998764	0.0	2059512	21	4.3
1527221474.43	4300	59.747939	0.0	2220726	20	4.3
1527221478.54	4300	59.498029	0.0	2156729	25	4.3
1527221482.15	4300	59.749526	0.0	2039773	23	4.3
1527221486.26	4300	59.748615	0.0	2176469	22	4.3
1527221490.37	4300	59.499333	0.0	2221506	23	4.3
1527221493.97	4300	59.999029	0.0	2044075	22	4.3
1527221498.13	4300	59.749238	0.0	2186790	18	4.3
1527221502.39	4300	59.748706	0.0	2105231	23	4.3
1527221506.01	4300	59.99884	0.0	2395588	27	4.3
1527221510.12	4300	59.998658	0.0	1972048	17	4.3
1527221514.23	4300	59.749383	0.0	2134614	20	4.3
1527221517.83	4300	59.998432	0.0	2164140	19	4.3
1527221521.97	4300	59.99885	0.0	2113193	18	4.3
1527221526.08	4300	59.748132	0.0	2147852	24	4.3
1527221530.33	4300	59.999121	0.0	2191074	24	4.3
1527221533.94	4300	59.998965	0.0	2286761	25	4.3
1527221538.06	4300	59.749037	0.0	2307787	26	4.3
1527221542.18	4300	59.748588	0.0	2143948	24	4.3
1527221546.28	4300	59.748616	0.0	1919781	23	4.3
1527221549.87	4300	59.997493	0.0	2147467	10	4.3
1527221553.99	4300	59.99805	0.0	2133870	26	4.3
1527221558.1	4300	59.747617	0.0	2146120	23	4.3
1527221562.21	4300	59.748779	0.0	2108491	24	4.3
1527221565.83	4300	59.999331	0.0	2184571	25	4.3
1527221570.44	4300	59.748922	0.0	2121928	19	4.3
1527221574.05	4300	59.997767	0.0	2219102	22	4.3
1527221578.14	4300	59.748107	0.0	2124950	14	4.3
1527221582.25	4300	59.998668	0.0	2246506	25	4.3
1527221585.86	4300	59.999146	0.0	1961140	22	4.3
1527221589.97	4300	59.999054	0.0	2155012	22	4.3
1527221591.57	4300	59.928884	0.0	1433658	17	4.3

1527221591.84	750	4	0.025	2354772	8	-0.10750000000000004
1527221591.94	4300	7.959255	0.0	2123065	23	0.75
1527221592.04	4300	11.854528	0.0	2177073	26	4.3
1527221592.13	4300	15.769664	0.0	2160877	15	4.3
1527221592.22	4300	19.682239	0.0	2233056	15	4.3
1527221592.29	4300	23.610005	0.0	1941625	9	4.3
1527221592.36	4300	27.537935	0.0	2157535	9	4.3
1527221592.44	4300	31.463074	0.0	2290172	10	4.3
1527221592.51	4300	35.389362	0.0	2055469	9	4.3
1527221592.58	4300	39.314348	0.0	2169201	9	4.3
1527221592.66	4300	43.241147	0.0	2173522	9	4.3
1527221592.73	4300	47.167874	0.0	2102452	9	4.3
1527221592.81	4300	51.088512	0.0	2209463	10	4.3
1527221592.89	4300	55.008826	0.0	2275376	8	4.3
1527221592.96	4300	58.935679	0.0	2005399	8	4.3
1527221596.05	4300	59.998964	0.0	2152483	9	4.3
1527221600.16	4300	59.748193	0.0	2289689	27	4.3
1527221604.27	4300	59.748967	0.0	2059512	24	4.3
1527221608.39	4300	59.748471	0.0	2220726	23	4.3
1527221612.56	4300	59.497981	0.0	2156729	22	4.3
1527221616.17	4300	59.747933	0.0	2039773	22	4.3
1527221620.36	4300	59.748606	0.0	2176469	26	4.3
1527221623.97	4300	59.998882	0.0	2221506	24	4.3
1527221628.58	4300	59.498821	0.0	2044075	22	4.3
1527221632.19	4300	59.748769	0.0	2186790	21	4.3
1527221636.31	4300	59.998703	0.0	2105231	23	4.3
1527221640.43	4300	59.496309	0.0	2395588	26	4.3
1527221644.01	4300	59.997841	0.0	1972048	12	4.3
1527221648.63	4300	59.498353	0.0	2134614	24	4.3
1527221652.25	4300	59.748709	0.0	2164140	25	4.3
1527221656.36	4300	59.999261	0.0	2113193	24	4.3
1527221660.47	4300	59.49862	0.0	2147852	24	4.3
1527221664.58	4300	59.498326	0.0	2191074	24	4.3
1527221668.19	4300	59.998412	0.0	2286761	22	4.3
1527221672.29	4300	59.748585	0.0	2307787	20	4.3
1527221676.4	4300	59.998352	0.0	2143948	22	4.3
1527221680.0	4300	59.998616	0.0	1919781	21	4.3
1527221684.61	4300	59.49754	0.0	2147467	21	4.3
1527221688.22	4300	59.748644	0.0	2133870	24	4.3
1527221692.47	4300	59.748911	0.0	2146120	22	4.3
1527221696.09	4300	59.997557	0.0	2108491	23	4.3
1527221700.27	4300	59.748836	0.0	2184571	20	4.3
1527221704.39	4300	59.74905	0.0	2121928	24	4.3
1527221708.0	4300	59.999115	0.0	2219102	25	4.3
1527221712.1	4300	59.998795	0.0	2124950	20	4.3
1527221716.21	4300	59.748822	0.0	2246506	22	4.3
1527221720.32	4300	59.748892	0.0	1961140	21	4.3
1527221723.93	4300	59.998812	0.0	2155012	25	4.3
1527221726.03	4300	59.678769	0.0	1433658	14	4.3

1527221726.3	750	4	0.027	2354772	8	-0.11609999999999998
1527221726.4	4300	7.962107	0.0	2123065	19	0.75
1527221726.5	4300	11.857419	0.0	2177073	25	4.3
1527221726.59	4300	15.771858	0.0	2160877	14	4.3
1527221726.66	4300	19.700758	0.0	2233056	7	4.3
1527221726.73	4300	23.631418	0.0	1941625	6	4.3
1527221726.8	4300	27.562288	0.0	2157535	8	4.3
1527221726.9	4300	31.464319	0.0	2290172	26	4.3
1527221727.07	4300	35.29142	0.0	2055469	23	4.3
1527221727.15	4300	39.206937	0.0	2169201	14	4.3
1527221727.23	4300	43.133785	0.0	2173522	9	4.3
1527221727.3	4300	47.061511	0.0	2102452	8	4.3
1527221727.42	4300	50.94243	0.0	2209463	43	4.3
1527221727.52	4300	54.838291	0.0	2275376	26	4.3
1527221727.6	4300	58.760394	0.0	2005399	11	4.3
1527221730.69	4300	59.748861	0.0	2152483	12	4.3
1527221734.81	4300	59.748107	0.0	2289689	25	4.3
1527221738.42	4300	59.998338	0.0	2059512	23	4.3
1527221742.52	4300	59.999396	0.0	2220726	22	4.3
1527221746.64	4300	59.998115	0.0	2156729	22	4.3
1527221750.74	4300	59.74896	0.0	2039773	20	4.3
1527221754.86	4300	59.748961	0.0	2176469	23	4.3
1527221758.46	4300	59.997768	0.0	2221506	19	4.3
1527221762.57	4300	59.998131	0.0	2044075	19	4.3
1527221766.67	4300	59.9989	0.0	2186790	20	4.3
1527221770.78	4300	59.998549	0.0	2105231	23	4.3
1527221774.39	4300	59.99892	0.0	2395588	27	4.3
1527221778.53	4300	59.998947	0.0	1972048	19	4.3
1527221782.64	4300	59.998995	0.0	2134614	15	4.3
1527221786.76	4300	59.697304	0.0	2164140	24	4.3
1527221790.87	4300	59.748575	0.0	2113193	24	4.3
1527221794.48	4300	59.997535	0.0	2147852	24	4.3
