1527295870.7	750	4	0.027	2354772	7	-0.11609999999999998
1527295870.83	4300	7.962751	0.0	2123065	23	0.75
1527295870.92	4300	11.876738	0.0	2177073	15	4.3
1527295871.02	4300	15.775323	0.0	2160877	22	4.3
1527295871.11	4300	19.687663	0.0	2233056	14	4.3
1527295871.19	4300	23.60475	0.0	1941625	13	4.3
1527295871.28	4300	27.507418	0.0	2157535	21	4.3
1527295871.39	4300	31.420127	0.0	2290172	15	4.3
1527295871.47	4300	35.320525	0.0	2055469	13	4.3
1527295871.54	4300	39.246932	0.0	2169201	9	4.3
1527295871.62	4300	43.174591	0.0	2173522	9	4.3
1527295871.69	4300	47.102428	0.0	2102452	8	4.3
1527295871.77	4300	51.02773	0.0	2209463	9	4.3
1527295871.84	4300	54.946309	0.0	2275376	8	4.3
1527295871.92	4300	58.870362	0.0	2005399	6	4.3
1527295875.0	4300	59.997876	0.0	2152483	8	4.3
1527295879.11	4300	59.748847	0.0	2289689	20	4.3
1527295883.35	4300	59.748828	0.0	2059512	24	4.3
1527295886.95	4300	59.997909	0.0	2220726	18	4.3
1527295891.12	4300	59.999225	0.0	2156729	15	4.3
1527295895.22	4300	59.749576	0.0	2039773	14	4.3
1527295898.83	4300	59.99867	0.0	2176469	21	4.3
1527295902.95	4300	59.9992	0.0	2221506	26	4.3
1527295907.08	4300	59.998767	0.0	2044075	23	4.3
1527295911.2	4300	59.747925	0.0	2186790	24	4.3
1527295914.81	4300	59.999045	0.0	2105231	24	4.3
1527295918.92	4300	59.999313	0.0	2395588	23	4.3
1527295923.04	4300	59.999321	0.0	1972048	24	4.3
1527295927.13	4300	59.998745	0.0	2134614	10	4.3
1527295931.24	4300	59.674794	0.0	2164140	23	4.3
1527295935.35	4300	59.748511	0.0	2113193	24	4.3
1527295938.96	4300	59.999376	0.0	2147852	23	4.3
1527295943.07	4300	59.747601	0.0	2191074	22	4.3
1527295947.18	4300	59.99863	0.0	2286761	21	4.3
1527295950.84	4300	59.999494	0.0	2307787	27	4.3
1527295955.46	4300	59.499217	0.0	2143948	19	4.3
1527295959.06	4300	59.742124	0.0	1919781	22	4.3
1527295963.14	4300	59.998071	0.0	2147467	10	4.3
1527295967.26	4300	59.998195	0.0	2133870	25	4.3
1527295970.88	4300	59.998554	0.0	2146120	25	4.3
1527295975.05	4300	59.998803	0.0	2108491	21	4.3
1527295979.21	4300	59.747487	0.0	2184571	19	4.3
1527295982.82	4300	59.99874	0.0	2121928	24	4.3
1527295986.93	4300	59.998551	0.0	2219102	22	4.3
1527295991.04	4300	59.997679	0.0	2124950	20	4.3
1527295995.15	4300	59.999332	0.0	2246506	21	4.3
1527295999.26	4300	59.747748	0.0	1961140	21	4.3
1527296002.87	4300	59.998653	0.0	2155012	21	4.3
1527296004.97	4300	59.679054	0.0	1433658	18	4.3

1527296005.24	750	4	0.015	668286	2	-0.0645
1527296005.32	4300	7.978761	0.0	2123065	7	0.75
1527296005.41	4300	11.890304	0.0	2177073	17	4.3
1527296005.5	4300	15.801661	0.0	2160877	17	4.3
1527296005.59	4300	19.703968	0.0	2233056	21	4.3
1527296005.67	4300	23.627638	0.0	1941625	10	4.3
1527296005.75	4300	27.549426	0.0	2157535	11	4.3
1527296005.83	4300	31.467104	0.0	2290172	11	4.3
1527296005.91	4300	35.388324	0.0	2055469	9	4.3
1527296005.98	4300	39.31606	0.0	2169201	8	4.3
1527296006.07	4300	43.231136	0.0	2173522	13	4.3
1527296006.15	4300	47.147563	0.0	2102452	14	4.3
1527296006.24	4300	51.063336	0.0	2209463	15	4.3
1527296006.31	4300	54.989539	0.0	2275376	9	4.3
1527296006.42	4300	58.875555	0.0	2005399	36	4.3
1527296009.51	4300	59.999497	0.0	2152483	13	4.3
1527296013.63	4300	59.748818	0.0	2289689	25	4.3
1527296017.73	4300	59.747835	0.0	2059512	21	4.3
1527296021.35	4300	59.9977	0.0	2220726	25	4.3
1527296025.97	4300	59.749172	0.0	2156729	24	4.3
1527296029.59	4300	59.749371	0.0	2039773	24	4.3
1527296033.7	4300	59.748708	0.0	2176469	20	4.3
1527296037.81	4300	59.498694	0.0	2221506	23	4.3
1527296041.91	4300	59.749289	0.0	2044075	21	4.3
1527296045.53	4300	59.99908	0.0	2186790	23	4.3
1527296049.63	4300	59.748092	0.0	2105231	18	4.3
1527296053.74	4300	59.998622	0.0	2395588	16	4.3
1527296057.85	4300	59.498638	0.0	1972048	21	4.3
1527296061.46	4300	59.998954	0.0	2134614	22	4.3
1527296065.58	4300	59.731359	0.0	2164140	25	4.3
1527296069.69	4300	59.749069	0.0	2113193	22	4.3
1527296073.3	4300	59.999132	0.0	2147852	25	4.3
1527296077.41	4300	59.999153	0.0	2191074	21	4.3
1527296081.52	4300	59.999451	0.0	2286761	24	4.3
1527296085.63	4300	59.99859	0.0	2307787	24	4.3
1527296089.74	4300	59.748415	0.0	2143948	21	4.3
1527296093.34	4300	59.998605	0.0	1919781	17	4.3
1527296097.95	4300	59.748147	0.0	2147467	23	4.3
1527296101.57	4300	59.998556	0.0	2133870	24	4.3
1527296105.67	4300	59.749166	0.0	2146120	18	4.3
1527296109.78	4300	59.747517	0.0	2108491	20	4.3
1527296113.39	4300	59.998921	0.0	2184571	24	4.3
1527296117.51	4300	59.999194	0.0	2121928	23	4.3
1527296121.63	4300	59.998104	0.0	2219102	26	4.3
1527296125.72	4300	59.747815	0.0	2124950	13	4.3
1527296129.84	4300	59.748609	0.0	2246506	24	4.3
1527296133.45	4300	59.998895	0.0	1961140	22	4.3
1527296137.56	4300	59.747433	0.0	2155012	22	4.3
1527296139.16	4300	59.928842	0.0	1433658	16	4.3

1527296139.46	750	4	0.022	668286	5	-0.09460000000000002
1527296139.58	4300	7.947656	0.0	2123065	24	0.75
1527296139.68	4300	11.848216	0.0	2177073	18	4.3
1527296139.77	4300	15.759721	0.0	2160877	15	4.3
1527296139.87	4300	19.651476	0.0	2233056	24	4.3
1527296139.96	4300	23.564806	0.0	1941625	16	4.3
1527296140.05	4300	27.473411	0.0	2157535	18	4.3
1527296140.13	4300	31.390024	0.0	2290172	13	4.3
1527296140.2	4300	35.319966	0.0	2055469	6	4.3
1527296140.28	4300	39.248551	0.0	2169201	7	4.3
1527296140.45	4300	43.078494	0.0	2173522	23	4.3
1527296140.53	4300	46.996961	0.0	2102452	11	4.3
1527296140.61	4300	50.915563	0.0	2209463	13	4.3
1527296140.69	4300	54.83159	0.0	2275376	13	4.3
1527296140.77	4300	58.751597	0.0	2005399	12	4.3
1527296143.86	4300	59.748421	0.0	2152483	12	4.3
1527296148.08	4300	59.748161	0.0	2289689	22	4.3
1527296151.69	4300	59.998789	0.0	2059512	24	4.3
1527296155.81	4300	59.998003	0.0	2220726	21	4.3
1527296159.93	4300	59.998672	0.0	2156729	24	4.3
1527296163.54	4300	59.998862	0.0	2039773	23	4.3
1527296168.16	4300	59.498045	0.0	2176469	21	4.3
1527296171.77	4300	59.998527	0.0	2221506	24	4.3
1527296175.88	4300	59.99901	0.0	2044075	23	4.3
1527296180.0	4300	59.749009	0.0	2186790	26	4.3
1527296184.11	4300	59.748831	0.0	2105231	25	4.3
1527296188.23	4300	59.498411	0.0	2395588	28	4.3
1527296191.82	4300	59.999084	0.0	1972048	13	4.3
