1527280905.92	750	4	0.027	2354772	7	-0.11609999999999998
1527280905.99	4300	7.986252	0.0	2123065	7	0.75
1527280906.09	4300	11.891891	0.0	2177073	20	4.3
1527280906.24	4300	15.805967	0.0	2160877	14	4.3
1527280906.33	4300	19.650394	0.0	2233056	15	4.3
1527280906.41	4300	23.565401	0.0	1941625	13	4.3
1527280906.5	4300	27.481761	0.0	2157535	14	4.3
1527280906.57	4300	31.400282	0.0	2290172	9	4.3
1527280906.67	4300	35.307661	0.0	2055469	18	4.3
1527280906.76	4300	39.216323	0.0	2169201	16	4.3
1527280906.84	4300	43.141264	0.0	2173522	10	4.3
1527280906.91	4300	47.064992	0.0	2102452	9	4.3
1527280906.99	4300	50.988362	0.0	2209463	10	4.3
1527280907.1	4300	54.873983	0.0	2275376	25	4.3
1527280907.19	4300	58.787666	0.0	2005399	10	4.3
1527280910.26	4300	59.997834	0.0	2152483	8	4.3
1527280914.37	4300	59.749605	0.0	2289689	25	4.3
1527280918.49	4300	59.749109	0.0	2059512	23	4.3
1527280922.1	4300	59.998046	0.0	2220726	26	4.3
1527280926.22	4300	59.999053	0.0	2156729	24	4.3
1527280930.34	4300	59.749155	0.0	2039773	23	4.3
1527280934.49	4300	59.749544	0.0	2176469	24	4.3
1527280938.67	4300	59.499044	0.0	2221506	22	4.3
1527280942.27	4300	59.998408	0.0	2044075	17	4.3
1527280946.39	4300	59.749688	0.0	2186790	25	4.3
1527280950.0	4300	59.998812	0.0	2105231	22	4.3
1527280954.61	4300	59.498546	0.0	2395588	24	4.3
1527280958.72	4300	59.748825	0.0	1972048	22	4.3
1527280962.34	4300	59.998566	0.0	2134614	24	4.3
1527280966.46	4300	59.740621	0.0	2164140	27	4.3
1527280970.07	4300	59.997599	0.0	2113193	23	4.3
1527280974.68	4300	59.748925	0.0	2147852	23	4.3
1527280978.29	4300	59.748642	0.0	2191074	23	4.3
1527280982.4	4300	59.74834	0.0	2286761	24	4.3
1527280986.51	4300	59.498273	0.0	2307787	21	4.3
1527280990.12	4300	59.99897	0.0	2143948	20	4.3
1527280994.23	4300	59.748866	0.0	1919781	22	4.3
1527280998.35	4300	59.749225	0.0	2147467	25	4.3
1527281002.46	4300	59.99893	0.0	2133870	24	4.3
1527281006.57	4300	59.497853	0.0	2146120	22	4.3
1527281010.18	4300	59.998831	0.0	2108491	25	4.3
1527281014.31	4300	59.998218	0.0	2184571	22	4.3
1527281018.42	4300	59.998516	0.0	2121928	23	4.3
1527281022.04	4300	59.998312	0.0	2219102	25	4.3
1527281026.66	4300	59.356969	0.0	2124950	24	4.3
1527281030.28	4300	59.748491	0.0	2246506	26	4.3
1527281034.39	4300	59.748409	0.0	1961140	20	4.3
1527281038.5	4300	59.747369	0.0	2155012	23	4.3
1527281040.1	4300	59.678033	0.0	1433658	16	4.3

1527281040.41	750	4	0.028	2354772	7	-0.12039999999999995
1527281040.51	4300	7.961307	0.0	2123065	24	0.75
1527281040.59	4300	11.880352	0.0	2177073	13	4.3
1527281040.67	4300	15.801414	0.0	2160877	12	4.3
1527281040.75	4300	19.715966	0.0	2233056	11	4.3
1527281040.83	4300	23.63703	0.0	1941625	10	4.3
1527281040.91	4300	27.561198	0.0	2157535	11	4.3
1527281040.99	4300	31.480054	0.0	2290172	13	4.3
1527281041.08	4300	35.38557	0.0	2055469	23	4.3
1527281041.17	4300	39.301712	0.0	2169201	13	4.3
1527281041.25	4300	43.218711	0.0	2173522	14	4.3
1527281041.33	4300	47.142671	0.0	2102452	9	4.3
1527281041.41	4300	51.057805	0.0	2209463	21	4.3
1527281041.48	4300	54.987179	0.0	2275376	7	4.3
1527281041.57	4300	58.89764	0.0	2005399	16	4.3
1527281044.67	4300	59.997805	0.0	2152483	17	4.3
1527281048.79	4300	59.749568	0.0	2289689	26	4.3
1527281052.9	4300	59.747891	0.0	2059512	23	4.3
1527281056.51	4300	59.999301	0.0	2220726	21	4.3
1527281061.12	4300	59.499449	0.0	2156729	25	4.3
1527281064.73	4300	59.99886	0.0	2039773	19	4.3
1527281068.83	4300	59.999256	0.0	2176469	18	4.3
1527281072.94	4300	59.748817	0.0	2221506	21	4.3
1527281077.05	4300	59.748741	0.0	2044075	21	4.3
1527281081.15	4300	59.497668	0.0	2186790	24	4.3
1527281084.76	4300	59.748954	0.0	2105231	23	4.3
1527281088.87	4300	59.748512	0.0	2395588	23	4.3
1527281092.98	4300	59.747738	0.0	1972048	20	4.3
1527281096.6	4300	59.998244	0.0	2134614	23	4.3
1527281101.21	4300	59.498163	0.0	2164140	25	4.3
1527281104.95	4300	59.998867	0.0	2113193	19	4.3
1527281109.06	4300	59.747382	0.0	2147852	24	4.3
1527281112.76	4300	59.998719	0.0	2191074	23	4.3
1527281116.87	4300	59.998597	0.0	2286761	20	4.3
1527281120.49	4300	59.998161	0.0	2307787	26	4.3
1527281124.6	4300	59.998649	0.0	2143948	24	4.3
1527281128.7	4300	59.997626	0.0	1919781	23	4.3
1527281132.81	4300	59.748514	0.0	2147467	14	4.3
1527281136.92	4300	59.749177	0.0	2133870	23	4.3
1527281140.53	4300	59.998534	0.0	2146120	23	4.3
1527281145.14	4300	59.498727	0.0	2108491	21	4.3
1527281148.75	4300	59.998355	0.0	2184571	26	4.3
1527281152.86	4300	59.748843	0.0	2121928	22	4.3
1527281156.97	4300	59.998712	0.0	2219102	23	4.3
1527281160.58	4300	59.999259	0.0	2124950	23	4.3
1527281164.69	4300	59.998468	0.0	2246506	19	4.3
1527281168.79	4300	59.74883	0.0	1961140	20	4.3
1527281172.89	4300	59.998555	0.0	2155012	14	4.3
1527281174.49	4300	59.678257	0.0	1433658	18	4.3

1527281174.75	750	4	0.017	450283	2	-0.07309999999999994
1527281174.83	4300	7.981264	0.0	2123065	6	0.75
1527281174.92	4300	11.891324	0.0	2177073	19	4.3
1527281175.01	4300	15.798041	0.0	2160877	20	4.3
1527281175.09	4300	19.71484	0.0	2233056	13	4.3
1527281175.16	4300	23.643318	0.0	1941625	8	4.3
1527281175.25	4300	27.560588	0.0	2157535	15	4.3
1527281175.33	4300	31.47607	0.0	2290172	14	4.3
1527281175.43	4300	35.382231	0.0	2055469	21	4.3
1527281175.51	4300	39.298682	0.0	2169201	15	4.3
1527281175.58	4300	43.226806	0.0	2173522	9	4.3
1527281175.66	4300	47.152233	0.0	2102452	8	4.3
1527281175.74	4300	51.071344	0.0	2209463	10	4.3
1527281175.81	4300	55.002713	0.0	2275376	6	4.3
1527281175.9	4300	58.908465	0.0	2005399	22	4.3
1527281178.99	4300	59.998109	0.0	2152483	15	4.3
1527281183.1	4300	59.998097	0.0	2289689	22	4.3
1527281187.21	4300	59.998252	0.0	2059512	23	4.3
1527281190.82	4300	59.998715	0.0	2220726	23	4.3
1527281194.94	4300	59.999178	0.0	2156729	25	4.3
1527281199.05	4300	59.997724	0.0	2039773	25	4.3
1527281203.17	4300	59.748499	0.0	2176469	26	4.3
1527281207.28	4300	59.748886	0.0	2221506	25	4.3
1527281211.38	4300	59.748644	0.0	2044075	23	4.3
1527281215.0	4300	59.998441	0.0	2186790	24	4.3
