1527297340.2	750	4	0.028	2354772	9	-0.12039999999999995
1527297340.33	4300	7.957478	0.0	2123065	24	0.75
1527297340.42	4300	11.868568	0.0	2177073	16	4.3
1527297340.51	4300	15.778478	0.0	2160877	16	4.3
1527297340.59	4300	19.702327	0.0	2233056	10	4.3
1527297340.66	4300	23.629865	0.0	1941625	8	4.3
1527297340.73	4300	27.555865	0.0	2157535	9	4.3
1527297340.81	4300	31.480251	0.0	2290172	8	4.3
1527297340.88	4300	35.405188	0.0	2055469	9	4.3
1527297340.96	4300	39.33003	0.0	2169201	9	4.3
1527297341.03	4300	43.257202	0.0	2173522	8	4.3
1527297341.1	4300	47.184665	0.0	2102452	8	4.3
1527297341.18	4300	51.109908	0.0	2209463	8	4.3
1527297341.26	4300	55.031485	0.0	2275376	8	4.3
1527297341.33	4300	58.953245	0.0	2005399	7	4.3
1527297344.42	4300	59.998904	0.0	2152483	9	4.3
1527297349.09	4300	59.499212	0.0	2289689	19	4.3
1527297352.7	4300	59.998094	0.0	2059512	19	4.3
1527297356.31	4300	59.998937	0.0	2220726	18	4.3
1527297360.93	4300	59.498554	0.0	2156729	25	4.3
1527297364.54	4300	59.998686	0.0	2039773	22	4.3
1527297368.66	4300	59.748408	0.0	2176469	22	4.3
1527297372.75	4300	59.7487	0.0	2221506	15	4.3
1527297376.36	4300	59.998671	0.0	2044075	24	4.3
1527297380.47	4300	59.997983	0.0	2186790	22	4.3
1527297384.59	4300	59.998619	0.0	2105231	22	4.3
1527297388.69	4300	59.749406	0.0	2395588	22	4.3
1527297392.8	4300	59.498005	0.0	1972048	21	4.3
1527297396.92	4300	59.747744	0.0	2134614	23	4.3
1527297400.53	4300	59.999179	0.0	2164140	20	4.3
1527297404.65	4300	59.747415	0.0	2113193	23	4.3
1527297408.76	4300	59.748945	0.0	2147852	22	4.3
1527297412.37	4300	59.998907	0.0	2191074	21	4.3
1527297416.98	4300	59.747783	0.0	2286761	18	4.3
1527297420.62	4300	59.748001	0.0	2307787	16	4.3
1527297424.74	4300	59.749429	0.0	2143948	25	4.3
1527297428.35	4300	59.998748	0.0	1919781	22	4.3
1527297432.52	4300	59.998812	0.0	2147467	23	4.3
1527297436.65	4300	59.997449	0.0	2133870	23	4.3
1527297440.77	4300	59.748107	0.0	2146120	24	4.3
1527297444.38	4300	59.998948	0.0	2108491	20	4.3
1527297448.48	4300	59.997466	0.0	2184571	19	4.3
1527297452.6	4300	59.997692	0.0	2121928	21	4.3
1527297456.71	4300	59.748661	0.0	2219102	21	4.3
1527297460.82	4300	59.748001	0.0	2124950	17	4.3
1527297464.44	4300	59.998521	0.0	2246506	25	4.3
1527297468.55	4300	59.748923	0.0	1961140	22	4.3
1527297472.66	4300	59.749145	0.0	2155012	24	4.3
1527297474.76	4300	59.678956	0.0	1433658	15	4.3

1527297475.02	750	4	0.019	668286	5	-0.0817
1527297475.11	4300	7.970961	0.0	2123065	13	0.75
1527297475.22	4300	11.866298	0.0	2177073	25	4.3
1527297475.31	4300	15.770411	0.0	2160877	21	4.3
1527297475.39	4300	19.686448	0.0	2233056	14	4.3
1527297475.47	4300	23.616519	0.0	1941625	7	4.3
1527297475.54	4300	27.539591	0.0	2157535	12	4.3
1527297475.63	4300	31.446525	0.0	2290172	22	4.3
1527297475.72	4300	35.367861	0.0	2055469	11	4.3
1527297475.82	4300	39.262748	0.0	2169201	24	4.3
1527297475.9	4300	43.178822	0.0	2173522	14	4.3
1527297475.97	4300	47.106663	0.0	2102452	9	4.3
1527297476.05	4300	51.03384	0.0	2209463	8	4.3
1527297476.12	4300	54.960893	0.0	2275376	8	4.3
1527297476.19	4300	58.888931	0.0	2005399	8	4.3
1527297479.78	4300	59.748571	0.0	2152483	8	4.3
1527297483.39	4300	59.748299	0.0	2289689	20	4.3
1527297487.5	4300	59.749523	0.0	2059512	23	4.3
1527297491.62	4300	59.498872	0.0	2220726	26	4.3
1527297495.73	4300	59.498341	0.0	2156729	24	4.3
1527297499.34	4300	59.748093	0.0	2039773	23	4.3
1527297503.46	4300	59.749437	0.0	2176469	26	4.3
1527297507.58	4300	59.998042	0.0	2221506	23	4.3
1527297511.19	4300	59.998042	0.0	2044075	21	4.3
1527297515.3	4300	59.997754	0.0	2186790	25	4.3
1527297519.48	4300	59.997787	0.0	2105231	16	4.3
1527297523.6	4300	59.74797	0.0	2395588	28	4.3
1527297527.21	4300	59.998609	0.0	1972048	24	4.3
1527297531.33	4300	59.999213	0.0	2134614	24	4.3
1527297535.45	4300	59.748068	0.0	2164140	25	4.3
1527297539.56	4300	59.749079	0.0	2113193	23	4.3
1527297543.17	4300	59.998591	0.0	2147852	24	4.3
1527297547.28	4300	59.997466	0.0	2191074	19	4.3
1527297551.39	4300	59.997778	0.0	2286761	21	4.3
1527297555.51	4300	59.74886	0.0	2307787	23	4.3
1527297559.11	4300	59.99893	0.0	2143948	18	4.3
1527297563.73	4300	59.498626	0.0	1919781	24	4.3
1527297567.35	4300	59.997735	0.0	2147467	26	4.3
1527297571.45	4300	59.748203	0.0	2133870	21	4.3
1527297575.56	4300	59.749021	0.0	2146120	22	4.3
1527297579.17	4300	59.99753	0.0	2108491	21	4.3
1527297583.28	4300	59.997474	0.0	2184571	20	4.3
1527297587.39	4300	59.747845	0.0	2121928	21	4.3
1527297591.51	4300	59.748002	0.0	2219102	20	4.3
1527297595.11	4300	59.99822	0.0	2124950	18	4.3
1527297599.23	4300	59.997763	0.0	2246506	25	4.3
1527297603.84	4300	59.248715	0.0	1961140	22	4.3
1527297607.46	4300	59.997434	0.0	2155012	23	4.3
1527297609.06	4300	59.928624	0.0	1433658	15	4.3

1527297609.35	750	4	0.02	668286	3	-0.08599999999999997
1527297609.43	4300	7.979179	0.0	2123065	7	0.75
1527297609.5	4300	11.908633	0.0	2177073	7	4.3
1527297609.59	4300	15.819974	0.0	2160877	17	4.3
1527297609.67	4300	19.739362	0.0	2233056	12	4.3
1527297609.75	4300	23.663006	0.0	1941625	9	4.3
1527297609.82	4300	27.58566	0.0	2157535	10	4.3
1527297609.9	4300	31.507956	0.0	2290172	10	4.3
1527297609.98	4300	35.429369	0.0	2055469	10	4.3
1527297610.05	4300	39.353171	0.0	2169201	10	4.3
1527297610.12	4300	43.282404	0.0	2173522	7	4.3
1527297610.2	4300	47.20749	0.0	2102452	10	4.3
1527297610.28	4300	51.129956	0.0	2209463	10	4.3
1527297610.39	4300	55.019203	0.0	2275376	21	4.3
1527297610.48	4300	58.925123	0.0	2005399	19	4.3
1527297614.08	4300	59.748297	0.0	2152483	17	4.3
1527297617.68	4300	59.749057	0.0	2289689	16	4.3
1527297621.79	4300	59.748249	0.0	2059512	22	4.3
1527297625.91	4300	59.748286	0.0	2220726	23	4.3
1527297630.02	4300	59.748003	0.0	2156729	22	4.3
1527297633.63	4300	59.997926	0.0	2039773	20	4.3
1527297637.73	4300	59.74873	0.0	2176469	18	4.3
1527297641.86	4300	59.998112	0.0	2221506	24	4.3
