1527282375.47	750	4	0.017	450283	1	-0.07309999999999994
1527282375.58	4300	7.957448	0.0	2123065	14	0.75
1527282375.68	4300	11.855417	0.0	2177073	23	4.3
1527282375.76	4300	15.770571	0.0	2160877	13	4.3
1527282375.85	4300	19.681296	0.0	2233056	13	4.3
1527282375.92	4300	23.613708	0.0	1941625	6	4.3
1527282376.0	4300	27.541868	0.0	2157535	8	4.3
1527282376.07	4300	31.464965	0.0	2290172	9	4.3
1527282376.16	4300	35.37775	0.0	2055469	17	4.3
1527282376.23	4300	39.299542	0.0	2169201	10	4.3
1527282376.31	4300	43.223074	0.0	2173522	10	4.3
1527282376.39	4300	47.147742	0.0	2102452	10	4.3
1527282376.46	4300	51.07135	0.0	2209463	10	4.3
1527282376.54	4300	54.993596	0.0	2275376	12	4.3
1527282376.61	4300	58.919754	0.0	2005399	8	4.3
1527282380.21	4300	59.49881	0.0	2152483	10	4.3
1527282383.94	4300	59.748989	0.0	2289689	24	4.3
1527282387.64	4300	59.999107	0.0	2059512	24	4.3
1527282391.75	4300	59.99925	0.0	2220726	25	4.3
1527282395.86	4300	59.748838	0.0	2156729	23	4.3
1527282399.97	4300	59.747852	0.0	2039773	21	4.3
1527282403.58	4300	59.999167	0.0	2176469	26	4.3
1527282407.69	4300	59.998063	0.0	2221506	16	4.3
1527282411.8	4300	59.748133	0.0	2044075	20	4.3
1527282415.91	4300	59.998115	0.0	2186790	21	4.3
1527282420.02	4300	59.749192	0.0	2105231	18	4.3
1527282424.13	4300	59.499156	0.0	2395588	20	4.3
1527282427.71	4300	59.999436	0.0	1972048	10	4.3
1527282431.82	4300	59.998616	0.0	2134614	24	4.3
1527282435.94	4300	59.734569	0.0	2164140	26	4.3
1527282439.55	4300	59.999135	0.0	2113193	23	4.3
1527282444.16	4300	59.499302	0.0	2147852	22	4.3
1527282447.77	4300	59.998516	0.0	2191074	24	4.3
1527282451.89	4300	59.74941	0.0	2286761	20	4.3
1527282455.99	4300	59.749292	0.0	2307787	20	4.3
1527282459.61	4300	59.998775	0.0	2143948	24	4.3
1527282463.72	4300	59.998075	0.0	1919781	22	4.3
1527282467.84	4300	59.747833	0.0	2147467	23	4.3
1527282471.95	4300	59.998613	0.0	2133870	19	4.3
1527282476.11	4300	59.498612	0.0	2146120	23	4.3
1527282479.79	4300	59.997617	0.0	2108491	24	4.3
1527282483.91	4300	59.749478	0.0	2184571	24	4.3
1527282488.02	4300	59.748466	0.0	2121928	23	4.3
1527282491.63	4300	59.999468	0.0	2219102	24	4.3
1527282495.74	4300	59.999091	0.0	2124950	16	4.3
1527282499.86	4300	59.999089	0.0	2246506	20	4.3
1527282503.96	4300	59.749327	0.0	1961140	18	4.3
1527282508.05	4300	59.498634	0.0	2155012	12	4.3
1527282509.65	4300	59.678619	0.0	1433658	17	4.3

1527282509.94	750	4	0.026	2354772	7	-0.11180000000000001
1527282510.05	4300	7.960973	0.0	2123065	21	0.75
1527282510.13	4300	11.87369	0.0	2177073	15	4.3
1527282510.22	4300	15.788518	0.0	2160877	15	4.3
1527282510.31	4300	19.700314	0.0	2233056	14	4.3
1527282510.4	4300	23.601985	0.0	1941625	21	4.3
1527282510.5	4300	27.504046	0.0	2157535	24	4.3
1527282510.59	4300	31.420257	0.0	2290172	16	4.3
1527282510.67	4300	35.340416	0.0	2055469	14	4.3
1527282510.75	4300	39.257384	0.0	2169201	14	4.3
1527282510.83	4300	43.172948	0.0	2173522	15	4.3
1527282510.92	4300	47.091056	0.0	2102452	13	4.3
1527282511.0	4300	51.007026	0.0	2209463	18	4.3
1527282511.07	4300	54.937093	0.0	2275376	8	4.3
1527282511.16	4300	58.850371	0.0	2005399	15	4.3
1527282514.24	4300	59.997744	0.0	2152483	9	4.3
1527282518.35	4300	59.748083	0.0	2289689	27	4.3
1527282522.46	4300	59.747908	0.0	2059512	23	4.3
1527282526.08	4300	59.998821	0.0	2220726	24	4.3
1527282530.68	4300	59.748886	0.0	2156729	20	4.3
1527282534.55	4300	59.749231	0.0	2039773	23	4.3
1527282538.16	4300	59.999361	0.0	2176469	24	4.3
1527282542.28	4300	59.749654	0.0	2221506	22	4.3
1527282546.38	4300	59.749151	0.0	2044075	18	4.3
1527282550.48	4300	59.998799	0.0	2186790	22	4.3
1527282554.72	4300	59.747802	0.0	2105231	24	4.3
1527282558.33	4300	59.749026	0.0	2395588	24	4.3
1527282562.44	4300	59.74919	0.0	1972048	22	4.3
1527282566.05	4300	59.998269	0.0	2134614	14	4.3
1527282570.16	4300	59.998491	0.0	2164140	25	4.3
1527282574.27	4300	59.998138	0.0	2113193	25	4.3
1527282578.39	4300	59.998175	0.0	2147852	24	4.3
1527282582.5	4300	59.749145	0.0	2191074	24	4.3
1527282586.61	4300	59.49814	0.0	2286761	23	4.3
1527282590.22	4300	59.998164	0.0	2307787	24	4.3
1527282594.35	4300	59.749303	0.0	2143948	25	4.3
1527282598.45	4300	59.747996	0.0	1919781	21	4.3
1527282602.05	4300	59.998749	0.0	2147467	11	4.3
1527282606.17	4300	59.997804	0.0	2133870	25	4.3
1527282610.28	4300	59.748751	0.0	2146120	24	4.3
1527282614.39	4300	59.748179	0.0	2108491	24	4.3
1527282618.5	4300	59.749214	0.0	2184571	23	4.3
1527282622.61	4300	59.49884	0.0	2121928	23	4.3
1527282626.22	4300	59.997994	0.0	2219102	24	4.3
1527282630.33	4300	59.748265	0.0	2124950	18	4.3
1527282634.45	4300	59.99889	0.0	2246506	25	4.3
1527282638.06	4300	59.998812	0.0	1961140	21	4.3
1527282642.76	4300	59.748444	0.0	2155012	25	4.3
1527282643.86	4300	59.927566	0.0	1433658	17	4.3

1527282644.17	750	4	0.025	2354772	9	-0.10750000000000004
1527282644.32	4300	7.966605	0.0	2123065	18	0.75
1527282644.42	4300	11.808927	0.0	2177073	24	4.3
1527282644.51	4300	15.720709	0.0	2160877	15	4.3
1527282644.58	4300	19.650575	0.0	2233056	7	4.3
1527282644.65	4300	23.582789	0.0	1941625	7	4.3
1527282644.71	4300	27.512506	0.0	2157535	7	4.3
1527282644.79	4300	31.442284	0.0	2290172	9	4.3
1527282644.86	4300	35.370227	0.0	2055469	7	4.3
1527282644.95	4300	39.280703	0.0	2169201	18	4.3
1527282645.03	4300	43.203763	0.0	2173522	10	4.3
1527282645.11	4300	47.115907	0.0	2102452	18	4.3
1527282645.19	4300	51.035125	0.0	2209463	11	4.3
1527282645.28	4300	54.952035	0.0	2275376	7	4.3
1527282645.38	4300	58.851092	0.0	2005399	22	4.3
1527282648.47	4300	59.997691	0.0	2152483	12	4.3
1527282652.68	4300	59.747626	0.0	2289689	25	4.3
1527282656.3	4300	59.999026	0.0	2059512	24	4.3
1527282660.92	4300	59.748643	0.0	2220726	22	4.3
1527282664.52	4300	59.99797	0.0	2156729	23	4.3
