1527248492.99	750	4	0.024	2354772	8	-0.10319999999999996
1527248493.13	4300	7.967751	0.0	2123065	21	0.75
1527248493.28	4300	11.818535	0.0	2177073	24	4.3
1527248493.42	4300	15.68422	0.0	2160877	15	4.3
1527248493.56	4300	19.538539	0.0	2233056	15	4.3
1527248493.69	4300	23.410014	0.0	1941625	13	4.3
1527248493.85	4300	27.249255	0.0	2157535	37	4.3
1527248494.0	4300	31.102406	0.0	2290172	25	4.3
1527248494.15	4300	34.956027	0.0	2055469	22	4.3
1527248494.28	4300	38.824114	0.0	2169201	15	4.3
1527248494.41	4300	42.691993	0.0	2173522	15	4.3
1527248494.53	4300	46.573246	0.0	2102452	8	4.3
1527248494.66	4300	50.440526	0.0	2209463	16	4.3
1527248494.78	4300	54.320558	0.0	2275376	7	4.3
1527248494.92	4300	58.175384	0.0	2005399	14	4.3
1527248497.55	4300	59.750074	0.0	2152483	9	4.3
1527248501.31	4300	59.998151	0.0	2289689	22	4.3
1527248505.46	4300	59.74868	0.0	2059512	18	4.3
1527248509.61	4300	59.74912	0.0	2220726	15	4.3
1527248513.26	4300	59.999128	0.0	2156729	24	4.3
1527248517.42	4300	59.998636	0.0	2039773	24	4.3
1527248521.57	4300	59.997944	0.0	2176469	18	4.3
1527248525.73	4300	59.498121	0.0	2221506	25	4.3
1527248529.39	4300	59.749817	0.0	2044075	23	4.3
1527248533.55	4300	59.748998	0.0	2186790	17	4.3
1527248537.7	4300	59.497893	0.0	2105231	24	4.3
1527248541.37	4300	59.99819	0.0	2395588	27	4.3
1527248545.53	4300	59.998101	0.0	1972048	25	4.3
1527248549.69	4300	59.74828	0.0	2134614	20	4.3
1527248553.84	4300	59.497843	0.0	2164140	23	4.3
1527248557.5	4300	59.747979	0.0	2113193	18	4.3
1527248561.15	4300	59.999302	0.0	2147852	21	4.3
1527248565.81	4300	59.498879	0.0	2191074	22	4.3
1527248569.48	4300	59.998499	0.0	2286761	26	4.3
1527248573.14	4300	59.998888	0.0	2307787	25	4.3
1527248577.35	4300	59.998949	0.0	2143948	24	4.3
1527248581.52	4300	59.749104	0.0	1919781	21	4.3
1527248585.17	4300	59.999077	0.0	2147467	25	4.3
1527248589.33	4300	59.999258	0.0	2133870	23	4.3
1527248593.5	4300	59.998767	0.0	2146120	24	4.3
1527248597.16	4300	59.998542	0.0	2108491	25	4.3
1527248601.33	4300	59.997918	0.0	2184571	23	4.3
1527248605.49	4300	59.748342	0.0	2121928	25	4.3
1527248609.15	4300	59.998498	0.0	2219102	22	4.3
1527248613.37	4300	59.99787	0.0	2124950	22	4.3
1527248617.53	4300	59.749504	0.0	2246506	26	4.3
1527248621.17	4300	59.998183	0.0	1961140	22	4.3
1527248625.31	4300	59.998356	0.0	2155012	22	4.3
1527248627.43	4300	59.67769	0.0	1433658	20	4.3

1527248627.7	750	4	0.014	668286	3	-0.06020000000000003
1527248627.87	4300	7.948747	0.0	2123065	23	0.75
1527248628.01	4300	11.801691	0.0	2177073	23	4.3
1527248628.16	4300	15.650144	0.0	2160877	25	4.3
1527248628.29	4300	19.525311	0.0	2233056	12	4.3
1527248628.42	4300	23.399602	0.0	1941625	11	4.3
1527248628.54	4300	27.26859	0.0	2157535	11	4.3
1527248628.67	4300	31.14137	0.0	2290172	12	4.3
1527248628.79	4300	35.018963	0.0	2055469	11	4.3
1527248628.94	4300	38.873032	0.0	2169201	24	4.3
1527248629.09	4300	42.724623	0.0	2173522	24	4.3
1527248629.22	4300	46.597625	0.0	2102452	13	4.3
1527248629.37	4300	50.448647	0.0	2209463	24	4.3
1527248629.5	4300	54.31651	0.0	2275376	13	4.3
1527248629.64	4300	58.1776	0.0	2005399	23	4.3
1527248632.28	4300	59.997989	0.0	2152483	17	4.3
1527248636.44	4300	59.499054	0.0	2289689	16	4.3
1527248640.11	4300	59.748284	0.0	2059512	23	4.3
1527248644.26	4300	59.748872	0.0	2220726	25	4.3
1527248647.92	4300	59.999326	0.0	2156729	17	4.3
1527248652.59	4300	59.499688	0.0	2039773	14	4.3
1527248656.31	4300	59.74983	0.0	2176469	24	4.3
1527248660.47	4300	59.49842	0.0	2221506	24	4.3
1527248664.13	4300	59.999268	0.0	2044075	20	4.3
1527248668.3	4300	59.749613	0.0	2186790	25	4.3
1527248671.96	4300	59.997776	0.0	2105231	24	4.3
1527248676.13	4300	59.748918	0.0	2395588	26	4.3
1527248680.29	4300	59.749604	0.0	1972048	26	4.3
1527248683.95	4300	59.999329	0.0	2134614	20	4.3
1527248688.1	4300	59.99903	0.0	2164140	21	4.3
1527248692.26	4300	59.747803	0.0	2113193	25	4.3
1527248695.91	4300	59.998813	0.0	2147852	18	4.3
1527248700.08	4300	59.749111	0.0	2191074	22	4.3
1527248704.24	4300	59.997793	0.0	2286761	25	4.3
1527248708.39	4300	59.498757	0.0	2307787	19	4.3
1527248712.55	4300	59.499103	0.0	2143948	23	4.3
1527248716.2	4300	59.748256	0.0	1919781	16	4.3
1527248720.35	4300	59.499106	0.0	2147467	20	4.3
1527248724.01	4300	59.998997	0.0	2133870	23	4.3
1527248728.18	4300	59.999181	0.0	2146120	24	4.3
1527248731.85	4300	59.998712	0.0	2108491	23	4.3
1527248736.01	4300	59.999159	0.0	2184571	18	4.3
1527248740.17	4300	59.7478	0.0	2121928	24	4.3
1527248743.83	4300	59.998057	0.0	2219102	19	4.3
1527248748.05	4300	59.999266	0.0	2124950	17	4.3
1527248752.21	4300	59.747794	0.0	2246506	26	4.3
1527248755.94	4300	59.997864	0.0	1961140	22	4.3
1527248760.07	4300	59.997985	0.0	2155012	20	4.3
1527248761.69	4300	59.928222	0.0	1433658	17	4.3

1527248761.98	750	4	0.017	668286	2	-0.07309999999999994
1527248762.15	4300	7.942232	0.0	2123065	22	0.75
1527248762.27	4300	11.820807	0.0	2177073	8	4.3
1527248762.41	4300	15.678629	0.0	2160877	21	4.3
1527248762.54	4300	19.552989	0.0	2233056	12	4.3
1527248762.67	4300	23.42702	0.0	1941625	11	4.3
1527248762.79	4300	27.297444	0.0	2157535	13	4.3
1527248762.93	4300	31.162132	0.0	2290172	13	4.3
1527248763.05	4300	35.037686	0.0	2055469	11	4.3
1527248763.18	4300	38.910796	0.0	2169201	11	4.3
1527248763.31	4300	42.783096	0.0	2173522	11	4.3
1527248763.45	4300	46.644222	0.0	2102452	17	4.3
1527248763.62	4300	50.468182	0.0	2209463	15	4.3
1527248763.76	4300	54.329373	0.0	2275376	16	4.3
1527248763.9	4300	58.199472	0.0	2005399	13	4.3
1527248766.54	4300	59.74901	0.0	2152483	18	4.3
1527248770.21	4300	59.998998	0.0	2289689	25	4.3
1527248774.37	4300	59.999231	0.0	2059512	23	4.3
1527248778.54	4300	59.748959	0.0	2220726	26	4.3
1527248782.21	4300	59.99937	0.0	2156729	25	4.3
1527248786.37	4300	59.748456	0.0	2039773	22	4.3
1527248790.52	4300	59.74925	0.0	2176469	22	4.3
1527248794.66	4300	59.749541	0.0	2221506	8	4.3
1527248798.32	4300	59.999295	0.0	2044075	25	4.3
1527248802.48	4300	59.748175	0.0	2186790	25	4.3
1527248806.12	4300	59.999079	0.0	2105231	8	4.3
1527248810.29	4300	59.999107	0.0	2395588	27	4.3
1527248814.45	4300	59.748174	0.0	1972048	22	4.3
1527248818.61	4300	59.498947	0.0	2134614	21	4.3
1527248822.27	4300	59.999223	0.0	2164140	24	4.3
1527248826.43	4300	59.749313	0.0	2113193	24	4.3
1527248830.1	4300	59.999127	0.0	2147852	22	4.3
1527248834.26	4300	59.998966	0.0	2191074	26	4.3
1527248838.43	4300	59.998368	0.0	2286761	27	4.3
1527248842.6	4300	59.499139	0.0	2307787	25	4.3
1527248846.75	4300	59.498997	0.0	2143948	17	4.3
1527248850.4	4300	59.999169	0.0	1919781	20	4.3
