1527226258.72	750	4	0.027	2354772	7	-0.11609999999999998
1527226258.85	4300	7.962301	0.0	2123065	22	0.75
1527226258.95	4300	11.864883	0.0	2177073	21	4.3
1527226259.03	4300	15.77933	0.0	2160877	15	4.3
1527226259.12	4300	19.691763	0.0	2233056	17	4.3
1527226259.19	4300	23.618525	0.0	1941625	7	4.3
1527226259.27	4300	27.542743	0.0	2157535	8	4.3
1527226259.37	4300	31.44306	0.0	2290172	21	4.3
1527226259.45	4300	35.357513	0.0	2055469	12	4.3
1527226259.54	4300	39.276628	0.0	2169201	12	4.3
1527226259.63	4300	43.18022	0.0	2173522	27	4.3
1527226259.72	4300	47.095024	0.0	2102452	14	4.3
1527226259.79	4300	51.023675	0.0	2209463	9	4.3
1527226259.87	4300	54.943115	0.0	2275376	8	4.3
1527226259.98	4300	58.843847	0.0	2005399	10	4.3
1527226263.08	4300	59.998495	0.0	2152483	11	4.3
1527226267.19	4300	59.998795	0.0	2289689	23	4.3
1527226271.3	4300	59.997669	0.0	2059512	21	4.3
1527226275.41	4300	59.748762	0.0	2220726	23	4.3
1527226279.02	4300	59.999068	0.0	2156729	24	4.3
1527226283.16	4300	59.749458	0.0	2039773	24	4.3
1527226287.28	4300	59.748694	0.0	2176469	25	4.3
1527226290.89	4300	59.99773	0.0	2221506	25	4.3
1527226295.58	4300	59.499057	0.0	2044075	20	4.3
1527226299.18	4300	59.747704	0.0	2186790	20	4.3
1527226303.3	4300	59.998584	0.0	2105231	24	4.3
1527226306.92	4300	59.998316	0.0	2395588	25	4.3
1527226311.03	4300	59.998849	0.0	1972048	18	4.3
1527226315.14	4300	59.74881	0.0	2134614	20	4.3
1527226319.25	4300	59.748774	0.0	2164140	24	4.3
1527226322.87	4300	59.998487	0.0	2113193	22	4.3
1527226326.98	4300	59.998653	0.0	2147852	22	4.3
1527226331.09	4300	59.748558	0.0	2191074	19	4.3
1527226335.21	4300	59.7482	0.0	2286761	21	4.3
1527226339.32	4300	59.747844	0.0	2307787	21	4.3
1527226343.42	4300	59.748417	0.0	2143948	20	4.3
1527226347.03	4300	59.998488	0.0	1919781	19	4.3
1527226351.13	4300	59.99891	0.0	2147467	19	4.3
1527226355.24	4300	59.747791	0.0	2133870	21	4.3
1527226358.85	4300	59.999389	0.0	2146120	20	4.3
1527226362.97	4300	59.998416	0.0	2108491	25	4.3
1527226367.09	4300	59.748728	0.0	2184571	27	4.3
1527226371.2	4300	59.748157	0.0	2121928	24	4.3
1527226375.35	4300	59.749151	0.0	2219102	24	4.3
1527226378.96	4300	59.999095	0.0	2124950	15	4.3
1527226383.16	4300	59.747964	0.0	2246506	26	4.3
1527226387.27	4300	59.749182	0.0	1961140	22	4.3
1527226390.88	4300	59.998486	0.0	2155012	27	4.3
1527226392.98	4300	59.679303	0.0	1433658	17	4.3

1527226393.26	750	4	0.019	668286	4	-0.0817
1527226393.37	4300	7.951413	0.0	2123065	14	0.75
1527226393.47	4300	11.849035	0.0	2177073	23	4.3
1527226393.56	4300	15.763161	0.0	2160877	14	4.3
1527226393.64	4300	19.678231	0.0	2233056	14	4.3
1527226393.73	4300	23.589783	0.0	1941625	17	4.3
1527226393.81	4300	27.509618	0.0	2157535	11	4.3
1527226393.9	4300	31.426493	0.0	2290172	12	4.3
1527226393.98	4300	35.346938	0.0	2055469	11	4.3
1527226394.07	4300	39.250067	0.0	2169201	21	4.3
1527226394.15	4300	43.168681	0.0	2173522	12	4.3
1527226394.24	4300	47.080746	0.0	2102452	15	4.3
1527226394.34	4300	50.99107	0.0	2209463	15	4.3
1527226394.44	4300	54.880967	0.0	2275376	18	4.3
1527226394.54	4300	58.777809	0.0	2005399	28	4.3
1527226397.63	4300	59.99803	0.0	2152483	9	4.3
1527226401.74	4300	59.749124	0.0	2289689	23	4.3
1527226405.85	4300	59.498518	0.0	2059512	20	4.3
1527226409.47	4300	59.998451	0.0	2220726	20	4.3
1527226413.58	4300	59.748359	0.0	2156729	24	4.3
1527226417.7	4300	59.749032	0.0	2039773	22	4.3
1527226421.81	4300	59.999123	0.0	2176469	24	4.3
1527226425.42	4300	59.998931	0.0	2221506	24	4.3
1527226430.04	4300	59.497987	0.0	2044075	23	4.3
1527226433.66	4300	59.749202	0.0	2186790	26	4.3
1527226437.77	4300	59.74828	0.0	2105231	15	4.3
1527226441.88	4300	59.498133	0.0	2395588	23	4.3
1527226445.99	4300	59.499217	0.0	1972048	19	4.3
1527226449.6	4300	59.997974	0.0	2134614	23	4.3
1527226453.73	4300	59.738691	0.0	2164140	23	4.3
1527226457.34	4300	59.99914	0.0	2113193	25	4.3
1527226461.99	4300	59.748781	0.0	2147852	20	4.3
1527226465.67	4300	59.748705	0.0	2191074	25	4.3
1527226469.78	4300	59.999487	0.0	2286761	24	4.3
1527226473.39	4300	59.998904	0.0	2307787	22	4.3
1527226477.48	4300	59.999153	0.0	2143948	7	4.3
1527226481.59	4300	59.999356	0.0	1919781	22	4.3
1527226485.71	4300	59.748811	0.0	2147467	26	4.3
1527226489.82	4300	59.998471	0.0	2133870	23	4.3
1527226493.94	4300	59.749015	0.0	2146120	22	4.3
1527226497.55	4300	59.998444	0.0	2108491	10	4.3
1527226501.66	4300	59.998857	0.0	2184571	24	4.3
1527226505.75	4300	59.748724	0.0	2121928	8	4.3
1527226509.36	4300	59.997712	0.0	2219102	25	4.3
1527226513.49	4300	59.998279	0.0	2124950	25	4.3
1527226517.6	4300	59.997643	0.0	2246506	24	4.3
1527226521.71	4300	59.998158	0.0	1961140	23	4.3
1527226525.82	4300	59.749072	0.0	2155012	22	4.3
1527226527.42	4300	59.928471	0.0	1433658	15	4.3

1527226527.69	750	4	0.018	668286	3	-0.07740000000000002
1527226527.8	4300	7.948331	0.0	2123065	22	0.75
1527226527.9	4300	11.848598	0.0	2177073	24	4.3
1527226527.99	4300	15.760064	0.0	2160877	15	4.3
1527226528.08	4300	19.672561	0.0	2233056	15	4.3
1527226528.15	4300	23.598673	0.0	1941625	7	4.3
1527226528.22	4300	27.524306	0.0	2157535	9	4.3
1527226528.32	4300	31.432293	0.0	2290172	22	4.3
1527226528.39	4300	35.354985	0.0	2055469	10	4.3
1527226528.48	4300	39.2681	0.0	2169201	15	4.3
1527226528.56	4300	43.190778	0.0	2173522	9	4.3
1527226528.64	4300	47.110426	0.0	2102452	10	4.3
1527226528.72	4300	51.03345	0.0	2209463	10	4.3
1527226528.79	4300	54.957322	0.0	2275376	10	4.3
1527226528.88	4300	58.869741	0.0	2005399	18	4.3
1527226531.96	4300	59.99887	0.0	2152483	7	4.3
1527226536.06	4300	59.997942	0.0	2289689	15	4.3
1527226540.16	4300	59.749491	0.0	2059512	20	4.3
1527226544.27	4300	59.748614	0.0	2220726	22	4.3
1527226547.95	4300	59.999353	0.0	2156729	23	4.3
1527226552.06	4300	59.999073	0.0	2039773	24	4.3
1527226556.18	4300	59.749281	0.0	2176469	24	4.3
1527226560.29	4300	59.747864	0.0	2221506	24	4.3
1527226564.4	4300	59.497974	0.0	2044075	21	4.3
1527226568.01	4300	59.748956	0.0	2186790	23	4.3
1527226572.12	4300	59.74914	0.0	2105231	20	4.3
1527226576.24	4300	59.749049	0.0	2395588	27	4.3
1527226579.86	4300	59.997685	0.0	1972048	21	4.3
1527226583.97	4300	59.998587	0.0	2134614	20	4.3
1527226588.08	4300	59.997651	0.0	2164140	21	4.3
1527226592.19	4300	59.998846	0.0	2113193	22	4.3
1527226595.8	4300	59.999094	0.0	2147852	21	4.3
1527226600.42	4300	59.498848	0.0	2191074	25	4.3
1527226604.04	4300	59.749474	0.0	2286761	27	4.3
1527226608.15	4300	59.747753	0.0	2307787	19	4.3
1527226611.78	4300	59.998964	0.0	2143948	24	4.3
1527226615.89	4300	59.998024	0.0	1919781	19	4.3
1527226620.48	4300	59.498664	0.0	2147467	8	4.3
1527226624.09	4300	59.749085	0.0	2133870	20	4.3
1527226628.24	4300	59.747858	0.0	2146120	25	4.3
