1527206570.72	750	4	0.029	2354772	9	-0.12470000000000003
1527206570.88	4300	7.957112	0.0	2123065	24	0.75
1527206571.02	4300	11.817513	0.0	2177073	18	4.3
1527206571.15	4300	15.684759	0.0	2160877	14	4.3
1527206571.27	4300	19.562555	0.0	2233056	9	4.3
1527206571.4	4300	23.44228	0.0	1941625	8	4.3
1527206571.64	4300	27.198673	0.0	2157535	7	4.3
1527206571.78	4300	31.054695	0.0	2290172	18	4.3
1527206571.91	4300	34.931462	0.0	2055469	10	4.3
1527206572.03	4300	38.802145	0.0	2169201	13	4.3
1527206572.17	4300	42.66434	0.0	2173522	12	4.3
1527206572.31	4300	46.523669	0.0	2102452	12	4.3
1527206572.44	4300	50.397689	0.0	2209463	12	4.3
1527206572.6	4300	54.23955	0.0	2275376	27	4.3
1527206572.75	4300	58.084135	0.0	2005399	10	4.3
1527206574.89	4300	59.9993	0.0	2152483	12	4.3
1527206579.53	4300	59.498683	0.0	2289689	15	4.3
1527206583.2	4300	59.749382	0.0	2059512	20	4.3
1527206586.85	4300	59.999363	0.0	2220726	22	4.3
1527206591.49	4300	59.497833	0.0	2156729	14	4.3
1527206595.16	4300	59.997742	0.0	2039773	24	4.3
1527206599.31	4300	59.74898	0.0	2176469	24	4.3
1527206602.97	4300	59.998965	0.0	2221506	19	4.3
1527206607.12	4300	59.748909	0.0	2044075	18	4.3
1527206611.31	4300	59.74818	0.0	2186790	14	4.3
1527206615.47	4300	59.498271	0.0	2105231	21	4.3
1527206619.13	4300	59.998192	0.0	2395588	25	4.3
1527206623.29	4300	59.749507	0.0	1972048	22	4.3
1527206626.95	4300	59.997733	0.0	2134614	25	4.3
1527206631.12	4300	59.749573	0.0	2164140	24	4.3
1527206635.28	4300	59.997909	0.0	2113193	22	4.3
1527206638.92	4300	59.999177	0.0	2147852	15	4.3
1527206643.09	4300	59.749098	0.0	2191074	24	4.3
1527206647.26	4300	59.997813	0.0	2286761	26	4.3
1527206651.42	4300	59.748603	0.0	2307787	27	4.3
1527206655.09	4300	59.99899	0.0	2143948	21	4.3
1527206659.24	4300	59.999171	0.0	1919781	17	4.3
1527206662.9	4300	59.998526	0.0	2147467	24	4.3
1527206667.56	4300	59.498859	0.0	2133870	22	4.3
1527206671.22	4300	59.749406	0.0	2146120	17	4.3
1527206675.37	4300	59.748401	0.0	2108491	22	4.3
1527206679.04	4300	59.998969	0.0	2184571	23	4.3
1527206683.2	4300	59.747722	0.0	2121928	23	4.3
1527206686.86	4300	59.997745	0.0	2219102	25	4.3
1527206691.03	4300	59.998468	0.0	2124950	26	4.3
1527206695.19	4300	59.998338	0.0	2246506	26	4.3
1527206699.34	4300	59.998772	0.0	1961140	21	4.3
1527206703.47	4300	59.74875	0.0	2155012	25	4.3
1527206705.08	4300	59.92848	0.0	1433658	16	4.3

1527206705.36	750	4	0.017	668286	3	-0.07309999999999994
1527206705.53	4300	7.947223	0.0	2123065	23	0.75
1527206705.68	4300	11.796158	0.0	2177073	23	4.3
1527206705.81	4300	15.659848	0.0	2160877	17	4.3
1527206705.96	4300	19.517225	0.0	2233056	21	4.3
1527206706.09	4300	23.385421	0.0	1941625	12	4.3
1527206706.22	4300	27.252438	0.0	2157535	14	4.3
1527206706.35	4300	31.119684	0.0	2290172	15	4.3
1527206706.48	4300	34.989032	0.0	2055469	15	4.3
1527206706.63	4300	38.863017	0.0	2169201	13	4.3
1527206706.78	4300	42.697013	0.0	2173522	25	4.3
1527206706.94	4300	46.537836	0.0	2102452	25	4.3
1527206707.09	4300	50.388237	0.0	2209463	25	4.3
1527206707.22	4300	54.253121	0.0	2275376	15	4.3
1527206707.42	4300	58.053617	0.0	2005399	14	4.3
1527206710.07	4300	59.748026	0.0	2152483	24	4.3
1527206713.73	4300	59.748065	0.0	2289689	21	4.3
1527206717.9	4300	59.748088	0.0	2059512	34	4.3
1527206721.57	4300	59.998507	0.0	2220726	23	4.3
1527206725.75	4300	59.749099	0.0	2156729	20	4.3
1527206729.91	4300	59.749063	0.0	2039773	24	4.3
1527206733.58	4300	59.997811	0.0	2176469	25	4.3
1527206737.74	4300	59.747933	0.0	2221506	26	4.3
1527206741.89	4300	59.749293	0.0	2044075	16	4.3
1527206746.04	4300	59.499107	0.0	2186790	15	4.3
1527206749.71	4300	59.999076	0.0	2105231	16	4.3
1527206753.86	4300	59.748061	0.0	2395588	22	4.3
1527206757.77	4300	59.999307	0.0	1972048	23	4.3
1527206761.93	4300	59.748933	0.0	2134614	23	4.3
1527206765.59	4300	59.998492	0.0	2164140	23	4.3
1527206769.75	4300	59.998522	0.0	2113193	25	4.3
1527206773.92	4300	59.998599	0.0	2147852	24	4.3
1527206778.08	4300	59.499037	0.0	2191074	24	4.3
1527206781.74	4300	59.99773	0.0	2286761	22	4.3
1527206785.89	4300	59.997892	0.0	2307787	24	4.3
1527206790.12	4300	59.498844	0.0	2143948	23	4.3
1527206793.77	4300	59.999201	0.0	1919781	18	4.3
1527206797.93	4300	59.998554	0.0	2147467	22	4.3
1527206801.59	4300	59.99765	0.0	2133870	24	4.3
1527206805.75	4300	59.999135	0.0	2146120	26	4.3
1527206809.92	4300	59.999085	0.0	2108491	25	4.3
1527206814.09	4300	59.499105	0.0	2184571	23	4.3
1527206817.76	4300	59.748687	0.0	2121928	24	4.3
1527206821.92	4300	59.998538	0.0	2219102	26	4.3
