1527251917.1	750	4	0.028	2354772	7	-0.12039999999999995
1527251917.17	4300	7.98617	0.0	2123065	8	0.75
1527251917.26	4300	11.899171	0.0	2177073	16	4.3
1527251917.35	4300	15.810461	0.0	2160877	16	4.3
1527251917.44	4300	19.718084	0.0	2233056	19	4.3
1527251917.53	4300	23.628647	0.0	1941625	22	4.3
1527251917.63	4300	27.531624	0.0	2157535	23	4.3
1527251917.71	4300	31.445615	0.0	2290172	16	4.3
1527251917.84	4300	35.352528	0.0	2055469	21	4.3
1527251917.95	4300	39.208339	0.0	2169201	23	4.3
1527251918.03	4300	43.122059	0.0	2173522	15	4.3
1527251918.13	4300	47.025585	0.0	2102452	23	4.3
1527251918.21	4300	50.942293	0.0	2209463	14	4.3
1527251918.29	4300	54.862843	0.0	2275376	8	4.3
1527251918.37	4300	58.7875	0.0	2005399	7	4.3
1527251921.48	4300	59.748296	0.0	2152483	23	4.3
1527251925.6	4300	59.998822	0.0	2289689	25	4.3
1527251929.2	4300	59.999013	0.0	2059512	21	4.3
1527251933.31	4300	59.998965	0.0	2220726	22	4.3
1527251937.41	4300	59.998878	0.0	2156729	20	4.3
1527251941.53	4300	59.998171	0.0	2039773	23	4.3
1527251945.62	4300	59.998412	0.0	2176469	8	4.3
1527251949.23	4300	59.999088	0.0	2221506	20	4.3
1527251953.34	4300	59.998408	0.0	2044075	24	4.3
1527251957.45	4300	59.997978	0.0	2186790	24	4.3
1527251961.56	4300	59.748484	0.0	2105231	22	4.3
1527251965.18	4300	59.99789	0.0	2395588	27	4.3
1527251969.8	4300	59.748865	0.0	1972048	23	4.3
1527251973.42	4300	59.998947	0.0	2134614	24	4.3
1527251977.53	4300	59.747782	0.0	2164140	23	4.3
1527251981.63	4300	59.748114	0.0	2113193	21	4.3
1527251985.25	4300	59.999067	0.0	2147852	23	4.3
1527251989.38	4300	59.998613	0.0	2191074	24	4.3
1527251993.49	4300	59.997821	0.0	2286761	25	4.3
1527251997.61	4300	59.749251	0.0	2307787	23	4.3
1527252001.22	4300	59.999047	0.0	2143948	19	4.3
1527252005.33	4300	59.999317	0.0	1919781	22	4.3
1527252009.45	4300	59.748825	0.0	2147467	24	4.3
1527252013.56	4300	59.747489	0.0	2133870	24	4.3
1527252017.67	4300	59.748317	0.0	2146120	22	4.3
1527252021.27	4300	59.997587	0.0	2108491	22	4.3
1527252025.39	4300	59.998425	0.0	2184571	21	4.3
1527252029.52	4300	59.747452	0.0	2121928	39	4.3
1527252033.63	4300	59.74856	0.0	2219102	23	4.3
1527252037.24	4300	59.998892	0.0	2124950	24	4.3
1527252041.34	4300	59.998656	0.0	2246506	20	4.3
1527252045.45	4300	59.749243	0.0	1961140	20	4.3
1527252049.54	4300	59.748693	0.0	2155012	12	4.3
1527252051.13	4300	59.92722	0.0	1433658	15	4.3

1527252051.44	750	4	0.027	2354772	8	-0.11609999999999998
1527252051.54	4300	7.959217	0.0	2123065	24	0.75
1527252051.64	4300	11.863408	0.0	2177073	21	4.3
1527252051.72	4300	15.7823	0.0	2160877	14	4.3
1527252051.8	4300	19.700896	0.0	2233056	16	4.3
1527252051.87	4300	23.630086	0.0	1941625	7	4.3
1527252051.94	4300	27.560961	0.0	2157535	7	4.3
1527252052.01	4300	31.492217	0.0	2290172	7	4.3
1527252052.07	4300	35.425201	0.0	2055469	7	4.3
1527252052.14	4300	39.356262	0.0	2169201	6	4.3
1527252052.23	4300	43.272164	0.0	2173522	15	4.3
1527252052.33	4300	47.17324	0.0	2102452	23	4.3
1527252052.43	4300	51.072628	0.0	2209463	32	4.3
1527252052.52	4300	54.974447	0.0	2275376	21	4.3
1527252052.6	4300	58.897662	0.0	2005399	10	4.3
1527252056.19	4300	59.748103	0.0	2152483	12	4.3
1527252059.8	4300	59.747514	0.0	2289689	20	4.3
1527252063.9	4300	59.748497	0.0	2059512	19	4.3
1527252068.04	4300	59.748383	0.0	2220726	23	4.3
1527252072.15	4300	59.74874	0.0	2156729	22	4.3
1527252075.76	4300	59.74916	0.0	2039773	20	4.3
1527252079.86	4300	59.998008	0.0	2176469	21	4.3
1527252083.97	4300	59.747825	0.0	2221506	21	4.3
1527252088.07	4300	59.498925	0.0	2044075	21	4.3
1527252092.18	4300	59.498591	0.0	2186790	24	4.3
1527252095.79	4300	59.997757	0.0	2105231	24	4.3
1527252099.9	4300	59.998826	0.0	2395588	23	4.3
1527252103.52	4300	59.999023	0.0	1972048	24	4.3
1527252108.14	4300	59.74915	0.0	2134614	24	4.3
1527252111.75	4300	59.997859	0.0	2164140	25	4.3
1527252115.86	4300	59.748565	0.0	2113193	22	4.3
1527252119.97	4300	59.998447	0.0	2147852	22	4.3
1527252123.58	4300	59.999	0.0	2191074	24	4.3
1527252128.2	4300	59.498805	0.0	2286761	25	4.3
1527252131.81	4300	59.749226	0.0	2307787	21	4.3
1527252135.92	4300	59.997561	0.0	2143948	27	4.3
1527252139.58	4300	59.998908	0.0	1919781	21	4.3
1527252143.69	4300	59.999018	0.0	2147467	25	4.3
1527252147.81	4300	59.997821	0.0	2133870	25	4.3
1527252151.95	4300	59.748635	0.0	2146120	24	4.3
1527252155.81	4300	59.998803	0.0	2108491	24	4.3
1527252159.95	4300	59.748657	0.0	2184571	24	4.3
1527252164.06	4300	59.498321	0.0	2121928	24	4.3
1527252167.67	4300	59.997849	0.0	2219102	24	4.3
1527252171.79	4300	59.748918	0.0	2124950	22	4.3
1527252175.91	4300	59.998098	0.0	2246506	25	4.3
1527252179.52	4300	59.997285	0.0	1961140	23	4.3
1527252184.13	4300	59.747844	0.0	2155012	22	4.3
1527252185.73	4300	59.677898	0.0	1433658	18	4.3

1527252186.24	750	4	0.025	2354772	8	-0.10750000000000004
1527252186.34	4300	7.964509	0.0	2123065	22	0.75
1527252186.42	4300	11.884354	0.0	2177073	12	4.3
1527252186.52	4300	15.78584	0.0	2160877	24	4.3
1527252186.6	4300	19.698718	0.0	2233056	15	4.3
1527252186.67	4300	23.62827	0.0	1941625	8	4.3
1527252186.75	4300	27.55524	0.0	2157535	8	4.3
1527252186.84	4300	31.477342	0.0	2290172	9	4.3
1527252186.91	4300	35.387371	0.0	2055469	7	4.3
1527252186.98	4300	39.315072	0.0	2169201	9	4.3
1527252187.06	4300	43.243197	0.0	2173522	9	4.3
1527252187.15	4300	47.15006	0.0	2102452	20	4.3
1527252187.23	4300	51.064362	0.0	2209463	14	4.3
1527252187.33	4300	54.970809	0.0	2275376	11	4.3
1527252187.4	4300	58.899937	0.0	2005399	8	4.3
1527252190.48	4300	59.999083	0.0	2152483	8	4.3
1527252194.58	4300	59.749214	0.0	2289689	21	4.3
1527252198.69	4300	59.749551	0.0	2059512	21	4.3
1527252202.8	4300	59.998148	0.0	2220726	24	4.3
1527252206.41	4300	59.999417	0.0	2156729	25	4.3
1527252211.07	4300	59.498498	0.0	2039773	19	4.3
1527252214.68	4300	59.99845	0.0	2176469	25	4.3
1527252218.79	4300	59.749206	0.0	2221506	23	4.3
1527252222.9	4300	59.498964	0.0	2044075	22	4.3
1527252226.51	4300	59.99886	0.0	2186790	24	4.3
1527252230.62	4300	59.749371	0.0	2105231	20	4.3
