1527247508.58	750	4	0.028	2354772	8	-0.12039999999999995
1527247508.69	4300	7.958623	0.0	2123065	22	0.75
1527247508.78	4300	11.858951	0.0	2177073	23	4.3
1527247508.87	4300	15.776058	0.0	2160877	14	4.3
1527247508.94	4300	19.699779	0.0	2233056	7	4.3
1527247509.02	4300	23.628692	0.0	1941625	8	4.3
1527247509.09	4300	27.554856	0.0	2157535	9	4.3
1527247509.16	4300	31.481015	0.0	2290172	8	4.3
1527247509.24	4300	35.407461	0.0	2055469	8	4.3
1527247509.31	4300	39.332609	0.0	2169201	8	4.3
1527247509.39	4300	43.257007	0.0	2173522	9	4.3
1527247509.46	4300	47.184265	0.0	2102452	8	4.3
1527247509.53	4300	51.111673	0.0	2209463	8	4.3
1527247509.61	4300	55.032509	0.0	2275376	9	4.3
1527247509.7	4300	58.946792	0.0	2005399	14	4.3
1527247512.82	4300	59.998119	0.0	2152483	25	4.3
1527247516.93	4300	59.997974	0.0	2289689	25	4.3
1527247521.04	4300	59.748312	0.0	2059512	21	4.3
1527247525.16	4300	59.747692	0.0	2220726	25	4.3
1527247528.77	4300	59.998658	0.0	2156729	24	4.3
1527247532.89	4300	59.998264	0.0	2039773	23	4.3
1527247537.0	4300	59.747783	0.0	2176469	25	4.3
1527247541.12	4300	59.749554	0.0	2221506	25	4.3
1527247544.73	4300	59.99941	0.0	2044075	19	4.3
1527247548.83	4300	59.999181	0.0	2186790	19	4.3
1527247552.94	4300	59.998473	0.0	2105231	22	4.3
1527247557.05	4300	59.747678	0.0	2395588	21	4.3
1527247561.14	4300	59.998077	0.0	1972048	12	4.3
1527247564.73	4300	59.999129	0.0	2134614	6	4.3
1527247569.36	4300	59.497221	0.0	2164140	23	4.3
1527247572.99	4300	59.749141	0.0	2113193	26	4.3
1527247577.1	4300	59.749255	0.0	2147852	19	4.3
1527247580.71	4300	59.997821	0.0	2191074	20	4.3
1527247584.82	4300	59.998961	0.0	2286761	27	4.3
1527247588.94	4300	59.749366	0.0	2307787	25	4.3
1527247593.05	4300	59.747629	0.0	2143948	23	4.3
1527247597.16	4300	59.747581	0.0	1919781	22	4.3
1527247601.27	4300	59.749071	0.0	2147467	22	4.3
1527247604.88	4300	59.999112	0.0	2133870	20	4.3
1527247609.0	4300	59.747419	0.0	2146120	26	4.3
1527247613.11	4300	59.99761	0.0	2108491	23	4.3
1527247616.73	4300	59.998899	0.0	2184571	25	4.3
1527247620.85	4300	59.997274	0.0	2121928	22	4.3
1527247624.96	4300	59.997669	0.0	2219102	26	4.3
1527247629.07	4300	59.997641	0.0	2124950	24	4.3
1527247633.2	4300	59.748064	0.0	2246506	25	4.3
1527247636.8	4300	59.998539	0.0	1961140	19	4.3
1527247641.43	4300	59.497332	0.0	2155012	15	4.3
1527247642.53	4300	59.928616	0.0	1433658	16	4.3

1527247642.85	750	4	0.027	2354772	9	-0.11609999999999998
1527247642.94	4300	7.971875	0.0	2123065	15	0.75
1527247643.02	4300	11.882619	0.0	2177073	16	4.3
1527247643.13	4300	15.795866	0.0	2160877	15	4.3
1527247643.21	4300	19.692641	0.0	2233056	13	4.3
1527247643.28	4300	23.62257	0.0	1941625	8	4.3
1527247643.36	4300	27.549646	0.0	2157535	9	4.3
1527247643.43	4300	31.473765	0.0	2290172	9	4.3
1527247643.5	4300	35.402907	0.0	2055469	6	4.3
1527247643.58	4300	39.331147	0.0	2169201	8	4.3
1527247643.65	4300	43.26023	0.0	2173522	7	4.3
1527247643.72	4300	47.189591	0.0	2102452	6	4.3
1527247643.8	4300	51.106604	0.0	2209463	7	4.3
1527247643.87	4300	55.033245	0.0	2275376	6	4.3
1527247643.94	4300	58.963904	0.0	2005399	6	4.3
1527247647.02	4300	59.997719	0.0	2152483	8	4.3
1527247651.14	4300	59.998407	0.0	2289689	21	4.3
1527247655.24	4300	59.748418	0.0	2059512	21	4.3
1527247659.37	4300	59.998831	0.0	2220726	26	4.3
1527247663.48	4300	59.498192	0.0	2156729	25	4.3
1527247667.6	4300	59.49776	0.0	2039773	23	4.3
1527247671.21	4300	59.998067	0.0	2176469	24	4.3
1527247675.32	4300	59.748723	0.0	2221506	20	4.3
1527247679.43	4300	59.498169	0.0	2044075	18	4.3
1527247683.04	4300	59.999276	0.0	2186790	17	4.3
1527247687.65	4300	59.747447	0.0	2105231	25	4.3
1527247691.27	4300	59.748136	0.0	2395588	27	4.3
1527247695.37	4300	59.997759	0.0	1972048	14	4.3
1527247699.48	4300	59.498642	0.0	2134614	25	4.3
1527247703.6	4300	59.749186	0.0	2164140	23	4.3
1527247707.21	4300	59.99768	0.0	2113193	23	4.3
1527247711.32	4300	59.749488	0.0	2147852	20	4.3
1527247715.43	4300	59.748229	0.0	2191074	21	4.3
1527247719.54	4300	59.499313	0.0	2286761	22	4.3
1527247723.65	4300	59.497918	0.0	2307787	21	4.3
1527247727.26	4300	59.9985	0.0	2143948	21	4.3
1527247731.37	4300	59.747781	0.0	1919781	22	4.3
1527247735.48	4300	59.497948	0.0	2147467	25	4.3
1527247739.6	4300	59.747986	0.0	2133870	22	4.3
1527247743.2	4300	59.747958	0.0	2146120	23	4.3
1527247747.31	4300	59.748651	0.0	2108491	21	4.3
1527247750.92	4300	59.998218	0.0	2184571	24	4.3
1527247755.09	4300	59.997681	0.0	2121928	24	4.3
1527247759.21	4300	59.998866	0.0	2219102	24	4.3
1527247763.33	4300	59.704209	0.0	2124950	24	4.3
1527247767.45	4300	59.49844	0.0	2246506	23	4.3
1527247771.05	4300	59.99931	0.0	1961140	19	4.3
1527247775.66	4300	59.747998	0.0	2155012	18	4.3
1527247776.76	4300	59.928039	0.0	1433658	19	4.3

1527247777.03	750	4	0.027	2354772	10	-0.11609999999999998
1527247777.11	4300	7.986656	0.0	2123065	8	0.75
1527247777.18	4300	11.917672	0.0	2177073	7	4.3
1527247777.25	4300	15.846513	0.0	2160877	7	4.3
1527247777.32	4300	19.773894	0.0	2233056	8	4.3
1527247777.4	4300	23.702115	0.0	1941625	7	4.3
1527247777.47	4300	27.629607	0.0	2157535	7	4.3
1527247777.54	4300	31.558763	0.0	2290172	8	4.3
1527247777.61	4300	35.48704	0.0	2055469	7	4.3
1527247777.68	4300	39.415748	0.0	2169201	8	4.3
1527247777.75	4300	43.344346	0.0	2173522	7	4.3
1527247777.82	4300	47.27502	0.0	2102452	7	4.3
1527247777.9	4300	51.201317	0.0	2209463	8	4.3
1527247777.97	4300	55.122199	0.0	2275376	8	4.3
1527247778.07	4300	59.028126	0.0	2005399	22	4.3
1527247781.66	4300	59.499071	0.0	2152483	12	4.3
1527247785.78	4300	59.747893	0.0	2289689	23	4.3
1527247789.38	4300	59.99781	0.0	2059512	19	4.3
1527247793.49	4300	59.997797	0.0	2220726	18	4.3
1527247797.6	4300	59.998787	0.0	2156729	19	4.3
1527247801.71	4300	59.497763	0.0	2039773	21	4.3
1527247805.82	4300	59.748904	0.0	2176469	18	4.3
1527247809.44	4300	59.748225	0.0	2221506	26	4.3
1527247813.55	4300	59.997998	0.0	2044075	22	4.3
1527247817.16	4300	59.999261	0.0	2186790	25	4.3
1527247822.03	4300	59.747639	0.0	2105231	25	4.3
1527247825.64	4300	59.499188	0.0	2395588	26	4.3
1527247829.75	4300	59.499266	0.0	1972048	21	4.3
1527247833.38	4300	59.749298	0.0	2134614	24	4.3
1527247837.49	4300	59.999117	0.0	2164140	24	4.3
1527247841.59	4300	59.749162	0.0	2113193	24	4.3
1527247845.21	4300	59.999172	0.0	2147852	23	4.3
1527247849.31	4300	59.999462	0.0	2191074	21	4.3
1527247853.43	4300	59.74875	0.0	2286761	22	4.3
1527247857.53	4300	59.748524	0.0	2307787	20	4.3
1527247861.15	4300	59.998555	0.0	2143948	16	4.3
1527247865.26	4300	59.999285	0.0	1919781	20	4.3
1527247869.38	4300	59.743007	0.0	2147467	23	4.3
1527247873.47	4300	59.998976	0.0	2133870	14	4.3
1527247877.58	4300	59.74848	0.0	2146120	20	4.3
1527247881.19	4300	59.999033	0.0	2108491	22	4.3
