1527188057.88	750	4	0.025	2354772	10	-0.10750000000000004
1527188057.95	4300	7.986572	0.0	2123065	7	0.75
1527188058.05	4300	11.892698	0.0	2177073	18	4.3
1527188058.12	4300	15.818009	0.0	2160877	10	4.3
1527188058.2	4300	19.740008	0.0	2233056	11	4.3
1527188058.27	4300	23.664505	0.0	1941625	9	4.3
1527188058.35	4300	27.589888	0.0	2157535	9	4.3
1527188058.42	4300	31.515491	0.0	2290172	11	4.3
1527188058.52	4300	35.415981	0.0	2055469	23	4.3
1527188058.6	4300	39.335887	0.0	2169201	12	4.3
1527188058.67	4300	43.267457	0.0	2173522	8	4.3
1527188058.76	4300	47.181075	0.0	2102452	18	4.3
1527188058.85	4300	51.085014	0.0	2209463	22	4.3
1527188058.94	4300	54.998329	0.0	2275376	12	4.3
1527188059.03	4300	58.911276	0.0	2005399	9	4.3
1527188062.61	4300	59.748195	0.0	2152483	6	4.3
1527188066.22	4300	59.749374	0.0	2289689	26	4.3
1527188070.33	4300	59.999073	0.0	2059512	21	4.3
1527188074.44	4300	59.498729	0.0	2220726	23	4.3
1527188078.55	4300	59.747744	0.0	2156729	23	4.3
1527188082.2	4300	59.998702	0.0	2039773	23	4.3
1527188086.33	4300	59.749071	0.0	2176469	25	4.3
1527188090.44	4300	59.748837	0.0	2221506	20	4.3
1527188094.06	4300	59.998898	0.0	2044075	20	4.3
1527188098.17	4300	59.998913	0.0	2186790	24	4.3
1527188102.28	4300	59.748561	0.0	2105231	24	4.3
1527188106.39	4300	59.997605	0.0	2395588	26	4.3
1527188110.48	4300	59.748943	0.0	1972048	6	4.3
1527188114.6	4300	59.498608	0.0	2134614	21	4.3
1527188118.22	4300	59.748878	0.0	2164140	26	4.3
1527188122.32	4300	59.998565	0.0	2113193	23	4.3
1527188126.43	4300	59.998546	0.0	2147852	24	4.3
1527188130.05	4300	59.99904	0.0	2191074	24	4.3
1527188134.15	4300	59.998874	0.0	2286761	19	4.3
1527188138.26	4300	59.99828	0.0	2307787	20	4.3
1527188142.36	4300	59.749453	0.0	2143948	21	4.3
1527188145.97	4300	59.998211	0.0	1919781	22	4.3
1527188150.08	4300	59.997554	0.0	2147467	22	4.3
1527188154.19	4300	59.749154	0.0	2133870	21	4.3
1527188158.29	4300	59.747492	0.0	2146120	18	4.3
1527188162.47	4300	59.99852	0.0	2108491	23	4.3
1527188166.58	4300	59.498611	0.0	2184571	20	4.3
1527188170.69	4300	59.498932	0.0	2121928	22	4.3
1527188174.3	4300	59.748209	0.0	2219102	21	4.3
1527188178.42	4300	59.998944	0.0	2124950	23	4.3
1527188182.54	4300	59.498374	0.0	2246506	24	4.3
1527188186.14	4300	59.998872	0.0	1961140	19	4.3
1527188190.25	4300	59.747987	0.0	2155012	21	4.3
1527188191.84	4300	59.928114	0.0	1433658	16	4.3

1527188192.1	750	4	0.029	2354772	8	-0.12470000000000003
1527188192.17	4300	7.987131	0.0	2123065	7	0.75
1527188192.26	4300	11.902117	0.0	2177073	16	4.3
1527188192.33	4300	15.829346	0.0	2160877	9	4.3
1527188192.4	4300	19.754609	0.0	2233056	10	4.3
1527188192.48	4300	23.679281	0.0	1941625	8	4.3
1527188192.55	4300	27.605308	0.0	2157535	10	4.3
1527188192.65	4300	31.510425	0.0	2290172	26	4.3
1527188192.73	4300	35.429809	0.0	2055469	12	4.3
1527188192.83	4300	39.330515	0.0	2169201	24	4.3
1527188192.91	4300	43.245635	0.0	2173522	15	4.3
1527188192.99	4300	47.171185	0.0	2102452	11	4.3
1527188193.08	4300	51.080559	0.0	2209463	14	4.3
1527188193.16	4300	54.99419	0.0	2275376	7	4.3
1527188193.23	4300	58.926633	0.0	2005399	7	4.3
1527188196.31	4300	59.999227	0.0	2152483	7	4.3
1527188200.42	4300	59.998688	0.0	2289689	22	4.3
1527188204.53	4300	59.748953	0.0	2059512	21	4.3
1527188208.63	4300	59.749165	0.0	2220726	22	4.3
1527188212.24	4300	59.998873	0.0	2156729	23	4.3
1527188216.34	4300	59.998663	0.0	2039773	19	4.3
1527188220.45	4300	59.749456	0.0	2176469	24	4.3
1527188224.57	4300	59.748622	0.0	2221506	24	4.3
1527188228.17	4300	59.998557	0.0	2044075	22	4.3
1527188232.28	4300	59.998815	0.0	2186790	21	4.3
1527188236.45	4300	59.749474	0.0	2105231	21	4.3
1527188240.56	4300	59.998038	0.0	2395588	24	4.3
1527188244.17	4300	59.997844	0.0	1972048	23	4.3
1527188248.27	4300	59.998084	0.0	2134614	20	4.3
1527188252.87	4300	59.74789	0.0	2164140	21	4.3
1527188256.54	4300	59.749204	0.0	2113193	25	4.3
1527188260.65	4300	59.747906	0.0	2147852	23	4.3
1527188264.76	4300	59.747751	0.0	2191074	23	4.3
1527188268.87	4300	59.497527	0.0	2286761	26	4.3
1527188272.48	4300	59.997905	0.0	2307787	26	4.3
1527188276.59	4300	59.748617	0.0	2143948	22	4.3
1527188280.7	4300	59.74873	0.0	1919781	22	4.3
1527188284.29	4300	59.998644	0.0	2147467	14	4.3
1527188288.9	4300	59.498411	0.0	2133870	23	4.3
1527188292.52	4300	59.997441	0.0	2146120	23	4.3
1527188296.64	4300	59.747894	0.0	2108491	23	4.3
1527188300.32	4300	59.997562	0.0	2184571	24	4.3
1527188304.43	4300	59.997405	0.0	2121928	22	4.3
1527188308.55	4300	59.998136	0.0	2219102	21	4.3
1527188312.66	4300	59.687216	0.0	2124950	20	4.3
1527188316.28	4300	59.998812	0.0	2246506	24	4.3
1527188320.89	4300	59.497721	0.0	1961140	23	4.3
1527188324.48	4300	59.998768	0.0	2155012	12	4.3
1527188326.59	4300	59.678345	0.0	1433658	16	4.3

1527188326.87	750	4	0.026	2354772	8	-0.11180000000000001
1527188326.97	4300	7.964259	0.0	2123065	20	0.75
1527188327.08	4300	11.855922	0.0	2177073	25	4.3
1527188327.16	4300	15.774403	0.0	2160877	11	4.3
1527188327.25	4300	19.679844	0.0	2233056	16	4.3
1527188327.32	4300	23.610037	0.0	1941625	7	4.3
1527188327.4	4300	27.539027	0.0	2157535	8	4.3
1527188327.47	4300	31.465016	0.0	2290172	8	4.3
1527188327.54	4300	35.393077	0.0	2055469	7	4.3
1527188327.61	4300	39.321239	0.0	2169201	9	4.3
1527188327.68	4300	43.249377	0.0	2173522	8	4.3
1527188327.77	4300	47.160265	0.0	2102452	19	4.3
1527188327.89	4300	51.044933	0.0	2209463	40	4.3
1527188327.98	4300	54.957389	0.0	2275376	15	4.3
1527188328.06	4300	58.877465	0.0	2005399	13	4.3
1527188331.66	4300	59.747797	0.0	2152483	18	4.3
1527188335.28	4300	59.998031	0.0	2289689	26	4.3
1527188339.38	4300	59.749063	0.0	2059512	19	4.3
1527188343.49	4300	59.747575	0.0	2220726	22	4.3
1527188347.6	4300	59.497809	0.0	2156729	21	4.3
1527188351.21	4300	59.997887	0.0	2039773	23	4.3
1527188355.32	4300	59.99846	0.0	2176469	21	4.3
1527188358.94	4300	59.998653	0.0	2221506	26	4.3
1527188363.55	4300	59.497736	0.0	2044075	24	4.3
1527188367.16	4300	59.999302	0.0	2186790	25	4.3
1527188371.27	4300	59.749118	0.0	2105231	22	4.3
1527188375.44	4300	59.997604	0.0	2395588	25	4.3
1527188379.03	4300	59.997507	0.0	1972048	14	4.3
1527188383.14	4300	59.99764	0.0	2134614	24	4.3
1527188387.26	4300	59.739352	0.0	2164140	24	4.3
1527188391.38	4300	59.748561	0.0	2113193	25	4.3
1527188395.0	4300	59.998009	0.0	2147852	24	4.3
1527188399.11	4300	59.998884	0.0	2191074	24	4.3
1527188403.22	4300	59.748877	0.0	2286761	21	4.3
1527188407.33	4300	59.749093	0.0	2307787	23	4.3
1527188410.94	4300	59.999236	0.0	2143948	22	4.3
1527188415.55	4300	59.498727	0.0	1919781	23	4.3
1527188419.17	4300	59.998239	0.0	2147467	21	4.3
1527188423.28	4300	59.997945	0.0	2133870	24	4.3
1527188427.48	4300	59.74759	0.0	2146120	24	4.3
1527188431.09	4300	59.999142	0.0	2108491	25	4.3
1527188435.21	4300	59.748719	0.0	2184571	22	4.3
1527188439.32	4300	59.998819	0.0	2121928	21	4.3
1527188443.43	4300	59.749247	0.0	2219102	20	4.3
1527188447.06	4300	59.998185	0.0	2124950	24	4.3
1527188451.16	4300	59.998354	0.0	2246506	21	4.3
1527188455.27	4300	59.747983	0.0	1961140	22	4.3
1527188459.38	4300	59.747372	0.0	2155012	23	4.3
1527188460.98	4300	59.678967	0.0	1433658	17	4.3

1527188461.26	750	4	0.026	2354772	9	-0.11180000000000001
1527188461.36	4300	7.95995	0.0	2123065	22	0.75
1527188461.45	4300	11.86228	0.0	2177073	25	4.3
1527188461.55	4300	15.768367	0.0	2160877	21	4.3
1527188461.63	4300	19.686224	0.0	2233056	13	4.3
1527188461.71	4300	23.61034	0.0	1941625	11	4.3
1527188461.79	4300	27.531336	0.0	2157535	12	4.3
1527188461.87	4300	31.45123	0.0	2290172	13	4.3
1527188461.94	4300	35.373406	0.0	2055469	12	4.3
1527188462.02	4300	39.293217	0.0	2169201	12	4.3
1527188462.1	4300	43.214536	0.0	2173522	12	4.3
1527188462.18	4300	47.137167	0.0	2102452	11	4.3
1527188462.26	4300	51.054708	0.0	2209463	12	4.3
1527188462.37	4300	54.948221	0.0	2275376	14	4.3
1527188462.44	4300	58.878764	0.0	2005399	6	4.3
