1527267813.54	750	4	0.027	2354772	8	-0.11609999999999998
1527267813.64	4300	7.961988	0.0	2123065	23	0.75
1527267813.72	4300	11.881905	0.0	2177073	12	4.3
1527267813.79	4300	15.81229	0.0	2160877	8	4.3
1527267813.89	4300	19.713572	0.0	2233056	23	4.3
1527267813.97	4300	23.638413	0.0	1941625	10	4.3
1527267814.05	4300	27.559034	0.0	2157535	13	4.3
1527267814.13	4300	31.478985	0.0	2290172	13	4.3
1527267814.21	4300	35.398707	0.0	2055469	11	4.3
1527267814.27	4300	39.32988	0.0	2169201	7	4.3
1527267814.34	4300	43.261619	0.0	2173522	7	4.3
1527267814.41	4300	47.192447	0.0	2102452	7	4.3
1527267814.49	4300	51.117001	0.0	2209463	7	4.3
1527267814.56	4300	55.043342	0.0	2275376	7	4.3
1527267814.63	4300	58.971654	0.0	2005399	5	4.3
1527267818.3	4300	59.747722	0.0	2152483	7	4.3
1527267821.91	4300	59.747834	0.0	2289689	22	4.3
1527267826.01	4300	59.748084	0.0	2059512	16	4.3
1527267830.14	4300	59.498962	0.0	2220726	24	4.3
1527267834.25	4300	59.749436	0.0	2156729	25	4.3
1527267837.86	4300	59.748674	0.0	2039773	24	4.3
1527267841.98	4300	59.997988	0.0	2176469	25	4.3
1527267846.08	4300	59.748994	0.0	2221506	13	4.3
1527267850.19	4300	59.748942	0.0	2044075	20	4.3
1527267853.81	4300	59.999126	0.0	2186790	23	4.3
1527267857.91	4300	59.997814	0.0	2105231	24	4.3
1527267862.03	4300	59.998145	0.0	2395588	27	4.3
1527267866.11	4300	59.74815	0.0	1972048	9	4.3
1527267870.22	4300	59.749226	0.0	2134614	23	4.3
1527267873.83	4300	59.846313	0.0	2164140	21	4.3
1527267877.95	4300	59.748641	0.0	2113193	24	4.3
1527267882.05	4300	59.748762	0.0	2147852	15	4.3
1527267886.15	4300	59.748504	0.0	2191074	21	4.3
1527267889.76	4300	59.999252	0.0	2286761	25	4.3
1527267893.88	4300	59.748753	0.0	2307787	27	4.3
1527267898.0	4300	59.749369	0.0	2143948	25	4.3
1527267902.11	4300	59.748676	0.0	1919781	21	4.3
1527267905.74	4300	59.999321	0.0	2147467	21	4.3
1527267909.85	4300	59.997671	0.0	2133870	22	4.3
1527267913.96	4300	59.748566	0.0	2146120	24	4.3
1527267918.07	4300	59.997889	0.0	2108491	24	4.3
1527267922.18	4300	59.497691	0.0	2184571	24	4.3
1527267926.3	4300	59.497762	0.0	2121928	23	4.3
1527267929.9	4300	59.749355	0.0	2219102	24	4.3
1527267934.02	4300	59.639815	0.0	2124950	20	4.3
1527267938.13	4300	59.49802	0.0	2246506	24	4.3
1527267942.25	4300	59.747847	0.0	1961140	22	4.3
1527267946.34	4300	59.747484	0.0	2155012	14	4.3
1527267947.93	4300	59.428725	0.0	1433658	18	4.3

1527267948.21	750	4	0.027	2354772	7	-0.11609999999999998
1527267948.31	4300	7.959676	0.0	2123065	23	0.75
1527267948.39	4300	11.880392	0.0	2177073	13	4.3
1527267948.47	4300	15.801987	0.0	2160877	12	4.3
1527267948.56	4300	19.721703	0.0	2233056	12	4.3
1527267948.63	4300	23.642082	0.0	1941625	11	4.3
1527267948.71	4300	27.561638	0.0	2157535	12	4.3
1527267948.79	4300	31.482171	0.0	2290172	13	4.3
1527267948.87	4300	35.403756	0.0	2055469	12	4.3
1527267948.95	4300	39.323634	0.0	2169201	13	4.3
1527267949.03	4300	43.242912	0.0	2173522	13	4.3
1527267949.1	4300	47.174665	0.0	2102452	7	4.3
1527267949.19	4300	51.07988	0.0	2209463	27	4.3
1527267949.3	4300	54.973422	0.0	2275376	26	4.3
1527267949.38	4300	58.895452	0.0	2005399	11	4.3
1527267952.47	4300	59.998153	0.0	2152483	12	4.3
1527267956.59	4300	59.748135	0.0	2289689	25	4.3
1527267960.7	4300	59.749146	0.0	2059512	22	4.3
1527267964.31	4300	59.999051	0.0	2220726	25	4.3
1527267968.92	4300	59.749188	0.0	2156729	21	4.3
1527267972.53	4300	59.998762	0.0	2039773	23	4.3
1527267976.63	4300	59.749424	0.0	2176469	23	4.3
1527267980.75	4300	59.749511	0.0	2221506	24	4.3
1527267984.86	4300	59.498764	0.0	2044075	16	4.3
1527267988.47	4300	59.999169	0.0	2186790	21	4.3
1527267992.57	4300	59.999122	0.0	2105231	19	4.3
1527267996.68	4300	59.747998	0.0	2395588	20	4.3
1527268000.79	4300	59.499087	0.0	1972048	21	4.3
1527268004.39	4300	59.998802	0.0	2134614	23	4.3
1527268009.01	4300	59.498566	0.0	2164140	22	4.3
1527268012.62	4300	59.999161	0.0	2113193	22	4.3
1527268016.73	4300	59.998545	0.0	2147852	23	4.3
1527268020.85	4300	59.74748	0.0	2191074	25	4.3
1527268024.46	4300	59.998413	0.0	2286761	24	4.3
1527268028.59	4300	59.748577	0.0	2307787	26	4.3
1527268032.7	4300	59.747723	0.0	2143948	23	4.3
1527268036.31	4300	59.999238	0.0	1919781	22	4.3
1527268040.42	4300	59.997558	0.0	2147467	22	4.3
1527268045.03	4300	59.249107	0.0	2133870	23	4.3
1527268048.64	4300	59.74929	0.0	2146120	24	4.3
1527268052.8	4300	59.748605	0.0	2108491	21	4.3
1527268056.41	4300	59.998411	0.0	2184571	27	4.3
1527268061.03	4300	59.748991	0.0	2121928	20	4.3
1527268064.64	4300	59.747676	0.0	2219102	23	4.3
1527268068.74	4300	59.68742	0.0	2124950	19	4.3
1527268072.85	4300	59.497939	0.0	2246506	22	4.3
1527268076.46	4300	59.999013	0.0	1961140	22	4.3
1527268080.56	4300	59.998013	0.0	2155012	20	4.3
1527268082.16	4300	59.928755	0.0	1433658	16	4.3

1527268082.46	750	4	0.028	2354772	8	-0.12039999999999995
1527268082.53	4300	7.985085	0.0	2123065	8	0.75
1527268082.61	4300	11.906194	0.0	2177073	11	4.3
1527268082.69	4300	15.831969	0.0	2160877	10	4.3
1527268082.76	4300	19.759101	0.0	2233056	6	4.3
1527268082.83	4300	23.686057	0.0	1941625	8	4.3
1527268082.92	4300	27.610968	0.0	2157535	9	4.3
1527268082.99	4300	31.522178	0.0	2290172	10	4.3
1527268083.07	4300	35.449551	0.0	2055469	9	4.3
1527268083.15	4300	39.372506	0.0	2169201	10	4.3
1527268083.22	4300	43.295252	0.0	2173522	10	4.3
1527268083.3	4300	47.220258	0.0	2102452	10	4.3
1527268083.38	4300	51.140481	0.0	2209463	10	4.3
1527268083.47	4300	55.051241	0.0	2275376	9	4.3
1527268083.53	4300	58.983836	0.0	2005399	6	4.3
1527268086.61	4300	59.999263	0.0	2152483	6	4.3
1527268091.23	4300	59.748472	0.0	2289689	24	4.3
1527268094.84	4300	59.748238	0.0	2059512	23	4.3
1527268098.95	4300	59.748514	0.0	2220726	25	4.3
1527268103.06	4300	59.498809	0.0	2156729	23	4.3
1527268106.66	4300	59.998854	0.0	2039773	23	4.3
1527268110.77	4300	59.997772	0.0	2176469	21	4.3
1527268114.88	4300	59.998764	0.0	2221506	22	4.3
1527268118.99	4300	59.749496	0.0	2044075	21	4.3
1527268122.6	4300	59.997707	0.0	2186790	25	4.3
1527268127.21	4300	59.748092	0.0	2105231	22	4.3
1527268130.82	4300	59.749012	0.0	2395588	24	4.3
1527268134.91	4300	59.748981	0.0	1972048	10	4.3
1527268138.54	4300	59.998666	0.0	2134614	25	4.3
1527268143.21	4300	59.739282	0.0	2164140	24	4.3
1527268146.81	4300	59.998831	0.0	2113193	18	4.3
1527268150.93	4300	59.748075	0.0	2147852	23	4.3
1527268155.04	4300	59.497678	0.0	2191074	25	4.3
1527268158.66	4300	59.998737	0.0	2286761	26	4.3
1527268162.81	4300	59.748089	0.0	2307787	22	4.3
1527268166.96	4300	59.997959	0.0	2143948	25	4.3
1527268170.67	4300	59.997572	0.0	1919781	21	4.3
1527268174.79	4300	59.998389	0.0	2147467	26	4.3
