1527195405.54	750	4	0.018	450283	5	-0.07740000000000002
1527195405.65	4300	7.95663	0.0	2123065	15	0.75
1527195405.74	4300	11.87089	0.0	2177073	15	4.3
1527195405.82	4300	15.782546	0.0	2160877	15	4.3
1527195405.91	4300	19.693707	0.0	2233056	14	4.3
1527195405.99	4300	23.619605	0.0	1941625	9	4.3
1527195406.06	4300	27.544998	0.0	2157535	10	4.3
1527195406.19	4300	31.467313	0.0	2290172	10	4.3
1527195406.27	4300	35.338125	0.0	2055469	10	4.3
1527195406.34	4300	39.26295	0.0	2169201	10	4.3
1527195406.42	4300	43.187188	0.0	2173522	10	4.3
1527195406.5	4300	47.110989	0.0	2102452	9	4.3
1527195406.57	4300	51.036549	0.0	2209463	9	4.3
1527195406.65	4300	54.961644	0.0	2275376	10	4.3
1527195406.74	4300	58.864834	0.0	2005399	21	4.3
1527195410.34	4300	59.747808	0.0	2152483	15	4.3
1527195414.0	4300	59.749191	0.0	2289689	25	4.3
1527195418.11	4300	59.74895	0.0	2059512	21	4.3
1527195421.71	4300	59.998858	0.0	2220726	21	4.3
1527195425.82	4300	59.999209	0.0	2156729	19	4.3
1527195429.93	4300	59.998013	0.0	2039773	18	4.3
1527195434.04	4300	59.749167	0.0	2176469	21	4.3
1527195437.64	4300	59.999209	0.0	2221506	20	4.3
1527195442.26	4300	59.499487	0.0	2044075	19	4.3
1527195445.86	4300	59.749069	0.0	2186790	23	4.3
1527195449.97	4300	59.749223	0.0	2105231	19	4.3
1527195454.08	4300	59.749082	0.0	2395588	26	4.3
1527195457.68	4300	59.997986	0.0	1972048	21	4.3
1527195461.79	4300	59.998429	0.0	2134614	21	4.3
1527195465.9	4300	59.714195	0.0	2164140	20	4.3
1527195470.0	4300	59.749059	0.0	2113193	21	4.3
1527195473.61	4300	59.998311	0.0	2147852	23	4.3
1527195477.72	4300	59.998465	0.0	2191074	21	4.3
1527195481.89	4300	59.997891	0.0	2286761	20	4.3
1527195486.0	4300	59.997849	0.0	2307787	24	4.3
1527195490.11	4300	59.748563	0.0	2143948	22	4.3
1527195493.72	4300	59.997971	0.0	1919781	22	4.3
1527195498.32	4300	59.748323	0.0	2147467	18	4.3
1527195501.94	4300	59.748185	0.0	2133870	24	4.3
1527195506.06	4300	59.748782	0.0	2146120	26	4.3
1527195509.67	4300	59.998424	0.0	2108491	24	4.3
1527195513.78	4300	59.999071	0.0	2184571	22	4.3
1527195517.89	4300	59.748497	0.0	2121928	22	4.3
1527195522.0	4300	59.749155	0.0	2219102	23	4.3
1527195526.12	4300	59.493155	0.0	2124950	21	4.3
1527195530.22	4300	59.747387	0.0	2246506	18	4.3
1527195534.33	4300	59.749103	0.0	1961140	21	4.3
1527195537.94	4300	59.74788	0.0	2155012	23	4.3
1527195539.53	4300	59.929131	0.0	1433658	16	4.3

1527195539.85	750	4	0.031	2354772	9	-0.13329999999999997
1527195539.95	4300	7.903885	0.0	2123065	21	0.75
1527195540.03	4300	11.818571	0.0	2177073	14	4.3
1527195540.12	4300	15.730616	0.0	2160877	18	4.3
1527195540.2	4300	19.654944	0.0	2233056	10	4.3
1527195540.27	4300	23.582608	0.0	1941625	8	4.3
1527195540.34	4300	27.509273	0.0	2157535	9	4.3
1527195540.42	4300	31.432438	0.0	2290172	10	4.3
1527195540.49	4300	35.359727	0.0	2055469	9	4.3
1527195540.56	4300	39.285359	0.0	2169201	9	4.3
1527195540.64	4300	43.211295	0.0	2173522	10	4.3
1527195540.71	4300	47.137513	0.0	2102452	9	4.3
1527195540.79	4300	51.058487	0.0	2209463	9	4.3
1527195540.87	4300	54.975801	0.0	2275376	9	4.3
1527195540.95	4300	58.89758	0.0	2005399	7	4.3
1527195544.04	4300	59.999145	0.0	2152483	9	4.3
1527195548.15	4300	59.749679	0.0	2289689	27	4.3
1527195552.27	4300	59.997744	0.0	2059512	23	4.3
1527195555.88	4300	59.998981	0.0	2220726	25	4.3
1527195560.49	4300	59.499091	0.0	2156729	20	4.3
1527195564.1	4300	59.998952	0.0	2039773	22	4.3
1527195568.2	4300	59.749135	0.0	2176469	20	4.3
1527195572.31	4300	59.748486	0.0	2221506	20	4.3
1527195576.49	4300	59.749123	0.0	2044075	21	4.3
1527195580.15	4300	59.999499	0.0	2186790	20	4.3
1527195584.27	4300	59.749271	0.0	2105231	24	4.3
1527195588.38	4300	59.489361	0.0	2395588	25	4.3
1527195592.49	4300	59.49828	0.0	1972048	23	4.3
1527195596.6	4300	59.748951	0.0	2134614	23	4.3
1527195600.22	4300	59.688533	0.0	2164140	24	4.3
1527195604.33	4300	59.998274	0.0	2113193	18	4.3
1527195607.93	4300	59.998218	0.0	2147852	20	4.3
1527195612.05	4300	59.997788	0.0	2191074	24	4.3
1527195616.17	4300	59.997647	0.0	2286761	26	4.3
1527195620.28	4300	59.74839	0.0	2307787	25	4.3
1527195623.89	4300	59.998109	0.0	2143948	23	4.3
1527195628.51	4300	59.498961	0.0	1919781	22	4.3
1527195632.1	4300	59.997614	0.0	2147467	11	4.3
1527195636.21	4300	59.998934	0.0	2133870	23	4.3
1527195640.32	4300	59.747464	0.0	2146120	24	4.3
1527195643.93	4300	59.999284	0.0	2108491	25	4.3
1527195648.05	4300	59.999321	0.0	2184571	25	4.3
1527195652.16	4300	59.748269	0.0	2121928	24	4.3
1527195656.28	4300	59.999149	0.0	2219102	25	4.3
1527195659.91	4300	59.999242	0.0	2124950	23	4.3
1527195664.02	4300	59.998801	0.0	2246506	22	4.3
1527195668.13	4300	59.999112	0.0	1961140	21	4.3
1527195672.23	4300	59.748906	0.0	2155012	12	4.3
1527195674.33	4300	59.427581	0.0	1433658	16	4.3

1527195674.62	750	4	0.025	2354772	8	-0.10750000000000004
1527195674.71	4300	7.965746	0.0	2123065	20	0.75
1527195674.8	4300	11.880012	0.0	2177073	16	4.3
1527195674.88	4300	15.796676	0.0	2160877	15	4.3
1527195674.95	4300	19.723209	0.0	2233056	8	4.3
1527195675.02	4300	23.651965	0.0	1941625	8	4.3
1527195675.1	4300	27.578443	0.0	2157535	10	4.3
1527195675.17	4300	31.505158	0.0	2290172	10	4.3
1527195675.25	4300	35.43196	0.0	2055469	8	4.3
1527195675.32	4300	39.358396	0.0	2169201	9	4.3
1527195675.39	4300	43.286045	0.0	2173522	9	4.3
1527195675.46	4300	47.213415	0.0	2102452	9	4.3
1527195675.55	4300	51.127174	0.0	2209463	23	4.3
1527195675.62	4300	55.053478	0.0	2275376	9	4.3
1527195675.72	4300	58.954468	0.0	2005399	24	4.3
1527195678.81	4300	59.998946	0.0	2152483	12	4.3
1527195682.93	4300	59.998797	0.0	2289689	25	4.3
1527195687.03	4300	59.749205	0.0	2059512	21	4.3
1527195691.14	4300	59.748127	0.0	2220726	21	4.3
1527195694.75	4300	59.997554	0.0	2156729	24	4.3
1527195699.35	4300	59.497728	0.0	2039773	19	4.3
1527195702.97	4300	59.999315	0.0	2176469	25	4.3
1527195707.08	4300	59.749207	0.0	2221506	21	4.3
