1527303084.12	750	4	0.03	2354772	7	-0.129
1527303084.24	4300	7.963676	0.0	2123065	22	0.75
1527303084.34	4300	11.866792	0.0	2177073	22	4.3
1527303084.43	4300	15.774817	0.0	2160877	16	4.3
1527303084.52	4300	19.687364	0.0	2233056	14	4.3
1527303084.6	4300	23.60525	0.0	1941625	12	4.3
1527303084.69	4300	27.517846	0.0	2157535	13	4.3
1527303084.78	4300	31.429728	0.0	2290172	16	4.3
1527303084.85	4300	35.353401	0.0	2055469	9	4.3
1527303084.93	4300	39.279297	0.0	2169201	8	4.3
1527303085.0	4300	43.20621	0.0	2173522	9	4.3
1527303085.08	4300	47.132959	0.0	2102452	8	4.3
1527303085.15	4300	51.057205	0.0	2209463	10	4.3
1527303085.23	4300	54.979211	0.0	2275376	9	4.3
1527303085.31	4300	58.899022	0.0	2005399	7	4.3
1527303088.39	4300	59.998749	0.0	2152483	8	4.3
1527303092.5	4300	59.747977	0.0	2289689	19	4.3
1527303096.63	4300	59.747592	0.0	2059512	22	4.3
1527303100.24	4300	59.998261	0.0	2220726	21	4.3
1527303104.93	4300	59.748387	0.0	2156729	24	4.3
1527303108.54	4300	59.749384	0.0	2039773	22	4.3
1527303112.65	4300	59.749044	0.0	2176469	22	4.3
1527303116.76	4300	59.499631	0.0	2221506	22	4.3
1527303120.87	4300	59.749193	0.0	2044075	20	4.3
1527303124.48	4300	59.999388	0.0	2186790	18	4.3
1527303128.58	4300	59.74789	0.0	2105231	22	4.3
1527303132.69	4300	59.749168	0.0	2395588	19	4.3
1527303136.8	4300	59.497906	0.0	1972048	19	4.3
1527303140.41	4300	59.998847	0.0	2134614	22	4.3
1527303144.53	4300	59.997655	0.0	2164140	20	4.3
1527303148.65	4300	59.748789	0.0	2113193	23	4.3
1527303152.76	4300	59.497804	0.0	2147852	25	4.3
1527303156.87	4300	59.748895	0.0	2191074	25	4.3
1527303160.48	4300	59.747958	0.0	2286761	25	4.3
1527303164.59	4300	59.998844	0.0	2307787	20	4.3
1527303168.72	4300	59.747594	0.0	2143948	23	4.3
1527303172.32	4300	59.999363	0.0	1919781	21	4.3
1527303176.43	4300	59.999157	0.0	2147467	21	4.3
1527303180.55	4300	59.998415	0.0	2133870	23	4.3
1527303184.66	4300	59.998719	0.0	2146120	21	4.3
1527303188.77	4300	59.747678	0.0	2108491	20	4.3
1527303192.89	4300	59.497796	0.0	2184571	23	4.3
1527303196.51	4300	59.748417	0.0	2121928	23	4.3
1527303200.62	4300	59.748828	0.0	2219102	21	4.3
1527303204.74	4300	59.471232	0.0	2124950	23	4.3
1527303208.86	4300	59.748626	0.0	2246506	25	4.3
1527303212.47	4300	59.998524	0.0	1961140	21	4.3
1527303216.58	4300	59.74926	0.0	2155012	21	4.3
1527303218.18	4300	59.928671	0.0	1433658	16	4.3

1527303218.45	750	4	0.017	668286	3	-0.07309999999999994
1527303218.53	4300	7.980776	0.0	2123065	7	0.75
1527303218.62	4300	11.892755	0.0	2177073	15	4.3
1527303218.72	4300	15.788969	0.0	2160877	17	4.3
1527303218.83	4300	19.682169	0.0	2233056	25	4.3
1527303218.91	4300	23.601766	0.0	1941625	11	4.3
1527303219.0	4300	27.515033	0.0	2157535	16	4.3
1527303219.07	4300	31.44017	0.0	2290172	7	4.3
1527303219.15	4300	35.360314	0.0	2055469	12	4.3
1527303219.22	4300	39.289049	0.0	2169201	8	4.3
1527303219.29	4300	43.218082	0.0	2173522	7	4.3
1527303219.36	4300	47.1476	0.0	2102452	7	4.3
1527303219.43	4300	51.077371	0.0	2209463	8	4.3
1527303219.5	4300	55.006652	0.0	2275376	8	4.3
1527303219.57	4300	58.934158	0.0	2005399	6	4.3
1527303223.23	4300	59.498783	0.0	2152483	7	4.3
1527303226.84	4300	59.998001	0.0	2289689	25	4.3
1527303230.96	4300	59.749007	0.0	2059512	23	4.3
1527303234.57	4300	59.998612	0.0	2220726	24	4.3
1527303238.68	4300	59.998065	0.0	2156729	21	4.3
1527303242.79	4300	59.74929	0.0	2039773	22	4.3
1527303246.9	4300	59.748287	0.0	2176469	23	4.3
1527303251.01	4300	59.7477	0.0	2221506	22	4.3
1527303255.13	4300	59.747771	0.0	2044075	21	4.3
1527303258.73	4300	59.999323	0.0	2186790	22	4.3
1527303263.1	4300	59.998054	0.0	2105231	24	4.3
1527303266.72	4300	59.99832	0.0	2395588	25	4.3
1527303270.82	4300	59.998728	0.0	1972048	17	4.3
1527303274.93	4300	59.998518	0.0	2134614	19	4.3
1527303279.01	4300	59.499517	0.0	2164140	7	4.3
1527303283.12	4300	59.748084	0.0	2113193	18	4.3
1527303287.23	4300	59.748212	0.0	2147852	19	4.3
1527303290.83	4300	59.748091	0.0	2191074	20	4.3
1527303294.94	4300	59.749182	0.0	2286761	17	4.3
1527303298.56	4300	59.998566	0.0	2307787	22	4.3
1527303303.17	4300	59.497459	0.0	2143948	24	4.3
1527303306.76	4300	59.748993	0.0	1919781	11	4.3
1527303310.85	4300	59.997688	0.0	2147467	13	4.3
1527303315.02	4300	59.748503	0.0	2133870	25	4.3
1527303319.14	4300	59.498178	0.0	2146120	23	4.3
1527303322.77	4300	59.998541	0.0	2108491	36	4.3
1527303326.88	4300	59.747568	0.0	2184571	25	4.3
1527303330.99	4300	59.748722	0.0	2121928	24	4.3
1527303334.61	4300	59.998918	0.0	2219102	25	4.3
1527303339.23	4300	59.49857	0.0	2124950	23	4.3
1527303342.84	4300	59.747488	0.0	2246506	17	4.3
1527303346.95	4300	59.74873	0.0	1961140	22	4.3
1527303351.06	4300	59.497702	0.0	2155012	25	4.3
1527303352.66	4300	59.927668	0.0	1433658	16	4.3

1527303352.96	750	4	0.018	668286	2	-0.07740000000000002
1527303353.08	4300	7.946348	0.0	2123065	23	0.75
1527303353.17	4300	11.863297	0.0	2177073	13	4.3
1527303353.25	4300	15.778746	0.0	2160877	13	4.3
1527303353.33	4300	19.693189	0.0	2233056	14	4.3
1527303353.41	4300	23.613548	0.0	1941625	12	4.3
1527303353.49	4300	27.531662	0.0	2157535	12	4.3
1527303353.58	4300	31.447108	0.0	2290172	14	4.3
1527303353.65	4300	35.373219	0.0	2055469	6	4.3
1527303353.75	4300	39.279903	0.0	2169201	18	4.3
1527303353.84	4300	43.188353	0.0	2173522	18	4.3
1527303353.94	4300	47.083171	0.0	2102452	19	4.3
1527303354.04	4300	50.988021	0.0	2209463	19	4.3
1527303354.13	4300	54.896427	0.0	2275376	19	4.3
1527303354.21	4300	58.810915	0.0	2005399	17	4.3
1527303357.3	4300	59.998051	0.0	2152483	8	4.3
1527303361.42	4300	59.74976	0.0	2289689	24	4.3
1527303365.53	4300	59.749412	0.0	2059512	23	4.3
1527303369.14	4300	59.998451	0.0	2220726	23	4.3
1527303373.76	4300	59.497838	0.0	2156729	23	4.3
1527303377.37	4300	59.748853	0.0	2039773	17	4.3
1527303381.49	4300	59.74862	0.0	2176469	26	4.3
1527303385.6	4300	59.748323	0.0	2221506	22	4.3
1527303389.71	4300	59.498608	0.0	2044075	20	4.3
1527303393.34	4300	59.999308	0.0	2186790	21	4.3
1527303397.45	4300	59.748997	0.0	2105231	22	4.3
1527303401.56	4300	59.74954	0.0	2395588	23	4.3
1527303405.17	4300	59.998736	0.0	1972048	19	4.3
1527303409.29	4300	59.748502	0.0	2134614	25	4.3
1527303413.4	4300	59.636731	0.0	2164140	25	4.3
1527303417.51	4300	59.749053	0.0	2113193	23	4.3
1527303421.63	4300	59.498609	0.0	2147852	24	4.3
1527303425.74	4300	59.498971	0.0	2191074	22	4.3
1527303429.39	4300	59.997774	0.0	2286761	22	4.3
1527303433.51	4300	59.748631	0.0	2307787	25	4.3
1527303437.63	4300	59.498831	0.0	2143948	21	4.3
1527303441.25	4300	59.998169	0.0	1919781	24	4.3
