1527205100.78	750	4	0.017	450283	2	-0.07309999999999994
1527205100.95	4300	7.939556	0.0	2123065	20	0.75
1527205101.11	4300	11.785857	0.0	2177073	21	4.3
1527205101.25	4300	15.636662	0.0	2160877	15	4.3
1527205101.41	4300	19.488969	0.0	2233056	13	4.3
1527205101.55	4300	23.349068	0.0	1941625	13	4.3
1527205101.69	4300	27.198991	0.0	2157535	25	4.3
1527205101.85	4300	31.041211	0.0	2290172	22	4.3
1527205101.98	4300	34.905746	0.0	2055469	13	4.3
1527205102.14	4300	38.755117	0.0	2169201	24	4.3
1527205102.29	4300	42.600805	0.0	2173522	24	4.3
1527205102.47	4300	46.417804	0.0	2102452	23	4.3
1527205102.66	4300	50.234342	0.0	2209463	23	4.3
1527205102.81	4300	54.087083	0.0	2275376	27	4.3
1527205102.95	4300	57.945048	0.0	2005399	19	4.3
1527205105.07	4300	59.999423	0.0	2152483	7	4.3
1527205109.24	4300	59.99849	0.0	2289689	27	4.3
1527205112.92	4300	59.999214	0.0	2059512	20	4.3
1527205117.07	4300	59.999117	0.0	2220726	24	4.3
1527205121.24	4300	59.749867	0.0	2156729	24	4.3
1527205124.93	4300	59.99811	0.0	2039773	23	4.3
1527205129.58	4300	59.748426	0.0	2176469	12	4.3
1527205133.23	4300	59.74961	0.0	2221506	20	4.3
1527205137.41	4300	59.499431	0.0	2044075	16	4.3
1527205141.08	4300	59.997848	0.0	2186790	27	4.3
1527205145.24	4300	59.748502	0.0	2105231	24	4.3
1527205149.41	4300	59.499755	0.0	2395588	28	4.3
1527205153.05	4300	59.998816	0.0	1972048	12	4.3
1527205157.23	4300	59.749638	0.0	2134614	25	4.3
1527205161.39	4300	59.74838	0.0	2164140	23	4.3
1527205165.55	4300	59.748054	0.0	2113193	23	4.3
1527205169.2	4300	59.749203	0.0	2147852	19	4.3
1527205173.36	4300	59.999487	0.0	2191074	23	4.3
1527205177.52	4300	59.499388	0.0	2286761	25	4.3
1527205181.2	4300	59.747972	0.0	2307787	26	4.3
1527205185.36	4300	59.749533	0.0	2143948	24	4.3
1527205189.52	4300	59.748885	0.0	1919781	21	4.3
1527205193.17	4300	59.998961	0.0	2147467	20	4.3
1527205197.33	4300	59.749556	0.0	2133870	23	4.3
1527205201.04	4300	59.999492	0.0	2146120	24	4.3
1527205205.19	4300	59.999013	0.0	2108491	19	4.3
1527205209.35	4300	59.749233	0.0	2184571	24	4.3
1527205213.02	4300	59.99911	0.0	2121928	24	4.3
1527205217.18	4300	59.748618	0.0	2219102	24	4.3
1527205221.34	4300	59.748811	0.0	2124950	19	4.3
1527205224.99	4300	59.998595	0.0	2246506	25	4.3
1527205229.13	4300	59.998939	0.0	1961140	21	4.3
1527205233.26	4300	59.749075	0.0	2155012	24	4.3
1527205234.88	4300	59.92876	0.0	1433658	14	4.3

1527205235.15	750	4	0.017	668286	3	-0.07309999999999994
1527205235.32	4300	7.947153	0.0	2123065	22	0.75
1527205235.47	4300	11.796557	0.0	2177073	23	4.3
1527205235.62	4300	15.641428	0.0	2160877	21	4.3
1527205235.75	4300	19.512762	0.0	2233056	12	4.3
1527205235.87	4300	23.388574	0.0	1941625	9	4.3
1527205236.0	4300	27.262218	0.0	2157535	12	4.3
1527205236.13	4300	31.131307	0.0	2290172	12	4.3
1527205236.25	4300	35.007804	0.0	2055469	11	4.3
1527205236.38	4300	38.88161	0.0	2169201	11	4.3
1527205236.5	4300	42.757816	0.0	2173522	12	4.3
1527205236.65	4300	46.631386	0.0	2102452	12	4.3
1527205236.78	4300	50.483482	0.0	2209463	12	4.3
1527205236.92	4300	54.343015	0.0	2275376	19	4.3
1527205237.05	4300	58.211951	0.0	2005399	14	4.3
1527205239.71	4300	59.749253	0.0	2152483	33	4.3
1527205243.37	4300	59.998824	0.0	2289689	19	4.3
1527205247.53	4300	59.747932	0.0	2059512	23	4.3
1527205251.7	4300	59.997911	0.0	2220726	22	4.3
1527205255.35	4300	59.998291	0.0	2156729	23	4.3
1527205259.54	4300	59.997642	0.0	2039773	22	4.3
1527205263.69	4300	59.748315	0.0	2176469	21	4.3
1527205267.86	4300	59.748634	0.0	2221506	25	4.3
1527205271.52	4300	59.749041	0.0	2044075	23	4.3
1527205275.66	4300	59.749497	0.0	2186790	15	4.3
1527205279.82	4300	59.749526	0.0	2105231	25	4.3
1527205283.49	4300	59.998545	0.0	2395588	26	4.3
1527205287.65	4300	59.748713	0.0	1972048	23	4.3
1527205291.4	4300	59.999294	0.0	2134614	19	4.3
1527205295.57	4300	59.748787	0.0	2164140	23	4.3
1527205299.72	4300	59.748966	0.0	2113193	21	4.3
1527205303.39	4300	59.99917	0.0	2147852	23	4.3
1527205307.55	4300	59.748053	0.0	2191074	24	4.3
1527205311.73	4300	59.748025	0.0	2286761	25	4.3
1527205315.89	4300	59.49887	0.0	2307787	22	4.3
1527205319.55	4300	59.748485	0.0	2143948	23	4.3
1527205323.71	4300	59.74915	0.0	1919781	23	4.3
1527205327.87	4300	59.497999	0.0	2147467	21	4.3
1527205332.01	4300	59.498003	0.0	2133870	15	4.3
1527205335.67	4300	59.997751	0.0	2146120	24	4.3
1527205339.82	4300	59.749082	0.0	2108491	25	4.3
1527205343.47	4300	59.998263	0.0	2184571	20	4.3
1527205347.63	4300	59.997732	0.0	2121928	22	4.3
1527205351.3	4300	59.997551	0.0	2219102	25	4.3
1527205355.46	4300	59.998551	0.0	2124950	24	4.3
1527205359.67	4300	59.997839	0.0	2246506	22	4.3
1527205363.83	4300	59.498641	0.0	1961140	20	4.3
1527205367.96	4300	59.747525	0.0	2155012	17	4.3
1527205369.57	4300	59.428889	0.0	1433658	18	4.3

1527205369.93	750	4	0.019	668286	4	-0.0817
1527205370.11	4300	7.95264	0.0	2123065	18	0.75
1527205370.27	4300	11.781949	0.0	2177073	25	4.3
1527205370.42	4300	15.629157	0.0	2160877	19	4.3
1527205370.56	4300	19.485558	0.0	2233056	13	4.3
1527205370.77	4300	23.315415	0.0	1941625	12	4.3
1527205370.92	4300	27.124714	0.0	2157535	24	4.3
1527205371.05	4300	30.991089	0.0	2290172	15	4.3
1527205371.2	4300	34.845458	0.0	2055469	18	4.3
1527205371.33	4300	38.711344	0.0	2169201	14	4.3
1527205371.48	4300	42.563928	0.0	2173522	20	4.3
1527205371.62	4300	46.418844	0.0	2102452	19	4.3
1527205371.76	4300	50.281073	0.0	2209463	17	4.3
1527205371.9	4300	54.146888	0.0	2275376	13	4.3
1527205372.02	4300	58.022762	0.0	2005399	13	4.3
