1527246571.81	750	4	0.029	2354772	8	-0.12470000000000003
1527246571.93	4300	7.963704	0.0	2123065	23	0.75
1527246572.02	4300	11.879783	0.0	2177073	12	4.3
1527246572.09	4300	15.81002	0.0	2160877	8	4.3
1527246572.16	4300	19.737214	0.0	2233056	6	4.3
1527246572.23	4300	23.664019	0.0	1941625	7	4.3
1527246572.3	4300	27.594963	0.0	2157535	7	4.3
1527246572.37	4300	31.523998	0.0	2290172	8	4.3
1527246572.45	4300	35.454231	0.0	2055469	7	4.3
1527246572.54	4300	39.358974	0.0	2169201	18	4.3
1527246572.62	4300	43.279751	0.0	2173522	11	4.3
1527246572.7	4300	47.201357	0.0	2102452	12	4.3
1527246572.78	4300	51.123172	0.0	2209463	12	4.3
1527246572.88	4300	55.016813	0.0	2275376	22	4.3
1527246572.98	4300	58.919734	0.0	2005399	25	4.3
1527246576.06	4300	59.998053	0.0	2152483	7	4.3
1527246580.17	4300	59.74877	0.0	2289689	26	4.3
1527246584.28	4300	59.748089	0.0	2059512	22	4.3
1527246588.41	4300	59.748217	0.0	2220726	25	4.3
1527246592.52	4300	59.74862	0.0	2156729	20	4.3
1527246596.62	4300	59.497701	0.0	2039773	19	4.3
1527246600.23	4300	59.997941	0.0	2176469	21	4.3
1527246604.34	4300	59.748347	0.0	2221506	19	4.3
1527246608.45	4300	59.74797	0.0	2044075	17	4.3
1527246612.56	4300	59.498646	0.0	2186790	20	4.3
1527246616.31	4300	59.997588	0.0	2105231	25	4.3
1527246619.98	4300	59.997894	0.0	2395588	28	4.3
1527246624.6	4300	59.498587	0.0	1972048	24	4.3
1527246628.21	4300	59.997561	0.0	2134614	24	4.3
1527246632.33	4300	59.577774	0.0	2164140	24	4.3
1527246636.44	4300	59.747838	0.0	2113193	20	4.3
1527246640.04	4300	59.998308	0.0	2147852	22	4.3
1527246644.16	4300	59.998684	0.0	2191074	24	4.3
1527246648.28	4300	59.998623	0.0	2286761	26	4.3
1527246652.39	4300	59.997621	0.0	2307787	24	4.3
1527246656.0	4300	59.998216	0.0	2143948	24	4.3
1527246660.6	4300	59.498884	0.0	1919781	19	4.3
1527246664.2	4300	59.747664	0.0	2147467	13	4.3
1527246668.32	4300	59.997582	0.0	2133870	24	4.3
1527246672.44	4300	59.748125	0.0	2146120	25	4.3
1527246676.05	4300	59.998915	0.0	2108491	18	4.3
1527246680.17	4300	59.74781	0.0	2184571	25	4.3
1527246684.28	4300	59.998795	0.0	2121928	25	4.3
1527246688.39	4300	59.998478	0.0	2219102	23	4.3
1527246692.0	4300	59.998859	0.0	2124950	22	4.3
1527246696.61	4300	59.498074	0.0	2246506	19	4.3
1527246700.22	4300	59.997808	0.0	1961140	22	4.3
1527246704.33	4300	59.748263	0.0	2155012	21	4.3
1527246705.93	4300	59.928547	0.0	1433658	16	4.3

1527246706.22	750	4	0.018	668286	2	-0.07740000000000002
1527246706.34	4300	7.945702	0.0	2123065	22	0.75
1527246706.44	4300	11.840142	0.0	2177073	19	4.3
1527246706.51	4300	15.769262	0.0	2160877	7	4.3
1527246706.6	4300	19.682151	0.0	2233056	18	4.3
1527246706.67	4300	23.609141	0.0	1941625	8	4.3
1527246706.75	4300	27.53448	0.0	2157535	8	4.3
1527246706.82	4300	31.458997	0.0	2290172	9	4.3
1527246706.9	4300	35.384018	0.0	2055469	7	4.3
1527246706.98	4300	39.309342	0.0	2169201	8	4.3
1527246707.05	4300	43.23261	0.0	2173522	9	4.3
1527246707.15	4300	47.136799	0.0	2102452	18	4.3
1527246707.23	4300	51.053016	0.0	2209463	12	4.3
1527246707.32	4300	54.963426	0.0	2275376	17	4.3
1527246707.41	4300	58.875999	0.0	2005399	11	4.3
1527246710.48	4300	59.999134	0.0	2152483	6	4.3
1527246714.64	4300	59.747923	0.0	2289689	16	4.3
1527246718.75	4300	59.999036	0.0	2059512	24	4.3
1527246722.86	4300	59.748754	0.0	2220726	24	4.3
1527246726.97	4300	59.748258	0.0	2156729	22	4.3
1527246730.58	4300	59.998946	0.0	2039773	23	4.3
1527246734.71	4300	59.748297	0.0	2176469	19	4.3
1527246738.32	4300	59.998898	0.0	2221506	27	4.3
1527246742.43	4300	59.999309	0.0	2044075	19	4.3
1527246746.62	4300	59.747924	0.0	2186790	25	4.3
1527246750.73	4300	59.999333	0.0	2105231	23	4.3
1527246754.34	4300	59.997902	0.0	2395588	22	4.3
1527246758.46	4300	59.99881	0.0	1972048	22	4.3
1527246762.58	4300	59.748721	0.0	2134614	23	4.3
1527246766.7	4300	59.99787	0.0	2164140	23	4.3
1527246770.31	4300	59.99824	0.0	2113193	20	4.3
1527246774.43	4300	59.999447	0.0	2147852	26	4.3
1527246778.54	4300	59.997877	0.0	2191074	17	4.3
1527246782.65	4300	59.99777	0.0	2286761	24	4.3
1527246786.74	4300	59.749343	0.0	2307787	9	4.3
1527246790.85	4300	59.499451	0.0	2143948	21	4.3
1527246794.96	4300	59.498887	0.0	1919781	16	4.3
1527246798.61	4300	59.748546	0.0	2147467	16	4.3
1527246802.73	4300	59.74919	0.0	2133870	26	4.3
1527246806.84	4300	59.748908	0.0	2146120	20	4.3
1527246810.46	4300	59.998787	0.0	2108491	20	4.3
1527246814.57	4300	59.748115	0.0	2184571	23	4.3
1527246818.68	4300	59.998168	0.0	2121928	21	4.3
1527246822.29	4300	59.998085	0.0	2219102	23	4.3
1527246826.41	4300	59.997917	0.0	2124950	24	4.3
1527246830.53	4300	59.998308	0.0	2246506	26	4.3
1527246834.64	4300	59.74918	0.0	1961140	24	4.3
1527246838.75	4300	59.747853	0.0	2155012	24	4.3
1527246840.35	4300	59.928631	0.0	1433658	18	4.3

1527246840.62	750	4	0.018	668286	3	-0.07740000000000002
1527246840.7	4300	7.979202	0.0	2123065	7	0.75
1527246840.8	4300	11.88695	0.0	2177073	19	4.3
1527246840.88	4300	15.798582	0.0	2160877	16	4.3
1527246840.97	4300	19.708596	0.0	2233056	15	4.3
1527246841.05	4300	23.633788	0.0	1941625	12	4.3
1527246841.12	4300	27.564437	0.0	2157535	7	4.3
1527246841.19	4300	31.490461	0.0	2290172	8	4.3
1527246841.27	4300	35.411583	0.0	2055469	7	4.3
1527246841.34	4300	39.341644	0.0	2169201	8	4.3
1527246841.43	4300	43.25715	0.0	2173522	13	4.3
1527246841.51	4300	47.16936	0.0	2102452	13	4.3
1527246841.59	4300	51.094459	0.0	2209463	9	4.3
1527246841.66	4300	55.019867	0.0	2275376	8	4.3
1527246841.75	4300	58.934761	0.0	2005399	19	4.3
1527246845.35	4300	59.498567	0.0	2152483	17	4.3
1527246848.96	4300	59.999093	0.0	2289689	26	4.3
1527246853.07	4300	59.749571	0.0	2059512	19	4.3
1527246857.18	4300	59.998559	0.0	2220726	22	4.3
1527246860.78	4300	59.998435	0.0	2156729	22	4.3
1527246864.89	4300	59.998677	0.0	2039773	18	4.3
1527246869.0	4300	59.749475	0.0	2176469	22	4.3
1527246873.11	4300	59.997691	0.0	2221506	23	4.3
1527246876.71	4300	59.998661	0.0	2044075	23	4.3
1527246880.83	4300	59.997836	0.0	2186790	26	4.3
1527246884.95	4300	59.998579	0.0	2105231	25	4.3
1527246889.09	4300	59.998591	0.0	2395588	26	4.3
1527246892.7	4300	59.998855	0.0	1972048	24	4.3
1527246896.81	4300	59.99825	0.0	2134614	21	4.3
1527246900.92	4300	59.998303	0.0	2164140	21	4.3
1527246905.03	4300	59.748333	0.0	2113193	22	4.3
1527246909.14	4300	59.998509	0.0	2147852	21	4.3
1527246912.76	4300	59.998836	0.0	2191074	23	4.3
1527246916.87	4300	59.997752	0.0	2286761	27	4.3
