1527198345.16	750	4	0.026	2354772	8	-0.11180000000000001
1527198345.25	4300	7.964815	0.0	2123065	19	0.75
1527198345.36	4300	11.856904	0.0	2177073	25	4.3
1527198345.45	4300	15.769712	0.0	2160877	14	4.3
1527198345.55	4300	19.671599	0.0	2233056	22	4.3
1527198345.64	4300	23.574112	0.0	1941625	20	4.3
1527198345.73	4300	27.48794	0.0	2157535	14	4.3
1527198345.82	4300	31.399912	0.0	2290172	16	4.3
1527198345.97	4300	35.31602	0.0	2055469	14	4.3
1527198346.07	4300	39.150212	0.0	2169201	21	4.3
1527198346.17	4300	43.044816	0.0	2173522	26	4.3
1527198346.25	4300	46.96345	0.0	2102452	12	4.3
1527198346.33	4300	50.892142	0.0	2209463	8	4.3
1527198346.41	4300	54.816386	0.0	2275376	8	4.3
1527198346.47	4300	58.743116	0.0	2005399	7	4.3
1527198349.55	4300	59.747873	0.0	2152483	8	4.3
1527198353.67	4300	59.997649	0.0	2289689	27	4.3
1527198357.78	4300	59.497507	0.0	2059512	24	4.3
1527198361.9	4300	59.749098	0.0	2220726	25	4.3
1527198365.52	4300	59.748664	0.0	2156729	25	4.3
1527198369.63	4300	59.997995	0.0	2039773	23	4.3
1527198373.29	4300	59.999103	0.0	2176469	23	4.3
1527198377.48	4300	59.997722	0.0	2221506	15	4.3
1527198381.59	4300	59.748159	0.0	2044075	24	4.3
1527198385.71	4300	59.748678	0.0	2186790	23	4.3
1527198389.32	4300	59.998296	0.0	2105231	24	4.3
1527198393.93	4300	59.498411	0.0	2395588	21	4.3
1527198397.52	4300	59.748611	0.0	1972048	13	4.3
1527198401.64	4300	59.998387	0.0	2134614	25	4.3
1527198405.25	4300	59.998697	0.0	2164140	26	4.3
1527198409.86	4300	59.498512	0.0	2113193	20	4.3
1527198413.47	4300	59.998654	0.0	2147852	24	4.3
1527198417.58	4300	59.748548	0.0	2191074	21	4.3
1527198421.7	4300	59.747523	0.0	2286761	24	4.3
1527198425.82	4300	59.498489	0.0	2307787	26	4.3
1527198429.93	4300	59.497795	0.0	2143948	25	4.3
1527198433.54	4300	59.999367	0.0	1919781	22	4.3
1527198437.65	4300	59.997425	0.0	2147467	21	4.3
1527198441.25	4300	59.998829	0.0	2133870	23	4.3
1527198445.39	4300	59.999386	0.0	2146120	26	4.3
1527198449.5	4300	59.998666	0.0	2108491	22	4.3
1527198453.6	4300	59.748171	0.0	2184571	21	4.3
1527198457.71	4300	59.748927	0.0	2121928	22	4.3
1527198461.32	4300	59.997454	0.0	2219102	22	4.3
1527198465.44	4300	59.999262	0.0	2124950	8	4.3
1527198469.56	4300	59.747885	0.0	2246506	26	4.3
1527198473.66	4300	59.747315	0.0	1961140	14	4.3
1527198477.27	4300	59.998227	0.0	2155012	25	4.3
1527198479.37	4300	59.678735	0.0	1433658	16	4.3

1527198479.66	750	4	0.025	2354772	8	-0.10750000000000004
1527198479.76	4300	7.957819	0.0	2123065	22	0.75
1527198479.84	4300	11.878245	0.0	2177073	12	4.3
1527198479.92	4300	15.799292	0.0	2160877	13	4.3
1527198480.0	4300	19.718656	0.0	2233056	11	4.3
1527198480.07	4300	23.642633	0.0	1941625	12	4.3
1527198480.15	4300	27.564604	0.0	2157535	12	4.3
1527198480.23	4300	31.48897	0.0	2290172	12	4.3
1527198480.31	4300	35.409165	0.0	2055469	12	4.3
1527198480.4	4300	39.312688	0.0	2169201	21	4.3
1527198480.49	4300	43.230746	0.0	2173522	14	4.3
1527198480.58	4300	47.13726	0.0	2102452	21	4.3
1527198480.75	4300	51.02424	0.0	2209463	41	4.3
1527198480.85	4300	54.868543	0.0	2275376	26	4.3
1527198480.93	4300	58.789875	0.0	2005399	11	4.3
1527198484.04	4300	59.748691	0.0	2152483	26	4.3
1527198488.15	4300	59.748594	0.0	2289689	25	4.3
1527198491.77	4300	59.998712	0.0	2059512	22	4.3
1527198495.87	4300	59.998276	0.0	2220726	23	4.3
1527198499.98	4300	59.749023	0.0	2156729	23	4.3
1527198504.09	4300	59.998703	0.0	2039773	24	4.3
1527198508.18	4300	59.748909	0.0	2176469	13	4.3
1527198511.78	4300	59.998479	0.0	2221506	22	4.3
1527198515.89	4300	59.997841	0.0	2044075	20	4.3
1527198519.99	4300	59.748802	0.0	2186790	20	4.3
1527198524.1	4300	59.748252	0.0	2105231	23	4.3
1527198528.21	4300	59.74948	0.0	2395588	25	4.3
1527198531.79	4300	59.999386	0.0	1972048	9	4.3
1527198535.9	4300	59.998442	0.0	2134614	20	4.3
1527198540.0	4300	59.747882	0.0	2164140	23	4.3
1527198544.11	4300	59.748899	0.0	2113193	22	4.3
1527198548.22	4300	59.747681	0.0	2147852	24	4.3
1527198551.83	4300	59.999009	0.0	2191074	21	4.3
1527198555.94	4300	59.997668	0.0	2286761	22	4.3
1527198560.06	4300	59.747993	0.0	2307787	27	4.3
1527198564.17	4300	59.998534	0.0	2143948	25	4.3
1527198567.79	4300	59.997925	0.0	1919781	22	4.3
1527198571.9	4300	59.998348	0.0	2147467	22	4.3
1527198576.01	4300	59.748532	0.0	2133870	22	4.3
1527198580.11	4300	59.749367	0.0	2146120	22	4.3
1527198584.22	4300	59.748319	0.0	2108491	24	4.3
1527198588.34	4300	59.498664	0.0	2184571	24	4.3
1527198591.96	4300	59.998728	0.0	2121928	19	4.3
1527198596.07	4300	59.748379	0.0	2219102	25	4.3
1527198600.19	4300	59.685284	0.0	2124950	26	4.3
1527198603.8	4300	59.999216	0.0	2246506	24	4.3
1527198608.41	4300	59.497737	0.0	1961140	21	4.3
