1527238338.76	750	4	0.026	2354772	9	-0.11180000000000001
1527238338.91	4300	7.966222	0.0	2123065	19	0.75
1527238339.05	4300	11.819129	0.0	2177073	23	4.3
1527238339.18	4300	15.685336	0.0	2160877	15	4.3
1527238339.32	4300	19.553097	0.0	2233056	16	4.3
1527238339.45	4300	23.425518	0.0	1941625	13	4.3
1527238339.58	4300	27.292539	0.0	2157535	15	4.3
1527238339.7	4300	31.171575	0.0	2290172	9	4.3
1527238339.82	4300	35.054402	0.0	2055469	8	4.3
1527238339.93	4300	38.935202	0.0	2169201	8	4.3
1527238340.05	4300	42.816011	0.0	2173522	8	4.3
1527238340.17	4300	46.69782	0.0	2102452	9	4.3
1527238340.29	4300	50.579089	0.0	2209463	9	4.3
1527238340.45	4300	54.42347	0.0	2275376	18	4.3
1527238340.58	4300	58.285045	0.0	2005399	8	4.3
1527238343.24	4300	59.749273	0.0	2152483	23	4.3
1527238346.91	4300	59.998978	0.0	2289689	26	4.3
1527238351.07	4300	59.999089	0.0	2059512	24	4.3
1527238355.23	4300	59.999184	0.0	2220726	24	4.3
1527238359.39	4300	59.748144	0.0	2156729	22	4.3
1527238363.55	4300	59.747673	0.0	2039773	23	4.3
1527238367.21	4300	59.997619	0.0	2176469	26	4.3
1527238371.37	4300	59.747884	0.0	2221506	24	4.3
1527238375.03	4300	59.998653	0.0	2044075	23	4.3
1527238379.2	4300	59.997753	0.0	2186790	24	4.3
1527238383.34	4300	59.748655	0.0	2105231	15	4.3
1527238387.01	4300	59.998942	0.0	2395588	28	4.3
1527238391.17	4300	59.998432	0.0	1972048	22	4.3
1527238395.3	4300	59.998656	0.0	2134614	6	4.3
1527238399.46	4300	59.747597	0.0	2164140	22	4.3
1527238403.12	4300	59.998609	0.0	2113193	24	4.3
1527238407.28	4300	59.999305	0.0	2147852	23	4.3
1527238410.94	4300	59.999043	0.0	2191074	21	4.3
1527238415.1	4300	59.998041	0.0	2286761	23	4.3
1527238419.26	4300	59.747625	0.0	2307787	26	4.3
1527238422.91	4300	59.997946	0.0	2143948	19	4.3
1527238427.07	4300	59.997633	0.0	1919781	18	4.3
1527238431.23	4300	59.749091	0.0	2147467	24	4.3
1527238434.89	4300	59.999431	0.0	2133870	24	4.3
1527238439.62	4300	59.498384	0.0	2146120	25	4.3
1527238443.27	4300	59.748369	0.0	2108491	21	4.3
1527238447.43	4300	59.498737	0.0	2184571	26	4.3
1527238451.1	4300	59.999043	0.0	2121928	24	4.3
1527238455.26	4300	59.748663	0.0	2219102	25	4.3
1527238458.93	4300	59.999023	0.0	2124950	24	4.3
1527238463.64	4300	59.497932	0.0	2246506	25	4.3
1527238467.27	4300	59.748485	0.0	1961140	19	4.3
1527238471.39	4300	59.748702	0.0	2155012	15	4.3
1527238473.0	4300	59.677807	0.0	1433658	17	4.3

1527238473.28	750	4	0.016	668286	2	-0.06879999999999997
1527238473.44	4300	7.956351	0.0	2123065	15	0.75
1527238473.58	4300	11.807241	0.0	2177073	19	4.3
1527238473.72	4300	15.666405	0.0	2160877	17	4.3
1527238473.85	4300	19.540406	0.0	2233056	12	4.3
1527238473.97	4300	23.416377	0.0	1941625	11	4.3
1527238474.11	4300	27.275721	0.0	2157535	21	4.3
1527238474.25	4300	31.145769	0.0	2290172	15	4.3
1527238474.37	4300	35.017739	0.0	2055469	13	4.3
1527238474.5	4300	38.888857	0.0	2169201	13	4.3
1527238474.63	4300	42.759809	0.0	2173522	13	4.3
1527238474.76	4300	46.629874	0.0	2102452	14	4.3
1527238474.89	4300	50.504226	0.0	2209463	15	4.3
1527238475.04	4300	54.349053	0.0	2275376	32	4.3
1527238475.19	4300	58.202162	0.0	2005399	23	4.3
1527238477.83	4300	59.998157	0.0	2152483	14	4.3
1527238481.52	4300	59.998856	0.0	2289689	22	4.3
1527238485.68	4300	59.748551	0.0	2059512	21	4.3
1527238489.88	4300	59.748691	0.0	2220726	20	4.3
1527238493.58	4300	59.998106	0.0	2156729	20	4.3
1527238497.74	4300	59.998268	0.0	2039773	22	4.3
1527238501.4	4300	59.998296	0.0	2176469	25	4.3
1527238505.56	4300	59.999461	0.0	2221506	24	4.3
1527238509.72	4300	59.748041	0.0	2044075	20	4.3
1527238513.88	4300	59.997924	0.0	2186790	24	4.3
1527238518.03	4300	59.498594	0.0	2105231	20	4.3
1527238521.69	4300	59.997684	0.0	2395588	26	4.3
1527238525.85	4300	59.748318	0.0	1972048	23	4.3
1527238529.5	4300	59.998592	0.0	2134614	19	4.3
1527238533.65	4300	59.997619	0.0	2164140	22	4.3
1527238537.82	4300	59.748987	0.0	2113193	23	4.3
1527238541.98	4300	59.748753	0.0	2147852	23	4.3
1527238546.14	4300	59.749133	0.0	2191074	23	4.3
1527238549.8	4300	59.997583	0.0	2286761	25	4.3
1527238553.96	4300	59.499172	0.0	2307787	27	4.3
1527238558.12	4300	59.49864	0.0	2143948	22	4.3
1527238561.77	4300	59.747469	0.0	1919781	19	4.3
1527238565.46	4300	59.999383	0.0	2147467	23	4.3
1527238570.12	4300	59.497401	0.0	2133870	24	4.3
1527238573.77	4300	59.748658	0.0	2146120	21	4.3
1527238577.43	4300	59.997708	0.0	2108491	23	4.3
1527238582.22	4300	59.747501	0.0	2184571	24	4.3
1527238585.87	4300	59.747487	0.0	2121928	20	4.3
1527238589.52	4300	59.997735	0.0	2219102	24	4.3
1527238593.68	4300	59.7489	0.0	2124950	25	4.3
1527238597.83	4300	59.747491	0.0	2246506	20	4.3
1527238601.47	4300	59.99778	0.0	1961140	20	4.3
1527238606.1	4300	59.748324	0.0	2155012	21	4.3
1527238607.2	4300	59.929089	0.0	1433658	16	4.3

1527238607.49	750	4	0.022	668286	2	-0.09460000000000002
1527238607.65	4300	7.951392	0.0	2123065	19	0.75
1527238607.78	4300	11.82366	0.0	2177073	12	4.3
1527238607.92	4300	15.679428	0.0	2160877	16	4.3
1527238608.05	4300	19.549026	0.0	2233056	15	4.3
1527238608.17	4300	23.431853	0.0	1941625	7	4.3
1527238608.31	4300	27.289922	0.0	2157535	19	4.3
1527238608.44	4300	31.162384	0.0	2290172	13	4.3
1527238608.56	4300	35.038471	0.0	2055469	11	4.3
1527238608.68	4300	38.921393	0.0	2169201	8	4.3
1527238608.84	4300	42.765063	0.0	2173522	24	4.3
1527238608.99	4300	46.611378	0.0	2102452	24	4.3
1527238609.14	4300	50.459898	0.0	2209463	26	4.3
1527238609.28	4300	54.316109	0.0	2275376	15	4.3
1527238609.42	4300	58.179174	0.0	2005399	16	4.3
1527238612.07	4300	59.998264	0.0	2152483	24	4.3
1527238615.74	4300	59.999251	0.0	2289689	25	4.3
1527238619.9	4300	59.998508	0.0	2059512	23	4.3
1527238624.07	4300	59.748621	0.0	2220726	24	4.3
1527238627.72	4300	59.997855	0.0	2156729	21	4.3
1527238631.88	4300	59.99942	0.0	2039773	23	4.3
1527238636.04	4300	59.997916	0.0	2176469	24	4.3
1527238639.7	4300	59.999212	0.0	2221506	19	4.3
1527238643.85	4300	59.999372	0.0	2044075	21	4.3
1527238648.01	4300	59.748957	0.0	2186790	23	4.3
1527238651.66	4300	59.997627	0.0	2105231	18	4.3
1527238656.32	4300	59.748609	0.0	2395588	24	4.3
1527238659.98	4300	59.749569	0.0	1972048	22	4.3
1527238663.63	4300	59.997984	0.0	2134614	20	4.3
1527238667.78	4300	59.999392	0.0	2164140	16	4.3
1527238671.93	4300	59.999178	0.0	2113193	22	4.3
1527238676.1	4300	59.749221	0.0	2147852	24	4.3
1527238679.76	4300	59.999403	0.0	2191074	25	4.3
1527238683.93	4300	59.749298	0.0	2286761	26	4.3
1527238688.09	4300	59.747533	0.0	2307787	26	4.3
1527238691.75	4300	59.998795	0.0	2143948	20	4.3
1527238695.9	4300	59.74844	0.0	1919781	20	4.3
1527238700.06	4300	59.998108	0.0	2147467	24	4.3
1527238704.22	4300	59.498687	0.0	2133870	20	4.3
