1527137288.08	750	4	0.03	2354772	7	-0.129
1527137288.21	4300	7.961256	0.0	2123065	22	0.75
1527137288.31	4300	11.861191	0.0	2177073	20	4.3
1527137288.4	4300	15.769948	0.0	2160877	16	4.3
1527137288.5	4300	19.673985	0.0	2233056	16	4.3
1527137288.61	4300	23.573057	0.0	1941625	22	4.3
1527137288.72	4300	27.454685	0.0	2157535	24	4.3
1527137288.81	4300	31.364454	0.0	2290172	16	4.3
1527137288.88	4300	35.292879	0.0	2055469	8	4.3
1527137288.95	4300	39.218455	0.0	2169201	8	4.3
1527137289.03	4300	43.145636	0.0	2173522	8	4.3
1527137289.1	4300	47.070405	0.0	2102452	8	4.3
1527137289.18	4300	50.996763	0.0	2209463	9	4.3
1527137289.26	4300	54.917229	0.0	2275376	9	4.3
1527137289.36	4300	58.81365	0.0	2005399	11	4.3
1527137292.45	4300	59.74892	0.0	2152483	11	4.3
1527137296.57	4300	59.997452	0.0	2289689	24	4.3
1527137300.69	4300	59.498746	0.0	2059512	23	4.3
1527137304.93	4300	59.499272	0.0	2220726	25	4.3
1527137308.53	4300	59.74912	0.0	2156729	11	4.3
1527137312.72	4300	59.998639	0.0	2039773	13	4.3
1527137316.84	4300	59.498877	0.0	2176469	20	4.3
1527137320.45	4300	59.999434	0.0	2221506	24	4.3
1527137324.53	4300	59.749644	0.0	2044075	7	4.3
1527137328.61	4300	59.748414	0.0	2186790	7	4.3
1527137332.69	4300	59.498994	0.0	2105231	7	4.3
1527137336.78	4300	59.749284	0.0	2395588	8	4.3
1527137340.37	4300	59.999486	0.0	1972048	17	4.3
1527137344.45	4300	59.749043	0.0	2134614	6	4.3
1527137348.53	4300	59.726891	0.0	2164140	7	4.3
1527137352.65	4300	59.748419	0.0	2113193	24	4.3
1527137356.76	4300	59.748206	0.0	2147852	23	4.3
1527137360.34	4300	59.998377	0.0	2191074	7	4.3
1527137364.45	4300	59.749124	0.0	2286761	18	4.3
1527137368.57	4300	59.749049	0.0	2307787	15	4.3
1527137372.68	4300	59.499515	0.0	2143948	24	4.3
1527137376.29	4300	59.997699	0.0	1919781	22	4.3
1527137380.4	4300	59.997652	0.0	2147467	24	4.3
1527137384.51	4300	59.998129	0.0	2133870	21	4.3
1527137388.63	4300	59.747584	0.0	2146120	14	4.3
1527137392.24	4300	59.998471	0.0	2108491	20	4.3
1527137396.36	4300	59.999422	0.0	2184571	24	4.3
1527137400.47	4300	59.998417	0.0	2121928	23	4.3
1527137404.71	4300	59.747308	0.0	2219102	23	4.3
1527137408.31	4300	59.99758	0.0	2124950	18	4.3
1527137412.43	4300	59.997801	0.0	2246506	25	4.3
1527137416.54	4300	59.747858	0.0	1961140	22	4.3
1527137420.66	4300	59.747459	0.0	2155012	23	4.3
1527137422.25	4300	59.928985	0.0	1433658	16	4.3

1527137422.53	750	4	0.016	668286	2	-0.06879999999999997
1527137422.63	4300	7.955958	0.0	2123065	16	0.75
1527137422.73	4300	11.859182	0.0	2177073	19	4.3
1527137422.82	4300	15.779572	0.0	2160877	12	4.3
1527137422.91	4300	19.684134	0.0	2233056	14	4.3
1527137422.97	4300	23.615049	0.0	1941625	6	4.3
1527137423.05	4300	27.543847	0.0	2157535	7	4.3
1527137423.12	4300	31.471714	0.0	2290172	8	4.3
1527137423.19	4300	35.399174	0.0	2055469	7	4.3
1527137423.26	4300	39.329395	0.0	2169201	8	4.3
1527137423.33	4300	43.258804	0.0	2173522	7	4.3
1527137423.41	4300	47.186702	0.0	2102452	7	4.3
1527137423.48	4300	51.112691	0.0	2209463	7	4.3
1527137423.63	4300	55.034173	0.0	2275376	8	4.3
1527137423.7	4300	58.892962	0.0	2005399	6	4.3
1527137426.79	4300	59.999042	0.0	2152483	10	4.3
1527137430.9	4300	59.998554	0.0	2289689	21	4.3
1527137435.01	4300	59.748983	0.0	2059512	18	4.3
1527137439.12	4300	59.748475	0.0	2220726	20	4.3
1527137443.23	4300	59.749729	0.0	2156729	21	4.3
1527137446.85	4300	59.749879	0.0	2039773	23	4.3
1527137450.96	4300	59.99898	0.0	2176469	24	4.3
1527137455.07	4300	59.999094	0.0	2221506	22	4.3
1527137459.19	4300	59.74962	0.0	2044075	19	4.3
1527137463.3	4300	59.749002	0.0	2186790	20	4.3
1527137466.91	4300	59.749175	0.0	2105231	19	4.3
1527137471.03	4300	59.748626	0.0	2395588	26	4.3
1527137475.14	4300	59.499367	0.0	1972048	22	4.3
1527137479.25	4300	59.749132	0.0	2134614	23	4.3
1527137482.86	4300	59.748576	0.0	2164140	22	4.3
1527137487.0	4300	59.749373	0.0	2113193	13	4.3
1527137490.61	4300	59.997879	0.0	2147852	21	4.3
1527137494.73	4300	59.998606	0.0	2191074	23	4.3
1527137498.84	4300	59.997787	0.0	2286761	24	4.3
1527137502.96	4300	59.998732	0.0	2307787	21	4.3
1527137507.07	4300	59.749699	0.0	2143948	20	4.3
1527137511.17	4300	59.748881	0.0	1919781	19	4.3
1527137514.76	4300	59.999306	0.0	2147467	12	4.3
1527137518.88	4300	59.998429	0.0	2133870	25	4.3
1527137522.99	4300	59.749118	0.0	2146120	22	4.3
1527137527.1	4300	59.499447	0.0	2108491	23	4.3
1527137531.22	4300	59.74881	0.0	2184571	23	4.3
1527137535.32	4300	59.747969	0.0	2121928	21	4.3
1527137538.93	4300	59.998036	0.0	2219102	23	4.3
1527137543.06	4300	59.5796	0.0	2124950	23	4.3
1527137547.17	4300	59.74787	0.0	2246506	25	4.3
1527137551.28	4300	59.498444	0.0	1961140	22	4.3
1527137554.87	4300	59.997793	0.0	2155012	11	4.3
1527137556.47	4300	59.929539	0.0	1433658	17	4.3

1527137556.75	750	4	0.015	668286	2	-0.0645
1527137556.83	4300	7.981386	0.0	2123065	6	0.75
1527137556.9	4300	11.910701	0.0	2177073	7	4.3
1527137556.97	4300	15.840123	0.0	2160877	7	4.3
1527137557.04	4300	19.769656	0.0	2233056	7	4.3
1527137557.11	4300	23.699205	0.0	1941625	6	4.3
1527137557.18	4300	27.629562	0.0	2157535	7	4.3
1527137557.25	4300	31.559513	0.0	2290172	8	4.3
1527137557.32	4300	35.488154	0.0	2055469	7	4.3
1527137557.39	4300	39.418679	0.0	2169201	7	4.3
1527137557.46	4300	43.347554	0.0	2173522	6	4.3
1527137557.55	4300	47.260466	0.0	2102452	7	4.3
1527137557.62	4300	51.191171	0.0	2209463	7	4.3
1527137557.69	4300	55.121867	0.0	2275376	8	4.3
1527137557.77	4300	59.048522	0.0	2005399	9	4.3
1527137561.36	4300	59.749097	0.0	2152483	7	4.3
1527137565.48	4300	59.747865	0.0	2289689	26	4.3
1527137569.08	4300	59.998285	0.0	2059512	21	4.3
1527137573.19	4300	59.997765	0.0	2220726	20	4.3
1527137577.3	4300	59.748115	0.0	2156729	18	4.3
1527137580.97	4300	59.998798	0.0	2039773	22	4.3
1527137585.08	4300	59.748077	0.0	2176469	18	4.3
1527137589.21	4300	59.997808	0.0	2221506	25	4.3
1527137592.84	4300	59.998731	0.0	2044075	21	4.3
1527137596.95	4300	59.998382	0.0	2186790	23	4.3
1527137601.56	4300	59.747743	0.0	2105231	20	4.3
1527137605.18	4300	59.749503	0.0	2395588	23	4.3
1527137609.3	4300	59.748964	0.0	1972048	24	4.3
1527137612.92	4300	59.99849	0.0	2134614	23	4.3
1527137617.04	4300	59.998925	0.0	2164140	23	4.3
1527137621.16	4300	59.749468	0.0	2113193	24	4.3
1527137625.27	4300	59.998003	0.0	2147852	22	4.3
1527137628.88	4300	59.999297	0.0	2191074	21	4.3
