1527284702.78	750	4	0.028	2354772	9	-0.12039999999999995
1527284702.9	4300	7.981831	0.0	2123065	10	0.75
1527284703.05	4300	11.832932	0.0	2177073	25	4.3
1527284703.19	4300	15.699616	0.0	2160877	16	4.3
1527284703.32	4300	19.566921	0.0	2233056	14	4.3
1527284703.45	4300	23.43769	0.0	1941625	13	4.3
1527284703.59	4300	27.302561	0.0	2157535	14	4.3
1527284703.72	4300	31.167512	0.0	2290172	16	4.3
1527284703.85	4300	35.038835	0.0	2055469	13	4.3
1527284703.98	4300	38.908567	0.0	2169201	14	4.3
1527284704.11	4300	42.777654	0.0	2173522	14	4.3
1527284704.25	4300	46.638666	0.0	2102452	13	4.3
1527284704.4	4300	50.486416	0.0	2209463	24	4.3
1527284704.54	4300	54.346445	0.0	2275376	15	4.3
1527284704.68	4300	58.209509	0.0	2005399	9	4.3
1527284707.3	4300	59.749641	0.0	2152483	7	4.3
1527284710.95	4300	59.997712	0.0	2289689	19	4.3
1527284715.61	4300	59.749408	0.0	2059512	20	4.3
1527284719.25	4300	59.749166	0.0	2220726	15	4.3
1527284723.41	4300	59.498447	0.0	2156729	23	4.3
1527284727.55	4300	59.497765	0.0	2039773	14	4.3
1527284731.21	4300	59.74859	0.0	2176469	21	4.3
1527284735.37	4300	59.998813	0.0	2221506	12	4.3
1527284739.53	4300	59.748061	0.0	2044075	22	4.3
1527284743.18	4300	59.998585	0.0	2186790	18	4.3
1527284747.33	4300	59.749287	0.0	2105231	22	4.3
1527284750.99	4300	59.997803	0.0	2395588	25	4.3
1527284755.15	4300	59.74832	0.0	1972048	23	4.3
1527284759.32	4300	59.749602	0.0	2134614	25	4.3
1527284762.97	4300	59.999187	0.0	2164140	22	4.3
1527284767.24	4300	59.998679	0.0	2113193	15	4.3
1527284771.44	4300	59.998918	0.0	2147852	23	4.3
1527284775.1	4300	59.999185	0.0	2191074	23	4.3
1527284779.25	4300	59.747708	0.0	2286761	24	4.3
1527284783.42	4300	59.499083	0.0	2307787	26	4.3
1527284787.06	4300	59.998889	0.0	2143948	18	4.3
1527284791.23	4300	59.99911	0.0	1919781	22	4.3
1527284795.39	4300	59.748541	0.0	2147467	23	4.3
1527284799.04	4300	59.998766	0.0	2133870	18	4.3
1527284803.2	4300	59.748527	0.0	2146120	22	4.3
1527284807.36	4300	59.747949	0.0	2108491	19	4.3
1527284811.53	4300	59.498671	0.0	2184571	24	4.3
1527284815.19	4300	59.748582	0.0	2121928	24	4.3
1527284819.36	4300	59.748451	0.0	2219102	25	4.3
1527284823.02	4300	59.998959	0.0	2124950	24	4.3
1527284827.18	4300	59.748659	0.0	2246506	25	4.3
1527284831.32	4300	59.747492	0.0	1961140	23	4.3
1527284835.46	4300	59.749007	0.0	2155012	24	4.3
1527284837.07	4300	59.678223	0.0	1433658	17	4.3

1527284837.35	750	4	0.019	668286	2	-0.0817
1527284837.5	4300	7.94895	0.0	2123065	20	0.75
1527284837.65	4300	11.802139	0.0	2177073	22	4.3
1527284837.78	4300	15.666971	0.0	2160877	16	4.3
1527284837.91	4300	19.543229	0.0	2233056	10	4.3
1527284838.02	4300	23.423151	0.0	1941625	9	4.3
1527284838.15	4300	27.302473	0.0	2157535	10	4.3
1527284838.27	4300	31.178903	0.0	2290172	9	4.3
1527284838.42	4300	35.031392	0.0	2055469	23	4.3
1527284838.57	4300	38.882954	0.0	2169201	25	4.3
1527284838.72	4300	42.733686	0.0	2173522	24	4.3
1527284838.87	4300	46.578041	0.0	2102452	22	4.3
1527284839.0	4300	50.444948	0.0	2209463	13	4.3
1527284839.14	4300	54.313272	0.0	2275376	18	4.3
1527284839.29	4300	58.169272	0.0	2005399	17	4.3
1527284841.94	4300	59.99786	0.0	2152483	19	4.3
1527284845.58	4300	59.998282	0.0	2289689	14	4.3
1527284849.74	4300	59.748594	0.0	2059512	21	4.3
1527284853.9	4300	59.998998	0.0	2220726	20	4.3
1527284858.06	4300	59.749275	0.0	2156729	24	4.3
1527284861.75	4300	59.748328	0.0	2039773	16	4.3
1527284866.14	4300	59.747715	0.0	2176469	26	4.3
1527284869.8	4300	59.7492	0.0	2221506	25	4.3
1527284873.96	4300	59.747952	0.0	2044075	23	4.3
1527284878.12	4300	59.498734	0.0	2186790	25	4.3
1527284881.78	4300	59.998105	0.0	2105231	21	4.3
1527284885.94	4300	59.748793	0.0	2395588	21	4.3
1527284889.6	4300	59.999244	0.0	1972048	23	4.3
1527284893.76	4300	59.749268	0.0	2134614	25	4.3
1527284897.93	4300	59.99901	0.0	2164140	24	4.3
1527284901.58	4300	59.999299	0.0	2113193	21	4.3
1527284905.74	4300	59.749186	0.0	2147852	19	4.3
1527284909.9	4300	59.747709	0.0	2191074	23	4.3
1527284913.54	4300	59.998134	0.0	2286761	16	4.3
1527284917.7	4300	59.999323	0.0	2307787	25	4.3
1527284921.87	4300	59.747603	0.0	2143948	23	4.3
1527284925.53	4300	59.99867	0.0	1919781	23	4.3
1527284929.7	4300	59.998844	0.0	2147467	26	4.3
1527284933.85	4300	59.998217	0.0	2133870	18	4.3
1527284937.57	4300	59.99872	0.0	2146120	24	4.3
1527284941.73	4300	59.99867	0.0	2108491	25	4.3
1527284945.9	4300	59.74931	0.0	2184571	25	4.3
1527284950.05	4300	59.499238	0.0	2121928	18	4.3
1527284953.71	4300	59.748849	0.0	2219102	26	4.3
1527284957.87	4300	59.999196	0.0	2124950	25	4.3
1527284961.52	4300	59.998833	0.0	2246506	22	4.3
1527284966.15	4300	59.498923	0.0	1961140	16	4.3
1527284969.78	4300	59.74865	0.0	2155012	24	4.3
1527284971.89	4300	59.678344	0.0	1433658	12	4.3

1527284972.19	750	4	0.014	668286	3	-0.06020000000000003
1527284972.35	4300	7.951112	0.0	2123065	20	0.75
1527284972.5	4300	11.800344	0.0	2177073	19	4.3
1527284972.65	4300	15.650342	0.0	2160877	20	4.3
1527284972.8	4300	19.504721	0.0	2233056	23	4.3
1527284972.93	4300	23.372704	0.0	1941625	14	4.3
1527284973.06	4300	27.242823	0.0	2157535	15	4.3
1527284973.18	4300	31.123715	0.0	2290172	9	4.3
1527284973.29	4300	35.005954	0.0	2055469	8	4.3
1527284973.41	4300	38.885134	0.0	2169201	8	4.3
1527284973.53	4300	42.764573	0.0	2173522	9	4.3
1527284973.69	4300	46.614754	0.0	2102452	24	4.3
1527284973.84	4300	50.463402	0.0	2209463	24	4.3
1527284973.99	4300	54.313043	0.0	2275376	24	4.3
1527284974.15	4300	58.148665	0.0	2005399	41	4.3
1527284976.79	4300	59.748876	0.0	2152483	15	4.3
1527284980.45	4300	59.998555	0.0	2289689	22	4.3
1527284984.6	4300	59.747799	0.0	2059512	23	4.3
1527284988.77	4300	59.748959	0.0	2220726	25	4.3
1527284992.93	4300	59.749071	0.0	2156729	24	4.3
1527284996.6	4300	59.998377	0.0	2039773	22	4.3
1527285000.75	4300	59.99855	0.0	2176469	20	4.3
1527285004.42	4300	59.999207	0.0	2221506	25	4.3
1527285008.57	4300	59.999295	0.0	2044075	22	4.3
1527285012.74	4300	59.749259	0.0	2186790	24	4.3
1527285016.41	4300	59.998406	0.0	2105231	23	4.3
1527285020.6	4300	59.749095	0.0	2395588	16	4.3
1527285024.76	4300	59.749341	0.0	1972048	15	4.3
1527285028.41	4300	59.997866	0.0	2134614	23	4.3
1527285032.58	4300	59.749093	0.0	2164140	24	4.3
1527285036.74	4300	59.747923	0.0	2113193	24	4.3
1527285040.4	4300	59.999326	0.0	2147852	20	4.3
1527285045.05	4300	59.498997	0.0	2191074	20	4.3
1527285048.72	4300	59.998022	0.0	2286761	25	4.3
1527285052.38	4300	59.998274	0.0	2307787	26	4.3
1527285056.54	4300	59.999232	0.0	2143948	23	4.3
1527285060.69	4300	59.748754	0.0	1919781	18	4.3
1527285064.35	4300	59.998788	0.0	2147467	23	4.3
1527285068.51	4300	59.999481	0.0	2133870	23	4.3
1527285072.66	4300	59.998907	0.0	2146120	20	4.3
1527285076.32	4300	59.999171	0.0	2108491	24	4.3
1527285080.99	4300	59.498358	0.0	2184571	25	4.3
