1527211303.13	750	4	0.03	2354772	11	-0.129
1527211303.2	4300	7.987403	0.0	2123065	6	0.75
1527211303.31	4300	11.882724	0.0	2177073	22	4.3
1527211303.41	4300	15.77665	0.0	2160877	24	4.3
1527211303.5	4300	19.686501	0.0	2233056	12	4.3
1527211303.58	4300	23.601626	0.0	1941625	13	4.3
1527211303.68	4300	27.502105	0.0	2157535	23	4.3
1527211303.78	4300	31.40952	0.0	2290172	15	4.3
1527211303.87	4300	35.318166	0.0	2055469	17	4.3
1527211303.96	4300	39.22274	0.0	2169201	18	4.3
1527211304.06	4300	43.130903	0.0	2173522	18	4.3
1527211304.13	4300	47.05187	0.0	2102452	10	4.3
1527211304.21	4300	50.977075	0.0	2209463	9	4.3
1527211304.29	4300	54.893103	0.0	2275376	10	4.3
1527211304.37	4300	58.816241	0.0	2005399	5	4.3
1527211307.46	4300	59.749118	0.0	2152483	6	4.3
1527211311.63	4300	59.748922	0.0	2289689	21	4.3
1527211315.55	4300	59.998949	0.0	2059512	20	4.3
1527211319.64	4300	59.74956	0.0	2220726	22	4.3
1527211323.24	4300	59.998055	0.0	2156729	21	4.3
1527211327.35	4300	59.998897	0.0	2039773	18	4.3
1527211331.46	4300	59.749048	0.0	2176469	21	4.3
1527211335.58	4300	59.998197	0.0	2221506	24	4.3
1527211339.19	4300	59.999256	0.0	2044075	23	4.3
1527211343.3	4300	59.999172	0.0	2186790	27	4.3
1527211347.43	4300	59.997859	0.0	2105231	23	4.3
1527211351.55	4300	59.748134	0.0	2395588	26	4.3
1527211355.64	4300	59.74772	0.0	1972048	14	4.3
1527211359.25	4300	59.999096	0.0	2134614	18	4.3
1527211363.37	4300	59.998051	0.0	2164140	25	4.3
1527211367.48	4300	59.998612	0.0	2113193	23	4.3
1527211371.59	4300	59.747383	0.0	2147852	24	4.3
1527211375.21	4300	59.999198	0.0	2191074	26	4.3
1527211379.83	4300	59.498283	0.0	2286761	28	4.3
1527211383.45	4300	59.747447	0.0	2307787	27	4.3
1527211387.56	4300	59.749029	0.0	2143948	16	4.3
1527211391.67	4300	59.749301	0.0	1919781	16	4.3
1527211395.27	4300	59.99907	0.0	2147467	21	4.3
1527211399.91	4300	59.498261	0.0	2133870	47	4.3
1527211403.61	4300	59.998936	0.0	2146120	26	4.3
1527211407.71	4300	59.499194	0.0	2108491	16	4.3
1527211411.3	4300	59.998535	0.0	2184571	16	4.3
1527211415.42	4300	59.998432	0.0	2121928	25	4.3
1527211419.53	4300	59.748371	0.0	2219102	25	4.3
1527211423.64	4300	59.99754	0.0	2124950	25	4.3
1527211427.26	4300	59.998632	0.0	2246506	20	4.3
1527211431.37	4300	59.998926	0.0	1961140	23	4.3
1527211435.49	4300	59.99819	0.0	2155012	24	4.3
1527211437.59	4300	59.427703	0.0	1433658	15	4.3

1527211437.88	750	4	0.026	2354772	8	-0.11180000000000001
1527211437.99	4300	7.958332	0.0	2123065	23	0.75
1527211438.08	4300	11.867255	0.0	2177073	27	4.3
1527211438.17	4300	15.769517	0.0	2160877	21	4.3
1527211438.26	4300	19.682974	0.0	2233056	13	4.3
1527211438.34	4300	23.600424	0.0	1941625	13	4.3
1527211438.41	4300	27.529262	0.0	2157535	9	4.3
1527211438.49	4300	31.454971	0.0	2290172	9	4.3
1527211438.56	4300	35.382335	0.0	2055469	9	4.3
1527211438.63	4300	39.309072	0.0	2169201	8	4.3
1527211438.71	4300	43.23438	0.0	2173522	8	4.3
1527211438.8	4300	47.145875	0.0	2102452	18	4.3
1527211438.88	4300	51.06756	0.0	2209463	11	4.3
1527211438.96	4300	54.986382	0.0	2275376	13	4.3
1527211439.04	4300	58.908158	0.0	2005399	11	4.3
1527211442.62	4300	59.499272	0.0	2152483	12	4.3
1527211446.24	4300	59.748674	0.0	2289689	26	4.3
1527211450.35	4300	59.999229	0.0	2059512	19	4.3
1527211453.96	4300	59.998863	0.0	2220726	23	4.3
1527211458.07	4300	59.998596	0.0	2156729	24	4.3
1527211462.19	4300	59.999373	0.0	2039773	22	4.3
1527211466.3	4300	59.74892	0.0	2176469	24	4.3
1527211470.41	4300	59.999009	0.0	2221506	26	4.3
1527211474.52	4300	59.749205	0.0	2044075	24	4.3
1527211478.13	4300	59.999411	0.0	2186790	25	4.3
1527211482.24	4300	59.748484	0.0	2105231	20	4.3
1527211486.36	4300	59.997639	0.0	2395588	22	4.3
1527211490.12	4300	59.999445	0.0	1972048	23	4.3
1527211494.25	4300	59.997787	0.0	2134614	25	4.3
1527211498.37	4300	59.748059	0.0	2164140	24	4.3
1527211501.98	4300	59.998127	0.0	2113193	26	4.3
1527211506.59	4300	59.498853	0.0	2147852	23	4.3
1527211510.2	4300	59.997573	0.0	2191074	27	4.3
1527211514.3	4300	59.749057	0.0	2286761	22	4.3
1527211518.41	4300	59.748244	0.0	2307787	25	4.3
1527211522.02	4300	59.998878	0.0	2143948	24	4.3
1527211526.64	4300	59.748215	0.0	1919781	21	4.3
1527211530.24	4300	59.99767	0.0	2147467	22	4.3
1527211534.35	4300	59.74908	0.0	2133870	19	4.3
1527211537.96	4300	59.998382	0.0	2146120	23	4.3
1527211542.07	4300	59.998402	0.0	2108491	25	4.3
1527211546.69	4300	59.497696	0.0	2184571	25	4.3
1527211550.3	4300	59.748166	0.0	2121928	24	4.3
1527211554.41	4300	59.749282	0.0	2219102	25	4.3
1527211558.53	4300	59.498622	0.0	2124950	24	4.3
1527211562.13	4300	59.997924	0.0	2246506	21	4.3
1527211566.24	4300	59.999055	0.0	1961140	18	4.3
1527211570.34	4300	59.749174	0.0	2155012	14	4.3
1527211572.02	4300	59.929461	0.0	1433658	17	4.3

1527211572.41	750	4	0.015	450283	2	-0.0645
1527211572.53	4300	7.94093	0.0	2123065	20	0.75
1527211572.65	4300	11.838469	0.0	2177073	14	4.3
1527211572.72	4300	15.749626	0.0	2160877	8	4.3
1527211572.82	4300	19.654793	0.0	2233056	20	4.3
1527211572.9	4300	23.575512	0.0	1941625	11	4.3
1527211573.0	4300	27.490236	0.0	2157535	11	4.3
1527211573.08	4300	31.391146	0.0	2290172	13	4.3
1527211573.16	4300	35.312165	0.0	2055469	11	4.3
1527211573.24	4300	39.23286	0.0	2169201	12	4.3
1527211573.32	4300	43.151549	0.0	2173522	11	4.3
1527211573.42	4300	47.054097	0.0	2102452	21	4.3
1527211573.51	4300	50.96414	0.0	2209463	15	4.3
1527211573.6	4300	54.872993	0.0	2275376	16	4.3
1527211573.69	4300	58.786314	0.0	2005399	14	4.3
1527211576.79	4300	59.749277	0.0	2152483	15	4.3
1527211580.94	4300	59.748943	0.0	2289689	26	4.3
1527211584.65	4300	59.998026	0.0	2059512	22	4.3
1527211588.77	4300	59.747992	0.0	2220726	25	4.3
1527211592.88	4300	59.748871	0.0	2156729	22	4.3
1527211596.49	4300	59.999456	0.0	2039773	24	4.3
1527211601.11	4300	59.749164	0.0	2176469	26	4.3
1527211604.73	4300	59.998321	0.0	2221506	25	4.3
1527211608.84	4300	59.749051	0.0	2044075	24	4.3
1527211612.95	4300	59.748599	0.0	2186790	22	4.3
1527211617.06	4300	59.748452	0.0	2105231	22	4.3
1527211621.17	4300	59.499031	0.0	2395588	15	4.3
1527211624.78	4300	59.998043	0.0	1972048	10	4.3
1527211628.9	4300	59.748414	0.0	2134614	25	4.3
1527211633.02	4300	59.498032	0.0	2164140	22	4.3
1527211637.13	4300	59.749117	0.0	2113193	23	4.3
1527211640.74	4300	59.749123	0.0	2147852	21	4.3
1527211644.85	4300	59.749362	0.0	2191074	20	4.3
1527211648.97	4300	59.74971	0.0	2286761	27	4.3
1527211652.58	4300	59.99837	0.0	2307787	25	4.3
