1527191519.15	750	4	0.03	2354772	8	-0.129
1527191519.28	4300	7.871518	0.0	2123065	22	0.75
1527191519.36	4300	11.78869	0.0	2177073	13	4.3
1527191519.46	4300	15.689455	0.0	2160877	19	4.3
1527191519.55	4300	19.605724	0.0	2233056	12	4.3
1527191519.63	4300	23.52295	0.0	1941625	10	4.3
1527191519.71	4300	27.438659	0.0	2157535	13	4.3
1527191519.79	4300	31.354876	0.0	2290172	14	4.3
1527191519.88	4300	35.274008	0.0	2055469	12	4.3
1527191519.96	4300	39.19164	0.0	2169201	14	4.3
1527191520.04	4300	43.111147	0.0	2173522	13	4.3
1527191520.12	4300	47.028643	0.0	2102452	13	4.3
1527191520.2	4300	50.94607	0.0	2209463	13	4.3
1527191520.32	4300	54.830915	0.0	2275376	40	4.3
1527191520.41	4300	58.73834	0.0	2005399	22	4.3
1527191523.52	4300	59.998702	0.0	2152483	20	4.3
1527191527.64	4300	59.747832	0.0	2289689	25	4.3
1527191531.25	4300	59.999349	0.0	2059512	22	4.3
1527191535.36	4300	59.998878	0.0	2220726	20	4.3
1527191539.48	4300	59.747851	0.0	2156729	23	4.3
1527191543.6	4300	59.748801	0.0	2039773	23	4.3
1527191547.71	4300	59.499133	0.0	2176469	23	4.3
1527191551.82	4300	59.499084	0.0	2221506	23	4.3
1527191555.43	4300	59.74915	0.0	2044075	22	4.3
1527191559.54	4300	59.99905	0.0	2186790	24	4.3
1527191563.16	4300	59.998568	0.0	2105231	24	4.3
1527191567.27	4300	59.998551	0.0	2395588	23	4.3
1527191571.43	4300	59.998658	0.0	1972048	20	4.3
1527191575.55	4300	59.748687	0.0	2134614	23	4.3
1527191579.67	4300	59.637973	0.0	2164140	22	4.3
1527191583.27	4300	59.999244	0.0	2113193	19	4.3
1527191587.39	4300	59.998888	0.0	2147852	24	4.3
1527191591.51	4300	59.999077	0.0	2191074	25	4.3
1527191595.62	4300	59.997716	0.0	2286761	25	4.3
1527191599.23	4300	59.997332	0.0	2307787	22	4.3
1527191603.35	4300	59.998129	0.0	2143948	24	4.3
1527191607.46	4300	59.748415	0.0	1919781	22	4.3
1527191611.56	4300	59.749072	0.0	2147467	11	4.3
1527191615.67	4300	59.498573	0.0	2133870	21	4.3
1527191619.27	4300	59.997977	0.0	2146120	20	4.3
1527191623.89	4300	59.497348	0.0	2108491	23	4.3
1527191627.51	4300	59.997683	0.0	2184571	24	4.3
1527191631.63	4300	59.99783	0.0	2121928	20	4.3
1527191635.74	4300	59.748556	0.0	2219102	21	4.3
1527191639.35	4300	59.999204	0.0	2124950	18	4.3
1527191643.46	4300	59.997225	0.0	2246506	25	4.3
1527191647.64	4300	59.748539	0.0	1961140	22	4.3
1527191651.24	4300	59.999119	0.0	2155012	14	4.3
1527191653.34	4300	59.677962	0.0	1433658	17	4.3

1527191653.6	750	4	0.016	668286	4	-0.06879999999999997
1527191653.68	4300	7.981129	0.0	2123065	8	0.75
1527191653.76	4300	11.894371	0.0	2177073	17	4.3
1527191653.84	4300	15.819035	0.0	2160877	10	4.3
1527191653.93	4300	19.735879	0.0	2233056	13	4.3
1527191654.05	4300	23.617932	0.0	1941625	18	4.3
1527191654.14	4300	27.518842	0.0	2157535	15	4.3
1527191654.23	4300	31.43144	0.0	2290172	15	4.3
1527191654.31	4300	35.347841	0.0	2055469	13	4.3
1527191654.4	4300	39.261418	0.0	2169201	15	4.3
1527191654.48	4300	43.177052	0.0	2173522	15	4.3
1527191654.57	4300	47.094199	0.0	2102452	14	4.3
1527191654.64	4300	51.020791	0.0	2209463	8	4.3
1527191654.71	4300	54.948496	0.0	2275376	7	4.3
1527191654.79	4300	58.870362	0.0	2005399	13	4.3
1527191657.89	4300	59.999431	0.0	2152483	7	4.3
1527191661.98	4300	59.749529	0.0	2289689	13	4.3
1527191666.09	4300	59.748675	0.0	2059512	24	4.3
1527191670.2	4300	59.498677	0.0	2220726	24	4.3
1527191674.32	4300	59.747917	0.0	2156729	25	4.3
1527191677.92	4300	59.998868	0.0	2039773	18	4.3
1527191682.03	4300	59.747796	0.0	2176469	19	4.3
1527191686.15	4300	59.998716	0.0	2221506	24	4.3
1527191689.76	4300	59.997999	0.0	2044075	23	4.3
1527191693.87	4300	59.998955	0.0	2186790	21	4.3
1527191697.98	4300	59.998815	0.0	2105231	23	4.3
1527191702.1	4300	59.748305	0.0	2395588	26	4.3
1527191705.7	4300	59.998852	0.0	1972048	20	4.3
1527191710.3	4300	59.747634	0.0	2134614	14	4.3
1527191713.91	4300	59.999239	0.0	2164140	25	4.3
1527191718.02	4300	59.749501	0.0	2113193	21	4.3
1527191722.13	4300	59.998692	0.0	2147852	25	4.3
1527191726.24	4300	59.748075	0.0	2191074	24	4.3
1527191729.92	4300	59.999236	0.0	2286761	19	4.3
1527191734.06	4300	59.748935	0.0	2307787	26	4.3
1527191738.18	4300	59.748046	0.0	2143948	24	4.3
1527191741.78	4300	59.999035	0.0	1919781	22	4.3
1527191745.89	4300	59.998908	0.0	2147467	22	4.3
1527191750.0	4300	59.748511	0.0	2133870	21	4.3
1527191754.11	4300	59.748674	0.0	2146120	21	4.3
1527191757.72	4300	59.998114	0.0	2108491	21	4.3
1527191761.83	4300	59.999024	0.0	2184571	19	4.3
1527191765.96	4300	59.997948	0.0	2121928	23	4.3
1527191770.07	4300	59.749378	0.0	2219102	25	4.3
1527191773.69	4300	59.997633	0.0	2124950	17	4.3
1527191777.81	4300	59.998897	0.0	2246506	25	4.3
1527191781.92	4300	59.748763	0.0	1961140	22	4.3
1527191786.02	4300	59.749066	0.0	2155012	23	4.3
1527191788.12	4300	59.678686	0.0	1433658	17	4.3

1527191788.42	750	4	0.018	668286	1	-0.07740000000000002
1527191788.53	4300	7.950592	0.0	2123065	21	0.75
1527191788.61	4300	11.870001	0.0	2177073	13	4.3
1527191788.68	4300	15.794165	0.0	2160877	9	4.3
1527191788.77	4300	19.710573	0.0	2233056	12	4.3
1527191788.85	4300	23.623795	0.0	1941625	15	4.3
1527191788.93	4300	27.547523	0.0	2157535	10	4.3
1527191789.01	4300	31.470928	0.0	2290172	11	4.3
1527191789.08	4300	35.395122	0.0	2055469	9	4.3
1527191789.16	4300	39.319383	0.0	2169201	10	4.3
1527191789.23	4300	43.243528	0.0	2173522	9	4.3
1527191789.31	4300	47.168525	0.0	2102452	10	4.3
1527191789.41	4300	51.070565	0.0	2209463	21	4.3
1527191789.5	4300	54.98338	0.0	2275376	16	4.3
1527191789.6	4300	58.876292	0.0	2005399	35	4.3
1527191793.21	4300	59.498009	0.0	2152483	25	4.3
1527191796.82	4300	59.74926	0.0	2289689	22	4.3
1527191800.93	4300	59.747656	0.0	2059512	22	4.3
1527191804.55	4300	59.999429	0.0	2220726	26	4.3
1527191808.66	4300	59.999131	0.0	2156729	23	4.3
1527191812.76	4300	59.748943	0.0	2039773	20	4.3
1527191816.88	4300	59.748639	0.0	2176469	21	4.3
1527191820.49	4300	59.99801	0.0	2221506	22	4.3
1527191824.6	4300	59.998734	0.0	2044075	23	4.3
1527191828.71	4300	59.997727	0.0	2186790	25	4.3
1527191832.83	4300	59.748823	0.0	2105231	24	4.3
1527191836.95	4300	59.749546	0.0	2395588	28	4.3
1527191840.55	4300	59.998415	0.0	1972048	21	4.3
1527191845.16	4300	59.748597	0.0	2134614	19	4.3
