1527219987.8	750	4	0.018	450283	3	-0.07740000000000002
1527219987.88	4300	7.979315	0.0	2123065	7	0.75
1527219987.95	4300	11.910964	0.0	2177073	7	4.3
1527219988.02	4300	15.840996	0.0	2160877	8	4.3
1527219988.09	4300	19.772165	0.0	2233056	8	4.3
1527219988.16	4300	23.704403	0.0	1941625	5	4.3
1527219988.22	4300	27.63417	0.0	2157535	8	4.3
1527219988.29	4300	31.564665	0.0	2290172	7	4.3
1527219988.36	4300	35.497039	0.0	2055469	6	4.3
1527219988.43	4300	39.42891	0.0	2169201	7	4.3
1527219988.5	4300	43.359372	0.0	2173522	8	4.3
1527219988.57	4300	47.291011	0.0	2102452	8	4.3
1527219988.64	4300	51.22289	0.0	2209463	8	4.3
1527219988.71	4300	55.152435	0.0	2275376	8	4.3
1527219988.77	4300	59.085293	0.0	2005399	6	4.3
1527219991.99	4300	59.998016	0.0	2152483	25	4.3
1527219996.66	4300	59.74901	0.0	2289689	21	4.3
1527220000.27	4300	59.749058	0.0	2059512	23	4.3
1527220004.39	4300	59.499253	0.0	2220726	26	4.3
1527220008.51	4300	59.74923	0.0	2156729	25	4.3
1527220012.12	4300	59.99813	0.0	2039773	23	4.3
1527220016.22	4300	59.99906	0.0	2176469	23	4.3
1527220020.33	4300	59.999269	0.0	2221506	24	4.3
1527220023.94	4300	59.999365	0.0	2044075	24	4.3
1527220028.55	4300	59.747973	0.0	2186790	21	4.3
1527220032.16	4300	59.748678	0.0	2105231	22	4.3
1527220036.27	4300	59.749056	0.0	2395588	24	4.3
1527220040.38	4300	59.498589	0.0	1972048	17	4.3
1527220043.99	4300	59.998684	0.0	2134614	23	4.3
1527220048.11	4300	59.99786	0.0	2164140	25	4.3
1527220052.22	4300	59.749487	0.0	2113193	24	4.3
1527220056.33	4300	59.749477	0.0	2147852	23	4.3
1527220059.94	4300	59.997608	0.0	2191074	26	4.3
1527220064.05	4300	59.998725	0.0	2286761	21	4.3
1527220068.21	4300	59.748296	0.0	2307787	23	4.3
1527220072.42	4300	59.747818	0.0	2143948	25	4.3
1527220076.52	4300	59.497964	0.0	1919781	22	4.3
1527220080.13	4300	59.997769	0.0	2147467	24	4.3
1527220084.25	4300	59.998524	0.0	2133870	21	4.3
1527220087.87	4300	59.998502	0.0	2146120	24	4.3
1527220091.97	4300	59.998644	0.0	2108491	23	4.3
1527220096.59	4300	59.498507	0.0	2184571	24	4.3
1527220100.2	4300	59.998426	0.0	2121928	25	4.3
1527220104.31	4300	59.748735	0.0	2219102	23	4.3
1527220108.43	4300	59.498543	0.0	2124950	18	4.3
1527220112.55	4300	59.747862	0.0	2246506	23	4.3
1527220116.16	4300	59.748011	0.0	1961140	22	4.3
1527220120.26	4300	59.99872	0.0	2155012	21	4.3
1527220121.86	4300	59.929073	0.0	1433658	17	4.3

1527220122.13	750	4	0.029	2354772	8	-0.12470000000000003
1527220122.23	4300	7.963655	0.0	2123065	21	0.75
1527220122.34	4300	11.857448	0.0	2177073	23	4.3
1527220122.43	4300	15.759108	0.0	2160877	24	4.3
1527220122.52	4300	19.674589	0.0	2233056	16	4.3
1527220122.59	4300	23.604535	0.0	1941625	8	4.3
1527220122.66	4300	27.532857	0.0	2157535	8	4.3
1527220122.73	4300	31.460323	0.0	2290172	9	4.3
1527220122.8	4300	35.389768	0.0	2055469	8	4.3
1527220122.87	4300	39.317348	0.0	2169201	9	4.3
1527220122.95	4300	43.245722	0.0	2173522	9	4.3
1527220123.02	4300	47.17458	0.0	2102452	9	4.3
1527220123.1	4300	51.090813	0.0	2209463	20	4.3
1527220123.17	4300	55.017574	0.0	2275376	9	4.3
1527220123.24	4300	58.947792	0.0	2005399	8	4.3
1527220126.33	4300	59.99825	0.0	2152483	9	4.3
1527220130.44	4300	59.997771	0.0	2289689	23	4.3
1527220134.55	4300	59.998684	0.0	2059512	21	4.3
1527220138.66	4300	59.748829	0.0	2220726	21	4.3
1527220142.27	4300	59.999254	0.0	2156729	20	4.3
1527220146.88	4300	59.497463	0.0	2039773	22	4.3
1527220150.49	4300	59.748688	0.0	2176469	22	4.3
1527220154.61	4300	59.999156	0.0	2221506	20	4.3
1527220158.72	4300	59.498711	0.0	2044075	23	4.3
1527220162.33	4300	59.9994	0.0	2186790	24	4.3
1527220166.44	4300	59.999273	0.0	2105231	21	4.3
1527220170.55	4300	59.998599	0.0	2395588	24	4.3
1527220174.66	4300	59.749384	0.0	1972048	20	4.3
1527220178.27	4300	59.998671	0.0	2134614	24	4.3
1527220182.38	4300	59.844719	0.0	2164140	21	4.3
1527220186.49	4300	59.74887	0.0	2113193	23	4.3
1527220190.61	4300	59.748474	0.0	2147852	23	4.3
1527220194.23	4300	59.998103	0.0	2191074	25	4.3
1527220198.34	4300	59.999156	0.0	2286761	22	4.3
1527220202.46	4300	59.748059	0.0	2307787	27	4.3
1527220206.57	4300	59.747671	0.0	2143948	25	4.3
1527220210.74	4300	59.748616	0.0	1919781	21	4.3
1527220214.83	4300	59.499065	0.0	2147467	14	4.3
1527220218.44	4300	59.997804	0.0	2133870	20	4.3
1527220222.56	4300	59.747993	0.0	2146120	24	4.3
1527220226.67	4300	59.748727	0.0	2108491	24	4.3
1527220230.79	4300	59.496691	0.0	2184571	24	4.3
1527220234.4	4300	59.998784	0.0	2121928	22	4.3
1527220238.52	4300	59.749108	0.0	2219102	26	4.3
1527220242.64	4300	59.998244	0.0	2124950	26	4.3
1527220246.75	4300	59.498644	0.0	2246506	12	4.3
1527220250.37	4300	59.997248	0.0	1961140	20	4.3
1527220254.49	4300	59.74858	0.0	2155012	24	4.3
1527220256.58	4300	59.678403	0.0	1433658	15	4.3

1527220256.84	750	4	0.028	2354772	7	-0.12039999999999995
1527220256.95	4300	7.954861	0.0	2123065	25	0.75
1527220257.03	4300	11.874944	0.0	2177073	11	4.3
1527220257.13	4300	15.776898	0.0	2160877	20	4.3
1527220257.22	4300	19.681666	0.0	2233056	19	4.3
1527220257.32	4300	23.586658	0.0	1941625	21	4.3
1527220257.4	4300	27.503234	0.0	2157535	15	4.3
1527220257.5	4300	31.407294	0.0	2290172	26	4.3
1527220257.58	4300	35.324644	0.0	2055469	13	4.3
1527220257.65	4300	39.250432	0.0	2169201	8	4.3
1527220257.73	4300	43.177407	0.0	2173522	9	4.3
1527220257.81	4300	47.095255	0.0	2102452	13	4.3
1527220257.91	4300	50.993287	0.0	2209463	31	4.3
1527220257.98	4300	54.923738	0.0	2275376	8	4.3
1527220258.05	4300	58.856067	0.0	2005399	6	4.3
1527220261.14	4300	59.998798	0.0	2152483	13	4.3
1527220265.25	4300	59.748205	0.0	2289689	26	4.3
1527220269.36	4300	59.748835	0.0	2059512	23	4.3
1527220273.47	4300	59.499106	0.0	2220726	26	4.3
1527220277.05	4300	59.998968	0.0	2156729	7	4.3
1527220281.16	4300	59.749189	0.0	2039773	20	4.3
1527220285.27	4300	59.749264	0.0	2176469	22	4.3
1527220289.44	4300	59.749463	0.0	2221506	21	4.3
1527220293.05	4300	59.998852	0.0	2044075	24	4.3
1527220297.16	4300	59.748693	0.0	2186790	21	4.3
1527220301.26	4300	59.99864	0.0	2105231	19	4.3
1527220305.37	4300	59.74807	0.0	2395588	22	4.3
1527220309.48	4300	59.748393	0.0	1972048	20	4.3
1527220313.59	4300	59.499271	0.0	2134614	23	4.3
1527220317.2	4300	59.745676	0.0	2164140	21	4.3
1527220321.32	4300	59.747807	0.0	2113193	25	4.3
1527220324.93	4300	59.997529	0.0	2147852	25	4.3
1527220329.05	4300	59.997523	0.0	2191074	22	4.3
1527220333.29	4300	59.998342	0.0	2286761	27	4.3
1527220337.41	4300	59.998503	0.0	2307787	26	4.3
1527220341.03	4300	59.999455	0.0	2143948	24	4.3
1527220345.64	4300	59.497448	0.0	1919781	23	4.3
