1527248041.39	750	4	0.031	2354772	10	-0.13329999999999997
1527248041.51	4300	7.969034	0.0	2123065	17	0.75
1527248041.62	4300	11.862981	0.0	2177073	24	4.3
1527248041.7	4300	15.773848	0.0	2160877	15	4.3
1527248041.79	4300	19.685821	0.0	2233056	12	4.3
1527248041.86	4300	23.617396	0.0	1941625	6	4.3
1527248041.93	4300	27.544305	0.0	2157535	8	4.3
1527248042.01	4300	31.472969	0.0	2290172	7	4.3
1527248042.08	4300	35.400354	0.0	2055469	7	4.3
1527248042.15	4300	39.329916	0.0	2169201	7	4.3
1527248042.22	4300	43.257592	0.0	2173522	6	4.3
1527248042.29	4300	47.185581	0.0	2102452	8	4.3
1527248042.36	4300	51.113694	0.0	2209463	8	4.3
1527248042.44	4300	55.039485	0.0	2275376	7	4.3
1527248042.54	4300	58.954806	0.0	2005399	5	4.3
1527248046.12	4300	59.49902	0.0	2152483	7	4.3
1527248049.75	4300	59.9979	0.0	2289689	26	4.3
1527248053.86	4300	59.748735	0.0	2059512	22	4.3
1527248057.96	4300	59.74926	0.0	2220726	17	4.3
1527248061.57	4300	59.999074	0.0	2156729	22	4.3
1527248065.68	4300	59.999014	0.0	2039773	20	4.3
1527248069.91	4300	59.747662	0.0	2176469	22	4.3
1527248074.17	4300	59.499331	0.0	2221506	25	4.3
1527248077.78	4300	59.998578	0.0	2044075	19	4.3
1527248081.9	4300	59.747717	0.0	2186790	23	4.3
1527248086.01	4300	59.497714	0.0	2105231	25	4.3
1527248089.63	4300	59.997916	0.0	2395588	25	4.3
1527248093.73	4300	59.747647	0.0	1972048	17	4.3
1527248097.85	4300	59.998859	0.0	2134614	19	4.3
1527248101.97	4300	59.74905	0.0	2164140	24	4.3
1527248105.58	4300	59.999159	0.0	2113193	23	4.3
1527248109.69	4300	59.99933	0.0	2147852	20	4.3
1527248113.81	4300	59.748869	0.0	2191074	21	4.3
1527248117.93	4300	59.748217	0.0	2286761	27	4.3
1527248121.54	4300	59.998119	0.0	2307787	25	4.3
1527248125.65	4300	59.998436	0.0	2143948	20	4.3
1527248129.76	4300	59.748025	0.0	1919781	19	4.3
1527248133.85	4300	59.748979	0.0	2147467	14	4.3
1527248137.97	4300	59.74796	0.0	2133870	25	4.3
1527248141.58	4300	59.99776	0.0	2146120	25	4.3
1527248145.69	4300	59.997757	0.0	2108491	20	4.3
1527248149.81	4300	59.748121	0.0	2184571	22	4.3
1527248153.93	4300	59.997621	0.0	2121928	24	4.3
1527248157.55	4300	59.997554	0.0	2219102	27	4.3
1527248161.66	4300	59.997852	0.0	2124950	18	4.3
1527248165.78	4300	59.999121	0.0	2246506	25	4.3
1527248169.93	4300	59.747509	0.0	1961140	22	4.3
1527248173.54	4300	59.998823	0.0	2155012	23	4.3
1527248175.65	4300	59.678442	0.0	1433658	16	4.3

1527248175.95	750	4	0.02	668286	2	-0.08599999999999997
1527248176.03	4300	7.979916	0.0	2123065	7	0.75
1527248176.13	4300	11.885357	0.0	2177073	17	4.3
1527248176.23	4300	15.784017	0.0	2160877	18	4.3
1527248176.32	4300	19.690054	0.0	2233056	20	4.3
1527248176.4	4300	23.614327	0.0	1941625	9	4.3
1527248176.48	4300	27.535418	0.0	2157535	10	4.3
1527248176.56	4300	31.455091	0.0	2290172	11	4.3
1527248176.64	4300	35.374633	0.0	2055469	9	4.3
1527248176.72	4300	39.294047	0.0	2169201	11	4.3
1527248176.8	4300	43.215159	0.0	2173522	11	4.3
1527248176.89	4300	47.125403	0.0	2102452	10	4.3
1527248176.97	4300	51.045786	0.0	2209463	11	4.3
1527248177.13	4300	54.880001	0.0	2275376	26	4.3
1527248177.24	4300	58.767944	0.0	2005399	30	4.3
1527248180.35	4300	59.997925	0.0	2152483	17	4.3
1527248184.46	4300	59.748973	0.0	2289689	23	4.3
1527248188.57	4300	59.497987	0.0	2059512	19	4.3
1527248192.19	4300	59.99834	0.0	2220726	24	4.3
1527248196.3	4300	59.748857	0.0	2156729	23	4.3
1527248200.41	4300	59.998312	0.0	2039773	22	4.3
1527248204.52	4300	59.748322	0.0	2176469	22	4.3
1527248208.13	4300	59.997625	0.0	2221506	22	4.3
1527248212.25	4300	59.99871	0.0	2044075	24	4.3
1527248216.37	4300	59.749389	0.0	2186790	25	4.3
1527248220.48	4300	59.998456	0.0	2105231	17	4.3
1527248224.09	4300	59.998575	0.0	2395588	22	4.3
1527248228.71	4300	59.499128	0.0	1972048	22	4.3
1527248232.32	4300	59.74922	0.0	2134614	18	4.3
1527248236.44	4300	59.686154	0.0	2164140	24	4.3
1527248240.05	4300	59.999326	0.0	2113193	23	4.3
1527248244.17	4300	59.998681	0.0	2147852	25	4.3
1527248248.29	4300	59.748442	0.0	2191074	26	4.3
1527248252.4	4300	59.998626	0.0	2286761	22	4.3
1527248256.51	4300	59.997915	0.0	2307787	23	4.3
1527248260.12	4300	59.99921	0.0	2143948	22	4.3
1527248264.74	4300	59.499052	0.0	1919781	22	4.3
1527248268.33	4300	59.74844	0.0	2147467	15	4.3
1527248272.45	4300	59.747859	0.0	2133870	21	4.3
1527248276.07	4300	59.998746	0.0	2146120	23	4.3
1527248280.18	4300	59.998643	0.0	2108491	23	4.3
1527248284.36	4300	59.748646	0.0	2184571	23	4.3
1527248288.48	4300	59.749262	0.0	2121928	18	4.3
1527248292.09	4300	59.998442	0.0	2219102	25	4.3
1527248296.21	4300	59.998008	0.0	2124950	23	4.3
1527248300.32	4300	59.748036	0.0	2246506	20	4.3
1527248304.43	4300	59.748855	0.0	1961140	19	4.3
1527248308.04	4300	59.997525	0.0	2155012	20	4.3
1527248310.14	4300	59.677567	0.0	1433658	17	4.3

1527248310.43	750	4	0.018	668286	2	-0.07740000000000002
1527248310.55	4300	7.949973	0.0	2123065	20	0.75
1527248310.63	4300	11.867682	0.0	2177073	12	4.3
1527248310.7	4300	15.79303	0.0	2160877	7	4.3
1527248310.77	4300	19.720487	0.0	2233056	8	4.3
1527248310.84	4300	23.650379	0.0	1941625	7	4.3
1527248310.92	4300	27.578595	0.0	2157535	8	4.3
1527248310.99	4300	31.506161	0.0	2290172	8	4.3
1527248311.06	4300	35.434435	0.0	2055469	7	4.3
1527248311.13	4300	39.360049	0.0	2169201	8	4.3
1527248311.21	4300	43.288287	0.0	2173522	8	4.3
1527248311.29	4300	47.200271	0.0	2102452	17	4.3
1527248311.4	4300	51.095049	0.0	2209463	23	4.3
1527248311.48	4300	55.013264	0.0	2275376	13	4.3
1527248311.57	4300	58.922605	0.0	2005399	20	4.3
1527248314.66	4300	59.998102	0.0	2152483	12	4.3
1527248318.78	4300	59.748247	0.0	2289689	26	4.3
1527248322.89	4300	59.74823	0.0	2059512	22	4.3
1527248327.06	4300	59.747655	0.0	2220726	26	4.3
1527248330.68	4300	59.999185	0.0	2156729	23	4.3
1527248334.78	4300	59.749485	0.0	2039773	21	4.3
1527248338.89	4300	59.748803	0.0	2176469	23	4.3
1527248343.01	4300	59.49846	0.0	2221506	25	4.3
1527248346.62	4300	59.998708	0.0	2044075	20	4.3
1527248351.24	4300	59.498614	0.0	2186790	24	4.3
1527248354.84	4300	59.998766	0.0	2105231	17	4.3
1527248358.97	4300	59.748412	0.0	2395588	31	4.3
1527248362.59	4300	59.998827	0.0	1972048	22	4.3
1527248367.21	4300	59.498103	0.0	2134614	23	4.3
