1527194458.88	750	4	0.03	2354772	7	-0.129
1527194459.01	4300	7.965131	0.0	2123065	22	0.75
1527194459.09	4300	11.88386	0.0	2177073	13	4.3
1527194459.17	4300	15.804205	0.0	2160877	12	4.3
1527194459.25	4300	19.72177	0.0	2233056	12	4.3
1527194459.33	4300	23.643367	0.0	1941625	11	4.3
1527194459.41	4300	27.560858	0.0	2157535	13	4.3
1527194459.5	4300	31.476547	0.0	2290172	13	4.3
1527194459.58	4300	35.393548	0.0	2055469	11	4.3
1527194459.66	4300	39.312723	0.0	2169201	12	4.3
1527194459.73	4300	43.240479	0.0	2173522	8	4.3
1527194459.81	4300	47.169217	0.0	2102452	8	4.3
1527194459.9	4300	51.076031	0.0	2209463	19	4.3
1527194459.99	4300	54.978043	0.0	2275376	18	4.3
1527194460.09	4300	58.885207	0.0	2005399	9	4.3
1527194463.2	4300	59.99935	0.0	2152483	25	4.3
1527194467.31	4300	59.998777	0.0	2289689	24	4.3
1527194471.42	4300	59.749527	0.0	2059512	21	4.3
1527194475.03	4300	59.999054	0.0	2220726	23	4.3
1527194479.14	4300	59.999111	0.0	2156729	19	4.3
1527194483.25	4300	59.998624	0.0	2039773	19	4.3
1527194487.36	4300	59.747979	0.0	2176469	20	4.3
1527194491.46	4300	59.748401	0.0	2221506	21	4.3
1527194495.58	4300	59.498012	0.0	2044075	22	4.3
1527194499.7	4300	59.499063	0.0	2186790	25	4.3
1527194503.32	4300	59.74887	0.0	2105231	24	4.3
1527194507.44	4300	59.748292	0.0	2395588	28	4.3
1527194511.05	4300	59.998891	0.0	1972048	23	4.3
1527194515.16	4300	59.999224	0.0	2134614	22	4.3
1527194519.28	4300	59.747729	0.0	2164140	22	4.3
1527194523.38	4300	59.998915	0.0	2113193	20	4.3
1527194526.99	4300	59.998539	0.0	2147852	23	4.3
1527194531.11	4300	59.997344	0.0	2191074	18	4.3
1527194535.73	4300	59.248689	0.0	2286761	25	4.3
1527194539.35	4300	59.74901	0.0	2307787	27	4.3
1527194543.46	4300	59.747439	0.0	2143948	22	4.3
1527194547.06	4300	59.998648	0.0	1919781	20	4.3
1527194551.25	4300	59.997678	0.0	2147467	17	4.3
1527194555.37	4300	59.748392	0.0	2133870	23	4.3
1527194559.48	4300	59.998449	0.0	2146120	22	4.3
1527194563.58	4300	59.498463	0.0	2108491	21	4.3
1527194567.7	4300	59.497806	0.0	2184571	23	4.3
1527194571.3	4300	59.747356	0.0	2121928	22	4.3
1527194575.42	4300	59.748905	0.0	2219102	18	4.3
1527194579.04	4300	59.99831	0.0	2124950	24	4.3
1527194583.16	4300	59.999258	0.0	2246506	22	4.3
1527194587.27	4300	59.998305	0.0	1961140	21	4.3
1527194591.39	4300	59.748894	0.0	2155012	24	4.3
1527194592.99	4300	59.928022	0.0	1433658	16	4.3

1527194593.28	750	4	0.018	668286	1	-0.07740000000000002
1527194593.4	4300	7.9632	0.0	2123065	14	0.75
1527194593.5	4300	11.844424	0.0	2177073	24	4.3
1527194593.59	4300	15.751183	0.0	2160877	16	4.3
1527194593.69	4300	19.657782	0.0	2233056	16	4.3
1527194593.78	4300	23.570086	0.0	1941625	12	4.3
1527194593.87	4300	27.476551	0.0	2157535	15	4.3
1527194593.96	4300	31.382466	0.0	2290172	18	4.3
1527194594.04	4300	35.30964	0.0	2055469	8	4.3
1527194594.11	4300	39.234484	0.0	2169201	8	4.3
1527194594.18	4300	43.160145	0.0	2173522	8	4.3
1527194594.28	4300	47.063548	0.0	2102452	22	4.3
1527194594.38	4300	50.965696	0.0	2209463	21	4.3
1527194594.49	4300	54.860568	0.0	2275376	26	4.3
1527194594.59	4300	58.75266	0.0	2005399	30	4.3
1527194597.7	4300	59.749137	0.0	2152483	19	4.3
1527194601.81	4300	59.74937	0.0	2289689	22	4.3
1527194605.41	4300	59.999472	0.0	2059512	19	4.3
1527194610.04	4300	59.498598	0.0	2220726	25	4.3
1527194613.64	4300	59.748318	0.0	2156729	17	4.3
1527194617.75	4300	59.998545	0.0	2039773	22	4.3
1527194621.37	4300	59.999281	0.0	2176469	25	4.3
1527194625.98	4300	59.748518	0.0	2221506	19	4.3
1527194629.59	4300	59.998595	0.0	2044075	24	4.3
1527194633.71	4300	59.749578	0.0	2186790	20	4.3
1527194637.83	4300	59.747861	0.0	2105231	23	4.3
1527194641.94	4300	59.497848	0.0	2395588	25	4.3
1527194645.52	4300	59.99938	0.0	1972048	7	4.3
1527194649.61	4300	59.748435	0.0	2134614	12	4.3
1527194653.73	4300	59.749328	0.0	2164140	25	4.3
1527194657.84	4300	59.748897	0.0	2113193	23	4.3
1527194661.95	4300	59.499256	0.0	2147852	23	4.3
1527194665.56	4300	59.999126	0.0	2191074	23	4.3
1527194669.69	4300	59.748729	0.0	2286761	24	4.3
1527194673.8	4300	59.748717	0.0	2307787	26	4.3
1527194677.92	4300	59.499094	0.0	2143948	20	4.3
1527194681.53	4300	59.99832	0.0	1919781	19	4.3
1527194685.64	4300	59.749005	0.0	2147467	24	4.3
1527194689.76	4300	59.998092	0.0	2133870	23	4.3
1527194693.38	4300	59.999119	0.0	2146120	23	4.3
1527194697.5	4300	59.998455	0.0	2108491	24	4.3
1527194701.61	4300	59.748313	0.0	2184571	26	4.3
1527194705.73	4300	59.998663	0.0	2121928	24	4.3
1527194709.84	4300	59.747788	0.0	2219102	20	4.3
1527194713.95	4300	59.67721	0.0	2124950	20	4.3
1527194717.56	4300	59.999124	0.0	2246506	21	4.3
1527194721.68	4300	59.747547	0.0	1961140	24	4.3
1527194725.79	4300	59.99757	0.0	2155012	24	4.3
1527194727.39	4300	59.678725	0.0	1433658	17	4.3

1527194727.67	750	4	0.016	668286	4	-0.06879999999999997
1527194727.75	4300	7.979798	0.0	2123065	7	0.75
1527194727.85	4300	11.879995	0.0	2177073	21	4.3
1527194727.94	4300	15.79209	0.0	2160877	15	4.3
1527194728.03	4300	19.697355	0.0	2233056	18	4.3
1527194728.11	4300	23.624332	0.0	1941625	8	4.3
1527194728.19	4300	27.537914	0.0	2157535	15	4.3
1527194728.28	4300	31.445689	0.0	2290172	18	4.3
1527194728.36	4300	35.37449	0.0	2055469	7	4.3
1527194728.45	4300	39.279224	0.0	2169201	18	4.3
1527194728.55	4300	43.184596	0.0	2173522	18	4.3
1527194728.64	4300	47.08932	0.0	2102452	18	4.3
1527194728.72	4300	51.009105	0.0	2209463	10	4.3
1527194728.8	4300	54.930469	0.0	2275376	10	4.3
1527194728.88	4300	58.847332	0.0	2005399	17	4.3
1527194731.97	4300	59.998871	0.0	2152483	9	4.3
1527194736.08	4300	59.748471	0.0	2289689	25	4.3
1527194740.19	4300	59.749399	0.0	2059512	22	4.3
1527194744.3	4300	59.4992	0.0	2220726	24	4.3
