1527145536.12	750	4	0.027	2354772	7	-0.11609999999999998
1527145536.19	4300	7.987276	0.0	2123065	7	0.75
1527145536.27	4300	11.90013	0.0	2177073	16	4.3
1527145536.36	4300	15.812921	0.0	2160877	17	4.3
1527145536.45	4300	19.720828	0.0	2233056	21	4.3
1527145536.52	4300	23.649161	0.0	1941625	9	4.3
1527145536.6	4300	27.575233	0.0	2157535	9	4.3
1527145536.67	4300	31.502426	0.0	2290172	10	4.3
1527145536.75	4300	35.425477	0.0	2055469	9	4.3
1527145536.82	4300	39.350948	0.0	2169201	10	4.3
1527145536.89	4300	43.276905	0.0	2173522	9	4.3
1527145536.97	4300	47.203147	0.0	2102452	9	4.3
1527145537.04	4300	51.130037	0.0	2209463	10	4.3
1527145537.12	4300	55.047974	0.0	2275376	10	4.3
1527145537.22	4300	58.954035	0.0	2005399	11	4.3
1527145540.8	4300	59.749129	0.0	2152483	7	4.3
1527145544.91	4300	59.747731	0.0	2289689	23	4.3
1527145548.52	4300	59.998986	0.0	2059512	22	4.3
1527145552.64	4300	59.749683	0.0	2220726	25	4.3
1527145556.75	4300	59.498506	0.0	2156729	25	4.3
1527145560.44	4300	59.998794	0.0	2039773	22	4.3
1527145564.54	4300	59.998533	0.0	2176469	19	4.3
1527145568.64	4300	59.748948	0.0	2221506	22	4.3
1527145572.25	4300	59.997856	0.0	2044075	21	4.3
1527145576.87	4300	59.747879	0.0	2186790	23	4.3
1527145580.47	4300	59.748705	0.0	2105231	18	4.3
1527145584.59	4300	59.749369	0.0	2395588	26	4.3
1527145588.21	4300	59.998586	0.0	1972048	22	4.3
1527145592.82	4300	59.749046	0.0	2134614	21	4.3
1527145596.43	4300	59.748701	0.0	2164140	25	4.3
1527145600.54	4300	59.998938	0.0	2113193	20	4.3
1527145604.65	4300	59.998582	0.0	2147852	19	4.3
1527145608.26	4300	59.999195	0.0	2191074	15	4.3
1527145612.37	4300	59.998588	0.0	2286761	25	4.3
1527145616.49	4300	59.748922	0.0	2307787	26	4.3
1527145620.6	4300	59.749064	0.0	2143948	23	4.3
1527145624.71	4300	59.497797	0.0	1919781	21	4.3
1527145628.32	4300	59.999008	0.0	2147467	24	4.3
1527145632.43	4300	59.748723	0.0	2133870	19	4.3
1527145636.53	4300	59.74775	0.0	2146120	21	4.3
1527145640.64	4300	59.998729	0.0	2108491	23	4.3
1527145644.25	4300	59.998405	0.0	2184571	23	4.3
1527145648.86	4300	59.747517	0.0	2121928	21	4.3
1527145652.47	4300	59.749109	0.0	2219102	22	4.3
1527145656.59	4300	59.683142	0.0	2124950	18	4.3
1527145660.2	4300	59.998046	0.0	2246506	27	4.3
1527145664.82	4300	59.748479	0.0	1961140	23	4.3
1527145668.41	4300	59.997779	0.0	2155012	12	4.3
1527145670.51	4300	59.677508	0.0	1433658	16	4.3

1527145670.83	750	4	0.029	2354772	9	-0.12470000000000003
1527145670.92	4300	7.906665	0.0	2123065	20	0.75
1527145671.0	4300	11.82713	0.0	2177073	13	4.3
1527145671.07	4300	15.755858	0.0	2160877	8	4.3
1527145671.15	4300	19.681939	0.0	2233056	7	4.3
1527145671.22	4300	23.612777	0.0	1941625	7	4.3
1527145671.29	4300	27.541037	0.0	2157535	7	4.3
1527145671.36	4300	31.467861	0.0	2290172	7	4.3
1527145671.43	4300	35.396274	0.0	2055469	7	4.3
1527145671.51	4300	39.323169	0.0	2169201	7	4.3
1527145671.58	4300	43.247037	0.0	2173522	7	4.3
1527145671.68	4300	47.15075	0.0	2102452	18	4.3
1527145671.79	4300	51.040355	0.0	2209463	39	4.3
1527145671.86	4300	54.965142	0.0	2275376	8	4.3
1527145671.93	4300	58.894949	0.0	2005399	8	4.3
1527145675.07	4300	59.997657	0.0	2152483	22	4.3
1527145679.18	4300	59.999128	0.0	2289689	25	4.3
1527145683.3	4300	59.998991	0.0	2059512	22	4.3
1527145686.91	4300	59.998934	0.0	2220726	24	4.3
1527145691.03	4300	59.998449	0.0	2156729	22	4.3
1527145695.15	4300	59.998865	0.0	2039773	23	4.3
1527145699.26	4300	59.748703	0.0	2176469	25	4.3
1527145702.88	4300	59.999193	0.0	2221506	23	4.3
1527145707.0	4300	59.997959	0.0	2044075	22	4.3
1527145711.11	4300	59.998017	0.0	2186790	24	4.3
1527145715.22	4300	59.748902	0.0	2105231	23	4.3
1527145718.83	4300	59.99856	0.0	2395588	26	4.3
1527145722.95	4300	59.999118	0.0	1972048	22	4.3
1527145727.07	4300	59.9985	0.0	2134614	23	4.3
1527145731.18	4300	59.749186	0.0	2164140	24	4.3
1527145735.3	4300	59.749291	0.0	2113193	23	4.3
1527145739.41	4300	59.748715	0.0	2147852	22	4.3
1527145743.01	4300	59.998513	0.0	2191074	21	4.3
1527145747.12	4300	59.997753	0.0	2286761	20	4.3
1527145751.23	4300	59.998674	0.0	2307787	21	4.3
1527145754.84	4300	59.998777	0.0	2143948	20	4.3
1527145758.96	4300	59.998536	0.0	1919781	21	4.3
1527145763.08	4300	59.9985	0.0	2147467	22	4.3
1527145767.19	4300	59.997469	0.0	2133870	18	4.3
1527145771.3	4300	59.748833	0.0	2146120	20	4.3
1527145774.91	4300	59.998854	0.0	2108491	23	4.3
1527145779.53	4300	59.748777	0.0	2184571	24	4.3
1527145783.14	4300	59.997672	0.0	2121928	24	4.3
1527145787.25	4300	59.747692	0.0	2219102	24	4.3
1527145791.13	4300	59.998458	0.0	2124950	23	4.3
1527145795.24	4300	59.74907	0.0	2246506	17	4.3
1527145798.85	4300	59.998683	0.0	1961140	21	4.3
1527145802.97	4300	59.99842	0.0	2155012	24	4.3
1527145805.1	4300	59.678481	0.0	1433658	17	4.3

1527145805.49	750	4	0.026	2354772	8	-0.11180000000000001
1527145805.6	4300	7.960944	0.0	2123065	24	0.75
1527145805.69	4300	11.86523	0.0	2177073	13	4.3
1527145805.77	4300	15.77877	0.0	2160877	15	4.3
1527145805.93	4300	19.62609	0.0	2233056	16	4.3
1527145806.01	4300	23.54271	0.0	1941625	11	4.3
1527145806.09	4300	27.45823	0.0	2157535	13	4.3
1527145806.16	4300	31.386192	0.0	2290172	9	4.3
1527145806.25	4300	35.301709	0.0	2055469	14	4.3
1527145806.34	4300	39.212699	0.0	2169201	13	4.3
1527145806.44	4300	43.110914	0.0	2173522	22	4.3
1527145806.52	4300	47.027978	0.0	2102452	13	4.3
1527145806.61	4300	50.940793	0.0	2209463	13	4.3
1527145806.72	4300	54.830827	0.0	2275376	11	4.3
1527145806.79	4300	58.757912	0.0	2005399	7	4.3
1527145809.89	4300	59.748493	0.0	2152483	7	4.3
1527145814.12	4300	59.998313	0.0	2289689	19	4.3
1527145818.3	4300	59.497742	0.0	2059512	17	4.3
1527145821.92	4300	59.74767	0.0	2220726	25	4.3
1527145826.03	4300	59.748997	0.0	2156729	19	4.3
1527145829.63	4300	59.999341	0.0	2039773	18	4.3
1527145833.75	4300	59.998927	0.0	2176469	24	4.3
1527145837.86	4300	59.748211	0.0	2221506	24	4.3
