1527287642.77	750	4	0.026	2354772	9	-0.11180000000000001
1527287642.92	4300	7.962903	0.0	2123065	26	0.75
1527287643.07	4300	11.814782	0.0	2177073	24	4.3
1527287643.22	4300	15.666277	0.0	2160877	22	4.3
1527287643.38	4300	19.502086	0.0	2233056	11	4.3
1527287643.5	4300	23.380332	0.0	1941625	10	4.3
1527287643.63	4300	27.255022	0.0	2157535	11	4.3
1527287643.75	4300	31.136984	0.0	2290172	8	4.3
1527287643.86	4300	35.022407	0.0	2055469	6	4.3
1527287643.98	4300	38.905861	0.0	2169201	7	4.3
1527287644.1	4300	42.786822	0.0	2173522	8	4.3
1527287644.21	4300	46.66987	0.0	2102452	8	4.3
1527287644.33	4300	50.55423	0.0	2209463	9	4.3
1527287644.45	4300	54.434597	0.0	2275376	8	4.3
1527287644.6	4300	58.28766	0.0	2005399	14	4.3
1527287647.22	4300	59.74953	0.0	2152483	8	4.3
1527287651.38	4300	59.74978	0.0	2289689	21	4.3
1527287655.54	4300	59.499594	0.0	2059512	24	4.3
1527287659.69	4300	59.249768	0.0	2220726	20	4.3
1527287663.35	4300	59.749675	0.0	2156729	24	4.3
1527287667.51	4300	59.498678	0.0	2039773	23	4.3
1527287671.17	4300	59.749786	0.0	2176469	18	4.3
1527287675.33	4300	59.999093	0.0	2221506	21	4.3
1527287679.48	4300	59.499856	0.0	2044075	22	4.3
1527287683.15	4300	59.998962	0.0	2186790	23	4.3
1527287687.31	4300	59.748447	0.0	2105231	24	4.3
1527287690.97	4300	59.998641	0.0	2395588	22	4.3
1527287695.62	4300	59.500219	0.0	1972048	22	4.3
1527287699.27	4300	59.750132	0.0	2134614	21	4.3
1527287703.43	4300	59.749199	0.0	2164140	21	4.3
1527287707.59	4300	59.749111	0.0	2113193	23	4.3
1527287711.29	4300	59.75007	0.0	2147852	25	4.3
1527287715.05	4300	59.998726	0.0	2191074	23	4.3
1527287719.21	4300	59.998937	0.0	2286761	24	4.3
1527287723.5	4300	59.999446	0.0	2307787	25	4.3
1527287727.16	4300	59.749823	0.0	2143948	23	4.3
1527287731.32	4300	59.748933	0.0	1919781	22	4.3
1527287735.49	4300	59.49968	0.0	2147467	24	4.3
1527287739.14	4300	59.74927	0.0	2133870	21	4.3
1527287743.3	4300	59.998737	0.0	2146120	23	4.3
1527287746.96	4300	59.998709	0.0	2108491	24	4.3
1527287751.62	4300	59.499355	0.0	2184571	26	4.3
1527287755.27	4300	59.749413	0.0	2121928	21	4.3
1527287759.44	4300	59.748777	0.0	2219102	26	4.3
1527287763.61	4300	59.749857	0.0	2124950	23	4.3
1527287767.25	4300	59.750088	0.0	2246506	21	4.3
1527287770.89	4300	59.998418	0.0	1961140	21	4.3
1527287775.03	4300	59.998396	0.0	2155012	24	4.3
1527287777.14	4300	59.429662	0.0	1433658	16	4.3

1527287777.41	750	4	0.018	668286	4	-0.07740000000000002
1527287777.56	4300	7.957121	0.0	2123065	18	0.75
1527287777.71	4300	11.807145	0.0	2177073	23	4.3
1527287777.85	4300	15.671744	0.0	2160877	14	4.3
1527287777.98	4300	19.539609	0.0	2233056	15	4.3
1527287778.1	4300	23.418176	0.0	1941625	8	4.3
1527287778.22	4300	27.300618	0.0	2157535	7	4.3
1527287778.35	4300	31.169202	0.0	2290172	8	4.3
1527287778.47	4300	35.051546	0.0	2055469	8	4.3
1527287778.6	4300	38.912316	0.0	2169201	18	4.3
1527287778.74	4300	42.778883	0.0	2173522	15	4.3
1527287778.86	4300	46.656005	0.0	2102452	11	4.3
1527287779.01	4300	50.509007	0.0	2209463	23	4.3
1527287779.22	4300	54.367269	0.0	2275376	20	4.3
1527287779.36	4300	58.155631	0.0	2005399	22	4.3
1527287781.53	4300	59.999292	0.0	2152483	17	4.3
1527287785.67	4300	59.998283	0.0	2289689	17	4.3
1527287789.83	4300	59.74914	0.0	2059512	22	4.3
1527287793.99	4300	59.749294	0.0	2220726	28	4.3
1527287797.64	4300	59.997757	0.0	2156729	21	4.3
1527287801.82	4300	59.748817	0.0	2039773	22	4.3
1527287806.06	4300	59.749556	0.0	2176469	26	4.3
1527287810.22	4300	59.748712	0.0	2221506	25	4.3
1527287813.86	4300	59.749122	0.0	2044075	15	4.3
1527287818.02	4300	59.748748	0.0	2186790	25	4.3
1527287822.17	4300	59.498129	0.0	2105231	20	4.3
1527287825.83	4300	59.74711	0.0	2395588	27	4.3
1527287829.99	4300	59.748841	0.0	1972048	21	4.3
1527287834.15	4300	59.74949	0.0	2134614	20	4.3
1527287837.8	4300	59.999396	0.0	2164140	23	4.3
1527287841.96	4300	59.748663	0.0	2113193	24	4.3
1527287845.61	4300	59.999163	0.0	2147852	18	4.3
1527287849.77	4300	59.999196	0.0	2191074	23	4.3
1527287853.92	4300	59.749599	0.0	2286761	18	4.3
1527287858.08	4300	59.748166	0.0	2307787	25	4.3
1527287862.24	4300	59.749403	0.0	2143948	26	4.3
1527287865.89	4300	59.749378	0.0	1919781	16	4.3
1527287870.05	4300	59.498201	0.0	2147467	23	4.3
1527287873.71	4300	59.999127	0.0	2133870	23	4.3
1527287877.88	4300	59.998711	0.0	2146120	25	4.3
1527287881.61	4300	59.997497	0.0	2108491	25	4.3
1527287886.27	4300	59.498639	0.0	2184571	24	4.3
1527287889.92	4300	59.998076	0.0	2121928	20	4.3
1527287893.58	4300	59.998701	0.0	2219102	23	4.3
1527287897.74	4300	59.99859	0.0	2124950	21	4.3
1527287901.89	4300	59.74776	0.0	2246506	19	4.3
1527287905.52	4300	59.99906	0.0	1961140	14	4.3
1527287910.17	4300	59.749121	0.0	2155012	25	4.3
1527287911.78	4300	59.427567	0.0	1433658	16	4.3

1527287912.06	750	4	0.016	668286	2	-0.06879999999999997
1527287912.22	4300	7.951463	0.0	2123065	20	0.75
1527287912.35	4300	11.813724	0.0	2177073	15	4.3
1527287912.47	4300	15.69482	0.0	2160877	7	4.3
1527287912.59	4300	19.575965	0.0	2233056	9	4.3
1527287912.7	4300	23.46012	0.0	1941625	8	4.3
1527287912.82	4300	27.343385	0.0	2157535	8	4.3
1527287912.94	4300	31.224911	0.0	2290172	8	4.3
1527287913.06	4300	35.107039	0.0	2055469	8	4.3
1527287913.19	4300	38.970675	0.0	2169201	18	4.3
1527287913.33	4300	42.831106	0.0	2173522	17	4.3
1527287913.47	4300	46.695455	0.0	2102452	17	4.3
1527287913.59	4300	50.573304	0.0	2209463	10	4.3
1527287913.72	4300	54.451244	0.0	2275376	10	4.3
1527287913.85	4300	58.314452	0.0	2005399	11	4.3
1527287916.48	4300	59.748234	0.0	2152483	9	4.3
1527287920.62	4300	59.998273	0.0	2289689	16	4.3
1527287924.77	4300	59.500066	0.0	2059512	19	4.3
1527287928.44	4300	59.99888	0.0	2220726	25	4.3
1527287932.6	4300	59.749928	0.0	2156729	24	4.3
1527287936.75	4300	59.498896	0.0	2039773	17	4.3
1527287940.91	4300	59.748856	0.0	2176469	25	4.3
1527287944.56	4300	59.74923	0.0	2221506	19	4.3
1527287948.21	4300	59.998738	0.0	2044075	20	4.3
1527287952.87	4300	59.749072	0.0	2186790	25	4.3
1527287956.54	4300	59.998393	0.0	2105231	24	4.3
1527287960.81	4300	59.498292	0.0	2395588	26	4.3
1527287964.46	4300	59.748696	0.0	1972048	22	4.3
1527287968.61	4300	59.748672	0.0	2134614	18	4.3
1527287972.44	4300	59.999073	0.0	2164140	23	4.3
1527287976.6	4300	59.997894	0.0	2113193	25	4.3
1527287980.76	4300	59.499478	0.0	2147852	20	4.3
