1527211828.69	750	4	0.029	2354772	8	-0.12470000000000003
1527211828.85	4300	7.955766	0.0	2123065	23	0.75
1527211828.95	4300	11.858467	0.0	2177073	21	4.3
1527211829.05	4300	15.759145	0.0	2160877	22	4.3
1527211829.16	4300	19.647782	0.0	2233056	20	4.3
1527211829.24	4300	23.569793	0.0	1941625	10	4.3
1527211829.32	4300	27.482909	0.0	2157535	15	4.3
1527211829.41	4300	31.393512	0.0	2290172	16	4.3
1527211829.49	4300	35.319125	0.0	2055469	7	4.3
1527211829.56	4300	39.246811	0.0	2169201	8	4.3
1527211829.65	4300	43.156978	0.0	2173522	16	4.3
1527211829.74	4300	47.068184	0.0	2102452	15	4.3
1527211829.84	4300	50.968534	0.0	2209463	16	4.3
1527211829.93	4300	54.873929	0.0	2275376	16	4.3
1527211830.03	4300	58.778656	0.0	2005399	8	4.3
1527211833.19	4300	59.749029	0.0	2152483	9	4.3
1527211837.31	4300	59.748763	0.0	2289689	25	4.3
1527211841.42	4300	59.749109	0.0	2059512	21	4.3
1527211845.02	4300	59.998268	0.0	2220726	15	4.3
1527211849.13	4300	59.747913	0.0	2156729	24	4.3
1527211853.25	4300	59.999378	0.0	2039773	21	4.3
1527211856.86	4300	59.999046	0.0	2176469	19	4.3
1527211860.97	4300	59.998785	0.0	2221506	24	4.3
1527211865.08	4300	59.748208	0.0	2044075	23	4.3
1527211869.46	4300	59.998734	0.0	2186790	25	4.3
1527211873.08	4300	59.997981	0.0	2105231	28	4.3
1527211877.2	4300	59.998773	0.0	2395588	28	4.3
1527211880.81	4300	59.998806	0.0	1972048	22	4.3
1527211884.94	4300	59.99939	0.0	2134614	25	4.3
1527211889.05	4300	59.998923	0.0	2164140	25	4.3
1527211893.17	4300	59.748779	0.0	2113193	24	4.3
1527211897.27	4300	59.74925	0.0	2147852	24	4.3
1527211900.89	4300	59.999017	0.0	2191074	25	4.3
1527211905.51	4300	59.749035	0.0	2286761	22	4.3
1527211909.11	4300	59.748192	0.0	2307787	19	4.3
1527211913.28	4300	59.998526	0.0	2143948	23	4.3
1527211916.9	4300	59.998376	0.0	1919781	21	4.3
1527211921.01	4300	59.998849	0.0	2147467	21	4.3
1527211925.12	4300	59.748711	0.0	2133870	20	4.3
1527211929.23	4300	59.997676	0.0	2146120	20	4.3
1527211932.85	4300	59.999223	0.0	2108491	21	4.3
1527211936.97	4300	59.999389	0.0	2184571	24	4.3
1527211941.08	4300	59.748019	0.0	2121928	23	4.3
1527211945.19	4300	59.747888	0.0	2219102	23	4.3
1527211949.3	4300	59.748467	0.0	2124950	19	4.3
1527211953.41	4300	59.498407	0.0	2246506	22	4.3
1527211957.03	4300	59.998241	0.0	1961140	22	4.3
1527211961.15	4300	59.74759	0.0	2155012	23	4.3
1527211963.25	4300	59.428227	0.0	1433658	16	4.3

1527211963.52	750	4	0.018	668286	3	-0.07740000000000002
1527211963.6	4300	7.980848	0.0	2123065	7	0.75
1527211963.69	4300	11.888078	0.0	2177073	17	4.3
1527211963.77	4300	15.810692	0.0	2160877	9	4.3
1527211963.85	4300	19.730081	0.0	2233056	13	4.3
1527211963.95	4300	23.634334	0.0	1941625	21	4.3
1527211964.03	4300	27.550542	0.0	2157535	12	4.3
1527211964.13	4300	31.467824	0.0	2290172	14	4.3
1527211964.22	4300	35.362932	0.0	2055469	12	4.3
1527211964.3	4300	39.280739	0.0	2169201	13	4.3
1527211964.38	4300	43.200908	0.0	2173522	13	4.3
1527211964.46	4300	47.121302	0.0	2102452	13	4.3
1527211964.54	4300	51.040074	0.0	2209463	13	4.3
1527211964.69	4300	54.942681	0.0	2275376	22	4.3
1527211964.78	4300	58.801446	0.0	2005399	21	4.3
1527211967.86	4300	59.998048	0.0	2152483	7	4.3
1527211971.95	4300	59.998494	0.0	2289689	14	4.3
1527211976.07	4300	59.748693	0.0	2059512	14	4.3
1527211980.19	4300	59.748311	0.0	2220726	24	4.3
1527211983.8	4300	59.998373	0.0	2156729	25	4.3
1527211988.0	4300	59.748251	0.0	2039773	19	4.3
1527211992.23	4300	59.74914	0.0	2176469	22	4.3
1527211995.91	4300	59.749287	0.0	2221506	22	4.3
1527212000.07	4300	59.748184	0.0	2044075	24	4.3
1527212003.94	4300	59.99893	0.0	2186790	25	4.3
1527212008.06	4300	59.749544	0.0	2105231	24	4.3
1527212012.18	4300	59.49904	0.0	2395588	26	4.3
1527212016.3	4300	59.497507	0.0	1972048	20	4.3
1527212019.92	4300	59.998733	0.0	2134614	23	4.3
1527212024.03	4300	59.99891	0.0	2164140	23	4.3
1527212027.64	4300	59.997536	0.0	2113193	21	4.3
1527212032.26	4300	59.747854	0.0	2147852	24	4.3
1527212035.87	4300	59.748014	0.0	2191074	20	4.3
1527212039.96	4300	59.74812	0.0	2286761	8	4.3
1527212044.07	4300	59.747597	0.0	2307787	24	4.3
1527212047.68	4300	59.997637	0.0	2143948	21	4.3
1527212052.29	4300	59.747831	0.0	1919781	17	4.3
1527212055.89	4300	59.997618	0.0	2147467	12	4.3
1527212060.0	4300	59.998434	0.0	2133870	24	4.3
1527212063.62	4300	59.99887	0.0	2146120	22	4.3
1527212067.74	4300	59.997718	0.0	2108491	24	4.3
1527212071.86	4300	59.748829	0.0	2184571	24	4.3
1527212076.02	4300	59.749405	0.0	2121928	23	4.3
1527212079.63	4300	59.99765	0.0	2219102	23	4.3
1527212083.74	4300	59.998606	0.0	2124950	18	4.3
1527212087.86	4300	59.998692	0.0	2246506	24	4.3
1527212091.98	4300	59.998421	0.0	1961140	22	4.3
1527212096.07	4300	59.74817	0.0	2155012	14	4.3
1527212097.67	4300	59.67753	0.0	1433658	12	4.3

1527212097.97	750	4	0.018	668286	5	-0.07740000000000002
1527212098.08	4300	7.956138	0.0	2123065	18	0.75
1527212098.18	4300	11.856081	0.0	2177073	21	4.3
1527212098.27	4300	15.764926	0.0	2160877	15	4.3
1527212098.36	4300	19.669477	0.0	2233056	15	4.3
1527212098.44	4300	23.592587	0.0	1941625	8	4.3
1527212098.52	4300	27.511559	0.0	2157535	10	4.3
1527212098.6	4300	31.430814	0.0	2290172	11	4.3
1527212098.68	4300	35.352441	0.0	2055469	9	4.3
1527212098.76	4300	39.274216	0.0	2169201	11	4.3
1527212098.83	4300	43.197838	0.0	2173522	9	4.3
1527212098.91	4300	47.120354	0.0	2102452	9	4.3
1527212098.99	4300	51.041189	0.0	2209463	10	4.3
1527212099.07	4300	54.965032	0.0	2275376	10	4.3
1527212099.15	4300	58.876621	0.0	2005399	22	4.3
1527212102.23	4300	59.999191	0.0	2152483	7	4.3
1527212106.33	4300	59.749429	0.0	2289689	14	4.3
1527212110.45	4300	59.748415	0.0	2059512	22	4.3
1527212114.57	4300	59.74944	0.0	2220726	26	4.3
1527212118.18	4300	59.997717	0.0	2156729	25	4.3
1527212122.3	4300	59.748174	0.0	2039773	24	4.3
1527212126.42	4300	59.998839	0.0	2176469	25	4.3
1527212130.54	4300	59.749321	0.0	2221506	24	4.3
1527212134.16	4300	59.999207	0.0	2044075	24	4.3
