1527257661.18	750	4	0.026	2354772	8	-0.11180000000000001
1527257661.28	4300	7.963617	0.0	2123065	23	0.75
1527257661.36	4300	11.879241	0.0	2177073	12	4.3
1527257661.46	4300	15.777755	0.0	2160877	23	4.3
1527257661.54	4300	19.695297	0.0	2233056	14	4.3
1527257661.62	4300	23.616795	0.0	1941625	11	4.3
1527257661.71	4300	27.535143	0.0	2157535	13	4.3
1527257661.79	4300	31.449607	0.0	2290172	12	4.3
1527257661.87	4300	35.367878	0.0	2055469	10	4.3
1527257661.97	4300	39.269584	0.0	2169201	21	4.3
1527257662.05	4300	43.187587	0.0	2173522	12	4.3
1527257662.15	4300	47.089943	0.0	2102452	22	4.3
1527257662.24	4300	51.004378	0.0	2209463	14	4.3
1527257662.33	4300	54.914323	0.0	2275376	14	4.3
1527257662.41	4300	58.828066	0.0	2005399	13	4.3
1527257665.53	4300	59.748992	0.0	2152483	24	4.3
1527257669.64	4300	59.749157	0.0	2289689	23	4.3
1527257673.25	4300	59.999179	0.0	2059512	22	4.3
1527257677.89	4300	59.748139	0.0	2220726	25	4.3
1527257681.5	4300	59.998821	0.0	2156729	24	4.3
1527257685.6	4300	59.748083	0.0	2039773	18	4.3
1527257689.79	4300	59.747709	0.0	2176469	23	4.3
1527257693.39	4300	59.998107	0.0	2221506	17	4.3
1527257697.51	4300	59.748875	0.0	2044075	24	4.3
1527257701.62	4300	59.998996	0.0	2186790	25	4.3
1527257705.74	4300	59.749543	0.0	2105231	20	4.3
1527257709.85	4300	59.749502	0.0	2395588	21	4.3
1527257713.44	4300	59.999348	0.0	1972048	14	4.3
1527257717.56	4300	59.748562	0.0	2134614	23	4.3
1527257721.66	4300	59.717896	0.0	2164140	21	4.3
1527257725.78	4300	59.748767	0.0	2113193	22	4.3
1527257729.39	4300	59.997664	0.0	2147852	20	4.3
1527257733.5	4300	59.747869	0.0	2191074	26	4.3
1527257737.62	4300	59.749184	0.0	2286761	25	4.3
1527257741.73	4300	59.748588	0.0	2307787	23	4.3
1527257745.84	4300	59.748615	0.0	2143948	23	4.3
1527257749.95	4300	59.498626	0.0	1919781	21	4.3
1527257753.54	4300	59.748638	0.0	2147467	14	4.3
1527257757.66	4300	59.747942	0.0	2133870	23	4.3
1527257761.31	4300	59.998866	0.0	2146120	24	4.3
1527257765.42	4300	59.997819	0.0	2108491	26	4.3
1527257769.54	4300	59.997781	0.0	2184571	24	4.3
1527257773.67	4300	59.998067	0.0	2121928	23	4.3
1527257777.29	4300	59.999149	0.0	2219102	26	4.3
1527257781.4	4300	59.997541	0.0	2124950	22	4.3
1527257785.51	4300	59.997549	0.0	2246506	22	4.3
1527257789.61	4300	59.748954	0.0	1961140	18	4.3
1527257793.71	4300	59.997397	0.0	2155012	13	4.3
1527257795.31	4300	59.678609	0.0	1433658	16	4.3

1527257795.6	750	4	0.026	2354772	8	-0.11180000000000001
1527257795.68	4300	7.972731	0.0	2123065	15	0.75
1527257795.77	4300	11.89092	0.0	2177073	15	4.3
1527257795.86	4300	15.791515	0.0	2160877	22	4.3
1527257795.97	4300	19.683999	0.0	2233056	27	4.3
1527257796.06	4300	23.601816	0.0	1941625	13	4.3
1527257796.39	4300	27.51525	0.0	2157535	12	4.3
1527257796.49	4300	31.165177	0.0	2290172	25	4.3
1527257796.57	4300	35.086613	0.0	2055469	12	4.3
1527257796.65	4300	39.005312	0.0	2169201	12	4.3
1527257796.73	4300	42.924471	0.0	2173522	12	4.3
1527257796.81	4300	46.845392	0.0	2102452	11	4.3
1527257796.89	4300	50.763683	0.0	2209463	17	4.3
1527257796.96	4300	54.693965	0.0	2275376	8	4.3
1527257797.08	4300	58.57278	0.0	2005399	7	4.3
1527257799.66	4300	59.998115	0.0	2152483	7	4.3
1527257804.27	4300	59.497996	0.0	2289689	24	4.3
1527257807.89	4300	59.997841	0.0	2059512	25	4.3
1527257812.0	4300	59.74783	0.0	2220726	22	4.3
1527257816.11	4300	59.998395	0.0	2156729	21	4.3
1527257820.21	4300	59.74782	0.0	2039773	18	4.3
1527257823.82	4300	59.99912	0.0	2176469	22	4.3
1527257827.93	4300	59.749189	0.0	2221506	20	4.3
1527257832.04	4300	59.747915	0.0	2044075	20	4.3
1527257836.15	4300	59.999052	0.0	2186790	22	4.3
1527257839.76	4300	59.999135	0.0	2105231	23	4.3
1527257843.87	4300	59.998665	0.0	2395588	27	4.3
1527257847.99	4300	59.748132	0.0	1972048	22	4.3
1527257852.11	4300	59.747796	0.0	2134614	25	4.3
1527257855.72	4300	59.998365	0.0	2164140	21	4.3
1527257859.84	4300	59.998804	0.0	2113193	25	4.3
1527257863.95	4300	59.748318	0.0	2147852	23	4.3
1527257868.07	4300	59.998692	0.0	2191074	19	4.3
1527257871.68	4300	59.998699	0.0	2286761	21	4.3
1527257876.3	4300	59.747839	0.0	2307787	25	4.3
1527257879.92	4300	59.748168	0.0	2143948	25	4.3
1527257884.03	4300	59.998223	0.0	1919781	21	4.3
1527257888.14	4300	59.748768	0.0	2147467	23	4.3
1527257891.75	4300	59.999004	0.0	2133870	21	4.3
1527257895.87	4300	59.99838	0.0	2146120	23	4.3
1527257899.98	4300	59.998114	0.0	2108491	23	4.3
1527257904.1	4300	59.997774	0.0	2184571	26	4.3
1527257907.71	4300	59.99755	0.0	2121928	23	4.3
1527257911.83	4300	59.999108	0.0	2219102	25	4.3
1527257915.94	4300	59.748894	0.0	2124950	23	4.3
1527257920.06	4300	59.998628	0.0	2246506	24	4.3
1527257923.68	4300	59.998459	0.0	1961140	22	4.3
1527257927.79	4300	59.998273	0.0	2155012	23	4.3
1527257929.89	4300	59.678359	0.0	1433658	17	4.3

1527257930.15	750	4	0.025	2354772	8	-0.10750000000000004
1527257930.25	4300	7.965137	0.0	2123065	18	0.75
1527257930.34	4300	11.869902	0.0	2177073	20	4.3
1527257930.42	4300	15.792141	0.0	2160877	12	4.3
1527257930.5	4300	19.71298	0.0	2233056	12	4.3
1527257930.58	4300	23.635277	0.0	1941625	10	4.3
1527257930.65	4300	27.566337	0.0	2157535	8	4.3
1527257930.72	4300	31.495975	0.0	2290172	7	4.3
1527257930.78	4300	35.427374	0.0	2055469	7	4.3
1527257930.85	4300	39.35784	0.0	2169201	7	4.3
1527257930.92	4300	43.288651	0.0	2173522	7	4.3
1527257930.99	4300	47.219756	0.0	2102452	7	4.3
1527257931.07	4300	51.147774	0.0	2209463	6	4.3
1527257931.14	4300	55.071404	0.0	2275376	8	4.3
1527257931.21	4300	59.003359	0.0	2005399	7	4.3
1527257934.29	4300	59.99802	0.0	2152483	7	4.3
1527257938.41	4300	59.998328	0.0	2289689	16	4.3
1527257942.52	4300	59.74787	0.0	2059512	23	4.3
1527257946.61	4300	59.74919	0.0	2220726	12	4.3
1527257950.74	4300	59.499289	0.0	2156729	26	4.3
1527257954.42	4300	59.998308	0.0	2039773	23	4.3
1527257958.54	4300	59.99832	0.0	2176469	17	4.3
1527257962.66	4300	59.998694	0.0	2221506	27	4.3
1527257966.26	4300	59.997926	0.0	2044075	21	4.3
1527257970.36	4300	59.999442	0.0	2186790	21	4.3
1527257974.47	4300	59.747739	0.0	2105231	23	4.3
1527257978.58	4300	59.747662	0.0	2395588	25	4.3
1527257982.67	4300	59.749487	0.0	1972048	10	4.3
1527257986.78	4300	59.747727	0.0	2134614	22	4.3
1527257990.88	4300	59.499016	0.0	2164140	21	4.3
1527257994.49	4300	59.749154	0.0	2113193	23	4.3
1527257998.87	4300	59.74819	0.0	2147852	24	4.3
1527258002.48	4300	59.749371	0.0	2191074	22	4.3
1527258006.59	4300	59.997692	0.0	2286761	20	4.3
1527258010.69	4300	59.747265	0.0	2307787	20	4.3
1527258014.8	4300	59.498497	0.0	2143948	21	4.3
1527258018.91	4300	59.497377	0.0	1919781	21	4.3
1527258022.5	4300	59.74925	0.0	2147467	12	4.3
1527258026.62	4300	59.748514	0.0	2133870	25	4.3
1527258030.23	4300	59.997931	0.0	2146120	22	4.3
