1527203631.02	750	4	0.027	2354772	7	-0.11609999999999998
1527203631.17	4300	7.95989	0.0	2123065	21	0.75
1527203631.33	4300	11.805399	0.0	2177073	24	4.3
1527203631.48	4300	15.653044	0.0	2160877	25	4.3
1527203631.63	4300	19.499373	0.0	2233056	22	4.3
1527203631.76	4300	23.371655	0.0	1941625	11	4.3
1527203631.89	4300	27.243092	0.0	2157535	12	4.3
1527203632.02	4300	31.116697	0.0	2290172	13	4.3
1527203632.16	4300	34.968275	0.0	2055469	22	4.3
1527203632.3	4300	38.837861	0.0	2169201	14	4.3
1527203632.43	4300	42.703692	0.0	2173522	16	4.3
1527203632.59	4300	46.546814	0.0	2102452	24	4.3
1527203632.74	4300	50.394258	0.0	2209463	24	4.3
1527203632.87	4300	54.263827	0.0	2275376	13	4.3
1527203633.0	4300	58.127312	0.0	2005399	21	4.3
1527203635.67	4300	59.49847	0.0	2152483	22	4.3
1527203639.84	4300	59.499372	0.0	2289689	25	4.3
1527203643.48	4300	59.998704	0.0	2059512	15	4.3
1527203647.64	4300	59.74774	0.0	2220726	25	4.3
1527203651.81	4300	59.747687	0.0	2156729	25	4.3
1527203655.48	4300	59.747857	0.0	2039773	22	4.3
1527203659.14	4300	59.999461	0.0	2176469	25	4.3
1527203663.31	4300	59.998777	0.0	2221506	22	4.3
1527203667.46	4300	59.749336	0.0	2044075	15	4.3
1527203671.62	4300	59.748809	0.0	2186790	24	4.3
1527203675.78	4300	59.498633	0.0	2105231	25	4.3
1527203679.45	4300	59.748735	0.0	2395588	27	4.3
1527203683.61	4300	59.748231	0.0	1972048	22	4.3
1527203687.28	4300	59.998408	0.0	2134614	24	4.3
1527203691.49	4300	59.748301	0.0	2164140	24	4.3
1527203695.16	4300	59.998609	0.0	2113193	21	4.3
1527203699.31	4300	59.99848	0.0	2147852	20	4.3
1527203703.47	4300	59.748727	0.0	2191074	26	4.3
1527203707.62	4300	59.99842	0.0	2286761	20	4.3
1527203711.78	4300	59.497628	0.0	2307787	25	4.3
1527203715.43	4300	59.749499	0.0	2143948	17	4.3
1527203719.58	4300	59.74857	0.0	1919781	22	4.3
1527203723.24	4300	59.997988	0.0	2147467	15	4.3
1527203727.41	4300	59.997778	0.0	2133870	25	4.3
1527203731.73	4300	59.748649	0.0	2146120	21	4.3
1527203735.45	4300	59.998774	0.0	2108491	21	4.3
1527203739.6	4300	59.747741	0.0	2184571	15	4.3
1527203743.26	4300	59.998795	0.0	2121928	23	4.3
1527203747.42	4300	59.998387	0.0	2219102	25	4.3
1527203751.59	4300	59.749434	0.0	2124950	22	4.3
1527203755.24	4300	59.998046	0.0	2246506	22	4.3
1527203759.39	4300	59.748109	0.0	1961140	21	4.3
1527203763.53	4300	59.997453	0.0	2155012	25	4.3
1527203765.12	4300	59.92913	0.0	1433658	10	4.3

1527203765.38	750	4	0.018	668286	3	-0.07740000000000002
1527203765.55	4300	7.945654	0.0	2123065	22	0.75
1527203765.7	4300	11.793214	0.0	2177073	24	4.3
1527203765.85	4300	15.641246	0.0	2160877	23	4.3
1527203766.0	4300	19.493756	0.0	2233056	26	4.3
1527203766.13	4300	23.363884	0.0	1941625	14	4.3
1527203766.26	4300	27.231312	0.0	2157535	15	4.3
1527203766.4	4300	31.096538	0.0	2290172	15	4.3
1527203766.53	4300	34.967039	0.0	2055469	14	4.3
1527203766.67	4300	38.826745	0.0	2169201	21	4.3
1527203766.79	4300	42.699883	0.0	2173522	12	4.3
1527203766.92	4300	46.572184	0.0	2102452	11	4.3
1527203767.04	4300	50.455334	0.0	2209463	8	4.3
1527203767.15	4300	54.33823	0.0	2275376	10	4.3
1527203767.28	4300	58.212368	0.0	2005399	14	4.3
1527203769.93	4300	59.99912	0.0	2152483	19	4.3
1527203773.59	4300	59.998912	0.0	2289689	26	4.3
1527203777.75	4300	59.998735	0.0	2059512	23	4.3
1527203781.92	4300	59.748223	0.0	2220726	20	4.3
1527203786.07	4300	59.498244	0.0	2156729	22	4.3
1527203790.23	4300	59.748548	0.0	2039773	24	4.3
1527203793.88	4300	59.998724	0.0	2176469	20	4.3
1527203798.04	4300	59.749428	0.0	2221506	24	4.3
1527203802.2	4300	59.497792	0.0	2044075	22	4.3
1527203805.85	4300	59.749492	0.0	2186790	22	4.3
1527203810.01	4300	59.499202	0.0	2105231	24	4.3
1527203813.73	4300	59.999241	0.0	2395588	26	4.3
1527203817.87	4300	59.749296	0.0	1972048	13	4.3
1527203821.53	4300	59.998526	0.0	2134614	25	4.3
1527203826.19	4300	59.498579	0.0	2164140	24	4.3
1527203829.85	4300	59.748808	0.0	2113193	22	4.3
1527203833.51	4300	59.998876	0.0	2147852	24	4.3
1527203837.67	4300	59.997785	0.0	2191074	25	4.3
1527203841.85	4300	59.747939	0.0	2286761	22	4.3
1527203845.51	4300	59.999305	0.0	2307787	26	4.3
1527203850.17	4300	59.498293	0.0	2143948	24	4.3
1527203853.82	4300	59.998824	0.0	1919781	20	4.3
1527203858.0	4300	59.74867	0.0	2147467	25	4.3
1527203861.65	4300	59.998642	0.0	2133870	23	4.3
1527203865.81	4300	59.748686	0.0	2146120	23	4.3
1527203869.97	4300	59.998798	0.0	2108491	24	4.3
1527203873.63	4300	59.998794	0.0	2184571	22	4.3
1527203877.78	4300	59.998644	0.0	2121928	22	4.3
1527203881.94	4300	59.748605	0.0	2219102	24	4.3
1527203885.6	4300	59.998666	0.0	2124950	19	4.3
1527203889.75	4300	59.999113	0.0	2246506	25	4.3
1527203893.88	4300	59.747917	0.0	1961140	21	4.3
1527203897.53	4300	59.998663	0.0	2155012	12	4.3
1527203899.65	4300	59.677594	0.0	1433658	17	4.3

1527203899.92	750	4	0.017	668286	4	-0.07309999999999994
1527203900.08	4300	7.951236	0.0	2123065	21	0.75
1527203900.22	4300	11.801965	0.0	2177073	24	4.3
1527203900.36	4300	15.668705	0.0	2160877	15	4.3
1527203900.49	4300	19.536782	0.0	2233056	16	4.3
1527203900.64	4300	23.389998	0.0	1941625	22	4.3
1527203900.79	4300	27.235767	0.0	2157535	24	4.3
1527203900.92	4300	31.109189	0.0	2290172	12	4.3
1527203901.04	4300	34.987172	0.0	2055469	10	4.3
1527203901.16	4300	38.861331	0.0	2169201	12	4.3
1527203901.29	4300	42.73837	0.0	2173522	12	4.3
1527203901.41	4300	46.615666	0.0	2102452	11	4.3
1527203901.53	4300	50.491422	0.0	2209463	11	4.3
1527203901.66	4300	54.366057	0.0	2275376	13	4.3
1527203901.8	4300	58.229442	0.0	2005399	23	4.3
1527203904.47	4300	59.998338	0.0	2152483	11	4.3
1527203908.11	4300	59.999292	0.0	2289689	15	4.3
1527203912.78	4300	59.748243	0.0	2059512	24	4.3
1527203916.43	4300	59.99852	0.0	2220726	24	4.3
1527203920.09	4300	59.998538	0.0	2156729	24	4.3
