1527304154.37	750	4	0.027	2354772	8	-0.11609999999999998
1527304154.44	4300	7.986232	0.0	2123065	7	0.75
1527304154.54	4300	11.89464	0.0	2177073	21	4.3
1527304154.62	4300	15.814677	0.0	2160877	12	4.3
1527304154.72	4300	19.71408	0.0	2233056	24	4.3
1527304154.79	4300	23.636178	0.0	1941625	11	4.3
1527304154.87	4300	27.555539	0.0	2157535	13	4.3
1527304154.96	4300	31.474559	0.0	2290172	13	4.3
1527304155.03	4300	35.395214	0.0	2055469	13	4.3
1527304155.13	4300	39.297001	0.0	2169201	26	4.3
1527304155.23	4300	43.195424	0.0	2173522	23	4.3
1527304155.32	4300	47.110577	0.0	2102452	15	4.3
1527304155.4	4300	51.027305	0.0	2209463	15	4.3
1527304155.51	4300	54.922186	0.0	2275376	22	4.3
1527304155.6	4300	58.827883	0.0	2005399	12	4.3
1527304158.7	4300	59.748381	0.0	2152483	14	4.3
1527304162.81	4300	59.997711	0.0	2289689	25	4.3
1527304166.92	4300	59.748788	0.0	2059512	22	4.3
1527304170.53	4300	59.998451	0.0	2220726	22	4.3
1527304175.14	4300	59.748975	0.0	2156729	23	4.3
1527304178.75	4300	59.998646	0.0	2039773	20	4.3
1527304182.87	4300	59.998641	0.0	2176469	26	4.3
1527304186.49	4300	59.998622	0.0	2221506	25	4.3
1527304191.09	4300	59.497766	0.0	2044075	18	4.3
1527304194.7	4300	59.99767	0.0	2186790	25	4.3
1527304198.81	4300	59.749317	0.0	2105231	23	4.3
1527304202.92	4300	59.998722	0.0	2395588	25	4.3
1527304206.51	4300	59.999069	0.0	1972048	10	4.3
1527304211.12	4300	59.49761	0.0	2134614	23	4.3
1527304214.73	4300	59.748651	0.0	2164140	17	4.3
1527304218.84	4300	59.74822	0.0	2113193	23	4.3
1527304222.96	4300	59.747679	0.0	2147852	24	4.3
1527304227.07	4300	59.748842	0.0	2191074	25	4.3
1527304230.68	4300	59.998146	0.0	2286761	26	4.3
1527304234.78	4300	59.747669	0.0	2307787	19	4.3
1527304238.89	4300	59.998514	0.0	2143948	22	4.3
1527304243.12	4300	59.498594	0.0	1919781	22	4.3
1527304246.73	4300	59.74863	0.0	2147467	22	4.3
1527304250.84	4300	59.998675	0.0	2133870	20	4.3
1527304254.45	4300	59.999235	0.0	2146120	22	4.3
1527304259.07	4300	59.4977	0.0	2108491	24	4.3
1527304262.68	4300	59.998711	0.0	2184571	24	4.3
1527304266.79	4300	59.748741	0.0	2121928	22	4.3
1527304270.91	4300	59.747951	0.0	2219102	26	4.3
1527304274.52	4300	59.998303	0.0	2124950	22	4.3
1527304278.64	4300	59.999386	0.0	2246506	17	4.3
1527304282.75	4300	59.748554	0.0	1961140	23	4.3
1527304286.85	4300	59.748044	0.0	2155012	14	4.3
1527304288.45	4300	59.679049	0.0	1433658	18	4.3

1527304288.74	750	4	0.029	2354772	10	-0.12470000000000003
1527304288.85	4300	7.957211	0.0	2123065	23	0.75
1527304288.93	4300	11.872551	0.0	2177073	15	4.3
1527304289.02	4300	15.787943	0.0	2160877	14	4.3
1527304289.1	4300	19.701336	0.0	2233056	13	4.3
1527304289.18	4300	23.619799	0.0	1941625	11	4.3
1527304289.27	4300	27.536404	0.0	2157535	14	4.3
1527304289.36	4300	31.450061	0.0	2290172	15	4.3
1527304289.45	4300	35.353975	0.0	2055469	20	4.3
1527304289.53	4300	39.274718	0.0	2169201	11	4.3
1527304289.6	4300	43.205409	0.0	2173522	7	4.3
1527304289.67	4300	47.135077	0.0	2102452	7	4.3
1527304289.77	4300	51.038535	0.0	2209463	15	4.3
1527304289.85	4300	54.956396	0.0	2275376	8	4.3
1527304289.92	4300	58.885306	0.0	2005399	8	4.3
1527304293.5	4300	59.74886	0.0	2152483	9	4.3
1527304297.11	4300	59.748823	0.0	2289689	19	4.3
1527304301.22	4300	59.748895	0.0	2059512	22	4.3
1527304304.84	4300	59.998659	0.0	2220726	24	4.3
1527304308.94	4300	59.997901	0.0	2156729	22	4.3
1527304313.06	4300	59.998555	0.0	2039773	21	4.3
1527304317.15	4300	59.748755	0.0	2176469	14	4.3
1527304321.29	4300	59.748537	0.0	2221506	26	4.3
1527304324.9	4300	59.99908	0.0	2044075	21	4.3
1527304329.07	4300	59.999365	0.0	2186790	23	4.3
1527304333.23	4300	59.747673	0.0	2105231	24	4.3
1527304336.85	4300	59.998233	0.0	2395588	28	4.3
1527304341.46	4300	59.747756	0.0	1972048	20	4.3
1527304345.06	4300	59.74919	0.0	2134614	14	4.3
1527304349.17	4300	59.64762	0.0	2164140	24	4.3
1527304353.28	4300	59.748504	0.0	2113193	22	4.3
1527304357.39	4300	59.499236	0.0	2147852	25	4.3
1527304361.0	4300	59.997761	0.0	2191074	23	4.3
1527304365.11	4300	59.749281	0.0	2286761	21	4.3
1527304369.22	4300	59.747792	0.0	2307787	20	4.3
1527304372.83	4300	59.998388	0.0	2143948	20	4.3
1527304377.44	4300	59.748795	0.0	1919781	23	4.3
1527304381.54	4300	59.498767	0.0	2147467	14	4.3
1527304385.15	4300	59.99813	0.0	2133870	25	4.3
1527304389.26	4300	59.997861	0.0	2146120	21	4.3
1527304393.37	4300	59.748465	0.0	2108491	19	4.3
1527304396.98	4300	59.997647	0.0	2184571	20	4.3
1527304401.1	4300	59.748647	0.0	2121928	23	4.3
1527304405.21	4300	59.74886	0.0	2219102	25	4.3
