1527227728.67	750	4	0.029	2354772	7	-0.12470000000000003
1527227728.8	4300	7.955895	0.0	2123065	23	0.75
1527227728.9	4300	11.855943	0.0	2177073	24	4.3
1527227728.99	4300	15.772064	0.0	2160877	12	4.3
1527227729.07	4300	19.685388	0.0	2233056	13	4.3
1527227729.14	4300	23.615543	0.0	1941625	6	4.3
1527227729.21	4300	27.543834	0.0	2157535	8	4.3
1527227729.28	4300	31.472647	0.0	2290172	8	4.3
1527227729.35	4300	35.402571	0.0	2055469	7	4.3
1527227729.43	4300	39.331022	0.0	2169201	8	4.3
1527227729.5	4300	43.258793	0.0	2173522	8	4.3
1527227729.57	4300	47.187579	0.0	2102452	7	4.3
1527227729.64	4300	51.116797	0.0	2209463	7	4.3
1527227729.72	4300	55.041582	0.0	2275376	8	4.3
1527227729.79	4300	58.968088	0.0	2005399	5	4.3
1527227732.87	4300	59.998799	0.0	2152483	7	4.3
1527227737.09	4300	59.998894	0.0	2289689	27	4.3
1527227741.2	4300	59.997969	0.0	2059512	18	4.3
1527227744.81	4300	59.998549	0.0	2220726	19	4.3
1527227748.93	4300	59.998788	0.0	2156729	25	4.3
1527227753.04	4300	59.748831	0.0	2039773	21	4.3
1527227757.15	4300	59.749028	0.0	2176469	24	4.3
1527227761.26	4300	59.498645	0.0	2221506	25	4.3
1527227765.37	4300	59.748618	0.0	2044075	21	4.3
1527227768.98	4300	59.999478	0.0	2186790	23	4.3
1527227773.09	4300	59.997845	0.0	2105231	19	4.3
1527227777.2	4300	59.999263	0.0	2395588	21	4.3
1527227781.29	4300	59.497902	0.0	1972048	9	4.3
1527227784.91	4300	59.998598	0.0	2134614	24	4.3
1527227789.02	4300	59.748672	0.0	2164140	22	4.3
1527227793.13	4300	59.748595	0.0	2113193	22	4.3
1527227797.24	4300	59.749187	0.0	2147852	18	4.3
1527227801.36	4300	59.74865	0.0	2191074	25	4.3
1527227804.98	4300	59.997882	0.0	2286761	25	4.3
1527227809.09	4300	59.998644	0.0	2307787	20	4.3
1527227813.2	4300	59.998104	0.0	2143948	19	4.3
1527227816.82	4300	59.997771	0.0	1919781	22	4.3
1527227821.44	4300	59.748401	0.0	2147467	24	4.3
1527227825.05	4300	59.748584	0.0	2133870	24	4.3
1527227829.16	4300	59.749189	0.0	2146120	20	4.3
1527227833.29	4300	59.498774	0.0	2108491	25	4.3
1527227836.9	4300	59.998781	0.0	2184571	24	4.3
1527227841.02	4300	59.747534	0.0	2121928	18	4.3
1527227845.12	4300	59.748668	0.0	2219102	18	4.3
1527227849.23	4300	59.588053	0.0	2124950	20	4.3
1527227852.85	4300	59.998041	0.0	2246506	22	4.3
1527227857.46	4300	59.747785	0.0	1961140	21	4.3
1527227861.08	4300	59.99852	0.0	2155012	23	4.3
1527227862.68	4300	59.927923	0.0	1433658	18	4.3

1527227862.97	750	4	0.019	668286	2	-0.0817
1527227863.06	4300	7.964921	0.0	2123065	15	0.75
1527227863.18	4300	11.852269	0.0	2177073	27	4.3
1527227863.26	4300	15.769142	0.0	2160877	12	4.3
1527227863.34	4300	19.685109	0.0	2233056	10	4.3
1527227863.42	4300	23.605239	0.0	1941625	10	4.3
1527227863.52	4300	27.515003	0.0	2157535	11	4.3
1527227863.61	4300	31.420973	0.0	2290172	13	4.3
1527227863.72	4300	35.312609	0.0	2055469	24	4.3
1527227863.87	4300	39.230479	0.0	2169201	12	4.3
1527227863.96	4300	43.068063	0.0	2173522	19	4.3
1527227864.06	4300	46.965389	0.0	2102452	20	4.3
1527227864.15	4300	50.877828	0.0	2209463	14	4.3
1527227864.23	4300	54.80101	0.0	2275376	9	4.3
1527227864.32	4300	58.710445	0.0	2005399	18	4.3
1527227867.41	4300	59.74825	0.0	2152483	9	4.3
1527227871.51	4300	59.997938	0.0	2289689	14	4.3
1527227875.62	4300	59.748753	0.0	2059512	22	4.3
1527227879.74	4300	59.748294	0.0	2220726	24	4.3
1527227883.35	4300	59.748723	0.0	2156729	21	4.3
1527227887.47	4300	59.748832	0.0	2039773	23	4.3
1527227891.08	4300	59.998737	0.0	2176469	24	4.3
1527227895.73	4300	59.749206	0.0	2221506	20	4.3
1527227899.4	4300	59.747744	0.0	2044075	19	4.3
1527227903.52	4300	59.74915	0.0	2186790	24	4.3
1527227907.17	4300	59.99935	0.0	2105231	24	4.3
1527227911.29	4300	59.99899	0.0	2395588	26	4.3
1527227915.4	4300	59.748196	0.0	1972048	22	4.3
1527227919.52	4300	59.749095	0.0	2134614	24	4.3
1527227923.63	4300	59.497958	0.0	2164140	22	4.3
1527227927.24	4300	59.998885	0.0	2113193	22	4.3
1527227931.34	4300	59.747848	0.0	2147852	15	4.3
1527227935.46	4300	59.998198	0.0	2191074	24	4.3
1527227939.07	4300	59.999187	0.0	2286761	22	4.3
1527227943.19	4300	59.998776	0.0	2307787	27	4.3
1527227947.3	4300	59.749151	0.0	2143948	23	4.3
1527227951.41	4300	59.748994	0.0	1919781	22	4.3
1527227955.52	4300	59.747779	0.0	2147467	24	4.3
1527227959.12	4300	59.998654	0.0	2133870	21	4.3
1527227963.22	4300	59.997827	0.0	2146120	9	4.3
1527227967.33	4300	59.74851	0.0	2108491	23	4.3
1527227971.45	4300	59.749102	0.0	2184571	24	4.3
1527227975.57	4300	59.498007	0.0	2121928	19	4.3
1527227979.19	4300	59.997546	0.0	2219102	24	4.3
1527227983.3	4300	59.749106	0.0	2124950	23	4.3
1527227987.42	4300	59.748245	0.0	2246506	22	4.3
1527227991.04	4300	59.999245	0.0	1961140	23	4.3
1527227995.65	4300	59.748718	0.0	2155012	23	4.3
1527227997.25	4300	59.678372	0.0	1433658	16	4.3

1527227997.53	750	4	0.014	668286	3	-0.06020000000000003
1527227997.63	4300	7.962357	0.0	2123065	15	0.75
1527227997.73	4300	11.860644	0.0	2177073	25	4.3
1527227997.82	4300	15.77985	0.0	2160877	12	4.3
1527227997.9	4300	19.69108	0.0	2233056	16	4.3
1527227997.98	4300	23.61945	0.0	1941625	7	4.3
1527227998.05	4300	27.54637	0.0	2157535	8	4.3
1527227998.12	4300	31.473722	0.0	2290172	9	4.3
1527227998.19	4300	35.4018	0.0	2055469	8	4.3
1527227998.27	4300	39.326967	0.0	2169201	9	4.3
1527227998.37	4300	43.227243	0.0	2173522	21	4.3
1527227998.46	4300	47.139241	0.0	2102452	13	4.3
1527227998.54	4300	51.053017	0.0	2209463	15	4.3
1527227998.65	4300	54.946598	0.0	2275376	20	4.3
1527227998.72	4300	58.869572	0.0	2005399	7	4.3
1527228001.84	4300	59.997656	0.0	2152483	21	4.3
1527228005.95	4300	59.749423	0.0	2289689	23	4.3
1527228010.06	4300	59.748616	0.0	2059512	20	4.3
1527228013.67	4300	59.998498	0.0	2220726	23	4.3
1527228017.78	4300	59.998841	0.0	2156729	18	4.3
1527228021.88	4300	59.747951	0.0	2039773	19	4.3
1527228025.99	4300	59.749263	0.0	2176469	20	4.3
1527228029.6	4300	59.997848	0.0	2221506	22	4.3
1527228034.22	4300	59.498798	0.0	2044075	22	4.3
1527228037.83	4300	59.999289	0.0	2186790	19	4.3
1527228041.95	4300	59.74756	0.0	2105231	25	4.3
1527228046.07	4300	59.748214	0.0	2395588	21	4.3
1527228050.16	4300	59.747766	0.0	1972048	14	4.3
1527228054.28	4300	59.748427	0.0	2134614	23	4.3
1527228057.88	4300	59.732577	0.0	2164140	24	4.3
1527228061.99	4300	59.749345	0.0	2113193	18	4.3
1527228066.11	4300	59.998072	0.0	2147852	21	4.3
1527228069.73	4300	59.99897	0.0	2191074	26	4.3
1527228074.4	4300	59.748483	0.0	2286761	23	4.3
1527228078.01	4300	59.998658	0.0	2307787	26	4.3
