1527273211.26	750	4	0.029	2354772	7	-0.12470000000000003
1527273211.38	4300	7.986851	0.0	2123065	6	0.75
1527273211.53	4300	11.83548	0.0	2177073	24	4.3
1527273211.68	4300	15.683594	0.0	2160877	20	4.3
1527273211.81	4300	19.553123	0.0	2233056	13	4.3
1527273211.94	4300	23.422506	0.0	1941625	14	4.3
1527273212.06	4300	27.303801	0.0	2157535	7	4.3
1527273212.21	4300	31.161548	0.0	2290172	18	4.3
1527273212.33	4300	35.030377	0.0	2055469	10	4.3
1527273212.46	4300	38.902817	0.0	2169201	12	4.3
1527273212.59	4300	42.774288	0.0	2173522	12	4.3
1527273212.72	4300	46.645146	0.0	2102452	11	4.3
1527273212.85	4300	50.5161	0.0	2209463	11	4.3
1527273212.99	4300	54.379924	0.0	2275376	13	4.3
1527273213.14	4300	58.23089	0.0	2005399	16	4.3
1527273215.78	4300	59.748465	0.0	2152483	15	4.3
1527273219.94	4300	59.747843	0.0	2289689	21	4.3
1527273223.61	4300	59.999493	0.0	2059512	17	4.3
1527273227.78	4300	59.999267	0.0	2220726	24	4.3
1527273231.95	4300	59.498997	0.0	2156729	24	4.3
1527273235.6	4300	59.998891	0.0	2039773	18	4.3
1527273239.76	4300	59.749518	0.0	2176469	21	4.3
1527273243.43	4300	59.99795	0.0	2221506	25	4.3
1527273247.59	4300	59.998505	0.0	2044075	21	4.3
1527273251.75	4300	59.7484	0.0	2186790	25	4.3
1527273255.92	4300	59.748665	0.0	2105231	18	4.3
1527273260.07	4300	59.749247	0.0	2395588	22	4.3
1527273263.73	4300	59.749431	0.0	1972048	22	4.3
1527273267.89	4300	59.747812	0.0	2134614	25	4.3
1527273272.05	4300	59.498602	0.0	2164140	24	4.3
1527273275.71	4300	59.748802	0.0	2113193	19	4.3
1527273279.87	4300	59.749353	0.0	2147852	22	4.3
1527273283.53	4300	59.998294	0.0	2191074	25	4.3
1527273287.69	4300	59.74837	0.0	2286761	26	4.3
1527273291.86	4300	59.748791	0.0	2307787	26	4.3
1527273295.55	4300	59.998865	0.0	2143948	23	4.3
1527273299.71	4300	59.749069	0.0	1919781	16	4.3
1527273303.87	4300	59.997643	0.0	2147467	23	4.3
1527273307.53	4300	59.998475	0.0	2133870	24	4.3
1527273311.69	4300	59.997977	0.0	2146120	25	4.3
1527273315.85	4300	59.998689	0.0	2108491	17	4.3
1527273319.51	4300	59.998484	0.0	2184571	26	4.3
1527273323.67	4300	59.99749	0.0	2121928	22	4.3
1527273327.84	4300	59.748363	0.0	2219102	24	4.3
1527273331.5	4300	59.998522	0.0	2124950	25	4.3
1527273335.65	4300	59.99854	0.0	2246506	19	4.3
1527273339.79	4300	59.747449	0.0	1961140	22	4.3
1527273343.93	4300	59.747342	0.0	2155012	20	4.3
1527273345.54	4300	59.678726	0.0	1433658	16	4.3

1527273345.82	750	4	0.016	668286	2	-0.06879999999999997
1527273345.98	4300	7.946157	0.0	2123065	9	0.75
1527273346.16	4300	11.769722	0.0	2177073	21	4.3
1527273346.29	4300	15.630309	0.0	2160877	17	4.3
1527273346.44	4300	19.481671	0.0	2233056	24	4.3
1527273346.58	4300	23.342251	0.0	1941625	14	4.3
1527273346.73	4300	27.197327	0.0	2157535	18	4.3
1527273346.88	4300	31.049633	0.0	2290172	20	4.3
1527273347.01	4300	34.917315	0.0	2055469	13	4.3
1527273347.13	4300	38.798706	0.0	2169201	8	4.3
1527273347.28	4300	42.646808	0.0	2173522	23	4.3
1527273347.42	4300	46.5101	0.0	2102452	15	4.3
1527273347.55	4300	50.375267	0.0	2209463	15	4.3
1527273347.7	4300	54.224285	0.0	2275376	25	4.3
1527273347.85	4300	58.074289	0.0	2005399	21	4.3
1527273350.01	4300	59.998493	0.0	2152483	25	4.3
1527273354.68	4300	59.499703	0.0	2289689	27	4.3
1527273358.33	4300	59.997996	0.0	2059512	21	4.3
1527273361.99	4300	59.998447	0.0	2220726	24	4.3
1527273366.65	4300	59.498298	0.0	2156729	25	4.3
1527273370.31	4300	59.749721	0.0	2039773	23	4.3
1527273374.48	4300	59.498944	0.0	2176469	25	4.3
1527273378.15	4300	59.99816	0.0	2221506	26	4.3
1527273382.43	4300	59.748952	0.0	2044075	18	4.3
1527273386.1	4300	59.998262	0.0	2186790	26	4.3
1527273390.25	4300	59.999193	0.0	2105231	15	4.3
1527273394.41	4300	59.749132	0.0	2395588	26	4.3
1527273398.04	4300	59.999191	0.0	1972048	10	4.3
1527273402.2	4300	59.748695	0.0	2134614	24	4.3
1527273406.37	4300	59.748825	0.0	2164140	24	4.3
1527273410.51	4300	59.747844	0.0	2113193	14	4.3
1527273414.18	4300	59.998305	0.0	2147852	20	4.3
1527273418.33	4300	59.749471	0.0	2191074	17	4.3
1527273422.49	4300	59.498181	0.0	2286761	24	4.3
1527273426.15	4300	59.999115	0.0	2307787	26	4.3
1527273430.32	4300	59.997994	0.0	2143948	24	4.3
1527273433.97	4300	59.999184	0.0	1919781	16	4.3
1527273438.13	4300	59.998463	0.0	2147467	22	4.3
1527273442.29	4300	59.997857	0.0	2133870	26	4.3
1527273445.95	4300	59.997611	0.0	2146120	26	4.3
1527273450.12	4300	59.999324	0.0	2108491	23	4.3
1527273454.29	4300	59.997701	0.0	2184571	24	4.3
1527273457.94	4300	59.999178	0.0	2121928	17	4.3
1527273462.1	4300	59.998588	0.0	2219102	20	4.3
1527273466.26	4300	59.747535	0.0	2124950	23	4.3
1527273470.42	4300	59.998947	0.0	2246506	26	4.3
1527273474.06	4300	59.999427	0.0	1961140	24	4.3
1527273478.25	4300	59.747812	0.0	2155012	24	4.3
1527273479.86	4300	59.928672	0.0	1433658	16	4.3

1527273480.16	750	4	0.017	668286	4	-0.07309999999999994
1527273480.32	4300	7.954622	0.0	2123065	17	0.75
1527273480.46	4300	11.810664	0.0	2177073	14	4.3
1527273480.6	4300	15.672215	0.0	2160877	12	4.3
1527273480.72	4300	19.551359	0.0	2233056	8	4.3
1527273480.84	4300	23.432054	0.0	1941625	7	4.3
1527273480.96	4300	27.311058	0.0	2157535	7	4.3
1527273481.08	4300	31.18981	0.0	2290172	8	4.3
1527273481.21	4300	35.060843	0.0	2055469	7	4.3
1527273481.33	4300	38.940912	0.0	2169201	8	4.3
1527273481.45	4300	42.820744	0.0	2173522	8	4.3
1527273481.61	4300	46.67021	0.0	2102452	22	4.3
1527273481.76	4300	50.517125	0.0	2209463	22	4.3
1527273481.9	4300	54.380671	0.0	2275376	16	4.3
1527273482.05	4300	58.224273	0.0	2005399	28	4.3
1527273484.7	4300	59.749469	0.0	2152483	12	4.3
1527273488.34	4300	59.998948	0.0	2289689	12	4.3
