1527200691.33	750	4	0.03	2354772	7	-0.129
1527200691.49	4300	7.954975	0.0	2123065	24	0.75
1527200691.64	4300	11.803368	0.0	2177073	23	4.3
1527200691.84	4300	15.674061	0.0	2160877	12	4.3
1527200691.96	4300	19.478746	0.0	2233056	13	4.3
1527200692.1	4300	23.344011	0.0	1941625	16	4.3
1527200692.24	4300	27.206432	0.0	2157535	17	4.3
1527200692.39	4300	31.05559	0.0	2290172	26	4.3
1527200692.52	4300	34.924534	0.0	2055469	14	4.3
1527200692.67	4300	38.769534	0.0	2169201	15	4.3
1527200692.81	4300	42.636216	0.0	2173522	17	4.3
1527200692.93	4300	46.514944	0.0	2102452	9	4.3
1527200693.08	4300	50.364312	0.0	2209463	24	4.3
1527200693.22	4300	54.223198	0.0	2275376	15	4.3
1527200693.35	4300	58.08767	0.0	2005399	8	4.3
1527200695.51	4300	59.999147	0.0	2152483	25	4.3
1527200699.67	4300	59.998878	0.0	2289689	26	4.3
1527200703.83	4300	59.748568	0.0	2059512	24	4.3
1527200707.49	4300	59.99855	0.0	2220726	21	4.3
1527200712.15	4300	59.498894	0.0	2156729	20	4.3
1527200715.78	4300	59.998983	0.0	2039773	6	4.3
1527200719.93	4300	59.748348	0.0	2176469	20	4.3
1527200723.6	4300	59.998528	0.0	2221506	24	4.3
1527200727.76	4300	59.999001	0.0	2044075	23	4.3
1527200731.92	4300	59.74867	0.0	2186790	25	4.3
1527200736.08	4300	59.749106	0.0	2105231	24	4.3
1527200739.74	4300	59.748501	0.0	2395588	25	4.3
1527200744.15	4300	59.998118	0.0	1972048	21	4.3
1527200747.8	4300	59.998927	0.0	2134614	24	4.3
1527200751.47	4300	59.999432	0.0	2164140	25	4.3
1527200755.73	4300	59.999384	0.0	2113193	24	4.3
1527200759.89	4300	59.74901	0.0	2147852	20	4.3
1527200763.55	4300	59.999328	0.0	2191074	24	4.3
1527200767.72	4300	59.998097	0.0	2286761	26	4.3
1527200771.88	4300	59.998568	0.0	2307787	26	4.3
1527200776.03	4300	59.497996	0.0	2143948	15	4.3
1527200780.18	4300	59.497808	0.0	1919781	21	4.3
1527200783.84	4300	59.749207	0.0	2147467	20	4.3
1527200787.5	4300	59.998938	0.0	2133870	24	4.3
1527200791.65	4300	59.997663	0.0	2146120	24	4.3
1527200795.82	4300	59.749556	0.0	2108491	24	4.3
1527200799.49	4300	59.998726	0.0	2184571	24	4.3
1527200803.65	4300	59.997883	0.0	2121928	23	4.3
1527200807.82	4300	59.748523	0.0	2219102	23	4.3
1527200811.47	4300	59.997719	0.0	2124950	20	4.3
1527200816.13	4300	59.499217	0.0	2246506	26	4.3
1527200819.77	4300	59.997363	0.0	1961140	20	4.3
1527200823.9	4300	59.748815	0.0	2155012	23	4.3
1527200825.51	4300	59.679399	0.0	1433658	17	4.3

1527200825.78	750	4	0.014	668286	2	-0.06020000000000003
1527200825.93	4300	7.963497	0.0	2123065	11	0.75
1527200826.05	4300	11.845154	0.0	2177073	8	4.3
1527200826.17	4300	15.722497	0.0	2160877	8	4.3
1527200826.29	4300	19.603464	0.0	2233056	9	4.3
1527200826.4	4300	23.487171	0.0	1941625	8	4.3
1527200826.52	4300	27.368781	0.0	2157535	9	4.3
1527200826.68	4300	31.215042	0.0	2290172	24	4.3
1527200826.81	4300	35.075957	0.0	2055469	14	4.3
1527200826.95	4300	38.936515	0.0	2169201	19	4.3
1527200827.09	4300	42.800222	0.0	2173522	18	4.3
1527200827.21	4300	46.679006	0.0	2102452	9	4.3
1527200827.34	4300	50.550526	0.0	2209463	10	4.3
1527200827.46	4300	54.429298	0.0	2275376	10	4.3
1527200827.62	4300	58.294458	0.0	2005399	17	4.3
1527200830.3	4300	59.749533	0.0	2152483	20	4.3
1527200834.44	4300	59.748259	0.0	2289689	12	4.3
1527200838.6	4300	59.498968	0.0	2059512	23	4.3
1527200842.26	4300	59.997941	0.0	2220726	20	4.3
1527200846.42	4300	59.498014	0.0	2156729	20	4.3
1527200850.58	4300	59.498846	0.0	2039773	22	4.3
1527200854.24	4300	59.749369	0.0	2176469	23	4.3
1527200857.9	4300	59.997918	0.0	2221506	25	4.3
1527200862.06	4300	59.998801	0.0	2044075	23	4.3
1527200866.23	4300	59.998672	0.0	2186790	25	4.3
1527200870.38	4300	59.997883	0.0	2105231	19	4.3
1527200874.04	4300	59.998593	0.0	2395588	26	4.3
1527200878.2	4300	59.74893	0.0	1972048	25	4.3
1527200882.36	4300	59.748073	0.0	2134614	21	4.3
1527200886.01	4300	59.998817	0.0	2164140	24	4.3
1527200890.17	4300	59.747601	0.0	2113193	22	4.3
1527200894.35	4300	59.749046	0.0	2147852	26	4.3
1527200898.01	4300	59.998991	0.0	2191074	25	4.3
1527200902.17	4300	59.74892	0.0	2286761	24	4.3
1527200906.4	4300	59.748894	0.0	2307787	26	4.3
1527200910.55	4300	59.747676	0.0	2143948	22	4.3
1527200914.21	4300	59.748833	0.0	1919781	21	4.3
1527200918.38	4300	59.99847	0.0	2147467	26	4.3
1527200922.63	4300	59.499228	0.0	2133870	17	4.3
1527200926.3	4300	59.998424	0.0	2146120	23	4.3
1527200930.01	4300	59.999085	0.0	2108491	24	4.3
1527200934.18	4300	59.998652	0.0	2184571	24	4.3
1527200938.35	4300	59.749391	0.0	2121928	24	4.3
1527200942.01	4300	59.998788	0.0	2219102	19	4.3
1527200946.16	4300	59.747348	0.0	2124950	23	4.3
1527200950.33	4300	59.748771	0.0	2246506	25	4.3
1527200954.47	4300	59.748529	0.0	1961140	23	4.3
1527200958.11	4300	59.999448	0.0	2155012	29	4.3
1527200960.21	4300	59.429029	0.0	1433658	10	4.3

1527200960.5	750	4	0.018	668286	3	-0.07740000000000002
1527200960.66	4300	7.949379	0.0	2123065	20	0.75
1527200960.81	4300	11.799217	0.0	2177073	24	4.3
1527200960.94	4300	15.669258	0.0	2160877	13	4.3
1527200961.06	4300	19.549949	0.0	2233056	7	4.3
1527200961.18	4300	23.433444	0.0	1941625	6	4.3
1527200961.3	4300	27.314975	0.0	2157535	7	4.3
1527200961.41	4300	31.196067	0.0	2290172	8	4.3
1527200961.55	4300	35.060563	0.0	2055469	16	4.3
1527200961.67	4300	38.937361	0.0	2169201	11	4.3
1527200961.8	4300	42.812492	0.0	2173522	10	4.3
1527200961.94	4300	46.684169	0.0	2102452	11	4.3
1527200962.07	4300	50.542146	0.0	2209463	11	4.3
1527200962.22	4300	54.394829	0.0	2275376	24	4.3
1527200962.36	4300	58.247334	0.0	2005399	27	4.3
1527200964.99	4300	59.748864	0.0	2152483	7	4.3
1527200968.64	4300	59.999047	0.0	2289689	23	4.3
1527200973.3	4300	59.748373	0.0	2059512	23	4.3
1527200976.97	4300	59.7488	0.0	2220726	25	4.3
1527200981.13	4300	59.748546	0.0	2156729	24	4.3
1527200985.28	4300	59.74856	0.0	2039773	17	4.3
1527200988.95	4300	59.998539	0.0	2176469	24	4.3
1527200993.12	4300	59.748371	0.0	2221506	25	4.3
1527200997.27	4300	59.498395	0.0	2044075	22	4.3
1527201000.94	4300	59.747809	0.0	2186790	25	4.3
1527201005.1	4300	59.748428	0.0	2105231	23	4.3
1527201008.76	4300	59.998204	0.0	2395588	20	4.3
1527201012.91	4300	59.749003	0.0	1972048	20	4.3
1527201017.07	4300	59.747931	0.0	2134614	25	4.3
1527201021.25	4300	59.747682	0.0	2164140	25	4.3
