1527235533.71	750	4	0.027	2354772	8	-0.11609999999999998
1527235533.86	4300	7.959336	0.0	2123065	22	0.75
1527235534.01	4300	11.808553	0.0	2177073	23	4.3
1527235534.17	4300	15.65714	0.0	2160877	21	4.3
1527235534.29	4300	19.529347	0.0	2233056	12	4.3
1527235534.42	4300	23.402834	0.0	1941625	12	4.3
1527235534.56	4300	27.2584	0.0	2157535	21	4.3
1527235534.69	4300	31.129982	0.0	2290172	13	4.3
1527235534.84	4300	34.986254	0.0	2055469	22	4.3
1527235534.98	4300	38.839414	0.0	2169201	24	4.3
1527235535.12	4300	42.707217	0.0	2173522	15	4.3
1527235535.25	4300	46.574887	0.0	2102452	13	4.3
1527235535.38	4300	50.443143	0.0	2209463	15	4.3
1527235535.51	4300	54.306312	0.0	2275376	15	4.3
1527235535.67	4300	58.15009	0.0	2005399	36	4.3
1527235537.83	4300	59.999377	0.0	2152483	23	4.3
1527235541.99	4300	59.998139	0.0	2289689	25	4.3
1527235546.18	4300	59.748595	0.0	2059512	25	4.3
1527235549.84	4300	59.997787	0.0	2220726	23	4.3
1527235553.99	4300	59.998008	0.0	2156729	23	4.3
1527235558.15	4300	59.997839	0.0	2039773	23	4.3
1527235562.3	4300	59.747881	0.0	2176469	19	4.3
1527235565.97	4300	59.998199	0.0	2221506	24	4.3
1527235570.13	4300	59.749336	0.0	2044075	23	4.3
1527235574.3	4300	59.999409	0.0	2186790	25	4.3
1527235577.96	4300	59.999043	0.0	2105231	15	4.3
1527235582.13	4300	59.749398	0.0	2395588	27	4.3
1527235586.29	4300	59.749562	0.0	1972048	18	4.3
1527235589.94	4300	59.998469	0.0	2134614	24	4.3
1527235594.1	4300	59.998271	0.0	2164140	25	4.3
1527235598.27	4300	59.748019	0.0	2113193	23	4.3
1527235601.95	4300	59.999448	0.0	2147852	14	4.3
1527235606.1	4300	59.998375	0.0	2191074	24	4.3
1527235610.27	4300	59.997751	0.0	2286761	24	4.3
1527235613.91	4300	59.999324	0.0	2307787	16	4.3
1527235618.57	4300	59.49847	0.0	2143948	24	4.3
1527235622.22	4300	59.997652	0.0	1919781	18	4.3
1527235625.88	4300	59.998056	0.0	2147467	23	4.3
1527235630.55	4300	59.748505	0.0	2133870	23	4.3
1527235634.2	4300	59.747564	0.0	2146120	19	4.3
1527235638.41	4300	59.747596	0.0	2108491	22	4.3
1527235642.58	4300	59.498561	0.0	2184571	25	4.3
1527235646.23	4300	59.998157	0.0	2121928	19	4.3
1527235650.39	4300	59.499045	0.0	2219102	22	4.3
1527235654.56	4300	59.49742	0.0	2124950	23	4.3
1527235658.21	4300	59.747937	0.0	2246506	25	4.3
1527235661.85	4300	59.999116	0.0	1961140	21	4.3
1527235665.99	4300	59.998535	0.0	2155012	23	4.3
1527235668.09	4300	59.677699	0.0	1433658	13	4.3

1527235668.4	750	4	0.016	668286	3	-0.06879999999999997
1527235668.56	4300	7.956755	0.0	2123065	16	0.75
1527235668.7	4300	11.815222	0.0	2177073	19	4.3
1527235668.83	4300	15.682138	0.0	2160877	13	4.3
1527235668.95	4300	19.559266	0.0	2233056	8	4.3
1527235669.07	4300	23.440799	0.0	1941625	7	4.3
1527235669.19	4300	27.321581	0.0	2157535	8	4.3
1527235669.31	4300	31.203339	0.0	2290172	9	4.3
1527235669.46	4300	35.065293	0.0	2055469	18	4.3
1527235669.6	4300	38.912612	0.0	2169201	19	4.3
1527235669.73	4300	42.785848	0.0	2173522	13	4.3
1527235669.85	4300	46.661428	0.0	2102452	12	4.3
1527235669.98	4300	50.535863	0.0	2209463	12	4.3
1527235670.14	4300	54.377669	0.0	2275376	29	4.3
1527235670.28	4300	58.231329	0.0	2005399	20	4.3
1527235672.93	4300	59.749812	0.0	2152483	12	4.3
1527235677.09	4300	59.498979	0.0	2289689	23	4.3
1527235681.24	4300	59.499464	0.0	2059512	24	4.3
1527235684.9	4300	59.748155	0.0	2220726	20	4.3
1527235688.56	4300	59.998395	0.0	2156729	23	4.3
1527235692.71	4300	59.998282	0.0	2039773	22	4.3
1527235696.88	4300	59.998741	0.0	2176469	24	4.3
1527235700.54	4300	59.998646	0.0	2221506	20	4.3
1527235704.69	4300	59.99904	0.0	2044075	21	4.3
1527235708.85	4300	59.747883	0.0	2186790	26	4.3
1527235713.02	4300	59.498831	0.0	2105231	24	4.3
1527235717.18	4300	59.498774	0.0	2395588	22	4.3
1527235720.83	4300	59.749525	0.0	1972048	21	4.3
1527235724.99	4300	59.998681	0.0	2134614	24	4.3
1527235729.15	4300	59.749213	0.0	2164140	20	4.3
1527235732.8	4300	59.748667	0.0	2113193	23	4.3
1527235736.97	4300	59.749379	0.0	2147852	24	4.3
1527235740.63	4300	59.999184	0.0	2191074	23	4.3
1527235744.79	4300	59.74922	0.0	2286761	25	4.3
1527235748.97	4300	59.74879	0.0	2307787	26	4.3
1527235752.63	4300	59.998702	0.0	2143948	23	4.3
1527235756.79	4300	59.998916	0.0	1919781	20	4.3
1527235760.95	4300	59.747974	0.0	2147467	20	4.3
1527235764.6	4300	59.998278	0.0	2133870	24	4.3
1527235769.26	4300	59.497877	0.0	2146120	24	4.3
1527235772.92	4300	59.748025	0.0	2108491	21	4.3
1527235776.57	4300	59.99894	0.0	2184571	23	4.3
1527235780.73	4300	59.999413	0.0	2121928	23	4.3
1527235784.89	4300	59.99777	0.0	2219102	18	4.3
1527235788.6	4300	59.99911	0.0	2124950	25	4.3
1527235792.76	4300	59.999296	0.0	2246506	26	4.3
1527235796.88	4300	59.748679	0.0	1961140	14	4.3
1527235801.02	4300	59.74856	0.0	2155012	23	4.3
1527235802.63	4300	59.678173	0.0	1433658	16	4.3

1527235802.93	750	4	0.019	668286	5	-0.0817
1527235803.09	4300	7.946902	0.0	2123065	24	0.75
1527235803.24	4300	11.795665	0.0	2177073	25	4.3
1527235803.38	4300	15.666405	0.0	2160877	14	4.3
1527235803.5	4300	19.536905	0.0	2233056	12	4.3
1527235803.63	4300	23.411443	0.0	1941625	12	4.3
1527235803.76	4300	27.279901	0.0	2157535	13	4.3
1527235803.89	4300	31.15138	0.0	2290172	13	4.3
1527235804.0	4300	35.036055	0.0	2055469	8	4.3
1527235804.12	4300	38.91809	0.0	2169201	8	4.3
1527235804.24	4300	42.801305	0.0	2173522	8	4.3
1527235804.35	4300	46.68511	0.0	2102452	8	4.3
1527235804.47	4300	50.568054	0.0	2209463	8	4.3
1527235804.62	4300	54.41738	0.0	2275376	24	4.3
1527235804.77	4300	58.270694	0.0	2005399	28	4.3
1527235807.42	4300	59.749071	0.0	2152483	22	4.3
