1527289593.66	750	4	0.02	450283	1	-0.08599999999999997
1527289593.73	4300	7.979328	0.0	2123065	7	0.75
1527289593.82	4300	11.894404	0.0	2177073	15	4.3
1527289593.91	4300	15.807316	0.0	2160877	15	4.3
1527289593.99	4300	19.719801	0.0	2233056	15	4.3
1527289594.06	4300	23.650413	0.0	1941625	7	4.3
1527289594.13	4300	27.580523	0.0	2157535	8	4.3
1527289594.21	4300	31.509137	0.0	2290172	8	4.3
1527289594.28	4300	35.43787	0.0	2055469	7	4.3
1527289594.38	4300	39.340181	0.0	2169201	21	4.3
1527289594.47	4300	43.244766	0.0	2173522	19	4.3
1527289594.56	4300	47.150956	0.0	2102452	20	4.3
1527289594.66	4300	51.054353	0.0	2209463	24	4.3
1527289594.74	4300	54.968652	0.0	2275376	14	4.3
1527289594.84	4300	58.877088	0.0	2005399	21	4.3
1527289598.43	4300	59.749182	0.0	2152483	12	4.3
1527289602.04	4300	59.998212	0.0	2289689	24	4.3
1527289606.25	4300	59.749393	0.0	2059512	24	4.3
1527289609.87	4300	59.999463	0.0	2220726	25	4.3
1527289613.98	4300	59.749155	0.0	2156729	21	4.3
1527289618.09	4300	59.749424	0.0	2039773	21	4.3
1527289622.2	4300	59.998483	0.0	2176469	21	4.3
1527289626.31	4300	59.49923	0.0	2221506	21	4.3
1527289629.92	4300	59.998924	0.0	2044075	19	4.3
1527289634.03	4300	59.74792	0.0	2186790	25	4.3
1527289638.15	4300	59.748705	0.0	2105231	24	4.3
1527289641.76	4300	59.998876	0.0	2395588	27	4.3
1527289645.86	4300	59.998557	0.0	1972048	21	4.3
1527289649.97	4300	59.998647	0.0	2134614	22	4.3
1527289654.09	4300	59.74823	0.0	2164140	25	4.3
1527289658.2	4300	59.749168	0.0	2113193	19	4.3
1527289662.31	4300	59.497499	0.0	2147852	20	4.3
1527289665.93	4300	59.99812	0.0	2191074	27	4.3
1527289670.04	4300	59.99793	0.0	2286761	23	4.3
1527289674.15	4300	59.998857	0.0	2307787	26	4.3
1527289677.77	4300	59.998569	0.0	2143948	22	4.3
1527289681.88	4300	59.997895	0.0	1919781	21	4.3
1527289686.0	4300	59.747486	0.0	2147467	25	4.3
1527289690.11	4300	59.748479	0.0	2133870	26	4.3
1527289693.73	4300	59.999259	0.0	2146120	21	4.3
1527289698.34	4300	59.498492	0.0	2108491	24	4.3
1527289701.95	4300	59.999306	0.0	2184571	20	4.3
1527289706.07	4300	59.748624	0.0	2121928	24	4.3
1527289710.19	4300	59.748313	0.0	2219102	26	4.3
1527289714.29	4300	59.497894	0.0	2124950	21	4.3
1527289718.41	4300	59.747567	0.0	2246506	23	4.3
1527289722.01	4300	59.747183	0.0	1961140	20	4.3
1527289726.12	4300	59.997685	0.0	2155012	21	4.3
1527289728.22	4300	59.677701	0.0	1433658	15	4.3

1527289728.49	750	4	0.025	2354772	9	-0.10750000000000004
1527289728.56	4300	7.986217	0.0	2123065	8	0.75
1527289728.65	4300	11.896249	0.0	2177073	18	4.3
1527289728.75	4300	15.788819	0.0	2160877	24	4.3
1527289728.85	4300	19.695243	0.0	2233056	22	4.3
1527289728.94	4300	23.603647	0.0	1941625	21	4.3
1527289729.02	4300	27.524109	0.0	2157535	11	4.3
1527289729.09	4300	31.45172	0.0	2290172	8	4.3
1527289729.16	4300	35.382692	0.0	2055469	7	4.3
1527289729.23	4300	39.313121	0.0	2169201	8	4.3
1527289729.3	4300	43.242587	0.0	2173522	7	4.3
1527289729.39	4300	47.155935	0.0	2102452	18	4.3
1527289729.47	4300	51.067599	0.0	2209463	24	4.3
1527289729.54	4300	54.998379	0.0	2275376	8	4.3
1527289729.61	4300	58.931355	0.0	2005399	6	4.3
1527289732.69	4300	59.998885	0.0	2152483	7	4.3
1527289736.79	4300	59.998941	0.0	2289689	22	4.3
1527289740.9	4300	59.998831	0.0	2059512	22	4.3
1527289745.02	4300	59.748572	0.0	2220726	24	4.3
1527289749.12	4300	59.499011	0.0	2156729	24	4.3
1527289753.94	4300	59.747882	0.0	2039773	21	4.3
1527289757.02	4300	59.499324	0.0	2176469	25	4.3
1527289761.21	4300	59.748241	0.0	2221506	24	4.3
1527289764.82	4300	59.99766	0.0	2044075	23	4.3
1527289768.92	4300	59.99882	0.0	2186790	24	4.3
1527289773.03	4300	59.998504	0.0	2105231	22	4.3
1527289776.69	4300	59.998261	0.0	2395588	26	4.3
1527289780.8	4300	59.748688	0.0	1972048	22	4.3
1527289784.91	4300	59.74946	0.0	2134614	23	4.3
1527289789.06	4300	59.749378	0.0	2164140	24	4.3
1527289792.67	4300	59.998566	0.0	2113193	23	4.3
1527289796.78	4300	59.99861	0.0	2147852	24	4.3
1527289800.9	4300	59.998895	0.0	2191074	27	4.3
1527289805.01	4300	59.997756	0.0	2286761	25	4.3
1527289808.62	4300	59.997869	0.0	2307787	27	4.3
1527289812.73	4300	59.998277	0.0	2143948	22	4.3
1527289816.84	4300	59.749385	0.0	1919781	21	4.3
1527289820.93	4300	59.749195	0.0	2147467	12	4.3
1527289825.05	4300	59.748596	0.0	2133870	24	4.3
1527289828.66	4300	59.997502	0.0	2146120	23	4.3
1527289832.77	4300	59.997475	0.0	2108491	20	4.3
1527289836.88	4300	59.997808	0.0	2184571	22	4.3
1527289840.99	4300	59.998839	0.0	2121928	21	4.3
1527289845.1	4300	59.748305	0.0	2219102	24	4.3
1527289848.71	4300	59.998787	0.0	2124950	22	4.3
1527289852.89	4300	59.74828	0.0	2246506	26	4.3
1527289857.0	4300	59.748	0.0	1961140	21	4.3
1527289861.1	4300	59.748693	0.0	2155012	16	4.3
1527289862.69	4300	59.927569	0.0	1433658	16	4.3

1527289862.94	750	4	0.026	2354772	8	-0.11180000000000001
1527289863.02	4300	7.986226	0.0	2123065	7	0.75
1527289863.1	4300	11.897671	0.0	2177073	16	4.3
1527289863.18	4300	15.822382	0.0	2160877	10	4.3
1527289863.28	4300	19.715417	0.0	2233056	34	4.3
1527289863.36	4300	23.63922	0.0	1941625	11	4.3
1527289863.69	4300	27.55929	0.0	2157535	13	4.3
1527289863.77	4300	31.226758	0.0	2290172	13	4.3
1527289863.85	4300	35.147311	0.0	2055469	11	4.3
1527289863.93	4300	39.067638	0.0	2169201	13	4.3
1527289864.0	4300	42.996068	0.0	2173522	8	4.3
1527289864.07	4300	46.926831	0.0	2102452	8	4.3
1527289864.15	4300	50.845101	0.0	2209463	19	4.3
1527289864.22	4300	54.77508	0.0	2275376	9	4.3
1527289864.29	4300	58.706579	0.0	2005399	7	4.3
1527289867.37	4300	59.748055	0.0	2152483	7	4.3
1527289871.48	4300	59.747977	0.0	2289689	20	4.3
1527289875.08	4300	59.999115	0.0	2059512	20	4.3
1527289879.69	4300	59.748781	0.0	2220726	18	4.3
1527289883.29	4300	59.749199	0.0	2156729	24	4.3
1527289887.4	4300	59.748291	0.0	2039773	20	4.3
1527289891.51	4300	59.749292	0.0	2176469	21	4.3
1527289895.12	4300	59.998529	0.0	2221506	23	4.3
1527289899.24	4300	59.99904	0.0	2044075	21	4.3
1527289903.35	4300	59.748975	0.0	2186790	24	4.3
1527289907.47	4300	59.748779	0.0	2105231	23	4.3
1527289911.58	4300	59.498228	0.0	2395588	27	4.3
