1527144502.79	750	4	0.025	2354772	7	-0.10750000000000004
1527144502.92	4300	7.961059	0.0	2123065	23	0.75
1527144503.02	4300	11.858613	0.0	2177073	23	4.3
1527144503.11	4300	15.76672	0.0	2160877	16	4.3
1527144503.2	4300	19.674908	0.0	2233056	14	4.3
1527144503.3	4300	23.588203	0.0	1941625	14	4.3
1527144503.39	4300	27.493634	0.0	2157535	15	4.3
1527144503.48	4300	31.400772	0.0	2290172	16	4.3
1527144503.55	4300	35.32347	0.0	2055469	9	4.3
1527144503.63	4300	39.248461	0.0	2169201	9	4.3
1527144503.72	4300	43.160521	0.0	2173522	14	4.3
1527144503.79	4300	47.086965	0.0	2102452	7	4.3
1527144503.86	4300	51.01446	0.0	2209463	9	4.3
1527144503.98	4300	54.901236	0.0	2275376	24	4.3
1527144504.06	4300	58.815275	0.0	2005399	8	4.3
1527144507.14	4300	59.749952	0.0	2152483	8	4.3
1527144511.25	4300	59.749342	0.0	2289689	24	4.3
1527144515.43	4300	59.498153	0.0	2059512	19	4.3
1527144519.55	4300	59.749529	0.0	2220726	19	4.3
1527144523.17	4300	59.99921	0.0	2156729	25	4.3
1527144527.28	4300	59.749863	0.0	2039773	20	4.3
1527144531.39	4300	59.749225	0.0	2176469	22	4.3
1527144535.55	4300	59.498886	0.0	2221506	22	4.3
1527144539.16	4300	59.749637	0.0	2044075	23	4.3
1527144543.29	4300	59.74981	0.0	2186790	24	4.3
1527144547.4	4300	59.748926	0.0	2105231	24	4.3
1527144551.0	4300	59.998592	0.0	2395588	17	4.3
1527144555.12	4300	59.999368	0.0	1972048	21	4.3
1527144559.23	4300	59.749179	0.0	2134614	21	4.3
1527144563.34	4300	59.571481	0.0	2164140	23	4.3
1527144566.95	4300	59.998063	0.0	2113193	19	4.3
1527144571.05	4300	59.997915	0.0	2147852	17	4.3
1527144575.17	4300	59.747985	0.0	2191074	24	4.3
1527144579.26	4300	59.749701	0.0	2286761	7	4.3
1527144583.38	4300	59.997861	0.0	2307787	25	4.3
1527144586.99	4300	59.9988	0.0	2143948	23	4.3
1527144591.11	4300	59.997946	0.0	1919781	20	4.3
1527144595.22	4300	59.999266	0.0	2147467	24	4.3
1527144599.34	4300	59.749404	0.0	2133870	22	4.3
1527144602.95	4300	59.997955	0.0	2146120	20	4.3
1527144607.56	4300	59.497841	0.0	2108491	19	4.3
1527144611.17	4300	59.999093	0.0	2184571	23	4.3
1527144615.26	4300	59.747613	0.0	2121928	12	4.3
1527144619.37	4300	59.997591	0.0	2219102	24	4.3
1527144623.47	4300	59.497696	0.0	2124950	12	4.3
1527144627.58	4300	59.499322	0.0	2246506	19	4.3
1527144631.18	4300	59.998066	0.0	1961140	15	4.3
1527144635.32	4300	59.749197	0.0	2155012	23	4.3
1527144636.91	4300	59.678447	0.0	1433658	12	4.3

1527144637.3	750	4	0.018	668286	4	-0.07740000000000002
1527144637.41	4300	7.947785	0.0	2123065	24	0.75
1527144637.51	4300	11.847531	0.0	2177073	20	4.3
1527144637.63	4300	15.735705	0.0	2160877	25	4.3
1527144637.71	4300	19.652709	0.0	2233056	12	4.3
1527144637.79	4300	23.570752	0.0	1941625	11	4.3
1527144637.88	4300	27.486594	0.0	2157535	12	4.3
1527144637.96	4300	31.405133	0.0	2290172	11	4.3
1527144638.04	4300	35.326889	0.0	2055469	11	4.3
1527144638.12	4300	39.243552	0.0	2169201	12	4.3
1527144638.2	4300	43.161817	0.0	2173522	12	4.3
1527144638.28	4300	47.079585	0.0	2102452	11	4.3
1527144638.36	4300	50.997626	0.0	2209463	12	4.3
1527144638.45	4300	54.917221	0.0	2275376	11	4.3
1527144638.53	4300	58.827339	0.0	2005399	20	4.3
1527144641.63	4300	59.748816	0.0	2152483	12	4.3
1527144645.74	4300	59.749506	0.0	2289689	25	4.3
1527144649.86	4300	59.7488	0.0	2059512	23	4.3
1527144653.46	4300	59.998915	0.0	2220726	22	4.3
1527144658.07	4300	59.748422	0.0	2156729	19	4.3
1527144662.18	4300	59.249081	0.0	2039773	21	4.3
1527144665.79	4300	59.998801	0.0	2176469	25	4.3
1527144669.9	4300	59.748479	0.0	2221506	20	4.3
1527144673.5	4300	59.999074	0.0	2044075	21	4.3
1527144678.11	4300	59.249301	0.0	2186790	21	4.3
1527144681.74	4300	59.998955	0.0	2105231	22	4.3
1527144685.86	4300	59.999252	0.0	2395588	26	4.3
1527144689.47	4300	59.999084	0.0	1972048	22	4.3
1527144694.09	4300	59.748727	0.0	2134614	23	4.3
1527144697.71	4300	59.741964	0.0	2164140	25	4.3
1527144701.82	4300	59.998334	0.0	2113193	21	4.3
1527144705.93	4300	59.74921	0.0	2147852	20	4.3
1527144709.54	4300	59.998189	0.0	2191074	20	4.3
1527144713.73	4300	59.749021	0.0	2286761	25	4.3
1527144717.84	4300	59.998496	0.0	2307787	23	4.3
1527144721.47	4300	59.999242	0.0	2143948	25	4.3
1527144726.08	4300	59.498845	0.0	1919781	21	4.3
1527144729.69	4300	59.749275	0.0	2147467	22	4.3
1527144733.8	4300	59.748736	0.0	2133870	21	4.3
1527144737.91	4300	59.499211	0.0	2146120	22	4.3
1527144741.52	4300	59.998746	0.0	2108491	22	4.3
1527144745.64	4300	59.997769	0.0	2184571	24	4.3
1527144749.74	4300	59.748882	0.0	2121928	14	4.3
1527144753.85	4300	59.748802	0.0	2219102	21	4.3
1527144757.96	4300	59.436118	0.0	2124950	20	4.3
1527144762.07	4300	59.748406	0.0	2246506	18	4.3
1527144765.67	4300	59.997439	0.0	1961140	17	4.3
1527144769.79	4300	59.749387	0.0	2155012	23	4.3
1527144771.39	4300	59.678482	0.0	1433658	17	4.3

1527144771.67	750	4	0.017	668286	3	-0.07309999999999994
1527144771.75	4300	7.982693	0.0	2123065	6	0.75
1527144771.82	4300	11.912013	0.0	2177073	7	4.3
1527144771.89	4300	15.840478	0.0	2160877	7	4.3
1527144771.96	4300	19.770342	0.0	2233056	7	4.3
1527144772.05	4300	23.675854	0.0	1941625	19	4.3
1527144772.13	4300	27.601397	0.0	2157535	9	4.3
1527144772.21	4300	31.525002	0.0	2290172	11	4.3
1527144772.28	4300	35.448194	0.0	2055469	9	4.3
1527144772.36	4300	39.370411	0.0	2169201	11	4.3
1527144772.45	4300	43.275179	0.0	2173522	19	4.3
1527144772.54	4300	47.189701	0.0	2102452	13	4.3
1527144772.63	4300	51.102976	0.0	2209463	15	4.3
1527144772.72	4300	55.015853	0.0	2275376	16	4.3
1527144772.8	4300	58.928821	0.0	2005399	17	4.3
1527144775.97	4300	59.998921	0.0	2152483	19	4.3
1527144780.09	4300	59.747888	0.0	2289689	23	4.3
1527144784.2	4300	59.748143	0.0	2059512	21	4.3
1527144788.31	4300	59.748369	0.0	2220726	22	4.3
1527144791.92	4300	59.998006	0.0	2156729	23	4.3
1527144796.04	4300	59.748344	0.0	2039773	22	4.3
1527144800.13	4300	59.749179	0.0	2176469	14	4.3
1527144803.75	4300	59.999499	0.0	2221506	22	4.3
1527144807.86	4300	59.998189	0.0	2044075	23	4.3
1527144812.47	4300	59.749591	0.0	2186790	24	4.3
1527144816.09	4300	59.998195	0.0	2105231	24	4.3
1527144820.21	4300	59.748622	0.0	2395588	23	4.3
1527144824.31	4300	59.49941	0.0	1972048	18	4.3
1527144828.42	4300	59.498421	0.0	2134614	22	4.3
1527144832.03	4300	59.733426	0.0	2164140	22	4.3
1527144836.13	4300	59.747678	0.0	2113193	18	4.3
1527144839.74	4300	59.999292	0.0	2147852	15	4.3
1527144843.87	4300	59.999005	0.0	2191074	24	4.3
1527144847.98	4300	59.99859	0.0	2286761	26	4.3
1527144852.09	4300	59.747813	0.0	2307787	23	4.3
1527144856.2	4300	59.749218	0.0	2143948	23	4.3
1527144860.31	4300	59.748578	0.0	1919781	20	4.3
1527144863.92	4300	59.998893	0.0	2147467	23	4.3
1527144868.03	4300	59.998715	0.0	2133870	19	4.3
1527144872.15	4300	59.997758	0.0	2146120	25	4.3
