1527223453.56	750	4	0.031	2354772	10	-0.13329999999999997
1527223453.7	4300	7.957231	0.0	2123065	24	0.75
1527223453.8	4300	11.856805	0.0	2177073	20	4.3
1527223453.88	4300	15.769362	0.0	2160877	16	4.3
1527223453.97	4300	19.684999	0.0	2233056	15	4.3
1527223454.06	4300	23.598093	0.0	1941625	16	4.3
1527223454.13	4300	27.521261	0.0	2157535	10	4.3
1527223454.21	4300	31.444758	0.0	2290172	10	4.3
1527223454.28	4300	35.369434	0.0	2055469	10	4.3
1527223454.39	4300	39.265306	0.0	2169201	26	4.3
1527223454.49	4300	43.167926	0.0	2173522	24	4.3
1527223454.57	4300	47.084271	0.0	2102452	14	4.3
1527223454.65	4300	50.999122	0.0	2209463	15	4.3
1527223454.73	4300	54.923797	0.0	2275376	8	4.3
1527223454.8	4300	58.849626	0.0	2005399	6	4.3
1527223457.93	4300	59.998723	0.0	2152483	7	4.3
1527223462.04	4300	59.997652	0.0	2289689	20	4.3
1527223466.15	4300	59.749579	0.0	2059512	19	4.3
1527223469.76	4300	59.998727	0.0	2220726	21	4.3
1527223474.38	4300	59.748258	0.0	2156729	20	4.3
1527223478.0	4300	59.74857	0.0	2039773	24	4.3
1527223482.11	4300	59.749162	0.0	2176469	21	4.3
1527223485.72	4300	59.999116	0.0	2221506	23	4.3
1527223490.34	4300	59.748604	0.0	2044075	25	4.3
1527223493.96	4300	59.748733	0.0	2186790	24	4.3
1527223498.07	4300	59.74931	0.0	2105231	23	4.3
1527223502.18	4300	59.749597	0.0	2395588	22	4.3
1527223505.79	4300	59.998294	0.0	1972048	22	4.3
1527223509.91	4300	59.748993	0.0	2134614	25	4.3
1527223514.02	4300	59.749065	0.0	2164140	24	4.3
1527223518.14	4300	59.998329	0.0	2113193	24	4.3
1527223521.74	4300	59.997827	0.0	2147852	21	4.3
1527223525.85	4300	59.997969	0.0	2191074	18	4.3
1527223529.97	4300	59.747859	0.0	2286761	26	4.3
1527223534.07	4300	59.749379	0.0	2307787	21	4.3
1527223537.67	4300	59.998869	0.0	2143948	15	4.3
1527223541.78	4300	59.99919	0.0	1919781	19	4.3
1527223545.89	4300	59.998426	0.0	2147467	20	4.3
1527223550.01	4300	59.7489	0.0	2133870	21	4.3
1527223554.13	4300	59.998367	0.0	2146120	24	4.3
1527223558.24	4300	59.498649	0.0	2108491	25	4.3
1527223561.86	4300	59.998148	0.0	2184571	26	4.3
1527223566.01	4300	59.749365	0.0	2121928	19	4.3
1527223570.13	4300	59.748226	0.0	2219102	25	4.3
1527223573.75	4300	59.998926	0.0	2124950	23	4.3
1527223577.86	4300	59.997463	0.0	2246506	25	4.3
1527223581.97	4300	59.748629	0.0	1961140	22	4.3
1527223586.07	4300	59.998341	0.0	2155012	14	4.3
1527223587.67	4300	59.678668	0.0	1433658	18	4.3

1527223587.95	750	4	0.018	668286	4	-0.07740000000000002
1527223588.02	4300	7.981802	0.0	2123065	6	0.75
1527223588.13	4300	11.876944	0.0	2177073	24	4.3
1527223588.23	4300	15.778431	0.0	2160877	22	4.3
1527223588.31	4300	19.695284	0.0	2233056	11	4.3
1527223588.4	4300	23.608018	0.0	1941625	17	4.3
1527223588.48	4300	27.528906	0.0	2157535	11	4.3
1527223588.56	4300	31.448828	0.0	2290172	12	4.3
1527223588.63	4300	35.372087	0.0	2055469	11	4.3
1527223588.73	4300	39.273226	0.0	2169201	19	4.3
1527223588.82	4300	43.191553	0.0	2173522	12	4.3
1527223588.89	4300	47.117822	0.0	2102452	7	4.3
1527223588.96	4300	51.047503	0.0	2209463	7	4.3
1527223589.03	4300	54.978007	0.0	2275376	7	4.3
1527223589.1	4300	58.906399	0.0	2005399	7	4.3
1527223592.68	4300	59.748004	0.0	2152483	7	4.3
1527223596.29	4300	59.748903	0.0	2289689	26	4.3
1527223600.4	4300	59.999244	0.0	2059512	21	4.3
1527223604.52	4300	59.748717	0.0	2220726	21	4.3
1527223608.14	4300	59.999337	0.0	2156729	26	4.3
1527223612.75	4300	59.499076	0.0	2039773	22	4.3
1527223616.36	4300	59.748727	0.0	2176469	26	4.3
1527223620.47	4300	59.998618	0.0	2221506	21	4.3
1527223624.58	4300	59.498907	0.0	2044075	20	4.3
1527223628.7	4300	59.498523	0.0	2186790	18	4.3
1527223632.32	4300	59.748076	0.0	2105231	24	4.3
1527223636.44	4300	59.998212	0.0	2395588	26	4.3
1527223640.04	4300	59.99771	0.0	1972048	20	4.3
1527223644.66	4300	59.499297	0.0	2134614	24	4.3
1527223648.28	4300	59.747467	0.0	2164140	25	4.3
1527223652.39	4300	59.749041	0.0	2113193	22	4.3
1527223656.5	4300	59.748798	0.0	2147852	24	4.3
1527223660.11	4300	59.999136	0.0	2191074	21	4.3
1527223664.23	4300	59.997995	0.0	2286761	26	4.3
1527223668.35	4300	59.748256	0.0	2307787	27	4.3
1527223672.49	4300	59.997931	0.0	2143948	23	4.3
1527223676.6	4300	59.747487	0.0	1919781	22	4.3
1527223680.21	4300	59.999337	0.0	2147467	23	4.3
1527223684.32	4300	59.748955	0.0	2133870	17	4.3
1527223688.43	4300	59.748133	0.0	2146120	20	4.3
1527223692.53	4300	59.747903	0.0	2108491	18	4.3
1527223696.64	4300	59.748764	0.0	2184571	22	4.3
1527223700.25	4300	59.997604	0.0	2121928	21	4.3
1527223704.37	4300	59.748423	0.0	2219102	25	4.3
1527223708.49	4300	59.577621	0.0	2124950	30	4.3
1527223712.1	4300	59.997362	0.0	2246506	23	4.3
1527223716.72	4300	59.497868	0.0	1961140	20	4.3
1527223720.3	4300	59.998423	0.0	2155012	12	4.3
1527223722.41	4300	59.427341	0.0	1433658	16	4.3

1527223722.73	750	4	0.016	668286	2	-0.06879999999999997
1527223722.81	4300	7.981714	0.0	2123065	7	0.75
1527223722.89	4300	11.895139	0.0	2177073	16	4.3
1527223723.0	4300	15.789666	0.0	2160877	22	4.3
1527223723.07	4300	19.713973	0.0	2233056	7	4.3
1527223723.17	4300	23.62034	0.0	1941625	20	4.3
1527223723.25	4300	27.53933	0.0	2157535	12	4.3
1527223723.33	4300	31.454669	0.0	2290172	15	4.3
1527223723.41	4300	35.375382	0.0	2055469	12	4.3
1527223723.49	4300	39.295821	0.0	2169201	12	4.3
1527223723.56	4300	43.225061	0.0	2173522	7	4.3
1527223723.63	4300	47.154066	0.0	2102452	7	4.3
1527223723.71	4300	51.083074	0.0	2209463	8	4.3
1527223723.78	4300	55.010019	0.0	2275376	7	4.3
1527223723.86	4300	58.926561	0.0	2005399	19	4.3
1527223726.97	4300	59.998578	0.0	2152483	19	4.3
