1527138757.63	750	4	0.025	2354772	8	-0.10750000000000004
1527138757.76	4300	7.957584	0.0	2123065	23	0.75
1527138757.86	4300	11.861721	0.0	2177073	24	4.3
1527138757.94	4300	15.776565	0.0	2160877	14	4.3
1527138758.02	4300	19.698856	0.0	2233056	9	4.3
1527138758.09	4300	23.627042	0.0	1941625	8	4.3
1527138758.17	4300	27.553679	0.0	2157535	8	4.3
1527138758.24	4300	31.476846	0.0	2290172	10	4.3
1527138758.31	4300	35.406469	0.0	2055469	7	4.3
1527138758.39	4300	39.332197	0.0	2169201	8	4.3
1527138758.46	4300	43.259274	0.0	2173522	8	4.3
1527138758.53	4300	47.185019	0.0	2102452	7	4.3
1527138758.61	4300	51.110578	0.0	2209463	9	4.3
1527138758.69	4300	55.031874	0.0	2275376	8	4.3
1527138758.76	4300	58.957212	0.0	2005399	5	4.3
1527138762.44	4300	59.748758	0.0	2152483	6	4.3
1527138766.05	4300	59.749585	0.0	2289689	25	4.3
1527138770.17	4300	59.748968	0.0	2059512	24	4.3
1527138774.29	4300	59.498942	0.0	2220726	24	4.3
1527138777.9	4300	59.999253	0.0	2156729	21	4.3
1527138782.01	4300	59.747722	0.0	2039773	17	4.3
1527138786.12	4300	59.99909	0.0	2176469	20	4.3
1527138789.73	4300	59.998989	0.0	2221506	20	4.3
1527138793.84	4300	59.998214	0.0	2044075	24	4.3
1527138797.96	4300	59.997808	0.0	2186790	23	4.3
1527138802.07	4300	59.749166	0.0	2105231	23	4.3
1527138806.19	4300	59.998144	0.0	2395588	24	4.3
1527138810.27	4300	59.498988	0.0	1972048	10	4.3
1527138813.89	4300	59.998859	0.0	2134614	23	4.3
1527138818.0	4300	59.834607	0.0	2164140	21	4.3
1527138822.11	4300	59.998414	0.0	2113193	23	4.3
1527138826.22	4300	59.749138	0.0	2147852	21	4.3
1527138829.83	4300	59.998824	0.0	2191074	23	4.3
1527138833.96	4300	59.999403	0.0	2286761	26	4.3
1527138838.11	4300	59.747861	0.0	2307787	24	4.3
1527138842.23	4300	59.748096	0.0	2143948	22	4.3
1527138845.85	4300	59.99821	0.0	1919781	23	4.3
1527138850.46	4300	59.498516	0.0	2147467	20	4.3
1527138854.08	4300	59.997981	0.0	2133870	21	4.3
1527138858.19	4300	59.998928	0.0	2146120	24	4.3
1527138862.3	4300	59.747508	0.0	2108491	23	4.3
1527138866.42	4300	59.49767	0.0	2184571	25	4.3
1527138870.03	4300	59.747523	0.0	2121928	24	4.3
1527138874.13	4300	59.99867	0.0	2219102	20	4.3
1527138877.75	4300	59.998789	0.0	2124950	22	4.3
1527138881.86	4300	59.998161	0.0	2246506	24	4.3
1527138885.98	4300	59.9981	0.0	1961140	21	4.3
1527138890.07	4300	59.99854	0.0	2155012	13	4.3
1527138891.67	4300	59.929174	0.0	1433658	14	4.3

1527138891.97	750	4	0.018	668286	3	-0.07740000000000002
1527138892.05	4300	7.980034	0.0	2123065	7	0.75
1527138892.15	4300	11.875623	0.0	2177073	20	4.3
1527138892.26	4300	15.771166	0.0	2160877	24	4.3
1527138892.34	4300	19.687376	0.0	2233056	13	4.3
1527138892.41	4300	23.617475	0.0	1941625	6	4.3
1527138892.48	4300	27.543793	0.0	2157535	7	4.3
1527138892.56	4300	31.470528	0.0	2290172	8	4.3
1527138892.63	4300	35.398846	0.0	2055469	7	4.3
1527138892.7	4300	39.32556	0.0	2169201	8	4.3
1527138892.77	4300	43.253344	0.0	2173522	8	4.3
1527138892.85	4300	47.181259	0.0	2102452	7	4.3
1527138892.92	4300	51.109839	0.0	2209463	8	4.3
1527138892.99	4300	55.03857	0.0	2275376	8	4.3
1527138893.07	4300	58.962889	0.0	2005399	9	4.3
1527138896.65	4300	59.748988	0.0	2152483	7	4.3
1527138900.25	4300	59.998888	0.0	2289689	14	4.3
1527138904.35	4300	59.749147	0.0	2059512	18	4.3
1527138908.47	4300	59.748961	0.0	2220726	24	4.3
1527138912.09	4300	59.999093	0.0	2156729	24	4.3
1527138916.2	4300	59.999411	0.0	2039773	19	4.3
1527138920.32	4300	59.749145	0.0	2176469	24	4.3
1527138924.47	4300	59.99818	0.0	2221506	24	4.3
1527138928.08	4300	59.998055	0.0	2044075	24	4.3
1527138932.19	4300	59.998721	0.0	2186790	20	4.3
1527138936.31	4300	59.748742	0.0	2105231	19	4.3
1527138940.43	4300	59.748327	0.0	2395588	26	4.3
1527138944.54	4300	59.748345	0.0	1972048	23	4.3
1527138948.15	4300	59.997706	0.0	2134614	23	4.3
1527138952.28	4300	59.997693	0.0	2164140	23	4.3
1527138956.4	4300	59.748455	0.0	2113193	23	4.3
1527138960.51	4300	59.748748	0.0	2147852	21	4.3
1527138964.12	4300	59.999183	0.0	2191074	21	4.3
1527138968.24	4300	59.998819	0.0	2286761	24	4.3
1527138972.35	4300	59.748089	0.0	2307787	25	4.3
1527138976.46	4300	59.747729	0.0	2143948	23	4.3
1527138980.07	4300	59.997832	0.0	1919781	23	4.3
1527138984.17	4300	59.998105	0.0	2147467	14	4.3
1527138988.28	4300	59.998086	0.0	2133870	24	4.3
1527138992.39	4300	59.998922	0.0	2146120	25	4.3
1527138996.51	4300	59.748016	0.0	2108491	23	4.3
1527139000.18	4300	59.999046	0.0	2184571	23	4.3
1527139004.3	4300	59.748448	0.0	2121928	25	4.3
1527139008.52	4300	59.748957	0.0	2219102	26	4.3
1527139012.67	4300	59.430444	0.0	2124950	23	4.3
1527139016.28	4300	59.997662	0.0	2246506	25	4.3
1527139020.38	4300	59.749478	0.0	1961140	20	4.3
1527139024.48	4300	59.998615	0.0	2155012	15	4.3
1527139026.08	4300	59.678435	0.0	1433658	16	4.3

1527139026.48	750	4	0.015	668286	4	-0.0645
1527139026.58	4300	7.965111	0.0	2123065	16	0.75
1527139026.69	4300	11.853135	0.0	2177073	24	4.3
1527139026.77	4300	15.773313	0.0	2160877	12	4.3
1527139026.85	4300	19.691487	0.0	2233056	12	4.3
1527139026.93	4300	23.612394	0.0	1941625	10	4.3
1527139027.01	4300	27.529582	0.0	2157535	12	4.3
1527139027.08	4300	31.458091	0.0	2290172	8	4.3
1527139027.17	4300	35.368932	0.0	2055469	17	4.3
1527139027.27	4300	39.270671	0.0	2169201	23	4.3
1527139027.35	4300	43.184721	0.0	2173522	14	4.3
1527139027.44	4300	47.096542	0.0	2102452	16	4.3
1527139027.52	4300	51.020946	0.0	2209463	9	4.3
1527139027.6	4300	54.944912	0.0	2275376	10	4.3
1527139027.68	4300	58.859584	0.0	2005399	18	4.3
1527139030.78	4300	59.998964	0.0	2152483	19	4.3
1527139034.9	4300	59.749438	0.0	2289689	24	4.3
1527139039.02	4300	59.748933	0.0	2059512	22	4.3
1527139042.62	4300	59.998911	0.0	2220726	23	4.3
1527139047.23	4300	59.499186	0.0	2156729	19	4.3
1527139050.84	4300	59.748947	0.0	2039773	21	4.3
1527139054.96	4300	59.998438	0.0	2176469	23	4.3
1527139058.58	4300	59.998498	0.0	2221506	24	4.3
1527139062.68	4300	59.997999	0.0	2044075	19	4.3
1527139066.79	4300	59.997854	0.0	2186790	24	4.3
1527139070.9	4300	59.997868	0.0	2105231	24	4.3
1527139075.01	4300	59.748292	0.0	2395588	26	4.3
1527139078.61	4300	59.99921	0.0	1972048	11	4.3
