1527140716.7	750	4	0.025	2354772	8	-0.10750000000000004
1527140716.85	4300	7.961996	0.0	2123065	21	0.75
1527140716.99	4300	11.821142	0.0	2177073	13	4.3
1527140717.11	4300	15.698114	0.0	2160877	9	4.3
1527140717.26	4300	19.551935	0.0	2233056	23	4.3
1527140717.39	4300	23.417795	0.0	1941625	10	4.3
1527140717.54	4300	27.270739	0.0	2157535	17	4.3
1527140717.67	4300	31.134966	0.0	2290172	13	4.3
1527140717.8	4300	35.009197	0.0	2055469	11	4.3
1527140717.93	4300	38.876712	0.0	2169201	12	4.3
1527140718.08	4300	42.727993	0.0	2173522	21	4.3
1527140718.22	4300	46.5872	0.0	2102452	13	4.3
1527140718.36	4300	50.446333	0.0	2209463	15	4.3
1527140718.5	4300	54.3037	0.0	2275376	15	4.3
1527140718.67	4300	58.139819	0.0	2005399	39	4.3
1527140721.31	4300	59.748128	0.0	2152483	10	4.3
1527140724.98	4300	59.999247	0.0	2289689	22	4.3
1527140729.14	4300	59.748969	0.0	2059512	19	4.3
1527140733.31	4300	59.99888	0.0	2220726	22	4.3
1527140736.97	4300	59.999418	0.0	2156729	22	4.3
1527140741.13	4300	59.998307	0.0	2039773	22	4.3
1527140745.3	4300	59.748757	0.0	2176469	26	4.3
1527140749.44	4300	59.498764	0.0	2221506	12	4.3
1527140753.1	4300	59.747884	0.0	2044075	22	4.3
1527140757.27	4300	59.748937	0.0	2186790	23	4.3
1527140760.92	4300	59.998859	0.0	2105231	18	4.3
1527140765.08	4300	59.749239	0.0	2395588	22	4.3
1527140769.26	4300	59.998678	0.0	1972048	23	4.3
1527140772.92	4300	59.997769	0.0	2134614	21	4.3
1527140777.08	4300	59.748693	0.0	2164140	23	4.3
1527140781.24	4300	59.998689	0.0	2113193	21	4.3
1527140785.39	4300	59.4989	0.0	2147852	17	4.3
1527140789.06	4300	59.998537	0.0	2191074	22	4.3
1527140793.22	4300	59.749037	0.0	2286761	22	4.3
1527140796.92	4300	59.998164	0.0	2307787	26	4.3
1527140801.08	4300	59.748728	0.0	2143948	22	4.3
1527140805.23	4300	59.747963	0.0	1919781	20	4.3
1527140808.91	4300	59.99882	0.0	2147467	24	4.3
1527140813.07	4300	59.748769	0.0	2133870	24	4.3
1527140817.24	4300	59.997812	0.0	2146120	23	4.3
1527140820.92	4300	59.997858	0.0	2108491	25	4.3
1527140825.08	4300	59.997942	0.0	2184571	18	4.3
1527140829.24	4300	59.747708	0.0	2121928	22	4.3
1527140833.41	4300	59.749165	0.0	2219102	24	4.3
1527140837.07	4300	59.99845	0.0	2124950	19	4.3
1527140841.22	4300	59.998523	0.0	2246506	23	4.3
1527140845.36	4300	59.497148	0.0	1961140	19	4.3
1527140848.99	4300	59.998025	0.0	2155012	23	4.3
1527140850.6	4300	59.929014	0.0	1433658	16	4.3

1527140850.89	750	4	0.016	668286	3	-0.06879999999999997
1527140851.04	4300	7.955663	0.0	2123065	17	0.75
1527140851.18	4300	11.810845	0.0	2177073	23	4.3
1527140851.31	4300	15.683126	0.0	2160877	11	4.3
1527140851.44	4300	19.555402	0.0	2233056	13	4.3
1527140851.57	4300	23.428218	0.0	1941625	10	4.3
1527140851.71	4300	27.287059	0.0	2157535	18	4.3
1527140851.84	4300	31.151724	0.0	2290172	17	4.3
1527140851.96	4300	35.028778	0.0	2055469	10	4.3
1527140852.09	4300	38.903791	0.0	2169201	12	4.3
1527140852.22	4300	42.778258	0.0	2173522	11	4.3
1527140852.34	4300	46.652181	0.0	2102452	11	4.3
1527140852.5	4300	50.498126	0.0	2209463	25	4.3
1527140852.66	4300	54.340517	0.0	2275376	29	4.3
1527140852.78	4300	58.208147	0.0	2005399	13	4.3
1527140855.42	4300	59.749616	0.0	2152483	12	4.3
1527140859.58	4300	59.498397	0.0	2289689	21	4.3
1527140863.24	4300	59.998853	0.0	2059512	23	4.3
1527140867.4	4300	59.748151	0.0	2220726	23	4.3
1527140871.07	4300	59.998768	0.0	2156729	23	4.3
1527140875.23	4300	59.997998	0.0	2039773	23	4.3
1527140879.4	4300	59.74803	0.0	2176469	25	4.3
1527140883.04	4300	59.998496	0.0	2221506	15	4.3
1527140887.2	4300	59.998851	0.0	2044075	22	4.3
1527140891.34	4300	59.997348	0.0	2186790	17	4.3
1527140895.49	4300	59.498477	0.0	2105231	19	4.3
1527140899.14	4300	59.998512	0.0	2395588	16	4.3
1527140903.3	4300	59.998894	0.0	1972048	22	4.3
1527140907.46	4300	59.748248	0.0	2134614	22	4.3
1527140911.62	4300	59.498226	0.0	2164140	32	4.3
1527140915.29	4300	59.749013	0.0	2113193	23	4.3
1527140919.45	4300	59.747552	0.0	2147852	24	4.3
1527140923.12	4300	59.999253	0.0	2191074	23	4.3
1527140927.26	4300	59.749262	0.0	2286761	14	4.3
1527140931.43	4300	59.748331	0.0	2307787	26	4.3
1527140935.09	4300	59.998959	0.0	2143948	24	4.3
1527140939.25	4300	59.748359	0.0	1919781	21	4.3
1527140943.42	4300	59.998387	0.0	2147467	20	4.3
1527140947.09	4300	59.99831	0.0	2133870	24	4.3
1527140951.25	4300	59.748806	0.0	2146120	24	4.3
1527140955.42	4300	59.998715	0.0	2108491	23	4.3
1527140959.09	4300	59.998873	0.0	2184571	24	4.3
1527140963.25	4300	59.748625	0.0	2121928	23	4.3
1527140967.43	4300	59.749003	0.0	2219102	23	4.3
1527140971.12	4300	59.997834	0.0	2124950	24	4.3
1527140975.33	4300	59.748528	0.0	2246506	19	4.3
1527140979.46	4300	59.747545	0.0	1961140	19	4.3
1527140983.22	4300	59.99772	0.0	2155012	25	4.3
1527140985.4	4300	59.428029	0.0	1433658	17	4.3

1527140985.66	750	4	0.014	668286	2	-0.06020000000000003
1527140985.83	4300	7.956294	0.0	2123065	16	0.75
1527140985.98	4300	11.810618	0.0	2177073	22	4.3
1527140986.11	4300	15.682962	0.0	2160877	11	4.3
1527140986.24	4300	19.54931	0.0	2233056	13	4.3
1527140986.37	4300	23.419355	0.0	1941625	7	4.3
1527140986.5	4300	27.282457	0.0	2157535	18	4.3
1527140986.63	4300	31.155916	0.0	2290172	12	4.3
1527140986.76	4300	35.030219	0.0	2055469	11	4.3
1527140986.88	4300	38.904035	0.0	2169201	11	4.3
1527140987.03	4300	42.755992	0.0	2173522	15	4.3
1527140987.18	4300	46.6112	0.0	2102452	21	4.3
1527140987.31	4300	50.480204	0.0	2209463	15	4.3
1527140987.44	4300	54.349186	0.0	2275376	14	4.3
1527140987.57	4300	58.215294	0.0	2005399	19	4.3
1527140990.2	4300	59.749744	0.0	2152483	8	4.3
1527140993.84	4300	59.998721	0.0	2289689	15	4.3
1527140998.0	4300	59.998208	0.0	2059512	19	4.3
1527141002.16	4300	59.997903	0.0	2220726	24	4.3
1527141005.84	4300	59.999111	0.0	2156729	21	4.3
1527141010.5	4300	59.499131	0.0	2039773	21	4.3
