1527195928.37	750	4	0.029	2354772	8	-0.12470000000000003
1527195928.5	4300	7.965523	0.0	2123065	22	0.75
1527195928.58	4300	11.884527	0.0	2177073	12	4.3
1527195928.66	4300	15.804478	0.0	2160877	13	4.3
1527195928.74	4300	19.727688	0.0	2233056	8	4.3
1527195928.81	4300	23.657964	0.0	1941625	7	4.3
1527195928.88	4300	27.586694	0.0	2157535	7	4.3
1527195928.95	4300	31.515247	0.0	2290172	8	4.3
1527195929.02	4300	35.442617	0.0	2055469	9	4.3
1527195929.09	4300	39.371234	0.0	2169201	7	4.3
1527195929.16	4300	43.300685	0.0	2173522	7	4.3
1527195929.24	4300	47.229542	0.0	2102452	7	4.3
1527195929.31	4300	51.157366	0.0	2209463	8	4.3
1527195929.38	4300	55.079055	0.0	2275376	8	4.3
1527195929.46	4300	59.004332	0.0	2005399	6	4.3
1527195933.04	4300	59.74921	0.0	2152483	8	4.3
1527195937.16	4300	59.498518	0.0	2289689	26	4.3
1527195940.77	4300	59.748101	0.0	2059512	25	4.3
1527195944.89	4300	59.748557	0.0	2220726	25	4.3
1527195948.52	4300	59.999143	0.0	2156729	25	4.3
1527195953.14	4300	59.498901	0.0	2039773	23	4.3
1527195956.75	4300	59.747928	0.0	2176469	25	4.3
1527195960.87	4300	59.748701	0.0	2221506	23	4.3
1527195964.47	4300	59.998187	0.0	2044075	21	4.3
1527195968.59	4300	59.999111	0.0	2186790	25	4.3
1527195973.21	4300	59.498742	0.0	2105231	23	4.3
1527195976.82	4300	59.748457	0.0	2395588	28	4.3
1527195980.93	4300	59.998563	0.0	1972048	21	4.3
1527195984.54	4300	59.99928	0.0	2134614	24	4.3
1527195988.65	4300	59.999105	0.0	2164140	21	4.3
1527195992.75	4300	59.749556	0.0	2113193	20	4.3
1527195996.88	4300	59.9974	0.0	2147852	21	4.3
1527196001.0	4300	59.747904	0.0	2191074	24	4.3
1527196005.12	4300	59.498878	0.0	2286761	25	4.3
1527196008.73	4300	59.997571	0.0	2307787	22	4.3
1527196012.83	4300	59.748769	0.0	2143948	18	4.3
1527196016.94	4300	59.748028	0.0	1919781	22	4.3
1527196020.55	4300	59.998942	0.0	2147467	15	4.3
1527196024.66	4300	59.998997	0.0	2133870	24	4.3
1527196028.76	4300	59.749073	0.0	2146120	14	4.3
1527196032.87	4300	59.998704	0.0	2108491	21	4.3
1527196036.48	4300	59.999393	0.0	2184571	23	4.3
1527196040.59	4300	59.997853	0.0	2121928	24	4.3
1527196044.71	4300	59.998469	0.0	2219102	24	4.3
1527196048.83	4300	59.998975	0.0	2124950	23	4.3
1527196052.94	4300	59.749093	0.0	2246506	9	4.3
1527196056.55	4300	59.997243	0.0	1961140	20	4.3
1527196060.67	4300	59.999286	0.0	2155012	25	4.3
1527196062.77	4300	59.678535	0.0	1433658	18	4.3

1527196063.05	750	4	0.017	668286	4	-0.07309999999999994
1527196063.13	4300	7.97912	0.0	2123065	7	0.75
1527196063.2	4300	11.905526	0.0	2177073	9	4.3
1527196063.28	4300	15.830967	0.0	2160877	8	4.3
1527196063.35	4300	19.753854	0.0	2233056	9	4.3
1527196063.43	4300	23.679497	0.0	1941625	8	4.3
1527196063.5	4300	27.6056	0.0	2157535	8	4.3
1527196063.58	4300	31.529112	0.0	2290172	9	4.3
1527196063.65	4300	35.455709	0.0	2055469	9	4.3
1527196063.73	4300	39.379657	0.0	2169201	8	4.3
1527196063.8	4300	43.305222	0.0	2173522	9	4.3
1527196063.88	4300	47.232327	0.0	2102452	9	4.3
1527196063.95	4300	51.158451	0.0	2209463	9	4.3
1527196064.04	4300	55.06596	0.0	2275376	18	4.3
1527196064.13	4300	58.983171	0.0	2005399	13	4.3
1527196067.21	4300	59.998636	0.0	2152483	7	4.3
1527196071.88	4300	59.499231	0.0	2289689	27	4.3
1527196075.58	4300	59.749316	0.0	2059512	21	4.3
1527196079.7	4300	59.74886	0.0	2220726	25	4.3
1527196083.89	4300	59.748737	0.0	2156729	21	4.3
1527196087.5	4300	59.749344	0.0	2039773	22	4.3
1527196091.61	4300	59.748284	0.0	2176469	21	4.3
1527196095.23	4300	59.99752	0.0	2221506	21	4.3
1527196099.34	4300	59.998477	0.0	2044075	24	4.3
1527196103.45	4300	59.748871	0.0	2186790	24	4.3
1527196107.56	4300	59.749251	0.0	2105231	24	4.3
1527196111.67	4300	59.497844	0.0	2395588	26	4.3
1527196115.27	4300	59.997821	0.0	1972048	13	4.3
1527196119.39	4300	59.749387	0.0	2134614	24	4.3
1527196123.5	4300	59.748996	0.0	2164140	22	4.3
1527196127.61	4300	59.747629	0.0	2113193	23	4.3
1527196131.72	4300	59.747765	0.0	2147852	21	4.3
1527196135.83	4300	59.498934	0.0	2191074	19	4.3
1527196139.44	4300	59.748503	0.0	2286761	21	4.3
1527196143.56	4300	59.749369	0.0	2307787	26	4.3
1527196147.17	4300	59.99814	0.0	2143948	25	4.3
1527196151.79	4300	59.749163	0.0	1919781	19	4.3
1527196155.39	4300	59.74933	0.0	2147467	23	4.3
1527196159.51	4300	59.998484	0.0	2133870	20	4.3
1527196163.63	4300	59.748961	0.0	2146120	24	4.3
1527196167.73	4300	59.747532	0.0	2108491	12	4.3
1527196171.34	4300	59.999343	0.0	2184571	20	4.3
1527196175.46	4300	59.747832	0.0	2121928	24	4.3
1527196179.56	4300	59.998055	0.0	2219102	24	4.3
1527196183.18	4300	59.997712	0.0	2124950	23	4.3
1527196187.3	4300	59.998879	0.0	2246506	25	4.3
1527196191.41	4300	59.748384	0.0	1961140	22	4.3
