1527272222.16	750	4	0.014	450283	2	-0.06020000000000003
1527272222.26	4300	7.957971	0.0	2123065	14	0.75
1527272222.36	4300	11.854539	0.0	2177073	25	4.3
1527272222.45	4300	15.770719	0.0	2160877	14	4.3
1527272222.54	4300	19.680069	0.0	2233056	18	4.3
1527272222.61	4300	23.611882	0.0	1941625	6	4.3
1527272222.74	4300	27.544492	0.0	2157535	7	4.3
1527272222.81	4300	31.404294	0.0	2290172	7	4.3
1527272222.9	4300	35.318074	0.0	2055469	17	4.3
1527272222.98	4300	39.240271	0.0	2169201	12	4.3
1527272223.06	4300	43.161795	0.0	2173522	12	4.3
1527272223.15	4300	47.065878	0.0	2102452	22	4.3
1527272223.24	4300	50.980043	0.0	2209463	15	4.3
1527272223.32	4300	54.893544	0.0	2275376	16	4.3
1527272223.41	4300	58.806402	0.0	2005399	17	4.3
1527272226.51	4300	59.997817	0.0	2152483	10	4.3
1527272230.69	4300	59.749111	0.0	2289689	20	4.3
1527272234.3	4300	59.998431	0.0	2059512	24	4.3
1527272238.91	4300	59.748258	0.0	2220726	21	4.3
1527272242.52	4300	59.748691	0.0	2156729	25	4.3
1527272246.63	4300	59.997882	0.0	2039773	22	4.3
1527272250.24	4300	59.998432	0.0	2176469	23	4.3
1527272254.35	4300	59.999499	0.0	2221506	21	4.3
1527272258.51	4300	59.998134	0.0	2044075	15	4.3
1527272262.62	4300	59.74876	0.0	2186790	23	4.3
1527272266.22	4300	59.999008	0.0	2105231	25	4.3
1527272270.84	4300	59.747989	0.0	2395588	23	4.3
1527272274.93	4300	59.497928	0.0	1972048	10	4.3
1527272278.53	4300	59.998024	0.0	2134614	21	4.3
1527272282.65	4300	59.582997	0.0	2164140	24	4.3
1527272286.26	4300	59.999036	0.0	2113193	25	4.3
1527272290.87	4300	59.499012	0.0	2147852	23	4.3
1527272294.49	4300	59.748816	0.0	2191074	24	4.3
1527272298.59	4300	59.999103	0.0	2286761	22	4.3
1527272302.7	4300	59.74865	0.0	2307787	24	4.3
1527272306.31	4300	59.998756	0.0	2143948	22	4.3
1527272310.98	4300	59.748158	0.0	1919781	18	4.3
1527272314.59	4300	59.99857	0.0	2147467	25	4.3
1527272318.69	4300	59.998186	0.0	2133870	21	4.3
1527272322.3	4300	59.998499	0.0	2146120	24	4.3
1527272326.92	4300	59.74888	0.0	2108491	24	4.3
1527272330.53	4300	59.748602	0.0	2184571	20	4.3
1527272334.64	4300	59.997866	0.0	2121928	23	4.3
1527272338.25	4300	59.999326	0.0	2219102	25	4.3
1527272342.36	4300	59.998626	0.0	2124950	23	4.3
1527272346.47	4300	59.998784	0.0	2246506	24	4.3
1527272350.58	4300	59.748701	0.0	1961140	22	4.3
1527272354.67	4300	59.998113	0.0	2155012	11	4.3
1527272356.27	4300	59.678781	0.0	1433658	16	4.3

1527272356.57	750	4	0.026	2354772	6	-0.11180000000000001
1527272356.67	4300	7.96593	0.0	2123065	18	0.75
1527272356.77	4300	11.867227	0.0	2177073	25	4.3
1527272356.93	4300	15.771303	0.0	2160877	22	4.3
1527272357.01	4300	19.618992	0.0	2233056	14	4.3
1527272357.1	4300	23.539343	0.0	1941625	12	4.3
1527272357.18	4300	27.454792	0.0	2157535	14	4.3
1527272357.25	4300	31.383463	0.0	2290172	8	4.3
1527272357.32	4300	35.311096	0.0	2055469	7	4.3
1527272357.4	4300	39.239507	0.0	2169201	8	4.3
1527272357.49	4300	43.143211	0.0	2173522	21	4.3
1527272357.57	4300	47.065361	0.0	2102452	11	4.3
1527272357.65	4300	50.97783	0.0	2209463	13	4.3
1527272357.76	4300	54.876925	0.0	2275376	16	4.3
1527272357.88	4300	58.756008	0.0	2005399	23	4.3
1527272360.98	4300	59.749398	0.0	2152483	20	4.3
1527272365.1	4300	59.749028	0.0	2289689	27	4.3
1527272368.71	4300	59.998695	0.0	2059512	25	4.3
1527272372.82	4300	59.997806	0.0	2220726	20	4.3
1527272376.92	4300	59.749356	0.0	2156729	20	4.3
1527272381.03	4300	59.748752	0.0	2039773	23	4.3
1527272385.14	4300	59.499479	0.0	2176469	24	4.3
1527272388.74	4300	59.9993	0.0	2221506	24	4.3
1527272393.35	4300	59.499289	0.0	2044075	23	4.3
1527272396.97	4300	59.998324	0.0	2186790	25	4.3
1527272401.17	4300	59.748139	0.0	2105231	21	4.3
1527272405.28	4300	59.499031	0.0	2395588	23	4.3
1527272408.88	4300	59.998892	0.0	1972048	19	4.3
1527272412.99	4300	59.748999	0.0	2134614	19	4.3
1527272417.11	4300	59.644481	0.0	2164140	22	4.3
1527272420.73	4300	59.998641	0.0	2113193	32	4.3
1527272425.33	4300	59.747428	0.0	2147852	20	4.3
1527272428.95	4300	59.747645	0.0	2191074	23	4.3
1527272433.06	4300	59.748438	0.0	2286761	22	4.3
1527272437.17	4300	59.747699	0.0	2307787	24	4.3
1527272441.28	4300	59.498913	0.0	2143948	21	4.3
1527272445.38	4300	59.498591	0.0	1919781	20	4.3
1527272448.99	4300	59.749203	0.0	2147467	23	4.3
1527272453.1	4300	59.998766	0.0	2133870	22	4.3
1527272456.71	4300	59.997705	0.0	2146120	22	4.3
1527272461.32	4300	59.748077	0.0	2108491	25	4.3
1527272464.94	4300	59.748285	0.0	2184571	20	4.3
1527272469.05	4300	59.99847	0.0	2121928	24	4.3
1527272473.14	4300	59.748573	0.0	2219102	7	4.3
1527272476.74	4300	59.998392	0.0	2124950	22	4.3
1527272480.85	4300	59.99828	0.0	2246506	20	4.3
1527272484.96	4300	59.998128	0.0	1961140	21	4.3
1527272489.06	4300	59.997796	0.0	2155012	15	4.3
1527272490.66	4300	59.679111	0.0	1433658	16	4.3

1527272490.95	750	4	0.027	2354772	8	-0.11609999999999998
1527272491.02	4300	7.985963	0.0	2123065	7	0.75
1527272491.11	4300	11.897017	0.0	2177073	19	4.3
1527272491.19	4300	15.820413	0.0	2160877	10	4.3
1527272491.27	4300	19.736275	0.0	2233056	12	4.3
1527272491.35	4300	23.660424	0.0	1941625	9	4.3
1527272491.42	4300	27.583332	0.0	2157535	10	4.3
1527272491.5	4300	31.505653	0.0	2290172	11	4.3
1527272491.58	4300	35.428205	0.0	2055469	11	4.3
1527272491.66	4300	39.351106	0.0	2169201	11	4.3
1527272491.74	4300	43.27279	0.0	2173522	11	4.3
1527272491.81	4300	47.194984	0.0	2102452	11	4.3
1527272491.91	4300	51.101906	0.0	2209463	26	4.3
1527272491.99	4300	55.020439	0.0	2275376	11	4.3
1527272492.06	4300	58.944855	0.0	2005399	10	4.3
1527272495.27	4300	59.998821	0.0	2152483	11	4.3
1527272499.38	4300	59.748865	0.0	2289689	27	4.3
1527272503.48	4300	59.747633	0.0	2059512	14	4.3
1527272507.1	4300	59.997779	0.0	2220726	25	4.3
1527272511.71	4300	59.497947	0.0	2156729	22	4.3
1527272515.32	4300	59.749257	0.0	2039773	21	4.3
1527272519.43	4300	59.74927	0.0	2176469	22	4.3
1527272523.04	4300	59.998658	0.0	2221506	22	4.3
