1527136852.95	750	4	0.026	2354772	8	-0.11180000000000001
1527136853.02	4300	7.98789	0.0	2123065	7	0.75
1527136853.08	4300	11.919991	0.0	2177073	7	4.3
1527136853.15	4300	15.850885	0.0	2160877	7	4.3
1527136853.23	4300	19.778374	0.0	2233056	8	4.3
1527136853.3	4300	23.708667	0.0	1941625	6	4.3
1527136853.36	4300	27.640364	0.0	2157535	8	4.3
1527136853.43	4300	31.570149	0.0	2290172	7	4.3
1527136853.51	4300	35.501737	0.0	2055469	6	4.3
1527136853.58	4300	39.42329	0.0	2169201	8	4.3
1527136853.65	4300	43.355349	0.0	2173522	7	4.3
1527136853.74	4300	47.267224	0.0	2102452	17	4.3
1527136853.82	4300	51.186562	0.0	2209463	12	4.3
1527136853.92	4300	55.079445	0.0	2275376	26	4.3
1527136854.01	4300	58.993659	0.0	2005399	11	4.3
1527136857.09	4300	59.999248	0.0	2152483	7	4.3
1527136861.71	4300	59.748899	0.0	2289689	24	4.3
1527136865.32	4300	59.749466	0.0	2059512	21	4.3
1527136869.43	4300	59.997931	0.0	2220726	23	4.3
1527136873.04	4300	59.998348	0.0	2156729	21	4.3
1527136877.64	4300	59.499075	0.0	2039773	18	4.3
1527136881.76	4300	59.749325	0.0	2176469	24	4.3
1527136885.39	4300	59.998474	0.0	2221506	24	4.3
1527136889.49	4300	59.747972	0.0	2044075	20	4.3
1527136893.09	4300	59.999226	0.0	2186790	14	4.3
1527136897.2	4300	59.999312	0.0	2105231	23	4.3
1527136901.31	4300	59.748571	0.0	2395588	25	4.3
1527136905.4	4300	59.749606	0.0	1972048	10	4.3
1527136909.51	4300	59.498638	0.0	2134614	22	4.3
1527136913.63	4300	59.748498	0.0	2164140	22	4.3
1527136917.74	4300	59.498149	0.0	2113193	20	4.3
1527136921.36	4300	59.997931	0.0	2147852	25	4.3
1527136925.47	4300	59.998279	0.0	2191074	24	4.3
1527136929.08	4300	59.999196	0.0	2286761	25	4.3
1527136933.19	4300	59.999043	0.0	2307787	22	4.3
1527136937.3	4300	59.748252	0.0	2143948	18	4.3
1527136941.41	4300	59.999076	0.0	1919781	21	4.3
1527136945.03	4300	59.998916	0.0	2147467	23	4.3
1527136949.14	4300	59.998483	0.0	2133870	21	4.3
1527136953.25	4300	59.998342	0.0	2146120	23	4.3
1527136957.36	4300	59.747676	0.0	2108491	24	4.3
1527136961.47	4300	59.998421	0.0	2184571	24	4.3
1527136965.08	4300	59.999307	0.0	2121928	22	4.3
1527136969.68	4300	59.498246	0.0	2219102	19	4.3
1527136973.31	4300	59.748275	0.0	2124950	24	4.3
1527136977.42	4300	59.997502	0.0	2246506	25	4.3
1527136981.13	4300	59.999283	0.0	1961140	23	4.3
1527136985.75	4300	59.498377	0.0	2155012	24	4.3
1527136986.84	4300	59.929021	0.0	1433658	16	4.3

1527136987.15	750	4	0.027	2354772	7	-0.11609999999999998
1527136987.22	4300	7.986777	0.0	2123065	7	0.75
1527136987.39	4300	11.817009	0.0	2177073	22	4.3
1527136987.48	4300	15.727912	0.0	2160877	17	4.3
1527136987.55	4300	19.658132	0.0	2233056	7	4.3
1527136987.62	4300	23.587965	0.0	1941625	6	4.3
1527136987.69	4300	27.519442	0.0	2157535	7	4.3
1527136987.76	4300	31.448437	0.0	2290172	7	4.3
1527136987.84	4300	35.362739	0.0	2055469	16	4.3
1527136987.92	4300	39.28853	0.0	2169201	9	4.3
1527136987.99	4300	43.215528	0.0	2173522	9	4.3
1527136988.07	4300	47.139434	0.0	2102452	9	4.3
1527136988.15	4300	51.059716	0.0	2209463	10	4.3
1527136988.25	4300	54.960737	0.0	2275376	8	4.3
1527136988.32	4300	58.885114	0.0	2005399	10	4.3
1527136991.91	4300	59.498799	0.0	2152483	11	4.3
1527136995.52	4300	59.749237	0.0	2289689	25	4.3
1527136999.63	4300	59.749332	0.0	2059512	22	4.3
1527137003.74	4300	59.499034	0.0	2220726	25	4.3
1527137007.85	4300	59.498416	0.0	2156729	23	4.3
1527137011.46	4300	59.747885	0.0	2039773	21	4.3
1527137015.57	4300	59.997941	0.0	2176469	18	4.3
1527137019.69	4300	59.749465	0.0	2221506	24	4.3
1527137023.8	4300	59.748988	0.0	2044075	22	4.3
1527137027.91	4300	59.748892	0.0	2186790	24	4.3
1527137031.52	4300	59.998898	0.0	2105231	24	4.3
1527137035.64	4300	59.748602	0.0	2395588	25	4.3
1527137039.74	4300	59.499018	0.0	1972048	20	4.3
1527137043.88	4300	59.747544	0.0	2134614	21	4.3
1527137047.49	4300	59.749339	0.0	2164140	25	4.3
1527137051.6	4300	59.747768	0.0	2113193	19	4.3
1527137055.27	4300	59.998476	0.0	2147852	22	4.3
1527137059.37	4300	59.997486	0.0	2191074	17	4.3
1527137063.48	4300	59.74898	0.0	2286761	21	4.3
1527137067.6	4300	59.998514	0.0	2307787	25	4.3
1527137071.21	4300	59.99871	0.0	2143948	24	4.3
1527137075.32	4300	59.999413	0.0	1919781	21	4.3
1527137079.43	4300	59.998627	0.0	2147467	22	4.3
1527137083.55	4300	59.748526	0.0	2133870	25	4.3
1527137087.66	4300	59.74945	0.0	2146120	20	4.3
1527137091.77	4300	59.499135	0.0	2108491	17	4.3
1527137095.38	4300	59.998494	0.0	2184571	21	4.3
1527137099.49	4300	59.99851	0.0	2121928	22	4.3
1527137103.61	4300	59.74822	0.0	2219102	23	4.3
1527137107.22	4300	59.999141	0.0	2124950	23	4.3
1527137111.34	4300	59.998521	0.0	2246506	25	4.3
1527137115.96	4300	59.49737	0.0	1961140	21	4.3
1527137119.64	4300	59.998113	0.0	2155012	28	4.3
1527137121.22	4300	59.678602	0.0	1433658	4	4.3

1527137121.52	750	4	0.025	2354772	8	-0.10750000000000004
1527137121.61	4300	7.970511	0.0	2123065	15	0.75
1527137121.71	4300	11.870886	0.0	2177073	23	4.3
1527137121.81	4300	15.784963	0.0	2160877	14	4.3
1527137121.91	4300	19.673127	0.0	2233056	13	4.3
1527137121.99	4300	23.589394	0.0	1941625	13	4.3
1527137122.07	4300	27.503545	0.0	2157535	15	4.3
1527137122.16	4300	31.417352	0.0	2290172	16	4.3
1527137122.24	4300	35.333725	0.0	2055469	14	4.3
1527137122.34	4300	39.242617	0.0	2169201	24	4.3
1527137122.42	4300	43.160495	0.0	2173522	12	4.3
1527137122.48	4300	47.09168	0.0	2102452	6	4.3
1527137122.56	4300	51.014488	0.0	2209463	16	4.3
1527137122.63	4300	54.945701	0.0	2275376	7	4.3
1527137122.7	4300	58.878558	0.0	2005399	7	4.3
1527137125.78	4300	59.998312	0.0	2152483	7	4.3
1527137129.89	4300	59.749361	0.0	2289689	25	4.3
1527137134.0	4300	59.74912	0.0	2059512	21	4.3
1527137137.61	4300	59.999325	0.0	2220726	24	4.3
1527137142.3	4300	59.499099	0.0	2156729	14	4.3
1527137145.93	4300	59.999251	0.0	2039773	23	4.3
