1527236020.57	750	4	0.026	2354772	8	-0.11180000000000001
1527236020.67	4300	7.963934	0.0	2123065	21	0.75
1527236020.78	4300	11.856415	0.0	2177073	26	4.3
1527236020.86	4300	15.769336	0.0	2160877	15	4.3
1527236020.94	4300	19.695271	0.0	2233056	8	4.3
1527236021.01	4300	23.622604	0.0	1941625	7	4.3
1527236021.08	4300	27.549976	0.0	2157535	8	4.3
1527236021.16	4300	31.476905	0.0	2290172	9	4.3
1527236021.23	4300	35.407084	0.0	2055469	8	4.3
1527236021.33	4300	39.306156	0.0	2169201	24	4.3
1527236021.4	4300	43.233427	0.0	2173522	8	4.3
1527236021.47	4300	47.161677	0.0	2102452	8	4.3
1527236021.56	4300	51.080622	0.0	2209463	12	4.3
1527236021.66	4300	54.970451	0.0	2275376	19	4.3
1527236021.77	4300	58.86241	0.0	2005399	16	4.3
1527236024.89	4300	59.74873	0.0	2152483	23	4.3
1527236029.04	4300	59.749594	0.0	2289689	21	4.3
1527236032.71	4300	59.999083	0.0	2059512	22	4.3
1527236037.32	4300	59.7487	0.0	2220726	26	4.3
1527236040.94	4300	59.997988	0.0	2156729	24	4.3
1527236045.04	4300	59.748892	0.0	2039773	21	4.3
1527236049.17	4300	59.497706	0.0	2176469	25	4.3
1527236052.79	4300	59.999181	0.0	2221506	25	4.3
1527236056.9	4300	59.998524	0.0	2044075	20	4.3
1527236061.02	4300	59.998068	0.0	2186790	23	4.3
1527236065.12	4300	59.748383	0.0	2105231	18	4.3
1527236069.24	4300	59.748156	0.0	2395588	25	4.3
1527236073.33	4300	59.49773	0.0	1972048	10	4.3
1527236076.92	4300	59.74763	0.0	2134614	7	4.3
1527236081.03	4300	59.659761	0.0	2164140	16	4.3
1527236084.64	4300	59.998633	0.0	2113193	23	4.3
1527236088.76	4300	59.998471	0.0	2147852	24	4.3
1527236092.87	4300	59.99894	0.0	2191074	21	4.3
1527236096.97	4300	59.748812	0.0	2286761	24	4.3
1527236101.09	4300	59.998662	0.0	2307787	25	4.3
1527236105.2	4300	59.498621	0.0	2143948	23	4.3
1527236108.8	4300	59.997549	0.0	1919781	21	4.3
1527236112.91	4300	59.748333	0.0	2147467	22	4.3
1527236117.03	4300	59.747625	0.0	2133870	26	4.3
1527236120.65	4300	59.999201	0.0	2146120	24	4.3
1527236125.26	4300	59.748561	0.0	2108491	21	4.3
1527236128.88	4300	59.999032	0.0	2184571	25	4.3
1527236132.98	4300	59.998561	0.0	2121928	18	4.3
1527236137.1	4300	59.749129	0.0	2219102	16	4.3
1527236141.22	4300	59.472687	0.0	2124950	23	4.3
1527236145.33	4300	59.498683	0.0	2246506	26	4.3
1527236148.94	4300	59.748823	0.0	1961140	21	4.3
1527236153.05	4300	59.748894	0.0	2155012	23	4.3
1527236154.65	4300	59.928542	0.0	1433658	17	4.3

1527236154.95	750	4	0.027	2354772	8	-0.11609999999999998
1527236155.06	4300	7.957767	0.0	2123065	25	0.75
1527236155.15	4300	11.861385	0.0	2177073	25	4.3
1527236155.23	4300	15.780652	0.0	2160877	13	4.3
1527236155.31	4300	19.708335	0.0	2233056	8	4.3
1527236155.39	4300	23.622382	0.0	1941625	16	4.3
1527236155.48	4300	27.539491	0.0	2157535	15	4.3
1527236155.57	4300	31.44066	0.0	2290172	23	4.3
1527236155.66	4300	35.357258	0.0	2055469	15	4.3
1527236155.75	4300	39.271113	0.0	2169201	16	4.3
1527236155.83	4300	43.179211	0.0	2173522	15	4.3
1527236155.91	4300	47.10825	0.0	2102452	9	4.3
1527236155.98	4300	51.033442	0.0	2209463	9	4.3
1527236156.06	4300	54.958893	0.0	2275376	10	4.3
1527236156.13	4300	58.884556	0.0	2005399	8	4.3
1527236159.72	4300	59.498113	0.0	2152483	9	4.3
1527236163.33	4300	59.999008	0.0	2289689	25	4.3
1527236167.44	4300	59.998488	0.0	2059512	23	4.3
1527236171.05	4300	59.998196	0.0	2220726	26	4.3
1527236175.66	4300	59.748398	0.0	2156729	21	4.3
1527236179.27	4300	59.998108	0.0	2039773	25	4.3
1527236183.38	4300	59.748038	0.0	2176469	20	4.3
1527236187.49	4300	59.749563	0.0	2221506	22	4.3
1527236191.59	4300	59.499029	0.0	2044075	22	4.3
1527236195.2	4300	59.998932	0.0	2186790	25	4.3
1527236199.31	4300	59.749447	0.0	2105231	20	4.3
1527236203.47	4300	59.998798	0.0	2395588	24	4.3
1527236207.08	4300	59.998449	0.0	1972048	22	4.3
1527236211.19	4300	59.998409	0.0	2134614	20	4.3
1527236215.31	4300	59.748873	0.0	2164140	21	4.3
1527236219.42	4300	59.748883	0.0	2113193	20	4.3
1527236223.04	4300	59.998922	0.0	2147852	20	4.3
1527236227.15	4300	59.998395	0.0	2191074	25	4.3
1527236231.76	4300	59.497952	0.0	2286761	24	4.3
1527236235.37	4300	59.998013	0.0	2307787	27	4.3
1527236239.48	4300	59.749211	0.0	2143948	21	4.3
1527236243.09	4300	59.997895	0.0	1919781	18	4.3
1527236247.2	4300	59.998762	0.0	2147467	20	4.3
1527236251.3	4300	59.747776	0.0	2133870	20	4.3
1527236255.41	4300	59.995588	0.0	2146120	23	4.3
1527236259.52	4300	59.748233	0.0	2108491	22	4.3
1527236263.63	4300	59.748821	0.0	2184571	23	4.3
1527236267.26	4300	59.997436	0.0	2121928	23	4.3
1527236271.37	4300	59.748724	0.0	2219102	24	4.3
1527236275.48	4300	59.570553	0.0	2124950	23	4.3
1527236279.07	4300	59.997568	0.0	2246506	12	4.3
1527236283.24	4300	59.998143	0.0	1961140	22	4.3
1527236287.43	4300	59.747678	0.0	2155012	7	4.3
1527236289.02	4300	59.678805	0.0	1433658	17	4.3

1527236289.41	750	4	0.028	2354772	9	-0.12039999999999995
1527236289.5	4300	7.962969	0.0	2123065	19	0.75
1527236289.59	4300	11.882281	0.0	2177073	13	4.3
1527236289.67	4300	15.795182	0.0	2160877	17	4.3
1527236289.75	4300	19.717479	0.0	2233056	10	4.3
1527236289.82	4300	23.642592	0.0	1941625	9	4.3
1527236289.9	4300	27.567784	0.0	2157535	10	4.3
1527236289.98	4300	31.490182	0.0	2290172	11	4.3
1527236290.05	4300	35.414612	0.0	2055469	10	4.3
1527236290.13	4300	39.338476	0.0	2169201	10	4.3
1527236290.2	4300	43.263482	0.0	2173522	9	4.3
1527236290.28	4300	47.187904	0.0	2102452	9	4.3
1527236290.37	4300	51.09932	0.0	2209463	11	4.3
1527236290.45	4300	55.01704	0.0	2275376	9	4.3
1527236290.52	4300	58.948496	0.0	2005399	7	4.3
