1527299746.55	750	4	0.027	2354772	7	-0.11609999999999998
1527299746.64	4300	7.973145	0.0	2123065	15	0.75
1527299746.73	4300	11.884991	0.0	2177073	15	4.3
1527299746.81	4300	15.798949	0.0	2160877	15	4.3
1527299746.89	4300	19.715044	0.0	2233056	13	4.3
1527299746.97	4300	23.643133	0.0	1941625	9	4.3
1527299747.05	4300	27.559918	0.0	2157535	14	4.3
1527299747.14	4300	31.473424	0.0	2290172	15	4.3
1527299747.24	4300	35.372435	0.0	2055469	19	4.3
1527299747.32	4300	39.287035	0.0	2169201	17	4.3
1527299747.41	4300	43.196915	0.0	2173522	15	4.3
1527299747.5	4300	47.111256	0.0	2102452	15	4.3
1527299747.58	4300	51.028457	0.0	2209463	15	4.3
1527299747.66	4300	54.950395	0.0	2275376	10	4.3
1527299747.74	4300	58.874214	0.0	2005399	8	4.3
1527299751.32	4300	59.748663	0.0	2152483	9	4.3
1527299754.94	4300	59.748709	0.0	2289689	26	4.3
1527299759.05	4300	59.748684	0.0	2059512	16	4.3
1527299762.66	4300	59.999323	0.0	2220726	21	4.3
1527299766.77	4300	59.999199	0.0	2156729	26	4.3
1527299770.88	4300	59.99835	0.0	2039773	23	4.3
1527299775.01	4300	59.997622	0.0	2176469	24	4.3
1527299779.11	4300	59.498961	0.0	2221506	22	4.3
1527299782.72	4300	59.998659	0.0	2044075	20	4.3
1527299786.85	4300	59.998929	0.0	2186790	25	4.3
1527299790.96	4300	59.749556	0.0	2105231	21	4.3
1527299795.08	4300	59.749512	0.0	2395588	18	4.3
1527299798.68	4300	59.997493	0.0	1972048	21	4.3
1527299803.3	4300	59.498192	0.0	2134614	25	4.3
1527299806.9	4300	59.792337	0.0	2164140	18	4.3
1527299811.0	4300	59.748044	0.0	2113193	18	4.3
1527299815.11	4300	59.747676	0.0	2147852	23	4.3
1527299818.72	4300	59.998149	0.0	2191074	23	4.3
1527299823.44	4300	59.499338	0.0	2286761	21	4.3
1527299827.05	4300	59.998567	0.0	2307787	27	4.3
1527299830.69	4300	59.997503	0.0	2143948	20	4.3
1527299834.79	4300	59.999328	0.0	1919781	17	4.3
1527299838.9	4300	59.99763	0.0	2147467	23	4.3
1527299843.01	4300	59.749257	0.0	2133870	24	4.3
1527299846.62	4300	59.997849	0.0	2146120	24	4.3
1527299851.23	4300	59.497421	0.0	2108491	17	4.3
1527299855.34	4300	59.748825	0.0	2184571	24	4.3
1527299858.95	4300	59.998521	0.0	2121928	22	4.3
1527299863.06	4300	59.99887	0.0	2219102	19	4.3
1527299866.66	4300	59.99768	0.0	2124950	20	4.3
1527299871.33	4300	59.747545	0.0	2246506	20	4.3
1527299874.93	4300	59.747617	0.0	1961140	22	4.3
1527299879.04	4300	59.997704	0.0	2155012	25	4.3
1527299880.64	4300	59.928199	0.0	1433658	17	4.3

1527299880.93	750	4	0.025	2354772	7	-0.10750000000000004
1527299881.06	4300	7.986185	0.0	2123065	7	0.75
1527299881.17	4300	11.815701	0.0	2177073	26	4.3
1527299881.25	4300	15.735882	0.0	2160877	13	4.3
1527299881.32	4300	19.658934	0.0	2233056	12	4.3
1527299881.41	4300	23.572372	0.0	1941625	18	4.3
1527299881.48	4300	27.497356	0.0	2157535	11	4.3
1527299881.56	4300	31.420177	0.0	2290172	12	4.3
1527299881.64	4300	35.342982	0.0	2055469	10	4.3
1527299881.72	4300	39.267167	0.0	2169201	11	4.3
1527299881.79	4300	43.189842	0.0	2173522	11	4.3
1527299881.87	4300	47.114789	0.0	2102452	11	4.3
1527299881.95	4300	51.031287	0.0	2209463	12	4.3
1527299882.03	4300	54.956391	0.0	2275376	7	4.3
1527299882.13	4300	58.856374	0.0	2005399	23	4.3
1527299885.21	4300	59.997984	0.0	2152483	12	4.3
1527299889.83	4300	59.247659	0.0	2289689	26	4.3
1527299893.44	4300	59.998848	0.0	2059512	23	4.3
1527299897.05	4300	59.998922	0.0	2220726	26	4.3
1527299901.66	4300	59.748424	0.0	2156729	21	4.3
1527299905.27	4300	59.748982	0.0	2039773	23	4.3
1527299909.38	4300	59.748098	0.0	2176469	23	4.3
1527299913.49	4300	59.498501	0.0	2221506	19	4.3
1527299917.1	4300	59.999477	0.0	2044075	21	4.3
1527299921.22	4300	59.998789	0.0	2186790	24	4.3
1527299925.33	4300	59.74878	0.0	2105231	24	4.3
1527299929.45	4300	59.99774	0.0	2395588	24	4.3
1527299933.03	4300	59.998608	0.0	1972048	10	4.3
1527299937.65	4300	59.497752	0.0	2134614	25	4.3
1527299941.26	4300	59.748578	0.0	2164140	24	4.3
1527299946.12	4300	59.748065	0.0	2113193	22	4.3
1527299949.2	4300	59.997704	0.0	2147852	25	4.3
1527299953.31	4300	59.747676	0.0	2191074	24	4.3
1527299957.43	4300	59.74915	0.0	2286761	25	4.3
1527299961.04	4300	59.998851	0.0	2307787	26	4.3
1527299965.15	4300	59.999055	0.0	2143948	21	4.3
1527299969.26	4300	59.747304	0.0	1919781	20	4.3
1527299973.36	4300	59.748618	0.0	2147467	22	4.3
1527299977.47	4300	59.748731	0.0	2133870	23	4.3
1527299981.58	4300	59.748677	0.0	2146120	25	4.3
1527299985.19	4300	59.998588	0.0	2108491	24	4.3
1527299989.3	4300	59.748718	0.0	2184571	22	4.3
1527299993.41	4300	59.74856	0.0	2121928	23	4.3
1527299997.54	4300	59.749057	0.0	2219102	26	4.3
1527300001.15	4300	59.997466	0.0	2124950	24	4.3
1527300005.26	4300	59.749419	0.0	2246506	20	4.3
1527300009.37	4300	59.74754	0.0	1961140	21	4.3
1527300013.48	4300	59.998254	0.0	2155012	24	4.3
1527300015.07	4300	59.679344	0.0	1433658	18	4.3

1527300015.36	750	4	0.031	2354772	7	-0.13329999999999997
1527300015.43	4300	7.927849	0.0	2123065	6	0.75
1527300015.52	4300	11.843466	0.0	2177073	15	4.3
1527300015.62	4300	15.741671	0.0	2160877	21	4.3
1527300015.71	4300	19.653078	0.0	2233056	14	4.3
1527300015.79	4300	23.569839	0.0	1941625	13	4.3
1527300015.88	4300	27.477087	0.0	2157535	18	4.3
1527300015.96	4300	31.399493	0.0	2290172	10	4.3
1527300016.03	4300	35.326617	0.0	2055469	7	4.3
1527300016.1	4300	39.258271	0.0	2169201	7	4.3
1527300016.2	4300	43.166195	0.0	2173522	17	4.3
1527300016.27	4300	47.089048	0.0	2102452	10	4.3
1527300016.36	4300	51.000865	0.0	2209463	23	4.3
1527300016.43	4300	54.927962	0.0	2275376	7	4.3
1527300016.5	4300	58.85897	0.0	2005399	6	4.3
1527300020.08	4300	59.49913	0.0	2152483	7	4.3
1527300023.71	4300	59.748632	0.0	2289689	26	4.3
1527300027.81	4300	59.748733	0.0	2059512	21	4.3
1527300031.42	4300	59.998832	0.0	2220726	26	4.3
1527300036.3	4300	59.499612	0.0	2156729	25	4.3
1527300039.41	4300	59.999403	0.0	2039773	23	4.3
1527300043.53	4300	59.999059	0.0	2176469	26	4.3
1527300047.64	4300	59.999258	0.0	2221506	26	4.3
1527300051.75	4300	59.749125	0.0	2044075	22	4.3
1527300055.86	4300	59.748078	0.0	2186790	24	4.3
1527300059.47	4300	59.9987	0.0	2105231	23	4.3
