1527281898.63	750	4	0.017	450283	3	-0.07309999999999994
1527281898.76	4300	7.981976	0.0	2123065	8	0.75
1527281898.88	4300	11.862625	0.0	2177073	8	4.3
1527281899.0	4300	15.743662	0.0	2160877	8	4.3
1527281899.12	4300	19.627077	0.0	2233056	6	4.3
1527281899.23	4300	23.511314	0.0	1941625	6	4.3
1527281899.35	4300	27.391994	0.0	2157535	7	4.3
1527281899.47	4300	31.274723	0.0	2290172	8	4.3
1527281899.59	4300	35.154533	0.0	2055469	6	4.3
1527281899.71	4300	39.034669	0.0	2169201	7	4.3
1527281899.83	4300	42.915086	0.0	2173522	8	4.3
1527281899.95	4300	46.798148	0.0	2102452	8	4.3
1527281900.07	4300	50.675483	0.0	2209463	7	4.3
1527281900.22	4300	54.521747	0.0	2275376	17	4.3
1527281900.41	4300	58.400711	0.0	2005399	10	4.3
1527281903.07	4300	59.999204	0.0	2152483	23	4.3
1527281907.74	4300	59.499301	0.0	2289689	27	4.3
1527281911.39	4300	59.748163	0.0	2059512	21	4.3
1527281915.05	4300	59.999045	0.0	2220726	24	4.3
1527281919.21	4300	59.749344	0.0	2156729	24	4.3
1527281923.37	4300	59.498103	0.0	2039773	23	4.3
1527281927.02	4300	59.747804	0.0	2176469	21	4.3
1527281931.18	4300	59.748983	0.0	2221506	25	4.3
1527281934.84	4300	59.998327	0.0	2044075	22	4.3
1527281939.0	4300	59.748409	0.0	2186790	25	4.3
1527281943.15	4300	59.998894	0.0	2105231	19	4.3
1527281947.29	4300	59.748971	0.0	2395588	12	4.3
1527281951.45	4300	59.748993	0.0	1972048	22	4.3
1527281955.11	4300	59.748987	0.0	2134614	20	4.3
1527281959.26	4300	59.498366	0.0	2164140	20	4.3
1527281962.93	4300	59.999495	0.0	2113193	24	4.3
1527281967.09	4300	59.99773	0.0	2147852	22	4.3
1527281971.24	4300	59.998162	0.0	2191074	19	4.3
1527281975.41	4300	59.748782	0.0	2286761	25	4.3
1527281979.11	4300	59.748434	0.0	2307787	26	4.3
1527281982.78	4300	59.997941	0.0	2143948	13	4.3
1527281986.94	4300	59.998783	0.0	1919781	23	4.3
1527281991.1	4300	59.747717	0.0	2147467	22	4.3
1527281995.25	4300	59.747722	0.0	2133870	15	4.3
1527281999.41	4300	59.748947	0.0	2146120	22	4.3
1527282003.07	4300	59.749156	0.0	2108491	23	4.3
1527282007.23	4300	59.748932	0.0	2184571	23	4.3
1527282010.89	4300	59.99931	0.0	2121928	25	4.3
1527282015.07	4300	59.748644	0.0	2219102	24	4.3
1527282019.23	4300	59.998983	0.0	2124950	22	4.3
1527282022.88	4300	59.998259	0.0	2246506	21	4.3
1527282027.02	4300	59.747853	0.0	1961140	23	4.3
1527282031.15	4300	59.748428	0.0	2155012	24	4.3
1527282032.84	4300	59.678732	0.0	1433658	18	4.3

1527282033.16	750	4	0.018	668286	3	-0.07740000000000002
1527282033.32	4300	7.951628	0.0	2123065	18	0.75
1527282033.47	4300	11.806684	0.0	2177073	22	4.3
1527282033.6	4300	15.674256	0.0	2160877	13	4.3
1527282033.74	4300	19.529902	0.0	2233056	16	4.3
1527282033.88	4300	23.38783	0.0	1941625	20	4.3
1527282034.01	4300	27.257167	0.0	2157535	14	4.3
1527282034.13	4300	31.137524	0.0	2290172	8	4.3
1527282034.26	4300	35.010359	0.0	2055469	13	4.3
1527282034.38	4300	38.894247	0.0	2169201	7	4.3
1527282034.51	4300	42.757591	0.0	2173522	19	4.3
1527282034.65	4300	46.621079	0.0	2102452	16	4.3
1527282034.79	4300	50.483322	0.0	2209463	18	4.3
1527282034.93	4300	54.339876	0.0	2275376	19	4.3
1527282035.06	4300	58.212194	0.0	2005399	10	4.3
1527282037.71	4300	59.749454	0.0	2152483	18	4.3
1527282041.86	4300	59.748961	0.0	2289689	20	4.3
1527282046.13	4300	59.498708	0.0	2059512	22	4.3
1527282049.29	4300	59.998752	0.0	2220726	23	4.3
1527282053.57	4300	59.997866	0.0	2156729	19	4.3
1527282057.79	4300	59.747769	0.0	2039773	14	4.3
1527282061.44	4300	59.998872	0.0	2176469	26	4.3
1527282065.6	4300	59.748296	0.0	2221506	24	4.3
1527282069.75	4300	59.999058	0.0	2044075	18	4.3
1527282073.42	4300	59.998816	0.0	2186790	24	4.3
1527282077.58	4300	59.749271	0.0	2105231	24	4.3
1527282081.73	4300	59.748653	0.0	2395588	20	4.3
1527282085.39	4300	59.998969	0.0	1972048	20	4.3
1527282089.55	4300	59.749307	0.0	2134614	24	4.3
1527282093.71	4300	59.747566	0.0	2164140	24	4.3
1527282097.86	4300	59.748569	0.0	2113193	21	4.3
1527282102.01	4300	59.749193	0.0	2147852	19	4.3
1527282105.66	4300	59.74848	0.0	2191074	23	4.3
1527282109.33	4300	59.998738	0.0	2286761	25	4.3
1527282113.49	4300	59.99902	0.0	2307787	25	4.3
1527282117.63	4300	59.998695	0.0	2143948	16	4.3
1527282121.29	4300	59.99921	0.0	1919781	21	4.3
1527282125.45	4300	59.999331	0.0	2147467	24	4.3
1527282129.58	4300	59.749241	0.0	2133870	6	4.3
1527282133.74	4300	59.748519	0.0	2146120	24	4.3
1527282137.9	4300	59.498464	0.0	2108491	24	4.3
1527282141.56	4300	59.749355	0.0	2184571	21	4.3
1527282145.72	4300	59.748373	0.0	2121928	24	4.3
1527282149.88	4300	59.748715	0.0	2219102	24	4.3
1527282153.55	4300	59.749036	0.0	2124950	29	4.3
1527282157.69	4300	59.748594	0.0	2246506	19	4.3
1527282161.34	4300	59.998682	0.0	1961140	22	4.3
1527282165.48	4300	59.998432	0.0	2155012	22	4.3
1527282167.09	4300	59.928929	0.0	1433658	16	4.3

1527282167.38	750	4	0.024	668286	3	-0.10319999999999996
1527282167.54	4300	7.950817	0.0	2123065	21	0.75
1527282167.67	4300	11.815665	0.0	2177073	14	4.3
1527282167.8	4300	15.693199	0.0	2160877	7	4.3
1527282167.93	4300	19.556946	0.0	2233056	16	4.3
1527282168.06	4300	23.42511	0.0	1941625	14	4.3
1527282168.22	4300	27.273388	0.0	2157535	24	4.3
1527282168.36	4300	31.132502	0.0	2290172	17	4.3
1527282168.5	4300	34.989886	0.0	2055469	19	4.3
1527282168.63	4300	38.856191	0.0	2169201	14	4.3
1527282168.77	4300	42.721961	0.0	2173522	14	4.3
1527282168.9	4300	46.588947	0.0	2102452	14	4.3
1527282169.05	4300	50.43474	0.0	2209463	25	4.3
1527282169.19	4300	54.301318	0.0	2275376	13	4.3
1527282169.34	4300	58.15433	0.0	2005399	19	4.3
1527282171.98	4300	59.997858	0.0	2152483	18	4.3
1527282175.64	4300	59.999486	0.0	2289689	22	4.3
1527282179.8	4300	59.747928	0.0	2059512	22	4.3
1527282183.96	4300	59.998928	0.0	2220726	23	4.3
