1527150871.61	750	4	0.025	2354772	6	-0.10750000000000004
1527150871.77	4300	7.958718	0.0	2123065	23	0.75
1527150871.92	4300	11.80307	0.0	2177073	23	4.3
1527150872.06	4300	15.664381	0.0	2160877	12	4.3
1527150872.2	4300	19.525995	0.0	2233056	14	4.3
1527150872.33	4300	23.388763	0.0	1941625	13	4.3
1527150872.47	4300	27.25403	0.0	2157535	8	4.3
1527150872.59	4300	31.128079	0.0	2290172	7	4.3
1527150872.72	4300	35.003005	0.0	2055469	6	4.3
1527150872.84	4300	38.879638	0.0	2169201	7	4.3
1527150872.99	4300	42.734084	0.0	2173522	18	4.3
1527150873.12	4300	46.607422	0.0	2102452	9	4.3
1527150873.24	4300	50.478812	0.0	2209463	10	4.3
1527150873.4	4300	54.323596	0.0	2275376	23	4.3
1527150873.54	4300	58.184354	0.0	2005399	9	4.3
1527150876.2	4300	59.749315	0.0	2152483	25	4.3
1527150879.87	4300	59.998939	0.0	2289689	25	4.3
1527150884.03	4300	59.74838	0.0	2059512	22	4.3
1527150888.2	4300	59.748701	0.0	2220726	25	4.3
1527150891.93	4300	59.997839	0.0	2156729	24	4.3
1527150896.15	4300	59.749632	0.0	2039773	22	4.3
1527150899.81	4300	59.998132	0.0	2176469	25	4.3
1527150903.98	4300	59.748751	0.0	2221506	26	4.3
1527150908.15	4300	59.749037	0.0	2044075	21	4.3
1527150911.82	4300	59.998596	0.0	2186790	25	4.3
1527150915.98	4300	59.998109	0.0	2105231	23	4.3
1527150920.15	4300	59.997748	0.0	2395588	26	4.3
1527150923.79	4300	59.999305	0.0	1972048	13	4.3
1527150928.46	4300	59.748676	0.0	2134614	22	4.3
1527150932.11	4300	59.749139	0.0	2164140	17	4.3
1527150936.28	4300	59.749361	0.0	2113193	24	4.3
1527150940.44	4300	59.498518	0.0	2147852	19	4.3
1527150944.1	4300	59.998375	0.0	2191074	24	4.3
1527150947.77	4300	59.999327	0.0	2286761	24	4.3
1527150951.93	4300	59.998048	0.0	2307787	21	4.3
1527150956.1	4300	59.748989	0.0	2143948	23	4.3
1527150960.26	4300	59.497397	0.0	1919781	20	4.3
1527150963.93	4300	59.998076	0.0	2147467	23	4.3
1527150968.11	4300	59.997774	0.0	2133870	38	4.3
1527150971.77	4300	59.997552	0.0	2146120	19	4.3
1527150975.96	4300	59.997501	0.0	2108491	20	4.3
1527150980.12	4300	59.74923	0.0	2184571	23	4.3
1527150983.79	4300	59.998062	0.0	2121928	25	4.3
1527150987.96	4300	59.999169	0.0	2219102	24	4.3
1527150992.13	4300	59.749311	0.0	2124950	24	4.3
1527150995.79	4300	59.998743	0.0	2246506	25	4.3
1527150999.93	4300	59.999026	0.0	1961140	18	4.3
1527151004.07	4300	59.748548	0.0	2155012	25	4.3
1527151006.19	4300	59.678513	0.0	1433658	16	4.3

1527151006.47	750	4	0.016	668286	4	-0.06879999999999997
1527151006.63	4300	7.955506	0.0	2123065	18	0.75
1527151006.78	4300	11.809914	0.0	2177073	19	4.3
1527151006.91	4300	15.669129	0.0	2160877	11	4.3
1527151007.06	4300	19.518997	0.0	2233056	15	4.3
1527151007.19	4300	23.393361	0.0	1941625	9	4.3
1527151007.34	4300	27.243486	0.0	2157535	24	4.3
1527151007.49	4300	31.093598	0.0	2290172	25	4.3
1527151007.64	4300	34.944922	0.0	2055469	24	4.3
1527151007.8	4300	38.787407	0.0	2169201	24	4.3
1527151007.95	4300	42.640367	0.0	2173522	21	4.3
1527151008.08	4300	46.504831	0.0	2102452	14	4.3
1527151008.22	4300	50.360886	0.0	2209463	17	4.3
1527151008.37	4300	54.215688	0.0	2275376	19	4.3
1527151008.5	4300	58.080992	0.0	2005399	12	4.3
1527151011.16	4300	59.749379	0.0	2152483	22	4.3
1527151014.82	4300	59.998928	0.0	2289689	20	4.3
1527151018.98	4300	59.998474	0.0	2059512	19	4.3
1527151022.66	4300	59.999001	0.0	2220726	23	4.3
1527151026.81	4300	59.999256	0.0	2156729	15	4.3
1527151030.97	4300	59.998246	0.0	2039773	24	4.3
1527151034.64	4300	59.99885	0.0	2176469	25	4.3
1527151039.31	4300	59.748055	0.0	2221506	23	4.3
1527151042.97	4300	59.998828	0.0	2044075	22	4.3
1527151046.74	4300	59.999015	0.0	2186790	24	4.3
1527151050.9	4300	59.749028	0.0	2105231	23	4.3
1527151055.07	4300	59.998262	0.0	2395588	26	4.3
1527151059.23	4300	59.49928	0.0	1972048	22	4.3
1527151062.9	4300	59.747922	0.0	2134614	22	4.3
1527151067.06	4300	59.747763	0.0	2164140	24	4.3
1527151071.23	4300	59.748789	0.0	2113193	24	4.3
1527151074.89	4300	59.997764	0.0	2147852	18	4.3
1527151079.05	4300	59.749374	0.0	2191074	19	4.3
1527151083.21	4300	59.748108	0.0	2286761	22	4.3
1527151086.88	4300	59.74904	0.0	2307787	26	4.3
1527151091.04	4300	59.998874	0.0	2143948	22	4.3
1527151094.7	4300	59.999293	0.0	1919781	21	4.3
1527151098.87	4300	59.748722	0.0	2147467	25	4.3
1527151103.04	4300	59.998258	0.0	2133870	24	4.3
1527151107.21	4300	59.747953	0.0	2146120	23	4.3
1527151110.87	4300	59.748384	0.0	2108491	24	4.3
1527151115.03	4300	59.747952	0.0	2184571	23	4.3
1527151119.2	4300	59.498275	0.0	2121928	23	4.3
1527151122.87	4300	59.748752	0.0	2219102	25	4.3
1527151127.11	4300	59.748665	0.0	2124950	24	4.3
1527151130.76	4300	59.999075	0.0	2246506	26	4.3
1527151134.89	4300	59.997172	0.0	1961140	15	4.3
1527151139.03	4300	59.74767	0.0	2155012	25	4.3
1527151140.64	4300	59.927572	0.0	1433658	14	4.3

1527151140.97	750	4	0.016	668286	4	-0.06879999999999997
1527151141.13	4300	7.957295	0.0	2123065	14	0.75
1527151141.27	4300	11.816804	0.0	2177073	17	4.3
1527151141.42	4300	15.672922	0.0	2160877	15	4.3
1527151141.57	4300	19.521146	0.0	2233056	23	4.3
1527151141.7	4300	23.383269	0.0	1941625	14	4.3
1527151141.85	4300	27.235606	0.0	2157535	18	4.3
1527151142.01	4300	31.084972	0.0	2290172	18	4.3
1527151142.16	4300	34.926744	0.0	2055469	21	4.3
1527151142.3	4300	38.791439	0.0	2169201	12	4.3
1527151142.43	4300	42.658831	0.0	2173522	12	4.3
1527151142.56	4300	46.524533	0.0	2102452	11	4.3
1527151142.71	4300	50.378555	0.0	2209463	21	4.3
1527151142.85	4300	54.239669	0.0	2275376	14	4.3
1527151143.0	4300	58.088014	0.0	2005399	29	4.3
1527151145.7	4300	59.498952	0.0	2152483	24	4.3
1527151149.36	4300	59.748128	0.0	2289689	26	4.3
1527151153.53	4300	59.749095	0.0	2059512	21	4.3
