1527143167.4	750	4	0.026	2354772	9	-0.11180000000000001
1527143167.54	4300	7.959049	0.0	2123065	22	0.75
1527143167.62	4300	11.867682	0.0	2177073	13	4.3
1527143167.7	4300	15.793756	0.0	2160877	6	4.3
1527143167.79	4300	19.702839	0.0	2233056	16	4.3
1527143167.87	4300	23.620929	0.0	1941625	12	4.3
1527143167.96	4300	27.53423	0.0	2157535	14	4.3
1527143168.05	4300	31.44659	0.0	2290172	16	4.3
1527143168.14	4300	35.352504	0.0	2055469	18	4.3
1527143168.22	4300	39.273443	0.0	2169201	10	4.3
1527143168.29	4300	43.199588	0.0	2173522	6	4.3
1527143168.37	4300	47.122172	0.0	2102452	11	4.3
1527143168.45	4300	51.043148	0.0	2209463	11	4.3
1527143168.56	4300	54.936658	0.0	2275376	20	4.3
1527143168.66	4300	58.83284	0.0	2005399	13	4.3
1527143171.76	4300	59.748894	0.0	2152483	20	4.3
1527143175.88	4300	59.748129	0.0	2289689	25	4.3
1527143180.04	4300	59.748348	0.0	2059512	7	4.3
1527143184.16	4300	59.749459	0.0	2220726	26	4.3
1527143187.77	4300	59.998558	0.0	2156729	22	4.3
1527143191.89	4300	59.998974	0.0	2039773	22	4.3
1527143196.01	4300	59.748662	0.0	2176469	24	4.3
1527143199.62	4300	59.998525	0.0	2221506	24	4.3
1527143203.74	4300	59.999205	0.0	2044075	23	4.3
1527143207.86	4300	59.7496	0.0	2186790	23	4.3
1527143211.97	4300	59.747927	0.0	2105231	23	4.3
1527143215.59	4300	59.998214	0.0	2395588	26	4.3
1527143219.71	4300	59.998359	0.0	1972048	22	4.3
1527143223.83	4300	59.747649	0.0	2134614	24	4.3
1527143227.94	4300	59.629954	0.0	2164140	21	4.3
1527143231.54	4300	59.998583	0.0	2113193	19	4.3
1527143235.67	4300	59.998734	0.0	2147852	24	4.3
1527143239.78	4300	59.747818	0.0	2191074	24	4.3
1527143243.91	4300	59.748315	0.0	2286761	22	4.3
1527143247.53	4300	59.998461	0.0	2307787	24	4.3
1527143252.14	4300	59.498746	0.0	2143948	21	4.3
1527143255.8	4300	59.998801	0.0	1919781	20	4.3
1527143259.91	4300	59.749177	0.0	2147467	24	4.3
1527143264.03	4300	59.497826	0.0	2133870	23	4.3
1527143267.64	4300	59.998775	0.0	2146120	22	4.3
1527143271.75	4300	59.749124	0.0	2108491	23	4.3
1527143275.87	4300	59.749236	0.0	2184571	24	4.3
1527143279.98	4300	59.747375	0.0	2121928	21	4.3
1527143284.1	4300	59.747369	0.0	2219102	22	4.3
1527143288.2	4300	59.372661	0.0	2124950	13	4.3
1527143291.81	4300	59.748926	0.0	2246506	25	4.3
1527143295.92	4300	59.748565	0.0	1961140	20	4.3
1527143299.52	4300	59.998972	0.0	2155012	19	4.3
1527143301.62	4300	59.678169	0.0	1433658	15	4.3

1527143301.9	750	4	0.016	668286	4	-0.06879999999999997
1527143301.98	4300	7.980414	0.0	2123065	7	0.75
1527143302.07	4300	11.880599	0.0	2177073	23	4.3
1527143302.16	4300	15.792866	0.0	2160877	15	4.3
1527143302.26	4300	19.698656	0.0	2233056	17	4.3
1527143302.35	4300	23.610335	0.0	1941625	13	4.3
1527143302.43	4300	27.524018	0.0	2157535	16	4.3
1527143302.51	4300	31.448278	0.0	2290172	7	4.3
1527143302.65	4300	35.376756	0.0	2055469	7	4.3
1527143302.75	4300	39.210889	0.0	2169201	17	4.3
1527143302.83	4300	43.12823	0.0	2173522	11	4.3
1527143302.91	4300	47.048045	0.0	2102452	11	4.3
1527143302.99	4300	50.968626	0.0	2209463	12	4.3
1527143303.07	4300	54.887515	0.0	2275376	12	4.3
1527143303.15	4300	58.806441	0.0	2005399	11	4.3
1527143306.26	4300	59.749714	0.0	2152483	21	4.3
1527143310.36	4300	59.74878	0.0	2289689	15	4.3
1527143314.48	4300	59.499391	0.0	2059512	22	4.3
1527143318.59	4300	59.748964	0.0	2220726	23	4.3
1527143322.21	4300	59.999447	0.0	2156729	22	4.3
1527143326.31	4300	59.998702	0.0	2039773	17	4.3
1527143330.42	4300	59.748841	0.0	2176469	19	4.3
1527143334.53	4300	59.748932	0.0	2221506	22	4.3
1527143338.64	4300	59.749351	0.0	2044075	18	4.3
1527143342.24	4300	59.74828	0.0	2186790	22	4.3
1527143346.34	4300	59.998985	0.0	2105231	16	4.3
1527143350.46	4300	59.748605	0.0	2395588	21	4.3
1527143354.05	4300	59.997911	0.0	1972048	11	4.3
1527143358.15	4300	59.997753	0.0	2134614	15	4.3
1527143362.27	4300	59.748027	0.0	2164140	25	4.3
1527143366.38	4300	59.999216	0.0	2113193	25	4.3
1527143369.99	4300	59.999439	0.0	2147852	25	4.3
1527143374.17	4300	59.99805	0.0	2191074	25	4.3
1527143378.29	4300	59.749318	0.0	2286761	26	4.3
1527143382.4	4300	59.99864	0.0	2307787	26	4.3
1527143386.02	4300	59.998445	0.0	2143948	21	4.3
1527143390.63	4300	59.748264	0.0	1919781	17	4.3
1527143394.23	4300	59.748847	0.0	2147467	24	4.3
1527143398.34	4300	59.99781	0.0	2133870	19	4.3
1527143402.45	4300	59.748617	0.0	2146120	20	4.3
1527143406.06	4300	59.998367	0.0	2108491	20	4.3
1527143410.16	4300	59.998224	0.0	2184571	18	4.3
1527143414.27	4300	59.749253	0.0	2121928	20	4.3
1527143418.38	4300	59.998823	0.0	2219102	20	4.3
1527143422.5	4300	59.623872	0.0	2124950	19	4.3
