1527263539.48	750	4	0.026	2354772	9	-0.11180000000000001
1527263539.62	4300	7.964142	0.0	2123065	21	0.75
1527263539.7	4300	11.840356	0.0	2177073	15	4.3
1527263539.79	4300	15.75239	0.0	2160877	14	4.3
1527263539.88	4300	19.665012	0.0	2233056	16	4.3
1527263539.96	4300	23.58419	0.0	1941625	13	4.3
1527263540.06	4300	27.486869	0.0	2157535	24	4.3
1527263540.15	4300	31.397665	0.0	2290172	16	4.3
1527263540.23	4300	35.313847	0.0	2055469	16	4.3
1527263540.34	4300	39.209271	0.0	2169201	24	4.3
1527263540.42	4300	43.123484	0.0	2173522	14	4.3
1527263540.51	4300	47.036983	0.0	2102452	17	4.3
1527263540.59	4300	50.953635	0.0	2209463	14	4.3
1527263540.67	4300	54.876166	0.0	2275376	8	4.3
1527263540.74	4300	58.799588	0.0	2005399	7	4.3
1527263543.82	4300	59.747786	0.0	2152483	7	4.3
1527263547.94	4300	59.747832	0.0	2289689	25	4.3
1527263551.55	4300	59.99936	0.0	2059512	16	4.3
1527263556.18	4300	59.748843	0.0	2220726	25	4.3
1527263560.29	4300	59.498874	0.0	2156729	26	4.3
1527263563.9	4300	59.748258	0.0	2039773	23	4.3
1527263568.01	4300	59.747873	0.0	2176469	22	4.3
1527263572.23	4300	59.748049	0.0	2221506	24	4.3
1527263575.84	4300	59.749241	0.0	2044075	24	4.3
1527263579.95	4300	59.998996	0.0	2186790	22	4.3
1527263583.56	4300	59.999063	0.0	2105231	23	4.3
1527263588.18	4300	59.749184	0.0	2395588	27	4.3
1527263591.77	4300	59.99834	0.0	1972048	10	4.3
1527263595.88	4300	59.749207	0.0	2134614	23	4.3
1527263600.0	4300	59.592373	0.0	2164140	23	4.3
1527263603.61	4300	59.99909	0.0	2113193	19	4.3
1527263608.23	4300	59.499127	0.0	2147852	25	4.3
1527263611.84	4300	59.748801	0.0	2191074	25	4.3
1527263615.96	4300	59.998747	0.0	2286761	22	4.3
1527263619.57	4300	59.998824	0.0	2307787	23	4.3
1527263624.18	4300	59.498664	0.0	2143948	25	4.3
1527263627.8	4300	59.998672	0.0	1919781	23	4.3
1527263631.89	4300	59.998424	0.0	2147467	13	4.3
1527263636.01	4300	59.74772	0.0	2133870	19	4.3
1527263640.13	4300	59.497531	0.0	2146120	25	4.3
1527263643.73	4300	59.997834	0.0	2108491	24	4.3
1527263647.84	4300	59.997473	0.0	2184571	22	4.3
1527263651.95	4300	59.997726	0.0	2121928	22	4.3
1527263656.07	4300	59.498949	0.0	2219102	25	4.3
1527263659.68	4300	59.999069	0.0	2124950	21	4.3
1527263663.8	4300	59.998811	0.0	2246506	24	4.3
1527263667.91	4300	59.998877	0.0	1961140	21	4.3
1527263672.0	4300	59.74856	0.0	2155012	12	4.3
1527263673.59	4300	59.678603	0.0	1433658	16	4.3

1527263673.87	750	4	0.028	2354772	7	-0.12039999999999995
1527263673.97	4300	7.958329	0.0	2123065	23	0.75
1527263674.07	4300	11.863253	0.0	2177073	23	4.3
1527263674.16	4300	15.768301	0.0	2160877	22	4.3
1527263674.24	4300	19.685405	0.0	2233056	13	4.3
1527263674.31	4300	23.614405	0.0	1941625	7	4.3
1527263674.38	4300	27.5437	0.0	2157535	8	4.3
1527263674.46	4300	31.471716	0.0	2290172	9	4.3
1527263674.55	4300	35.382371	0.0	2055469	18	4.3
1527263674.62	4300	39.306839	0.0	2169201	11	4.3
1527263674.69	4300	43.237746	0.0	2173522	7	4.3
1527263674.76	4300	47.16857	0.0	2102452	7	4.3
1527263674.83	4300	51.095367	0.0	2209463	7	4.3
1527263674.91	4300	55.022596	0.0	2275376	6	4.3
1527263674.98	4300	58.950629	0.0	2005399	6	4.3
1527263678.06	4300	59.999068	0.0	2152483	7	4.3
1527263682.17	4300	59.998827	0.0	2289689	21	4.3
1527263686.29	4300	59.999173	0.0	2059512	22	4.3
1527263690.4	4300	59.748881	0.0	2220726	25	4.3
1527263694.02	4300	59.998878	0.0	2156729	24	4.3
1527263698.62	4300	59.74894	0.0	2039773	20	4.3
1527263702.2	4300	59.999037	0.0	2176469	8	4.3
1527263706.31	4300	59.749223	0.0	2221506	27	4.3
1527263710.41	4300	59.748084	0.0	2044075	14	4.3
1527263714.02	4300	59.999165	0.0	2186790	24	4.3
1527263718.13	4300	59.998059	0.0	2105231	23	4.3
1527263722.24	4300	59.748278	0.0	2395588	27	4.3
1527263726.35	4300	59.747925	0.0	1972048	22	4.3
1527263729.96	4300	59.99836	0.0	2134614	25	4.3
1527263734.11	4300	59.944884	0.0	2164140	22	4.3
1527263738.21	4300	59.747604	0.0	2113193	18	4.3
1527263742.32	4300	59.74771	0.0	2147852	20	4.3
1527263746.53	4300	59.748479	0.0	2191074	22	4.3
1527263750.15	4300	59.999436	0.0	2286761	26	4.3
1527263754.26	4300	59.748779	0.0	2307787	21	4.3
1527263758.36	4300	59.748415	0.0	2143948	20	4.3
1527263761.97	4300	59.998406	0.0	1919781	22	4.3
1527263766.07	4300	59.997601	0.0	2147467	23	4.3
1527263770.18	4300	59.998264	0.0	2133870	23	4.3
1527263774.3	4300	59.748767	0.0	2146120	24	4.3
1527263778.4	4300	59.747477	0.0	2108491	21	4.3
1527263782.51	4300	59.748479	0.0	2184571	23	4.3
1527263786.12	4300	59.998318	0.0	2121928	22	4.3
1527263790.23	4300	59.748343	0.0	2219102	20	4.3
1527263794.34	4300	59.638501	0.0	2124950	19	4.3
1527263797.94	4300	59.998594	0.0	2246506	23	4.3
1527263802.05	4300	59.998594	0.0	1961140	17	4.3
1527263806.66	4300	59.498462	0.0	2155012	24	4.3
1527263807.76	4300	59.928863	0.0	1433658	17	4.3

1527263808.01	750	4	0.019	450283	2	-0.0817
1527263808.09	4300	7.977371	0.0	2123065	8	0.75
1527263808.19	4300	11.877175	0.0	2177073	18	4.3
1527263808.27	4300	15.79861	0.0	2160877	12	4.3
1527263808.38	4300	19.691962	0.0	2233056	24	4.3
1527263808.46	4300	23.613849	0.0	1941625	12	4.3
1527263808.54	4300	27.533642	0.0	2157535	12	4.3
1527263808.62	4300	31.45156	0.0	2290172	14	4.3
1527263808.7	4300	35.369102	0.0	2055469	12	4.3
1527263808.78	4300	39.286426	0.0	2169201	13	4.3
1527263808.87	4300	43.204941	0.0	2173522	13	4.3
1527263808.95	4300	47.122453	0.0	2102452	11	4.3
1527263809.03	4300	51.040858	0.0	2209463	13	4.3
1527263809.12	4300	54.952317	0.0	2275376	18	4.3
1527263809.19	4300	58.87857	0.0	2005399	7	4.3
1527263812.27	4300	59.998086	0.0	2152483	7	4.3
1527263816.38	4300	59.998632	0.0	2289689	26	4.3
1527263820.62	4300	59.749546	0.0	2059512	23	4.3
1527263824.23	4300	59.997992	0.0	2220726	18	4.3
