1527247022.94	750	4	0.016	450283	4	-0.06879999999999997
1527247023.1	4300	7.952846	0.0	2123065	13	0.75
1527247023.25	4300	11.802541	0.0	2177073	20	4.3
1527247023.39	4300	15.660451	0.0	2160877	21	4.3
1527247023.52	4300	19.534548	0.0	2233056	12	4.3
1527247023.65	4300	23.406625	0.0	1941625	12	4.3
1527247023.8	4300	27.250762	0.0	2157535	25	4.3
1527247023.95	4300	31.101059	0.0	2290172	26	4.3
1527247024.09	4300	34.964383	0.0	2055469	16	4.3
1527247024.22	4300	38.83418	0.0	2169201	15	4.3
1527247024.35	4300	42.702796	0.0	2173522	15	4.3
1527247024.48	4300	46.571695	0.0	2102452	15	4.3
1527247024.62	4300	50.433542	0.0	2209463	17	4.3
1527247024.76	4300	54.292471	0.0	2275376	21	4.3
1527247024.91	4300	58.143576	0.0	2005399	22	4.3
1527247027.09	4300	59.999274	0.0	2152483	23	4.3
1527247031.73	4300	59.749482	0.0	2289689	13	4.3
1527247035.39	4300	59.998702	0.0	2059512	23	4.3
1527247039.54	4300	59.748047	0.0	2220726	15	4.3
1527247043.69	4300	59.498727	0.0	2156729	23	4.3
1527247047.35	4300	59.998188	0.0	2039773	21	4.3
1527247051.5	4300	59.748905	0.0	2176469	19	4.3
1527247055.16	4300	59.99853	0.0	2221506	24	4.3
1527247059.31	4300	59.749369	0.0	2044075	23	4.3
1527247063.47	4300	59.747617	0.0	2186790	21	4.3
1527247067.14	4300	59.999252	0.0	2105231	16	4.3
1527247071.8	4300	59.498018	0.0	2395588	23	4.3
1527247075.46	4300	59.748113	0.0	1972048	22	4.3
1527247079.17	4300	59.997926	0.0	2134614	20	4.3
1527247083.32	4300	59.998034	0.0	2164140	22	4.3
1527247087.48	4300	59.74905	0.0	2113193	25	4.3
1527247091.13	4300	59.997573	0.0	2147852	20	4.3
1527247095.3	4300	59.99872	0.0	2191074	23	4.3
1527247099.46	4300	59.74815	0.0	2286761	25	4.3
1527247103.11	4300	59.998716	0.0	2307787	20	4.3
1527247107.26	4300	59.999013	0.0	2143948	21	4.3
1527247111.42	4300	59.997638	0.0	1919781	22	4.3
1527247115.07	4300	59.999004	0.0	2147467	20	4.3
1527247119.73	4300	59.498801	0.0	2133870	25	4.3
1527247123.47	4300	59.74914	0.0	2146120	21	4.3
1527247127.12	4300	59.999191	0.0	2108491	23	4.3
1527247131.77	4300	59.4977	0.0	2184571	15	4.3
1527247135.42	4300	59.997586	0.0	2121928	15	4.3
1527247139.6	4300	59.747854	0.0	2219102	25	4.3
1527247143.24	4300	59.998443	0.0	2124950	14	4.3
1527247147.38	4300	59.997566	0.0	2246506	19	4.3
1527247151.52	4300	59.748784	0.0	1961140	23	4.3
1527247155.65	4300	59.747723	0.0	2155012	23	4.3
1527247157.27	4300	59.927564	0.0	1433658	17	4.3

1527247157.54	750	4	0.018	668286	3	-0.07740000000000002
1527247157.7	4300	7.947278	0.0	2123065	23	0.75
1527247157.83	4300	11.816873	0.0	2177073	13	4.3
1527247157.96	4300	15.685492	0.0	2160877	13	4.3
1527247158.12	4300	19.529336	0.0	2233056	25	4.3
1527247158.24	4300	23.405864	0.0	1941625	11	4.3
1527247158.37	4300	27.278997	0.0	2157535	12	4.3
1527247158.49	4300	31.151894	0.0	2290172	13	4.3
1527247158.63	4300	35.022788	0.0	2055469	11	4.3
1527247158.77	4300	38.872709	0.0	2169201	24	4.3
1527247158.91	4300	42.73928	0.0	2173522	15	4.3
1527247159.04	4300	46.608596	0.0	2102452	14	4.3
1527247159.16	4300	50.490154	0.0	2209463	9	4.3
1527247159.29	4300	54.353349	0.0	2275376	19	4.3
1527247159.43	4300	58.219162	0.0	2005399	21	4.3
1527247162.06	4300	59.749513	0.0	2152483	11	4.3
1527247166.22	4300	59.498383	0.0	2289689	21	4.3
1527247169.87	4300	59.998092	0.0	2059512	22	4.3
1527247174.04	4300	59.997961	0.0	2220726	24	4.3
1527247178.19	4300	59.749329	0.0	2156729	23	4.3
1527247181.86	4300	59.998961	0.0	2039773	23	4.3
1527247186.01	4300	59.748661	0.0	2176469	24	4.3
1527247189.67	4300	59.999269	0.0	2221506	24	4.3
1527247195.05	4300	59.747628	0.0	2044075	22	4.3
1527247198.18	4300	59.749269	0.0	2186790	25	4.3
1527247202.33	4300	59.748351	0.0	2105231	22	4.3
1527247206.0	4300	59.998845	0.0	2395588	27	4.3
1527247209.66	4300	59.998142	0.0	1972048	22	4.3
1527247213.88	4300	59.998467	0.0	2134614	25	4.3
1527247218.03	4300	59.998879	0.0	2164140	19	4.3
1527247221.69	4300	59.999108	0.0	2113193	25	4.3
1527247225.85	4300	59.999178	0.0	2147852	24	4.3
1527247230.0	4300	59.748726	0.0	2191074	19	4.3
1527247233.66	4300	59.998143	0.0	2286761	25	4.3
1527247237.82	4300	59.998028	0.0	2307787	27	4.3
1527247241.98	4300	59.998541	0.0	2143948	24	4.3
1527247246.14	4300	59.997538	0.0	1919781	19	4.3
1527247250.28	4300	59.747433	0.0	2147467	15	4.3
1527247253.94	4300	59.748341	0.0	2133870	23	4.3
1527247258.1	4300	59.997537	0.0	2146120	25	4.3
1527247262.25	4300	59.497605	0.0	2108491	20	4.3
1527247265.89	4300	59.99899	0.0	2184571	15	4.3
1527247270.05	4300	59.749138	0.0	2121928	22	4.3
1527247273.71	4300	59.998675	0.0	2219102	25	4.3
1527247277.87	4300	59.998824	0.0	2124950	22	4.3
1527247282.02	4300	59.747942	0.0	2246506	24	4.3
1527247285.65	4300	59.998261	0.0	1961140	21	4.3
1527247289.79	4300	59.998008	0.0	2155012	25	4.3
1527247291.9	4300	59.677526	0.0	1433658	18	4.3

1527247292.22	750	4	0.017	668286	3	-0.07309999999999994
1527247292.37	4300	7.949397	0.0	2123065	21	0.75
1527247292.52	4300	11.801489	0.0	2177073	24	4.3
1527247292.66	4300	15.664706	0.0	2160877	17	4.3
1527247292.79	4300	19.534956	0.0	2233056	15	4.3
1527247292.94	4300	23.387175	0.0	1941625	22	4.3
1527247293.07	4300	27.255906	0.0	2157535	12	4.3
1527247293.2	4300	31.128298	0.0	2290172	13	4.3
1527247293.32	4300	35.00163	0.0	2055469	12	4.3
1527247293.46	4300	38.859424	0.0	2169201	17	4.3
1527247293.6	4300	42.723941	0.0	2173522	17	4.3
1527247293.72	4300	46.603973	0.0	2102452	9	4.3
1527247293.84	4300	50.479482	0.0	2209463	9	4.3
1527247293.96	4300	54.35784	0.0	2275376	7	4.3
1527247294.08	4300	58.24375	0.0	2005399	7	4.3
1527247296.74	4300	59.99897	0.0	2152483	25	4.3
1527247300.38	4300	59.997686	0.0	2289689	14	4.3
1527247305.12	4300	59.748001	0.0	2059512	24	4.3
1527247308.78	4300	59.748368	0.0	2220726	24	4.3
1527247312.94	4300	59.748231	0.0	2156729	22	4.3
1527247316.61	4300	59.997824	0.0	2039773	23	4.3
1527247320.77	4300	59.748866	0.0	2176469	24	4.3
1527247324.9	4300	59.498844	0.0	2221506	9	4.3
1527247328.56	4300	59.999054	0.0	2044075	20	4.3
1527247332.72	4300	59.99883	0.0	2186790	23	4.3
1527247336.88	4300	59.499064	0.0	2105231	23	4.3
1527247340.55	4300	59.998819	0.0	2395588	28	4.3
1527247344.71	4300	59.99869	0.0	1972048	24	4.3
1527247348.36	4300	59.998151	0.0	2134614	18	4.3
1527247353.02	4300	59.497845	0.0	2164140	21	4.3
1527247356.67	4300	59.748434	0.0	2113193	19	4.3
1527247360.83	4300	59.747999	0.0	2147852	21	4.3
1527247364.49	4300	59.9989	0.0	2191074	24	4.3
1527247368.65	4300	59.997783	0.0	2286761	25	4.3
1527247372.8	4300	59.748454	0.0	2307787	18	4.3
1527247376.96	4300	59.499364	0.0	2143948	25	4.3
1527247380.67	4300	59.998878	0.0	1919781	22	4.3
1527247384.33	4300	59.99744	0.0	2147467	21	4.3
1527247388.49	4300	59.999337	0.0	2133870	24	4.3
1527247392.66	4300	59.749286	0.0	2146120	23	4.3
1527247396.91	4300	59.997774	0.0	2108491	25	4.3
1527247401.08	4300	59.748968	0.0	2184571	24	4.3
