1527262069.87	750	4	0.018	450283	3	-0.07740000000000002
1527262069.94	4300	7.980519	0.0	2123065	7	0.75
1527262070.01	4300	11.912148	0.0	2177073	7	4.3
1527262070.08	4300	15.844203	0.0	2160877	7	4.3
1527262070.15	4300	19.775376	0.0	2233056	7	4.3
1527262070.21	4300	23.707457	0.0	1941625	8	4.3
1527262070.3	4300	27.623689	0.0	2157535	14	4.3
1527262070.37	4300	31.552532	0.0	2290172	8	4.3
1527262070.49	4300	35.482927	0.0	2055469	7	4.3
1527262070.59	4300	39.336161	0.0	2169201	19	4.3
1527262070.68	4300	43.2445	0.0	2173522	18	4.3
1527262070.77	4300	47.154451	0.0	2102452	17	4.3
1527262070.86	4300	51.06113	0.0	2209463	17	4.3
1527262070.94	4300	54.978438	0.0	2275376	11	4.3
1527262071.02	4300	58.904077	0.0	2005399	10	4.3
1527262074.62	4300	59.498072	0.0	2152483	10	4.3
1527262078.23	4300	59.748313	0.0	2289689	24	4.3
1527262082.34	4300	59.998285	0.0	2059512	18	4.3
1527262086.45	4300	59.499582	0.0	2220726	15	4.3
1527262090.06	4300	59.997384	0.0	2156729	19	4.3
1527262094.67	4300	59.498092	0.0	2039773	23	4.3
1527262098.28	4300	59.748314	0.0	2176469	21	4.3
1527262102.4	4300	59.748577	0.0	2221506	25	4.3
1527262106.51	4300	59.748626	0.0	2044075	22	4.3
1527262110.11	4300	59.999178	0.0	2186790	25	4.3
1527262114.23	4300	59.749634	0.0	2105231	16	4.3
1527262118.42	4300	59.74892	0.0	2395588	22	4.3
1527262122.53	4300	59.748282	0.0	1972048	21	4.3
1527262126.13	4300	59.998998	0.0	2134614	25	4.3
1527262130.24	4300	59.730664	0.0	2164140	22	4.3
1527262134.35	4300	59.998743	0.0	2113193	23	4.3
1527262137.96	4300	59.998953	0.0	2147852	22	4.3
1527262142.57	4300	59.499111	0.0	2191074	21	4.3
1527262146.18	4300	59.998167	0.0	2286761	24	4.3
1527262150.29	4300	59.99874	0.0	2307787	23	4.3
1527262154.39	4300	59.997768	0.0	2143948	21	4.3
1527262158.0	4300	59.997993	0.0	1919781	21	4.3
1527262162.1	4300	59.999069	0.0	2147467	22	4.3
1527262166.21	4300	59.749001	0.0	2133870	23	4.3
1527262170.38	4300	59.748312	0.0	2146120	25	4.3
1527262174.49	4300	59.497665	0.0	2108491	25	4.3
1527262178.1	4300	59.997583	0.0	2184571	24	4.3
1527262182.21	4300	59.747562	0.0	2121928	20	4.3
1527262186.32	4300	59.7486	0.0	2219102	21	4.3
1527262189.93	4300	59.997747	0.0	2124950	24	4.3
1527262194.55	4300	59.748959	0.0	2246506	26	4.3
1527262198.3	4300	59.997471	0.0	1961140	22	4.3
1527262202.41	4300	59.74935	0.0	2155012	25	4.3
1527262203.99	4300	59.67864	0.0	1433658	8	4.3

1527262204.36	750	4	0.03	2354772	8	-0.129
1527262204.47	4300	7.95932	0.0	2123065	25	0.75
1527262204.56	4300	11.864993	0.0	2177073	23	4.3
1527262204.64	4300	15.782055	0.0	2160877	13	4.3
1527262204.75	4300	19.67513	0.0	2233056	24	4.3
1527262204.83	4300	23.596538	0.0	1941625	11	4.3
1527262204.91	4300	27.516005	0.0	2157535	13	4.3
1527262204.98	4300	31.446635	0.0	2290172	8	4.3
1527262205.08	4300	35.352734	0.0	2055469	19	4.3
1527262205.16	4300	39.27116	0.0	2169201	12	4.3
1527262205.25	4300	43.174489	0.0	2173522	23	4.3
1527262205.33	4300	47.092939	0.0	2102452	12	4.3
1527262205.43	4300	50.999095	0.0	2209463	28	4.3
1527262205.5	4300	54.929783	0.0	2275376	8	4.3
1527262205.56	4300	58.86241	0.0	2005399	7	4.3
1527262209.23	4300	59.498578	0.0	2152483	7	4.3
1527262212.84	4300	59.748828	0.0	2289689	26	4.3
1527262216.45	4300	59.999433	0.0	2059512	19	4.3
1527262221.07	4300	59.49894	0.0	2220726	26	4.3
1527262224.69	4300	59.749059	0.0	2156729	24	4.3
1527262228.79	4300	59.749108	0.0	2039773	22	4.3
1527262232.91	4300	59.748976	0.0	2176469	22	4.3
1527262237.02	4300	59.49863	0.0	2221506	24	4.3
1527262240.62	4300	59.999073	0.0	2044075	21	4.3
1527262244.73	4300	59.747951	0.0	2186790	21	4.3
1527262248.84	4300	59.748679	0.0	2105231	20	4.3
1527262252.95	4300	59.498099	0.0	2395588	19	4.3
1527262256.54	4300	59.998911	0.0	1972048	14	4.3
1527262260.65	4300	59.999464	0.0	2134614	23	4.3
1527262264.77	4300	59.715553	0.0	2164140	25	4.3
1527262268.88	4300	59.748886	0.0	2113193	23	4.3
1527262272.99	4300	59.497577	0.0	2147852	22	4.3
1527262276.6	4300	59.999242	0.0	2191074	24	4.3
1527262280.79	4300	59.74765	0.0	2286761	25	4.3
1527262284.91	4300	59.747967	0.0	2307787	17	4.3
1527262288.53	4300	59.998673	0.0	2143948	26	4.3
1527262292.64	4300	59.99837	0.0	1919781	22	4.3
1527262296.76	4300	59.997774	0.0	2147467	31	4.3
1527262300.88	4300	59.748043	0.0	2133870	25	4.3
1527262304.99	4300	59.49832	0.0	2146120	25	4.3
1527262308.6	4300	59.998036	0.0	2108491	25	4.3
1527262312.71	4300	59.747242	0.0	2184571	20	4.3
1527262316.82	4300	59.997429	0.0	2121928	21	4.3
1527262320.93	4300	59.997438	0.0	2219102	23	4.3
1527262324.54	4300	59.997263	0.0	2124950	21	4.3
1527262328.66	4300	59.998975	0.0	2246506	25	4.3
1527262332.77	4300	59.998868	0.0	1961140	22	4.3
1527262336.86	4300	59.99811	0.0	2155012	12	4.3
1527262338.46	4300	59.678796	0.0	1433658	16	4.3

1527262338.72	750	4	0.026	2354772	7	-0.11180000000000001
1527262338.79	4300	7.98668	0.0	2123065	7	0.75
1527262338.87	4300	11.902889	0.0	2177073	17	4.3
1527262338.95	4300	15.825508	0.0	2160877	11	4.3
1527262339.03	4300	19.746635	0.0	2233056	12	4.3
1527262339.1	4300	23.670697	0.0	1941625	11	4.3
1527262339.17	4300	27.60008	0.0	2157535	8	4.3
1527262339.24	4300	31.53164	0.0	2290172	8	4.3
1527262339.31	4300	35.464116	0.0	2055469	7	4.3
1527262339.38	4300	39.392495	0.0	2169201	7	4.3
1527262339.45	4300	43.32307	0.0	2173522	7	4.3
1527262339.52	4300	47.25298	0.0	2102452	8	4.3
1527262339.6	4300	51.173788	0.0	2209463	16	4.3
1527262339.69	4300	55.086411	0.0	2275376	16	4.3
1527262339.77	4300	59.004167	0.0	2005399	13	4.3
1527262343.35	4300	59.748664	0.0	2152483	10	4.3
1527262347.46	4300	59.499256	0.0	2289689	19	4.3
1527262351.07	4300	59.748982	0.0	2059512	23	4.3
1527262355.18	4300	59.749545	0.0	2220726	25	4.3
1527262358.79	4300	59.998849	0.0	2156729	26	4.3
1527262362.96	4300	59.998091	0.0	2039773	21	4.3
1527262367.07	4300	59.998208	0.0	2176469	20	4.3
1527262371.18	4300	59.998869	0.0	2221506	20	4.3
1527262374.85	4300	59.998802	0.0	2044075	22	4.3
