1527264526.28	750	4	0.017	450283	2	-0.07309999999999994
1527264526.44	4300	7.952244	0.0	2123065	20	0.75
1527264526.59	4300	11.808914	0.0	2177073	20	4.3
1527264526.73	4300	15.662934	0.0	2160877	20	4.3
1527264526.88	4300	19.515981	0.0	2233056	25	4.3
1527264527.03	4300	23.366579	0.0	1941625	22	4.3
1527264527.16	4300	27.239051	0.0	2157535	12	4.3
1527264527.28	4300	31.113609	0.0	2290172	12	4.3
1527264527.41	4300	34.989788	0.0	2055469	11	4.3
1527264527.53	4300	38.865918	0.0	2169201	11	4.3
1527264527.65	4300	42.74292	0.0	2173522	12	4.3
1527264527.78	4300	46.619509	0.0	2102452	12	4.3
1527264527.93	4300	50.469947	0.0	2209463	25	4.3
1527264528.05	4300	54.342402	0.0	2275376	12	4.3
1527264528.19	4300	58.20639	0.0	2005399	14	4.3
1527264530.82	4300	59.748787	0.0	2152483	7	4.3
1527264534.98	4300	59.749004	0.0	2289689	21	4.3
1527264539.14	4300	59.498314	0.0	2059512	23	4.3
1527264542.79	4300	59.748281	0.0	2220726	21	4.3
1527264546.45	4300	59.998754	0.0	2156729	23	4.3
1527264550.6	4300	59.999185	0.0	2039773	21	4.3
1527264554.77	4300	59.74827	0.0	2176469	25	4.3
1527264558.93	4300	59.749025	0.0	2221506	21	4.3
1527264562.58	4300	59.998883	0.0	2044075	22	4.3
1527264566.74	4300	59.749885	0.0	2186790	26	4.3
1527264570.4	4300	59.999253	0.0	2105231	23	4.3
1527264574.57	4300	59.999142	0.0	2395588	27	4.3
1527264578.72	4300	59.998855	0.0	1972048	19	4.3
1527264582.88	4300	59.74833	0.0	2134614	24	4.3
1527264586.55	4300	59.999486	0.0	2164140	24	4.3
1527264590.71	4300	59.749371	0.0	2113193	24	4.3
1527264594.88	4300	59.748843	0.0	2147852	25	4.3
1527264598.53	4300	59.997998	0.0	2191074	22	4.3
1527264602.69	4300	59.748725	0.0	2286761	25	4.3
1527264606.85	4300	59.747799	0.0	2307787	27	4.3
1527264610.51	4300	59.998992	0.0	2143948	23	4.3
1527264614.67	4300	59.749315	0.0	1919781	22	4.3
1527264618.83	4300	59.998726	0.0	2147467	23	4.3
1527264622.47	4300	59.998902	0.0	2133870	15	4.3
1527264627.13	4300	59.499115	0.0	2146120	24	4.3
1527264630.78	4300	59.74902	0.0	2108491	20	4.3
1527264634.94	4300	59.74892	0.0	2184571	24	4.3
1527264638.6	4300	59.998877	0.0	2121928	23	4.3
1527264642.74	4300	59.748707	0.0	2219102	15	4.3
1527264646.91	4300	59.49874	0.0	2124950	27	4.3
1527264651.06	4300	59.498406	0.0	2246506	23	4.3
1527264654.69	4300	59.748705	0.0	1961140	18	4.3
1527264658.82	4300	59.998086	0.0	2155012	22	4.3
1527264660.44	4300	59.678985	0.0	1433658	17	4.3

1527264660.7	750	4	0.014	668286	2	-0.06020000000000003
1527264660.85	4300	7.956078	0.0	2123065	15	0.75
1527264660.99	4300	11.817725	0.0	2177073	18	4.3
1527264661.12	4300	15.689039	0.0	2160877	10	4.3
1527264661.24	4300	19.56307	0.0	2233056	13	4.3
1527264661.38	4300	23.43143	0.0	1941625	13	4.3
1527264661.51	4300	27.297409	0.0	2157535	15	4.3
1527264661.66	4300	31.148862	0.0	2290172	20	4.3
1527264661.8	4300	35.007192	0.0	2055469	21	4.3
1527264661.95	4300	38.861601	0.0	2169201	23	4.3
1527264662.09	4300	42.713855	0.0	2173522	24	4.3
1527264662.24	4300	46.566126	0.0	2102452	24	4.3
1527264662.38	4300	50.432121	0.0	2209463	16	4.3
1527264662.57	4300	54.29366	0.0	2275376	19	4.3
1527264662.72	4300	58.088945	0.0	2005399	18	4.3
1527264664.86	4300	59.998315	0.0	2152483	20	4.3
1527264669.01	4300	59.999008	0.0	2289689	16	4.3
1527264673.16	4300	59.747944	0.0	2059512	20	4.3
1527264677.32	4300	59.498927	0.0	2220726	25	4.3
1527264681.47	4300	59.498806	0.0	2156729	22	4.3
1527264685.13	4300	59.748528	0.0	2039773	23	4.3
1527264689.3	4300	59.749185	0.0	2176469	24	4.3
1527264693.47	4300	59.499009	0.0	2221506	25	4.3
1527264697.12	4300	59.997643	0.0	2044075	22	4.3
1527264701.27	4300	59.998557	0.0	2186790	19	4.3
1527264704.94	4300	59.999473	0.0	2105231	24	4.3
1527264709.1	4300	59.998653	0.0	2395588	25	4.3
1527264713.26	4300	59.998675	0.0	1972048	22	4.3
1527264717.42	4300	59.748771	0.0	2134614	21	4.3
1527264721.07	4300	59.99796	0.0	2164140	25	4.3
1527264725.23	4300	59.748694	0.0	2113193	23	4.3
1527264728.88	4300	59.999131	0.0	2147852	21	4.3
1527264733.05	4300	59.998529	0.0	2191074	25	4.3
1527264737.21	4300	59.747945	0.0	2286761	24	4.3
1527264740.87	4300	59.998899	0.0	2307787	27	4.3
1527264745.03	4300	59.998504	0.0	2143948	23	4.3
1527264749.19	4300	59.998767	0.0	1919781	21	4.3
1527264752.91	4300	59.998841	0.0	2147467	24	4.3
1527264757.15	4300	59.74754	0.0	2133870	25	4.3
1527264761.31	4300	59.747689	0.0	2146120	21	4.3
1527264764.97	4300	59.999114	0.0	2108491	24	4.3
1527264769.13	4300	59.749245	0.0	2184571	25	4.3
1527264773.29	4300	59.748911	0.0	2121928	23	4.3
1527264777.01	4300	59.997432	0.0	2219102	24	4.3
1527264781.16	4300	59.998057	0.0	2124950	13	4.3
1527264785.3	4300	59.748979	0.0	2246506	21	4.3
1527264788.95	4300	59.999292	0.0	1961140	21	4.3
1527264793.09	4300	59.997944	0.0	2155012	25	4.3
