1527250447.46	750	4	0.028	2354772	8	-0.12039999999999995
1527250447.53	4300	7.984551	0.0	2123065	6	0.75
1527250447.6	4300	11.914351	0.0	2177073	8	4.3
1527250447.67	4300	15.842172	0.0	2160877	8	4.3
1527250447.74	4300	19.772267	0.0	2233056	7	4.3
1527250447.81	4300	23.702341	0.0	1941625	6	4.3
1527250447.88	4300	27.63237	0.0	2157535	8	4.3
1527250447.95	4300	31.562961	0.0	2290172	8	4.3
1527250448.02	4300	35.494513	0.0	2055469	8	4.3
1527250448.1	4300	39.412147	0.0	2169201	13	4.3
1527250448.18	4300	43.339368	0.0	2173522	9	4.3
1527250448.28	4300	47.239424	0.0	2102452	19	4.3
1527250448.38	4300	51.135967	0.0	2209463	26	4.3
1527250448.48	4300	55.033788	0.0	2275376	21	4.3
1527250448.57	4300	58.94466	0.0	2005399	10	4.3
1527250451.65	4300	59.997865	0.0	2152483	7	4.3
1527250456.27	4300	59.498552	0.0	2289689	18	4.3
1527250459.99	4300	59.997984	0.0	2059512	19	4.3
1527250464.1	4300	59.748918	0.0	2220726	22	4.3
1527250467.71	4300	59.997838	0.0	2156729	20	4.3
1527250471.82	4300	59.998353	0.0	2039773	19	4.3
1527250475.92	4300	59.748799	0.0	2176469	17	4.3
1527250480.04	4300	59.748438	0.0	2221506	21	4.3
1527250484.15	4300	59.748891	0.0	2044075	23	4.3
1527250487.83	4300	59.998537	0.0	2186790	25	4.3
1527250491.93	4300	59.749187	0.0	2105231	21	4.3
1527250495.55	4300	59.99939	0.0	2395588	26	4.3
1527250499.65	4300	59.999484	0.0	1972048	19	4.3
1527250504.26	4300	59.748556	0.0	2134614	21	4.3
1527250507.88	4300	59.747916	0.0	2164140	27	4.3
1527250512.0	4300	59.99803	0.0	2113193	24	4.3
1527250515.61	4300	59.998245	0.0	2147852	26	4.3
1527250519.73	4300	59.9982	0.0	2191074	22	4.3
1527250523.86	4300	59.748465	0.0	2286761	27	4.3
1527250527.97	4300	59.997818	0.0	2307787	24	4.3
1527250532.12	4300	59.498424	0.0	2143948	20	4.3
1527250536.24	4300	59.747871	0.0	1919781	22	4.3
1527250539.83	4300	59.749121	0.0	2147467	10	4.3
1527250543.95	4300	59.998669	0.0	2133870	25	4.3
1527250547.82	4300	59.997666	0.0	2146120	25	4.3
1527250551.93	4300	59.748629	0.0	2108491	24	4.3
1527250555.54	4300	59.998956	0.0	2184571	25	4.3
1527250559.66	4300	59.999279	0.0	2121928	16	4.3
1527250563.78	4300	59.99877	0.0	2219102	25	4.3
1527250567.89	4300	59.998522	0.0	2124950	22	4.3
1527250572.01	4300	59.748136	0.0	2246506	24	4.3
1527250576.12	4300	59.497584	0.0	1961140	23	4.3
1527250580.28	4300	59.748048	0.0	2155012	12	4.3
1527250581.88	4300	59.679235	0.0	1433658	17	4.3

1527250582.14	750	4	0.016	450283	1	-0.06879999999999997
1527250582.21	4300	7.980492	0.0	2123065	7	0.75
1527250582.3	4300	11.892272	0.0	2177073	18	4.3
1527250582.38	4300	15.815395	0.0	2160877	11	4.3
1527250582.46	4300	19.735054	0.0	2233056	14	4.3
1527250582.54	4300	23.652885	0.0	1941625	15	4.3
1527250582.64	4300	27.557485	0.0	2157535	21	4.3
1527250582.73	4300	31.472276	0.0	2290172	17	4.3
1527250582.83	4300	35.364642	0.0	2055469	23	4.3
1527250582.93	4300	39.262537	0.0	2169201	23	4.3
1527250583.01	4300	43.178076	0.0	2173522	14	4.3
1527250583.09	4300	47.106261	0.0	2102452	7	4.3
1527250583.16	4300	51.034613	0.0	2209463	8	4.3
1527250583.23	4300	54.961935	0.0	2275376	8	4.3
1527250583.32	4300	58.873698	0.0	2005399	21	4.3
1527250586.41	4300	59.997769	0.0	2152483	11	4.3
1527250590.51	4300	59.998774	0.0	2289689	15	4.3
1527250594.62	4300	59.999144	0.0	2059512	22	4.3
1527250598.23	4300	59.998934	0.0	2220726	26	4.3
1527250602.84	4300	59.498253	0.0	2156729	21	4.3
1527250606.45	4300	59.748846	0.0	2039773	27	4.3
1527250610.56	4300	59.747662	0.0	2176469	21	4.3
1527250614.68	4300	59.748698	0.0	2221506	20	4.3
1527250618.3	4300	59.998928	0.0	2044075	24	4.3
1527250622.91	4300	59.499632	0.0	2186790	22	4.3
1527250626.52	4300	59.99792	0.0	2105231	24	4.3
1527250630.63	4300	59.749162	0.0	2395588	24	4.3
1527250634.74	4300	59.499027	0.0	1972048	23	4.3
1527250638.85	4300	59.749003	0.0	2134614	24	4.3
1527250642.45	4300	59.998374	0.0	2164140	24	4.3
1527250646.56	4300	59.74915	0.0	2113193	21	4.3
1527250650.67	4300	59.999073	0.0	2147852	24	4.3
1527250654.28	4300	59.998335	0.0	2191074	23	4.3
1527250658.39	4300	59.998647	0.0	2286761	21	4.3
1527250662.5	4300	59.9977	0.0	2307787	21	4.3
1527250666.6	4300	59.997781	0.0	2143948	22	4.3
1527250670.21	4300	59.998707	0.0	1919781	20	4.3
1527250674.31	4300	59.998063	0.0	2147467	19	4.3
1527250678.92	4300	59.747527	0.0	2133870	22	4.3
1527250682.54	4300	59.748818	0.0	2146120	25	4.3
1527250686.64	4300	59.747923	0.0	2108491	19	4.3
1527250690.25	4300	59.99741	0.0	2184571	22	4.3
1527250694.37	4300	59.998542	0.0	2121928	24	4.3
1527250698.52	4300	59.998023	0.0	2219102	24	4.3
1527250702.63	4300	59.747309	0.0	2124950	21	4.3
1527250706.74	4300	59.497878	0.0	2246506	22	4.3
1527250710.86	4300	59.497961	0.0	1961140	20	4.3
1527250714.94	4300	59.747322	0.0	2155012	10	4.3
1527250716.05	4300	59.927444	0.0	1433658	18	4.3

1527250716.38	750	4	0.028	2354772	7	-0.12039999999999995
1527250716.45	4300	7.926953	0.0	2123065	7	0.75
1527250716.52	4300	11.854796	0.0	2177073	8	4.3
1527250716.61	4300	15.763556	0.0	2160877	17	4.3
1527250716.69	4300	19.682012	0.0	2233056	11	4.3
1527250716.77	4300	23.607327	0.0	1941625	10	4.3
1527250716.85	4300	27.528659	0.0	2157535	11	4.3
1527250716.93	4300	31.448363	0.0	2290172	12	4.3
1527250717.01	4300	35.368069	0.0	2055469	11	4.3
1527250717.09	4300	39.289787	0.0	2169201	11	4.3
1527250717.17	4300	43.204193	0.0	2173522	13	4.3
1527250717.24	4300	47.131164	0.0	2102452	7	4.3
1527250717.33	4300	51.045924	0.0	2209463	22	4.3
1527250717.4	4300	54.972347	0.0	2275376	8	4.3
1527250717.48	4300	58.896861	0.0	2005399	10	4.3
1527250720.57	4300	59.99794	0.0	2152483	11	4.3
1527250724.68	4300	59.998292	0.0	2289689	26	4.3
1527250728.8	4300	59.749582	0.0	2059512	22	4.3
1527250732.91	4300	59.498725	0.0	2220726	22	4.3
1527250737.02	4300	59.749157	0.0	2156729	9	4.3
1527250740.63	4300	59.748236	0.0	2039773	23	4.3
1527250744.78	4300	59.998589	0.0	2176469	8	4.3
1527250748.39	4300	59.999071	0.0	2221506	25	4.3
1527250752.5	4300	59.999164	0.0	2044075	18	4.3
1527250756.61	4300	59.998797	0.0	2186790	21	4.3
1527250760.73	4300	59.7493	0.0	2105231	24	4.3
1527250764.84	4300	59.749427	0.0	2395588	27	4.3
1527250768.45	4300	59.999387	0.0	1972048	22	4.3
1527250772.57	4300	59.997774	0.0	2134614	22	4.3
1527250776.68	4300	59.74795	0.0	2164140	22	4.3
1527250780.79	4300	59.747729	0.0	2113193	19	4.3
