1527234550.63	750	4	0.028	2354772	8	-0.12039999999999995
1527234550.72	4300	7.969831	0.0	2123065	16	0.75
1527234550.82	4300	11.868018	0.0	2177073	25	4.3
1527234550.92	4300	15.770028	0.0	2160877	12	4.3
1527234551.0	4300	19.687467	0.0	2233056	14	4.3
1527234551.07	4300	23.616281	0.0	1941625	7	4.3
1527234551.2	4300	27.545043	0.0	2157535	8	4.3
1527234551.3	4300	31.384849	0.0	2290172	31	4.3
1527234551.4	4300	35.290386	0.0	2055469	18	4.3
1527234551.48	4300	39.210171	0.0	2169201	12	4.3
1527234551.56	4300	43.129992	0.0	2173522	12	4.3
1527234551.64	4300	47.048649	0.0	2102452	12	4.3
1527234551.72	4300	50.966879	0.0	2209463	13	4.3
1527234551.82	4300	54.864181	0.0	2275376	23	4.3
1527234551.93	4300	58.762581	0.0	2005399	22	4.3
1527234555.01	4300	59.997808	0.0	2152483	7	4.3
1527234559.13	4300	59.747956	0.0	2289689	27	4.3
1527234562.74	4300	59.999424	0.0	2059512	22	4.3
1527234567.35	4300	59.497998	0.0	2220726	21	4.3
1527234570.95	4300	59.748743	0.0	2156729	24	4.3
1527234575.09	4300	59.747987	0.0	2039773	21	4.3
1527234579.2	4300	59.498951	0.0	2176469	24	4.3
1527234583.32	4300	59.498783	0.0	2221506	22	4.3
1527234587.42	4300	59.748745	0.0	2044075	20	4.3
1527234591.03	4300	59.997749	0.0	2186790	24	4.3
1527234595.14	4300	59.997752	0.0	2105231	19	4.3
1527234598.76	4300	59.998609	0.0	2395588	28	4.3
1527234602.87	4300	59.998792	0.0	1972048	23	4.3
1527234606.98	4300	59.74794	0.0	2134614	23	4.3
1527234611.09	4300	59.749183	0.0	2164140	22	4.3
1527234614.7	4300	59.998505	0.0	2113193	24	4.3
1527234618.82	4300	59.99836	0.0	2147852	24	4.3
1527234622.93	4300	59.998269	0.0	2191074	23	4.3
1527234627.03	4300	59.74859	0.0	2286761	13	4.3
1527234631.14	4300	59.748782	0.0	2307787	21	4.3
1527234635.26	4300	59.498743	0.0	2143948	26	4.3
1527234638.89	4300	59.997788	0.0	1919781	21	4.3
1527234643.0	4300	59.747632	0.0	2147467	24	4.3
1527234647.12	4300	59.997491	0.0	2133870	23	4.3
1527234651.3	4300	59.498839	0.0	2146120	22	4.3
1527234654.92	4300	59.998892	0.0	2108491	25	4.3
1527234659.11	4300	59.998799	0.0	2184571	23	4.3
1527234662.72	4300	59.99876	0.0	2121928	25	4.3
1527234667.33	4300	59.747879	0.0	2219102	22	4.3
1527234670.96	4300	59.748457	0.0	2124950	21	4.3
1527234675.07	4300	59.998557	0.0	2246506	26	4.3
1527234679.18	4300	59.747884	0.0	1961140	22	4.3
1527234682.78	4300	59.998642	0.0	2155012	16	4.3
1527234684.88	4300	59.928906	0.0	1433658	16	4.3

1527234685.19	750	4	0.028	2354772	7	-0.12039999999999995
1527234685.28	4300	7.972254	0.0	2123065	15	0.75
1527234685.36	4300	11.882441	0.0	2177073	15	4.3
1527234685.44	4300	15.810582	0.0	2160877	7	4.3
1527234685.53	4300	19.720745	0.0	2233056	18	4.3
1527234685.6	4300	23.645641	0.0	1941625	10	4.3
1527234685.68	4300	27.567594	0.0	2157535	11	4.3
1527234685.76	4300	31.485133	0.0	2290172	12	4.3
1527234685.84	4300	35.406129	0.0	2055469	10	4.3
1527234685.95	4300	39.316712	0.0	2169201	7	4.3
1527234686.04	4300	43.204815	0.0	2173522	20	4.3
1527234686.12	4300	47.123082	0.0	2102452	11	4.3
1527234686.21	4300	51.030144	0.0	2209463	25	4.3
1527234686.3	4300	54.942561	0.0	2275376	18	4.3
1527234686.38	4300	58.87159	0.0	2005399	8	4.3
1527234689.96	4300	59.748095	0.0	2152483	8	4.3
1527234693.59	4300	59.748799	0.0	2289689	23	4.3
1527234697.7	4300	59.998976	0.0	2059512	22	4.3
1527234701.37	4300	59.999142	0.0	2220726	17	4.3
1527234705.49	4300	59.998696	0.0	2156729	25	4.3
1527234709.61	4300	59.998908	0.0	2039773	24	4.3
1527234713.72	4300	59.749152	0.0	2176469	24	4.3
1527234717.84	4300	59.499114	0.0	2221506	20	4.3
1527234721.44	4300	59.998021	0.0	2044075	20	4.3
1527234725.56	4300	59.997663	0.0	2186790	24	4.3
1527234729.68	4300	59.74764	0.0	2105231	24	4.3
1527234733.79	4300	59.497028	0.0	2395588	26	4.3
1527234737.42	4300	59.999331	0.0	1972048	12	4.3
1527234741.61	4300	59.749437	0.0	2134614	24	4.3
1527234745.8	4300	59.640805	0.0	2164140	24	4.3
1527234749.42	4300	59.998577	0.0	2113193	25	4.3
1527234753.54	4300	59.748796	0.0	2147852	24	4.3
1527234757.68	4300	59.998611	0.0	2191074	21	4.3
1527234761.79	4300	59.748941	0.0	2286761	21	4.3
1527234765.4	4300	59.998963	0.0	2307787	23	4.3
1527234769.52	4300	59.748892	0.0	2143948	23	4.3
1527234773.63	4300	59.998643	0.0	1919781	23	4.3
1527234777.73	4300	59.748894	0.0	2147467	20	4.3
1527234781.35	4300	59.997819	0.0	2133870	24	4.3
1527234785.95	4300	59.74902	0.0	2146120	20	4.3
1527234789.56	4300	59.747481	0.0	2108491	23	4.3
1527234793.67	4300	59.998566	0.0	2184571	23	4.3
1527234797.78	4300	59.748455	0.0	2121928	22	4.3
1527234801.39	4300	59.998599	0.0	2219102	24	4.3
1527234805.5	4300	59.998576	0.0	2124950	20	4.3
1527234809.61	4300	59.998594	0.0	2246506	21	4.3
1527234813.72	4300	59.748906	0.0	1961140	23	4.3
1527234817.3	4300	59.997558	0.0	2155012	8	4.3
1527234819.41	4300	59.678234	0.0	1433658	17	4.3

1527234819.71	750	4	0.028	2354772	7	-0.12039999999999995
1527234819.78	4300	7.986115	0.0	2123065	7	0.75
1527234819.87	4300	11.900413	0.0	2177073	16	4.3
1527234819.97	4300	15.800918	0.0	2160877	20	4.3
1527234820.06	4300	19.710803	0.0	2233056	14	4.3
1527234820.14	4300	23.626843	0.0	1941625	13	4.3
1527234820.23	4300	27.543073	0.0	2157535	15	4.3
1527234820.32	4300	31.444756	0.0	2290172	23	4.3
1527234820.41	4300	35.360612	0.0	2055469	13	4.3
1527234820.5	4300	39.265411	0.0	2169201	20	4.3
1527234820.59	4300	43.181777	0.0	2173522	12	4.3
1527234820.69	4300	47.081972	0.0	2102452	20	4.3
1527234820.79	4300	50.976334	0.0	2209463	34	4.3
1527234820.87	4300	54.900415	0.0	2275376	10	4.3
1527234820.94	4300	58.825757	0.0	2005399	9	4.3
1527234824.03	4300	59.74844	0.0	2152483	8	4.3
1527234828.2	4300	59.998903	0.0	2289689	26	4.3
1527234831.81	4300	59.999482	0.0	2059512	24	4.3
1527234836.42	4300	59.748691	0.0	2220726	22	4.3
1527234840.03	4300	59.997936	0.0	2156729	23	4.3
