1527207906.3	750	4	0.026	2354772	10	-0.11180000000000001
1527207906.45	4300	7.959661	0.0	2123065	25	0.75
1527207906.6	4300	11.809812	0.0	2177073	24	4.3
1527207906.75	4300	15.658983	0.0	2160877	21	4.3
1527207906.88	4300	19.528422	0.0	2233056	13	4.3
1527207907.02	4300	23.384933	0.0	1941625	22	4.3
1527207907.16	4300	27.251207	0.0	2157535	13	4.3
1527207907.29	4300	31.120776	0.0	2290172	14	4.3
1527207907.43	4300	34.978762	0.0	2055469	13	4.3
1527207907.58	4300	38.842196	0.0	2169201	15	4.3
1527207907.73	4300	42.676207	0.0	2173522	15	4.3
1527207907.88	4300	46.542697	0.0	2102452	14	4.3
1527207908.02	4300	50.383508	0.0	2209463	14	4.3
1527207908.16	4300	54.246452	0.0	2275376	14	4.3
1527207908.31	4300	58.095504	0.0	2005399	16	4.3
1527207910.47	4300	59.999291	0.0	2152483	26	4.3
1527207915.2	4300	59.747921	0.0	2289689	25	4.3
1527207918.87	4300	59.748986	0.0	2059512	23	4.3
1527207922.65	4300	59.998946	0.0	2220726	24	4.3
1527207926.81	4300	59.998858	0.0	2156729	25	4.3
1527207930.47	4300	59.997938	0.0	2039773	22	4.3
1527207935.14	4300	59.498945	0.0	2176469	25	4.3
1527207938.79	4300	59.748727	0.0	2221506	22	4.3
1527207942.47	4300	59.999339	0.0	2044075	22	4.3
1527207947.13	4300	59.499185	0.0	2186790	18	4.3
1527207950.79	4300	59.748598	0.0	2105231	25	4.3
1527207954.96	4300	59.748472	0.0	2395588	27	4.3
1527207958.62	4300	59.998185	0.0	1972048	21	4.3
1527207962.77	4300	59.748762	0.0	2134614	15	4.3
1527207966.43	4300	59.998789	0.0	2164140	25	4.3
1527207970.58	4300	59.999309	0.0	2113193	24	4.3
1527207974.75	4300	59.997773	0.0	2147852	24	4.3
1527207978.42	4300	59.998696	0.0	2191074	25	4.3
1527207983.09	4300	59.498974	0.0	2286761	26	4.3
1527207986.75	4300	59.748593	0.0	2307787	21	4.3
1527207990.9	4300	59.999156	0.0	2143948	20	4.3
1527207994.56	4300	59.999341	0.0	1919781	20	4.3
1527207998.73	4300	59.748502	0.0	2147467	24	4.3
1527208002.89	4300	59.998441	0.0	2133870	24	4.3
1527208006.54	4300	59.997945	0.0	2146120	19	4.3
1527208010.7	4300	59.748921	0.0	2108491	20	4.3
1527208014.94	4300	59.749037	0.0	2184571	23	4.3
1527208018.6	4300	59.998828	0.0	2121928	22	4.3
1527208022.76	4300	59.74791	0.0	2219102	24	4.3
1527208026.92	4300	59.497981	0.0	2124950	17	4.3
1527208030.55	4300	59.997815	0.0	2246506	12	4.3
1527208034.69	4300	59.747762	0.0	1961140	21	4.3
1527208038.81	4300	59.748968	0.0	2155012	15	4.3
1527208040.43	4300	59.677617	0.0	1433658	17	4.3

1527208040.7	750	4	0.015	668286	3	-0.0645
1527208040.86	4300	7.953554	0.0	2123065	19	0.75
1527208041.01	4300	11.808289	0.0	2177073	22	4.3
1527208041.16	4300	15.661929	0.0	2160877	19	4.3
1527208041.28	4300	19.534327	0.0	2233056	12	4.3
1527208041.41	4300	23.407514	0.0	1941625	12	4.3
1527208041.54	4300	27.276731	0.0	2157535	13	4.3
1527208041.69	4300	31.122803	0.0	2290172	25	4.3
1527208041.83	4300	34.987968	0.0	2055469	12	4.3
1527208041.97	4300	38.844892	0.0	2169201	19	4.3
1527208042.11	4300	42.712187	0.0	2173522	14	4.3
1527208042.25	4300	46.567596	0.0	2102452	17	4.3
1527208042.4	4300	50.422262	0.0	2209463	18	4.3
1527208042.53	4300	54.289865	0.0	2275376	15	4.3
1527208042.68	4300	58.147091	0.0	2005399	19	4.3
1527208045.32	4300	59.749601	0.0	2152483	15	4.3
1527208049.45	4300	59.749669	0.0	2289689	15	4.3
1527208053.12	4300	59.99814	0.0	2059512	22	4.3
1527208057.27	4300	59.999301	0.0	2220726	19	4.3
1527208061.43	4300	59.499899	0.0	2156729	21	4.3
1527208065.07	4300	59.998312	0.0	2039773	14	4.3
1527208069.24	4300	59.749391	0.0	2176469	22	4.3
1527208073.45	4300	59.747928	0.0	2221506	25	4.3
1527208077.12	4300	59.749445	0.0	2044075	23	4.3
1527208081.29	4300	59.998152	0.0	2186790	26	4.3
1527208085.44	4300	59.498105	0.0	2105231	11	4.3
1527208089.1	4300	59.748825	0.0	2395588	25	4.3
1527208093.35	4300	59.748194	0.0	1972048	22	4.3
1527208097.52	4300	59.499091	0.0	2134614	26	4.3
1527208101.18	4300	59.997882	0.0	2164140	24	4.3
1527208105.34	4300	59.499489	0.0	2113193	24	4.3
1527208109.49	4300	59.498748	0.0	2147852	17	4.3
1527208113.15	4300	59.999127	0.0	2191074	25	4.3
1527208117.32	4300	59.998962	0.0	2286761	25	4.3
1527208120.98	4300	59.999275	0.0	2307787	26	4.3
1527208125.14	4300	59.998401	0.0	2143948	24	4.3
1527208129.31	4300	59.748933	0.0	1919781	21	4.3
1527208132.96	4300	59.998141	0.0	2147467	22	4.3
1527208137.12	4300	59.999401	0.0	2133870	23	4.3
1527208141.28	4300	59.998083	0.0	2146120	24	4.3
1527208144.98	4300	59.997883	0.0	2108491	9	4.3
1527208149.14	4300	59.998186	0.0	2184571	26	4.3
1527208153.31	4300	59.749543	0.0	2121928	24	4.3
1527208156.96	4300	59.999446	0.0	2219102	23	4.3
1527208161.12	4300	59.748007	0.0	2124950	22	4.3
1527208165.31	4300	59.748044	0.0	2246506	17	4.3
1527208169.06	4300	59.997891	0.0	1961140	22	4.3
1527208173.26	4300	59.998609	0.0	2155012	18	4.3
1527208174.88	4300	59.677821	0.0	1433658	16	4.3

1527208175.27	750	4	0.017	668286	3	-0.07309999999999994
1527208175.43	4300	7.957399	0.0	2123065	14	0.75
1527208175.58	4300	11.811028	0.0	2177073	21	4.3
1527208175.72	4300	15.667568	0.0	2160877	16	4.3
1527208175.85	4300	19.533055	0.0	2233056	15	4.3
1527208175.98	4300	23.404291	0.0	1941625	13	4.3
1527208176.12	4300	27.268287	0.0	2157535	14	4.3
1527208176.26	4300	31.122859	0.0	2290172	15	4.3
1527208176.39	4300	34.994689	0.0	2055469	14	4.3
1527208176.53	4300	38.858159	0.0	2169201	17	4.3
1527208176.66	4300	42.720831	0.0	2173522	16	4.3
1527208176.81	4300	46.570478	0.0	2102452	23	4.3
1527208176.95	4300	50.438559	0.0	2209463	16	4.3
1527208177.08	4300	54.298216	0.0	2275376	15	4.3
1527208177.24	4300	58.146691	0.0	2005399	21	4.3
1527208179.88	4300	59.749061	0.0	2152483	14	4.3
1527208184.02	4300	59.749792	0.0	2289689	16	4.3
1527208187.68	4300	59.748227	0.0	2059512	22	4.3
1527208191.84	4300	59.999334	0.0	2220726	24	4.3
1527208196.0	4300	59.498416	0.0	2156729	23	4.3
1527208199.67	4300	59.748257	0.0	2039773	23	4.3
1527208203.83	4300	59.999286	0.0	2176469	24	4.3
1527208207.98	4300	59.74885	0.0	2221506	20	4.3
1527208212.12	4300	59.748883	0.0	2044075	15	4.3
1527208215.78	4300	59.998892	0.0	2186790	23	4.3
1527208219.95	4300	59.498973	0.0	2105231	23	4.3
1527208223.65	4300	59.998789	0.0	2395588	28	4.3
1527208227.81	4300	59.999357	0.0	1972048	26	4.3
1527208231.48	4300	59.998722	0.0	2134614	26	4.3
1527208235.63	4300	59.998568	0.0	2164140	24	4.3
1527208239.79	4300	59.747755	0.0	2113193	18	4.3
1527208243.45	4300	59.999096	0.0	2147852	25	4.3
1527208247.61	4300	59.998754	0.0	2191074	23	4.3
1527208251.8	4300	59.749073	0.0	2286761	26	4.3
1527208255.46	4300	59.998831	0.0	2307787	23	4.3
1527208260.12	4300	59.499151	0.0	2143948	22	4.3
1527208263.77	4300	59.748768	0.0	1919781	16	4.3
1527208267.42	4300	59.997693	0.0	2147467	22	4.3
