1527254372.1	750	4	0.026	2354772	8	-0.11180000000000001
1527254372.25	4300	7.957082	0.0	2123065	23	0.75
1527254372.41	4300	11.804762	0.0	2177073	24	4.3
1527254372.56	4300	15.650213	0.0	2160877	25	4.3
1527254372.69	4300	19.517872	0.0	2233056	13	4.3
1527254372.82	4300	23.388109	0.0	1941625	11	4.3
1527254372.95	4300	27.260326	0.0	2157535	12	4.3
1527254373.08	4300	31.128906	0.0	2290172	12	4.3
1527254373.21	4300	35.00158	0.0	2055469	12	4.3
1527254373.33	4300	38.876673	0.0	2169201	6	4.3
1527254373.47	4300	42.741341	0.0	2173522	15	4.3
1527254373.6	4300	46.608606	0.0	2102452	14	4.3
1527254373.74	4300	50.471754	0.0	2209463	16	4.3
1527254373.88	4300	54.33217	0.0	2275376	15	4.3
1527254374.02	4300	58.183808	0.0	2005399	13	4.3
1527254376.68	4300	59.998988	0.0	2152483	26	4.3
1527254380.34	4300	59.997671	0.0	2289689	21	4.3
1527254384.5	4300	59.997917	0.0	2059512	16	4.3
1527254388.66	4300	59.748409	0.0	2220726	25	4.3
1527254392.32	4300	59.999339	0.0	2156729	23	4.3
1527254396.48	4300	59.998907	0.0	2039773	21	4.3
1527254401.16	4300	59.249061	0.0	2176469	25	4.3
1527254404.82	4300	59.749276	0.0	2221506	21	4.3
1527254408.47	4300	59.998736	0.0	2044075	20	4.3
1527254412.63	4300	59.997643	0.0	2186790	24	4.3
1527254416.29	4300	59.99884	0.0	2105231	25	4.3
1527254420.96	4300	59.499099	0.0	2395588	26	4.3
1527254424.63	4300	59.749347	0.0	1972048	22	4.3
1527254428.34	4300	59.999468	0.0	2134614	18	4.3
1527254432.49	4300	59.749369	0.0	2164140	20	4.3
1527254436.65	4300	59.748223	0.0	2113193	23	4.3
1527254440.32	4300	59.99855	0.0	2147852	24	4.3
1527254444.49	4300	59.748661	0.0	2191074	24	4.3
1527254448.65	4300	59.998433	0.0	2286761	25	4.3
1527254452.81	4300	59.748481	0.0	2307787	20	4.3
1527254456.47	4300	59.999154	0.0	2143948	24	4.3
1527254460.63	4300	59.749213	0.0	1919781	22	4.3
1527254464.3	4300	59.999092	0.0	2147467	25	4.3
1527254468.47	4300	59.998523	0.0	2133870	39	4.3
1527254472.63	4300	59.74851	0.0	2146120	24	4.3
1527254476.28	4300	59.998637	0.0	2108491	17	4.3
1527254480.44	4300	59.999015	0.0	2184571	21	4.3
1527254484.63	4300	59.997694	0.0	2121928	23	4.3
1527254488.29	4300	59.999049	0.0	2219102	20	4.3
1527254492.45	4300	59.997767	0.0	2124950	25	4.3
1527254496.6	4300	59.74731	0.0	2246506	24	4.3
1527254500.24	4300	59.99874	0.0	1961140	22	4.3
1527254504.38	4300	59.997885	0.0	2155012	24	4.3
1527254505.99	4300	59.92752	0.0	1433658	15	4.3

1527254506.27	750	4	0.018	668286	1	-0.07740000000000002
1527254506.43	4300	7.951283	0.0	2123065	18	0.75
1527254506.57	4300	11.806644	0.0	2177073	22	4.3
1527254506.71	4300	15.672545	0.0	2160877	13	4.3
1527254506.84	4300	19.539187	0.0	2233056	20	4.3
1527254507.05	4300	23.400979	0.0	1941625	17	4.3
1527254507.18	4300	27.202609	0.0	2157535	11	4.3
1527254507.3	4300	31.075396	0.0	2290172	13	4.3
1527254507.45	4300	34.934797	0.0	2055469	20	4.3
1527254507.58	4300	38.800444	0.0	2169201	13	4.3
1527254507.73	4300	42.647132	0.0	2173522	24	4.3
1527254507.88	4300	46.498081	0.0	2102452	23	4.3
1527254508.04	4300	50.345613	0.0	2209463	25	4.3
1527254508.17	4300	54.211059	0.0	2275376	16	4.3
1527254508.3	4300	58.078753	0.0	2005399	13	4.3
1527254510.96	4300	59.748824	0.0	2152483	27	4.3
1527254515.11	4300	59.748781	0.0	2289689	21	4.3
1527254518.77	4300	59.747713	0.0	2059512	23	4.3
1527254522.94	4300	59.747862	0.0	2220726	25	4.3
1527254526.67	4300	59.999065	0.0	2156729	24	4.3
1527254530.82	4300	59.748658	0.0	2039773	14	4.3
1527254534.99	4300	59.748625	0.0	2176469	21	4.3
1527254539.12	4300	59.747565	0.0	2221506	7	4.3
1527254542.81	4300	59.748658	0.0	2044075	22	4.3
1527254546.47	4300	59.998576	0.0	2186790	25	4.3
1527254550.63	4300	59.998303	0.0	2105231	25	4.3
1527254554.79	4300	59.748531	0.0	2395588	27	4.3
1527254558.95	4300	59.498176	0.0	1972048	18	4.3
1527254563.12	4300	59.748937	0.0	2134614	25	4.3
1527254566.77	4300	59.748521	0.0	2164140	24	4.3
1527254570.43	4300	59.998744	0.0	2113193	24	4.3
1527254575.1	4300	59.497796	0.0	2147852	28	4.3
1527254578.75	4300	59.747825	0.0	2191074	21	4.3
1527254582.92	4300	59.748104	0.0	2286761	25	4.3
1527254587.08	4300	59.497903	0.0	2307787	26	4.3
1527254590.74	4300	59.748022	0.0	2143948	24	4.3
1527254594.4	4300	59.998391	0.0	1919781	21	4.3
1527254599.05	4300	59.74912	0.0	2147467	19	4.3
1527254602.72	4300	59.997877	0.0	2133870	23	4.3
1527254606.88	4300	59.748762	0.0	2146120	24	4.3
1527254611.02	4300	59.748981	0.0	2108491	19	4.3
1527254614.69	4300	59.748719	0.0	2184571	24	4.3
1527254618.85	4300	59.998573	0.0	2121928	25	4.3
1527254623.03	4300	59.498637	0.0	2219102	27	4.3
1527254626.72	4300	59.998101	0.0	2124950	24	4.3
1527254630.88	4300	59.747469	0.0	2246506	24	4.3
1527254634.54	4300	59.998406	0.0	1961140	22	4.3
1527254638.68	4300	59.74924	0.0	2155012	23	4.3
1527254640.29	4300	59.929336	0.0	1433658	13	4.3

1527254640.57	750	4	0.017	668286	3	-0.07309999999999994
1527254640.73	4300	7.945893	0.0	2123065	23	0.75
1527254640.88	4300	11.791997	0.0	2177073	25	4.3
1527254641.03	4300	15.644387	0.0	2160877	23	4.3
1527254641.16	4300	19.518277	0.0	2233056	11	4.3
1527254641.28	4300	23.395889	0.0	1941625	10	4.3
1527254641.41	4300	27.263788	0.0	2157535	11	4.3
1527254641.53	4300	31.143737	0.0	2290172	8	4.3
1527254641.64	4300	35.029259	0.0	2055469	7	4.3
1527254641.76	4300	38.913946	0.0	2169201	7	4.3
1527254641.9	4300	42.777034	0.0	2173522	17	4.3
1527254642.02	4300	46.651581	0.0	2102452	11	4.3
1527254642.17	4300	50.505	0.0	2209463	25	4.3
1527254642.54	4300	54.381292	0.0	2275376	11	4.3
1527254642.7	4300	57.978163	0.0	2005399	29	4.3
1527254644.85	4300	59.998803	0.0	2152483	19	4.3
