1527294002.28	750	4	0.027	2354772	8	-0.11609999999999998
1527294002.38	4300	7.963366	0.0	2123065	23	0.75
1527294002.46	4300	11.881268	0.0	2177073	12	4.3
1527294002.53	4300	15.810673	0.0	2160877	8	4.3
1527294002.62	4300	19.71581	0.0	2233056	16	4.3
1527294002.7	4300	23.638011	0.0	1941625	11	4.3
1527294002.8	4300	27.541138	0.0	2157535	21	4.3
1527294002.88	4300	31.457351	0.0	2290172	16	4.3
1527294002.96	4300	35.381991	0.0	2055469	9	4.3
1527294003.05	4300	39.28899	0.0	2169201	19	4.3
1527294003.12	4300	43.216529	0.0	2173522	7	4.3
1527294003.19	4300	47.146077	0.0	2102452	8	4.3
1527294003.26	4300	51.074135	0.0	2209463	8	4.3
1527294003.34	4300	54.998631	0.0	2275376	8	4.3
1527294003.41	4300	58.925263	0.0	2005399	6	4.3
1527294006.49	4300	59.998138	0.0	2152483	8	4.3
1527294010.74	4300	59.747762	0.0	2289689	26	4.3
1527294014.85	4300	59.497984	0.0	2059512	23	4.3
1527294018.96	4300	59.748756	0.0	2220726	24	4.3
1527294023.07	4300	59.749078	0.0	2156729	22	4.3
1527294026.68	4300	59.74815	0.0	2039773	23	4.3
1527294030.79	4300	59.749439	0.0	2176469	19	4.3
1527294034.91	4300	59.749191	0.0	2221506	25	4.3
1527294039.02	4300	59.498979	0.0	2044075	21	4.3
1527294042.63	4300	59.999082	0.0	2186790	24	4.3
1527294046.74	4300	59.74891	0.0	2105231	21	4.3
1527294050.35	4300	59.999238	0.0	2395588	24	4.3
1527294054.47	4300	59.999225	0.0	1972048	22	4.3
1527294058.58	4300	59.999056	0.0	2134614	25	4.3
1527294062.7	4300	59.747879	0.0	2164140	26	4.3
1527294066.81	4300	59.749247	0.0	2113193	23	4.3
1527294070.41	4300	59.999169	0.0	2147852	25	4.3
1527294075.03	4300	59.497887	0.0	2191074	21	4.3
1527294078.64	4300	59.99808	0.0	2286761	23	4.3
1527294082.75	4300	59.747721	0.0	2307787	20	4.3
1527294086.37	4300	59.99919	0.0	2143948	25	4.3
1527294090.49	4300	59.999029	0.0	1919781	21	4.3
1527294094.6	4300	59.998126	0.0	2147467	16	4.3
1527294098.72	4300	59.748237	0.0	2133870	26	4.3
1527294102.84	4300	59.747595	0.0	2146120	24	4.3
1527294106.45	4300	59.999357	0.0	2108491	23	4.3
1527294111.07	4300	59.497717	0.0	2184571	24	4.3
1527294114.67	4300	59.747435	0.0	2121928	20	4.3
1527294118.79	4300	59.997788	0.0	2219102	27	4.3
1527294122.41	4300	59.99847	0.0	2124950	24	4.3
1527294126.52	4300	59.998661	0.0	2246506	18	4.3
1527294130.62	4300	59.747918	0.0	1961140	18	4.3
1527294134.71	4300	59.748244	0.0	2155012	11	4.3
1527294136.31	4300	59.928375	0.0	1433658	18	4.3

1527294136.61	750	4	0.026	2354772	8	-0.11180000000000001
1527294136.7	4300	7.965552	0.0	2123065	18	0.75
1527294136.78	4300	11.884799	0.0	2177073	11	4.3
1527294136.87	4300	15.797221	0.0	2160877	17	4.3
1527294136.96	4300	19.70825	0.0	2233056	17	4.3
1527294137.03	4300	23.633474	0.0	1941625	9	4.3
1527294137.11	4300	27.557933	0.0	2157535	10	4.3
1527294137.19	4300	31.479944	0.0	2290172	11	4.3
1527294137.26	4300	35.405979	0.0	2055469	12	4.3
1527294137.34	4300	39.321213	0.0	2169201	16	4.3
1527294137.42	4300	43.242713	0.0	2173522	10	4.3
1527294137.5	4300	47.168794	0.0	2102452	8	4.3
1527294137.58	4300	51.090345	0.0	2209463	8	4.3
1527294137.71	4300	55.016498	0.0	2275376	7	4.3
1527294137.8	4300	58.862994	0.0	2005399	18	4.3
1527294140.92	4300	59.999261	0.0	2152483	23	4.3
1527294145.02	4300	59.748743	0.0	2289689	19	4.3
1527294149.13	4300	59.74958	0.0	2059512	22	4.3
1527294152.74	4300	59.999258	0.0	2220726	22	4.3
1527294156.85	4300	59.997787	0.0	2156729	21	4.3
1527294160.95	4300	59.748798	0.0	2039773	19	4.3
1527294165.04	4300	59.747863	0.0	2176469	9	4.3
1527294169.15	4300	59.998045	0.0	2221506	20	4.3
1527294173.25	4300	59.748783	0.0	2044075	22	4.3
1527294176.86	4300	59.99921	0.0	2186790	24	4.3
1527294180.96	4300	59.749092	0.0	2105231	20	4.3
1527294185.07	4300	59.74875	0.0	2395588	24	4.3
1527294188.67	4300	59.999144	0.0	1972048	13	4.3
1527294192.78	4300	59.998679	0.0	2134614	24	4.3
1527294197.4	4300	59.748943	0.0	2164140	23	4.3
1527294201.01	4300	59.748439	0.0	2113193	26	4.3
1527294205.12	4300	59.998568	0.0	2147852	21	4.3
1527294208.73	4300	59.999312	0.0	2191074	21	4.3
1527294212.84	4300	59.997758	0.0	2286761	25	4.3
1527294216.96	4300	59.748922	0.0	2307787	25	4.3
1527294221.06	4300	59.747657	0.0	2143948	22	4.3
1527294224.68	4300	59.997382	0.0	1919781	22	4.3
1527294228.78	4300	59.999278	0.0	2147467	20	4.3
1527294232.89	4300	59.998886	0.0	2133870	24	4.3
1527294237.0	4300	59.998634	0.0	2146120	22	4.3
1527294241.11	4300	59.74773	0.0	2108491	24	4.3
1527294245.22	4300	59.498829	0.0	2184571	25	4.3
1527294249.34	4300	59.499264	0.0	2121928	25	4.3
1527294252.94	4300	59.998823	0.0	2219102	20	4.3
1527294257.07	4300	59.636698	0.0	2124950	24	4.3
1527294261.21	4300	59.748791	0.0	2246506	24	4.3
