1527138322.39	750	4	0.027	2354772	7	-0.11609999999999998
1527138322.48	4300	7.966202	0.0	2123065	18	0.75
1527138322.59	4300	11.863864	0.0	2177073	25	4.3
1527138322.68	4300	15.763681	0.0	2160877	22	4.3
1527138322.77	4300	19.679516	0.0	2233056	13	4.3
1527138322.86	4300	23.587458	0.0	1941625	22	4.3
1527138322.94	4300	27.502511	0.0	2157535	15	4.3
1527138323.04	4300	31.406688	0.0	2290172	27	4.3
1527138323.12	4300	35.32859	0.0	2055469	12	4.3
1527138323.19	4300	39.260184	0.0	2169201	7	4.3
1527138323.26	4300	43.191061	0.0	2173522	7	4.3
1527138323.32	4300	47.123015	0.0	2102452	6	4.3
1527138323.39	4300	51.053972	0.0	2209463	7	4.3
1527138323.47	4300	54.979407	0.0	2275376	7	4.3
1527138323.54	4300	58.906789	0.0	2005399	6	4.3
1527138326.66	4300	59.998748	0.0	2152483	7	4.3
1527138330.77	4300	59.997789	0.0	2289689	26	4.3
1527138334.88	4300	59.748663	0.0	2059512	22	4.3
1527138338.49	4300	59.997843	0.0	2220726	25	4.3
1527138343.11	4300	59.499248	0.0	2156729	21	4.3
1527138346.72	4300	59.748771	0.0	2039773	21	4.3
1527138350.83	4300	59.997648	0.0	2176469	20	4.3
1527138354.94	4300	59.748256	0.0	2221506	24	4.3
1527138358.55	4300	59.998311	0.0	2044075	22	4.3
1527138362.66	4300	59.998913	0.0	2186790	23	4.3
1527138366.77	4300	59.748514	0.0	2105231	23	4.3
1527138370.88	4300	59.746721	0.0	2395588	25	4.3
1527138374.97	4300	59.748383	0.0	1972048	11	4.3
1527138379.08	4300	59.49926	0.0	2134614	21	4.3
1527138383.19	4300	59.497931	0.0	2164140	19	4.3
1527138386.8	4300	59.999008	0.0	2113193	20	4.3
1527138390.92	4300	59.748748	0.0	2147852	24	4.3
1527138394.53	4300	59.998856	0.0	2191074	25	4.3
1527138399.16	4300	59.748487	0.0	2286761	25	4.3
1527138402.77	4300	59.747494	0.0	2307787	24	4.3
1527138406.88	4300	59.747541	0.0	2143948	24	4.3
1527138410.48	4300	59.997937	0.0	1919781	13	4.3
1527138414.66	4300	59.998457	0.0	2147467	23	4.3
1527138418.77	4300	59.747617	0.0	2133870	23	4.3
1527138422.88	4300	59.997238	0.0	2146120	24	4.3
1527138426.99	4300	59.748845	0.0	2108491	23	4.3
1527138430.6	4300	59.998503	0.0	2184571	22	4.3
1527138434.72	4300	59.749095	0.0	2121928	23	4.3
1527138438.83	4300	59.998472	0.0	2219102	25	4.3
1527138442.95	4300	59.705995	0.0	2124950	23	4.3
1527138446.55	4300	59.998025	0.0	2246506	24	4.3
1527138451.16	4300	59.497323	0.0	1961140	20	4.3
1527138454.77	4300	59.998324	0.0	2155012	22	4.3
1527138456.39	4300	59.927949	0.0	1433658	27	4.3

1527138456.68	750	4	0.028	2354772	7	-0.12039999999999995
1527138456.77	4300	7.964366	0.0	2123065	17	0.75
1527138456.87	4300	11.870091	0.0	2177073	19	4.3
1527138456.96	4300	15.775368	0.0	2160877	22	4.3
1527138457.05	4300	19.689247	0.0	2233056	14	4.3
1527138457.14	4300	23.59641	0.0	1941625	21	4.3
1527138457.24	4300	27.499548	0.0	2157535	21	4.3
1527138457.33	4300	31.413009	0.0	2290172	13	4.3
1527138457.41	4300	35.324716	0.0	2055469	12	4.3
1527138457.5	4300	39.240196	0.0	2169201	14	4.3
1527138457.57	4300	43.167067	0.0	2173522	8	4.3
1527138457.64	4300	47.094838	0.0	2102452	8	4.3
1527138457.71	4300	51.023767	0.0	2209463	8	4.3
1527138457.81	4300	54.923528	0.0	2275376	30	4.3
1527138457.89	4300	58.847686	0.0	2005399	8	4.3
1527138460.98	4300	59.998606	0.0	2152483	9	4.3
1527138465.09	4300	59.998095	0.0	2289689	23	4.3
1527138469.2	4300	59.747989	0.0	2059512	25	4.3
1527138472.81	4300	59.999253	0.0	2220726	23	4.3
1527138476.93	4300	59.998552	0.0	2156729	24	4.3
1527138481.04	4300	59.998908	0.0	2039773	23	4.3
1527138485.16	4300	59.748018	0.0	2176469	22	4.3
1527138488.77	4300	59.999484	0.0	2221506	23	4.3
1527138493.39	4300	59.498993	0.0	2044075	22	4.3
1527138497.0	4300	59.998435	0.0	2186790	24	4.3
1527138501.11	4300	59.748027	0.0	2105231	24	4.3
1527138505.23	4300	59.748259	0.0	2395588	25	4.3
1527138509.33	4300	59.499088	0.0	1972048	22	4.3
1527138512.94	4300	59.99812	0.0	2134614	23	4.3
1527138517.05	4300	59.794301	0.0	2164140	21	4.3
1527138521.16	4300	59.749141	0.0	2113193	23	4.3
1527138524.78	4300	59.998384	0.0	2147852	22	4.3
1527138529.39	4300	59.747412	0.0	2191074	24	4.3
1527138533.02	4300	59.998726	0.0	2286761	26	4.3
1527138537.13	4300	59.998894	0.0	2307787	21	4.3
1527138541.25	4300	59.748869	0.0	2143948	23	4.3
1527138544.86	4300	59.999415	0.0	1919781	21	4.3
1527138549.47	4300	59.498487	0.0	2147467	23	4.3
1527138553.08	4300	59.99807	0.0	2133870	23	4.3
1527138557.19	4300	59.749297	0.0	2146120	21	4.3
1527138560.8	4300	59.997615	0.0	2108491	21	4.3
1527138565.41	4300	59.747719	0.0	2184571	19	4.3
1527138569.02	4300	59.998238	0.0	2121928	24	4.3
1527138573.14	4300	59.74858	0.0	2219102	25	4.3
1527138576.76	4300	59.998249	0.0	2124950	22	4.3
1527138580.95	4300	59.998396	0.0	2246506	24	4.3
1527138585.06	4300	59.747422	0.0	1961140	22	4.3
1527138589.23	4300	59.998529	0.0	2155012	24	4.3
1527138590.89	4300	59.678226	0.0	1433658	17	4.3

1527138591.31	750	4	0.024	2354772	7	-0.10319999999999996
1527138591.4	4300	7.965154	0.0	2123065	21	0.75
1527138591.51	4300	11.859321	0.0	2177073	23	4.3
1527138591.61	4300	15.755595	0.0	2160877	21	4.3
1527138591.71	4300	19.659484	0.0	2233056	19	4.3
1527138591.81	4300	23.557331	0.0	1941625	24	4.3
1527138591.89	4300	27.477918	0.0	2157535	11	4.3
1527138591.99	4300	31.371316	0.0	2290172	26	4.3
1527138592.09	4300	35.278664	0.0	2055469	20	4.3
1527138592.18	4300	39.184773	0.0	2169201	21	4.3
1527138592.27	4300	43.097971	0.0	2173522	16	4.3
1527138592.35	4300	47.016343	0.0	2102452	14	4.3
1527138592.46	4300	50.904616	0.0	2209463	44	4.3
1527138592.53	4300	54.833875	0.0	2275376	8	4.3
1527138592.62	4300	58.751266	0.0	2005399	14	4.3
