1527190048.96	750	4	0.014	450283	1	-0.06020000000000003
1527190049.09	4300	7.958605	0.0	2123065	16	0.75
1527190049.2	4300	11.852599	0.0	2177073	24	4.3
1527190049.28	4300	15.766118	0.0	2160877	14	4.3
1527190049.39	4300	19.666143	0.0	2233056	20	4.3
1527190049.46	4300	23.586931	0.0	1941625	11	4.3
1527190049.55	4300	27.505314	0.0	2157535	11	4.3
1527190049.63	4300	31.422372	0.0	2290172	13	4.3
1527190049.71	4300	35.341818	0.0	2055469	12	4.3
1527190049.79	4300	39.259829	0.0	2169201	12	4.3
1527190049.88	4300	43.176557	0.0	2173522	11	4.3
1527190049.97	4300	47.078969	0.0	2102452	20	4.3
1527190050.05	4300	51.002362	0.0	2209463	9	4.3
1527190050.12	4300	54.926914	0.0	2275376	10	4.3
1527190050.2	4300	58.852493	0.0	2005399	8	4.3
1527190053.29	4300	59.998995	0.0	2152483	9	4.3
1527190057.4	4300	59.748936	0.0	2289689	16	4.3
1527190061.52	4300	59.998579	0.0	2059512	23	4.3
1527190065.63	4300	59.748797	0.0	2220726	26	4.3
1527190069.8	4300	59.749027	0.0	2156729	23	4.3
1527190073.41	4300	59.998805	0.0	2039773	23	4.3
1527190077.52	4300	59.748445	0.0	2176469	20	4.3
1527190081.63	4300	59.49908	0.0	2221506	22	4.3
1527190085.74	4300	59.498439	0.0	2044075	21	4.3
1527190089.34	4300	59.748401	0.0	2186790	21	4.3
1527190093.45	4300	59.998189	0.0	2105231	19	4.3
1527190097.06	4300	59.998556	0.0	2395588	23	4.3
1527190101.68	4300	59.748822	0.0	1972048	21	4.3
1527190105.79	4300	59.497993	0.0	2134614	19	4.3
1527190109.39	4300	59.708615	0.0	2164140	18	4.3
1527190113.51	4300	59.749544	0.0	2113193	23	4.3
1527190117.21	4300	59.998513	0.0	2147852	24	4.3
1527190121.38	4300	59.74782	0.0	2191074	19	4.3
1527190125.57	4300	59.998263	0.0	2286761	23	4.3
1527190129.68	4300	59.749456	0.0	2307787	26	4.3
1527190133.8	4300	59.499061	0.0	2143948	25	4.3
1527190137.41	4300	59.749076	0.0	1919781	21	4.3
1527190141.53	4300	59.74895	0.0	2147467	25	4.3
1527190145.64	4300	59.748634	0.0	2133870	24	4.3
1527190149.76	4300	59.748271	0.0	2146120	24	4.3
1527190153.37	4300	59.998245	0.0	2108491	21	4.3
1527190157.49	4300	59.748689	0.0	2184571	25	4.3
1527190161.1	4300	59.998977	0.0	2121928	24	4.3
1527190165.22	4300	59.997527	0.0	2219102	19	4.3
1527190169.33	4300	59.748641	0.0	2124950	15	4.3
1527190173.45	4300	59.748849	0.0	2246506	25	4.3
1527190177.56	4300	59.499435	0.0	1961140	23	4.3
1527190181.65	4300	59.7479	0.0	2155012	11	4.3
1527190183.25	4300	59.678671	0.0	1433658	16	4.3

1527190183.53	750	4	0.016	668286	4	-0.06879999999999997
1527190183.6	4300	7.980906	0.0	2123065	7	0.75
1527190183.69	4300	11.89344	0.0	2177073	16	4.3
1527190183.78	4300	15.797997	0.0	2160877	21	4.3
1527190183.87	4300	19.715344	0.0	2233056	11	4.3
1527190183.94	4300	23.646186	0.0	1941625	7	4.3
1527190184.01	4300	27.571775	0.0	2157535	7	4.3
1527190184.09	4300	31.496309	0.0	2290172	8	4.3
1527190184.23	4300	35.426412	0.0	2055469	7	4.3
1527190184.32	4300	39.267058	0.0	2169201	18	4.3
1527190184.4	4300	43.186967	0.0	2173522	12	4.3
1527190184.48	4300	47.109275	0.0	2102452	12	4.3
1527190184.56	4300	51.028049	0.0	2209463	12	4.3
1527190184.64	4300	54.946905	0.0	2275376	12	4.3
1527190184.72	4300	58.858705	0.0	2005399	19	4.3
1527190187.81	4300	59.998158	0.0	2152483	11	4.3
1527190191.91	4300	59.749698	0.0	2289689	14	4.3
1527190196.02	4300	59.748535	0.0	2059512	22	4.3
1527190200.12	4300	59.74874	0.0	2220726	23	4.3
1527190203.74	4300	59.997989	0.0	2156729	25	4.3
1527190207.85	4300	59.748628	0.0	2039773	24	4.3
1527190212.02	4300	59.998727	0.0	2176469	26	4.3
1527190216.13	4300	59.498487	0.0	2221506	20	4.3
1527190219.75	4300	59.998736	0.0	2044075	23	4.3
1527190223.85	4300	59.998564	0.0	2186790	23	4.3
1527190227.97	4300	59.999036	0.0	2105231	24	4.3
1527190232.08	4300	59.997979	0.0	2395588	22	4.3
1527190235.68	4300	59.997813	0.0	1972048	21	4.3
1527190239.79	4300	59.997516	0.0	2134614	19	4.3
1527190243.9	4300	59.747643	0.0	2164140	22	4.3
1527190248.0	4300	59.748871	0.0	2113193	18	4.3
1527190251.62	4300	59.999423	0.0	2147852	23	4.3
1527190255.75	4300	59.99814	0.0	2191074	19	4.3
1527190259.86	4300	59.997492	0.0	2286761	20	4.3
1527190263.97	4300	59.748477	0.0	2307787	22	4.3
1527190268.08	4300	59.749148	0.0	2143948	21	4.3
1527190271.69	4300	59.999012	0.0	1919781	23	4.3
1527190275.79	4300	59.999149	0.0	2147467	19	4.3
1527190279.91	4300	59.747729	0.0	2133870	21	4.3
1527190284.03	4300	59.748995	0.0	2146120	24	4.3
1527190287.64	4300	59.998419	0.0	2108491	24	4.3
1527190291.76	4300	59.997696	0.0	2184571	21	4.3
1527190295.88	4300	59.997821	0.0	2121928	24	4.3
1527190299.99	4300	59.748605	0.0	2219102	24	4.3
1527190303.62	4300	59.998467	0.0	2124950	26	4.3
1527190307.74	4300	59.997566	0.0	2246506	25	4.3
1527190311.85	4300	59.74791	0.0	1961140	19	4.3
1527190315.96	4300	59.747561	0.0	2155012	22	4.3
1527190318.06	4300	59.677457	0.0	1433658	17	4.3

1527190318.33	750	4	0.018	668286	2	-0.07740000000000002
1527190318.41	4300	7.979672	0.0	2123065	8	0.75
1527190318.51	4300	11.878852	0.0	2177073	23	4.3
1527190318.61	4300	15.780537	0.0	2160877	22	4.3
1527190318.69	4300	19.694945	0.0	2233056	16	4.3
1527190318.77	4300	23.621593	0.0	1941625	8	4.3
1527190318.84	4300	27.548552	0.0	2157535	7	4.3
1527190318.91	4300	31.475055	0.0	2290172	9	4.3
1527190318.99	4300	35.399144	0.0	2055469	8	4.3
1527190319.06	4300	39.327183	0.0	2169201	8	4.3
1527190319.13	4300	43.254577	0.0	2173522	9	4.3
1527190319.21	4300	47.182281	0.0	2102452	7	4.3
1527190319.29	4300	51.100605	0.0	2209463	9	4.3
1527190319.36	4300	55.024878	0.0	2275376	9	4.3
1527190319.45	4300	58.941874	0.0	2005399	19	4.3
1527190322.53	4300	59.998833	0.0	2152483	8	4.3
1527190326.64	4300	59.999048	0.0	2289689	23	4.3
1527190330.75	4300	59.748313	0.0	2059512	21	4.3
1527190334.87	4300	59.748236	0.0	2220726	25	4.3
1527190338.49	4300	59.998148	0.0	2156729	23	4.3
1527190342.6	4300	59.998056	0.0	2039773	21	4.3
1527190346.71	4300	59.748298	0.0	2176469	22	4.3
1527190350.82	4300	59.748354	0.0	2221506	22	4.3
1527190354.43	4300	59.998321	0.0	2044075	22	4.3
1527190359.05	4300	59.498617	0.0	2186790	23	4.3
1527190362.66	4300	59.749113	0.0	2105231	24	4.3
1527190366.78	4300	59.997841	0.0	2395588	26	4.3
1527190370.89	4300	59.748119	0.0	1972048	21	4.3
1527190374.5	4300	59.997737	0.0	2134614	22	4.3
1527190379.1	4300	59.498187	0.0	2164140	15	4.3
1527190382.71	4300	59.748873	0.0	2113193	24	4.3
1527190386.82	4300	59.748156	0.0	2147852	23	4.3
1527190390.93	4300	59.748754	0.0	2191074	24	4.3
1527190395.04	4300	59.748531	0.0	2286761	25	4.3
