1527151281.19	750	4	0.027	2354772	8	-0.11609999999999998
1527151281.29	4300	7.968027	0.0	2123065	18	0.75
1527151281.37	4300	11.882359	0.0	2177073	15	4.3
1527151281.46	4300	15.798128	0.0	2160877	15	4.3
1527151281.54	4300	19.710553	0.0	2233056	14	4.3
1527151281.63	4300	23.621703	0.0	1941625	21	4.3
1527151281.73	4300	27.522888	0.0	2157535	24	4.3
1527151281.81	4300	31.438499	0.0	2290172	16	4.3
1527151281.88	4300	35.369498	0.0	2055469	8	4.3
1527151281.95	4300	39.297875	0.0	2169201	8	4.3
1527151282.02	4300	43.227414	0.0	2173522	8	4.3
1527151282.09	4300	47.157461	0.0	2102452	8	4.3
1527151282.17	4300	51.085996	0.0	2209463	9	4.3
1527151282.24	4300	55.009205	0.0	2275376	9	4.3
1527151282.33	4300	58.922457	0.0	2005399	5	4.3
1527151285.41	4300	59.999098	0.0	2152483	8	4.3
1527151289.52	4300	59.748509	0.0	2289689	24	4.3
1527151293.62	4300	59.748659	0.0	2059512	22	4.3
1527151297.74	4300	59.747789	0.0	2220726	23	4.3
1527151301.35	4300	59.997857	0.0	2156729	22	4.3
1527151305.45	4300	59.998005	0.0	2039773	20	4.3
1527151309.55	4300	59.998263	0.0	2176469	16	4.3
1527151313.66	4300	59.749484	0.0	2221506	24	4.3
1527151317.28	4300	59.998241	0.0	2044075	22	4.3
1527151321.39	4300	59.998977	0.0	2186790	22	4.3
1527151325.52	4300	59.749131	0.0	2105231	24	4.3
1527151329.63	4300	59.747636	0.0	2395588	27	4.3
1527151333.72	4300	59.998563	0.0	1972048	11	4.3
1527151337.32	4300	59.999005	0.0	2134614	22	4.3
1527151341.43	4300	59.944864	0.0	2164140	22	4.3
1527151345.53	4300	59.748204	0.0	2113193	19	4.3
1527151349.65	4300	59.748043	0.0	2147852	23	4.3
1527151353.76	4300	59.498219	0.0	2191074	20	4.3
1527151357.86	4300	59.498513	0.0	2286761	21	4.3
1527151361.98	4300	59.499044	0.0	2307787	24	4.3
1527151365.59	4300	59.749423	0.0	2143948	20	4.3
1527151369.7	4300	59.748095	0.0	1919781	21	4.3
1527151373.32	4300	59.998782	0.0	2147467	23	4.3
1527151377.93	4300	59.497526	0.0	2133870	23	4.3
1527151381.54	4300	59.747625	0.0	2146120	24	4.3
1527151385.65	4300	59.747519	0.0	2108491	20	4.3
1527151389.76	4300	59.998781	0.0	2184571	23	4.3
1527151393.94	4300	59.498973	0.0	2121928	22	4.3
1527151397.56	4300	59.997132	0.0	2219102	25	4.3
1527151401.66	4300	59.688312	0.0	2124950	21	4.3
1527151405.77	4300	59.748404	0.0	2246506	23	4.3
1527151409.38	4300	59.998535	0.0	1961140	20	4.3
1527151413.99	4300	59.748383	0.0	2155012	21	4.3
1527151415.08	4300	59.928121	0.0	1433658	16	4.3

1527151415.48	750	4	0.027	2354772	9	-0.11609999999999998
1527151415.55	4300	7.98642	0.0	2123065	7	0.75
1527151415.62	4300	11.91816	0.0	2177073	7	4.3
1527151415.71	4300	15.828512	0.0	2160877	20	4.3
1527151415.81	4300	19.729864	0.0	2233056	24	4.3
1527151415.89	4300	23.650967	0.0	1941625	10	4.3
1527151415.98	4300	27.552922	0.0	2157535	23	4.3
1527151416.07	4300	31.465872	0.0	2290172	15	4.3
1527151416.17	4300	35.369666	0.0	2055469	18	4.3
1527151416.28	4300	39.25902	0.0	2169201	25	4.3
1527151416.37	4300	43.162108	0.0	2173522	23	4.3
1527151416.46	4300	47.079049	0.0	2102452	13	4.3
1527151416.55	4300	50.988208	0.0	2209463	14	4.3
1527151416.65	4300	54.886396	0.0	2275376	11	4.3
1527151416.73	4300	58.810991	0.0	2005399	10	4.3
1527151419.83	4300	59.748172	0.0	2152483	23	4.3
1527151423.95	4300	59.748739	0.0	2289689	23	4.3
1527151427.56	4300	59.998805	0.0	2059512	22	4.3
1527151431.67	4300	59.999048	0.0	2220726	21	4.3
1527151436.28	4300	59.498749	0.0	2156729	21	4.3
1527151439.89	4300	59.998848	0.0	2039773	22	4.3
1527151444.0	4300	59.748095	0.0	2176469	21	4.3
1527151447.61	4300	59.999433	0.0	2221506	23	4.3
1527151452.24	4300	59.748116	0.0	2044075	17	4.3
1527151455.85	4300	59.998841	0.0	2186790	22	4.3
1527151459.96	4300	59.99803	0.0	2105231	22	4.3
1527151464.07	4300	59.749371	0.0	2395588	26	4.3
1527151467.67	4300	59.999184	0.0	1972048	22	4.3
1527151471.77	4300	59.998279	0.0	2134614	21	4.3
1527151475.95	4300	59.939628	0.0	2164140	23	4.3
1527151479.57	4300	59.998331	0.0	2113193	24	4.3
1527151484.19	4300	59.499034	0.0	2147852	24	4.3
1527151487.8	4300	59.748744	0.0	2191074	26	4.3
1527151491.91	4300	59.999042	0.0	2286761	23	4.3
1527151496.02	4300	59.748776	0.0	2307787	23	4.3
1527151499.63	4300	59.999237	0.0	2143948	25	4.3
1527151503.73	4300	59.998409	0.0	1919781	17	4.3
1527151507.86	4300	59.748865	0.0	2147467	24	4.3
1527151511.97	4300	59.999312	0.0	2133870	24	4.3
1527151516.08	4300	59.748894	0.0	2146120	24	4.3
1527151519.69	4300	59.998237	0.0	2108491	23	4.3
1527151523.8	4300	59.997833	0.0	2184571	18	4.3
1527151527.91	4300	59.997785	0.0	2121928	21	4.3
1527151532.02	4300	59.997905	0.0	2219102	21	4.3
1527151535.63	4300	59.997852	0.0	2124950	21	4.3
1527151540.25	4300	59.749025	0.0	2246506	23	4.3
1527151543.85	4300	59.748841	0.0	1961140	18	4.3
1527151547.94	4300	59.747996	0.0	2155012	14	4.3
1527151550.04	4300	59.427626	0.0	1433658	16	4.3

1527151550.33	750	4	0.025	2354772	8	-0.10750000000000004
1527151550.43	4300	7.960332	0.0	2123065	20	0.75
1527151550.52	4300	11.874183	0.0	2177073	15	4.3
1527151550.59	4300	15.799402	0.0	2160877	9	4.3
1527151550.67	4300	19.724626	0.0	2233056	10	4.3
1527151550.74	4300	23.651198	0.0	1941625	8	4.3
1527151550.81	4300	27.577761	0.0	2157535	10	4.3
1527151550.89	4300	31.503677	0.0	2290172	10	4.3
1527151550.96	4300	35.430067	0.0	2055469	10	4.3
1527151551.04	4300	39.35488	0.0	2169201	10	4.3
1527151551.11	4300	43.279038	0.0	2173522	9	4.3
1527151551.19	4300	47.207038	0.0	2102452	9	4.3
1527151551.3	4300	51.091139	0.0	2209463	38	4.3
1527151551.38	4300	55.011792	0.0	2275376	12	4.3
1527151551.46	4300	58.93248	0.0	2005399	12	4.3
1527151554.57	4300	59.998878	0.0	2152483	21	4.3
1527151558.68	4300	59.749155	0.0	2289689	24	4.3
1527151562.79	4300	59.748551	0.0	2059512	22	4.3
1527151567.01	4300	59.748341	0.0	2220726	16	4.3
1527151571.12	4300	59.747855	0.0	2156729	20	4.3
1527151574.73	4300	59.748001	0.0	2039773	21	4.3
1527151578.84	4300	59.747962	0.0	2176469	25	4.3
1527151582.45	4300	59.999392	0.0	2221506	25	4.3
1527151586.56	4300	59.99763	0.0	2044075	20	4.3
1527151590.67	4300	59.998045	0.0	2186790	23	4.3
1527151594.78	4300	59.997867	0.0	2105231	22	4.3
1527151598.88	4300	59.747589	0.0	2395588	25	4.3
1527151602.97	4300	59.498542	0.0	1972048	9	4.3
1527151606.58	4300	59.998969	0.0	2134614	20	4.3
1527151610.68	4300	59.792661	0.0	2164140	20	4.3
1527151614.76	4300	59.998259	0.0	2113193	6	4.3
1527151618.87	4300	59.99859	0.0	2147852	21	4.3
1527151622.48	4300	59.998603	0.0	2191074	24	4.3
1527151627.09	4300	59.498105	0.0	2286761	20	4.3
1527151630.69	4300	59.997811	0.0	2307787	24	4.3
1527151634.8	4300	59.748361	0.0	2143948	20	4.3
