1527306023.62	750	4	0.026	2354772	8	-0.11180000000000001
1527306023.75	4300	7.965872	0.0	2123065	21	0.75
1527306023.85	4300	11.866489	0.0	2177073	20	4.3
1527306023.95	4300	15.76212	0.0	2160877	24	4.3
1527306024.04	4300	19.673483	0.0	2233056	15	4.3
1527306024.11	4300	23.603011	0.0	1941625	7	4.3
1527306024.18	4300	27.529856	0.0	2157535	8	4.3
1527306024.25	4300	31.457654	0.0	2290172	8	4.3
1527306024.32	4300	35.387644	0.0	2055469	6	4.3
1527306024.39	4300	39.317489	0.0	2169201	8	4.3
1527306024.47	4300	43.245053	0.0	2173522	7	4.3
1527306024.54	4300	47.17284	0.0	2102452	7	4.3
1527306024.63	4300	51.078927	0.0	2209463	20	4.3
1527306024.72	4300	54.993229	0.0	2275376	12	4.3
1527306024.83	4300	58.878692	0.0	2005399	14	4.3
1527306028.45	4300	59.749024	0.0	2152483	23	4.3
1527306032.08	4300	59.748688	0.0	2289689	26	4.3
1527306036.2	4300	59.749278	0.0	2059512	13	4.3
1527306039.8	4300	59.998477	0.0	2220726	18	4.3
1527306043.9	4300	59.997916	0.0	2156729	18	4.3
1527306048.01	4300	59.74949	0.0	2039773	19	4.3
1527306052.13	4300	59.747982	0.0	2176469	23	4.3
1527306056.24	4300	59.748078	0.0	2221506	21	4.3
1527306060.36	4300	59.748517	0.0	2044075	23	4.3
1527306063.97	4300	59.749329	0.0	2186790	26	4.3
1527306068.09	4300	59.748765	0.0	2105231	21	4.3
1527306072.2	4300	59.7487	0.0	2395588	20	4.3
1527306075.8	4300	59.997422	0.0	1972048	17	4.3
1527306080.42	4300	59.748586	0.0	2134614	24	4.3
1527306084.04	4300	59.74943	0.0	2164140	24	4.3
1527306088.15	4300	59.998794	0.0	2113193	20	4.3
1527306092.24	4300	59.74874	0.0	2147852	14	4.3
1527306096.37	4300	59.748721	0.0	2191074	24	4.3
1527306099.98	4300	59.99817	0.0	2286761	25	4.3
1527306104.1	4300	59.998434	0.0	2307787	26	4.3
1527306108.22	4300	59.748366	0.0	2143948	23	4.3
1527306111.81	4300	59.999163	0.0	1919781	13	4.3
1527306116.43	4300	59.749048	0.0	2147467	23	4.3
1527306120.02	4300	59.747428	0.0	2133870	14	4.3
1527306124.14	4300	59.999116	0.0	2146120	24	4.3
1527306128.28	4300	59.748601	0.0	2108491	25	4.3
1527306132.4	4300	59.748416	0.0	2184571	23	4.3
1527306136.01	4300	59.748819	0.0	2121928	24	4.3
1527306140.14	4300	59.748329	0.0	2219102	20	4.3
1527306143.75	4300	59.999279	0.0	2124950	23	4.3
1527306148.36	4300	59.748278	0.0	2246506	21	4.3
1527306151.96	4300	59.99929	0.0	1961140	21	4.3
1527306156.07	4300	59.748901	0.0	2155012	22	4.3
1527306157.66	4300	59.927905	0.0	1433658	11	4.3

1527306157.93	750	4	0.017	668286	4	-0.07309999999999994
1527306158.05	4300	7.95377	0.0	2123065	15	0.75
1527306158.14	4300	11.859792	0.0	2177073	17	4.3
1527306158.23	4300	15.771024	0.0	2160877	17	4.3
1527306158.33	4300	19.675266	0.0	2233056	18	4.3
1527306158.4	4300	23.600004	0.0	1941625	8	4.3
1527306158.5	4300	27.497998	0.0	2157535	9	4.3
1527306158.58	4300	31.420329	0.0	2290172	9	4.3
1527306158.65	4300	35.347902	0.0	2055469	9	4.3
1527306158.72	4300	39.273969	0.0	2169201	8	4.3
1527306158.8	4300	43.199075	0.0	2173522	9	4.3
1527306158.87	4300	47.127355	0.0	2102452	8	4.3
1527306158.94	4300	51.055023	0.0	2209463	7	4.3
1527306159.02	4300	54.980294	0.0	2275376	9	4.3
1527306159.1	4300	58.904452	0.0	2005399	10	4.3
1527306162.18	4300	59.999422	0.0	2152483	7	4.3
1527306166.28	4300	59.99834	0.0	2289689	14	4.3
1527306170.39	4300	59.748507	0.0	2059512	19	4.3
1527306174.49	4300	59.748443	0.0	2220726	20	4.3
1527306178.1	4300	59.998988	0.0	2156729	21	4.3
1527306182.71	4300	59.497776	0.0	2039773	18	4.3
1527306186.32	4300	59.748381	0.0	2176469	24	4.3
1527306190.44	4300	59.747718	0.0	2221506	26	4.3
1527306194.55	4300	59.748264	0.0	2044075	23	4.3
1527306198.67	4300	59.498319	0.0	2186790	26	4.3
1527306202.35	4300	59.749347	0.0	2105231	21	4.3
1527306206.45	4300	59.747924	0.0	2395588	17	4.3
1527306210.56	4300	59.747799	0.0	1972048	16	4.3
1527306214.18	4300	59.999397	0.0	2134614	25	4.3
1527306218.29	4300	59.749116	0.0	2164140	23	4.3
1527306222.4	4300	59.748357	0.0	2113193	22	4.3
1527306226.51	4300	59.748819	0.0	2147852	24	4.3
1527306230.62	4300	59.748598	0.0	2191074	23	4.3
1527306234.73	4300	59.498913	0.0	2286761	23	4.3
1527306238.35	4300	59.749472	0.0	2307787	22	4.3
1527306242.46	4300	59.997666	0.0	2143948	17	4.3
1527306246.08	4300	59.998609	0.0	1919781	21	4.3
1527306250.19	4300	59.998909	0.0	2147467	19	4.3
1527306254.3	4300	59.748572	0.0	2133870	18	4.3
1527306258.41	4300	59.998688	0.0	2146120	20	4.3
1527306262.01	4300	59.998143	0.0	2108491	21	4.3
1527306266.64	4300	59.498867	0.0	2184571	24	4.3
1527306270.25	4300	59.998334	0.0	2121928	24	4.3
1527306274.37	4300	59.748487	0.0	2219102	22	4.3
1527306278.47	4300	59.529074	0.0	2124950	20	4.3
1527306282.08	4300	59.999323	0.0	2246506	22	4.3
1527306286.2	4300	59.999101	0.0	1961140	20	4.3
1527306290.37	4300	59.749	0.0	2155012	24	4.3
1527306291.97	4300	59.928482	0.0	1433658	17	4.3

1527306292.3	750	4	0.04	668286	2	-0.17199999999999993
1527306292.38	4300	7.980379	0.0	2123065	8	0.75
1527306292.45	4300	11.91063	0.0	2177073	7	4.3
1527306292.52	4300	15.838381	0.0	2160877	7	4.3
1527306292.6	4300	19.753846	0.0	2233056	15	4.3
1527306292.68	4300	23.680187	0.0	1941625	7	4.3
1527306292.76	4300	27.599887	0.0	2157535	12	4.3
1527306292.83	4300	31.522323	0.0	2290172	9	4.3
1527306292.91	4300	35.449523	0.0	2055469	8	4.3
1527306292.98	4300	39.374383	0.0	2169201	8	4.3
1527306293.06	4300	43.299638	0.0	2173522	9	4.3
1527306293.13	4300	47.226698	0.0	2102452	8	4.3
1527306293.2	4300	51.153045	0.0	2209463	8	4.3
1527306293.31	4300	55.053675	0.0	2275376	22	4.3
1527306293.39	4300	58.967872	0.0	2005399	13	4.3
1527306296.48	4300	59.998943	0.0	2152483	14	4.3
1527306300.59	4300	59.998634	0.0	2289689	21	4.3
1527306304.7	4300	59.749103	0.0	2059512	20	4.3
1527306308.81	4300	59.748752	0.0	2220726	22	4.3
1527306312.42	4300	59.999353	0.0	2156729	20	4.3
1527306316.53	4300	59.998538	0.0	2039773	23	4.3
1527306320.64	4300	59.748261	0.0	2176469	24	4.3
1527306324.76	4300	59.748766	0.0	2221506	24	4.3
1527306328.87	4300	59.499378	0.0	2044075	23	4.3
1527306332.48	4300	59.999497	0.0	2186790	24	4.3
1527306336.58	4300	59.999236	0.0	2105231	20	4.3
