1527228185.72	750	4	0.027	2354772	8	-0.11609999999999998
1527228185.87	4300	7.96227	0.0	2123065	24	0.75
1527228186.03	4300	11.803812	0.0	2177073	24	4.3
1527228186.16	4300	15.669171	0.0	2160877	15	4.3
1527228186.28	4300	19.551611	0.0	2233056	8	4.3
1527228186.4	4300	23.43032	0.0	1941625	7	4.3
1527228186.55	4300	27.287996	0.0	2157535	18	4.3
1527228186.69	4300	31.14522	0.0	2290172	18	4.3
1527228186.82	4300	35.009583	0.0	2055469	16	4.3
1527228186.96	4300	38.871408	0.0	2169201	17	4.3
1527228187.09	4300	42.735289	0.0	2173522	18	4.3
1527228187.23	4300	46.598034	0.0	2102452	17	4.3
1527228187.37	4300	50.461296	0.0	2209463	18	4.3
1527228187.51	4300	54.314475	0.0	2275376	18	4.3
1527228187.67	4300	58.160114	0.0	2005399	17	4.3
1527228190.3	4300	59.749314	0.0	2152483	9	4.3
1527228193.97	4300	59.997826	0.0	2289689	25	4.3
1527228198.12	4300	59.748849	0.0	2059512	22	4.3
1527228202.29	4300	59.999142	0.0	2220726	25	4.3
1527228205.95	4300	59.999305	0.0	2156729	15	4.3
1527228210.1	4300	59.748374	0.0	2039773	21	4.3
1527228214.31	4300	59.749262	0.0	2176469	24	4.3
1527228217.97	4300	59.998178	0.0	2221506	25	4.3
1527228222.13	4300	59.997857	0.0	2044075	22	4.3
1527228226.29	4300	59.748013	0.0	2186790	19	4.3
1527228230.44	4300	59.498447	0.0	2105231	24	4.3
1527228234.11	4300	59.747954	0.0	2395588	20	4.3
1527228238.35	4300	59.748883	0.0	1972048	21	4.3
1527228242.0	4300	59.998084	0.0	2134614	20	4.3
1527228246.17	4300	59.997683	0.0	2164140	27	4.3
1527228250.33	4300	59.747514	0.0	2113193	26	4.3
1527228254.0	4300	59.997867	0.0	2147852	25	4.3
1527228258.16	4300	59.998765	0.0	2191074	24	4.3
1527228262.31	4300	59.747835	0.0	2286761	19	4.3
1527228265.97	4300	59.998483	0.0	2307787	24	4.3
1527228270.13	4300	59.749451	0.0	2143948	24	4.3
1527228274.29	4300	59.749296	0.0	1919781	23	4.3
1527228277.94	4300	59.999044	0.0	2147467	21	4.3
1527228282.1	4300	59.99843	0.0	2133870	22	4.3
1527228286.27	4300	59.748311	0.0	2146120	25	4.3
1527228289.94	4300	59.998522	0.0	2108491	25	4.3
1527228294.1	4300	59.997643	0.0	2184571	26	4.3
1527228298.26	4300	59.748299	0.0	2121928	24	4.3
1527228301.89	4300	59.998576	0.0	2219102	8	4.3
1527228306.05	4300	59.999212	0.0	2124950	22	4.3
1527228310.19	4300	59.748136	0.0	2246506	19	4.3
1527228314.33	4300	59.748245	0.0	1961140	18	4.3
1527228318.0	4300	59.998701	0.0	2155012	22	4.3
1527228320.25	4300	59.678429	0.0	1433658	17	4.3

1527228320.63	750	4	0.015	668286	3	-0.0645
1527228320.79	4300	7.952458	0.0	2123065	21	0.75
1527228320.94	4300	11.803586	0.0	2177073	24	4.3
1527228321.08	4300	15.659216	0.0	2160877	22	4.3
1527228321.2	4300	19.534998	0.0	2233056	11	4.3
1527228321.33	4300	23.406738	0.0	1941625	11	4.3
1527228321.47	4300	27.27223	0.0	2157535	13	4.3
1527228321.72	4300	31.101542	0.0	2290172	20	4.3
1527228321.86	4300	34.882627	0.0	2055469	17	4.3
1527228321.99	4300	38.75618	0.0	2169201	12	4.3
1527228322.11	4300	42.626555	0.0	2173522	12	4.3
1527228322.24	4300	46.50237	0.0	2102452	11	4.3
1527228322.36	4300	50.374404	0.0	2209463	11	4.3
1527228322.48	4300	54.257284	0.0	2275376	8	4.3
1527228322.61	4300	58.133849	0.0	2005399	15	4.3
1527228325.23	4300	59.749446	0.0	2152483	7	4.3
1527228328.89	4300	59.999434	0.0	2289689	23	4.3
1527228333.05	4300	59.998971	0.0	2059512	23	4.3
1527228337.21	4300	59.749052	0.0	2220726	24	4.3
1527228340.88	4300	59.999298	0.0	2156729	25	4.3
1527228345.04	4300	59.748717	0.0	2039773	22	4.3
1527228349.71	4300	59.49963	0.0	2176469	26	4.3
1527228353.37	4300	59.499208	0.0	2221506	24	4.3
1527228357.02	4300	59.999487	0.0	2044075	22	4.3
1527228361.18	4300	59.749603	0.0	2186790	24	4.3
1527228365.34	4300	59.749586	0.0	2105231	17	4.3
1527228369.0	4300	59.9979	0.0	2395588	25	4.3
1527228373.16	4300	59.749442	0.0	1972048	22	4.3
1527228376.83	4300	59.998841	0.0	2134614	25	4.3
1527228380.99	4300	59.99901	0.0	2164140	24	4.3
1527228385.15	4300	59.998281	0.0	2113193	23	4.3
1527228388.8	4300	59.999419	0.0	2147852	20	4.3
1527228392.97	4300	59.998892	0.0	2191074	25	4.3
1527228397.18	4300	59.999379	0.0	2286761	28	4.3
1527228401.33	4300	59.748752	0.0	2307787	16	4.3
1527228404.99	4300	59.99885	0.0	2143948	25	4.3
1527228409.24	4300	59.748652	0.0	1919781	13	4.3
1527228413.47	4300	59.749079	0.0	2147467	25	4.3
1527228417.12	4300	59.997757	0.0	2133870	18	4.3
1527228421.29	4300	59.498257	0.0	2146120	22	4.3
1527228424.95	4300	59.99894	0.0	2108491	22	4.3
1527228429.11	4300	59.748931	0.0	2184571	24	4.3
1527228432.77	4300	59.998953	0.0	2121928	24	4.3
1527228436.94	4300	59.99931	0.0	2219102	25	4.3
1527228441.09	4300	59.748312	0.0	2124950	14	4.3
1527228445.22	4300	59.999266	0.0	2246506	15	4.3
1527228448.86	4300	59.998004	0.0	1961140	19	4.3
1527228452.99	4300	59.997734	0.0	2155012	21	4.3
1527228454.61	4300	59.928685	0.0	1433658	17	4.3

1527228454.9	750	4	0.019	668286	4	-0.0817
1527228455.05	4300	7.954186	0.0	2123065	16	0.75
1527228455.21	4300	11.797221	0.0	2177073	24	4.3
1527228455.37	4300	15.642097	0.0	2160877	26	4.3
1527228455.49	4300	19.512556	0.0	2233056	11	4.3
1527228455.62	4300	23.38696	0.0	1941625	11	4.3
1527228455.75	4300	27.259708	0.0	2157535	12	4.3
1527228455.87	4300	31.130958	0.0	2290172	12	4.3
1527228456.0	4300	35.005984	0.0	2055469	11	4.3
1527228456.13	4300	38.877382	0.0	2169201	12	4.3
1527228456.29	4300	42.719065	0.0	2173522	24	4.3
1527228456.42	4300	46.585165	0.0	2102452	14	4.3
1527228456.56	4300	50.449716	0.0	2209463	14	4.3
1527228456.68	4300	54.324573	0.0	2275376	8	4.3
1527228456.83	4300	58.179684	0.0	2005399	23	4.3
1527228459.46	4300	59.998944	0.0	2152483	11	4.3
1527228463.12	4300	59.998992	0.0	2289689	20	4.3
1527228467.28	4300	59.748697	0.0	2059512	20	4.3
1527228471.44	4300	59.748557	0.0	2220726	25	4.3
1527228475.58	4300	59.497978	0.0	2156729	14	4.3
1527228479.24	4300	59.998924	0.0	2039773	23	4.3
1527228483.4	4300	59.749422	0.0	2176469	19	4.3
1527228487.56	4300	59.499153	0.0	2221506	20	4.3
1527228491.22	4300	59.999457	0.0	2044075	23	4.3
1527228495.38	4300	59.748771	0.0	2186790	23	4.3
1527228499.55	4300	59.74884	0.0	2105231	24	4.3
1527228503.21	4300	59.998442	0.0	2395588	27	4.3
1527228507.37	4300	59.749082	0.0	1972048	24	4.3
1527228511.54	4300	59.748623	0.0	2134614	24	4.3
1527228515.2	4300	59.999348	0.0	2164140	21	4.3
1527228519.35	4300	59.998476	0.0	2113193	20	4.3
1527228523.01	4300	59.998465	0.0	2147852	23	4.3
1527228527.18	4300	59.9978	0.0	2191074	24	4.3
1527228531.34	4300	59.997983	0.0	2286761	27	4.3
1527228535.5	4300	59.747852	0.0	2307787	21	4.3
1527228539.66	4300	59.747943	0.0	2143948	24	4.3
1527228543.32	4300	59.748072	0.0	1919781	23	4.3
1527228547.49	4300	59.998211	0.0	2147467	25	4.3
1527228551.15	4300	59.999139	0.0	2133870	24	4.3
1527228555.31	4300	59.998831	0.0	2146120	23	4.3
1527228559.46	4300	59.749477	0.0	2108491	20	4.3
