1527213298.66	750	4	0.029	2354772	9	-0.12470000000000003
1527213298.79	4300	7.961989	0.0	2123065	23	0.75
1527213298.89	4300	11.857284	0.0	2177073	23	4.3
1527213299.0	4300	15.753163	0.0	2160877	26	4.3
1527213299.08	4300	19.669247	0.0	2233056	11	4.3
1527213299.15	4300	23.600445	0.0	1941625	7	4.3
1527213299.22	4300	27.530053	0.0	2157535	8	4.3
1527213299.29	4300	31.457625	0.0	2290172	8	4.3
1527213299.36	4300	35.384098	0.0	2055469	8	4.3
1527213299.43	4300	39.313015	0.0	2169201	8	4.3
1527213299.51	4300	43.240528	0.0	2173522	8	4.3
1527213299.6	4300	47.145388	0.0	2102452	22	4.3
1527213299.69	4300	51.063879	0.0	2209463	12	4.3
1527213299.77	4300	54.974812	0.0	2275376	13	4.3
1527213299.86	4300	58.893103	0.0	2005399	10	4.3
1527213302.95	4300	59.998751	0.0	2152483	12	4.3
1527213307.06	4300	59.74886	0.0	2289689	27	4.3
1527213311.18	4300	59.748822	0.0	2059512	24	4.3
1527213314.77	4300	59.999286	0.0	2220726	14	4.3
1527213318.89	4300	59.997833	0.0	2156729	24	4.3
1527213322.99	4300	59.999303	0.0	2039773	21	4.3
1527213327.1	4300	59.748164	0.0	2176469	23	4.3
1527213331.22	4300	59.998779	0.0	2221506	24	4.3
1527213334.83	4300	59.998998	0.0	2044075	20	4.3
1527213339.45	4300	59.747737	0.0	2186790	25	4.3
1527213343.07	4300	59.749002	0.0	2105231	23	4.3
1527213347.18	4300	59.749448	0.0	2395588	22	4.3
1527213350.78	4300	59.99891	0.0	1972048	14	4.3
1527213354.98	4300	59.998744	0.0	2134614	23	4.3
1527213359.2	4300	59.724608	0.0	2164140	21	4.3
1527213362.81	4300	59.999349	0.0	2113193	23	4.3
1527213366.92	4300	59.99811	0.0	2147852	21	4.3
1527213371.04	4300	59.748684	0.0	2191074	20	4.3
1527213375.16	4300	59.749407	0.0	2286761	26	4.3
1527213378.77	4300	59.999256	0.0	2307787	26	4.3
1527213383.39	4300	59.499024	0.0	2143948	18	4.3
1527213386.99	4300	59.998907	0.0	1919781	20	4.3
1527213391.1	4300	59.748548	0.0	2147467	20	4.3
1527213395.29	4300	59.748329	0.0	2133870	20	4.3
1527213398.91	4300	59.999387	0.0	2146120	24	4.3
1527213403.03	4300	59.99789	0.0	2108491	23	4.3
1527213407.15	4300	59.998234	0.0	2184571	26	4.3
1527213411.26	4300	59.747998	0.0	2121928	22	4.3
1527213415.37	4300	59.498476	0.0	2219102	21	4.3
1527213418.98	4300	59.998007	0.0	2124950	21	4.3
1527213423.1	4300	59.747675	0.0	2246506	25	4.3
1527213427.21	4300	59.74902	0.0	1961140	22	4.3
1527213430.8	4300	59.998365	0.0	2155012	9	4.3
1527213432.89	4300	59.677879	0.0	1433658	15	4.3

1527213433.18	750	4	0.017	668286	2	-0.07309999999999994
1527213433.26	4300	7.981388	0.0	2123065	6	0.75
1527213433.33	4300	11.910781	0.0	2177073	7	4.3
1527213433.4	4300	15.839859	0.0	2160877	7	4.3
1527213433.47	4300	19.769084	0.0	2233056	7	4.3
1527213433.54	4300	23.699114	0.0	1941625	7	4.3
1527213433.61	4300	27.628132	0.0	2157535	7	4.3
1527213433.69	4300	31.554612	0.0	2290172	7	4.3
1527213433.76	4300	35.48473	0.0	2055469	8	4.3
1527213433.83	4300	39.414986	0.0	2169201	8	4.3
1527213433.9	4300	43.343008	0.0	2173522	7	4.3
1527213434.0	4300	47.247375	0.0	2102452	17	4.3
1527213434.1	4300	51.146263	0.0	2209463	27	4.3
1527213434.18	4300	55.064663	0.0	2275376	13	4.3
1527213434.29	4300	58.958029	0.0	2005399	28	4.3
1527213437.37	4300	59.999177	0.0	2152483	8	4.3
1527213441.98	4300	59.748848	0.0	2289689	21	4.3
1527213445.59	4300	59.748657	0.0	2059512	21	4.3
1527213449.7	4300	59.997971	0.0	2220726	19	4.3
1527213453.82	4300	59.748818	0.0	2156729	25	4.3
1527213457.43	4300	59.998969	0.0	2039773	21	4.3
1527213461.54	4300	59.748679	0.0	2176469	21	4.3
1527213465.65	4300	59.748919	0.0	2221506	22	4.3
1527213469.26	4300	59.999026	0.0	2044075	22	4.3
1527213473.38	4300	59.998776	0.0	2186790	26	4.3
1527213477.49	4300	59.998876	0.0	2105231	22	4.3
1527213481.61	4300	59.747684	0.0	2395588	27	4.3
1527213485.7	4300	59.748592	0.0	1972048	14	4.3
1527213489.32	4300	59.999421	0.0	2134614	27	4.3
1527213493.44	4300	59.998016	0.0	2164140	23	4.3
1527213497.54	4300	59.749405	0.0	2113193	19	4.3
1527213501.65	4300	59.747478	0.0	2147852	20	4.3
1527213505.26	4300	59.999258	0.0	2191074	23	4.3
1527213509.38	4300	59.999065	0.0	2286761	26	4.3
1527213513.5	4300	59.998275	0.0	2307787	25	4.3
1527213517.61	4300	59.748439	0.0	2143948	21	4.3
1527213521.72	4300	59.998528	0.0	1919781	22	4.3
1527213525.31	4300	59.997853	0.0	2147467	12	4.3
1527213529.43	4300	59.997972	0.0	2133870	23	4.3
1527213533.54	4300	59.997603	0.0	2146120	24	4.3
1527213537.65	4300	59.748436	0.0	2108491	23	4.3
1527213541.26	4300	59.997804	0.0	2184571	22	4.3
1527213545.45	4300	59.997632	0.0	2121928	24	4.3
1527213549.55	4300	59.7483	0.0	2219102	17	4.3
1527213553.64	4300	59.747415	0.0	2124950	10	4.3
1527213557.25	4300	59.999051	0.0	2246506	22	4.3
1527213561.37	4300	59.999247	0.0	1961140	21	4.3
1527213565.98	4300	59.498735	0.0	2155012	23	4.3
1527213567.1	4300	59.927811	0.0	1433658	17	4.3

1527213567.38	750	4	0.015	668286	2	-0.0645
1527213567.48	4300	7.970388	0.0	2123065	12	0.75
1527213567.57	4300	11.872931	0.0	2177073	21	4.3
1527213567.66	4300	15.788523	0.0	2160877	14	4.3
1527213567.74	4300	19.701054	0.0	2233056	16	4.3
1527213567.83	4300	23.611756	0.0	1941625	17	4.3
1527213567.92	4300	27.526503	0.0	2157535	15	4.3
1527213567.99	4300	31.454466	0.0	2290172	8	4.3
1527213568.06	4300	35.382702	0.0	2055469	7	4.3
1527213568.13	4300	39.310874	0.0	2169201	7	4.3
1527213568.22	4300	43.222785	0.0	2173522	18	4.3
1527213568.32	4300	47.127382	0.0	2102452	16	4.3
1527213568.4	4300	51.040041	0.0	2209463	16	4.3
1527213568.48	4300	54.963674	0.0	2275376	10	4.3
1527213568.55	4300	58.890168	0.0	2005399	9	4.3
1527213572.14	4300	59.74886	0.0	2152483	10	4.3
1527213575.76	4300	59.749217	0.0	2289689	26	4.3
1527213579.87	4300	59.749213	0.0	2059512	19	4.3
1527213583.47	4300	59.99925	0.0	2220726	22	4.3
