1527250980.87	750	4	0.028	2354772	9	-0.12039999999999995
1527250981.0	4300	7.96378	0.0	2123065	22	0.75
1527250981.1	4300	11.865017	0.0	2177073	21	4.3
1527250981.21	4300	15.756362	0.0	2160877	26	4.3
1527250981.29	4300	19.671099	0.0	2233056	11	4.3
1527250981.36	4300	23.602361	0.0	1941625	6	4.3
1527250981.43	4300	27.532351	0.0	2157535	7	4.3
1527250981.5	4300	31.461235	0.0	2290172	8	4.3
1527250981.57	4300	35.390629	0.0	2055469	7	4.3
1527250981.64	4300	39.318806	0.0	2169201	7	4.3
1527250981.72	4300	43.247502	0.0	2173522	8	4.3
1527250981.81	4300	47.154438	0.0	2102452	19	4.3
1527250981.89	4300	51.075362	0.0	2209463	11	4.3
1527250981.97	4300	54.993808	0.0	2275376	9	4.3
1527250982.05	4300	58.918334	0.0	2005399	5	4.3
1527250985.15	4300	59.999478	0.0	2152483	21	4.3
1527250989.27	4300	59.748382	0.0	2289689	25	4.3
1527250993.38	4300	59.999453	0.0	2059512	22	4.3
1527250997.0	4300	59.999282	0.0	2220726	22	4.3
1527251001.12	4300	59.999439	0.0	2156729	25	4.3
1527251005.23	4300	59.998069	0.0	2039773	24	4.3
1527251009.34	4300	59.998866	0.0	2176469	22	4.3
1527251013.45	4300	59.749148	0.0	2221506	22	4.3
1527251017.06	4300	59.998769	0.0	2044075	21	4.3
1527251021.17	4300	59.999205	0.0	2186790	18	4.3
1527251025.27	4300	59.998573	0.0	2105231	20	4.3
1527251029.39	4300	59.748741	0.0	2395588	26	4.3
1527251032.99	4300	59.999288	0.0	1972048	21	4.3
1527251037.09	4300	59.997819	0.0	2134614	15	4.3
1527251041.2	4300	59.892541	0.0	2164140	25	4.3
1527251045.32	4300	59.998017	0.0	2113193	23	4.3
1527251049.43	4300	59.747732	0.0	2147852	22	4.3
1527251053.17	4300	59.998389	0.0	2191074	24	4.3
1527251057.27	4300	59.997534	0.0	2286761	11	4.3
1527251061.64	4300	59.747537	0.0	2307787	25	4.3
1527251065.24	4300	59.748735	0.0	2143948	15	4.3
1527251069.35	4300	59.749444	0.0	1919781	20	4.3
1527251073.46	4300	59.749182	0.0	2147467	20	4.3
1527251077.07	4300	59.999127	0.0	2133870	20	4.3
1527251081.19	4300	59.99918	0.0	2146120	23	4.3
1527251085.31	4300	59.748414	0.0	2108491	24	4.3
1527251089.42	4300	59.748303	0.0	2184571	22	4.3
1527251093.53	4300	59.747728	0.0	2121928	21	4.3
1527251097.64	4300	59.497717	0.0	2219102	23	4.3
1527251101.26	4300	59.748384	0.0	2124950	21	4.3
1527251105.36	4300	59.997887	0.0	2246506	16	4.3
1527251109.48	4300	59.491394	0.0	1961140	21	4.3
1527251113.59	4300	59.749193	0.0	2155012	24	4.3
1527251115.19	4300	59.928121	0.0	1433658	16	4.3

1527251115.46	750	4	0.018	668286	4	-0.07740000000000002
1527251115.56	4300	7.959938	0.0	2123065	13	0.75
1527251115.64	4300	11.880306	0.0	2177073	11	4.3
1527251115.72	4300	15.800405	0.0	2160877	12	4.3
1527251115.8	4300	19.723115	0.0	2233056	11	4.3
1527251115.88	4300	23.644809	0.0	1941625	11	4.3
1527251115.96	4300	27.56061	0.0	2157535	15	4.3
1527251116.03	4300	31.488038	0.0	2290172	7	4.3
1527251116.11	4300	35.416121	0.0	2055469	7	4.3
1527251116.18	4300	39.343612	0.0	2169201	8	4.3
1527251116.28	4300	43.24546	0.0	2173522	21	4.3
1527251116.36	4300	47.159055	0.0	2102452	15	4.3
1527251116.45	4300	51.076241	0.0	2209463	15	4.3
1527251116.52	4300	54.998391	0.0	2275376	8	4.3
1527251116.6	4300	58.927303	0.0	2005399	8	4.3
1527251119.7	4300	59.998052	0.0	2152483	24	4.3
1527251123.89	4300	59.998456	0.0	2289689	25	4.3
1527251128.0	4300	59.998726	0.0	2059512	20	4.3
1527251132.11	4300	59.748827	0.0	2220726	23	4.3
1527251135.72	4300	59.997868	0.0	2156729	22	4.3
1527251139.83	4300	59.747889	0.0	2039773	23	4.3
1527251143.95	4300	59.748866	0.0	2176469	25	4.3
1527251147.56	4300	59.998559	0.0	2221506	25	4.3
1527251151.67	4300	59.998168	0.0	2044075	21	4.3
1527251155.78	4300	59.749213	0.0	2186790	23	4.3
1527251159.89	4300	59.74883	0.0	2105231	21	4.3
1527251164.02	4300	59.998502	0.0	2395588	26	4.3
1527251167.6	4300	59.99797	0.0	1972048	10	4.3
1527251172.21	4300	59.74751	0.0	2134614	22	4.3
1527251175.83	4300	59.998419	0.0	2164140	23	4.3
1527251179.93	4300	59.74747	0.0	2113193	17	4.3
1527251183.54	4300	59.997774	0.0	2147852	21	4.3
1527251187.66	4300	59.997722	0.0	2191074	25	4.3
1527251191.78	4300	59.997601	0.0	2286761	26	4.3
1527251195.89	4300	59.748587	0.0	2307787	25	4.3
1527251200.02	4300	59.997551	0.0	2143948	27	4.3
1527251203.64	4300	59.998338	0.0	1919781	22	4.3
1527251208.26	4300	59.74761	0.0	2147467	24	4.3
1527251211.86	4300	59.74811	0.0	2133870	22	4.3
1527251216.04	4300	59.748607	0.0	2146120	25	4.3
1527251219.65	4300	59.999083	0.0	2108491	26	4.3
1527251223.78	4300	59.748924	0.0	2184571	26	4.3
1527251227.9	4300	59.749157	0.0	2121928	23	4.3
1527251232.01	4300	59.747068	0.0	2219102	25	4.3
1527251235.62	4300	59.99899	0.0	2124950	23	4.3
1527251239.74	4300	59.997103	0.0	2246506	26	4.3
1527251243.85	4300	59.998654	0.0	1961140	22	4.3
1527251247.95	4300	59.997845	0.0	2155012	12	4.3
1527251249.55	4300	59.67881	0.0	1433658	18	4.3

1527251249.84	750	4	0.016	668286	5	-0.06879999999999997
1527251249.92	4300	7.979069	0.0	2123065	8	0.75
1527251249.99	4300	11.908492	0.0	2177073	7	4.3
1527251250.06	4300	15.838394	0.0	2160877	7	4.3
1527251250.13	4300	19.76841	0.0	2233056	7	4.3
1527251250.2	4300	23.696797	0.0	1941625	6	4.3
1527251250.27	4300	27.625239	0.0	2157535	7	4.3
1527251250.34	4300	31.553295	0.0	2290172	8	4.3
1527251250.41	4300	35.484089	0.0	2055469	7	4.3
1527251250.48	4300	39.412938	0.0	2169201	7	4.3
1527251250.56	4300	43.341461	0.0	2173522	8	4.3
1527251250.63	4300	47.268879	0.0	2102452	9	4.3
1527251250.7	4300	51.194152	0.0	2209463	7	4.3
1527251250.77	4300	55.123984	0.0	2275376	8	4.3
1527251250.84	4300	59.053659	0.0	2005399	6	4.3
1527251253.94	4300	59.999344	0.0	2152483	16	4.3
1527251258.05	4300	59.998222	0.0	2289689	24	4.3
1527251262.16	4300	59.998057	0.0	2059512	19	4.3
1527251266.27	4300	59.749613	0.0	2220726	22	4.3
