1527204612.22	750	4	0.027	2354772	11	-0.11609999999999998
1527204612.34	4300	7.968838	0.0	2123065	19	0.75
1527204612.45	4300	11.858552	0.0	2177073	25	4.3
1527204612.55	4300	15.759031	0.0	2160877	24	4.3
1527204612.64	4300	19.675232	0.0	2233056	13	4.3
1527204612.71	4300	23.594965	0.0	1941625	11	4.3
1527204612.8	4300	27.512658	0.0	2157535	12	4.3
1527204612.88	4300	31.426842	0.0	2290172	14	4.3
1527204612.98	4300	35.337258	0.0	2055469	12	4.3
1527204613.06	4300	39.245163	0.0	2169201	12	4.3
1527204613.15	4300	43.161692	0.0	2173522	13	4.3
1527204613.23	4300	47.080108	0.0	2102452	12	4.3
1527204613.31	4300	50.998207	0.0	2209463	13	4.3
1527204613.4	4300	54.909226	0.0	2275376	13	4.3
1527204613.48	4300	58.833427	0.0	2005399	6	4.3
1527204616.57	4300	59.998083	0.0	2152483	12	4.3
1527204620.68	4300	59.998624	0.0	2289689	21	4.3
1527204624.8	4300	59.998341	0.0	2059512	22	4.3
1527204628.4	4300	59.999142	0.0	2220726	14	4.3
1527204633.01	4300	59.748683	0.0	2156729	29	4.3
1527204636.63	4300	59.748631	0.0	2039773	23	4.3
1527204640.74	4300	59.749963	0.0	2176469	24	4.3
1527204644.33	4300	59.999305	0.0	2221506	16	4.3
1527204648.95	4300	59.499211	0.0	2044075	22	4.3
1527204652.56	4300	59.998715	0.0	2186790	24	4.3
1527204656.67	4300	59.748258	0.0	2105231	21	4.3
1527204660.78	4300	59.998471	0.0	2395588	16	4.3
1527204664.88	4300	59.498929	0.0	1972048	22	4.3
1527204668.5	4300	59.99845	0.0	2134614	23	4.3
1527204672.61	4300	59.726926	0.0	2164140	20	4.3
1527204676.71	4300	59.749566	0.0	2113193	20	4.3
1527204680.83	4300	59.748937	0.0	2147852	21	4.3
1527204684.44	4300	59.999326	0.0	2191074	21	4.3
1527204689.06	4300	59.499516	0.0	2286761	29	4.3
1527204692.68	4300	59.749714	0.0	2307787	26	4.3
1527204696.79	4300	59.998155	0.0	2143948	23	4.3
1527204700.39	4300	59.999308	0.0	1919781	19	4.3
1527204704.51	4300	59.998333	0.0	2147467	24	4.3
1527204708.63	4300	59.998564	0.0	2133870	25	4.3
1527204712.75	4300	59.749249	0.0	2146120	24	4.3
1527204716.87	4300	59.49878	0.0	2108491	21	4.3
1527204720.47	4300	59.999258	0.0	2184571	19	4.3
1527204724.58	4300	59.74942	0.0	2121928	24	4.3
1527204728.7	4300	59.997889	0.0	2219102	24	4.3
1527204732.81	4300	59.747678	0.0	2124950	25	4.3
1527204736.92	4300	59.749212	0.0	2246506	22	4.3
1527204740.53	4300	59.998863	0.0	1961140	22	4.3
1527204744.65	4300	59.749401	0.0	2155012	18	4.3
1527204746.23	4300	59.929328	0.0	1433658	6	4.3

1527204746.49	750	4	0.017	668286	3	-0.07309999999999994
1527204746.59	4300	7.965465	0.0	2123065	14	0.75
1527204746.68	4300	11.873307	0.0	2177073	18	4.3
1527204746.79	4300	15.764198	0.0	2160877	24	4.3
1527204746.89	4300	19.665537	0.0	2233056	21	4.3
1527204746.97	4300	23.588749	0.0	1941625	9	4.3
1527204747.04	4300	27.511895	0.0	2157535	12	4.3
1527204747.12	4300	31.433281	0.0	2290172	12	4.3
1527204747.19	4300	35.36333	0.0	2055469	7	4.3
1527204747.36	4300	39.231883	0.0	2169201	8	4.3
1527204747.43	4300	43.125417	0.0	2173522	8	4.3
1527204747.5	4300	47.055269	0.0	2102452	7	4.3
1527204747.57	4300	50.983735	0.0	2209463	7	4.3
1527204747.64	4300	54.910239	0.0	2275376	9	4.3
1527204747.72	4300	58.838799	0.0	2005399	7	4.3
1527204751.3	4300	59.749452	0.0	2152483	7	4.3
1527204755.05	4300	59.747924	0.0	2289689	26	4.3
1527204759.16	4300	59.49912	0.0	2059512	18	4.3
1527204762.84	4300	59.999315	0.0	2220726	21	4.3
1527204766.95	4300	59.998427	0.0	2156729	22	4.3
1527204771.06	4300	59.748148	0.0	2039773	23	4.3
1527204775.17	4300	59.4996	0.0	2176469	26	4.3
1527204778.78	4300	59.999154	0.0	2221506	24	4.3
1527204782.89	4300	59.747749	0.0	2044075	20	4.3
1527204787.01	4300	59.999121	0.0	2186790	24	4.3
1527204791.13	4300	59.749044	0.0	2105231	25	4.3
1527204794.74	4300	59.998983	0.0	2395588	27	4.3
1527204798.85	4300	59.749093	0.0	1972048	17	4.3
1527204802.96	4300	59.99836	0.0	2134614	22	4.3
1527204806.57	4300	59.99787	0.0	2164140	23	4.3
1527204810.68	4300	59.997836	0.0	2113193	18	4.3
1527204815.29	4300	59.498646	0.0	2147852	22	4.3
1527204818.92	4300	59.7486	0.0	2191074	25	4.3
1527204823.03	4300	59.998642	0.0	2286761	20	4.3
1527204826.64	4300	59.997864	0.0	2307787	21	4.3
1527204830.75	4300	59.998304	0.0	2143948	24	4.3
1527204834.86	4300	59.747545	0.0	1919781	23	4.3
1527204838.98	4300	59.997957	0.0	2147467	24	4.3
1527204842.62	4300	59.99869	0.0	2133870	7	4.3
1527204847.23	4300	59.498389	0.0	2146120	22	4.3
1527204850.84	4300	59.999123	0.0	2108491	24	4.3
1527204854.95	4300	59.998745	0.0	2184571	22	4.3
1527204859.06	4300	59.498274	0.0	2121928	21	4.3
1527204862.69	4300	59.997242	0.0	2219102	25	4.3
1527204866.8	4300	59.998843	0.0	2124950	23	4.3
1527204870.92	4300	59.998533	0.0	2246506	15	4.3
1527204876.91	4300	59.748179	0.0	1961140	23	4.3
1527204878.97	4300	59.997384	0.0	2155012	11	4.3
1527204883.12	4300	59.678279	0.0	1433658	18	4.3

1527204883.4	750	4	0.018	668286	2	-0.07740000000000002
1527204883.54	4300	7.973244	0.0	2123065	7	0.75
1527204883.63	4300	11.825805	0.0	2177073	16	4.3
1527204883.74	4300	15.720667	0.0	2160877	24	4.3
1527204883.82	4300	19.639042	0.0	2233056	12	4.3
1527204883.9	4300	23.559896	0.0	1941625	11	4.3
1527204883.98	4300	27.47647	0.0	2157535	11	4.3
1527204884.07	4300	31.390663	0.0	2290172	12	4.3
1527204884.15	4300	35.311458	0.0	2055469	10	4.3
1527204884.23	4300	39.23143	0.0	2169201	10	4.3
1527204884.31	4300	43.151023	0.0	2173522	12	4.3
1527204884.39	4300	47.072115	0.0	2102452	11	4.3
1527204884.47	4300	50.990765	0.0	2209463	11	4.3
1527204884.58	4300	54.881625	0.0	2275376	22	4.3
1527204884.66	4300	58.798825	0.0	2005399	7	4.3
1527204887.75	4300	59.747924	0.0	2152483	7	4.3
