1527252902.2	750	4	0.029	2354772	8	-0.12470000000000003
1527252902.34	4300	7.96597	0.0	2123065	19	0.75
1527252902.48	4300	11.829613	0.0	2177073	15	4.3
1527252902.63	4300	15.679081	0.0	2160877	19	4.3
1527252902.78	4300	19.52789	0.0	2233056	24	4.3
1527252902.93	4300	23.378633	0.0	1941625	22	4.3
1527252903.06	4300	27.24313	0.0	2157535	15	4.3
1527252903.21	4300	31.099328	0.0	2290172	22	4.3
1527252903.34	4300	34.970143	0.0	2055469	13	4.3
1527252903.48	4300	38.823472	0.0	2169201	18	4.3
1527252903.63	4300	42.677623	0.0	2173522	20	4.3
1527252903.76	4300	46.549615	0.0	2102452	12	4.3
1527252903.89	4300	50.418971	0.0	2209463	13	4.3
1527252904.03	4300	54.272591	0.0	2275376	14	4.3
1527252904.19	4300	58.11373	0.0	2005399	18	4.3
1527252906.85	4300	59.498476	0.0	2152483	23	4.3
1527252910.51	4300	59.99815	0.0	2289689	21	4.3
1527252914.66	4300	59.748127	0.0	2059512	16	4.3
1527252918.33	4300	59.998392	0.0	2220726	25	4.3
1527252922.51	4300	59.998912	0.0	2156729	23	4.3
1527252926.67	4300	59.748237	0.0	2039773	17	4.3
1527252930.82	4300	59.748462	0.0	2176469	23	4.3
1527252934.99	4300	59.497687	0.0	2221506	24	4.3
1527252938.66	4300	59.998037	0.0	2044075	23	4.3
1527252942.32	4300	59.998652	0.0	2186790	24	4.3
1527252946.98	4300	59.748573	0.0	2105231	23	4.3
1527252950.64	4300	59.997832	0.0	2395588	24	4.3
1527252954.79	4300	59.998627	0.0	1972048	21	4.3
1527252959.0	4300	59.748756	0.0	2134614	23	4.3
1527252962.67	4300	59.749425	0.0	2164140	26	4.3
1527252966.32	4300	59.999486	0.0	2113193	23	4.3
1527252970.98	4300	59.498	0.0	2147852	24	4.3
1527252974.64	4300	59.748762	0.0	2191074	21	4.3
1527252978.78	4300	59.999096	0.0	2286761	16	4.3
1527252982.44	4300	59.998999	0.0	2307787	19	4.3
1527252986.6	4300	59.748886	0.0	2143948	22	4.3
1527252990.76	4300	59.997878	0.0	1919781	20	4.3
1527252994.41	4300	59.9984	0.0	2147467	19	4.3
1527252998.59	4300	59.998909	0.0	2133870	40	4.3
1527253002.75	4300	59.998619	0.0	2146120	19	4.3
1527253007.0	4300	59.498933	0.0	2108491	25	4.3
1527253010.66	4300	59.998603	0.0	2184571	25	4.3
1527253014.32	4300	59.998801	0.0	2121928	25	4.3
1527253018.47	4300	59.997505	0.0	2219102	16	4.3
1527253022.63	4300	59.998549	0.0	2124950	21	4.3
1527253026.77	4300	59.997582	0.0	2246506	22	4.3
1527253030.91	4300	59.498787	0.0	1961140	17	4.3
1527253034.54	4300	59.998388	0.0	2155012	24	4.3
1527253036.16	4300	59.928749	0.0	1433658	16	4.3

1527253036.46	750	4	0.016	668286	4	-0.06879999999999997
1527253036.62	4300	7.949991	0.0	2123065	22	0.75
1527253036.77	4300	11.8029	0.0	2177073	24	4.3
1527253036.91	4300	15.660562	0.0	2160877	16	4.3
1527253037.04	4300	19.531933	0.0	2233056	13	4.3
1527253037.15	4300	23.413482	0.0	1941625	6	4.3
1527253037.29	4300	27.275422	0.0	2157535	19	4.3
1527253037.41	4300	31.154418	0.0	2290172	9	4.3
1527253037.54	4300	35.023323	0.0	2055469	14	4.3
1527253037.67	4300	38.897253	0.0	2169201	10	4.3
1527253037.8	4300	42.770619	0.0	2173522	11	4.3
1527253037.96	4300	46.610598	0.0	2102452	24	4.3
1527253038.11	4300	50.456808	0.0	2209463	24	4.3
1527253038.26	4300	54.305491	0.0	2275376	26	4.3
1527253038.41	4300	58.157297	0.0	2005399	22	4.3
1527253041.07	4300	59.999008	0.0	2152483	24	4.3
1527253045.24	4300	59.749083	0.0	2289689	24	4.3
1527253048.9	4300	59.749404	0.0	2059512	22	4.3
1527253053.05	4300	59.998692	0.0	2220726	19	4.3
1527253056.7	4300	59.999033	0.0	2156729	14	4.3
1527253060.86	4300	59.748856	0.0	2039773	17	4.3
1527253065.02	4300	59.749343	0.0	2176469	21	4.3
1527253068.69	4300	59.998105	0.0	2221506	24	4.3
1527253072.85	4300	59.748272	0.0	2044075	24	4.3
1527253077.01	4300	59.748364	0.0	2186790	24	4.3
1527253080.66	4300	59.998123	0.0	2105231	18	4.3
1527253085.31	4300	59.498943	0.0	2395588	26	4.3
1527253088.97	4300	59.747902	0.0	1972048	21	4.3
1527253092.65	4300	59.99897	0.0	2134614	23	4.3
1527253096.82	4300	59.999411	0.0	2164140	23	4.3
1527253100.97	4300	59.748048	0.0	2113193	18	4.3
1527253104.63	4300	59.997842	0.0	2147852	24	4.3
1527253109.29	4300	59.499436	0.0	2191074	24	4.3
1527253112.94	4300	59.7481	0.0	2286761	22	4.3
1527253117.1	4300	59.498674	0.0	2307787	25	4.3
1527253120.76	4300	59.998918	0.0	2143948	22	4.3
1527253124.93	4300	59.748261	0.0	1919781	20	4.3
1527253128.59	4300	59.998725	0.0	2147467	24	4.3
1527253133.26	4300	59.498903	0.0	2133870	25	4.3
1527253136.92	4300	59.998309	0.0	2146120	21	4.3
1527253141.07	4300	59.999084	0.0	2108491	22	4.3
1527253144.74	4300	59.998203	0.0	2184571	25	4.3
1527253148.9	4300	59.747832	0.0	2121928	23	4.3
1527253153.05	4300	59.748965	0.0	2219102	17	4.3
1527253156.72	4300	59.997639	0.0	2124950	24	4.3
1527253160.86	4300	59.748915	0.0	2246506	24	4.3
1527253164.99	4300	59.747648	0.0	1961140	14	4.3
1527253169.11	4300	59.747489	0.0	2155012	15	4.3
1527253170.84	4300	59.929056	0.0	1433658	18	4.3

1527253171.22	750	4	0.019	668286	2	-0.0817
1527253171.38	4300	7.949654	0.0	2123065	21	0.75
1527253171.53	4300	11.804908	0.0	2177073	22	4.3
1527253171.67	4300	15.659734	0.0	2160877	20	4.3
1527253171.8	4300	19.535106	0.0	2233056	12	4.3
1527253171.92	4300	23.41138	0.0	1941625	11	4.3
1527253172.05	4300	27.281493	0.0	2157535	11	4.3
1527253172.21	4300	31.125099	0.0	2290172	13	4.3
1527253172.34	4300	34.99429	0.0	2055469	12	4.3
1527253172.46	4300	38.869633	0.0	2169201	12	4.3
1527253172.59	4300	42.744739	0.0	2173522	12	4.3
1527253172.72	4300	46.61786	0.0	2102452	12	4.3
1527253172.84	4300	50.490039	0.0	2209463	13	4.3
1527253173.0	4300	54.338258	0.0	2275376	25	4.3
1527253173.14	4300	58.196483	0.0	2005399	22	4.3
1527253175.78	4300	59.999145	0.0	2152483	18	4.3
1527253179.93	4300	59.749039	0.0	2289689	15	4.3
1527253183.59	4300	59.999437	0.0	2059512	25	4.3
1527253187.75	4300	59.74935	0.0	2220726	24	4.3
1527253191.41	4300	59.998233	0.0	2156729	25	4.3
1527253195.57	4300	59.9991	0.0	2039773	23	4.3
