1527190996.83	750	4	0.025	2354772	8	-0.10750000000000004
1527190996.93	4300	7.965286	0.0	2123065	18	0.75
1527190997.02	4300	11.876286	0.0	2177073	15	4.3
1527190997.11	4300	15.78771	0.0	2160877	15	4.3
1527190997.2	4300	19.691184	0.0	2233056	17	4.3
1527190997.28	4300	23.619262	0.0	1941625	8	4.3
1527190997.35	4300	27.54367	0.0	2157535	10	4.3
1527190997.43	4300	31.469742	0.0	2290172	9	4.3
1527190997.52	4300	35.372074	0.0	2055469	22	4.3
1527190997.6	4300	39.292326	0.0	2169201	12	4.3
1527190997.67	4300	43.223487	0.0	2173522	7	4.3
1527190997.74	4300	47.154693	0.0	2102452	7	4.3
1527190997.81	4300	51.085027	0.0	2209463	7	4.3
1527190997.89	4300	55.010955	0.0	2275376	7	4.3
1527190997.96	4300	58.937666	0.0	2005399	6	4.3
1527191001.04	4300	59.998144	0.0	2152483	7	4.3
1527191005.64	4300	59.498069	0.0	2289689	19	4.3
1527191009.25	4300	59.748769	0.0	2059512	22	4.3
1527191013.36	4300	59.748748	0.0	2220726	21	4.3
1527191016.96	4300	59.9981	0.0	2156729	21	4.3
1527191021.08	4300	59.998726	0.0	2039773	23	4.3
1527191025.18	4300	59.749572	0.0	2176469	17	4.3
1527191029.29	4300	59.998175	0.0	2221506	18	4.3
1527191033.4	4300	59.749088	0.0	2044075	22	4.3
1527191037.01	4300	59.999234	0.0	2186790	22	4.3
1527191041.12	4300	59.9982	0.0	2105231	25	4.3
1527191045.24	4300	59.749017	0.0	2395588	28	4.3
1527191049.34	4300	59.749411	0.0	1972048	8	4.3
1527191053.44	4300	59.748921	0.0	2134614	17	4.3
1527191057.06	4300	59.843743	0.0	2164140	26	4.3
1527191061.17	4300	59.997592	0.0	2113193	24	4.3
1527191065.33	4300	59.748021	0.0	2147852	22	4.3
1527191068.94	4300	59.998301	0.0	2191074	24	4.3
1527191073.06	4300	59.998674	0.0	2286761	23	4.3
1527191077.17	4300	59.748593	0.0	2307787	21	4.3
1527191081.28	4300	59.749097	0.0	2143948	21	4.3
1527191085.39	4300	59.748001	0.0	1919781	19	4.3
1527191088.98	4300	59.998608	0.0	2147467	15	4.3
1527191093.1	4300	59.997572	0.0	2133870	23	4.3
1527191097.21	4300	59.998607	0.0	2146120	21	4.3
1527191101.32	4300	59.748662	0.0	2108491	21	4.3
1527191105.43	4300	59.497752	0.0	2184571	22	4.3
1527191109.03	4300	59.998656	0.0	2121928	21	4.3
1527191113.15	4300	59.997444	0.0	2219102	25	4.3
1527191117.27	4300	59.636597	0.0	2124950	25	4.3
1527191121.38	4300	59.749215	0.0	2246506	24	4.3
1527191125.49	4300	59.498471	0.0	1961140	22	4.3
1527191129.08	4300	59.998621	0.0	2155012	13	4.3
1527191131.18	4300	59.428481	0.0	1433658	17	4.3

1527191131.48	750	4	0.027	2354772	7	-0.11609999999999998
1527191131.58	4300	7.957892	0.0	2123065	25	0.75
1527191131.68	4300	11.860303	0.0	2177073	24	4.3
1527191131.77	4300	15.774949	0.0	2160877	14	4.3
1527191131.85	4300	19.688194	0.0	2233056	15	4.3
1527191131.92	4300	23.619588	0.0	1941625	7	4.3
1527191131.99	4300	27.548774	0.0	2157535	8	4.3
1527191132.07	4300	31.47553	0.0	2290172	9	4.3
1527191132.16	4300	35.37883	0.0	2055469	23	4.3
1527191132.24	4300	39.299308	0.0	2169201	12	4.3
1527191132.31	4300	43.229566	0.0	2173522	8	4.3
1527191132.38	4300	47.159993	0.0	2102452	7	4.3
1527191132.46	4300	51.078205	0.0	2209463	18	4.3
1527191132.53	4300	55.007979	0.0	2275376	8	4.3
1527191132.6	4300	58.939265	0.0	2005399	7	4.3
1527191136.21	4300	59.498272	0.0	2152483	23	4.3
1527191139.82	4300	59.999009	0.0	2289689	22	4.3
1527191143.95	4300	59.998976	0.0	2059512	23	4.3
1527191148.08	4300	59.499035	0.0	2220726	22	4.3
1527191152.19	4300	59.499269	0.0	2156729	24	4.3
1527191155.8	4300	59.74892	0.0	2039773	22	4.3
1527191159.9	4300	59.749698	0.0	2176469	22	4.3
1527191164.01	4300	59.999186	0.0	2221506	24	4.3
1527191168.12	4300	59.747935	0.0	2044075	22	4.3
1527191171.73	4300	59.998342	0.0	2186790	22	4.3
1527191175.83	4300	59.748672	0.0	2105231	22	4.3
1527191179.95	4300	59.748225	0.0	2395588	26	4.3
1527191184.05	4300	59.497887	0.0	1972048	22	4.3
1527191188.16	4300	59.747588	0.0	2134614	25	4.3
1527191192.27	4300	59.748631	0.0	2164140	25	4.3
1527191195.88	4300	59.998686	0.0	2113193	24	4.3
1527191199.99	4300	59.748378	0.0	2147852	21	4.3
1527191203.6	4300	59.99909	0.0	2191074	22	4.3
1527191207.72	4300	59.998657	0.0	2286761	26	4.3
1527191211.83	4300	59.749452	0.0	2307787	25	4.3
1527191216.04	4300	59.748174	0.0	2143948	23	4.3
1527191220.22	4300	59.489331	0.0	1919781	19	4.3
1527191223.84	4300	59.747673	0.0	2147467	24	4.3
1527191227.97	4300	59.747767	0.0	2133870	24	4.3
1527191231.62	4300	59.998357	0.0	2146120	25	4.3
1527191236.29	4300	59.498011	0.0	2108491	23	4.3
1527191239.9	4300	59.998837	0.0	2184571	24	4.3
1527191244.02	4300	59.748911	0.0	2121928	23	4.3
1527191247.63	4300	59.997991	0.0	2219102	24	4.3
1527191251.74	4300	59.997979	0.0	2124950	19	4.3
1527191255.85	4300	59.749264	0.0	2246506	22	4.3
1527191259.96	4300	59.748683	0.0	1961140	21	4.3
1527191263.57	4300	59.999057	0.0	2155012	22	4.3
1527191265.66	4300	59.678842	0.0	1433658	13	4.3

1527191265.92	750	4	0.026	2354772	8	-0.11180000000000001
1527191266.0	4300	7.978487	0.0	2123065	15	0.75
1527191266.11	4300	11.875527	0.0	2177073	24	4.3
1527191266.2	4300	15.782053	0.0	2160877	24	4.3
1527191266.28	4300	19.701016	0.0	2233056	14	4.3
1527191266.35	4300	23.627733	0.0	1941625	6	4.3
1527191266.42	4300	27.559307	0.0	2157535	7	4.3
1527191266.49	4300	31.490371	0.0	2290172	8	4.3
1527191266.56	4300	35.423339	0.0	2055469	7	4.3
1527191266.66	4300	39.325911	0.0	2169201	22	4.3
1527191266.73	4300	43.246395	0.0	2173522	13	4.3
1527191266.83	4300	47.151664	0.0	2102452	25	4.3
1527191266.92	4300	51.058412	0.0	2209463	27	4.3
1527191267.01	4300	54.974455	0.0	2275376	14	4.3
1527191267.1	4300	58.879912	0.0	2005399	23	4.3
1527191270.21	4300	59.999296	0.0	2152483	22	4.3
1527191274.32	4300	59.748494	0.0	2289689	25	4.3
1527191278.43	4300	59.747644	0.0	2059512	23	4.3
1527191282.55	4300	59.498691	0.0	2220726	26	4.3
1527191286.18	4300	59.998792	0.0	2156729	24	4.3
1527191290.29	4300	59.997832	0.0	2039773	21	4.3
1527191294.39	4300	59.74881	0.0	2176469	15	4.3
1527191298.0	4300	59.998606	0.0	2221506	26	4.3
1527191302.61	4300	59.499572	0.0	2044075	21	4.3
1527191306.72	4300	59.747684	0.0	2186790	24	4.3
1527191310.35	4300	59.999282	0.0	2105231	25	4.3
1527191314.47	4300	59.99912	0.0	2395588	26	4.3
1527191318.08	4300	59.998662	0.0	1972048	20	4.3
1527191322.18	4300	59.999188	0.0	2134614	19	4.3
1527191326.29	4300	59.749562	0.0	2164140	22	4.3
1527191330.41	4300	59.747765	0.0	2113193	22	4.3
1527191334.01	4300	59.999278	0.0	2147852	19	4.3
1527191338.12	4300	59.998522	0.0	2191074	19	4.3
1527191342.73	4300	59.747447	0.0	2286761	20	4.3
1527191346.34	4300	59.747611	0.0	2307787	23	4.3
1527191350.45	4300	59.74913	0.0	2143948	20	4.3
1527191354.06	4300	59.998964	0.0	1919781	22	4.3
1527191358.68	4300	59.498316	0.0	2147467	25	4.3
1527191362.29	4300	59.74857	0.0	2133870	23	4.3
