1527146461.79	750	4	0.026	2354772	9	-0.11180000000000001
1527146461.93	4300	7.966134	0.0	2123065	22	0.75
1527146462.1	4300	11.808096	0.0	2177073	24	4.3
1527146462.34	4300	15.665974	0.0	2160877	14	4.3
1527146462.48	4300	19.435031	0.0	2233056	9	4.3
1527146462.62	4300	23.299424	0.0	1941625	8	4.3
1527146462.89	4300	27.101118	0.0	2157535	19	4.3
1527146463.04	4300	30.857561	0.0	2290172	25	4.3
1527146463.19	4300	34.71067	0.0	2055469	21	4.3
1527146463.37	4300	38.54742	0.0	2169201	21	4.3
1527146463.52	4300	42.387321	0.0	2173522	14	4.3
1527146463.67	4300	46.233464	0.0	2102452	17	4.3
1527146463.82	4300	50.077685	0.0	2209463	25	4.3
1527146463.97	4300	53.929495	0.0	2275376	21	4.3
1527146464.08	4300	57.813698	0.0	2005399	7	4.3
1527146466.25	4300	59.749437	0.0	2152483	25	4.3
1527146470.42	4300	59.49801	0.0	2289689	24	4.3
1527146474.08	4300	59.999125	0.0	2059512	23	4.3
1527146478.24	4300	59.749688	0.0	2220726	25	4.3
1527146481.9	4300	59.99831	0.0	2156729	23	4.3
1527146486.55	4300	59.74809	0.0	2039773	14	4.3
1527146490.2	4300	59.747915	0.0	2176469	18	4.3
1527146494.36	4300	59.748167	0.0	2221506	22	4.3
1527146498.02	4300	59.99886	0.0	2044075	22	4.3
1527146502.18	4300	59.997902	0.0	2186790	24	4.3
1527146506.35	4300	59.998995	0.0	2105231	24	4.3
1527146510.5	4300	59.748683	0.0	2395588	17	4.3
1527146514.16	4300	59.748992	0.0	1972048	21	4.3
1527146518.32	4300	59.749553	0.0	2134614	22	4.3
1527146521.98	4300	59.99793	0.0	2164140	24	4.3
1527146526.15	4300	59.998231	0.0	2113193	23	4.3
1527146530.29	4300	59.998072	0.0	2147852	16	4.3
1527146534.46	4300	59.748317	0.0	2191074	26	4.3
1527146538.11	4300	59.997737	0.0	2286761	14	4.3
1527146542.27	4300	59.998663	0.0	2307787	22	4.3
1527146545.93	4300	59.999235	0.0	2143948	23	4.3
1527146550.59	4300	59.498837	0.0	1919781	23	4.3
1527146554.25	4300	59.997365	0.0	2147467	22	4.3
1527146557.91	4300	59.998569	0.0	2133870	23	4.3
1527146562.07	4300	59.999231	0.0	2146120	22	4.3
1527146566.23	4300	59.748745	0.0	2108491	25	4.3
1527146570.4	4300	59.748343	0.0	2184571	24	4.3
1527146574.56	4300	59.748705	0.0	2121928	20	4.3
1527146578.22	4300	59.748246	0.0	2219102	23	4.3
1527146582.37	4300	59.748944	0.0	2124950	23	4.3
1527146586.01	4300	59.998926	0.0	2246506	20	4.3
1527146590.16	4300	59.998112	0.0	1961140	21	4.3
1527146594.28	4300	59.749042	0.0	2155012	21	4.3
1527146595.89	4300	59.928742	0.0	1433658	14	4.3

1527146596.16	750	4	0.015	668286	3	-0.0645
1527146596.31	4300	7.960766	0.0	2123065	16	0.75
1527146596.45	4300	11.817835	0.0	2177073	22	4.3
1527146596.58	4300	15.690509	0.0	2160877	10	4.3
1527146596.71	4300	19.563691	0.0	2233056	11	4.3
1527146596.83	4300	23.439773	0.0	1941625	12	4.3
1527146596.96	4300	27.30823	0.0	2157535	17	4.3
1527146597.09	4300	31.178614	0.0	2290172	12	4.3
1527146597.22	4300	35.055684	0.0	2055469	11	4.3
1527146597.34	4300	38.930857	0.0	2169201	11	4.3
1527146597.5	4300	42.776025	0.0	2173522	23	4.3
1527146597.65	4300	46.617242	0.0	2102452	14	4.3
1527146597.8	4300	50.472057	0.0	2209463	24	4.3
1527146597.94	4300	54.336273	0.0	2275376	19	4.3
1527146598.09	4300	58.1838	0.0	2005399	22	4.3
1527146600.72	4300	59.998477	0.0	2152483	12	4.3
1527146604.86	4300	59.498132	0.0	2289689	7	4.3
1527146609.01	4300	59.748872	0.0	2059512	23	4.3
1527146612.67	4300	59.998862	0.0	2220726	24	4.3
1527146616.32	4300	59.99931	0.0	2156729	17	4.3
1527146620.48	4300	59.998727	0.0	2039773	21	4.3
1527146624.64	4300	59.749723	0.0	2176469	24	4.3
1527146628.79	4300	59.498774	0.0	2221506	21	4.3
1527146632.95	4300	59.498508	0.0	2044075	21	4.3
1527146636.62	4300	59.747872	0.0	2186790	23	4.3
1527146640.28	4300	59.999204	0.0	2105231	24	4.3
1527146644.94	4300	59.748216	0.0	2395588	26	4.3
1527146648.59	4300	59.749447	0.0	1972048	22	4.3
1527146652.76	4300	59.748013	0.0	2134614	22	4.3
1527146656.92	4300	59.499668	0.0	2164140	24	4.3
1527146660.54	4300	59.997832	0.0	2113193	7	4.3
1527146664.7	4300	59.998498	0.0	2147852	21	4.3
1527146668.36	4300	59.998001	0.0	2191074	23	4.3
1527146672.52	4300	59.99865	0.0	2286761	25	4.3
1527146676.69	4300	59.998705	0.0	2307787	26	4.3
1527146680.85	4300	59.498108	0.0	2143948	19	4.3
1527146684.5	4300	59.999128	0.0	1919781	21	4.3
1527146688.67	4300	59.748659	0.0	2147467	24	4.3
1527146692.33	4300	59.997929	0.0	2133870	25	4.3
1527146696.5	4300	59.998402	0.0	2146120	25	4.3
1527146700.66	4300	59.747775	0.0	2108491	23	4.3
1527146704.32	4300	59.997602	0.0	2184571	21	4.3
1527146708.48	4300	59.998489	0.0	2121928	20	4.3
1527146712.66	4300	59.748991	0.0	2219102	22	4.3
1527146716.82	4300	59.747683	0.0	2124950	20	4.3
1527146720.45	4300	59.998874	0.0	2246506	14	4.3
1527146724.59	4300	59.748697	0.0	1961140	22	4.3
1527146728.71	4300	59.748243	0.0	2155012	17	4.3
1527146730.32	4300	59.679139	0.0	1433658	15	4.3

1527146730.59	750	4	0.014	668286	2	-0.06020000000000003
1527146730.75	4300	7.956212	0.0	2123065	17	0.75
1527146730.87	4300	11.836076	0.0	2177073	9	4.3
1527146730.99	4300	15.71458	0.0	2160877	9	4.3
1527146731.13	4300	19.573749	0.0	2233056	21	4.3
1527146731.26	4300	23.443859	0.0	1941625	14	4.3
1527146731.38	4300	27.323433	0.0	2157535	9	4.3
1527146731.52	4300	31.184421	0.0	2290172	20	4.3
1527146731.64	4300	35.059978	0.0	2055469	11	4.3
1527146731.77	4300	38.930731	0.0	2169201	12	4.3
1527146731.9	4300	42.79989	0.0	2173522	12	4.3
1527146732.03	4300	46.670903	0.0	2102452	11	4.3
1527146732.16	4300	50.542677	0.0	2209463	12	4.3
1527146732.3	4300	54.409075	0.0	2275376	12	4.3
1527146732.45	4300	58.254394	0.0	2005399	24	4.3
1527146735.6	4300	59.248866	0.0	2152483	21	4.3
1527146738.76	4300	59.998953	0.0	2289689	23	4.3
1527146742.93	4300	59.999187	0.0	2059512	23	4.3
1527146747.08	4300	59.749163	0.0	2220726	21	4.3
1527146750.74	4300	59.999217	0.0	2156729	24	4.3
1527146755.4	4300	59.749427	0.0	2039773	23	4.3
1527146759.06	4300	59.998871	0.0	2176469	21	4.3
1527146762.72	4300	59.998582	0.0	2221506	24	4.3
1527146766.87	4300	59.999094	0.0	2044075	22	4.3
1527146771.04	4300	59.748327	0.0	2186790	24	4.3
1527146775.19	4300	59.999035	0.0	2105231	21	4.3
1527146778.84	4300	59.999124	0.0	2395588	16	4.3
1527146782.99	4300	59.749532	0.0	1972048	21	4.3
1527146787.15	4300	59.998669	0.0	2134614	24	4.3
1527146790.81	4300	59.997403	0.0	2164140	20	4.3
1527146795.02	4300	59.997786	0.0	2113193	22	4.3
1527146799.21	4300	59.748599	0.0	2147852	24	4.3
1527146803.4	4300	59.498895	0.0	2191074	25	4.3
1527146807.14	4300	59.748961	0.0	2286761	24	4.3
