1527200203.37	750	4	0.014	450283	2	-0.06020000000000003
1527200203.51	4300	7.947859	0.0	2123065	23	0.75
1527200203.6	4300	11.861571	0.0	2177073	15	4.3
1527200203.67	4300	15.789184	0.0	2160877	8	4.3
1527200203.77	4300	19.691551	0.0	2233056	20	4.3
1527200203.85	4300	23.613164	0.0	1941625	8	4.3
1527200203.92	4300	27.538233	0.0	2157535	10	4.3
1527200204.0	4300	31.459375	0.0	2290172	9	4.3
1527200204.08	4300	35.385377	0.0	2055469	8	4.3
1527200204.17	4300	39.293245	0.0	2169201	18	4.3
1527200204.26	4300	43.204002	0.0	2173522	17	4.3
1527200204.33	4300	47.126816	0.0	2102452	9	4.3
1527200204.41	4300	51.050756	0.0	2209463	9	4.3
1527200204.51	4300	54.951608	0.0	2275376	23	4.3
1527200204.59	4300	58.870638	0.0	2005399	13	4.3
1527200207.7	4300	59.997963	0.0	2152483	19	4.3
1527200211.82	4300	59.748858	0.0	2289689	25	4.3
1527200215.92	4300	59.9986	0.0	2059512	23	4.3
1527200220.04	4300	59.498208	0.0	2220726	26	4.3
1527200223.65	4300	59.997808	0.0	2156729	23	4.3
1527200227.77	4300	59.747576	0.0	2039773	23	4.3
1527200231.89	4300	59.747636	0.0	2176469	24	4.3
1527200236.01	4300	59.748348	0.0	2221506	25	4.3
1527200239.62	4300	59.997792	0.0	2044075	18	4.3
1527200243.73	4300	59.997732	0.0	2186790	25	4.3
1527200247.85	4300	59.747737	0.0	2105231	24	4.3
1527200251.47	4300	59.997447	0.0	2395588	22	4.3
1527200255.59	4300	59.9994	0.0	1972048	21	4.3
1527200259.7	4300	59.997916	0.0	2134614	23	4.3
1527200263.81	4300	59.860161	0.0	2164140	21	4.3
1527200267.92	4300	59.99838	0.0	2113193	23	4.3
1527200271.53	4300	59.997871	0.0	2147852	23	4.3
1527200275.64	4300	59.998437	0.0	2191074	21	4.3
1527200279.74	4300	59.747312	0.0	2286761	20	4.3
1527200283.85	4300	59.748952	0.0	2307787	23	4.3
1527200287.96	4300	59.749014	0.0	2143948	22	4.3
1527200291.57	4300	59.998972	0.0	1919781	20	4.3
1527200295.69	4300	59.998842	0.0	2147467	24	4.3
1527200299.81	4300	59.9977	0.0	2133870	24	4.3
1527200303.92	4300	59.997356	0.0	2146120	24	4.3
1527200307.52	4300	59.999003	0.0	2108491	21	4.3
1527200312.13	4300	59.498237	0.0	2184571	14	4.3
1527200315.73	4300	59.749124	0.0	2121928	17	4.3
1527200319.85	4300	59.997505	0.0	2219102	25	4.3
1527200323.52	4300	59.999062	0.0	2124950	24	4.3
1527200327.62	4300	59.997626	0.0	2246506	18	4.3
1527200332.27	4300	59.248734	0.0	1961140	22	4.3
1527200335.89	4300	59.748202	0.0	2155012	25	4.3
1527200337.49	4300	59.928176	0.0	1433658	16	4.3

1527200337.75	750	4	0.016	668286	4	-0.06879999999999997
1527200337.83	4300	7.980144	0.0	2123065	8	0.75
1527200337.9	4300	11.910633	0.0	2177073	7	4.3
1527200337.97	4300	15.841271	0.0	2160877	8	4.3
1527200338.04	4300	19.771837	0.0	2233056	7	4.3
1527200338.11	4300	23.703601	0.0	1941625	6	4.3
1527200338.18	4300	27.626105	0.0	2157535	7	4.3
1527200338.25	4300	31.554857	0.0	2290172	8	4.3
1527200338.32	4300	35.485701	0.0	2055469	6	4.3
1527200338.39	4300	39.415098	0.0	2169201	8	4.3
1527200338.48	4300	43.32422	0.0	2173522	19	4.3
1527200338.58	4300	47.230493	0.0	2102452	23	4.3
1527200338.66	4300	51.146199	0.0	2209463	14	4.3
1527200338.77	4300	55.042069	0.0	2275376	21	4.3
1527200338.85	4300	58.962408	0.0	2005399	14	4.3
1527200342.43	4300	59.747925	0.0	2152483	8	4.3
1527200346.55	4300	59.498063	0.0	2289689	26	4.3
1527200350.16	4300	59.749422	0.0	2059512	23	4.3
1527200354.26	4300	59.749024	0.0	2220726	20	4.3
1527200357.87	4300	59.998595	0.0	2156729	20	4.3
1527200362.48	4300	59.749181	0.0	2039773	19	4.3
1527200366.09	4300	59.998584	0.0	2176469	25	4.3
1527200370.19	4300	59.749052	0.0	2221506	22	4.3
1527200374.3	4300	59.748694	0.0	2044075	21	4.3
1527200377.91	4300	59.999384	0.0	2186790	23	4.3
1527200382.52	4300	59.49753	0.0	2105231	20	4.3
1527200386.13	4300	59.748183	0.0	2395588	26	4.3
1527200390.23	4300	59.749018	0.0	1972048	20	4.3
1527200394.34	4300	59.497788	0.0	2134614	23	4.3
1527200398.45	4300	59.748658	0.0	2164140	25	4.3
1527200402.06	4300	59.998264	0.0	2113193	22	4.3
1527200406.17	4300	59.748884	0.0	2147852	21	4.3
1527200410.29	4300	59.748193	0.0	2191074	21	4.3
1527200413.94	4300	59.998869	0.0	2286761	26	4.3
1527200418.07	4300	59.748415	0.0	2307787	28	4.3
1527200422.23	4300	59.998373	0.0	2143948	23	4.3
1527200425.91	4300	59.999133	0.0	1919781	14	4.3
1527200430.02	4300	59.998269	0.0	2147467	19	4.3
1527200434.13	4300	59.747533	0.0	2133870	16	4.3
1527200438.25	4300	59.997727	0.0	2146120	25	4.3
1527200442.37	4300	59.498449	0.0	2108491	24	4.3
1527200446.48	4300	59.498218	0.0	2184571	25	4.3
1527200450.09	4300	59.748715	0.0	2121928	24	4.3
1527200454.2	4300	59.748987	0.0	2219102	21	4.3
1527200457.82	4300	59.998343	0.0	2124950	22	4.3
1527200462.44	4300	59.497567	0.0	2246506	25	4.3
1527200466.05	4300	59.998354	0.0	1961140	21	4.3
1527200470.17	4300	59.747417	0.0	2155012	25	4.3
1527200471.77	4300	59.929052	0.0	1433658	16	4.3

1527200472.05	750	4	0.016	668286	4	-0.06879999999999997
1527200472.12	4300	7.97971	0.0	2123065	7	0.75
1527200472.19	4300	11.909724	0.0	2177073	7	4.3
1527200472.26	4300	15.838773	0.0	2160877	7	4.3
1527200472.33	4300	19.767647	0.0	2233056	7	4.3
1527200472.41	4300	23.696291	0.0	1941625	5	4.3
1527200472.48	4300	27.626125	0.0	2157535	8	4.3
1527200472.55	4300	31.554731	0.0	2290172	8	4.3
1527200472.62	4300	35.483656	0.0	2055469	7	4.3
1527200472.69	4300	39.41281	0.0	2169201	8	4.3
1527200472.78	4300	43.323651	0.0	2173522	16	4.3
1527200472.87	4300	47.234977	0.0	2102452	15	4.3
1527200472.96	4300	51.147206	0.0	2209463	15	4.3
1527200473.05	4300	55.057338	0.0	2275376	15	4.3
1527200473.15	4300	58.950279	0.0	2005399	23	4.3
1527200476.25	4300	59.998729	0.0	2152483	17	4.3
1527200480.87	4300	59.248932	0.0	2289689	25	4.3
1527200484.49	4300	59.749013	0.0	2059512	22	4.3
1527200488.6	4300	59.749431	0.0	2220726	25	4.3
1527200492.21	4300	59.999231	0.0	2156729	17	4.3
1527200496.32	4300	59.998583	0.0	2039773	20	4.3
1527200500.44	4300	59.99919	0.0	2176469	18	4.3
1527200504.56	4300	59.749107	0.0	2221506	25	4.3
1527200508.67	4300	59.498311	0.0	2044075	23	4.3
1527200512.78	4300	59.499246	0.0	2186790	24	4.3
1527200516.39	4300	59.998956	0.0	2105231	23	4.3
1527200520.5	4300	59.998302	0.0	2395588	20	4.3
1527200524.12	4300	59.998408	0.0	1972048	22	4.3
1527200528.73	4300	59.747766	0.0	2134614	26	4.3
1527200532.35	4300	59.997777	0.0	2164140	25	4.3
1527200536.46	4300	59.74814	0.0	2113193	20	4.3
1527200540.56	4300	59.997791	0.0	2147852	21	4.3
