1527256725.2	750	4	0.016	450283	2	-0.06879999999999997
1527256725.34	4300	7.954318	0.0	2123065	19	0.75
1527256725.43	4300	11.86743	0.0	2177073	15	4.3
1527256725.52	4300	15.777828	0.0	2160877	15	4.3
1527256725.61	4300	19.686768	0.0	2233056	16	4.3
1527256725.68	4300	23.610661	0.0	1941625	8	4.3
1527256725.76	4300	27.532156	0.0	2157535	10	4.3
1527256725.84	4300	31.452085	0.0	2290172	10	4.3
1527256725.92	4300	35.375293	0.0	2055469	9	4.3
1527256725.99	4300	39.29876	0.0	2169201	10	4.3
1527256726.07	4300	43.221729	0.0	2173522	10	4.3
1527256726.15	4300	47.145522	0.0	2102452	9	4.3
1527256726.22	4300	51.06932	0.0	2209463	10	4.3
1527256726.29	4300	54.999273	0.0	2275376	8	4.3
1527256726.36	4300	58.930021	0.0	2005399	6	4.3
1527256729.46	4300	59.998907	0.0	2152483	9	4.3
1527256733.56	4300	59.748834	0.0	2289689	14	4.3
1527256737.68	4300	59.999065	0.0	2059512	24	4.3
1527256741.89	4300	59.748827	0.0	2220726	27	4.3
1527256745.5	4300	59.998795	0.0	2156729	21	4.3
1527256749.62	4300	59.749131	0.0	2039773	24	4.3
1527256753.73	4300	59.748854	0.0	2176469	26	4.3
1527256757.34	4300	59.999314	0.0	2221506	25	4.3
1527256761.96	4300	59.498059	0.0	2044075	18	4.3
1527256765.56	4300	59.748783	0.0	2186790	21	4.3
1527256769.68	4300	59.998629	0.0	2105231	20	4.3
1527256773.3	4300	59.998745	0.0	2395588	26	4.3
1527256777.41	4300	59.998691	0.0	1972048	20	4.3
1527256781.52	4300	59.998439	0.0	2134614	23	4.3
1527256785.63	4300	59.74896	0.0	2164140	23	4.3
1527256789.74	4300	59.749055	0.0	2113193	20	4.3
1527256793.35	4300	59.99884	0.0	2147852	22	4.3
1527256797.47	4300	59.99758	0.0	2191074	23	4.3
1527256801.59	4300	59.998028	0.0	2286761	24	4.3
1527256805.71	4300	59.748861	0.0	2307787	21	4.3
1527256809.33	4300	59.999174	0.0	2143948	23	4.3
1527256813.93	4300	59.748794	0.0	1919781	21	4.3
1527256817.53	4300	59.998109	0.0	2147467	16	4.3
1527256821.65	4300	59.748609	0.0	2133870	24	4.3
1527256825.76	4300	59.749451	0.0	2146120	24	4.3
1527256829.86	4300	59.498684	0.0	2108491	16	4.3
1527256834.07	4300	59.499085	0.0	2184571	14	4.3
1527256837.69	4300	59.997485	0.0	2121928	22	4.3
1527256841.31	4300	59.997346	0.0	2219102	26	4.3
1527256845.42	4300	59.998173	0.0	2124950	23	4.3
1527256849.54	4300	59.998011	0.0	2246506	22	4.3
1527256853.65	4300	59.999132	0.0	1961140	22	4.3
1527256857.76	4300	59.747714	0.0	2155012	14	4.3
1527256859.35	4300	59.679034	0.0	1433658	8	4.3

1527256859.62	750	4	0.018	668286	3	-0.07740000000000002
1527256859.7	4300	7.980006	0.0	2123065	8	0.75
1527256859.79	4300	11.891415	0.0	2177073	18	4.3
1527256859.89	4300	15.797194	0.0	2160877	21	4.3
1527256859.97	4300	19.713959	0.0	2233056	12	4.3
1527256860.05	4300	23.634292	0.0	1941625	11	4.3
1527256860.18	4300	27.501842	0.0	2157535	15	4.3
1527256860.27	4300	31.416785	0.0	2290172	12	4.3
1527256860.34	4300	35.341044	0.0	2055469	11	4.3
1527256860.42	4300	39.260846	0.0	2169201	12	4.3
1527256860.5	4300	43.179683	0.0	2173522	12	4.3
1527256860.58	4300	47.100177	0.0	2102452	11	4.3
1527256860.66	4300	51.019763	0.0	2209463	12	4.3
1527256860.74	4300	54.937955	0.0	2275376	13	4.3
1527256860.83	4300	58.86022	0.0	2005399	12	4.3
1527256863.92	4300	59.998807	0.0	2152483	12	4.3
1527256868.04	4300	59.749423	0.0	2289689	26	4.3
1527256872.14	4300	59.748078	0.0	2059512	23	4.3
1527256876.26	4300	59.498338	0.0	2220726	24	4.3
1527256879.87	4300	59.997724	0.0	2156729	25	4.3
1527256883.99	4300	59.998793	0.0	2039773	22	4.3
1527256888.1	4300	59.998512	0.0	2176469	25	4.3
1527256891.72	4300	59.998263	0.0	2221506	25	4.3
1527256895.89	4300	59.998229	0.0	2044075	18	4.3
1527256900.01	4300	59.748671	0.0	2186790	23	4.3
1527256904.12	4300	59.998012	0.0	2105231	26	4.3
1527256907.74	4300	59.998043	0.0	2395588	27	4.3
1527256911.85	4300	59.998284	0.0	1972048	19	4.3
1527256915.97	4300	59.997674	0.0	2134614	24	4.3
1527256920.08	4300	59.732076	0.0	2164140	25	4.3
1527256924.22	4300	59.998696	0.0	2113193	14	4.3
1527256928.33	4300	59.748503	0.0	2147852	25	4.3
1527256931.95	4300	59.998362	0.0	2191074	25	4.3
1527256936.05	4300	59.747669	0.0	2286761	21	4.3
1527256940.16	4300	59.748071	0.0	2307787	18	4.3
1527256944.27	4300	59.749086	0.0	2143948	23	4.3
1527256947.88	4300	59.998271	0.0	1919781	20	4.3
1527256951.99	4300	59.998117	0.0	2147467	18	4.3
1527256956.09	4300	59.749194	0.0	2133870	18	4.3
1527256959.7	4300	59.998564	0.0	2146120	21	4.3
1527256963.82	4300	59.999095	0.0	2108491	23	4.3
1527256967.94	4300	59.74782	0.0	2184571	21	4.3
1527256972.05	4300	59.748497	0.0	2121928	21	4.3
1527256976.16	4300	59.747961	0.0	2219102	25	4.3
1527256980.27	4300	59.474872	0.0	2124950	22	4.3
1527256984.38	4300	59.497595	0.0	2246506	21	4.3
1527256987.98	4300	59.997705	0.0	1961140	21	4.3
1527256992.1	4300	59.74796	0.0	2155012	21	4.3
1527256993.71	4300	59.678544	0.0	1433658	18	4.3

1527256994.0	750	4	0.019	668286	5	-0.0817
1527256994.08	4300	7.981512	0.0	2123065	7	0.75
1527256994.17	4300	11.894365	0.0	2177073	16	4.3
1527256994.24	4300	15.815457	0.0	2160877	11	4.3
1527256994.32	4300	19.741182	0.0	2233056	9	4.3
1527256994.39	4300	23.670078	0.0	1941625	7	4.3
1527256994.46	4300	27.598432	0.0	2157535	7	4.3
1527256994.53	4300	31.526636	0.0	2290172	7	4.3
1527256994.6	4300	35.457318	0.0	2055469	6	4.3
1527256994.7	4300	39.361853	0.0	2169201	18	4.3
1527256994.79	4300	43.269449	0.0	2173522	11	4.3
1527256994.87	4300	47.188072	0.0	2102452	11	4.3
1527256994.95	4300	51.116123	0.0	2209463	8	4.3
1527256995.03	4300	55.030361	0.0	2275376	15	4.3
1527256995.12	4300	58.937558	0.0	2005399	23	4.3
1527256998.71	4300	59.49793	0.0	2152483	9	4.3
1527257002.32	4300	59.999095	0.0	2289689	24	4.3
1527257006.49	4300	59.749591	0.0	2059512	20	4.3
1527257010.6	4300	59.74878	0.0	2220726	22	4.3
1527257014.21	4300	59.998703	0.0	2156729	21	4.3
1527257018.32	4300	59.998874	0.0	2039773	18	4.3
1527257022.43	4300	59.749212	0.0	2176469	21	4.3
1527257026.55	4300	59.99865	0.0	2221506	24	4.3
1527257030.67	4300	59.7487	0.0	2044075	23	4.3
1527257034.28	4300	59.998166	0.0	2186790	24	4.3
1527257038.39	4300	59.749077	0.0	2105231	18	4.3
1527257042.49	4300	59.748643	0.0	2395588	22	4.3
1527257046.61	4300	59.498544	0.0	1972048	21	4.3
1527257050.72	4300	59.498734	0.0	2134614	21	4.3
1527257054.33	4300	59.998651	0.0	2164140	19	4.3
1527257058.44	4300	59.748799	0.0	2113193	24	4.3
1527257062.56	4300	59.74901	0.0	2147852	23	4.3
