1527134482.54	750	4	0.027	2354772	8	-0.11609999999999998
1527134482.67	4300	7.962117	0.0	2123065	24	0.75
1527134482.77	4300	11.864701	0.0	2177073	20	4.3
1527134482.86	4300	15.775614	0.0	2160877	14	4.3
1527134482.96	4300	19.675806	0.0	2233056	17	4.3
1527134483.04	4300	23.590916	0.0	1941625	14	4.3
1527134483.12	4300	27.513319	0.0	2157535	8	4.3
1527134483.21	4300	31.424141	0.0	2290172	16	4.3
1527134483.31	4300	35.327166	0.0	2055469	19	4.3
1527134483.38	4300	39.245961	0.0	2169201	13	4.3
1527134483.48	4300	43.153197	0.0	2173522	24	4.3
1527134483.56	4300	47.069217	0.0	2102452	13	4.3
1527134483.64	4300	50.996434	0.0	2209463	7	4.3
1527134483.73	4300	54.9011	0.0	2275376	16	4.3
1527134483.82	4300	58.815802	0.0	2005399	8	4.3
1527134486.91	4300	59.749173	0.0	2152483	11	4.3
1527134491.1	4300	59.748371	0.0	2289689	25	4.3
1527134494.7	4300	59.998781	0.0	2059512	15	4.3
1527134498.81	4300	59.998344	0.0	2220726	25	4.3
1527134502.92	4300	59.748342	0.0	2156729	22	4.3
1527134507.03	4300	59.74777	0.0	2039773	18	4.3
1527134511.14	4300	59.747799	0.0	2176469	24	4.3
1527134515.24	4300	59.499011	0.0	2221506	23	4.3
1527134518.84	4300	59.999267	0.0	2044075	14	4.3
1527134522.96	4300	59.997816	0.0	2186790	23	4.3
1527134527.07	4300	59.997681	0.0	2105231	22	4.3
1527134531.2	4300	59.749024	0.0	2395588	27	4.3
1527134534.79	4300	59.998828	0.0	1972048	10	4.3
1527134538.91	4300	59.999092	0.0	2134614	24	4.3
1527134543.03	4300	59.776987	0.0	2164140	23	4.3
1527134547.14	4300	59.498598	0.0	2113193	22	4.3
1527134550.74	4300	59.99869	0.0	2147852	23	4.3
1527134554.86	4300	59.997435	0.0	2191074	24	4.3
1527134558.98	4300	59.747483	0.0	2286761	25	4.3
1527134563.09	4300	59.998956	0.0	2307787	26	4.3
1527134567.19	4300	59.498796	0.0	2143948	13	4.3
1527134570.81	4300	59.998013	0.0	1919781	20	4.3
1527134574.92	4300	59.74797	0.0	2147467	22	4.3
1527134579.03	4300	59.74888	0.0	2133870	19	4.3
1527134582.64	4300	59.998162	0.0	2146120	23	4.3
1527134586.74	4300	59.998923	0.0	2108491	19	4.3
1527134590.85	4300	59.998002	0.0	2184571	19	4.3
1527134595.04	4300	59.748609	0.0	2121928	14	4.3
1527134598.68	4300	59.999261	0.0	2219102	21	4.3
1527134602.85	4300	59.999029	0.0	2124950	19	4.3
1527134606.96	4300	59.998186	0.0	2246506	21	4.3
1527134611.06	4300	59.998665	0.0	1961140	19	4.3
1527134614.68	4300	59.9982	0.0	2155012	25	4.3
1527134616.77	4300	59.678448	0.0	1433658	17	4.3

1527134617.16	750	4	0.015	668286	2	-0.0645
1527134617.23	4300	7.982281	0.0	2123065	7	0.75
1527134617.33	4300	11.891654	0.0	2177073	17	4.3
1527134617.42	4300	15.796821	0.0	2160877	16	4.3
1527134617.5	4300	19.717412	0.0	2233056	9	4.3
1527134617.57	4300	23.64463	0.0	1941625	9	4.3
1527134617.65	4300	27.566045	0.0	2157535	12	4.3
1527134617.73	4300	31.487074	0.0	2290172	9	4.3
1527134617.8	4300	35.412119	0.0	2055469	10	4.3
1527134617.88	4300	39.33689	0.0	2169201	10	4.3
1527134617.96	4300	43.262616	0.0	2173522	9	4.3
1527134618.03	4300	47.185667	0.0	2102452	9	4.3
1527134618.11	4300	51.108108	0.0	2209463	10	4.3
1527134618.18	4300	55.03108	0.0	2275376	11	4.3
1527134618.26	4300	58.955479	0.0	2005399	9	4.3
1527134621.34	4300	59.999156	0.0	2152483	10	4.3
1527134625.94	4300	59.498334	0.0	2289689	16	4.3
1527134629.55	4300	59.74884	0.0	2059512	23	4.3
1527134633.66	4300	59.748632	0.0	2220726	21	4.3
1527134637.77	4300	59.499503	0.0	2156729	24	4.3
1527134641.37	4300	59.998497	0.0	2039773	22	4.3
1527134645.48	4300	59.748376	0.0	2176469	22	4.3
1527134649.59	4300	59.998769	0.0	2221506	22	4.3
1527134653.7	4300	59.998879	0.0	2044075	21	4.3
1527134657.8	4300	59.497888	0.0	2186790	25	4.3
1527134661.42	4300	59.998841	0.0	2105231	22	4.3
1527134665.52	4300	59.748118	0.0	2395588	21	4.3
1527134669.63	4300	59.998224	0.0	1972048	20	4.3
1527134673.74	4300	59.748139	0.0	2134614	22	4.3
1527134677.35	4300	59.998098	0.0	2164140	23	4.3
1527134681.47	4300	59.999392	0.0	2113193	22	4.3
1527134685.59	4300	59.74784	0.0	2147852	23	4.3
1527134689.7	4300	59.99865	0.0	2191074	24	4.3
1527134693.81	4300	59.498658	0.0	2286761	22	4.3
1527134697.42	4300	59.999155	0.0	2307787	22	4.3
1527134701.53	4300	59.748969	0.0	2143948	19	4.3
1527134705.69	4300	59.999096	0.0	1919781	18	4.3
1527134709.3	4300	59.999393	0.0	2147467	24	4.3
1527134713.91	4300	59.498738	0.0	2133870	18	4.3
1527134717.52	4300	59.998201	0.0	2146120	19	4.3
1527134721.63	4300	59.74812	0.0	2108491	18	4.3
1527134725.74	4300	59.498875	0.0	2184571	21	4.3
1527134729.84	4300	59.748105	0.0	2121928	20	4.3
