1527147441.98	750	4	0.018	450283	3	-0.07740000000000002
1527147442.13	4300	7.951781	0.0	2123065	14	0.75
1527147442.23	4300	11.850519	0.0	2177073	23	4.3
1527147442.32	4300	15.764699	0.0	2160877	17	4.3
1527147442.41	4300	19.669047	0.0	2233056	23	4.3
1527147442.55	4300	23.592463	0.0	1941625	10	4.3
1527147442.63	4300	27.451033	0.0	2157535	10	4.3
1527147442.71	4300	31.369658	0.0	2290172	11	4.3
1527147442.79	4300	35.293376	0.0	2055469	10	4.3
1527147442.86	4300	39.223111	0.0	2169201	7	4.3
1527147442.93	4300	43.151781	0.0	2173522	8	4.3
1527147443.0	4300	47.083055	0.0	2102452	7	4.3
1527147443.07	4300	51.013757	0.0	2209463	8	4.3
1527147443.14	4300	54.943881	0.0	2275376	7	4.3
1527147443.21	4300	58.873073	0.0	2005399	7	4.3
1527147446.3	4300	59.999189	0.0	2152483	7	4.3
1527147450.41	4300	59.999191	0.0	2289689	24	4.3
1527147454.52	4300	59.998279	0.0	2059512	22	4.3
1527147458.63	4300	59.499137	0.0	2220726	26	4.3
1527147462.75	4300	59.749502	0.0	2156729	25	4.3
1527147466.35	4300	59.998406	0.0	2039773	20	4.3
1527147470.46	4300	59.748089	0.0	2176469	20	4.3
1527147474.57	4300	59.748588	0.0	2221506	20	4.3
1527147478.67	4300	59.749334	0.0	2044075	21	4.3
1527147482.28	4300	59.998584	0.0	2186790	23	4.3
1527147486.51	4300	59.748427	0.0	2105231	14	4.3
1527147490.62	4300	59.74933	0.0	2395588	23	4.3
1527147494.22	4300	59.99813	0.0	1972048	20	4.3
1527147498.33	4300	59.998484	0.0	2134614	19	4.3
1527147502.44	4300	59.671934	0.0	2164140	20	4.3
1527147506.52	4300	59.998258	0.0	2113193	6	4.3
1527147510.64	4300	59.498925	0.0	2147852	21	4.3
1527147514.76	4300	59.49946	0.0	2191074	23	4.3
1527147518.37	4300	59.749433	0.0	2286761	26	4.3
1527147522.49	4300	59.998422	0.0	2307787	20	4.3
1527147526.62	4300	59.49891	0.0	2143948	23	4.3
1527147530.73	4300	59.749251	0.0	1919781	19	4.3
1527147534.82	4300	59.748735	0.0	2147467	14	4.3
1527147538.44	4300	59.749133	0.0	2133870	23	4.3
1527147542.55	4300	59.998835	0.0	2146120	22	4.3
1527147546.66	4300	59.49869	0.0	2108491	22	4.3
1527147550.77	4300	59.748193	0.0	2184571	19	4.3
1527147554.38	4300	59.747887	0.0	2121928	20	4.3
1527147558.49	4300	59.998439	0.0	2219102	24	4.3
1527147562.11	4300	59.997881	0.0	2124950	23	4.3
1527147566.33	4300	59.997964	0.0	2246506	22	4.3
1527147570.5	4300	59.74905	0.0	1961140	22	4.3
1527147574.61	4300	59.49811	0.0	2155012	26	4.3
1527147576.21	4300	59.927523	0.0	1433658	16	4.3

1527147576.57	750	4	0.018	668286	3	-0.07740000000000002
1527147576.68	4300	7.954296	0.0	2123065	15	0.75
1527147576.76	4300	11.878528	0.0	2177073	8	4.3
1527147576.84	4300	15.791091	0.0	2160877	17	4.3
1527147576.92	4300	19.713353	0.0	2233056	9	4.3
1527147577.0	4300	23.634016	0.0	1941625	13	4.3
1527147577.08	4300	27.556852	0.0	2157535	10	4.3
1527147577.16	4300	31.474776	0.0	2290172	10	4.3
1527147577.23	4300	35.404463	0.0	2055469	7	4.3
1527147577.3	4300	39.334709	0.0	2169201	7	4.3
1527147577.37	4300	43.263957	0.0	2173522	6	4.3
1527147577.44	4300	47.193283	0.0	2102452	7	4.3
1527147577.51	4300	51.122416	0.0	2209463	8	4.3
1527147577.58	4300	55.051232	0.0	2275376	8	4.3
1527147577.65	4300	58.98273	0.0	2005399	7	4.3
1527147580.75	4300	59.998034	0.0	2152483	17	4.3
1527147585.35	4300	59.498118	0.0	2289689	16	4.3
1527147588.96	4300	59.747922	0.0	2059512	24	4.3
1527147593.08	4300	59.998264	0.0	2220726	21	4.3
1527147597.19	4300	59.498992	0.0	2156729	20	4.3
1527147600.8	4300	59.998567	0.0	2039773	23	4.3
1527147604.92	4300	59.999196	0.0	2176469	24	4.3
1527147609.03	4300	59.747936	0.0	2221506	23	4.3
1527147613.14	4300	59.748505	0.0	2044075	22	4.3
1527147616.75	4300	59.999338	0.0	2186790	25	4.3
1527147620.87	4300	59.998268	0.0	2105231	24	4.3
1527147624.98	4300	59.749483	0.0	2395588	27	4.3
1527147629.07	4300	59.748386	0.0	1972048	8	4.3
1527147633.19	4300	59.497959	0.0	2134614	23	4.3
1527147637.3	4300	59.749226	0.0	2164140	21	4.3
1527147640.92	4300	59.749207	0.0	2113193	24	4.3
1527147645.03	4300	59.749156	0.0	2147852	23	4.3
1527147648.64	4300	59.998817	0.0	2191074	23	4.3
1527147652.78	4300	59.998467	0.0	2286761	25	4.3
1527147656.94	4300	59.747705	0.0	2307787	25	4.3
1527147661.05	4300	59.749367	0.0	2143948	23	4.3
1527147665.16	4300	59.497799	0.0	1919781	20	4.3
1527147668.77	4300	59.999433	0.0	2147467	22	4.3
1527147672.89	4300	59.999005	0.0	2133870	24	4.3
1527147677.0	4300	59.747949	0.0	2146120	25	4.3
1527147681.12	4300	59.7482	0.0	2108491	24	4.3
1527147685.23	4300	59.498498	0.0	2184571	22	4.3
1527147689.34	4300	59.497695	0.0	2121928	24	4.3
1527147692.95	4300	59.748912	0.0	2219102	23	4.3
1527147697.07	4300	59.997571	0.0	2124950	24	4.3
1527147701.19	4300	59.498417	0.0	2246506	25	4.3
1527147705.3	4300	59.498949	0.0	1961140	21	4.3
1527147708.9	4300	59.748312	0.0	2155012	23	4.3
1527147710.5	4300	59.928236	0.0	1433658	17	4.3

1527147710.79	750	4	0.018	668286	2	-0.07740000000000002
1527147710.87	4300	7.980377	0.0	2123065	6	0.75
1527147710.97	4300	11.877444	0.0	2177073	22	4.3
1527147711.07	4300	15.782307	0.0	2160877	25	4.3
1527147711.17	4300	19.685963	0.0	2233056	23	4.3
1527147711.25	4300	23.5986	0.0	1941625	11	4.3
1527147711.33	4300	27.512823	0.0	2157535	12	4.3
1527147711.42	4300	31.427768	0.0	2290172	14	4.3
1527147711.49	4300	35.356008	0.0	2055469	7	4.3
1527147711.57	4300	39.283501	0.0	2169201	8	4.3
1527147711.64	4300	43.210158	0.0	2173522	8	4.3
1527147711.73	4300	47.122211	0.0	2102452	17	4.3
1527147711.81	4300	51.04122	0.0	2209463	12	4.3
1527147711.89	4300	54.951782	0.0	2275376	13	4.3
1527147711.98	4300	58.869438	0.0	2005399	10	4.3
1527147715.56	4300	59.74859	0.0	2152483	6	4.3
1527147719.17	4300	59.998522	0.0	2289689	23	4.3
1527147723.28	4300	59.749384	0.0	2059512	18	4.3
1527147726.89	4300	59.998358	0.0	2220726	21	4.3
1527147731.0	4300	59.9983	0.0	2156729	22	4.3
1527147735.12	4300	59.748785	0.0	2039773	22	4.3
1527147739.23	4300	59.747989	0.0	2176469	23	4.3
1527147743.34	4300	59.748584	0.0	2221506	23	4.3
1527147746.95	4300	59.999185	0.0	2044075	23	4.3
1527147751.57	4300	59.747556	0.0	2186790	25	4.3
1527147755.19	4300	59.748047	0.0	2105231	22	4.3
1527147759.3	4300	59.747705	0.0	2395588	25	4.3
1527147762.92	4300	59.99876	0.0	1972048	21	4.3
1527147767.04	4300	59.998523	0.0	2134614	25	4.3
1527147771.15	4300	59.748872	0.0	2164140	24	4.3
