1527261586.87	750	4	0.027	2354772	8	-0.11609999999999998
1527261587.04	4300	7.961575	0.0	2123065	24	0.75
1527261587.19	4300	11.809476	0.0	2177073	23	4.3
1527261587.34	4300	15.660764	0.0	2160877	23	4.3
1527261587.49	4300	19.510617	0.0	2233056	25	4.3
1527261587.63	4300	23.377265	0.0	1941625	12	4.3
1527261587.77	4300	27.236427	0.0	2157535	19	4.3
1527261587.89	4300	31.107934	0.0	2290172	13	4.3
1527261588.04	4300	34.965533	0.0	2055469	20	4.3
1527261588.17	4300	38.82803	0.0	2169201	16	4.3
1527261588.31	4300	42.695803	0.0	2173522	14	4.3
1527261588.44	4300	46.562674	0.0	2102452	15	4.3
1527261588.57	4300	50.42967	0.0	2209463	15	4.3
1527261588.71	4300	54.287503	0.0	2275376	15	4.3
1527261588.85	4300	58.149101	0.0	2005399	12	4.3
1527261591.5	4300	59.748343	0.0	2152483	20	4.3
1527261595.16	4300	59.998232	0.0	2289689	18	4.3
1527261599.31	4300	59.749119	0.0	2059512	20	4.3
1527261603.51	4300	59.998617	0.0	2220726	25	4.3
1527261607.21	4300	59.998073	0.0	2156729	23	4.3
1527261611.45	4300	59.749683	0.0	2039773	26	4.3
1527261615.12	4300	59.998189	0.0	2176469	25	4.3
1527261619.28	4300	59.998826	0.0	2221506	25	4.3
1527261623.47	4300	59.74809	0.0	2044075	23	4.3
1527261627.63	4300	59.499018	0.0	2186790	22	4.3
1527261631.29	4300	59.748748	0.0	2105231	24	4.3
1527261635.45	4300	59.999249	0.0	2395588	27	4.3
1527261639.11	4300	59.998055	0.0	1972048	22	4.3
1527261643.27	4300	59.748714	0.0	2134614	19	4.3
1527261647.43	4300	59.748013	0.0	2164140	24	4.3
1527261651.07	4300	59.999321	0.0	2113193	16	4.3
1527261655.23	4300	59.998067	0.0	2147852	22	4.3
1527261659.39	4300	59.998553	0.0	2191074	24	4.3
1527261663.05	4300	59.997815	0.0	2286761	26	4.3
1527261667.22	4300	59.997778	0.0	2307787	25	4.3
1527261671.38	4300	59.747658	0.0	2143948	25	4.3
1527261675.04	4300	59.998273	0.0	1919781	19	4.3
1527261679.2	4300	59.998282	0.0	2147467	26	4.3
1527261683.35	4300	59.747497	0.0	2133870	18	4.3
1527261687.51	4300	59.749321	0.0	2146120	22	4.3
1527261691.73	4300	59.498388	0.0	2108491	25	4.3
1527261695.4	4300	59.997911	0.0	2184571	22	4.3
1527261699.06	4300	59.998471	0.0	2121928	24	4.3
1527261703.22	4300	59.998555	0.0	2219102	23	4.3
1527261707.39	4300	59.998685	0.0	2124950	24	4.3
1527261711.04	4300	59.998492	0.0	2246506	24	4.3
1527261715.72	4300	59.74873	0.0	1961140	18	4.3
1527261719.34	4300	59.748758	0.0	2155012	14	4.3
1527261720.95	4300	59.927389	0.0	1433658	17	4.3

1527261721.21	750	4	0.015	668286	3	-0.0645
1527261721.37	4300	7.955199	0.0	2123065	15	0.75
1527261721.51	4300	11.815239	0.0	2177073	20	4.3
1527261721.65	4300	15.668316	0.0	2160877	22	4.3
1527261721.78	4300	19.542546	0.0	2233056	12	4.3
1527261721.9	4300	23.420289	0.0	1941625	10	4.3
1527261722.04	4300	27.278052	0.0	2157535	24	4.3
1527261722.19	4300	31.127035	0.0	2290172	27	4.3
1527261722.33	4300	34.98997	0.0	2055469	14	4.3
1527261722.46	4300	38.864266	0.0	2169201	9	4.3
1527261722.58	4300	42.74379	0.0	2173522	10	4.3
1527261722.69	4300	46.625206	0.0	2102452	8	4.3
1527261722.87	4300	50.504446	0.0	2209463	9	4.3
1527261722.99	4300	54.331633	0.0	2275376	10	4.3
1527261723.13	4300	58.191984	0.0	2005399	21	4.3
1527261726.28	4300	59.248977	0.0	2152483	19	4.3
1527261729.94	4300	59.49888	0.0	2289689	24	4.3
1527261734.11	4300	59.499653	0.0	2059512	24	4.3
1527261737.76	4300	59.999392	0.0	2220726	25	4.3
1527261741.92	4300	59.499678	0.0	2156729	23	4.3
1527261745.58	4300	59.749352	0.0	2039773	15	4.3
1527261749.72	4300	59.749689	0.0	2176469	20	4.3
1527261753.88	4300	59.748383	0.0	2221506	18	4.3
1527261757.53	4300	59.99905	0.0	2044075	23	4.3
1527261761.69	4300	59.7489	0.0	2186790	26	4.3
1527261765.85	4300	59.748142	0.0	2105231	19	4.3
1527261769.51	4300	59.999311	0.0	2395588	25	4.3
1527261773.66	4300	59.748739	0.0	1972048	23	4.3
1527261777.34	4300	59.99908	0.0	2134614	24	4.3
1527261782.0	4300	59.747888	0.0	2164140	24	4.3
1527261785.65	4300	59.748539	0.0	2113193	23	4.3
1527261789.8	4300	59.749132	0.0	2147852	24	4.3
1527261793.47	4300	59.999431	0.0	2191074	24	4.3
1527261797.63	4300	59.997923	0.0	2286761	25	4.3
1527261801.79	4300	59.998861	0.0	2307787	21	4.3
1527261805.44	4300	59.998929	0.0	2143948	24	4.3
1527261809.6	4300	59.748508	0.0	1919781	22	4.3
1527261813.75	4300	59.748914	0.0	2147467	21	4.3
1527261817.41	4300	59.999489	0.0	2133870	24	4.3
1527261821.57	4300	59.999081	0.0	2146120	23	4.3
1527261825.72	4300	59.74925	0.0	2108491	17	4.3
1527261829.38	4300	59.998586	0.0	2184571	27	4.3
1527261833.54	4300	59.99876	0.0	2121928	23	4.3
1527261837.7	4300	59.998482	0.0	2219102	21	4.3
1527261841.36	4300	59.998819	0.0	2124950	23	4.3
1527261846.01	4300	59.499098	0.0	2246506	16	4.3
1527261849.64	4300	59.748198	0.0	1961140	19	4.3
1527261853.75	4300	59.998882	0.0	2155012	12	4.3
1527261855.35	4300	59.679183	0.0	1433658	9	4.3

1527261855.7	750	4	0.017	668286	3	-0.07309999999999994
1527261855.86	4300	7.953121	0.0	2123065	11	0.75
1527261856.0	4300	11.811101	0.0	2177073	19	4.3
1527261856.13	4300	15.681475	0.0	2160877	11	4.3
1527261856.26	4300	19.554666	0.0	2233056	12	4.3
1527261856.38	4300	23.431909	0.0	1941625	11	4.3
1527261856.5	4300	27.3157	0.0	2157535	8	4.3
1527261856.61	4300	31.199237	0.0	2290172	8	4.3
1527261856.75	4300	35.065288	0.0	2055469	17	4.3
1527261856.88	4300	38.928574	0.0	2169201	18	4.3
1527261857.01	4300	42.806309	0.0	2173522	11	4.3
1527261857.13	4300	46.684722	0.0	2102452	9	4.3
1527261857.28	4300	50.53317	0.0	2209463	25	4.3
1527261857.43	4300	54.389996	0.0	2275376	26	4.3
1527261857.55	4300	58.260985	0.0	2005399	12	4.3
1527261860.25	4300	59.748634	0.0	2152483	9	4.3
1527261863.91	4300	59.999136	0.0	2289689	24	4.3
1527261868.07	4300	59.749089	0.0	2059512	22	4.3
1527261872.22	4300	59.7491	0.0	2220726	19	4.3
1527261875.88	4300	59.998956	0.0	2156729	24	4.3
1527261880.55	4300	59.748824	0.0	2039773	23	4.3
1527261884.2	4300	59.750029	0.0	2176469	21	4.3
1527261888.61	4300	59.499356	0.0	2221506	25	4.3
1527261892.27	4300	59.749812	0.0	2044075	24	4.3
