1527290126.51	750	4	0.03	2354772	9	-0.129
1527290126.64	4300	7.965592	0.0	2123065	21	0.75
1527290126.74	4300	11.856902	0.0	2177073	26	4.3
1527290126.83	4300	15.769287	0.0	2160877	16	4.3
1527290126.9	4300	19.698155	0.0	2233056	7	4.3
1527290126.98	4300	23.621391	0.0	1941625	8	4.3
1527290127.05	4300	27.545998	0.0	2157535	9	4.3
1527290127.13	4300	31.471213	0.0	2290172	10	4.3
1527290127.2	4300	35.396795	0.0	2055469	9	4.3
1527290127.28	4300	39.322305	0.0	2169201	9	4.3
1527290127.35	4300	43.244968	0.0	2173522	8	4.3
1527290127.44	4300	47.171322	0.0	2102452	10	4.3
1527290127.51	4300	51.089132	0.0	2209463	10	4.3
1527290127.61	4300	55.008157	0.0	2275376	10	4.3
1527290127.71	4300	58.886128	0.0	2005399	6	4.3
1527290130.81	4300	59.998194	0.0	2152483	10	4.3
1527290134.93	4300	59.748805	0.0	2289689	25	4.3
1527290139.04	4300	59.74759	0.0	2059512	21	4.3
1527290142.65	4300	59.99922	0.0	2220726	24	4.3
1527290147.01	4300	59.998049	0.0	2156729	18	4.3
1527290151.13	4300	59.748987	0.0	2039773	22	4.3
1527290155.24	4300	59.749056	0.0	2176469	24	4.3
1527290158.85	4300	59.999309	0.0	2221506	23	4.3
1527290162.96	4300	59.998619	0.0	2044075	19	4.3
1527290167.05	4300	59.99768	0.0	2186790	11	4.3
1527290171.17	4300	59.749229	0.0	2105231	23	4.3
1527290175.28	4300	59.498471	0.0	2395588	26	4.3
1527290178.89	4300	59.748776	0.0	1972048	23	4.3
1527290183.0	4300	59.749576	0.0	2134614	18	4.3
1527290186.66	4300	59.998375	0.0	2164140	21	4.3
1527290191.27	4300	59.748367	0.0	2113193	23	4.3
1527290194.89	4300	59.748745	0.0	2147852	21	4.3
1527290199.01	4300	59.99866	0.0	2191074	25	4.3
1527290202.63	4300	59.998703	0.0	2286761	26	4.3
1527290207.23	4300	59.748329	0.0	2307787	20	4.3
1527290211.35	4300	59.4985	0.0	2143948	24	4.3
1527290214.98	4300	59.748685	0.0	1919781	22	4.3
1527290219.09	4300	59.74823	0.0	2147467	22	4.3
1527290222.7	4300	59.997892	0.0	2133870	23	4.3
1527290226.79	4300	59.999329	0.0	2146120	14	4.3
1527290230.9	4300	59.749011	0.0	2108491	26	4.3
1527290235.02	4300	59.998896	0.0	2184571	24	4.3
1527290239.13	4300	59.497653	0.0	2121928	22	4.3
1527290243.24	4300	59.49874	0.0	2219102	23	4.3
1527290247.35	4300	59.373328	0.0	2124950	21	4.3
1527290250.96	4300	59.998634	0.0	2246506	23	4.3
1527290255.06	4300	59.749229	0.0	1961140	17	4.3
1527290258.67	4300	59.998921	0.0	2155012	22	4.3
1527290260.77	4300	59.677742	0.0	1433658	17	4.3

1527290261.09	750	4	0.018	668286	4	-0.07740000000000002
1527290261.2	4300	7.95281	0.0	2123065	15	0.75
1527290261.28	4300	11.875966	0.0	2177073	9	4.3
1527290261.36	4300	15.800447	0.0	2160877	10	4.3
1527290261.46	4300	19.700119	0.0	2233056	21	4.3
1527290261.54	4300	23.621224	0.0	1941625	10	4.3
1527290261.63	4300	27.522474	0.0	2157535	23	4.3
1527290261.72	4300	31.437838	0.0	2290172	13	4.3
1527290261.81	4300	35.345434	0.0	2055469	20	4.3
1527290261.91	4300	39.242504	0.0	2169201	21	4.3
1527290262.0	4300	43.155778	0.0	2173522	15	4.3
1527290262.09	4300	47.066708	0.0	2102452	14	4.3
1527290262.18	4300	50.976603	0.0	2209463	16	4.3
1527290262.27	4300	54.886594	0.0	2275376	16	4.3
1527290262.38	4300	58.778442	0.0	2005399	26	4.3
1527290265.49	4300	59.749696	0.0	2152483	24	4.3
1527290269.6	4300	59.749842	0.0	2289689	24	4.3
1527290273.72	4300	59.499576	0.0	2059512	23	4.3
1527290277.83	4300	59.748059	0.0	2220726	21	4.3
1527290281.44	4300	59.748278	0.0	2156729	24	4.3
1527290285.56	4300	59.998679	0.0	2039773	22	4.3
1527290289.7	4300	59.748013	0.0	2176469	26	4.3
1527290293.32	4300	59.998761	0.0	2221506	25	4.3
1527290297.44	4300	59.748491	0.0	2044075	23	4.3
1527290301.56	4300	59.749033	0.0	2186790	25	4.3
1527290305.67	4300	59.749168	0.0	2105231	24	4.3
1527290309.78	4300	59.498811	0.0	2395588	25	4.3
1527290313.39	4300	59.999481	0.0	1972048	21	4.3
1527290317.51	4300	59.748687	0.0	2134614	26	4.3
1527290321.62	4300	59.619432	0.0	2164140	25	4.3
1527290325.24	4300	59.998882	0.0	2113193	24	4.3
1527290329.36	4300	59.998875	0.0	2147852	25	4.3
1527290333.48	4300	59.748724	0.0	2191074	24	4.3
1527290337.58	4300	59.749661	0.0	2286761	15	4.3
1527290341.7	4300	59.498714	0.0	2307787	26	4.3
1527290345.32	4300	59.999259	0.0	2143948	24	4.3
1527290349.43	4300	59.749427	0.0	1919781	24	4.3
1527290353.55	4300	59.998438	0.0	2147467	25	4.3
1527290357.66	4300	59.498721	0.0	2133870	21	4.3
1527290361.4	4300	59.998845	0.0	2146120	21	4.3
1527290365.51	4300	59.998638	0.0	2108491	25	4.3
1527290369.63	4300	59.748125	0.0	2184571	24	4.3
1527290373.74	4300	59.497821	0.0	2121928	22	4.3
1527290377.35	4300	59.998557	0.0	2219102	21	4.3
1527290381.47	4300	59.747651	0.0	2124950	23	4.3
1527290385.58	4300	59.749248	0.0	2246506	25	4.3
1527290389.19	4300	59.999273	0.0	1961140	21	4.3
1527290393.8	4300	59.748786	0.0	2155012	23	4.3
1527290395.4	4300	59.92942	0.0	1433658	17	4.3

1527290395.69	750	4	0.017	668286	4	-0.07309999999999994
1527290395.77	4300	7.97991	0.0	2123065	7	0.75
1527290395.84	4300	11.908062	0.0	2177073	7	4.3
1527290395.91	4300	15.83741	0.0	2160877	7	4.3
1527290395.98	4300	19.766148	0.0	2233056	7	4.3
1527290396.05	4300	23.696387	0.0	1941625	7	4.3
1527290396.12	4300	27.62623	0.0	2157535	7	4.3
1527290396.2	4300	31.550352	0.0	2290172	9	4.3
1527290396.26	4300	35.479069	0.0	2055469	7	4.3
1527290396.34	4300	39.408857	0.0	2169201	8	4.3
1527290396.42	4300	43.323654	0.0	2173522	14	4.3
1527290396.49	4300	47.25113	0.0	2102452	7	4.3
1527290396.57	4300	51.170563	0.0	2209463	15	4.3
1527290396.68	4300	55.071696	0.0	2275376	23	4.3
1527290396.76	4300	58.984547	0.0	2005399	13	4.3
