1527269817.86	750	4	0.018	450283	2	-0.07740000000000002
1527269817.99	4300	7.955918	0.0	2123065	16	0.75
1527269818.08	4300	11.868547	0.0	2177073	14	4.3
1527269818.16	4300	15.782996	0.0	2160877	14	4.3
1527269818.26	4300	19.692762	0.0	2233056	16	4.3
1527269818.34	4300	23.60701	0.0	1941625	13	4.3
1527269818.43	4300	27.521235	0.0	2157535	14	4.3
1527269818.5	4300	31.445307	0.0	2290172	10	4.3
1527269818.58	4300	35.370265	0.0	2055469	8	4.3
1527269818.67	4300	39.28159	0.0	2169201	18	4.3
1527269818.74	4300	43.202681	0.0	2173522	11	4.3
1527269818.81	4300	47.132511	0.0	2102452	7	4.3
1527269818.88	4300	51.062351	0.0	2209463	8	4.3
1527269818.97	4300	54.979015	0.0	2275376	14	4.3
1527269819.07	4300	58.883631	0.0	2005399	19	4.3
1527269822.68	4300	59.748799	0.0	2152483	15	4.3
1527269826.29	4300	59.749055	0.0	2289689	22	4.3
1527269830.41	4300	59.998053	0.0	2059512	23	4.3
1527269834.53	4300	59.498911	0.0	2220726	26	4.3
1527269838.64	4300	59.497859	0.0	2156729	23	4.3
1527269842.25	4300	59.997799	0.0	2039773	21	4.3
1527269846.45	4300	59.99853	0.0	2176469	20	4.3
1527269850.07	4300	59.999078	0.0	2221506	24	4.3
1527269854.18	4300	59.999011	0.0	2044075	23	4.3
1527269858.36	4300	59.997783	0.0	2186790	25	4.3
1527269862.45	4300	59.747944	0.0	2105231	12	4.3
1527269866.07	4300	59.997669	0.0	2395588	29	4.3
1527269870.15	4300	59.999458	0.0	1972048	6	4.3
1527269874.26	4300	59.749367	0.0	2134614	20	4.3
1527269878.37	4300	59.716691	0.0	2164140	22	4.3
1527269881.98	4300	59.998248	0.0	2113193	19	4.3
1527269886.6	4300	59.498888	0.0	2147852	24	4.3
1527269890.22	4300	59.999215	0.0	2191074	24	4.3
1527269894.33	4300	59.747745	0.0	2286761	20	4.3
1527269898.43	4300	59.99751	0.0	2307787	21	4.3
1527269902.54	4300	59.748341	0.0	2143948	20	4.3
1527269906.15	4300	59.998973	0.0	1919781	21	4.3
1527269910.26	4300	59.748688	0.0	2147467	19	4.3
1527269914.37	4300	59.748944	0.0	2133870	20	4.3
1527269918.48	4300	59.498118	0.0	2146120	18	4.3
1527269922.09	4300	59.997837	0.0	2108491	18	4.3
1527269926.2	4300	59.749037	0.0	2184571	23	4.3
1527269930.32	4300	59.998679	0.0	2121928	24	4.3
1527269934.44	4300	59.998683	0.0	2219102	25	4.3
1527269938.15	4300	59.997857	0.0	2124950	20	4.3
1527269942.26	4300	59.749397	0.0	2246506	23	4.3
1527269946.39	4300	59.748588	0.0	1961140	21	4.3
1527269949.99	4300	59.997494	0.0	2155012	15	4.3
1527269952.09	4300	59.927907	0.0	1433658	17	4.3

1527269952.37	750	4	0.017	668286	2	-0.07309999999999994
1527269952.45	4300	7.979528	0.0	2123065	6	0.75
1527269952.55	4300	11.888937	0.0	2177073	16	4.3
1527269952.62	4300	15.811296	0.0	2160877	9	4.3
1527269952.7	4300	19.731747	0.0	2233056	13	4.3
1527269952.77	4300	23.663307	0.0	1941625	7	4.3
1527269952.84	4300	27.593722	0.0	2157535	7	4.3
1527269952.92	4300	31.516104	0.0	2290172	10	4.3
1527269952.99	4300	35.44209	0.0	2055469	9	4.3
1527269953.07	4300	39.365902	0.0	2169201	10	4.3
1527269953.16	4300	43.270999	0.0	2173522	20	4.3
1527269953.24	4300	47.191145	0.0	2102452	12	4.3
1527269953.31	4300	51.119993	0.0	2209463	8	4.3
1527269953.41	4300	55.022878	0.0	2275376	21	4.3
1527269953.52	4300	58.90709	0.0	2005399	40	4.3
1527269956.62	4300	59.999167	0.0	2152483	14	4.3
1527269960.71	4300	59.998363	0.0	2289689	15	4.3
1527269964.82	4300	59.998899	0.0	2059512	22	4.3
1527269968.94	4300	59.499226	0.0	2220726	26	4.3
1527269973.05	4300	59.499029	0.0	2156729	22	4.3
1527269976.65	4300	59.999159	0.0	2039773	21	4.3
1527269980.76	4300	59.749366	0.0	2176469	18	4.3
1527269984.87	4300	59.748408	0.0	2221506	20	4.3
1527269988.47	4300	59.999425	0.0	2044075	20	4.3
1527269992.58	4300	59.999212	0.0	2186790	19	4.3
1527269996.69	4300	59.747688	0.0	2105231	21	4.3
1527270000.82	4300	59.748855	0.0	2395588	24	4.3
1527270004.93	4300	59.74883	0.0	1972048	22	4.3
1527270009.04	4300	59.499321	0.0	2134614	25	4.3
1527270012.65	4300	59.828763	0.0	2164140	23	4.3
1527270016.76	4300	59.74879	0.0	2113193	17	4.3
1527270020.91	4300	59.747995	0.0	2147852	22	4.3
1527270024.53	4300	59.999362	0.0	2191074	26	4.3
1527270029.14	4300	59.748955	0.0	2286761	20	4.3
1527270032.75	4300	59.7478	0.0	2307787	25	4.3
1527270036.86	4300	59.9984	0.0	2143948	22	4.3
1527270040.47	4300	59.998232	0.0	1919781	21	4.3
1527270045.09	4300	59.74799	0.0	2147467	25	4.3
1527270048.71	4300	59.747547	0.0	2133870	23	4.3
1527270052.81	4300	59.748623	0.0	2146120	23	4.3
1527270056.92	4300	59.999212	0.0	2108491	23	4.3
1527270061.03	4300	59.748348	0.0	2184571	25	4.3
1527270065.15	4300	59.74772	0.0	2121928	24	4.3
1527270068.76	4300	59.748468	0.0	2219102	21	4.3
1527270072.88	4300	59.573968	0.0	2124950	24	4.3
1527270077.0	4300	59.748334	0.0	2246506	22	4.3
1527270080.6	4300	59.999068	0.0	1961140	21	4.3
1527270084.71	4300	59.749155	0.0	2155012	20	4.3
1527270086.3	4300	59.928932	0.0	1433658	18	4.3

1527270086.57	750	4	0.015	668286	4	-0.0645
1527270086.69	4300	7.948173	0.0	2123065	24	0.75
1527270086.77	4300	11.866575	0.0	2177073	13	4.3
1527270086.87	4300	15.766656	0.0	2160877	24	4.3
1527270086.96	4300	19.678726	0.0	2233056	15	4.3
1527270087.04	4300	23.597534	0.0	1941625	13	4.3
1527270087.13	4300	27.505968	0.0	2157535	16	4.3
1527270087.21	4300	31.425442	0.0	2290172	11	4.3
1527270087.29	4300	35.349093	0.0	2055469	10	4.3
1527270087.36	4300	39.273823	0.0	2169201	10	4.3
1527270087.44	4300	43.197454	0.0	2173522	10	4.3
1527270087.52	4300	47.121109	0.0	2102452	9	4.3
1527270087.59	4300	51.043418	0.0	2209463	10	4.3
1527270087.69	4300	54.945781	0.0	2275376	20	4.3
1527270087.78	4300	58.853545	0.0	2005399	20	4.3
1527270090.89	4300	59.999314	0.0	2152483	19	4.3
1527270095.0	4300	59.748195	0.0	2289689	21	4.3
1527270099.15	4300	59.749854	0.0	2059512	21	4.3
1527270103.3	4300	59.749309	0.0	2220726	26	4.3
1527270106.92	4300	59.749037	0.0	2156729	25	4.3
