1527225866.72	750	4	0.026	2354772	10	-0.11180000000000001
1527225866.8	4300	7.972938	0.0	2123065	17	0.75
1527225866.9	4300	11.875734	0.0	2177073	22	4.3
1527225866.99	4300	15.78603	0.0	2160877	15	4.3
1527225867.08	4300	19.696432	0.0	2233056	17	4.3
1527225867.16	4300	23.613675	0.0	1941625	13	4.3
1527225867.25	4300	27.528662	0.0	2157535	15	4.3
1527225867.34	4300	31.440292	0.0	2290172	16	4.3
1527225867.41	4300	35.366314	0.0	2055469	9	4.3
1527225867.49	4300	39.28954	0.0	2169201	9	4.3
1527225867.56	4300	43.216874	0.0	2173522	9	4.3
1527225867.63	4300	47.143248	0.0	2102452	9	4.3
1527225867.71	4300	51.069788	0.0	2209463	9	4.3
1527225867.79	4300	54.990135	0.0	2275376	11	4.3
1527225867.87	4300	58.908182	0.0	2005399	8	4.3
1527225870.95	4300	59.998819	0.0	2152483	10	4.3
1527225875.06	4300	59.998208	0.0	2289689	18	4.3
1527225879.16	4300	59.998392	0.0	2059512	19	4.3
1527225883.27	4300	59.748769	0.0	2220726	22	4.3
1527225887.38	4300	59.49861	0.0	2156729	22	4.3
1527225890.99	4300	59.999233	0.0	2039773	22	4.3
1527225895.11	4300	59.749134	0.0	2176469	25	4.3
1527225899.22	4300	59.999031	0.0	2221506	24	4.3
1527225903.33	4300	59.498794	0.0	2044075	23	4.3
1527225907.45	4300	59.747873	0.0	2186790	26	4.3
1527225911.06	4300	59.747733	0.0	2105231	25	4.3
1527225915.18	4300	59.749451	0.0	2395588	26	4.3
1527225918.8	4300	59.998972	0.0	1972048	22	4.3
1527225922.91	4300	59.998791	0.0	2134614	21	4.3
1527225927.52	4300	59.748779	0.0	2164140	20	4.3
1527225931.12	4300	59.748343	0.0	2113193	22	4.3
1527225935.23	4300	59.748911	0.0	2147852	23	4.3
1527225938.84	4300	59.998523	0.0	2191074	23	4.3
1527225943.45	4300	59.498287	0.0	2286761	20	4.3
1527225947.06	4300	59.749226	0.0	2307787	23	4.3
1527225951.16	4300	59.998068	0.0	2143948	20	4.3
1527225955.27	4300	59.747583	0.0	1919781	19	4.3
1527225959.38	4300	59.748716	0.0	2147467	24	4.3
1527225963.49	4300	59.748774	0.0	2133870	23	4.3
1527225967.1	4300	59.748382	0.0	2146120	22	4.3
1527225971.21	4300	59.999075	0.0	2108491	19	4.3
1527225974.82	4300	59.998704	0.0	2184571	19	4.3
1527225978.93	4300	59.998338	0.0	2121928	25	4.3
1527225983.05	4300	59.747436	0.0	2219102	26	4.3
1527225987.17	4300	59.759035	0.0	2124950	24	4.3
1527225991.28	4300	59.749129	0.0	2246506	20	4.3
1527225995.39	4300	59.498499	0.0	1961140	21	4.3
1527225999.5	4300	59.498402	0.0	2155012	21	4.3
1527226001.1	4300	59.427601	0.0	1433658	18	4.3

1527226001.4	750	4	0.018	450283	3	-0.07740000000000002
1527226001.48	4300	7.979152	0.0	2123065	7	0.75
1527226001.57	4300	11.889997	0.0	2177073	16	4.3
1527226001.66	4300	15.797587	0.0	2160877	17	4.3
1527226001.75	4300	19.708284	0.0	2233056	15	4.3
1527226001.83	4300	23.632611	0.0	1941625	9	4.3
1527226001.91	4300	27.553183	0.0	2157535	12	4.3
1527226001.99	4300	31.473127	0.0	2290172	12	4.3
1527226002.07	4300	35.392122	0.0	2055469	10	4.3
1527226002.14	4300	39.318487	0.0	2169201	7	4.3
1527226002.22	4300	43.237212	0.0	2173522	18	4.3
1527226002.29	4300	47.16671	0.0	2102452	6	4.3
1527226002.37	4300	51.090508	0.0	2209463	8	4.3
1527226002.44	4300	55.014616	0.0	2275376	8	4.3
1527226002.51	4300	58.946595	0.0	2005399	6	4.3
1527226005.59	4300	59.999034	0.0	2152483	7	4.3
1527226009.7	4300	59.998075	0.0	2289689	21	4.3
1527226013.81	4300	59.997865	0.0	2059512	19	4.3
1527226017.92	4300	59.74793	0.0	2220726	23	4.3
1527226021.53	4300	59.997576	0.0	2156729	22	4.3
1527226025.68	4300	59.998243	0.0	2039773	17	4.3
1527226029.8	4300	59.997824	0.0	2176469	25	4.3
1527226033.91	4300	59.747717	0.0	2221506	24	4.3
1527226037.53	4300	59.998689	0.0	2044075	17	4.3
1527226041.64	4300	59.998585	0.0	2186790	25	4.3
1527226045.75	4300	59.74833	0.0	2105231	24	4.3
1527226049.86	4300	59.748736	0.0	2395588	25	4.3
1527226053.95	4300	59.74782	0.0	1972048	9	4.3
1527226058.06	4300	59.498186	0.0	2134614	21	4.3
1527226061.67	4300	59.998211	0.0	2164140	21	4.3
1527226065.79	4300	59.747882	0.0	2113193	24	4.3
1527226069.9	4300	59.749315	0.0	2147852	24	4.3
1527226074.02	4300	59.498718	0.0	2191074	23	4.3
1527226078.13	4300	59.748647	0.0	2286761	23	4.3
1527226081.74	4300	59.998527	0.0	2307787	23	4.3
1527226085.85	4300	59.74761	0.0	2143948	23	4.3
1527226090.02	4300	59.748531	0.0	1919781	22	4.3
1527226093.64	4300	59.997745	0.0	2147467	23	4.3
1527226097.75	4300	59.998933	0.0	2133870	23	4.3
1527226101.86	4300	59.747706	0.0	2146120	21	4.3
1527226105.96	4300	59.748527	0.0	2108491	22	4.3
1527226109.57	4300	59.998386	0.0	2184571	24	4.3
1527226113.68	4300	59.998481	0.0	2121928	18	4.3
1527226117.79	4300	59.998056	0.0	2219102	19	4.3
1527226121.92	4300	59.748628	0.0	2124950	30	4.3
1527226125.54	4300	59.999251	0.0	2246506	26	4.3
1527226129.68	4300	59.997655	0.0	1961140	22	4.3
1527226133.79	4300	59.748386	0.0	2155012	12	4.3
1527226135.38	4300	59.928412	0.0	1433658	15	4.3

1527226135.69	750	4	0.028	2354772	8	-0.12039999999999995
1527226135.78	4300	7.972733	0.0	2123065	14	0.75
1527226135.85	4300	11.899067	0.0	2177073	8	4.3
1527226135.92	4300	15.826116	0.0	2160877	9	4.3
1527226136.0	4300	19.752191	0.0	2233056	9	4.3
1527226136.09	4300	23.661542	0.0	1941625	19	4.3
1527226136.17	4300	27.584987	0.0	2157535	11	4.3
1527226136.25	4300	31.504674	0.0	2290172	11	4.3
1527226136.32	4300	35.428887	0.0	2055469	9	4.3
1527226136.39	4300	39.358748	0.0	2169201	7	4.3
1527226136.47	4300	43.281563	0.0	2173522	11	4.3
1527226136.57	4300	47.182202	0.0	2102452	25	4.3
1527226136.65	4300	51.096421	0.0	2209463	12	4.3
1527226136.74	4300	55.013166	0.0	2275376	11	4.3
1527226136.82	4300	58.934005	0.0	2005399	11	4.3
1527226139.91	4300	59.999038	0.0	2152483	12	4.3
1527226144.03	4300	59.748539	0.0	2289689	25	4.3
