1527300736.33	750	4	0.028	2354772	10	-0.12039999999999995
1527300736.48	4300	7.962814	0.0	2123065	21	0.75
1527300736.62	4300	11.81499	0.0	2177073	24	4.3
1527300736.75	4300	15.686331	0.0	2160877	11	4.3
1527300736.9	4300	19.538675	0.0	2233056	26	4.3
1527300737.05	4300	23.386944	0.0	1941625	22	4.3
1527300737.18	4300	27.261988	0.0	2157535	12	4.3
1527300737.3	4300	31.136242	0.0	2290172	12	4.3
1527300737.43	4300	35.009456	0.0	2055469	11	4.3
1527300737.55	4300	38.884984	0.0	2169201	13	4.3
1527300737.67	4300	42.768489	0.0	2173522	8	4.3
1527300737.79	4300	46.651795	0.0	2102452	7	4.3
1527300737.9	4300	50.537204	0.0	2209463	8	4.3
1527300738.02	4300	54.41584	0.0	2275376	8	4.3
1527300738.16	4300	58.278434	0.0	2005399	11	4.3
1527300740.78	4300	59.748005	0.0	2152483	9	4.3
1527300744.97	4300	59.498949	0.0	2289689	22	4.3
1527300748.61	4300	59.997762	0.0	2059512	11	4.3
1527300752.76	4300	59.749356	0.0	2220726	24	4.3
1527300756.95	4300	59.749327	0.0	2156729	24	4.3
1527300760.6	4300	59.9981	0.0	2039773	21	4.3
1527300764.8	4300	59.748728	0.0	2176469	24	4.3
1527300768.55	4300	59.998546	0.0	2221506	26	4.3
1527300772.71	4300	59.748595	0.0	2044075	23	4.3
1527300776.87	4300	59.748721	0.0	2186790	25	4.3
1527300780.52	4300	59.998454	0.0	2105231	22	4.3
1527300784.71	4300	59.747939	0.0	2395588	26	4.3
1527300788.87	4300	59.748997	0.0	1972048	22	4.3
1527300792.52	4300	59.999241	0.0	2134614	20	4.3
1527300797.19	4300	59.748119	0.0	2164140	23	4.3
1527300800.84	4300	59.997493	0.0	2113193	20	4.3
1527300804.49	4300	59.998555	0.0	2147852	23	4.3
1527300809.15	4300	59.747992	0.0	2191074	24	4.3
1527300812.8	4300	59.748173	0.0	2286761	24	4.3
1527300816.46	4300	59.998562	0.0	2307787	26	4.3
1527300820.62	4300	59.999098	0.0	2143948	25	4.3
1527300824.77	4300	59.998822	0.0	1919781	18	4.3
1527300828.93	4300	59.998765	0.0	2147467	24	4.3
1527300832.59	4300	59.998702	0.0	2133870	24	4.3
1527300836.76	4300	59.748682	0.0	2146120	25	4.3
1527300840.92	4300	59.747795	0.0	2108491	24	4.3
1527300844.58	4300	59.998958	0.0	2184571	22	4.3
1527300848.74	4300	59.998573	0.0	2121928	21	4.3
1527300852.89	4300	59.998281	0.0	2219102	15	4.3
1527300856.54	4300	59.998957	0.0	2124950	23	4.3
1527300860.7	4300	59.749116	0.0	2246506	26	4.3
1527300864.84	4300	59.998641	0.0	1961140	22	4.3
1527300868.48	4300	59.997257	0.0	2155012	24	4.3
1527300870.6	4300	59.679149	0.0	1433658	17	4.3

1527300870.88	750	4	0.017	668286	3	-0.07309999999999994
1527300871.04	4300	7.950662	0.0	2123065	20	0.75
1527300871.19	4300	11.797309	0.0	2177073	23	4.3
1527300871.32	4300	15.662858	0.0	2160877	16	4.3
1527300871.45	4300	19.541997	0.0	2233056	10	4.3
1527300871.6	4300	23.391259	0.0	1941625	23	4.3
1527300871.72	4300	27.265482	0.0	2157535	12	4.3
1527300871.85	4300	31.141143	0.0	2290172	12	4.3
1527300871.97	4300	35.018995	0.0	2055469	10	4.3
1527300872.09	4300	38.894276	0.0	2169201	11	4.3
1527300872.22	4300	42.77074	0.0	2173522	12	4.3
1527300872.35	4300	46.639875	0.0	2102452	14	4.3
1527300872.48	4300	50.507107	0.0	2209463	15	4.3
1527300872.62	4300	54.368298	0.0	2275376	20	4.3
1527300872.74	4300	58.247915	0.0	2005399	8	4.3
1527300875.4	4300	59.998645	0.0	2152483	24	4.3
1527300879.07	4300	59.998876	0.0	2289689	27	4.3
1527300883.73	4300	59.749116	0.0	2059512	22	4.3
1527300887.39	4300	59.74856	0.0	2220726	24	4.3
1527300891.05	4300	59.998189	0.0	2156729	25	4.3
1527300895.71	4300	59.747602	0.0	2039773	23	4.3
1527300899.35	4300	59.998286	0.0	2176469	15	4.3
1527300903.01	4300	59.998745	0.0	2221506	25	4.3
1527300907.18	4300	59.998126	0.0	2044075	19	4.3
1527300911.34	4300	59.748971	0.0	2186790	24	4.3
1527300914.99	4300	59.998744	0.0	2105231	20	4.3
1527300919.15	4300	59.999403	0.0	2395588	23	4.3
1527300923.4	4300	59.748581	0.0	1972048	21	4.3
1527300927.12	4300	59.997821	0.0	2134614	24	4.3
1527300931.28	4300	59.998503	0.0	2164140	19	4.3
1527300935.44	4300	59.998699	0.0	2113193	24	4.3
1527300939.64	4300	59.748974	0.0	2147852	23	4.3
1527300943.3	4300	59.747886	0.0	2191074	23	4.3
1527300947.46	4300	59.74879	0.0	2286761	26	4.3
1527300951.13	4300	59.998794	0.0	2307787	25	4.3
1527300955.29	4300	59.747725	0.0	2143948	23	4.3
1527300959.45	4300	59.997415	0.0	1919781	22	4.3
1527300963.09	4300	59.998512	0.0	2147467	12	4.3
1527300967.23	4300	59.997553	0.0	2133870	16	4.3
1527300971.39	4300	59.748267	0.0	2146120	17	4.3
1527300975.05	4300	59.998764	0.0	2108491	24	4.3
1527300979.71	4300	59.747639	0.0	2184571	25	4.3
1527300983.37	4300	59.748097	0.0	2121928	19	4.3
1527300987.02	4300	59.997566	0.0	2219102	23	4.3
1527300991.18	4300	59.999185	0.0	2124950	22	4.3
1527300995.34	4300	59.747601	0.0	2246506	25	4.3
1527300999.47	4300	59.997301	0.0	1961140	21	4.3
1527301003.1	4300	59.998426	0.0	2155012	20	4.3
1527301005.22	4300	59.678396	0.0	1433658	17	4.3

1527301005.6	750	4	0.019	668286	2	-0.0817
1527301005.75	4300	7.95718	0.0	2123065	15	0.75
1527301005.89	4300	11.819355	0.0	2177073	17	4.3
1527301006.03	4300	15.685462	0.0	2160877	14	4.3
1527301006.14	4300	19.566217	0.0	2233056	9	4.3
1527301006.26	4300	23.447313	0.0	1941625	7	4.3
1527301006.38	4300	27.327416	0.0	2157535	8	4.3
1527301006.5	4300	31.20732	0.0	2290172	9	4.3
1527301006.64	4300	35.069083	0.0	2055469	19	4.3
1527301006.78	4300	38.931915	0.0	2169201	18	4.3
1527301006.93	4300	42.783926	0.0	2173522	25	4.3
1527301007.36	4300	46.354624	0.0	2102452	22	4.3
1527301007.49	4300	50.225604	0.0	2209463	14	4.3
1527301007.62	4300	54.086752	0.0	2275376	17	4.3
1527301007.77	4300	57.942002	0.0	2005399	18	4.3
1527301010.4	4300	59.748199	0.0	2152483	13	4.3
1527301014.05	4300	59.748071	0.0	2289689	17	4.3
1527301018.21	4300	59.74937	0.0	2059512	22	4.3
1527301021.87	4300	59.999482	0.0	2220726	25	4.3
