1527277031.96	750	4	0.017	450283	1	-0.07309999999999994
1527277032.1	4300	7.950121	0.0	2123065	20	0.75
1527277032.2	4300	11.854899	0.0	2177073	18	4.3
1527277032.31	4300	15.749808	0.0	2160877	26	4.3
1527277032.39	4300	19.662491	0.0	2233056	14	4.3
1527277032.46	4300	23.592065	0.0	1941625	7	4.3
1527277032.53	4300	27.51899	0.0	2157535	8	4.3
1527277032.61	4300	31.444354	0.0	2290172	9	4.3
1527277032.68	4300	35.372477	0.0	2055469	8	4.3
1527277032.75	4300	39.299669	0.0	2169201	8	4.3
1527277032.86	4300	43.194856	0.0	2173522	23	4.3
1527277032.93	4300	47.122041	0.0	2102452	9	4.3
1527277033.02	4300	51.034872	0.0	2209463	15	4.3
1527277033.11	4300	54.949296	0.0	2275376	16	4.3
1527277033.19	4300	58.863481	0.0	2005399	14	4.3
1527277036.3	4300	59.748994	0.0	2152483	15	4.3
1527277040.42	4300	59.749841	0.0	2289689	19	4.3
1527277044.53	4300	59.749363	0.0	2059512	21	4.3
1527277048.65	4300	59.74798	0.0	2220726	25	4.3
1527277052.76	4300	59.498449	0.0	2156729	25	4.3
1527277056.36	4300	59.749547	0.0	2039773	22	4.3
1527277060.47	4300	59.747868	0.0	2176469	21	4.3
1527277064.08	4300	59.998735	0.0	2221506	24	4.3
1527277068.19	4300	59.999495	0.0	2044075	23	4.3
1527277072.3	4300	59.998666	0.0	2186790	18	4.3
1527277076.41	4300	59.748471	0.0	2105231	18	4.3
1527277080.52	4300	59.995867	0.0	2395588	21	4.3
1527277084.14	4300	59.999144	0.0	1972048	21	4.3
1527277088.75	4300	59.748885	0.0	2134614	22	4.3
1527277092.36	4300	59.74933	0.0	2164140	23	4.3
1527277096.47	4300	59.748621	0.0	2113193	21	4.3
1527277100.58	4300	59.498608	0.0	2147852	23	4.3
1527277104.19	4300	59.998768	0.0	2191074	23	4.3
1527277108.8	4300	59.498148	0.0	2286761	20	4.3
1527277112.41	4300	59.748981	0.0	2307787	26	4.3
1527277116.53	4300	59.99802	0.0	2143948	16	4.3
1527277120.15	4300	59.998546	0.0	1919781	23	4.3
1527277124.28	4300	59.998147	0.0	2147467	25	4.3
1527277128.39	4300	59.748721	0.0	2133870	24	4.3
1527277132.5	4300	59.997994	0.0	2146120	24	4.3
1527277136.61	4300	59.498462	0.0	2108491	22	4.3
1527277140.22	4300	59.998798	0.0	2184571	24	4.3
1527277144.33	4300	59.998934	0.0	2121928	20	4.3
1527277148.44	4300	59.998743	0.0	2219102	20	4.3
1527277152.57	4300	59.653084	0.0	2124950	24	4.3
1527277156.18	4300	59.998536	0.0	2246506	25	4.3
1527277160.28	4300	59.997533	0.0	1961140	19	4.3
1527277164.39	4300	59.74923	0.0	2155012	21	4.3
1527277166.0	4300	59.928855	0.0	1433658	17	4.3

1527277166.29	750	4	0.019	668286	3	-0.0817
1527277166.37	4300	7.979115	0.0	2123065	7	0.75
1527277166.44	4300	11.909018	0.0	2177073	7	4.3
1527277166.51	4300	15.836486	0.0	2160877	7	4.3
1527277166.59	4300	19.764618	0.0	2233056	7	4.3
1527277166.66	4300	23.694136	0.0	1941625	7	4.3
1527277166.73	4300	27.62366	0.0	2157535	7	4.3
1527277166.8	4300	31.549219	0.0	2290172	9	4.3
1527277166.87	4300	35.477129	0.0	2055469	7	4.3
1527277166.96	4300	39.405084	0.0	2169201	8	4.3
1527277167.05	4300	43.305809	0.0	2173522	15	4.3
1527277167.13	4300	47.224988	0.0	2102452	12	4.3
1527277167.23	4300	51.125745	0.0	2209463	21	4.3
1527277167.31	4300	55.036627	0.0	2275376	16	4.3
1527277167.4	4300	58.949766	0.0	2005399	15	4.3
1527277170.5	4300	59.9976	0.0	2152483	14	4.3
1527277174.6	4300	59.99808	0.0	2289689	17	4.3
1527277178.73	4300	59.74793	0.0	2059512	23	4.3
1527277182.85	4300	59.749443	0.0	2220726	23	4.3
1527277186.96	4300	59.499297	0.0	2156729	21	4.3
1527277191.07	4300	59.749429	0.0	2039773	20	4.3
1527277194.7	4300	59.999161	0.0	2176469	21	4.3
1527277198.8	4300	59.749485	0.0	2221506	15	4.3
1527277202.9	4300	59.749381	0.0	2044075	15	4.3
1527277207.02	4300	59.499153	0.0	2186790	25	4.3
1527277210.66	4300	59.74879	0.0	2105231	22	4.3
1527277214.79	4300	59.748799	0.0	2395588	27	4.3
1527277218.89	4300	59.749363	0.0	1972048	14	4.3
1527277222.51	4300	59.999336	0.0	2134614	25	4.3
1527277226.62	4300	59.998082	0.0	2164140	21	4.3
1527277230.73	4300	59.748509	0.0	2113193	20	4.3
1527277234.84	4300	59.748724	0.0	2147852	20	4.3
1527277238.95	4300	59.74776	0.0	2191074	22	4.3
1527277243.06	4300	59.747982	0.0	2286761	22	4.3
1527277246.68	4300	59.747953	0.0	2307787	20	4.3
1527277250.79	4300	59.997177	0.0	2143948	27	4.3
1527277254.9	4300	59.748724	0.0	1919781	21	4.3
1527277258.51	4300	59.999073	0.0	2147467	15	4.3
1527277262.62	4300	59.7474	0.0	2133870	20	4.3
1527277266.73	4300	59.997648	0.0	2146120	22	4.3
1527277270.86	4300	59.747433	0.0	2108491	24	4.3
1527277274.48	4300	59.998647	0.0	2184571	22	4.3
1527277279.09	4300	59.748439	0.0	2121928	24	4.3
1527277282.72	4300	59.749052	0.0	2219102	24	4.3
1527277286.83	4300	59.747717	0.0	2124950	23	4.3
1527277290.93	4300	59.498445	0.0	2246506	24	4.3
1527277294.54	4300	59.998361	0.0	1961140	20	4.3
1527277298.65	4300	59.748594	0.0	2155012	20	4.3
1527277300.75	4300	59.428617	0.0	1433658	17	4.3

1527277301.01	750	4	0.021	668286	2	-0.09030000000000005
1527277301.09	4300	7.981254	0.0	2123065	7	0.75
1527277301.18	4300	11.887067	0.0	2177073	16	4.3
1527277301.28	4300	15.795411	0.0	2160877	18	4.3
1527277301.43	4300	19.644193	0.0	2233056	17	4.3
1527277301.53	4300	23.542729	0.0	1941625	22	4.3
1527277301.62	4300	27.454884	0.0	2157535	14	4.3
1527277301.69	4300	31.379965	0.0	2290172	9	4.3
1527277301.76	4300	35.306178	0.0	2055469	9	4.3
1527277301.84	4300	39.232892	0.0	2169201	8	4.3
1527277301.91	4300	43.156518	0.0	2173522	8	4.3
1527277301.99	4300	47.083136	0.0	2102452	9	4.3
1527277302.06	4300	51.007782	0.0	2209463	8	4.3
1527277302.14	4300	54.931091	0.0	2275376	9	4.3
1527277302.22	4300	58.852364	0.0	2005399	15	4.3
1527277305.32	4300	59.747928	0.0	2152483	22	4.3
1527277309.42	4300	59.749212	0.0	2289689	13	4.3
1527277313.53	4300	59.7479	0.0	2059512	21	4.3
1527277317.13	4300	59.998212	0.0	2220726	22	4.3
1527277321.74	4300	59.499078	0.0	2156729	19	4.3
1527277325.35	4300	59.998886	0.0	2039773	24	4.3
1527277329.47	4300	59.749016	0.0	2176469	25	4.3
1527277333.59	4300	59.497604	0.0	2221506	25	4.3
1527277337.2	4300	59.999181	0.0	2044075	23	4.3
1527277341.82	4300	59.497494	0.0	2186790	23	4.3
1527277345.43	4300	59.99785	0.0	2105231	22	4.3
1527277349.55	4300	59.998741	0.0	2395588	27	4.3
1527277353.67	4300	59.748693	0.0	1972048	23	4.3
