1527193477.06	750	4	0.024	2354772	7	-0.10319999999999996
1527193477.2	4300	7.970576	0.0	2123065	16	0.75
1527193477.33	4300	11.839154	0.0	2177073	14	4.3
1527193477.47	4300	15.696548	0.0	2160877	15	4.3
1527193477.62	4300	19.550028	0.0	2233056	23	4.3
1527193477.75	4300	23.420142	0.0	1941625	13	4.3
1527193477.87	4300	27.294354	0.0	2157535	8	4.3
1527193478.02	4300	31.154087	0.0	2290172	19	4.3
1527193478.16	4300	35.014414	0.0	2055469	16	4.3
1527193478.3	4300	38.867499	0.0	2169201	24	4.3
1527193478.46	4300	42.709394	0.0	2173522	25	4.3
1527193478.59	4300	46.576302	0.0	2102452	15	4.3
1527193478.73	4300	50.4356	0.0	2209463	17	4.3
1527193478.88	4300	54.284755	0.0	2275376	22	4.3
1527193479.03	4300	58.13571	0.0	2005399	26	4.3
1527193481.67	4300	59.748601	0.0	2152483	11	4.3
1527193485.32	4300	59.998946	0.0	2289689	25	4.3
1527193489.48	4300	59.74932	0.0	2059512	21	4.3
1527193493.64	4300	59.997844	0.0	2220726	16	4.3
1527193497.3	4300	59.998059	0.0	2156729	22	4.3
1527193501.46	4300	59.748317	0.0	2039773	22	4.3
1527193505.6	4300	59.749444	0.0	2176469	12	4.3
1527193509.76	4300	59.74964	0.0	2221506	26	4.3
1527193513.39	4300	59.998982	0.0	2044075	7	4.3
1527193517.54	4300	59.999169	0.0	2186790	19	4.3
1527193521.2	4300	59.99917	0.0	2105231	25	4.3
1527193525.36	4300	59.997777	0.0	2395588	27	4.3
1527193529.53	4300	59.997775	0.0	1972048	24	4.3
1527193533.68	4300	59.748548	0.0	2134614	20	4.3
1527193537.34	4300	59.997767	0.0	2164140	26	4.3
1527193541.5	4300	59.998609	0.0	2113193	25	4.3
1527193545.66	4300	59.99835	0.0	2147852	24	4.3
1527193549.82	4300	59.498682	0.0	2191074	21	4.3
1527193553.48	4300	59.749198	0.0	2286761	26	4.3
1527193557.64	4300	59.748683	0.0	2307787	27	4.3
1527193561.81	4300	59.497974	0.0	2143948	23	4.3
1527193565.48	4300	59.749159	0.0	1919781	21	4.3
1527193569.64	4300	59.99823	0.0	2147467	25	4.3
1527193573.81	4300	59.749142	0.0	2133870	23	4.3
1527193577.47	4300	59.748859	0.0	2146120	17	4.3
1527193581.62	4300	59.748581	0.0	2108491	20	4.3
1527193585.78	4300	59.748703	0.0	2184571	23	4.3
1527193589.5	4300	59.748513	0.0	2121928	24	4.3
1527193593.65	4300	59.748589	0.0	2219102	22	4.3
1527193597.82	4300	59.748158	0.0	2124950	23	4.3
1527193601.46	4300	59.748701	0.0	2246506	21	4.3
1527193605.58	4300	59.997594	0.0	1961140	12	4.3
1527193609.2	4300	59.999192	0.0	2155012	14	4.3
1527193611.32	4300	59.677912	0.0	1433658	16	4.3

1527193611.68	750	4	0.016	668286	2	-0.06879999999999997
1527193611.84	4300	7.952351	0.0	2123065	20	0.75
1527193611.97	4300	11.818717	0.0	2177073	17	4.3
1527193612.12	4300	15.678643	0.0	2160877	16	4.3
1527193612.25	4300	19.546243	0.0	2233056	15	4.3
1527193612.38	4300	23.41461	0.0	1941625	14	4.3
1527193612.52	4300	27.279458	0.0	2157535	15	4.3
1527193612.67	4300	31.126286	0.0	2290172	19	4.3
1527193612.78	4300	35.008316	0.0	2055469	8	4.3
1527193612.92	4300	38.876374	0.0	2169201	16	4.3
1527193613.04	4300	42.752153	0.0	2173522	11	4.3
1527193613.18	4300	46.60822	0.0	2102452	22	4.3
1527193613.31	4300	50.478349	0.0	2209463	15	4.3
1527193613.46	4300	54.333877	0.0	2275376	23	4.3
1527193613.6	4300	58.191014	0.0	2005399	24	4.3
1527193616.22	4300	59.998038	0.0	2152483	8	4.3
1527193620.37	4300	59.499602	0.0	2289689	16	4.3
1527193624.02	4300	59.999226	0.0	2059512	21	4.3
1527193628.18	4300	59.748189	0.0	2220726	23	4.3
1527193632.41	4300	59.499178	0.0	2156729	24	4.3
1527193636.07	4300	59.998612	0.0	2039773	24	4.3
1527193640.23	4300	59.749194	0.0	2176469	25	4.3
1527193643.88	4300	59.998662	0.0	2221506	21	4.3
1527193648.54	4300	59.749012	0.0	2044075	22	4.3
1527193652.19	4300	59.999323	0.0	2186790	22	4.3
1527193655.84	4300	59.999091	0.0	2105231	24	4.3
1527193660.51	4300	59.499763	0.0	2395588	27	4.3
1527193664.16	4300	59.749423	0.0	1972048	20	4.3
1527193667.81	4300	59.999063	0.0	2134614	25	4.3
1527193671.97	4300	59.998903	0.0	2164140	24	4.3
1527193676.14	4300	59.749791	0.0	2113193	20	4.3
1527193680.29	4300	59.749365	0.0	2147852	22	4.3
1527193683.95	4300	59.999305	0.0	2191074	24	4.3
1527193688.13	4300	59.749177	0.0	2286761	20	4.3
1527193692.36	4300	59.748839	0.0	2307787	26	4.3
1527193696.02	4300	59.998701	0.0	2143948	24	4.3
1527193700.17	4300	59.747869	0.0	1919781	15	4.3
1527193703.82	4300	59.999181	0.0	2147467	22	4.3
1527193707.98	4300	59.997734	0.0	2133870	19	4.3
1527193712.15	4300	59.748846	0.0	2146120	23	4.3
1527193715.81	4300	59.999168	0.0	2108491	23	4.3
1527193719.97	4300	59.998291	0.0	2184571	25	4.3
1527193724.11	4300	59.998959	0.0	2121928	14	4.3
1527193728.27	4300	59.998789	0.0	2219102	19	4.3
1527193731.91	4300	59.998849	0.0	2124950	14	4.3
1527193736.06	4300	59.748865	0.0	2246506	23	4.3
1527193740.2	4300	59.749094	0.0	1961140	22	4.3
1527193744.33	4300	59.498297	0.0	2155012	25	4.3
1527193745.95	4300	59.678503	0.0	1433658	17	4.3

1527193746.24	750	4	0.021	668286	4	-0.09030000000000005
1527193746.43	4300	7.944984	0.0	2123065	22	0.75
1527193746.58	4300	11.795529	0.0	2177073	23	4.3
1527193746.71	4300	15.665653	0.0	2160877	12	4.3
1527193746.87	4300	19.500936	0.0	2233056	13	4.3
1527193747.0	4300	23.373774	0.0	1941625	12	4.3
1527193747.13	4300	27.244597	0.0	2157535	13	4.3
1527193747.25	4300	31.119522	0.0	2290172	14	4.3
1527193747.4	4300	34.970842	0.0	2055469	23	4.3
1527193747.56	4300	38.818166	0.0	2169201	25	4.3
1527193747.68	4300	42.696337	0.0	2173522	10	4.3
1527193747.83	4300	46.546208	0.0	2102452	24	4.3
1527193747.96	4300	50.411302	0.0	2209463	16	4.3
1527193748.1	4300	54.27915	0.0	2275376	16	4.3
1527193748.25	4300	58.124321	0.0	2005399	34	4.3
1527193750.38	4300	59.998795	0.0	2152483	12	4.3
1527193754.55	4300	59.999205	0.0	2289689	27	4.3
1527193758.71	4300	59.749882	0.0	2059512	23	4.3
1527193762.87	4300	59.499318	0.0	2220726	25	4.3
1527193766.54	4300	59.998475	0.0	2156729	25	4.3
1527193770.71	4300	59.748271	0.0	2039773	22	4.3
1527193774.86	4300	59.999418	0.0	2176469	20	4.3
