1527234942.6	750	4	0.03	2354772	8	-0.129
1527234942.73	4300	7.959461	0.0	2123065	24	0.75
1527234942.83	4300	11.860778	0.0	2177073	21	4.3
1527234942.92	4300	15.773815	0.0	2160877	16	4.3
1527234943.0	4300	19.689741	0.0	2233056	15	4.3
1527234943.07	4300	23.618107	0.0	1941625	6	4.3
1527234943.14	4300	27.548258	0.0	2157535	7	4.3
1527234943.22	4300	31.475872	0.0	2290172	8	4.3
1527234943.31	4300	35.388836	0.0	2055469	18	4.3
1527234943.4	4300	39.290059	0.0	2169201	21	4.3
1527234943.49	4300	43.200161	0.0	2173522	16	4.3
1527234943.57	4300	47.123324	0.0	2102452	10	4.3
1527234943.66	4300	51.034351	0.0	2209463	15	4.3
1527234943.75	4300	54.945646	0.0	2275376	14	4.3
1527234943.84	4300	58.851076	0.0	2005399	13	4.3
1527234947.43	4300	59.497757	0.0	2152483	8	4.3
1527234951.05	4300	59.748895	0.0	2289689	28	4.3
1527234955.15	4300	59.74923	0.0	2059512	18	4.3
1527234959.27	4300	59.749211	0.0	2220726	13	4.3
1527234962.88	4300	59.99886	0.0	2156729	19	4.3
1527234967.0	4300	59.998895	0.0	2039773	22	4.3
1527234971.11	4300	59.747672	0.0	2176469	25	4.3
1527234974.72	4300	59.998646	0.0	2221506	25	4.3
1527234978.83	4300	59.998848	0.0	2044075	19	4.3
1527234982.96	4300	59.998557	0.0	2186790	24	4.3
1527234987.07	4300	59.998084	0.0	2105231	26	4.3
1527234991.18	4300	59.747968	0.0	2395588	25	4.3
1527234995.29	4300	59.748624	0.0	1972048	21	4.3
1527234998.9	4300	59.998364	0.0	2134614	25	4.3
1527235003.01	4300	59.748794	0.0	2164140	19	4.3
1527235007.13	4300	59.997723	0.0	2113193	20	4.3
1527235011.25	4300	59.748229	0.0	2147852	25	4.3
1527235014.86	4300	59.999089	0.0	2191074	23	4.3
1527235018.97	4300	59.998798	0.0	2286761	18	4.3
1527235023.08	4300	59.998811	0.0	2307787	20	4.3
1527235027.19	4300	59.747651	0.0	2143948	20	4.3
1527235031.3	4300	59.747619	0.0	1919781	18	4.3
1527235034.91	4300	59.998338	0.0	2147467	22	4.3
1527235039.02	4300	59.997588	0.0	2133870	24	4.3
1527235043.14	4300	59.997404	0.0	2146120	25	4.3
1527235046.75	4300	59.998498	0.0	2108491	21	4.3
1527235051.38	4300	59.498497	0.0	2184571	26	4.3
1527235055.0	4300	59.748155	0.0	2121928	24	4.3
1527235059.11	4300	59.748816	0.0	2219102	21	4.3
1527235062.73	4300	59.998664	0.0	2124950	25	4.3
1527235067.35	4300	59.498907	0.0	2246506	25	4.3
1527235070.95	4300	59.741507	0.0	1961140	22	4.3
1527235075.06	4300	59.998771	0.0	2155012	24	4.3
1527235077.16	4300	59.427276	0.0	1433658	17	4.3

1527235077.46	750	4	0.016	668286	3	-0.06879999999999997
1527235077.54	4300	7.979591	0.0	2123065	7	0.75
1527235077.65	4300	11.875947	0.0	2177073	23	4.3
1527235077.74	4300	15.789007	0.0	2160877	15	4.3
1527235077.81	4300	19.709514	0.0	2233056	10	4.3
1527235077.88	4300	23.639152	0.0	1941625	7	4.3
1527235077.95	4300	27.567597	0.0	2157535	6	4.3
1527235078.03	4300	31.496098	0.0	2290172	8	4.3
1527235078.1	4300	35.425352	0.0	2055469	7	4.3
1527235078.17	4300	39.353726	0.0	2169201	7	4.3
1527235078.24	4300	43.279035	0.0	2173522	9	4.3
1527235078.32	4300	47.204969	0.0	2102452	7	4.3
1527235078.39	4300	51.133348	0.0	2209463	7	4.3
1527235078.46	4300	55.060302	0.0	2275376	8	4.3
1527235078.53	4300	58.988064	0.0	2005399	6	4.3
1527235081.62	4300	59.998209	0.0	2152483	8	4.3
1527235085.79	4300	59.998677	0.0	2289689	30	4.3
1527235089.92	4300	59.74948	0.0	2059512	39	4.3
1527235094.08	4300	59.749686	0.0	2220726	22	4.3
1527235098.19	4300	59.498678	0.0	2156729	25	4.3
1527235101.8	4300	59.749377	0.0	2039773	22	4.3
1527235105.91	4300	59.747693	0.0	2176469	22	4.3
1527235110.03	4300	59.499032	0.0	2221506	25	4.3
1527235113.65	4300	59.998033	0.0	2044075	23	4.3
1527235118.25	4300	59.498878	0.0	2186790	18	4.3
1527235121.87	4300	59.74896	0.0	2105231	25	4.3
1527235125.99	4300	59.998961	0.0	2395588	22	4.3
1527235129.6	4300	59.999383	0.0	1972048	23	4.3
1527235134.22	4300	59.499244	0.0	2134614	21	4.3
1527235137.82	4300	59.73166	0.0	2164140	15	4.3
1527235141.93	4300	59.748019	0.0	2113193	24	4.3
1527235146.05	4300	59.748643	0.0	2147852	24	4.3
1527235149.66	4300	59.998833	0.0	2191074	22	4.3
1527235153.78	4300	59.749066	0.0	2286761	25	4.3
1527235157.9	4300	59.998313	0.0	2307787	23	4.3
1527235162.01	4300	59.747995	0.0	2143948	20	4.3
1527235166.12	4300	59.748401	0.0	1919781	20	4.3
1527235170.27	4300	59.747764	0.0	2147467	20	4.3
1527235173.9	4300	59.748626	0.0	2133870	24	4.3
1527235178.02	4300	59.747942	0.0	2146120	25	4.3
1527235182.14	4300	59.497429	0.0	2108491	24	4.3
1527235185.78	4300	59.998151	0.0	2184571	22	4.3
1527235189.9	4300	59.997841	0.0	2121928	22	4.3
1527235194.01	4300	59.749006	0.0	2219102	23	4.3
1527235197.63	4300	59.998921	0.0	2124950	25	4.3
1527235202.24	4300	59.748312	0.0	2246506	18	4.3
1527235205.84	4300	59.74775	0.0	1961140	21	4.3
1527235209.95	4300	59.74859	0.0	2155012	20	4.3
1527235211.54	4300	59.678512	0.0	1433658	16	4.3

1527235211.82	750	4	0.016	668286	3	-0.06879999999999997
1527235211.9	4300	7.980947	0.0	2123065	6	0.75
1527235211.97	4300	11.907315	0.0	2177073	7	4.3
1527235212.04	4300	15.83418	0.0	2160877	6	4.3
1527235212.11	4300	19.763344	0.0	2233056	7	4.3
1527235212.19	4300	23.691389	0.0	1941625	6	4.3
1527235212.26	4300	27.62005	0.0	2157535	7	4.3
1527235212.33	4300	31.549537	0.0	2290172	8	4.3
1527235212.4	4300	35.476818	0.0	2055469	7	4.3
1527235212.47	4300	39.405258	0.0	2169201	8	4.3
1527235212.54	4300	43.334558	0.0	2173522	7	4.3
1527235212.61	4300	47.262896	0.0	2102452	7	4.3
1527235212.68	4300	51.192936	0.0	2209463	7	4.3
1527235212.77	4300	55.1062	0.0	2275376	17	4.3
1527235212.85	4300	59.022293	0.0	2005399	14	4.3
1527235216.44	4300	59.4989	0.0	2152483	8	4.3
1527235220.05	4300	59.998694	0.0	2289689	25	4.3
1527235224.17	4300	59.749529	0.0	2059512	22	4.3
1527235228.28	4300	59.748648	0.0	2220726	21	4.3
1527235232.4	4300	59.498782	0.0	2156729	24	4.3
1527235236.02	4300	59.998531	0.0	2039773	23	4.3
1527235240.13	4300	59.997609	0.0	2176469	21	4.3
1527235244.24	4300	59.998418	0.0	2221506	22	4.3
1527235248.39	4300	59.749403	0.0	2044075	21	4.3
1527235252.51	4300	59.49793	0.0	2186790	26	4.3
1527235256.62	4300	59.498101	0.0	2105231	26	4.3
1527235260.24	4300	59.74861	0.0	2395588	28	4.3
1527235264.47	4300	59.748573	0.0	1972048	22	4.3
1527235268.09	4300	59.999213	0.0	2134614	24	4.3
1527235272.19	4300	59.748296	0.0	2164140	22	4.3
1527235276.31	4300	59.749301	0.0	2113193	25	4.3
1527235279.93	4300	59.997683	0.0	2147852	23	4.3
1527235284.04	4300	59.999162	0.0	2191074	25	4.3
1527235288.16	4300	59.998457	0.0	2286761	24	4.3
1527235292.28	4300	59.748577	0.0	2307787	22	4.3
1527235296.39	4300	59.498188	0.0	2143948	25	4.3
1527235300.01	4300	59.998671	0.0	1919781	24	4.3
1527235304.09	4300	59.998848	0.0	2147467	7	4.3
1527235308.2	4300	59.998848	0.0	2133870	21	4.3
1527235312.29	4300	59.748718	0.0	2146120	13	4.3
1527235315.91	4300	59.998647	0.0	2108491	24	4.3
1527235320.04	4300	59.999202	0.0	2184571	23	4.3
1527235324.16	4300	59.749345	0.0	2121928	24	4.3
