1527212315.2	750	4	0.014	450283	1	-0.06020000000000003
1527212315.36	4300	7.955622	0.0	2123065	17	0.75
1527212315.5	4300	11.812619	0.0	2177073	20	4.3
1527212315.65	4300	15.658479	0.0	2160877	18	4.3
1527212315.79	4300	19.516145	0.0	2233056	23	4.3
1527212315.93	4300	23.388461	0.0	1941625	13	4.3
1527212316.05	4300	27.256125	0.0	2157535	14	4.3
1527212316.19	4300	31.118121	0.0	2290172	14	4.3
1527212316.32	4300	34.98964	0.0	2055469	13	4.3
1527212316.45	4300	38.860185	0.0	2169201	14	4.3
1527212316.58	4300	42.727633	0.0	2173522	14	4.3
1527212316.73	4300	46.583788	0.0	2102452	20	4.3
1527212316.87	4300	50.439213	0.0	2209463	25	4.3
1527212317.01	4300	54.307694	0.0	2275376	15	4.3
1527212317.13	4300	58.176176	0.0	2005399	13	4.3
1527212319.78	4300	59.749165	0.0	2152483	14	4.3
1527212323.94	4300	59.749478	0.0	2289689	26	4.3
1527212327.6	4300	59.748964	0.0	2059512	24	4.3
1527212332.27	4300	59.249884	0.0	2220726	26	4.3
1527212335.92	4300	59.499179	0.0	2156729	21	4.3
1527212339.58	4300	59.748287	0.0	2039773	24	4.3
1527212343.81	4300	59.749923	0.0	2176469	17	4.3
1527212347.45	4300	59.998439	0.0	2221506	13	4.3
1527212351.61	4300	59.998445	0.0	2044075	15	4.3
1527212355.77	4300	59.749243	0.0	2186790	24	4.3
1527212359.43	4300	59.999038	0.0	2105231	23	4.3
1527212363.6	4300	59.998383	0.0	2395588	26	4.3
1527212367.76	4300	59.748642	0.0	1972048	22	4.3
1527212371.42	4300	59.99798	0.0	2134614	22	4.3
1527212375.58	4300	59.999447	0.0	2164140	22	4.3
1527212379.74	4300	59.99842	0.0	2113193	25	4.3
1527212383.91	4300	59.498213	0.0	2147852	24	4.3
1527212387.64	4300	59.747933	0.0	2191074	21	4.3
1527212391.81	4300	59.998419	0.0	2286761	25	4.3
1527212395.47	4300	59.998672	0.0	2307787	25	4.3
1527212399.63	4300	59.749685	0.0	2143948	25	4.3
1527212403.79	4300	59.7489	0.0	1919781	22	4.3
1527212407.43	4300	59.999326	0.0	2147467	15	4.3
1527212411.6	4300	59.999232	0.0	2133870	25	4.3
1527212415.76	4300	59.74917	0.0	2146120	21	4.3
1527212419.47	4300	59.998068	0.0	2108491	22	4.3
1527212423.64	4300	59.748823	0.0	2184571	24	4.3
1527212427.91	4300	59.998999	0.0	2121928	24	4.3
1527212431.56	4300	59.998643	0.0	2219102	24	4.3
1527212435.72	4300	59.999145	0.0	2124950	25	4.3
1527212439.87	4300	59.748972	0.0	2246506	22	4.3
1527212444.01	4300	59.498604	0.0	1961140	19	4.3
1527212447.64	4300	59.999206	0.0	2155012	24	4.3
1527212449.26	4300	59.928523	0.0	1433658	16	4.3

1527212449.54	750	4	0.017	668286	4	-0.07309999999999994
1527212449.7	4300	7.955409	0.0	2123065	17	0.75
1527212449.84	4300	11.810401	0.0	2177073	19	4.3
1527212449.99	4300	15.666443	0.0	2160877	19	4.3
1527212450.11	4300	19.539738	0.0	2233056	12	4.3
1527212450.26	4300	23.397347	0.0	1941625	20	4.3
1527212450.39	4300	27.269191	0.0	2157535	13	4.3
1527212450.51	4300	31.141597	0.0	2290172	13	4.3
1527212450.65	4300	34.999945	0.0	2055469	19	4.3
1527212450.79	4300	38.867071	0.0	2169201	15	4.3
1527212450.92	4300	42.733072	0.0	2173522	16	4.3
1527212451.12	4300	46.536373	0.0	2102452	14	4.3
1527212451.25	4300	50.403926	0.0	2209463	15	4.3
1527212451.39	4300	54.263873	0.0	2275376	21	4.3
1527212451.51	4300	58.142721	0.0	2005399	8	4.3
1527212454.14	4300	59.747743	0.0	2152483	10	4.3
1527212458.28	4300	59.498329	0.0	2289689	16	4.3
1527212461.93	4300	59.748894	0.0	2059512	15	4.3
1527212466.09	4300	59.749297	0.0	2220726	24	4.3
1527212470.25	4300	59.498842	0.0	2156729	22	4.3
1527212473.92	4300	59.998274	0.0	2039773	22	4.3
1527212478.08	4300	59.74778	0.0	2176469	24	4.3
1527212482.23	4300	59.749101	0.0	2221506	22	4.3
1527212485.9	4300	59.999026	0.0	2044075	23	4.3
1527212490.05	4300	59.749564	0.0	2186790	23	4.3
1527212494.22	4300	59.747867	0.0	2105231	23	4.3
1527212498.37	4300	59.748051	0.0	2395588	21	4.3
1527212502.04	4300	59.997699	0.0	1972048	22	4.3
1527212505.69	4300	59.997856	0.0	2134614	25	4.3
1527212509.86	4300	59.999161	0.0	2164140	25	4.3
1527212514.02	4300	59.748019	0.0	2113193	25	4.3
1527212517.67	4300	59.99902	0.0	2147852	21	4.3
1527212522.33	4300	59.497788	0.0	2191074	24	4.3
1527212526.0	4300	59.747637	0.0	2286761	25	4.3
1527212530.17	4300	59.747665	0.0	2307787	27	4.3
1527212533.83	4300	59.99866	0.0	2143948	24	4.3
1527212537.99	4300	59.747444	0.0	1919781	21	4.3
1527212542.15	4300	59.997714	0.0	2147467	19	4.3
1527212546.03	4300	59.998944	0.0	2133870	11	4.3
1527212549.69	4300	59.998929	0.0	2146120	18	4.3
1527212553.86	4300	59.998931	0.0	2108491	24	4.3
1527212558.02	4300	59.748257	0.0	2184571	20	4.3
1527212561.68	4300	59.999112	0.0	2121928	25	4.3
1527212565.83	4300	59.997758	0.0	2219102	25	4.3
1527212569.99	4300	59.747348	0.0	2124950	18	4.3
1527212574.14	4300	59.997436	0.0	2246506	25	4.3
1527212578.28	4300	59.49855	0.0	1961140	22	4.3
1527212581.92	4300	59.748368	0.0	2155012	24	4.3
1527212584.03	4300	59.678624	0.0	1433658	11	4.3

1527212584.35	750	4	0.017	668286	4	-0.07309999999999994
1527212584.5	4300	7.958931	0.0	2123065	17	0.75
1527212584.64	4300	11.817759	0.0	2177073	20	4.3
1527212584.78	4300	15.675706	0.0	2160877	16	4.3
1527212584.95	4300	19.515221	0.0	2233056	28	4.3
1527212585.1	4300	23.362521	0.0	1941625	25	4.3
1527212585.23	4300	27.234267	0.0	2157535	14	4.3
1527212585.34	4300	31.115552	0.0	2290172	9	4.3
1527212585.49	4300	34.968364	0.0	2055469	23	4.3
1527212585.62	4300	38.84201	0.0	2169201	12	4.3
1527212585.77	4300	42.691741	0.0	2173522	24	4.3
1527212585.9	4300	46.560011	0.0	2102452	15	4.3
1527212586.02	4300	50.44136	0.0	2209463	9	4.3
1527212586.17	4300	54.292776	0.0	2275376	21	4.3
1527212586.3	4300	58.155282	0.0	2005399	23	4.3
1527212588.96	4300	59.748451	0.0	2152483	22	4.3
1527212593.11	4300	59.499525	0.0	2289689	19	4.3
1527212596.83	4300	59.998122	0.0	2059512	22	4.3
1527212600.5	4300	59.999126	0.0	2220726	26	4.3
1527212604.66	4300	59.998701	0.0	2156729	25	4.3
1527212608.82	4300	59.749442	0.0	2039773	23	4.3
1527212612.48	4300	59.999194	0.0	2176469	20	4.3
1527212617.13	4300	59.748242	0.0	2221506	22	4.3
