1527288124.1	750	4	0.031	2354772	7	-0.13329999999999997
1527288124.2	4300	7.904594	0.0	2123065	17	0.75
1527288124.29	4300	11.812317	0.0	2177073	19	4.3
1527288124.37	4300	15.734918	0.0	2160877	11	4.3
1527288124.45	4300	19.659471	0.0	2233056	11	4.3
1527288124.52	4300	23.585045	0.0	1941625	8	4.3
1527288124.59	4300	27.510548	0.0	2157535	10	4.3
1527288124.72	4300	31.412858	0.0	2290172	23	4.3
1527288124.8	4300	35.303381	0.0	2055469	11	4.3
1527288124.9	4300	39.223978	0.0	2169201	13	4.3
1527288124.97	4300	43.128931	0.0	2173522	13	4.3
1527288125.07	4300	47.031474	0.0	2102452	19	4.3
1527288125.15	4300	50.954995	0.0	2209463	10	4.3
1527288125.24	4300	54.866535	0.0	2275376	22	4.3
1527288125.34	4300	58.763418	0.0	2005399	22	4.3
1527288128.43	4300	59.748539	0.0	2152483	11	4.3
1527288132.54	4300	59.74768	0.0	2289689	23	4.3
1527288136.65	4300	59.747728	0.0	2059512	20	4.3
1527288140.82	4300	59.497769	0.0	2220726	23	4.3
1527288144.43	4300	59.998778	0.0	2156729	22	4.3
1527288148.55	4300	59.748652	0.0	2039773	23	4.3
1527288152.16	4300	59.998891	0.0	2176469	25	4.3
1527288156.76	4300	59.497864	0.0	2221506	12	4.3
1527288160.36	4300	59.749554	0.0	2044075	20	4.3
1527288164.47	4300	59.749079	0.0	2186790	19	4.3
1527288168.58	4300	59.749008	0.0	2105231	22	4.3
1527288172.19	4300	59.998319	0.0	2395588	22	4.3
1527288176.3	4300	59.997876	0.0	1972048	22	4.3
1527288180.38	4300	59.998674	0.0	2134614	6	4.3
1527288184.49	4300	59.685938	0.0	2164140	27	4.3
1527288188.61	4300	59.997478	0.0	2113193	22	4.3
1527288192.22	4300	59.998689	0.0	2147852	23	4.3
1527288196.33	4300	59.998749	0.0	2191074	21	4.3
1527288200.44	4300	59.748736	0.0	2286761	21	4.3
1527288204.55	4300	59.748556	0.0	2307787	23	4.3
1527288208.16	4300	59.998779	0.0	2143948	20	4.3
1527288212.28	4300	59.998451	0.0	1919781	21	4.3
1527288216.39	4300	59.998762	0.0	2147467	22	4.3
1527288220.5	4300	59.998247	0.0	2133870	24	4.3
1527288224.6	4300	59.747569	0.0	2146120	15	4.3
1527288228.23	4300	59.997888	0.0	2108491	24	4.3
1527288232.35	4300	59.99788	0.0	2184571	25	4.3
1527288236.49	4300	59.747647	0.0	2121928	25	4.3
1527288240.6	4300	59.99724	0.0	2219102	23	4.3
1527288244.71	4300	59.484909	0.0	2124950	24	4.3
1527288248.31	4300	59.999228	0.0	2246506	15	4.3
1527288252.42	4300	59.747421	0.0	1961140	21	4.3
1527288256.53	4300	59.747852	0.0	2155012	23	4.3
1527288258.13	4300	59.679139	0.0	1433658	17	4.3

1527288258.46	750	4	0.027	2354772	9	-0.11609999999999998
1527288258.56	4300	7.965632	0.0	2123065	20	0.75
1527288258.64	4300	11.879547	0.0	2177073	15	4.3
1527288258.73	4300	15.78638	0.0	2160877	21	4.3
1527288258.83	4300	19.690971	0.0	2233056	14	4.3
1527288258.9	4300	23.620034	0.0	1941625	8	4.3
1527288258.97	4300	27.54864	0.0	2157535	8	4.3
1527288259.04	4300	31.477036	0.0	2290172	8	4.3
1527288259.12	4300	35.405853	0.0	2055469	8	4.3
1527288259.19	4300	39.332171	0.0	2169201	8	4.3
1527288259.26	4300	43.261148	0.0	2173522	9	4.3
1527288259.33	4300	47.189503	0.0	2102452	8	4.3
1527288259.41	4300	51.106877	0.0	2209463	19	4.3
1527288259.48	4300	55.035479	0.0	2275376	8	4.3
1527288259.55	4300	58.965777	0.0	2005399	8	4.3
1527288263.15	4300	59.499314	0.0	2152483	18	4.3
1527288267.27	4300	59.497883	0.0	2289689	26	4.3
1527288270.88	4300	59.747729	0.0	2059512	23	4.3
1527288274.98	4300	59.749219	0.0	2220726	23	4.3
1527288278.6	4300	59.999121	0.0	2156729	23	4.3
1527288282.71	4300	59.99906	0.0	2039773	22	4.3
1527288286.83	4300	59.749414	0.0	2176469	25	4.3
1527288290.94	4300	59.748871	0.0	2221506	23	4.3
1527288295.06	4300	59.749127	0.0	2044075	23	4.3
1527288299.17	4300	59.748791	0.0	2186790	22	4.3
1527288302.77	4300	59.999414	0.0	2105231	21	4.3
1527288306.88	4300	59.998335	0.0	2395588	22	4.3
1527288311.03	4300	59.999288	0.0	1972048	17	4.3
1527288315.14	4300	59.748615	0.0	2134614	24	4.3
1527288318.76	4300	59.80986	0.0	2164140	27	4.3
1527288322.86	4300	59.748318	0.0	2113193	21	4.3
1527288326.96	4300	59.99916	0.0	2147852	13	4.3
1527288331.08	4300	59.748691	0.0	2191074	25	4.3
1527288334.69	4300	59.998038	0.0	2286761	26	4.3
1527288338.8	4300	59.749191	0.0	2307787	21	4.3
1527288342.91	4300	59.997656	0.0	2143948	24	4.3
1527288347.01	4300	59.748312	0.0	1919781	21	4.3
1527288350.6	4300	59.999071	0.0	2147467	10	4.3
1527288354.7	4300	59.999401	0.0	2133870	20	4.3
1527288358.8	4300	59.747754	0.0	2146120	21	4.3
1527288362.91	4300	59.747584	0.0	2108491	24	4.3
1527288367.0	4300	59.9984	0.0	2184571	9	4.3
1527288370.62	4300	59.998093	0.0	2121928	23	4.3
1527288375.24	4300	59.748185	0.0	2219102	25	4.3
1527288378.85	4300	59.997521	0.0	2124950	22	4.3
1527288382.96	4300	59.748328	0.0	2246506	24	4.3
1527288386.56	4300	59.99807	0.0	1961140	23	4.3
1527288390.67	4300	59.997514	0.0	2155012	22	4.3
1527288392.77	4300	59.677679	0.0	1433658	16	4.3

1527288393.0	750	4	0.015	450283	4	-0.0645
1527288393.1	4300	7.96569	0.0	2123065	13	0.75
1527288393.17	4300	11.894175	0.0	2177073	8	4.3
1527288393.24	4300	15.8224	0.0	2160877	8	4.3
1527288393.31	4300	19.752066	0.0	2233056	9	4.3
1527288393.38	4300	23.679501	0.0	1941625	7	4.3
1527288393.45	4300	27.609788	0.0	2157535	8	4.3
1527288393.52	4300	31.539096	0.0	2290172	8	4.3
1527288393.59	4300	35.468749	0.0	2055469	8	4.3
1527288393.66	4300	39.397974	0.0	2169201	9	4.3
1527288393.74	4300	43.325348	0.0	2173522	8	4.3
1527288393.81	4300	47.253166	0.0	2102452	8	4.3
1527288393.88	4300	51.17897	0.0	2209463	9	4.3
1527288393.96	4300	55.100194	0.0	2275376	10	4.3
1527288394.03	4300	59.030149	0.0	2005399	6	4.3
1527288397.69	4300	59.74803	0.0	2152483	7	4.3
1527288401.29	4300	59.998261	0.0	2289689	24	4.3
1527288405.4	4300	59.74971	0.0	2059512	20	4.3
1527288409.51	4300	59.747934	0.0	2220726	22	4.3
1527288413.11	4300	59.999189	0.0	2156729	23	4.3
1527288417.72	4300	59.748588	0.0	2039773	19	4.3
1527288421.33	4300	59.748249	0.0	2176469	27	4.3
1527288425.44	4300	59.748208	0.0	2221506	22	4.3
1527288429.55	4300	59.747937	0.0	2044075	20	4.3
1527288433.15	4300	59.998444	0.0	2186790	22	4.3
1527288437.76	4300	59.749174	0.0	2105231	21	4.3
1527288441.37	4300	59.748709	0.0	2395588	26	4.3
1527288445.48	4300	59.748919	0.0	1972048	21	4.3
1527288449.08	4300	59.997747	0.0	2134614	26	4.3
1527288453.69	4300	59.747894	0.0	2164140	21	4.3
1527288457.3	4300	59.998747	0.0	2113193	25	4.3
1527288461.41	4300	59.997424	0.0	2147852	22	4.3
