1527248977.64	750	4	0.028	2354772	7	-0.12039999999999995
1527248977.71	4300	7.985745	0.0	2123065	8	0.75
1527248977.8	4300	11.898835	0.0	2177073	17	4.3
1527248977.9	4300	15.803814	0.0	2160877	23	4.3
1527248977.99	4300	19.708554	0.0	2233056	14	4.3
1527248978.14	4300	23.627134	0.0	1941625	12	4.3
1527248978.23	4300	27.475899	0.0	2157535	15	4.3
1527248978.33	4300	31.37468	0.0	2290172	21	4.3
1527248978.41	4300	35.289983	0.0	2055469	14	4.3
1527248978.49	4300	39.206854	0.0	2169201	15	4.3
1527248978.59	4300	43.112558	0.0	2173522	23	4.3
1527248978.67	4300	47.032345	0.0	2102452	12	4.3
1527248978.75	4300	50.951037	0.0	2209463	14	4.3
1527248978.84	4300	54.859315	0.0	2275376	14	4.3
1527248978.93	4300	58.76784	0.0	2005399	11	4.3
1527248982.03	4300	59.998623	0.0	2152483	18	4.3
1527248986.14	4300	59.999035	0.0	2289689	23	4.3
1527248989.76	4300	59.998708	0.0	2059512	19	4.3
1527248994.36	4300	59.499222	0.0	2220726	18	4.3
1527248997.97	4300	59.998671	0.0	2156729	21	4.3
1527249002.08	4300	59.748893	0.0	2039773	23	4.3
1527249006.18	4300	59.998621	0.0	2176469	14	4.3
1527249010.4	4300	59.74895	0.0	2221506	24	4.3
1527249014.01	4300	59.749302	0.0	2044075	22	4.3
1527249018.13	4300	59.749247	0.0	2186790	18	4.3
1527249022.25	4300	59.749071	0.0	2105231	24	4.3
1527249025.87	4300	59.998899	0.0	2395588	27	4.3
1527249029.98	4300	59.997667	0.0	1972048	20	4.3
1527249034.09	4300	59.998139	0.0	2134614	21	4.3
1527249038.2	4300	59.591928	0.0	2164140	22	4.3
1527249041.81	4300	59.998485	0.0	2113193	19	4.3
1527249045.92	4300	59.998508	0.0	2147852	24	4.3
1527249050.04	4300	59.748603	0.0	2191074	25	4.3
1527249054.16	4300	59.99889	0.0	2286761	25	4.3
1527249058.27	4300	59.499249	0.0	2307787	20	4.3
1527249061.89	4300	59.998494	0.0	2143948	25	4.3
1527249066.0	4300	59.999418	0.0	1919781	22	4.3
1527249070.11	4300	59.749488	0.0	2147467	24	4.3
1527249074.22	4300	59.748547	0.0	2133870	25	4.3
1527249078.33	4300	59.749439	0.0	2146120	25	4.3
1527249081.94	4300	59.998153	0.0	2108491	23	4.3
1527249086.12	4300	59.998643	0.0	2184571	21	4.3
1527249089.75	4300	59.998327	0.0	2121928	25	4.3
1527249094.37	4300	59.748924	0.0	2219102	24	4.3
1527249097.99	4300	59.748915	0.0	2124950	24	4.3
1527249102.1	4300	59.748255	0.0	2246506	19	4.3
1527249106.21	4300	59.74906	0.0	1961140	18	4.3
1527249109.82	4300	59.997494	0.0	2155012	22	4.3
1527249111.92	4300	59.678802	0.0	1433658	15	4.3

1527249112.24	750	4	0.028	2354772	8	-0.12039999999999995
1527249112.33	4300	7.965758	0.0	2123065	20	0.75
1527249112.42	4300	11.884786	0.0	2177073	13	4.3
1527249112.5	4300	15.802938	0.0	2160877	13	4.3
1527249112.58	4300	19.7202	0.0	2233056	13	4.3
1527249112.66	4300	23.642015	0.0	1941625	11	4.3
1527249112.76	4300	27.537658	0.0	2157535	21	4.3
1527249112.86	4300	31.44271	0.0	2290172	15	4.3
1527249112.94	4300	35.358631	0.0	2055469	14	4.3
1527249113.02	4300	39.282429	0.0	2169201	9	4.3
1527249113.09	4300	43.209719	0.0	2173522	9	4.3
1527249113.16	4300	47.136907	0.0	2102452	8	4.3
1527249113.25	4300	51.052651	0.0	2209463	20	4.3
1527249113.32	4300	54.981814	0.0	2275376	7	4.3
1527249113.4	4300	58.895107	0.0	2005399	15	4.3
1527249116.99	4300	59.749632	0.0	2152483	8	4.3
1527249120.61	4300	59.749338	0.0	2289689	24	4.3
1527249124.72	4300	59.748386	0.0	2059512	17	4.3
1527249128.84	4300	59.748231	0.0	2220726	26	4.3
1527249132.46	4300	59.998543	0.0	2156729	25	4.3
1527249136.56	4300	59.749108	0.0	2039773	19	4.3
1527249140.67	4300	59.748655	0.0	2176469	24	4.3
1527249144.79	4300	59.997766	0.0	2221506	23	4.3
1527249148.9	4300	59.499216	0.0	2044075	19	4.3
1527249152.51	4300	59.998196	0.0	2186790	22	4.3
1527249156.63	4300	59.748988	0.0	2105231	22	4.3
1527249160.74	4300	59.748422	0.0	2395588	26	4.3
1527249164.35	4300	59.998139	0.0	1972048	21	4.3
1527249168.71	4300	59.997705	0.0	2134614	18	4.3
1527249172.83	4300	59.498569	0.0	2164140	26	4.3
1527249176.94	4300	59.748157	0.0	2113193	26	4.3
1527249180.56	4300	59.748515	0.0	2147852	22	4.3
1527249184.67	4300	59.747643	0.0	2191074	20	4.3
1527249188.78	4300	59.998684	0.0	2286761	24	4.3
1527249192.41	4300	59.997367	0.0	2307787	25	4.3
1527249196.53	4300	59.999291	0.0	2143948	24	4.3
1527249200.64	4300	59.997541	0.0	1919781	22	4.3
1527249204.76	4300	59.747638	0.0	2147467	24	4.3
1527249208.37	4300	59.99806	0.0	2133870	23	4.3
1527249212.99	4300	59.747761	0.0	2146120	26	4.3
1527249216.61	4300	59.747623	0.0	2108491	24	4.3
1527249220.73	4300	59.749376	0.0	2184571	22	4.3
1527249224.34	4300	59.998952	0.0	2121928	24	4.3
1527249228.96	4300	59.74868	0.0	2219102	23	4.3
1527249232.57	4300	59.747479	0.0	2124950	25	4.3
1527249236.68	4300	59.748923	0.0	2246506	22	4.3
1527249240.79	4300	59.747824	0.0	1961140	20	4.3
1527249244.9	4300	59.749204	0.0	2155012	22	4.3
1527249246.5	4300	59.678036	0.0	1433658	17	4.3

1527249246.8	750	4	0.032	2354772	10	-0.13759999999999994
1527249246.88	4300	7.917076	0.0	2123065	11	0.75
1527249246.96	4300	11.84194	0.0	2177073	7	4.3
1527249247.03	4300	15.769488	0.0	2160877	7	4.3
1527249247.13	4300	19.683916	0.0	2233056	7	4.3
1527249247.22	4300	23.577631	0.0	1941625	16	4.3
1527249247.32	4300	27.482991	0.0	2157535	17	4.3
1527249247.39	4300	31.407549	0.0	2290172	10	4.3
1527249247.47	4300	35.33134	0.0	2055469	10	4.3
1527249247.54	4300	39.25616	0.0	2169201	9	4.3
1527249247.64	4300	43.162065	0.0	2173522	19	4.3
1527249247.75	4300	47.055045	0.0	2102452	25	4.3
1527249247.85	4300	50.953456	0.0	2209463	24	4.3
1527249247.93	4300	54.866947	0.0	2275376	15	4.3
1527249248.02	4300	58.781694	0.0	2005399	13	4.3
1527249251.1	4300	59.749352	0.0	2152483	8	4.3
1527249255.22	4300	59.749356	0.0	2289689	24	4.3
1527249258.83	4300	59.998121	0.0	2059512	21	4.3
1527249263.44	4300	59.497653	0.0	2220726	18	4.3
1527249267.1	4300	59.99878	0.0	2156729	23	4.3
1527249271.21	4300	59.999202	0.0	2039773	18	4.3
1527249275.29	4300	59.747782	0.0	2176469	7	4.3
1527249278.89	4300	59.998993	0.0	2221506	23	4.3
1527249283.5	4300	59.497773	0.0	2044075	18	4.3
1527249287.11	4300	59.748008	0.0	2186790	23	4.3
1527249291.22	4300	59.749647	0.0	2105231	20	4.3
1527249294.84	4300	59.998637	0.0	2395588	21	4.3
1527249298.95	4300	59.998426	0.0	1972048	23	4.3
1527249303.06	4300	59.747963	0.0	2134614	24	4.3
1527249307.19	4300	59.688973	0.0	2164140	25	4.3
1527249311.31	4300	59.498133	0.0	2113193	25	4.3
1527249315.41	4300	59.748399	0.0	2147852	14	4.3
1527249319.02	4300	59.998281	0.0	2191074	24	4.3
1527249323.14	4300	59.749471	0.0	2286761	26	4.3
1527249327.26	4300	59.749414	0.0	2307787	21	4.3
1527249330.88	4300	59.999117	0.0	2143948	25	4.3
