1527230667.68	750	4	0.03	2354772	8	-0.129
1527230667.82	4300	7.957595	0.0	2123065	22	0.75
1527230667.9	4300	11.868853	0.0	2177073	14	4.3
1527230668.01	4300	15.769632	0.0	2160877	25	4.3
1527230668.09	4300	19.683341	0.0	2233056	12	4.3
1527230668.18	4300	23.594743	0.0	1941625	16	4.3
1527230668.28	4300	27.491671	0.0	2157535	21	4.3
1527230668.37	4300	31.401878	0.0	2290172	15	4.3
1527230668.46	4300	35.312547	0.0	2055469	15	4.3
1527230668.54	4300	39.229246	0.0	2169201	13	4.3
1527230668.62	4300	43.151589	0.0	2173522	10	4.3
1527230668.7	4300	47.072924	0.0	2102452	10	4.3
1527230668.78	4300	50.990975	0.0	2209463	10	4.3
1527230668.89	4300	54.881889	0.0	2275376	20	4.3
1527230668.99	4300	58.787586	0.0	2005399	12	4.3
1527230672.09	4300	59.748141	0.0	2152483	7	4.3
1527230676.21	4300	59.749716	0.0	2289689	26	4.3
1527230680.33	4300	59.498959	0.0	2059512	24	4.3
1527230683.94	4300	59.998469	0.0	2220726	22	4.3
1527230688.05	4300	59.748222	0.0	2156729	24	4.3
1527230692.17	4300	59.99859	0.0	2039773	22	4.3
1527230695.78	4300	59.998997	0.0	2176469	25	4.3
1527230699.9	4300	59.998993	0.0	2221506	20	4.3
1527230704.02	4300	59.998683	0.0	2044075	23	4.3
1527230708.14	4300	59.749015	0.0	2186790	25	4.3
1527230712.25	4300	59.997904	0.0	2105231	21	4.3
1527230715.87	4300	59.998039	0.0	2395588	23	4.3
1527230719.98	4300	59.998257	0.0	1972048	22	4.3
1527230724.09	4300	59.998736	0.0	2134614	24	4.3
1527230728.21	4300	59.627137	0.0	2164140	25	4.3
1527230731.83	4300	59.99779	0.0	2113193	21	4.3
1527230735.95	4300	59.997735	0.0	2147852	24	4.3
1527230740.11	4300	59.747959	0.0	2191074	21	4.3
1527230744.26	4300	59.749179	0.0	2286761	26	4.3
1527230747.87	4300	59.997499	0.0	2307787	23	4.3
1527230752.48	4300	59.497792	0.0	2143948	16	4.3
1527230756.09	4300	59.748205	0.0	1919781	19	4.3
1527230760.21	4300	59.998399	0.0	2147467	25	4.3
1527230763.82	4300	59.999007	0.0	2133870	24	4.3
1527230768.44	4300	59.497528	0.0	2146120	19	4.3
1527230772.05	4300	59.747577	0.0	2108491	21	4.3
1527230776.17	4300	59.998751	0.0	2184571	25	4.3
1527230780.28	4300	59.748728	0.0	2121928	23	4.3
1527230784.4	4300	59.497479	0.0	2219102	24	4.3
1527230788.01	4300	59.999294	0.0	2124950	23	4.3
1527230792.13	4300	59.747822	0.0	2246506	31	4.3
1527230796.24	4300	59.748553	0.0	1961140	23	4.3
1527230800.35	4300	59.748254	0.0	2155012	15	4.3
1527230801.95	4300	59.677791	0.0	1433658	17	4.3

1527230802.23	750	4	0.015	668286	3	-0.0645
1527230802.33	4300	7.966232	0.0	2123065	14	0.75
1527230802.41	4300	11.878802	0.0	2177073	14	4.3
1527230802.5	4300	15.79387	0.0	2160877	14	4.3
1527230802.58	4300	19.70949	0.0	2233056	15	4.3
1527230802.65	4300	23.63967	0.0	1941625	7	4.3
1527230802.73	4300	27.565912	0.0	2157535	10	4.3
1527230802.8	4300	31.491958	0.0	2290172	8	4.3
1527230802.87	4300	35.421703	0.0	2055469	6	4.3
1527230802.94	4300	39.350943	0.0	2169201	8	4.3
1527230803.04	4300	43.254561	0.0	2173522	22	4.3
1527230803.12	4300	47.172458	0.0	2102452	12	4.3
1527230803.2	4300	51.09278	0.0	2209463	13	4.3
1527230803.33	4300	55.012401	0.0	2275376	13	4.3
1527230803.41	4300	58.884599	0.0	2005399	11	4.3
1527230806.5	4300	59.998474	0.0	2152483	12	4.3
1527230810.61	4300	59.748555	0.0	2289689	25	4.3
1527230814.73	4300	59.749455	0.0	2059512	22	4.3
1527230818.84	4300	59.749457	0.0	2220726	23	4.3
1527230822.45	4300	59.999274	0.0	2156729	22	4.3
1527230826.55	4300	59.998984	0.0	2039773	15	4.3
1527230830.67	4300	59.748106	0.0	2176469	23	4.3
1527230834.78	4300	59.749686	0.0	2221506	18	4.3
1527230838.9	4300	59.748969	0.0	2044075	22	4.3
1527230843.02	4300	59.748839	0.0	2186790	25	4.3
1527230846.63	4300	59.749336	0.0	2105231	25	4.3
1527230850.75	4300	59.748716	0.0	2395588	26	4.3
1527230854.88	4300	59.749068	0.0	1972048	23	4.3
1527230859.01	4300	59.748742	0.0	2134614	24	4.3
1527230862.62	4300	59.730559	0.0	2164140	23	4.3
1527230866.74	4300	59.749163	0.0	2113193	24	4.3
1527230870.36	4300	59.998488	0.0	2147852	24	4.3
1527230874.47	4300	59.998543	0.0	2191074	21	4.3
1527230878.57	4300	59.99842	0.0	2286761	20	4.3
1527230882.69	4300	59.748208	0.0	2307787	23	4.3
1527230886.8	4300	59.497866	0.0	2143948	19	4.3
1527230890.9	4300	59.498691	0.0	1919781	18	4.3
1527230894.51	4300	59.99835	0.0	2147467	22	4.3
1527230898.62	4300	59.747994	0.0	2133870	19	4.3
1527230902.74	4300	59.74913	0.0	2146120	26	4.3
1527230906.85	4300	59.747699	0.0	2108491	26	4.3
1527230910.47	4300	59.998673	0.0	2184571	25	4.3
1527230914.57	4300	59.99852	0.0	2121928	20	4.3
1527230918.71	4300	59.748825	0.0	2219102	24	4.3
1527230922.82	4300	59.498861	0.0	2124950	23	4.3
1527230926.43	4300	59.999131	0.0	2246506	23	4.3
1527230931.04	4300	59.497772	0.0	1961140	22	4.3
1527230934.65	4300	59.749002	0.0	2155012	22	4.3
1527230936.75	4300	59.428208	0.0	1433658	14	4.3

1527230937.03	750	4	0.018	668286	3	-0.07740000000000002
1527230937.11	4300	7.980263	0.0	2123065	8	0.75
1527230937.2	4300	11.882985	0.0	2177073	20	4.3
1527230937.29	4300	15.799558	0.0	2160877	11	4.3
1527230937.39	4300	19.701157	0.0	2233056	17	4.3
1527230937.47	4300	23.620155	0.0	1941625	11	4.3
1527230937.55	4300	27.537491	0.0	2157535	12	4.3
1527230937.63	4300	31.452715	0.0	2290172	14	4.3
1527230937.71	4300	35.378637	0.0	2055469	7	4.3
1527230937.8	4300	39.287036	0.0	2169201	16	4.3
1527230937.87	4300	43.213592	0.0	2173522	7	4.3
1527230937.94	4300	47.141024	0.0	2102452	8	4.3
1527230938.02	4300	51.066836	0.0	2209463	8	4.3
1527230938.1	4300	54.991016	0.0	2275376	9	4.3
1527230938.2	4300	58.886611	0.0	2005399	30	4.3
1527230941.29	4300	59.998445	0.0	2152483	11	4.3
1527230945.4	4300	59.998353	0.0	2289689	24	4.3
1527230949.52	4300	59.998928	0.0	2059512	22	4.3
1527230953.64	4300	59.499157	0.0	2220726	25	4.3
1527230957.75	4300	59.748875	0.0	2156729	21	4.3
1527230961.36	4300	59.998486	0.0	2039773	20	4.3
1527230965.47	4300	59.748965	0.0	2176469	25	4.3
1527230969.59	4300	59.747747	0.0	2221506	24	4.3
1527230973.2	4300	59.999497	0.0	2044075	22	4.3
