1527267331.19	750	4	0.022	2354772	9	-0.09460000000000002
1527267331.33	4300	7.966761	0.0	2123065	20	0.75
1527267331.48	4300	11.816213	0.0	2177073	24	4.3
1527267331.62	4300	15.678729	0.0	2160877	14	4.3
1527267331.74	4300	19.555542	0.0	2233056	9	4.3
1527267331.86	4300	23.433846	0.0	1941625	9	4.3
1527267331.99	4300	27.311227	0.0	2157535	10	4.3
1527267332.14	4300	31.161315	0.0	2290172	25	4.3
1527267332.29	4300	35.013287	0.0	2055469	23	4.3
1527267332.44	4300	38.862472	0.0	2169201	25	4.3
1527267332.56	4300	42.733363	0.0	2173522	12	4.3
1527267332.69	4300	46.605242	0.0	2102452	11	4.3
1527267332.82	4300	50.475843	0.0	2209463	12	4.3
1527267332.98	4300	54.316923	0.0	2275376	25	4.3
1527267333.15	4300	58.149008	0.0	2005399	12	4.3
1527267335.79	4300	59.749556	0.0	2152483	12	4.3
1527267339.96	4300	59.749013	0.0	2289689	28	4.3
1527267343.62	4300	59.749038	0.0	2059512	23	4.3
1527267347.79	4300	59.749314	0.0	2220726	24	4.3
1527267351.95	4300	59.747951	0.0	2156729	23	4.3
1527267355.61	4300	59.998816	0.0	2039773	18	4.3
1527267359.77	4300	59.74839	0.0	2176469	23	4.3
1527267363.93	4300	59.499497	0.0	2221506	25	4.3
1527267367.59	4300	59.747962	0.0	2044075	25	4.3
1527267371.76	4300	59.747855	0.0	2186790	24	4.3
1527267375.42	4300	59.999031	0.0	2105231	22	4.3
1527267379.59	4300	59.998222	0.0	2395588	28	4.3
1527267383.74	4300	59.998942	0.0	1972048	19	4.3
1527267387.4	4300	59.998737	0.0	2134614	23	4.3
1527267392.05	4300	59.498593	0.0	2164140	9	4.3
1527267395.71	4300	59.748753	0.0	2113193	24	4.3
1527267399.48	4300	59.998328	0.0	2147852	15	4.3
1527267403.65	4300	59.747722	0.0	2191074	25	4.3
1527267407.31	4300	59.99801	0.0	2286761	20	4.3
1527267411.48	4300	59.998549	0.0	2307787	26	4.3
1527267415.65	4300	59.999401	0.0	2143948	24	4.3
1527267419.8	4300	59.747869	0.0	1919781	16	4.3
1527267423.96	4300	59.499027	0.0	2147467	24	4.3
1527267427.62	4300	59.997793	0.0	2133870	23	4.3
1527267431.79	4300	59.748854	0.0	2146120	24	4.3
1527267435.46	4300	59.998563	0.0	2108491	25	4.3
1527267439.62	4300	59.748721	0.0	2184571	23	4.3
1527267443.79	4300	59.74909	0.0	2121928	24	4.3
1527267447.95	4300	59.498441	0.0	2219102	21	4.3
1527267451.6	4300	59.997898	0.0	2124950	23	4.3
1527267455.76	4300	59.998062	0.0	2246506	27	4.3
1527267459.4	4300	59.997755	0.0	1961140	19	4.3
1527267464.04	4300	59.747581	0.0	2155012	22	4.3
1527267465.15	4300	59.929434	0.0	1433658	13	4.3

1527267465.43	750	4	0.015	668286	4	-0.0645
1527267465.59	4300	7.952898	0.0	2123065	20	0.75
1527267465.73	4300	11.807523	0.0	2177073	23	4.3
1527267465.87	4300	15.673098	0.0	2160877	14	4.3
1527267466.0	4300	19.541932	0.0	2233056	15	4.3
1527267466.15	4300	23.392418	0.0	1941625	23	4.3
1527267466.36	4300	27.17859	0.0	2157535	23	4.3
1527267466.49	4300	31.050082	0.0	2290172	13	4.3
1527267466.62	4300	34.924342	0.0	2055469	11	4.3
1527267466.74	4300	38.796313	0.0	2169201	12	4.3
1527267466.89	4300	42.655986	0.0	2173522	19	4.3
1527267467.02	4300	46.517955	0.0	2102452	17	4.3
1527267467.15	4300	50.391846	0.0	2209463	12	4.3
1527267467.28	4300	54.264307	0.0	2275376	12	4.3
1527267467.4	4300	58.14331	0.0	2005399	9	4.3
1527267470.03	4300	59.998999	0.0	2152483	7	4.3
1527267473.69	4300	59.999364	0.0	2289689	22	4.3
1527267477.84	4300	59.749093	0.0	2059512	22	4.3
1527267482.01	4300	59.749633	0.0	2220726	25	4.3
1527267485.68	4300	59.998271	0.0	2156729	25	4.3
1527267489.84	4300	59.998144	0.0	2039773	22	4.3
1527267493.99	4300	59.999032	0.0	2176469	17	4.3
1527267497.65	4300	59.998174	0.0	2221506	24	4.3
1527267501.81	4300	59.998038	0.0	2044075	23	4.3
1527267505.96	4300	59.74918	0.0	2186790	20	4.3
1527267510.13	4300	59.74775	0.0	2105231	24	4.3
1527267514.28	4300	59.498716	0.0	2395588	18	4.3
1527267517.93	4300	59.998851	0.0	1972048	21	4.3
1527267521.59	4300	59.999271	0.0	2134614	24	4.3
1527267525.75	4300	59.998995	0.0	2164140	24	4.3
1527267529.92	4300	59.748354	0.0	2113193	23	4.3
1527267534.08	4300	59.498548	0.0	2147852	24	4.3
1527267538.24	4300	59.747774	0.0	2191074	21	4.3
1527267541.9	4300	59.998194	0.0	2286761	25	4.3
1527267545.56	4300	59.999004	0.0	2307787	27	4.3
1527267549.72	4300	59.999255	0.0	2143948	24	4.3
1527267553.95	4300	59.747889	0.0	1919781	21	4.3
1527267557.62	4300	59.998766	0.0	2147467	24	4.3
1527267562.29	4300	59.748045	0.0	2133870	24	4.3
1527267566.02	4300	59.997906	0.0	2146120	24	4.3
1527267569.68	4300	59.997782	0.0	2108491	22	4.3
1527267573.84	4300	59.748579	0.0	2184571	23	4.3
1527267577.99	4300	59.747934	0.0	2121928	19	4.3
1527267581.66	4300	59.999137	0.0	2219102	24	4.3
1527267585.83	4300	59.748138	0.0	2124950	22	4.3
1527267590.0	4300	59.749018	0.0	2246506	19	4.3
1527267593.65	4300	59.999306	0.0	1961140	24	4.3
1527267597.79	4300	59.998144	0.0	2155012	25	4.3
1527267599.9	4300	59.427525	0.0	1433658	17	4.3

1527267600.19	750	4	0.016	668286	4	-0.06879999999999997
1527267600.35	4300	7.951648	0.0	2123065	21	0.75
1527267600.5	4300	11.806784	0.0	2177073	22	4.3
1527267600.64	4300	15.660134	0.0	2160877	20	4.3
1527267600.79	4300	19.512345	0.0	2233056	23	4.3
1527267600.94	4300	23.362031	0.0	1941625	22	4.3
1527267601.07	4300	27.234368	0.0	2157535	11	4.3
1527267601.2	4300	31.10699	0.0	2290172	13	4.3
1527267601.34	4300	34.96246	0.0	2055469	20	4.3
1527267601.47	4300	38.827486	0.0	2169201	16	4.3
1527267601.61	4300	42.694989	0.0	2173522	16	4.3
1527267601.74	4300	46.561663	0.0	2102452	14	4.3
1527267601.88	4300	50.424062	0.0	2209463	15	4.3
1527267602.01	4300	54.288631	0.0	2275376	16	4.3
1527267602.25	4300	58.138228	0.0	2005399	20	4.3
1527267604.9	4300	59.747912	0.0	2152483	21	4.3
1527267608.56	4300	59.749765	0.0	2289689	26	4.3
1527267612.72	4300	59.748967	0.0	2059512	27	4.3
1527267616.37	4300	59.999181	0.0	2220726	19	4.3
1527267620.61	4300	59.999044	0.0	2156729	22	4.3
1527267624.76	4300	59.748525	0.0	2039773	19	4.3
1527267628.42	4300	59.998634	0.0	2176469	23	4.3
1527267632.59	4300	59.74903	0.0	2221506	25	4.3
1527267636.75	4300	59.748236	0.0	2044075	22	4.3
1527267640.93	4300	59.49933	0.0	2186790	23	4.3
1527267644.59	4300	59.99945	0.0	2105231	23	4.3
1527267648.75	4300	59.749416	0.0	2395588	27	4.3
1527267652.46	4300	59.999124	0.0	1972048	18	4.3
1527267656.62	4300	59.747741	0.0	2134614	24	4.3
1527267660.79	4300	59.999445	0.0	2164140	23	4.3
1527267664.45	4300	59.999135	0.0	2113193	24	4.3
1527267668.62	4300	59.998381	0.0	2147852	24	4.3
1527267672.78	4300	59.998564	0.0	2191074	26	4.3
1527267676.95	4300	59.49902	0.0	2286761	25	4.3
1527267680.6	4300	59.747679	0.0	2307787	21	4.3
1527267684.76	4300	59.748662	0.0	2143948	23	4.3
1527267688.9	4300	59.498937	0.0	1919781	16	4.3
