1527214768.09	750	4	0.034	2354772	10	-0.1462
1527214768.22	4300	7.869597	0.0	2123065	23	0.75
1527214768.32	4300	11.768695	0.0	2177073	20	4.3
1527214768.49	4300	15.670339	0.0	2160877	15	4.3
1527214768.59	4300	19.49922	0.0	2233056	22	4.3
1527214768.68	4300	23.415443	0.0	1941625	12	4.3
1527214768.76	4300	27.33105	0.0	2157535	15	4.3
1527214768.86	4300	31.23275	0.0	2290172	23	4.3
1527214768.94	4300	35.151898	0.0	2055469	11	4.3
1527214769.03	4300	39.064667	0.0	2169201	14	4.3
1527214769.1	4300	42.992233	0.0	2173522	7	4.3
1527214769.17	4300	46.920623	0.0	2102452	7	4.3
1527214769.24	4300	50.850156	0.0	2209463	7	4.3
1527214769.32	4300	54.767608	0.0	2275376	16	4.3
1527214769.39	4300	58.698315	0.0	2005399	7	4.3
1527214772.47	4300	59.748724	0.0	2152483	8	4.3
1527214776.59	4300	59.998853	0.0	2289689	24	4.3
1527214780.2	4300	59.998915	0.0	2059512	20	4.3
1527214784.82	4300	59.749357	0.0	2220726	24	4.3
1527214788.69	4300	59.99781	0.0	2156729	24	4.3
1527214792.81	4300	59.748047	0.0	2039773	22	4.3
1527214796.41	4300	59.749062	0.0	2176469	14	4.3
1527214800.53	4300	59.74881	0.0	2221506	27	4.3
1527214804.72	4300	59.747663	0.0	2044075	25	4.3
1527214808.84	4300	59.748839	0.0	2186790	24	4.3
1527214812.45	4300	59.749295	0.0	2105231	23	4.3
1527214816.56	4300	59.747889	0.0	2395588	21	4.3
1527214820.17	4300	59.997621	0.0	1972048	17	4.3
1527214824.28	4300	59.998804	0.0	2134614	24	4.3
1527214828.4	4300	59.998815	0.0	2164140	24	4.3
1527214832.51	4300	59.999229	0.0	2113193	23	4.3
1527214836.12	4300	59.998977	0.0	2147852	21	4.3
1527214840.73	4300	59.498754	0.0	2191074	19	4.3
1527214844.34	4300	59.998702	0.0	2286761	23	4.3
1527214848.47	4300	59.74867	0.0	2307787	24	4.3
1527214852.58	4300	59.747758	0.0	2143948	24	4.3
1527214856.69	4300	59.74881	0.0	1919781	21	4.3
1527214860.3	4300	59.997846	0.0	2147467	24	4.3
1527214864.43	4300	59.997365	0.0	2133870	25	4.3
1527214868.54	4300	59.747228	0.0	2146120	23	4.3
1527214872.71	4300	59.748465	0.0	2108491	23	4.3
1527214876.83	4300	59.498351	0.0	2184571	21	4.3
1527214880.43	4300	59.748446	0.0	2121928	22	4.3
1527214884.56	4300	59.748797	0.0	2219102	26	4.3
1527214888.17	4300	59.999208	0.0	2124950	25	4.3
1527214892.29	4300	59.9986	0.0	2246506	26	4.3
1527214896.4	4300	59.748512	0.0	1961140	24	4.3
1527214900.5	4300	59.748301	0.0	2155012	12	4.3
1527214902.59	4300	59.679168	0.0	1433658	15	4.3

1527214902.84	750	4	0.016	668286	2	-0.06879999999999997
1527214902.92	4300	7.981131	0.0	2123065	8	0.75
1527214902.99	4300	11.911529	0.0	2177073	7	4.3
1527214903.06	4300	15.840042	0.0	2160877	7	4.3
1527214903.13	4300	19.769202	0.0	2233056	7	4.3
1527214903.2	4300	23.697076	0.0	1941625	8	4.3
1527214903.28	4300	27.625851	0.0	2157535	8	4.3
1527214903.35	4300	31.552187	0.0	2290172	8	4.3
1527214903.42	4300	35.482446	0.0	2055469	7	4.3
1527214903.49	4300	39.410964	0.0	2169201	7	4.3
1527214903.56	4300	43.340951	0.0	2173522	7	4.3
1527214903.63	4300	47.269361	0.0	2102452	8	4.3
1527214903.7	4300	51.19881	0.0	2209463	8	4.3
1527214903.77	4300	55.127755	0.0	2275376	8	4.3
1527214903.85	4300	59.050202	0.0	2005399	13	4.3
1527214907.43	4300	59.498715	0.0	2152483	12	4.3
1527214911.56	4300	59.748837	0.0	2289689	16	4.3
1527214915.67	4300	59.249007	0.0	2059512	21	4.3
1527214919.28	4300	59.749068	0.0	2220726	23	4.3
1527214923.4	4300	59.74795	0.0	2156729	23	4.3
1527214927.01	4300	59.998735	0.0	2039773	21	4.3
1527214931.63	4300	59.49902	0.0	2176469	23	4.3
1527214935.24	4300	59.748027	0.0	2221506	25	4.3
1527214939.34	4300	59.99864	0.0	2044075	19	4.3
1527214942.95	4300	59.999297	0.0	2186790	23	4.3
1527214947.54	4300	59.499385	0.0	2105231	8	4.3
1527214951.15	4300	59.997768	0.0	2395588	22	4.3
1527214955.26	4300	59.998695	0.0	1972048	23	4.3
1527214959.42	4300	59.748572	0.0	2134614	26	4.3
1527214963.54	4300	59.498961	0.0	2164140	25	4.3
1527214967.27	4300	59.748986	0.0	2113193	24	4.3
1527214971.38	4300	59.748508	0.0	2147852	21	4.3
1527214975.0	4300	59.999319	0.0	2191074	23	4.3
1527214979.11	4300	59.998813	0.0	2286761	25	4.3
1527214983.23	4300	59.748738	0.0	2307787	27	4.3
1527214987.34	4300	59.748342	0.0	2143948	24	4.3
1527214991.45	4300	59.74845	0.0	1919781	22	4.3
1527214995.04	4300	59.998147	0.0	2147467	10	4.3
1527214999.16	4300	59.998428	0.0	2133870	24	4.3
1527215003.27	4300	59.997628	0.0	2146120	23	4.3
1527215007.38	4300	59.997884	0.0	2108491	23	4.3
1527215010.99	4300	59.997826	0.0	2184571	24	4.3
1527215015.11	4300	59.998977	0.0	2121928	23	4.3
1527215019.22	4300	59.747675	0.0	2219102	18	4.3
1527215023.34	4300	59.575784	0.0	2124950	26	4.3
1527215027.02	4300	59.998671	0.0	2246506	23	4.3
1527215031.64	4300	59.498492	0.0	1961140	22	4.3
