1527206084.12	750	4	0.027	2354772	9	-0.11609999999999998
1527206084.25	4300	7.959558	0.0	2123065	22	0.75
1527206084.35	4300	11.858136	0.0	2177073	23	4.3
1527206084.44	4300	15.766882	0.0	2160877	17	4.3
1527206084.52	4300	19.683732	0.0	2233056	15	4.3
1527206084.6	4300	23.608588	0.0	1941625	11	4.3
1527206084.67	4300	27.538147	0.0	2157535	7	4.3
1527206084.74	4300	31.46671	0.0	2290172	7	4.3
1527206084.82	4300	35.387372	0.0	2055469	15	4.3
1527206084.89	4300	39.315389	0.0	2169201	8	4.3
1527206084.97	4300	43.242092	0.0	2173522	8	4.3
1527206085.09	4300	47.169263	0.0	2102452	8	4.3
1527206085.18	4300	51.027096	0.0	2209463	18	4.3
1527206085.28	4300	54.930862	0.0	2275376	18	4.3
1527206085.35	4300	58.85118	0.0	2005399	8	4.3
1527206088.46	4300	59.997786	0.0	2152483	24	4.3
1527206092.57	4300	59.998871	0.0	2289689	19	4.3
1527206096.67	4300	59.748752	0.0	2059512	15	4.3
1527206100.28	4300	59.997729	0.0	2220726	24	4.3
1527206104.4	4300	59.999103	0.0	2156729	25	4.3
1527206108.52	4300	59.998624	0.0	2039773	23	4.3
1527206112.63	4300	59.749614	0.0	2176469	24	4.3
1527206116.74	4300	59.498948	0.0	2221506	24	4.3
1527206120.35	4300	59.998534	0.0	2044075	23	4.3
1527206124.46	4300	59.998016	0.0	2186790	20	4.3
1527206128.57	4300	59.749268	0.0	2105231	19	4.3
1527206132.79	4300	59.749386	0.0	2395588	20	4.3
1527206136.9	4300	59.748947	0.0	1972048	21	4.3
1527206140.51	4300	59.748821	0.0	2134614	23	4.3
1527206144.62	4300	59.623186	0.0	2164140	19	4.3
1527206148.24	4300	59.999287	0.0	2113193	23	4.3
1527206152.35	4300	59.997731	0.0	2147852	24	4.3
1527206156.46	4300	59.999203	0.0	2191074	23	4.3
1527206160.58	4300	59.997944	0.0	2286761	24	4.3
1527206164.69	4300	59.997805	0.0	2307787	21	4.3
1527206168.3	4300	59.999271	0.0	2143948	21	4.3
1527206172.91	4300	59.499231	0.0	1919781	21	4.3
1527206176.5	4300	59.999125	0.0	2147467	11	4.3
1527206180.61	4300	59.749067	0.0	2133870	22	4.3
1527206184.23	4300	59.998777	0.0	2146120	21	4.3
1527206188.35	4300	59.998444	0.0	2108491	22	4.3
1527206192.46	4300	59.749105	0.0	2184571	25	4.3
1527206196.58	4300	59.748581	0.0	2121928	23	4.3
1527206200.69	4300	59.997835	0.0	2219102	20	4.3
1527206204.8	4300	59.41866	0.0	2124950	19	4.3
1527206208.41	4300	59.998161	0.0	2246506	21	4.3
1527206212.53	4300	59.748626	0.0	1961140	23	4.3
1527206216.64	4300	59.749259	0.0	2155012	23	4.3
1527206218.24	4300	59.928787	0.0	1433658	16	4.3

1527206218.56	750	4	0.016	668286	2	-0.06879999999999997
1527206218.64	4300	7.981083	0.0	2123065	7	0.75
1527206218.73	4300	11.893787	0.0	2177073	15	4.3
1527206218.82	4300	15.806752	0.0	2160877	15	4.3
1527206218.9	4300	19.722799	0.0	2233056	14	4.3
1527206218.98	4300	23.648918	0.0	1941625	8	4.3
1527206219.05	4300	27.571137	0.0	2157535	11	4.3
1527206219.13	4300	31.494848	0.0	2290172	10	4.3
1527206219.2	4300	35.425412	0.0	2055469	7	4.3
1527206219.29	4300	39.336863	0.0	2169201	18	4.3
1527206219.37	4300	43.257401	0.0	2173522	12	4.3
1527206219.45	4300	47.171031	0.0	2102452	15	4.3
1527206219.54	4300	51.083362	0.0	2209463	16	4.3
1527206219.63	4300	54.995663	0.0	2275376	16	4.3
1527206219.73	4300	58.894176	0.0	2005399	24	4.3
1527206222.81	4300	59.998832	0.0	2152483	9	4.3
1527206226.94	4300	59.748412	0.0	2289689	27	4.3
1527206231.08	4300	59.998388	0.0	2059512	23	4.3
1527206235.19	4300	59.497989	0.0	2220726	21	4.3
1527206238.8	4300	59.998662	0.0	2156729	20	4.3
1527206242.91	4300	59.748009	0.0	2039773	22	4.3
1527206247.03	4300	59.997884	0.0	2176469	23	4.3
1527206251.15	4300	59.747981	0.0	2221506	20	4.3
1527206254.75	4300	59.997663	0.0	2044075	19	4.3
1527206258.87	4300	59.999357	0.0	2186790	25	4.3
1527206262.99	4300	59.748134	0.0	2105231	25	4.3
1527206267.1	4300	59.997802	0.0	2395588	26	4.3
1527206271.2	4300	59.747506	0.0	1972048	14	4.3
1527206274.82	4300	59.99945	0.0	2134614	23	4.3
1527206278.93	4300	59.74867	0.0	2164140	21	4.3
1527206283.04	4300	59.997609	0.0	2113193	20	4.3
1527206286.65	4300	59.998291	0.0	2147852	21	4.3
1527206290.77	4300	59.997572	0.0	2191074	26	4.3
1527206294.88	4300	59.998317	0.0	2286761	25	4.3
1527206298.99	4300	59.749152	0.0	2307787	16	4.3
1527206303.11	4300	59.747755	0.0	2143948	23	4.3
1527206307.21	4300	59.497287	0.0	1919781	21	4.3
1527206311.33	4300	59.498944	0.0	2147467	24	4.3
1527206314.94	4300	59.749197	0.0	2133870	21	4.3
1527206319.06	4300	59.749166	0.0	2146120	25	4.3
1527206322.67	4300	59.999089	0.0	2108491	24	4.3
1527206326.79	4300	59.998534	0.0	2184571	21	4.3
1527206330.89	4300	59.74821	0.0	2121928	20	4.3
1527206335.0	4300	59.998855	0.0	2219102	21	4.3
