1527291063.54	750	4	0.029	2354772	7	-0.12470000000000003
1527291063.63	4300	7.969914	0.0	2123065	16	0.75
1527291063.73	4300	11.873379	0.0	2177073	20	4.3
1527291063.82	4300	15.779675	0.0	2160877	23	4.3
1527291063.91	4300	19.683381	0.0	2233056	19	4.3
1527291063.99	4300	23.607214	0.0	1941625	11	4.3
1527291064.07	4300	27.52881	0.0	2157535	11	4.3
1527291064.15	4300	31.446789	0.0	2290172	13	4.3
1527291064.23	4300	35.367558	0.0	2055469	13	4.3
1527291064.3	4300	39.2967	0.0	2169201	8	4.3
1527291064.39	4300	43.208786	0.0	2173522	17	4.3
1527291064.46	4300	47.133821	0.0	2102452	10	4.3
1527291064.54	4300	51.057689	0.0	2209463	10	4.3
1527291064.64	4300	54.955315	0.0	2275376	21	4.3
1527291064.73	4300	58.862993	0.0	2005399	9	4.3
1527291068.33	4300	59.748545	0.0	2152483	11	4.3
1527291071.95	4300	59.998547	0.0	2289689	27	4.3
1527291076.06	4300	59.747451	0.0	2059512	23	4.3
1527291079.72	4300	59.997901	0.0	2220726	22	4.3
1527291084.33	4300	59.498243	0.0	2156729	22	4.3
1527291087.94	4300	59.748052	0.0	2039773	24	4.3
1527291092.05	4300	59.749417	0.0	2176469	23	4.3
1527291096.16	4300	59.497869	0.0	2221506	24	4.3
1527291100.26	4300	59.747838	0.0	2044075	21	4.3
1527291103.87	4300	59.747434	0.0	2186790	25	4.3
1527291108.23	4300	59.998127	0.0	2105231	19	4.3
1527291112.35	4300	59.748011	0.0	2395588	27	4.3
1527291115.95	4300	59.998079	0.0	1972048	25	4.3
1527291120.06	4300	59.998171	0.0	2134614	9	4.3
1527291124.17	4300	59.489299	0.0	2164140	25	4.3
1527291128.28	4300	59.498605	0.0	2113193	23	4.3
1527291131.89	4300	59.998116	0.0	2147852	24	4.3
1527291136.0	4300	59.998198	0.0	2191074	21	4.3
1527291140.11	4300	59.49785	0.0	2286761	25	4.3
1527291143.72	4300	59.99792	0.0	2307787	19	4.3
1527291148.33	4300	59.499375	0.0	2143948	21	4.3
1527291151.93	4300	59.749154	0.0	1919781	22	4.3
1527291156.04	4300	59.748163	0.0	2147467	20	4.3
1527291159.66	4300	59.998527	0.0	2133870	36	4.3
1527291163.77	4300	59.998954	0.0	2146120	25	4.3
1527291167.88	4300	59.748806	0.0	2108491	24	4.3
1527291172.0	4300	59.997303	0.0	2184571	24	4.3
1527291175.61	4300	59.998769	0.0	2121928	23	4.3
1527291180.22	4300	59.49792	0.0	2219102	22	4.3
1527291183.83	4300	59.99887	0.0	2124950	23	4.3
1527291187.94	4300	59.747631	0.0	2246506	22	4.3
1527291192.05	4300	59.749165	0.0	1961140	17	4.3
1527291195.65	4300	59.999316	0.0	2155012	20	4.3
1527291197.76	4300	59.927931	0.0	1433658	17	4.3

1527291198.07	750	4	0.027	2354772	7	-0.11609999999999998
1527291198.15	4300	7.929379	0.0	2123065	7	0.75
1527291198.22	4300	11.845793	0.0	2177073	16	4.3
1527291198.31	4300	15.756912	0.0	2160877	18	4.3
1527291198.39	4300	19.678559	0.0	2233056	11	4.3
1527291198.47	4300	23.601214	0.0	1941625	10	4.3
1527291198.55	4300	27.521957	0.0	2157535	10	4.3
1527291198.62	4300	31.452249	0.0	2290172	8	4.3
1527291198.69	4300	35.384375	0.0	2055469	7	4.3
1527291198.75	4300	39.314248	0.0	2169201	7	4.3
1527291198.82	4300	43.245486	0.0	2173522	6	4.3
1527291198.91	4300	47.157535	0.0	2102452	17	4.3
1527291199.0	4300	51.067841	0.0	2209463	18	4.3
1527291199.1	4300	54.969363	0.0	2275376	21	4.3
1527291199.19	4300	58.890036	0.0	2005399	11	4.3
1527291202.77	4300	59.748721	0.0	2152483	11	4.3
1527291206.39	4300	59.997751	0.0	2289689	25	4.3
1527291210.49	4300	59.749435	0.0	2059512	20	4.3
1527291214.11	4300	59.999	0.0	2220726	23	4.3
1527291218.72	4300	59.749063	0.0	2156729	24	4.3
1527291222.34	4300	59.998898	0.0	2039773	22	4.3
1527291226.45	4300	59.748895	0.0	2176469	25	4.3
1527291230.56	4300	59.749117	0.0	2221506	24	4.3
1527291234.17	4300	59.999331	0.0	2044075	23	4.3
1527291238.27	4300	59.999344	0.0	2186790	21	4.3
1527291242.38	4300	59.747893	0.0	2105231	21	4.3
1527291246.49	4300	59.749541	0.0	2395588	25	4.3
1527291250.58	4300	59.497625	0.0	1972048	9	4.3
1527291254.69	4300	59.748702	0.0	2134614	20	4.3
1527291258.8	4300	59.735523	0.0	2164140	20	4.3
1527291262.44	4300	59.998665	0.0	2113193	22	4.3
1527291266.56	4300	59.999251	0.0	2147852	24	4.3
1527291270.17	4300	59.99889	0.0	2191074	24	4.3
1527291274.28	4300	59.999273	0.0	2286761	21	4.3
1527291278.39	4300	59.748943	0.0	2307787	22	4.3
1527291282.5	4300	59.748503	0.0	2143948	20	4.3
1527291286.15	4300	59.99852	0.0	1919781	19	4.3
1527291290.77	4300	59.497516	0.0	2147467	22	4.3
1527291294.42	4300	59.998448	0.0	2133870	24	4.3
1527291298.54	4300	59.997651	0.0	2146120	25	4.3
1527291302.65	4300	59.747973	0.0	2108491	23	4.3
1527291306.26	4300	59.998575	0.0	2184571	23	4.3
1527291310.38	4300	59.997645	0.0	2121928	23	4.3
1527291314.49	4300	59.997908	0.0	2219102	23	4.3
1527291318.11	4300	59.998653	0.0	2124950	23	4.3
1527291322.21	4300	59.998941	0.0	2246506	23	4.3
1527291326.32	4300	59.998093	0.0	1961140	20	4.3
1527291330.43	4300	59.749194	0.0	2155012	22	4.3
1527291332.03	4300	59.928395	0.0	1433658	17	4.3

1527291332.27	750	4	0.026	2354772	8	-0.11180000000000001
1527291332.36	4300	7.90407	0.0	2123065	20	0.75
1527291332.44	4300	11.822814	0.0	2177073	13	4.3
1527291332.54	4300	15.720486	0.0	2160877	25	4.3
1527291332.63	4300	19.638571	0.0	2233056	13	4.3
1527291332.71	4300	23.558854	0.0	1941625	11	4.3
1527291332.78	4300	27.488465	0.0	2157535	7	4.3
1527291332.87	4300	31.39901	0.0	2290172	19	4.3
1527291332.94	4300	35.323499	0.0	2055469	9	4.3
1527291333.02	4300	39.248084	0.0	2169201	10	4.3
1527291333.12	4300	43.152046	0.0	2173522	21	4.3
1527291333.2	4300	47.064707	0.0	2102452	12	4.3
1527291333.3	4300	50.965979	0.0	2209463	31	4.3
1527291333.37	4300	54.896589	0.0	2275376	8	4.3
1527291333.45	4300	58.817953	0.0	2005399	12	4.3
1527291336.54	4300	59.747504	0.0	2152483	12	4.3
1527291340.65	4300	59.748809	0.0	2289689	20	4.3
1527291344.74	4300	59.747599	0.0	2059512	11	4.3
1527291348.85	4300	59.748041	0.0	2220726	26	4.3
1527291352.46	4300	59.999221	0.0	2156729	22	4.3
1527291356.56	4300	59.998805	0.0	2039773	21	4.3
1527291360.67	4300	59.997917	0.0	2176469	23	4.3
