1527283368.0	750	4	0.029	2354772	8	-0.12470000000000003
1527283368.15	4300	7.956205	0.0	2123065	23	0.75
1527283368.31	4300	11.803162	0.0	2177073	25	4.3
1527283368.44	4300	15.671793	0.0	2160877	14	4.3
1527283368.57	4300	19.541847	0.0	2233056	13	4.3
1527283368.71	4300	23.398438	0.0	1941625	19	4.3
1527283368.86	4300	27.254788	0.0	2157535	22	4.3
1527283368.98	4300	31.124794	0.0	2290172	12	4.3
1527283369.11	4300	34.997784	0.0	2055469	10	4.3
1527283369.24	4300	38.872516	0.0	2169201	11	4.3
1527283369.36	4300	42.746677	0.0	2173522	12	4.3
1527283369.49	4300	46.621486	0.0	2102452	12	4.3
1527283369.61	4300	50.495573	0.0	2209463	11	4.3
1527283369.75	4300	54.363432	0.0	2275376	12	4.3
1527283369.87	4300	58.235972	0.0	2005399	10	4.3
1527283372.51	4300	59.998739	0.0	2152483	11	4.3
1527283376.67	4300	59.748355	0.0	2289689	26	4.3
1527283380.33	4300	59.999032	0.0	2059512	21	4.3
1527283384.5	4300	59.749189	0.0	2220726	24	4.3
1527283388.2	4300	59.998656	0.0	2156729	24	4.3
1527283392.86	4300	59.498942	0.0	2039773	23	4.3
1527283396.52	4300	59.998905	0.0	2176469	24	4.3
1527283400.68	4300	59.748938	0.0	2221506	24	4.3
1527283404.34	4300	59.998097	0.0	2044075	22	4.3
1527283408.51	4300	59.998947	0.0	2186790	25	4.3
1527283412.17	4300	59.999189	0.0	2105231	24	4.3
1527283416.83	4300	59.499519	0.0	2395588	26	4.3
1527283420.48	4300	59.997948	0.0	1972048	21	4.3
1527283424.64	4300	59.749149	0.0	2134614	24	4.3
1527283428.81	4300	59.498713	0.0	2164140	25	4.3
1527283432.48	4300	59.997887	0.0	2113193	25	4.3
1527283436.14	4300	59.998112	0.0	2147852	24	4.3
1527283440.3	4300	59.99883	0.0	2191074	23	4.3
1527283444.47	4300	59.749346	0.0	2286761	26	4.3
1527283448.63	4300	59.998637	0.0	2307787	10	4.3
1527283452.29	4300	59.999339	0.0	2143948	23	4.3
1527283456.44	4300	59.748709	0.0	1919781	20	4.3
1527283460.61	4300	59.748652	0.0	2147467	23	4.3
1527283464.27	4300	59.997625	0.0	2133870	20	4.3
1527283468.42	4300	59.749092	0.0	2146120	22	4.3
1527283472.58	4300	59.74892	0.0	2108491	25	4.3
1527283476.76	4300	59.498152	0.0	2184571	25	4.3
1527283480.42	4300	59.747624	0.0	2121928	23	4.3
1527283484.59	4300	59.749131	0.0	2219102	25	4.3
1527283488.75	4300	59.748811	0.0	2124950	25	4.3
1527283492.39	4300	59.748602	0.0	2246506	23	4.3
1527283496.65	4300	59.748236	0.0	1961140	18	4.3
1527283500.78	4300	59.747777	0.0	2155012	22	4.3
1527283501.9	4300	59.929447	0.0	1433658	16	4.3

1527283502.16	750	4	0.018	668286	2	-0.07740000000000002
1527283502.34	4300	7.931884	0.0	2123065	40	0.75
1527283502.49	4300	11.786075	0.0	2177073	23	4.3
1527283502.68	4300	15.589337	0.0	2160877	22	4.3
1527283502.83	4300	19.436942	0.0	2233056	24	4.3
1527283502.96	4300	23.309423	0.0	1941625	11	4.3
1527283503.09	4300	27.182728	0.0	2157535	12	4.3
1527283503.21	4300	31.056473	0.0	2290172	12	4.3
1527283503.32	4300	34.943027	0.0	2055469	6	4.3
1527283503.44	4300	38.825315	0.0	2169201	7	4.3
1527283503.58	4300	42.690145	0.0	2173522	17	4.3
1527283503.73	4300	46.54178	0.0	2102452	23	4.3
1527283503.88	4300	50.389545	0.0	2209463	25	4.3
1527283504.03	4300	54.24077	0.0	2275376	24	4.3
1527283504.18	4300	58.092941	0.0	2005399	22	4.3
1527283506.83	4300	59.498274	0.0	2152483	22	4.3
1527283510.49	4300	59.997999	0.0	2289689	22	4.3
1527283514.64	4300	59.749263	0.0	2059512	23	4.3
1527283518.79	4300	59.74818	0.0	2220726	19	4.3
1527283522.96	4300	59.499017	0.0	2156729	24	4.3
1527283526.61	4300	59.749717	0.0	2039773	23	4.3
1527283530.75	4300	59.749405	0.0	2176469	7	4.3
1527283534.4	4300	59.9991	0.0	2221506	20	4.3
1527283538.56	4300	59.748941	0.0	2044075	21	4.3
1527283542.72	4300	59.747827	0.0	2186790	24	4.3
1527283546.37	4300	59.998708	0.0	2105231	19	4.3
1527283550.54	4300	59.748898	0.0	2395588	26	4.3
1527283554.72	4300	59.748883	0.0	1972048	23	4.3
1527283558.38	4300	59.999244	0.0	2134614	24	4.3
1527283562.54	4300	59.999228	0.0	2164140	24	4.3
1527283566.7	4300	59.998772	0.0	2113193	21	4.3
1527283570.84	4300	59.748622	0.0	2147852	15	4.3
1527283574.48	4300	59.997974	0.0	2191074	14	4.3
1527283578.65	4300	59.998503	0.0	2286761	17	4.3
1527283582.37	4300	59.999374	0.0	2307787	22	4.3
1527283586.53	4300	59.998379	0.0	2143948	24	4.3
1527283590.68	4300	59.997787	0.0	1919781	22	4.3
1527283594.34	4300	59.997557	0.0	2147467	23	4.3
1527283598.5	4300	59.99812	0.0	2133870	24	4.3
1527283602.69	4300	59.749044	0.0	2146120	23	4.3
1527283606.35	4300	59.999325	0.0	2108491	18	4.3
1527283610.52	4300	59.997716	0.0	2184571	24	4.3
1527283614.67	4300	59.997635	0.0	2121928	21	4.3
1527283618.84	4300	59.74895	0.0	2219102	25	4.3
1527283622.5	4300	59.998312	0.0	2124950	26	4.3
1527283626.66	4300	59.749064	0.0	2246506	26	4.3
1527283630.8	4300	59.749286	0.0	1961140	21	4.3
