1527148476.05	750	4	0.026	2354772	9	-0.11180000000000001
1527148476.13	4300	7.974984	0.0	2123065	14	0.75
1527148476.22	4300	11.880717	0.0	2177073	19	4.3
1527148476.32	4300	15.787261	0.0	2160877	18	4.3
1527148476.41	4300	19.694493	0.0	2233056	19	4.3
1527148476.5	4300	23.603951	0.0	1941625	21	4.3
1527148476.58	4300	27.526925	0.0	2157535	12	4.3
1527148476.66	4300	31.44626	0.0	2290172	13	4.3
1527148476.74	4300	35.366159	0.0	2055469	12	4.3
1527148476.84	4300	39.28586	0.0	2169201	11	4.3
1527148476.91	4300	43.190426	0.0	2173522	12	4.3
1527148477.01	4300	47.092089	0.0	2102452	23	4.3
1527148477.09	4300	51.014588	0.0	2209463	11	4.3
1527148477.17	4300	54.931265	0.0	2275376	11	4.3
1527148477.24	4300	58.858879	0.0	2005399	5	4.3
1527148480.85	4300	59.499005	0.0	2152483	24	4.3
1527148484.46	4300	59.749371	0.0	2289689	23	4.3
1527148488.56	4300	59.748864	0.0	2059512	18	4.3
1527148492.17	4300	59.999104	0.0	2220726	21	4.3
1527148496.27	4300	59.999115	0.0	2156729	19	4.3
1527148500.38	4300	59.748502	0.0	2039773	19	4.3
1527148504.58	4300	59.748129	0.0	2176469	22	4.3
1527148508.23	4300	59.999149	0.0	2221506	15	4.3
1527148512.34	4300	59.998876	0.0	2044075	23	4.3
1527148516.45	4300	59.748687	0.0	2186790	24	4.3
1527148520.56	4300	59.749487	0.0	2105231	23	4.3
1527148524.68	4300	59.747894	0.0	2395588	27	4.3
1527148528.79	4300	59.497857	0.0	1972048	13	4.3
1527148532.4	4300	59.998962	0.0	2134614	22	4.3
1527148536.51	4300	59.639317	0.0	2164140	19	4.3
1527148540.12	4300	59.998677	0.0	2113193	24	4.3
1527148544.73	4300	59.74762	0.0	2147852	24	4.3
1527148548.85	4300	59.498419	0.0	2191074	24	4.3
1527148552.46	4300	59.997806	0.0	2286761	24	4.3
1527148556.57	4300	59.748126	0.0	2307787	22	4.3
1527148560.2	4300	59.99787	0.0	2143948	24	4.3
1527148564.3	4300	59.99756	0.0	1919781	20	4.3
1527148568.41	4300	59.997734	0.0	2147467	25	4.3
1527148572.6	4300	59.748626	0.0	2133870	22	4.3
1527148576.22	4300	59.999006	0.0	2146120	20	4.3
1527148580.83	4300	59.499027	0.0	2108491	22	4.3
1527148584.44	4300	59.999398	0.0	2184571	24	4.3
1527148588.59	4300	59.749399	0.0	2121928	21	4.3
1527148592.21	4300	59.998998	0.0	2219102	24	4.3
1527148596.84	4300	59.333554	0.0	2124950	23	4.3
1527148600.46	4300	59.747567	0.0	2246506	23	4.3
1527148604.57	4300	59.748432	0.0	1961140	21	4.3
1527148608.68	4300	59.747432	0.0	2155012	22	4.3
1527148610.28	4300	59.677536	0.0	1433658	15	4.3

1527148610.55	750	4	0.015	450283	1	-0.0645
1527148610.63	4300	7.980681	0.0	2123065	7	0.75
1527148610.7	4300	11.911738	0.0	2177073	6	4.3
1527148610.77	4300	15.840872	0.0	2160877	7	4.3
1527148610.84	4300	19.771995	0.0	2233056	7	4.3
1527148610.9	4300	23.704036	0.0	1941625	6	4.3
1527148610.99	4300	27.61632	0.0	2157535	17	4.3
1527148611.09	4300	31.516318	0.0	2290172	24	4.3
1527148611.17	4300	35.435816	0.0	2055469	14	4.3
1527148611.25	4300	39.360222	0.0	2169201	8	4.3
1527148611.35	4300	43.257695	0.0	2173522	23	4.3
1527148611.44	4300	47.170136	0.0	2102452	15	4.3
1527148611.53	4300	51.083236	0.0	2209463	16	4.3
1527148611.62	4300	54.990241	0.0	2275376	19	4.3
1527148611.69	4300	58.915039	0.0	2005399	8	4.3
1527148615.28	4300	59.748765	0.0	2152483	9	4.3
1527148618.89	4300	59.748915	0.0	2289689	24	4.3
1527148622.99	4300	59.998619	0.0	2059512	20	4.3
1527148627.1	4300	59.748275	0.0	2220726	25	4.3
1527148631.21	4300	59.74939	0.0	2156729	23	4.3
1527148635.32	4300	59.747945	0.0	2039773	23	4.3
1527148638.93	4300	59.99868	0.0	2176469	24	4.3
1527148643.05	4300	59.99766	0.0	2221506	25	4.3
1527148647.17	4300	59.497926	0.0	2044075	22	4.3
1527148650.77	4300	59.999049	0.0	2186790	23	4.3
1527148654.88	4300	59.747829	0.0	2105231	22	4.3
1527148658.99	4300	59.998821	0.0	2395588	24	4.3
1527148663.1	4300	59.999008	0.0	1972048	20	4.3
1527148666.7	4300	59.999268	0.0	2134614	23	4.3
1527148671.32	4300	59.726416	0.0	2164140	22	4.3
1527148674.9	4300	59.747495	0.0	2113193	9	4.3
1527148679.0	4300	59.9982	0.0	2147852	21	4.3
1527148683.12	4300	59.74925	0.0	2191074	15	4.3
1527148686.73	4300	59.999149	0.0	2286761	16	4.3
1527148691.35	4300	59.498325	0.0	2307787	26	4.3
1527148694.96	4300	59.747783	0.0	2143948	24	4.3
1527148699.07	4300	59.74911	0.0	1919781	22	4.3
1527148702.68	4300	59.997501	0.0	2147467	23	4.3
1527148706.8	4300	59.997578	0.0	2133870	15	4.3
1527148710.92	4300	59.749289	0.0	2146120	24	4.3
1527148715.01	4300	59.749269	0.0	2108491	14	4.3
1527148719.13	4300	59.748913	0.0	2184571	25	4.3
1527148723.23	4300	59.498304	0.0	2121928	15	4.3
1527148726.85	4300	59.997545	0.0	2219102	21	4.3
1527148730.94	4300	59.748356	0.0	2124950	13	4.3
1527148735.05	4300	59.748926	0.0	2246506	22	4.3
1527148739.15	4300	59.497719	0.0	1961140	21	4.3
