1527141697.58	750	4	0.027	2354772	7	-0.11609999999999998
1527141697.71	4300	7.96259	0.0	2123065	24	0.75
1527141697.82	4300	11.855458	0.0	2177073	22	4.3
1527141697.92	4300	15.75205	0.0	2160877	25	4.3
1527141698.02	4300	19.655209	0.0	2233056	19	4.3
1527141698.11	4300	23.5611	0.0	1941625	15	4.3
1527141698.2	4300	27.475307	0.0	2157535	15	4.3
1527141698.29	4300	31.38191	0.0	2290172	16	4.3
1527141698.38	4300	35.296098	0.0	2055469	14	4.3
1527141698.46	4300	39.2095	0.0	2169201	15	4.3
1527141698.55	4300	43.1258	0.0	2173522	14	4.3
1527141698.63	4300	47.040583	0.0	2102452	14	4.3
1527141698.72	4300	50.949088	0.0	2209463	18	4.3
1527141698.8	4300	54.866062	0.0	2275376	10	4.3
1527141698.89	4300	58.784524	0.0	2005399	7	4.3
1527141701.97	4300	59.7494	0.0	2152483	10	4.3
1527141706.08	4300	59.749401	0.0	2289689	20	4.3
1527141710.19	4300	59.74878	0.0	2059512	12	4.3
1527141714.3	4300	59.499173	0.0	2220726	23	4.3
1527141718.41	4300	59.499295	0.0	2156729	22	4.3
1527141722.08	4300	59.749063	0.0	2039773	18	4.3
1527141726.2	4300	59.749192	0.0	2176469	25	4.3
1527141730.31	4300	59.498868	0.0	2221506	25	4.3
1527141733.92	4300	59.999332	0.0	2044075	23	4.3
1527141738.03	4300	59.749608	0.0	2186790	20	4.3
1527141742.13	4300	59.998763	0.0	2105231	15	4.3
1527141746.24	4300	59.748451	0.0	2395588	18	4.3
1527141750.33	4300	59.498857	0.0	1972048	14	4.3
1527141753.94	4300	59.748955	0.0	2134614	20	4.3
1527141758.04	4300	59.749013	0.0	2164140	14	4.3
1527141762.16	4300	59.998974	0.0	2113193	18	4.3
1527141765.78	4300	59.999385	0.0	2147852	24	4.3
1527141769.89	4300	59.998879	0.0	2191074	22	4.3
1527141774.02	4300	59.749327	0.0	2286761	25	4.3
1527141778.13	4300	59.749009	0.0	2307787	26	4.3
1527141782.3	4300	59.749044	0.0	2143948	23	4.3
1527141785.91	4300	59.997821	0.0	1919781	20	4.3
1527141790.02	4300	59.998081	0.0	2147467	21	4.3
1527141794.13	4300	59.748214	0.0	2133870	22	4.3
1527141797.74	4300	59.998788	0.0	2146120	22	4.3
1527141802.36	4300	59.497947	0.0	2108491	24	4.3
1527141805.98	4300	59.747468	0.0	2184571	24	4.3
1527141810.09	4300	59.747507	0.0	2121928	20	4.3
1527141814.21	4300	59.499107	0.0	2219102	21	4.3
1527141818.33	4300	59.499153	0.0	2124950	19	4.3
1527141821.95	4300	59.748595	0.0	2246506	23	4.3
1527141826.05	4300	59.998379	0.0	1961140	18	4.3
1527141830.16	4300	59.74843	0.0	2155012	20	4.3
1527141831.75	4300	59.677842	0.0	1433658	17	4.3

1527141832.04	750	4	0.017	668286	2	-0.07309999999999994
1527141832.11	4300	7.980719	0.0	2123065	7	0.75
1527141832.2	4300	11.892554	0.0	2177073	17	4.3
1527141832.3	4300	15.795089	0.0	2160877	21	4.3
1527141832.39	4300	19.705582	0.0	2233056	15	4.3
1527141832.48	4300	23.615449	0.0	1941625	14	4.3
1527141832.57	4300	27.521875	0.0	2157535	14	4.3
1527141832.67	4300	31.428849	0.0	2290172	16	4.3
1527141832.76	4300	35.341379	0.0	2055469	14	4.3
1527141832.84	4300	39.25121	0.0	2169201	16	4.3
1527141832.93	4300	43.163342	0.0	2173522	15	4.3
1527141833.02	4300	47.075961	0.0	2102452	14	4.3
1527141833.11	4300	50.9874	0.0	2209463	15	4.3
1527141833.2	4300	54.893607	0.0	2275376	14	4.3
1527141833.28	4300	58.819435	0.0	2005399	8	4.3
1527141836.37	4300	59.998433	0.0	2152483	9	4.3
1527141840.48	4300	59.749281	0.0	2289689	24	4.3
1527141844.58	4300	59.998097	0.0	2059512	13	4.3
1527141848.7	4300	59.49841	0.0	2220726	23	4.3
1527141852.32	4300	59.998733	0.0	2156729	17	4.3
1527141856.43	4300	59.748063	0.0	2039773	22	4.3
1527141860.55	4300	59.748808	0.0	2176469	24	4.3
1527141864.66	4300	59.748115	0.0	2221506	23	4.3
1527141868.27	4300	59.998881	0.0	2044075	22	4.3
1527141872.39	4300	59.748292	0.0	2186790	23	4.3
1527141876.52	4300	59.998048	0.0	2105231	24	4.3
1527141880.12	4300	59.998717	0.0	2395588	13	4.3
1527141884.24	4300	59.997878	0.0	1972048	24	4.3
1527141888.35	4300	59.74788	0.0	2134614	24	4.3
1527141892.47	4300	59.749483	0.0	2164140	25	4.3
1527141896.57	4300	59.747602	0.0	2113193	22	4.3
1527141900.19	4300	59.997926	0.0	2147852	23	4.3
1527141904.79	4300	59.497657	0.0	2191074	19	4.3
1527141908.54	4300	59.747511	0.0	2286761	25	4.3
1527141912.17	4300	59.99938	0.0	2307787	25	4.3
1527141916.79	4300	59.498074	0.0	2143948	25	4.3
1527141920.4	4300	59.745681	0.0	1919781	20	4.3
1527141924.51	4300	59.748989	0.0	2147467	23	4.3
1527141928.13	4300	59.99915	0.0	2133870	20	4.3
1527141932.25	4300	59.998323	0.0	2146120	23	4.3
1527141936.39	4300	59.997585	0.0	2108491	25	4.3
1527141940.5	4300	59.99768	0.0	2184571	23	4.3
1527141944.61	4300	59.498549	0.0	2121928	22	4.3
1527141948.23	4300	59.997852	0.0	2219102	20	4.3
1527141952.35	4300	59.748749	0.0	2124950	27	4.3
1527141956.46	4300	59.998334	0.0	2246506	22	4.3
1527141960.57	4300	59.998801	0.0	1961140	19	4.3
1527141964.16	4300	59.998507	0.0	2155012	12	4.3
1527141966.26	4300	59.677777	0.0	1433658	17	4.3

1527141966.56	750	4	0.019	668286	2	-0.0817
1527141966.64	4300	7.980537	0.0	2123065	7	0.75
1527141966.74	4300	11.887332	0.0	2177073	16	4.3
1527141966.83	4300	15.791895	0.0	2160877	17	4.3
1527141966.93	4300	19.69121	0.0	2233056	20	4.3
1527141967.0	4300	23.616779	0.0	1941625	8	4.3
1527141967.08	4300	27.539489	0.0	2157535	10	4.3
1527141967.16	4300	31.461025	0.0	2290172	9	4.3
1527141967.24	4300	35.385697	0.0	2055469	9	4.3
1527141967.34	4300	39.286028	0.0	2169201	21	4.3
1527141967.43	4300	43.197047	0.0	2173522	15	4.3
1527141967.52	4300	47.107532	0.0	2102452	14	4.3
1527141967.61	4300	51.017878	0.0	2209463	16	4.3
1527141967.7	4300	54.926553	0.0	2275376	15	4.3
1527141967.8	4300	58.823469	0.0	2005399	26	4.3
1527141970.88	4300	59.747927	0.0	2152483	8	4.3
1527141975.0	4300	59.99821	0.0	2289689	26	4.3
