1527293522.41	750	4	0.028	2354772	7	-0.12039999999999995
1527293522.62	4300	7.957516	0.0	2123065	23	0.75
1527293522.77	4300	11.758076	0.0	2177073	19	4.3
1527293522.9	4300	15.624107	0.0	2160877	16	4.3
1527293523.02	4300	19.506996	0.0	2233056	8	4.3
1527293523.14	4300	23.385231	0.0	1941625	9	4.3
1527293523.26	4300	27.264894	0.0	2157535	7	4.3
1527293523.38	4300	31.147003	0.0	2290172	7	4.3
1527293523.49	4300	35.030796	0.0	2055469	6	4.3
1527293523.64	4300	38.888134	0.0	2169201	16	4.3
1527293523.76	4300	42.765921	0.0	2173522	10	4.3
1527293523.89	4300	46.635172	0.0	2102452	15	4.3
1527293524.01	4300	50.513967	0.0	2209463	8	4.3
1527293524.14	4300	54.388387	0.0	2275376	9	4.3
1527293524.26	4300	58.264477	0.0	2005399	7	4.3
1527293526.89	4300	59.749244	0.0	2152483	8	4.3
1527293530.56	4300	59.998117	0.0	2289689	25	4.3
1527293534.72	4300	59.998096	0.0	2059512	22	4.3
1527293538.88	4300	59.749653	0.0	2220726	23	4.3
1527293542.55	4300	59.997883	0.0	2156729	24	4.3
1527293546.71	4300	59.99863	0.0	2039773	23	4.3
1527293550.86	4300	59.748291	0.0	2176469	20	4.3
1527293555.02	4300	59.99918	0.0	2221506	24	4.3
1527293558.68	4300	59.998619	0.0	2044075	23	4.3
1527293562.83	4300	59.749292	0.0	2186790	21	4.3
1527293566.99	4300	59.749065	0.0	2105231	24	4.3
1527293571.14	4300	59.497803	0.0	2395588	16	4.3
1527293574.87	4300	59.749291	0.0	1972048	23	4.3
1527293579.03	4300	59.748907	0.0	2134614	24	4.3
1527293582.81	4300	59.999316	0.0	2164140	26	4.3
1527293587.0	4300	59.997888	0.0	2113193	25	4.3
1527293591.15	4300	59.74754	0.0	2147852	21	4.3
1527293594.93	4300	59.749332	0.0	2191074	25	4.3
1527293598.58	4300	59.997604	0.0	2286761	19	4.3
1527293603.24	4300	59.49932	0.0	2307787	19	4.3
1527293606.9	4300	59.9973	0.0	2143948	24	4.3
1527293611.06	4300	59.748591	0.0	1919781	22	4.3
1527293614.72	4300	59.998777	0.0	2147467	23	4.3
1527293618.9	4300	59.998481	0.0	2133870	49	4.3
1527293622.56	4300	59.999126	0.0	2146120	26	4.3
1527293626.72	4300	59.998339	0.0	2108491	22	4.3
1527293630.88	4300	59.74921	0.0	2184571	22	4.3
1527293635.04	4300	59.498571	0.0	2121928	24	4.3
1527293639.23	4300	59.498488	0.0	2219102	23	4.3
1527293642.89	4300	59.998374	0.0	2124950	21	4.3
1527293647.05	4300	59.498528	0.0	2246506	25	4.3
1527293651.18	4300	59.498473	0.0	1961140	20	4.3
1527293654.82	4300	59.747599	0.0	2155012	21	4.3
1527293656.94	4300	59.67895	0.0	1433658	14	4.3

1527293657.23	750	4	0.015	668286	3	-0.0645
1527293657.4	4300	7.942552	0.0	2123065	23	0.75
1527293657.55	4300	11.788778	0.0	2177073	25	4.3
1527293657.69	4300	15.647268	0.0	2160877	14	4.3
1527293657.85	4300	19.488783	0.0	2233056	19	4.3
1527293657.98	4300	23.360791	0.0	1941625	10	4.3
1527293658.12	4300	27.219975	0.0	2157535	18	4.3
1527293658.25	4300	31.090952	0.0	2290172	13	4.3
1527293658.39	4300	34.948762	0.0	2055469	20	4.3
1527293658.57	4300	38.770267	0.0	2169201	21	4.3
1527293658.7	4300	42.637633	0.0	2173522	14	4.3
1527293658.85	4300	46.493796	0.0	2102452	20	4.3
1527293658.98	4300	50.360071	0.0	2209463	15	4.3
1527293659.1	4300	54.239467	0.0	2275376	9	4.3
1527293659.26	4300	58.086371	0.0	2005399	25	4.3
1527293661.9	4300	59.748125	0.0	2152483	18	4.3
1527293666.07	4300	59.499557	0.0	2289689	17	4.3
1527293669.72	4300	59.749539	0.0	2059512	21	4.3
1527293673.88	4300	59.749425	0.0	2220726	26	4.3
1527293677.61	4300	59.999284	0.0	2156729	23	4.3
1527293681.76	4300	59.748833	0.0	2039773	16	4.3
1527293685.42	4300	59.999435	0.0	2176469	26	4.3
1527293689.58	4300	59.994961	0.0	2221506	24	4.3
1527293693.71	4300	59.749196	0.0	2044075	8	4.3
1527293697.38	4300	59.999217	0.0	2186790	23	4.3
1527293702.05	4300	59.747725	0.0	2105231	23	4.3
1527293705.71	4300	59.99807	0.0	2395588	19	4.3
1527293709.86	4300	59.748102	0.0	1972048	21	4.3
1527293713.52	4300	59.999151	0.0	2134614	24	4.3
1527293717.69	4300	59.748512	0.0	2164140	24	4.3
1527293721.35	4300	59.999182	0.0	2113193	23	4.3
1527293725.52	4300	59.997507	0.0	2147852	25	4.3
1527293729.68	4300	59.747671	0.0	2191074	20	4.3
1527293733.84	4300	59.748485	0.0	2286761	24	4.3
1527293738.0	4300	59.748912	0.0	2307787	24	4.3
1527293741.65	4300	59.998832	0.0	2143948	18	4.3
1527293745.8	4300	59.997829	0.0	1919781	20	4.3
1527293749.97	4300	59.748931	0.0	2147467	22	4.3
1527293753.62	4300	59.749403	0.0	2133870	21	4.3
1527293757.78	4300	59.99854	0.0	2146120	22	4.3
1527293761.94	4300	59.748994	0.0	2108491	25	4.3
1527293765.58	4300	59.998556	0.0	2184571	16	4.3
1527293769.74	4300	59.749332	0.0	2121928	23	4.3
1527293773.9	4300	59.497634	0.0	2219102	24	4.3
1527293778.05	4300	59.748065	0.0	2124950	20	4.3
