1528186558.68	1000	59.999235	0.0	598727	529	1.0
1528186562.76	1000	59.750135	0.0	487812	330	1.0
1528186566.84	1000	59.75063	0.0	575591	307	1.0
1528186570.63	1000	59.99877	0.0	605884	504	1.0
1528186574.75	1000	59.751169	0.0	587506	903	1.0
1528186578.63	1000	59.996347	0.0	566904	635	1.0
1528186583.15	1000	59.501063	0.0	641452	813	1.0
1528186586.86	1000	59.750091	0.0	599477	632	1.0
1528186591.25	1000	59.500636	0.0	634861	2025	1.0
1528186594.87	1000	59.750562	0.0	630203	918	1.0
1528186599.18	1000	59.498763	0.0	638661	2116	1.0
1528186602.88	1000	59.7495	0.0	538612	451	1.0
1528186607.15	1000	59.499338	0.0	550906	1434	1.0
1528186608.28	1000	59.897657	0.0	391450	857	1.0
1528186715.57	600	3.998454	0.503	450283	849	-1.9628999999999999
1528186718.51	2000	5.055424	0.0	957685	2665	0.6000000000000001
1528186721.25	2000	6.313982	0.0	877771	2538	2.0
1528186723.4	2000	8.176362	0.0	933276	1947	2.0
1528186726.46	2000	9.102575	0.0	996749	2854	2.0
1528186728.9	2000	10.664365	0.0	801058	2236	2.0
1528186732.38	2000	11.178	0.0	905515	3264	2.0
1528186734.49	2000	13.074734	0.0	1060487	1903	2.0
1528186736.7	2000	14.863176	0.0	852833	2023	2.0
1528186739.09	2000	16.477678	0.0	913888	2202	2.0
1528186741.21	2000	18.358026	0.0	939819	1907	2.0
1528186742.76	1000	20.83247	0.0	594078	1175	0.0
1528186745.35	2000	22.236986	0.0	946851	2370	1.0
1528186747.58	2000	24.02057	0.0	1036454	2006	2.0
1528186749.28	2000	26.309362	0.0	821631	1487	2.0
1528186750.45	1000	29.141224	0.0	587876	951	0.0
1528186751.47	1000	32.120749	0.0	617242	823	1.0
1528186752.49	1000	35.09615	0.0	581493	820	1.0
1528186753.33	1000	38.284786	0.0	639204	614	1.0
1528186753.92	1000	41.662564	0.0	586839	392	1.0
1528186754.47	1000	45.119487	0.0	601738	366	1.0
1528186755.34	1000	48.242119	0.0	616206	685	1.0
1528186756.27	1000	51.328319	0.0	656471	709	1.0
1528186757.06	1000	54.53153	0.0	536667	609	1.0
1528186758.28	1000	57.321265	0.0	587236	1018	1.0
1528186759.95	1000	59.791613	0.0	590335	948	1.0
1528186764.28	1000	59.542561	0.0	696376	1596	1.0
