1527448241.58	750	3.998135	0.377	668286	299	-1.6211
1527448242.64	4300	6.938339	0.0	2123065	800	0.75
1527448243.49	4300	10.085803	0.0	2177073	639	4.3
1527448244.4	4300	13.18056	0.0	2160877	722	4.3
1527448245.59	4300	15.982219	0.0	2233056	990	4.3
1527448246.44	4300	19.134965	0.0	1941625	654	4.3
1527448247.42	4300	22.164649	0.0	2157535	781	4.3
1527448248.97	4300	24.625946	0.0	2290172	1344	4.3
1527448249.72	4300	27.842498	0.0	2055469	552	4.3
1527448250.64	4300	30.94325	0.0	2169201	718	4.3
1527448251.42	4300	34.162899	0.0	2173522	564	4.3
1527448252.11	4300	37.47128	0.0	2102452	494	4.3
1527448253.2	4300	40.381474	0.0	2209463	846	4.3
1527448254.1	4300	43.488661	0.0	2275376	664	4.3
1527448254.82	4300	46.762186	0.0	2005399	501	4.3
1527448255.71	4300	49.875992	0.0	2152483	689	4.3
1527448256.65	4300	52.933601	0.0	2289689	734	4.3
1527448257.47	4300	56.112125	0.0	2059512	621	4.3
1527448258.36	4300	59.211261	0.0	2220726	682	4.3
1527448261.77	4300	59.998733	0.0	2156729	685	4.3
1527448266.32	4300	59.50062	0.0	2039773	833	4.3
1527448270.24	4300	59.499614	0.0	2176469	701	4.3
1527448274.13	4300	59.498463	0.0	2221506	666	4.3
1527448277.94	4300	59.750132	0.0	2044075	621	4.3
1527448281.9	4300	59.750034	0.0	2186790	723	4.3
1527448285.88	4300	59.747692	0.0	2105231	803	4.3
1527448290.09	4300	59.7503	0.0	2395588	970	4.3
1527448294.28	4300	59.500597	0.0	1972048	943	4.3
1527448298.22	4300	59.500391	0.0	2134614	1238	4.3
1527448301.86	4300	59.75023	0.0	2164140	916	4.3
1527448306.33	4300	59.500499	0.0	2113193	762	4.3
1527448310.3	4300	59.498548	0.0	2147852	765	4.3
1527448313.97	4300	59.749839	0.0	2191074	899	4.3
1527448318.2	4300	59.500517	0.0	2286761	1028	4.3
