1528185825.3	1000	59.749888	0.0	598727	865	1.0
1528185829.11	1000	59.99931	0.0	487812	607	1.0
1528185833.24	1000	59.749741	0.0	575591	951	1.0
1528185837.65	1000	59.498849	0.0	605884	700	1.0
1528185841.41	1000	59.749733	0.0	587506	557	1.0
1528185845.37	1000	59.632503	0.0	566904	712	1.0
1528185849.44	1000	59.633551	0.0	641452	866	1.0
1528185853.47	1000	59.632962	0.0	599477	1340	1.0
1528185857.28	1000	59.88348	0.0	634861	2061	1.0
1528185861.33	1000	59.882107	0.0	630203	346	1.0
1528185865.54	1000	59.632804	0.0	638661	990	1.0
1528185869.55	1000	59.633478	0.0	538612	814	1.0
1528185873.35	1000	59.882193	0.0	550906	2588	1.0
1528185875.26	1000	59.405819	0.0	391450	1605	1.0
1528185997.89	600	3.998866	4.026	450283	4695	-17.111799999999995
1528185999.69	2000	6.157279	0.0	957685	1348	0.6000000000000001
1528186001.16	1000	8.658852	0.0	571051	1168	0.0
1528186002.29	1000	11.511577	0.0	617681	934	1.0
1528186003.33	1000	14.490148	0.0	652874	842	1.0
1528186003.94	1000	17.848693	0.0	520315	452	1.0
1528186008.45	1000	18.656088	0.0	561791	3025	1.0
1528186011.66	2000	18.093237	0.0	1060487	3059	1.0
1528186014.1	2000	19.701206	0.0	852833	2253	2.0
1528186016.38	2000	21.418031	0.0	913888	2078	2.0
1528186017.52	2000	24.286054	0.0	939819	931	2.0
1528186018.48	1000	27.326803	0.0	594078	748	0.0
1528186019.82	1000	29.991277	0.0	624282	1075	1.0
1528186021.11	1000	32.694478	0.0	687371	1096	1.0
1528186021.78	1000	36.109781	0.0	526950	399	1.0
1528186024.06	1000	37.815933	0.0	587876	993	1.0
1528186024.94	1000	40.935228	0.0	617242	660	1.0
1528186025.85	1000	44.047262	0.0	581493	663	1.0
1528186026.47	1000	47.408805	0.0	639204	420	1.0
1528186027.06	1000	50.819216	0.0	586839	395	1.0
1528186027.72	1000	54.151589	0.0	601738	465	1.0
1528186028.26	1000	57.603614	0.0	616206	366	1.0
1528186029.92	1000	59.964275	0.0	656471	449	1.0
1528186033.92	1000	59.964279	0.0	536667	293	1.0
1528186038.11	1000	59.964982	0.0	587236	456	1.0
1528186041.96	1000	59.963745	0.0	590335	650	1.0
1528186045.95	1000	59.965045	0.0	696376	792	1.0
1528186050.0	1000	59.964922	0.0	487160	320	1.0
1528186053.98	1000	59.964619	0.0	622896	276	1.0
1528186058.3	1000	59.715005	0.0	641447	631	1.0
1528186062.39	1000	59.714295	0.0	570392	405	1.0
1528186066.12	1000	59.963942	0.0	620283	1506	1.0
1528186072.93	1000	59.964565	0.0	584349	1201	1.0
1528186076.77	1000	57.058649	0.0	670129	3195	1.0
1528186079.24	1000	58.632278	0.0	690253	2241	1.0
