1528190402.31	2000	23.083602	0.0	943942	3701	2.0
1528190406.73	3000	22.632544	0.0	1139291	4205	2.0
1528190414.21	3000	19.156282	0.0	1499009	7283	3.0
1528190421.02	3000	16.347086	0.0	1427478	6154	3.0
1528190450.35	3000	4.497805	6.556	1402287	22188	-25.1908
1528190478.18	1000	4.030332	26.269	566904	17343	-113.9567
1528190478.89	350	7.296625	0.0	161857	432	-0.30000000000000004
1528190480.73	1000	9.518304	0.0	599477	139	0.35
1528190483.01	1000	12.255527	0.0	634861	983	1.0
1528190485.73	1000	12.403578	0.0	630203	1813	1.0
1528190487.35	1000	14.860413	0.0	638661	1373	1.0
1528190488.85	1000	17.354122	0.0	538612	1249	1.0
1528190490.42	1000	19.784649	0.0	550906	1351	1.0
1528190492.11	1000	19.742857	0.0	391450	1490	1.0
