1527460252.45	750	4	1.221	2354772	1088	-5.2503
1527460253.53	4300	7.118571	0.0	2123065	781	0.75
1527460254.56	4300	10.094524	0.0	2177073	740	4.3
1527460255.61	4300	13.055883	0.0	2160877	755	4.3
1527460256.73	4300	15.929175	0.0	2233056	825	4.3
1527460257.77	4300	18.88726	0.0	1941625	759	4.3
1527460258.81	4300	21.854185	0.0	2157535	743	4.3
1527460259.9	4300	24.742544	0.0	2290172	812	4.3
1527460260.85	4300	27.780475	0.0	2055469	680	4.3
1527460262.04	4300	30.628187	0.0	2169201	893	4.3
1527460263.13	4300	33.523953	0.0	2173522	793	4.3
1527460264.08	4300	36.569796	0.0	2102452	668	4.3
1527460265.13	4300	39.548297	0.0	2209463	735	4.3
1527460266.19	4300	42.454097	0.0	2275376	777	4.3
1527460267.28	4300	45.374853	0.0	2005399	787	4.3
1527460268.36	4300	48.291026	0.0	2152483	797	4.3
1527460269.47	4300	51.18494	0.0	2289689	800	4.3
1527460270.56	4300	54.093529	0.0	2059512	790	4.3
1527460271.65	4300	56.998719	0.0	2220726	810	4.3
1527460272.69	4300	59.960401	0.0	2156729	737	4.3
1527460277.28	4300	59.499919	0.0	2039773	723	4.3
1527460281.38	4300	59.498392	0.0	2176469	736	4.3
1527460285.16	4300	59.750141	0.0	2221506	906	4.3
1527460289.04	4300	59.750157	0.0	2044075	1036	4.3
1527460292.81	4300	59.998819	0.0	2186790	886	4.3
1527460296.73	4300	59.99819	0.0	2105231	1043	4.3
1527460301.21	4300	59.749723	0.0	2395588	955	4.3
1527460305.01	4300	59.749087	0.0	1972048	895	4.3
1527460308.88	4300	59.999014	0.0	2134614	1017	4.3
1527460313.08	4300	59.749669	0.0	2164140	879	4.3
1527460317.34	4300	59.498924	0.0	2113193	876	4.3
1527460321.02	4300	59.749698	0.0	2147852	802	4.3
1527460325.37	4300	59.700577	0.0	2191074	1030	4.3
1527460329.1	4300	59.981857	0.0	2286761	862	4.3
1527460333.48	4300	59.732199	0.0	2307787	980	4.3
1527460337.36	4300	59.73124	0.0	2143948	884	4.3
1527460341.04	4300	59.981862	0.0	1919781	822	4.3
1527460345.28	4300	59.981358	0.0	2147467	827	4.3
1527460349.09	4300	59.981463	0.0	2133870	988	4.3
1527460353.33	4300	59.731506	0.0	2146120	846	4.3
1527460357.09	4300	59.981772	0.0	2108491	913	4.3
1527460361.52	4300	59.730827	0.0	2184571	1019	4.3
1527460365.36	4300	59.731817	0.0	2121928	943	4.3
1527460369.52	4300	59.732079	0.0	2219102	1237	4.3
1527460373.45	4300	59.731659	0.0	2124950	1042	4.3
1527460377.26	4300	59.731612	0.0	2246506	959	4.3
1527460381.06	4300	59.982096	0.0	1961140	968	4.3
1527460385.37	4300	59.731783	0.0	2155012	955	4.3
1527460386.99	4300	59.912428	0.0	1433658	765	4.3

1527460388.78	750	4	0.654	668286	526	-2.8122
1527460390.13	4300	6.836821	0.0	2123065	974	0.75
1527460391.32	4300	9.646578	0.0	2177073	884	4.3
1527460392.44	4300	12.518978	0.0	2160877	833	4.3
1527460393.66	4300	15.303554	0.0	2233056	929	4.3
1527460394.68	4300	18.306845	0.0	1941625	701	4.3
1527460395.8	4300	21.175438	0.0	2157535	816	4.3
1527460397.05	4300	23.922528	0.0	2290172	955	4.3
1527460398.19	4300	26.781823	0.0	2055469	845	4.3
1527460399.34	4300	29.633575	0.0	2169201	848	4.3
1527460400.65	4300	32.313263	0.0	2173522	1025	4.3
1527460401.86	4300	35.106835	0.0	2102452	925	4.3
1527460402.99	4300	37.969845	0.0	2209463	850	4.3
1527460404.02	4300	40.937927	0.0	2275376	755	4.3
1527460405.23	4300	43.751122	0.0	2005399	882	4.3
1527460406.49	4300	46.489871	0.0	2152483	950	4.3
1527460407.77	4300	49.204607	0.0	2289689	988	4.3
1527460408.83	4300	52.126598	0.0	2059512	765	4.3
1527460410.08	4300	54.897167	0.0	2220726	923	4.3
1527460411.3	4300	57.662656	0.0	2156729	934	4.3
1527460413.53	4300	59.748265	0.0	2039773	836	4.3
1527460417.4	4300	59.74826	0.0	2176469	1020	4.3
1527460421.26	4300	59.997927	0.0	2221506	985	4.3
1527460425.41	4300	59.748552	0.0	2044075	811	4.3
1527460429.28	4300	59.998015	0.0	2186790	989	4.3
1527460433.42	4300	59.749023	0.0	2105231	811	4.3
1527460437.73	4300	59.499038	0.0	2395588	907	4.3
1527460441.34	4300	59.748303	0.0	1972048	714	4.3
1527460445.13	4300	59.997873	0.0	2134614	803	4.3
1527460449.37	4300	59.749589	0.0	2164140	851	4.3
1527460453.14	4300	59.927172	0.0	2113193	877	4.3
1527460457.49	4300	59.748123	0.0	2147852	1003	4.3
1527460461.12	4300	59.998682	0.0	2191074	833	4.3
1527460465.44	4300	59.748429	0.0	2286761	943	4.3
1527460469.36	4300	59.748752	0.0	2307787	1037	4.3
1527460473.02	4300	59.998296	0.0	2143948	807	4.3
1527460477.63	4300	59.583306	0.0	1919781	769	4.3
1527460481.29	4300	59.832232	0.0	2147467	752	4.3
1527460485.55	4300	59.581519	0.0	2133870	907	4.3
1527460489.45	4300	59.739475	0.0	2146120	1428	4.3
1527460493.6	4300	59.741086	0.0	2108491	790	4.3
1527460497.42	4300	59.740987	0.0	2184571	922	4.3
1527460501.28	4300	59.991037	0.0	2121928	929	4.3
1527460505.54	4300	59.73943	0.0	2219102	916	4.3
1527460509.39	4300	59.99094	0.0	2124950	940	4.3
1527460513.21	4300	59.989462	0.0	2246506	909	4.3
1527460517.38	4300	59.739499	0.0	1961140	830	4.3
1527460521.63	4300	59.741253	0.0	2155012	833	4.3
1527460523.04	4300	59.91934	0.0	1433658	565	4.3

1527460524.37	750	4	0.354	668286	256	-1.5222
1527460525.48	4300	7.086429	0.0	2123065	737	0.75
1527460526.86	4300	9.706707	0.0	2177073	1081	4.3
1527460527.92	4300	12.649207	0.0	2160877	759	4.3
1527460529.04	4300	15.548364	0.0	2233056	802	4.3
1527460529.95	4300	18.620056	0.0	1941625	618	4.3
1527460530.96	4300	21.607015	0.0	2157535	723	4.3
1527460532.11	4300	24.453551	0.0	2290172	885	4.3
1527460533.15	4300	27.439601	0.0	2055469	726	4.3
1527460534.32	4300	30.25824	0.0	2169201	857	4.3
1527460535.4	4300	33.173634	0.0	2173522	746	4.3
1527460536.5	4300	36.078918	0.0	2102452	803	4.3
1527460537.81	4300	38.755537	0.0	2209463	1023	4.3
1527460538.91	4300	41.677512	0.0	2275376	798	4.3
1527460540.11	4300	44.460389	0.0	2005399	910	4.3
1527460541.21	4300	47.367255	0.0	2152483	812	4.3
1527460542.35	4300	50.218044	0.0	2289689	835	4.3
1527460543.54	4300	53.058247	0.0	2059512	847	4.3
1527460544.69	4300	55.871884	0.0	2220726	870	4.3
1527460545.78	4300	58.785117	0.0	2156729	813	4.3
1527460548.91	4300	59.747622	0.0	2039773	790	4.3
1527460552.68	4300	59.998836	0.0	2176469	891	4.3
1527460557.09	4300	59.74934	0.0	2221506	1008	4.3
1527460560.75	4300	59.998472	0.0	2044075	744	4.3
1527460564.9	4300	59.747564	0.0	2186790	796	4.3
1527460569.53	4300	59.572091	0.0	2105231	1138	4.3
1527460573.42	4300	59.573042	0.0	2395588	999	4.3
