1527459721.34	750	4	1.007	2354772	856	-4.3301
1527459722.3	1850	7.258212	0.0	957685	557	0.75
1527459722.93	1850	10.599744	0.0	877771	357	1.85
1527459723.98	4300	13.541469	0.0	2160877	787	1.8499999999999996
1527459725.19	4300	16.341224	0.0	2233056	956	4.3
1527459726.22	4300	19.3383	0.0	1941625	763	4.3
1527459727.29	4300	22.23943	0.0	2157535	827	4.3
1527459728.49	4300	25.049661	0.0	2290172	896	4.3
1527459729.42	4300	28.124995	0.0	2055469	664	4.3
1527459730.86	4300	30.689333	0.0	2169201	1123	4.3
1527459731.91	4300	33.637759	0.0	2173522	786	4.3
1527459732.94	4300	36.59955	0.0	2102452	780	4.3
1527459733.9	4300	39.654433	0.0	2209463	693	4.3
1527459734.93	4300	42.609725	0.0	2275376	780	4.3
1527459735.99	4300	45.540957	0.0	2005399	803	4.3
1527459737.13	4300	48.389788	0.0	2152483	923	4.3
1527459738.37	4300	51.170351	0.0	2289689	986	4.3
1527459739.35	4300	54.187239	0.0	2059512	736	4.3
1527459740.56	4300	56.965525	0.0	2220726	958	4.3
1527459741.67	4300	59.862668	0.0	2156729	850	4.3
1527459745.75	4300	59.965901	0.0	2039773	677	4.3
1527459750.08	4300	59.715547	0.0	2176469	897	4.3
1527459754.09	4300	59.714643	0.0	2221506	2038	4.3
1527459757.69	4300	59.965286	0.0	2044075	1861	4.3
1527459762.15	4300	59.71396	0.0	2186790	1933	4.3
1527459765.93	4300	59.714996	0.0	2105231	1983	4.3
1527459769.68	4300	59.964043	0.0	2395588	1446	4.3
1527459773.67	4300	59.965825	0.0	1972048	1762	4.3
1527459777.83	4300	59.96432	0.0	2134614	803	4.3
1527459782.06	4300	59.715871	0.0	2164140	915	4.3
1527459785.78	4300	59.965717	0.0	2113193	862	4.3
1527459789.99	4300	59.715911	0.0	2147852	920	4.3
1527459793.78	4300	59.964421	0.0	2191074	932	4.3
1527459798.06	4300	59.715841	0.0	2286761	962	4.3
1527459801.86	4300	59.965805	0.0	2307787	980	4.3
1527459805.6	4300	59.965384	0.0	2143948	960	4.3
1527459809.77	4300	59.964177	0.0	1919781	903	4.3
1527459814.07	4300	59.715377	0.0	2147467	852	4.3
1527459817.94	4300	59.715486	0.0	2133870	1142	4.3
1527459821.65	4300	59.965655	0.0	2146120	919	4.3
1527459825.92	4300	59.715252	0.0	2108491	831	4.3
1527459830.26	4300	59.715269	0.0	2184571	865	4.3
1527459833.85	4300	59.715652	0.0	2121928	842	4.3
1527459837.83	4300	59.964843	0.0	2219102	1003	4.3
1527459842.01	4300	59.715472	0.0	2124950	1829	4.3
1527459845.85	4300	59.978723	0.0	2246506	1989	4.3
1527459849.98	4300	59.98012	0.0	1961140	823	4.3
1527459854.21	4300	59.72945	0.0	2155012	788	4.3
1527459855.75	4300	59.910048	0.0	1433658	540	4.3

1527459857.23	750	4	0.347	668286	241	-1.4921
1527459858.41	4300	6.973172	0.0	2123065	812	0.75
1527459859.53	4300	9.851945	0.0	2177073	855	4.3
1527459860.67	4300	12.720628	0.0	2160877	890	4.3
1527459861.74	4300	15.657743	0.0	2233056	785	4.3
1527459862.88	4300	18.533268	0.0	1941625	859	4.3
1527459863.99	4300	21.385569	0.0	2157535	873	4.3
1527459865.19	4300	24.211524	0.0	2290172	940	4.3
1527459866.46	4300	26.924997	0.0	2055469	1014	4.3
1527459867.51	4300	29.885644	0.0	2169201	789	4.3
1527459868.72	4300	32.716	0.0	2173522	893	4.3
1527459869.61	4300	35.762403	0.0	2102452	653	4.3
1527459870.65	4300	38.723799	0.0	2209463	797	4.3
1527459871.63	4300	41.768898	0.0	2275376	720	4.3
1527459872.75	4300	44.636073	0.0	2005399	908	4.3
1527459873.74	4300	47.652143	0.0	2152483	741	4.3
1527459874.85	4300	50.563405	0.0	2289689	804	4.3
1527459875.82	4300	53.586599	0.0	2059512	709	4.3
1527459876.8	4300	56.608381	0.0	2220726	715	4.3
1527459878.01	4300	59.39605	0.0	2156729	940	4.3
1527459881.65	4300	59.997712	0.0	2039773	748	4.3
1527459885.93	4300	59.747889	0.0	2176469	912	4.3
1527459889.57	4300	59.999213	0.0	2221506	821	4.3
1527459893.72	4300	59.997852	0.0	2044075	779	4.3
1527459897.61	4300	59.998016	0.0	2186790	905	4.3
1527459901.72	4300	59.749547	0.0	2105231	860	4.3
1527459905.59	4300	59.997666	0.0	2395588	973	4.3
1527459909.73	4300	59.999453	0.0	1972048	769	4.3
1527459914.0	4300	59.749344	0.0	2134614	845	4.3
1527459917.69	4300	59.998818	0.0	2164140	796	4.3
1527459921.87	4300	59.749757	0.0	2113193	788	4.3
1527459925.67	4300	59.998141	0.0	2147852	859	4.3
1527459929.77	4300	59.748876	0.0	2191074	779	4.3
1527459933.58	4300	59.998128	0.0	2286761	1004	4.3
1527459937.86	4300	59.749493	0.0	2307787	864	4.3
1527459941.65	4300	59.999049	0.0	2143948	846	4.3
1527459945.74	4300	59.998408	0.0	1919781	697	4.3
1527459949.85	4300	59.749183	0.0	2147467	822	4.3
1527459953.52	4300	59.997995	0.0	2133870	822	4.3
1527459957.73	4300	59.749603	0.0	2146120	892	4.3
1527459961.86	4300	59.749161	0.0	2108491	818	4.3
1527459965.7	4300	59.99802	0.0	2184571	957	4.3
1527459969.6	4300	59.999431	0.0	2121928	1016	4.3
1527459973.6	4300	59.999416	0.0	2219102	953	4.3
1527459977.82	4300	59.749133	0.0	2124950	804	4.3
1527459982.33	4300	59.499604	0.0	2246506	924	4.3
1527459985.68	4300	59.748988	0.0	1961140	1536	4.3
1527459989.89	4300	59.737272	0.0	2155012	846	4.3
1527459991.26	4300	59.917236	0.0	1433658	577	4.3

1527459992.9	750	4	0.454	668286	328	-1.9521999999999997
1527459993.93	4300	7.116118	0.0	2123065	685	0.75
1527459994.94	4300	10.116417	0.0	2177073	761	4.3
1527459996.01	4300	13.0391	0.0	2160877	825	4.3
1527459997.17	4300	15.894057	0.0	2233056	913	4.3
1527459998.23	4300	18.814992	0.0	1941625	721	4.3
1527459999.29	4300	21.772842	0.0	2157535	816	4.3
1527460000.48	4300	24.571412	0.0	2290172	892	4.3
1527460001.43	4300	27.62093	0.0	2055469	702	4.3
1527460002.43	4300	30.637215	0.0	2169201	724	4.3
1527460003.35	4300	33.708049	0.0	2173522	684	4.3
1527460004.51	4300	36.55098	0.0	2102452	840	4.3
1527460005.51	4300	39.55892	0.0	2209463	709	4.3
1527460006.64	4300	42.422426	0.0	2275376	835	4.3
1527460007.6	4300	45.462395	0.0	2005399	718	4.3
1527460008.63	4300	48.430467	0.0	2152483	790	4.3
1527460009.66	4300	51.390206	0.0	2289689	789	4.3
1527460011.87	4300	53.181724	0.0	2059512	1825	4.3
1527460013.03	4300	56.046402	0.0	2220726	911	4.3
1527460014.04	4300	59.037051	0.0	2156729	754	4.3
1527460017.66	4300	59.509729	0.0	2039773	820	4.3
1527460021.58	4300	59.760423	0.0	2176469	2076	4.3
1527460025.92	4300	59.509479	0.0	2221506	1854	4.3
1527460029.66	4300	59.510107	0.0	2044075	1518	4.3
1527460033.71	4300	59.510773	0.0	2186790	1693	4.3
1527460037.39	4300	59.759248	0.0	2105231	858	4.3
1527460041.6	4300	59.759434	0.0	2395588	844	4.3
1527460045.79	4300	59.510697	0.0	1972048	744	4.3
1527460049.39	4300	59.760803	0.0	2134614	811	4.3
1527460053.59	4300	59.759606	0.0	2164140	806	4.3
1527460057.75	4300	59.510974	0.0	2113193	831	4.3
1527460061.43	4300	59.759674	0.0	2147852	888	4.3
1527460065.57	4300	59.759208	0.0	2191074	868	4.3
1527460069.36	4300	59.759781	0.0	2286761	987	4.3
1527460073.74	4300	59.509074	0.0	2307787	1018	4.3
1527460077.84	4300	59.510929	0.0	2143948	777	4.3
1527460081.53	4300	59.760889	0.0	1919781	849	4.3
1527460085.69	4300	59.627904	0.0	2147467	871	4.3
1527460089.56	4300	59.876492	0.0	2133870	1008	4.3
1527460093.26	4300	59.877131	0.0	2146120	947	4.3
